67 68 68 69 72 71 72 73 72 73 75 74 74 75 77 78 77 77 75 74 73 68 65 62 59 59 58 57 56 57 60 61 61 60 60 60 60 58 57 59 57 54 58 58 56 56 56 53 52 53 54 54 54 54 56 57 57 46 29 16 18 16 15 14 14 14 14 15 17 18 20 22 22 23 24 25 24 24 25 25 26 26 
53 54 57 58 59 59 60 61 63 64 66 66 66 66 68 68 67 68 68 68 67 66 60 56 57 58 58 57 58 60 61 64 64 61 58 58 57 54 58 60 57 56 57 57 56 56 57 54 53 53 52 54 54 56 56 54 53 49 35 18 19 16 16 15 14 15 15 16 18 19 20 22 23 24 23 24 24 25 25 26 26 26 
38 39 40 43 44 44 45 46 47 49 50 50 50 51 53 57 54 54 54 54 56 61 57 50 52 53 54 54 58 60 63 63 65 68 68 70 67 59 58 59 56 51 50 52 53 56 56 50 52 53 53 54 54 54 54 54 54 53 45 30 22 17 16 16 14 15 16 16 19 20 20 22 23 24 23 24 24 25 25 26 26 26 
26 26 28 29 30 30 31 32 32 33 35 35 35 36 39 46 42 42 42 43 47 53 49 47 57 54 61 64 66 75 96 109 110 122 135 135 132 125 118 113 108 104 101 88 68 60 58 51 51 52 53 53 54 54 54 54 54 53 49 38 26 17 17 16 14 15 17 17 19 19 19 21 22 22 23 23 23 25 25 26 26 26 
22 22 23 23 24 24 24 25 24 25 26 26 28 26 31 37 29 33 38 39 43 40 40 59 70 64 70 90 108 137 173 196 201 208 223 222 221 219 213 202 201 205 196 175 136 99 81 66 53 53 53 54 54 54 54 54 54 53 49 43 30 17 20 17 14 16 17 18 19 19 19 21 22 22 23 23 23 25 26 26 26 26 
19 20 20 20 23 22 21 18 24 23 17 19 26 26 29 36 37 38 42 42 43 47 53 60 73 91 123 157 189 214 232 252 248 251 253 254 254 254 253 250 249 248 244 231 201 165 131 100 74 53 58 58 56 54 56 56 54 53 49 39 37 36 23 17 15 16 17 17 18 18 18 21 21 22 22 22 23 24 25 25 26 26 
18 19 22 18 20 23 19 22 23 24 23 28 35 40 39 49 38 42 46 47 51 52 53 68 95 145 195 229 238 228 228 237 240 241 240 238 238 241 244 248 251 251 253 253 249 241 219 185 137 89 74 68 56 54 56 56 54 53 53 45 40 36 29 19 16 16 17 17 17 18 18 19 21 21 22 22 23 24 25 25 25 25 
19 20 21 21 22 25 25 26 28 33 39 43 47 54 53 64 49 53 57 59 59 68 83 110 148 192 210 199 179 152 144 158 163 169 168 168 169 174 181 188 199 207 213 223 233 247 249 237 210 167 118 76 58 57 56 56 56 54 51 49 42 32 28 21 17 17 17 17 17 18 18 19 19 21 21 21 23 24 24 25 25 25 
19 20 22 22 26 29 31 32 36 44 53 58 60 66 64 81 64 61 70 74 73 92 132 176 200 198 164 117 89 68 61 73 72 77 75 75 75 81 90 97 101 114 125 144 173 203 226 241 244 231 174 104 65 55 57 57 56 56 53 50 42 33 28 22 19 17 17 17 17 17 17 19 21 21 21 23 24 24 24 24 24 24 
19 22 25 26 30 33 40 44 47 54 64 72 74 75 71 95 84 72 77 85 106 145 190 228 216 159 94 45 32 27 25 29 31 31 32 29 30 31 37 39 38 43 51 68 95 123 157 187 215 234 217 156 84 57 60 59 58 57 54 52 45 38 32 23 19 19 16 16 17 17 19 19 19 22 22 22 24 25 26 26 25 24 
21 23 28 31 37 40 49 54 57 61 71 79 81 80 77 95 95 86 96 120 162 208 234 237 195 111 49 22 22 20 17 18 18 19 21 21 22 22 23 23 24 24 28 33 40 52 77 103 132 169 210 188 110 63 57 59 58 58 56 56 53 45 37 26 20 19 16 16 16 16 18 18 18 19 19 21 22 22 24 24 24 24 
24 27 32 37 44 50 58 64 64 70 74 80 80 80 77 88 92 96 136 184 222 245 241 213 159 82 31 23 22 19 16 14 15 15 15 16 16 17 17 17 18 18 21 21 21 26 37 52 65 100 167 194 138 72 57 59 57 57 57 57 57 48 39 29 23 20 18 16 17 17 18 18 18 18 19 22 23 23 22 22 22 23 
29 30 36 43 50 56 64 67 65 71 71 78 75 77 81 89 86 117 187 233 250 252 233 179 115 54 25 21 18 16 14 11 12 12 12 14 12 11 11 11 11 14 16 17 18 24 29 33 38 72 137 183 152 81 57 60 54 56 57 57 55 50 41 33 23 20 16 15 16 17 17 17 17 19 19 22 22 23 22 21 21 22 
25 30 39 45 56 58 61 66 64 65 61 68 67 67 80 92 101 151 230 253 253 241 201 138 73 35 23 18 15 14 12 11 10 10 10 11 10 8 8 9 9 14 14 15 16 18 23 26 30 59 115 160 144 84 56 60 57 57 57 57 54 50 43 32 22 21 16 16 15 15 17 17 18 19 19 21 22 22 21 21 20 23 
29 31 38 43 50 53 56 59 57 57 54 56 53 51 63 75 105 180 247 255 253 222 159 95 49 28 21 17 15 14 12 11 10 11 11 11 10 10 10 10 11 12 11 12 12 15 19 23 27 43 92 141 129 79 54 59 58 58 58 57 54 51 44 33 26 24 18 15 16 16 16 18 19 19 19 19 22 22 19 18 22 22 
35 36 38 40 43 44 46 48 46 46 45 45 40 39 50 64 93 186 243 253 247 202 122 64 33 25 18 16 14 14 12 12 11 12 12 12 11 12 11 11 10 10 11 12 12 12 17 19 23 30 71 128 128 82 58 59 58 58 57 57 54 51 46 38 34 32 24 18 17 17 16 17 18 18 19 18 17 18 20 20 22 22 
38 39 40 44 46 46 47 48 46 44 39 38 36 31 42 54 86 189 244 253 240 178 90 46 32 24 18 16 14 14 14 14 14 12 12 14 14 12 11 12 11 11 12 12 12 12 16 17 20 25 48 108 134 95 63 58 56 57 58 58 54 52 49 42 41 36 31 27 22 21 19 18 18 18 19 17 16 19 22 22 23 23 
43 46 46 49 49 47 49 49 50 47 40 37 35 31 38 51 75 180 238 249 227 153 70 40 32 24 19 15 14 14 14 12 14 14 15 15 14 12 12 12 12 11 11 11 12 13 16 17 20 26 38 87 138 122 75 58 57 57 58 58 53 52 51 45 42 39 38 37 33 30 28 24 22 21 21 19 22 25 24 25 25 23 
46 51 56 58 59 58 58 58 59 57 46 40 40 35 40 52 66 142 209 233 206 128 56 37 31 22 18 15 12 12 12 12 12 12 15 15 14 14 12 12 14 12 11 12 13 15 16 22 18 27 32 67 139 158 101 59 56 58 59 59 53 53 53 46 43 45 44 43 42 40 39 36 33 30 22 21 25 32 33 33 26 23 
45 51 58 63 67 67 65 65 66 62 51 45 44 40 44 54 61 103 167 208 184 107 45 32 24 18 17 14 12 12 12 12 14 14 15 15 14 14 14 12 14 14 13 13 15 17 18 21 23 30 30 49 116 158 117 65 54 58 58 58 54 54 52 49 44 45 43 43 42 43 46 43 40 40 34 29 29 33 36 36 25 21 
45 52 59 67 69 69 68 67 68 64 53 49 44 42 47 58 60 75 123 170 156 89 37 26 18 15 15 12 11 11 12 14 14 14 15 15 14 14 14 14 14 14 15 15 16 18 21 25 26 34 36 42 81 123 106 68 56 58 58 57 54 56 51 47 46 46 44 44 43 44 46 46 48 45 41 38 36 35 36 36 24 21 
45 51 61 68 70 70 68 67 67 61 55 51 43 42 49 57 59 61 89 137 141 92 43 23 17 16 14 12 13 13 15 15 15 13 12 12 14 12 12 14 15 15 17 18 19 20 23 26 26 33 36 38 58 97 106 73 57 58 58 58 54 54 52 49 46 45 44 43 44 45 45 45 43 44 43 44 39 37 33 29 24 18 
45 49 59 67 67 67 66 66 66 61 55 50 42 42 49 56 59 55 74 127 141 97 47 22 17 16 14 14 15 15 15 15 15 15 14 12 12 12 12 14 16 17 19 22 24 25 27 29 30 31 35 40 67 120 130 80 53 60 60 57 56 57 52 47 46 45 43 43 44 44 44 44 43 43 43 43 39 38 36 30 24 18 
45 46 58 66 66 65 65 65 65 60 57 50 42 42 49 56 58 55 66 109 130 97 46 22 18 17 16 16 15 15 15 15 15 15 14 14 14 14 15 16 19 23 23 26 29 30 31 31 33 33 39 45 72 132 147 90 53 59 60 58 56 57 54 47 46 44 43 43 43 43 43 43 43 42 42 40 41 41 37 29 26 20 
45 46 58 66 66 65 65 65 65 61 57 50 42 40 47 53 57 55 62 95 120 95 46 22 19 18 17 16 16 15 15 15 15 13 12 14 15 16 16 17 22 26 29 32 35 35 35 36 38 39 45 47 61 111 144 114 75 63 57 59 57 57 54 50 47 46 44 43 44 44 43 43 42 40 39 40 43 41 37 30 29 22 
45 46 58 65 65 65 65 65 64 60 54 49 43 40 46 53 56 56 58 82 111 96 51 23 18 18 17 16 16 16 16 16 15 14 14 14 15 18 18 17 22 29 33 36 37 38 38 38 39 40 44 44 49 80 129 143 114 80 60 58 58 57 53 50 49 46 44 44 44 44 43 43 44 43 43 44 46 45 40 31 33 25 
43 45 54 62 64 64 64 64 63 59 54 49 42 40 46 53 56 53 52 71 98 95 59 26 19 19 18 17 16 16 16 17 16 15 14 15 16 18 18 19 24 30 33 35 36 38 39 39 39 40 42 43 42 57 100 141 131 94 65 55 58 58 53 50 47 46 44 44 44 44 43 43 44 44 45 46 48 51 44 33 38 29 
43 44 53 62 64 64 64 63 63 59 53 49 42 39 45 52 54 54 52 57 77 89 70 38 23 20 18 16 16 15 14 14 14 14 12 15 18 18 17 19 26 31 31 33 35 37 39 39 39 42 44 45 45 51 67 106 114 88 65 58 58 57 52 49 47 46 45 45 43 44 43 43 45 46 48 50 53 54 47 37 40 31 
43 44 53 61 63 64 64 64 64 59 53 49 42 38 43 50 54 57 52 45 60 79 75 49 25 19 17 16 15 13 12 12 12 12 14 15 17 19 19 22 28 30 30 32 35 37 39 40 39 42 46 47 47 51 56 77 86 74 64 59 59 56 52 49 47 45 45 45 43 44 44 44 46 47 51 54 56 58 52 40 40 32 
43 44 52 59 61 61 63 64 63 59 53 46 39 38 43 50 53 57 52 46 53 65 65 58 35 19 17 16 14 12 13 13 12 12 12 14 16 18 23 26 30 31 31 32 35 37 38 39 41 43 45 46 48 51 56 63 65 61 59 59 59 56 52 50 47 46 44 44 43 44 45 44 46 48 50 54 57 58 56 56 39 30 
41 43 52 59 59 60 61 63 60 57 51 44 39 37 43 49 51 51 51 45 47 53 53 57 40 21 16 15 14 12 13 13 14 12 12 14 15 19 25 27 30 32 32 32 35 37 39 40 43 44 44 45 50 53 56 60 61 59 58 59 58 56 51 49 47 46 44 44 43 42 44 44 45 47 49 53 56 58 58 57 37 28 
40 42 52 60 59 59 60 60 60 56 49 43 40 37 40 46 47 47 48 46 47 52 55 55 45 29 19 16 12 12 14 14 15 13 14 15 16 21 24 26 30 32 31 32 35 38 41 43 44 45 45 47 50 56 59 61 61 59 58 58 59 57 51 49 48 47 45 43 43 40 42 43 44 45 50 55 58 58 58 57 36 25 
40 43 52 58 57 56 57 58 58 53 46 43 39 36 40 44 45 43 45 46 46 49 51 52 54 43 25 17 14 14 12 14 15 13 14 15 18 23 26 28 31 32 32 33 36 39 43 45 45 47 49 52 56 61 62 62 61 60 59 58 59 57 52 50 48 47 45 43 42 42 42 42 43 45 50 55 60 59 59 58 34 23 
38 40 47 53 53 54 54 57 54 49 44 42 39 37 40 43 44 44 44 44 46 49 51 52 53 53 37 22 16 14 15 13 14 14 14 16 19 24 28 30 32 36 35 36 39 42 44 46 47 47 53 59 66 71 68 65 63 60 58 58 58 57 52 49 47 46 44 42 42 42 42 42 43 45 50 55 58 58 60 58 32 19 
36 38 45 50 51 51 51 53 52 46 42 40 39 36 38 42 43 44 45 44 46 49 51 52 54 56 51 35 21 16 16 15 15 15 16 18 22 26 30 32 36 37 38 40 44 46 49 50 51 53 61 70 74 79 79 72 66 58 56 56 57 55 51 49 46 45 44 44 42 40 42 42 42 44 50 55 59 59 59 58 31 18 
36 37 43 46 48 48 48 50 50 45 42 40 37 33 36 42 43 44 46 46 49 50 52 53 54 57 60 51 33 21 16 17 17 18 19 22 26 30 32 33 36 38 40 43 46 50 54 59 61 67 73 78 80 82 81 74 66 57 56 56 56 53 50 49 46 43 43 45 43 42 42 40 40 43 48 54 58 59 59 57 29 15 
35 37 40 44 46 47 46 47 49 45 40 40 36 33 38 43 45 46 53 56 57 57 56 53 53 53 60 63 51 31 24 25 23 23 24 26 30 33 35 35 36 38 40 43 47 53 60 68 72 75 80 85 87 90 88 79 67 57 56 56 56 53 50 49 46 43 43 45 44 43 42 40 40 42 46 53 58 59 59 56 26 14 
35 36 42 46 48 48 46 46 45 44 39 39 40 35 39 46 50 59 63 66 64 61 57 54 50 52 60 67 71 64 49 33 30 31 33 33 34 34 37 37 36 36 38 40 47 57 66 75 75 80 85 87 90 93 91 81 66 56 56 54 54 52 50 47 46 43 43 43 44 43 42 40 40 43 46 53 58 61 60 49 25 11 
37 37 45 53 59 59 58 58 57 56 46 38 33 36 44 51 65 73 73 74 71 66 58 54 47 54 58 70 103 104 64 32 30 35 34 34 34 34 36 37 35 33 36 43 50 58 67 81 87 95 99 96 95 95 93 79 65 57 56 56 56 53 50 47 46 43 42 42 43 43 40 39 40 43 49 58 61 66 65 50 24 10 
42 43 52 60 65 65 65 65 65 64 58 49 44 45 52 64 73 79 81 80 74 68 60 54 52 58 57 72 123 134 79 33 29 36 35 32 33 33 32 33 32 31 37 44 47 56 74 94 96 107 107 102 100 97 89 75 64 58 56 56 56 53 51 47 46 44 42 40 40 40 39 39 40 44 52 61 67 71 69 50 23 8 
46 49 59 68 72 73 73 73 72 71 65 57 53 52 59 72 79 82 85 82 73 67 59 54 56 59 55 71 122 144 90 35 29 37 35 32 33 33 31 31 32 32 35 38 43 60 83 97 104 111 110 102 100 95 84 68 58 56 57 57 57 54 51 47 46 44 42 40 40 40 39 39 40 45 56 65 74 78 72 48 18 6 
51 54 66 77 79 79 80 81 81 78 70 61 53 51 58 67 79 84 85 82 74 66 60 56 54 58 57 66 115 143 93 38 33 37 33 32 31 30 30 30 31 31 31 33 40 57 72 84 102 103 97 89 84 79 71 61 56 56 54 54 58 56 51 49 46 44 43 42 40 40 42 42 42 47 56 66 78 79 72 46 16 4 
55 59 70 81 85 84 85 87 87 85 75 64 52 49 57 68 79 87 89 86 78 70 61 56 53 56 54 67 124 147 92 42 37 36 31 29 29 28 28 28 29 29 28 30 33 43 54 66 79 77 72 66 61 59 60 60 60 59 58 57 59 57 52 50 47 45 43 42 42 42 42 42 43 47 56 67 78 79 70 43 13 5 
56 59 72 85 88 89 90 93 92 88 78 66 53 51 58 79 81 88 88 85 78 73 61 49 51 58 55 80 139 150 85 42 33 31 29 28 27 27 26 25 25 26 29 27 28 35 45 57 61 60 59 58 54 51 52 54 56 57 57 57 60 59 54 49 47 44 43 42 42 42 44 44 46 50 58 69 78 78 65 36 11 6 
57 60 75 89 95 94 95 97 101 92 81 68 54 52 66 79 86 88 86 85 79 68 59 60 58 58 65 100 155 141 68 32 30 29 28 28 29 29 29 30 29 29 31 30 29 33 39 47 52 52 57 59 57 57 63 67 68 65 57 57 61 60 54 49 46 44 42 42 42 43 44 44 45 50 58 67 74 74 59 28 8 6 
58 63 78 94 99 97 97 100 99 92 81 68 56 54 63 78 88 87 85 86 81 71 64 72 64 84 117 149 152 102 46 26 33 31 31 30 30 30 31 32 31 32 35 35 32 32 36 38 40 46 53 54 54 63 87 118 129 116 102 89 78 61 49 47 46 44 42 42 43 45 44 43 42 45 53 62 72 68 49 20 8 11 
60 66 82 97 103 103 103 102 100 93 82 70 57 54 66 80 87 89 89 87 81 73 75 101 122 145 170 172 127 72 45 33 37 32 33 33 32 32 32 32 32 33 35 33 33 32 33 33 35 38 42 43 49 57 88 148 181 175 164 165 162 129 85 52 46 42 42 42 43 44 44 43 42 43 51 59 68 65 42 17 8 17 
64 71 87 101 107 107 104 104 101 94 85 71 59 54 65 81 86 92 94 92 95 101 131 165 163 146 142 125 91 62 43 33 36 34 33 33 33 33 34 34 33 33 33 33 32 32 33 35 35 35 35 37 38 39 58 101 139 139 143 187 221 219 178 107 51 32 42 39 43 44 42 42 43 45 46 53 64 55 31 15 15 26 
64 71 86 97 102 102 101 100 97 95 86 73 60 56 65 80 88 96 104 121 148 180 200 175 121 85 71 60 53 47 39 35 33 34 33 33 33 33 34 34 33 33 33 33 32 32 32 33 33 32 32 33 35 31 33 50 64 65 77 109 145 181 205 180 116 74 42 37 43 43 42 42 41 43 45 52 58 45 26 16 23 36 
64 68 84 95 100 100 99 99 97 95 87 74 59 54 65 80 99 104 125 166 201 214 179 118 71 50 43 40 40 40 38 36 35 35 35 35 35 35 33 35 35 32 32 32 32 32 32 33 33 32 32 32 33 32 33 42 43 44 44 44 57 81 139 192 184 145 64 40 39 39 42 42 39 39 42 46 52 43 29 23 38 53 
60 67 81 94 100 100 99 99 96 92 85 73 58 53 68 84 107 127 160 191 178 142 97 65 52 46 40 40 42 42 38 36 35 35 35 35 35 35 35 35 35 32 32 32 32 32 32 33 33 33 33 33 33 33 37 40 40 39 32 35 33 33 71 130 185 189 135 79 52 44 43 43 42 42 39 43 49 45 35 35 53 61 
58 63 77 89 95 96 95 95 92 87 79 71 60 59 72 97 124 160 191 172 110 67 50 45 45 44 39 37 39 39 37 36 36 35 35 35 35 35 35 33 33 33 32 32 32 32 32 33 33 33 33 33 35 35 36 36 36 37 36 37 37 33 39 61 115 159 171 128 92 63 47 46 45 41 39 40 44 43 46 59 82 78 
56 57 72 86 92 94 92 92 89 82 74 72 65 59 79 129 159 167 164 120 70 45 40 42 43 40 38 36 37 38 37 36 35 35 35 35 35 35 33 33 33 33 33 32 32 32 32 32 33 33 33 33 33 35 35 35 35 36 36 32 37 35 36 43 54 80 120 144 138 80 53 52 51 43 40 39 44 45 58 85 99 77 
52 61 79 89 94 94 93 91 87 79 72 67 64 90 149 185 150 109 86 61 50 44 40 40 40 39 36 36 36 37 36 35 35 35 35 35 35 33 33 33 33 33 33 33 33 32 32 32 33 33 33 33 33 35 33 35 33 33 32 32 33 31 41 39 37 40 68 109 111 81 67 50 59 47 43 40 43 52 59 75 82 47 
51 61 78 89 94 93 93 91 91 81 72 75 110 180 230 182 97 65 52 43 43 43 39 38 39 38 36 36 36 36 36 35 35 35 35 35 33 33 33 33 33 33 33 33 33 32 32 32 32 32 32 32 33 32 33 32 32 32 31 32 30 31 37 40 39 44 51 61 77 85 78 72 67 39 43 43 43 43 46 56 50 26 
53 61 78 89 93 93 94 94 99 88 74 96 173 229 199 120 65 55 47 43 43 40 38 37 37 37 36 36 36 35 35 35 35 35 35 35 35 33 33 33 33 33 33 33 33 32 32 32 32 32 32 32 32 32 33 32 32 31 31 32 31 32 35 38 39 47 52 54 67 72 75 79 81 69 54 41 42 33 22 18 22 8 
54 61 79 90 93 93 93 93 93 85 78 118 188 192 127 66 50 48 44 42 42 40 37 36 37 38 36 36 35 35 35 35 35 35 35 35 33 33 33 33 33 33 33 33 33 32 32 32 32 32 32 32 32 32 31 32 32 31 31 30 31 32 35 37 38 49 58 66 70 61 61 72 90 75 52 29 21 21 17 16 12 1 
57 63 80 90 93 92 92 90 86 81 100 155 184 127 63 43 43 43 40 39 40 39 36 35 36 36 36 35 35 35 35 35 35 35 35 35 33 33 33 33 33 33 33 33 33 32 32 32 31 31 31 31 31 31 31 31 31 30 30 30 31 33 37 42 43 50 57 65 67 61 57 66 72 85 72 45 24 9 13 24 10 2 
57 63 78 89 90 92 93 94 88 95 135 187 173 88 36 40 42 39 38 39 39 38 37 35 35 35 33 35 35 35 35 35 35 35 35 33 33 33 33 33 33 33 33 33 33 32 32 32 31 31 31 31 31 31 31 31 31 30 29 29 30 33 40 50 51 58 59 61 60 57 54 58 65 88 90 70 44 15 17 31 9 3 
51 59 73 85 88 88 95 93 89 107 155 189 147 67 39 39 38 37 37 38 38 38 36 35 35 35 35 35 33 35 35 35 35 35 33 32 33 33 33 33 33 33 33 33 33 32 32 32 31 31 31 31 31 31 31 31 31 30 31 31 31 35 47 54 57 61 58 57 56 56 57 54 49 73 95 90 63 21 14 28 9 4 
47 53 66 77 84 82 86 84 89 127 172 164 101 52 40 38 37 36 36 37 37 37 36 35 35 35 35 33 33 35 33 33 33 32 32 32 33 33 33 33 33 33 33 33 33 32 32 32 31 31 31 31 31 31 30 31 31 30 31 31 33 43 54 59 60 61 59 57 57 58 58 52 37 56 81 85 58 17 6 18 9 4 
47 51 54 60 66 66 67 74 94 151 166 108 54 50 42 38 36 36 36 36 37 36 36 35 33 35 35 35 35 35 33 33 32 32 32 32 33 33 33 33 33 33 33 33 33 32 32 32 31 31 31 31 31 31 30 30 31 30 32 32 37 48 57 59 60 59 60 59 58 59 53 47 46 49 58 58 42 17 6 5 5 3 
44 46 46 53 56 57 64 67 90 139 139 88 54 54 46 39 37 37 36 37 36 36 36 35 35 35 35 35 35 32 33 33 32 32 32 32 32 32 32 32 32 32 32 32 32 32 32 32 31 31 31 31 31 31 30 30 30 30 32 34 41 50 56 58 57 57 60 60 58 54 47 39 53 67 71 56 31 15 3 1 1 1 
39 40 44 47 49 50 54 46 80 113 113 84 64 56 46 37 37 36 36 36 36 36 36 36 35 35 35 35 33 32 32 32 31 31 33 33 33 33 33 33 33 32 32 32 32 32 32 32 31 31 31 31 31 31 30 30 30 30 30 33 42 49 53 57 58 59 60 60 54 47 43 38 53 82 87 53 17 7 3 3 2 3 
38 37 37 42 49 46 44 56 99 110 89 75 68 57 45 35 35 36 36 36 36 36 36 35 35 35 35 35 33 32 32 32 31 31 32 32 33 33 33 33 33 32 32 32 32 32 32 32 31 31 30 30 30 30 30 30 29 31 31 31 38 46 52 59 63 63 59 58 50 40 37 36 45 73 87 59 16 10 14 14 14 5 
32 32 32 38 45 39 35 80 128 117 74 64 65 53 39 35 33 35 35 35 33 35 36 35 35 35 35 35 33 32 32 32 32 31 32 32 32 32 32 32 32 31 31 31 32 32 32 32 31 31 30 30 31 31 31 30 31 32 32 32 37 50 60 60 61 63 58 52 45 37 30 32 35 61 85 64 25 21 38 44 33 9 
30 30 33 31 31 29 25 86 130 113 68 57 60 52 37 36 35 35 35 33 33 33 33 33 33 33 33 33 33 32 32 32 32 31 32 32 32 32 32 32 32 31 31 31 32 32 32 32 31 31 30 30 31 31 30 30 31 31 32 32 37 50 63 61 60 57 52 44 40 34 29 30 31 57 68 50 33 49 68 70 39 12 
31 30 26 29 23 25 35 94 118 101 67 56 58 54 44 37 36 36 36 36 36 34 34 33 33 35 33 33 32 32 33 33 31 31 31 31 32 32 32 32 33 32 32 32 33 33 33 33 32 32 32 31 31 31 31 30 31 31 31 31 35 44 55 60 56 47 44 39 37 32 28 26 31 49 54 44 47 67 81 79 38 11 
31 29 24 27 20 28 43 103 107 93 71 59 61 58 47 38 37 37 37 36 36 36 36 34 33 35 33 33 33 32 33 33 31 31 31 31 32 32 32 32 33 32 32 32 33 33 33 33 32 32 32 32 32 32 31 31 31 31 31 31 32 36 43 48 45 39 38 36 34 32 26 24 32 39 45 44 56 75 70 54 25 6 
31 28 28 25 28 63 129 160 117 66 59 60 59 54 46 37 36 36 36 36 37 36 35 33 34 36 35 33 32 32 32 32 31 31 32 32 32 32 32 32 32 32 31 31 32 32 32 32 33 33 33 32 32 32 32 31 30 30 31 31 32 35 39 43 37 36 32 31 33 30 26 28 31 32 36 44 53 64 51 23 2 1 
36 31 31 32 46 113 172 138 78 45 43 44 43 43 40 36 36 35 36 35 36 36 35 33 34 36 35 35 32 32 32 32 31 30 31 31 32 32 32 32 32 32 31 31 32 32 32 32 33 33 33 32 32 32 32 31 30 31 32 32 31 32 40 39 38 37 35 31 33 31 30 30 31 32 34 40 52 60 37 8 2 1 
38 38 37 44 85 155 153 89 53 40 38 35 32 33 33 35 35 35 35 35 35 35 36 36 33 35 35 35 33 32 32 32 31 30 31 31 32 32 32 32 32 32 32 32 33 33 33 33 32 32 32 32 32 32 31 31 31 32 33 33 32 46 57 50 38 36 37 33 32 31 31 32 31 31 30 37 50 51 26 1 1 1 
43 43 43 56 108 148 111 63 47 43 36 32 32 31 31 31 32 33 35 35 35 35 37 36 33 35 35 35 33 33 32 32 31 31 31 31 31 31 31 31 32 32 32 32 33 33 33 33 32 32 32 32 32 32 32 32 32 33 35 36 34 58 73 55 38 37 37 34 33 32 32 32 32 31 30 38 51 48 25 5 0 0 
49 49 49 61 99 114 87 56 47 37 36 35 33 32 32 32 32 33 33 35 36 36 36 36 36 36 35 35 33 33 32 32 32 32 31 31 31 31 31 31 32 32 32 32 33 33 33 33 32 32 32 32 32 33 33 33 35 35 35 36 38 61 76 57 42 39 39 34 35 33 33 33 33 35 38 45 54 48 25 4 0 0 
52 52 52 56 67 81 74 56 44 37 37 36 36 33 32 31 32 33 33 35 36 36 36 35 36 36 35 35 33 33 32 32 32 32 32 31 31 31 31 31 32 32 32 32 33 33 33 33 32 32 32 32 32 33 33 35 35 35 35 36 41 59 73 55 45 40 39 37 36 33 32 32 35 38 44 57 61 48 23 0 0 0 
54 53 52 53 54 66 72 61 44 38 37 35 33 32 32 31 32 33 36 37 37 36 35 35 34 36 36 36 34 34 32 32 33 32 32 31 31 31 31 31 32 32 32 32 33 33 33 33 32 32 32 32 32 33 35 35 35 33 33 36 40 53 63 49 45 40 39 36 37 36 33 33 36 34 54 72 63 37 7 0 1 1 
54 54 56 56 61 75 77 60 43 38 36 33 33 31 32 33 35 35 36 37 37 37 36 35 34 36 36 36 36 36 33 32 33 32 32 31 31 31 31 31 32 32 32 32 33 33 33 33 32 32 32 32 32 33 35 36 35 33 33 35 42 57 54 43 45 42 40 37 38 37 35 35 37 47 67 78 60 26 0 0 1 1 
54 56 58 57 66 79 73 56 42 37 36 35 36 33 34 34 45 47 40 35 37 36 35 35 35 35 36 36 36 36 34 33 31 30 30 29 29 29 29 30 30 30 31 31 32 32 33 33 32 32 32 32 32 33 32 32 33 33 33 35 46 59 55 43 44 40 40 38 37 37 37 36 37 52 77 78 54 22 4 2 1 1 
54 56 58 60 68 76 70 51 39 36 35 35 34 34 36 40 57 60 51 40 39 36 35 36 36 35 36 36 36 36 34 33 32 31 30 30 30 30 30 30 31 31 31 31 32 32 33 33 32 32 32 32 32 33 32 32 33 32 35 39 57 65 55 40 40 38 38 38 37 37 38 35 38 56 77 67 39 13 1 2 2 1 
54 57 60 64 71 72 60 46 38 35 37 36 35 35 39 47 61 66 60 49 42 37 35 35 35 35 35 35 36 34 34 34 32 31 31 30 30 30 30 30 31 31 31 31 32 32 33 33 33 33 33 33 34 34 34 34 33 32 36 47 64 64 51 37 37 35 35 36 36 37 38 33 45 60 73 51 25 4 0 4 1 1 
54 57 61 67 74 70 53 41 36 35 37 36 35 36 44 57 60 61 60 49 43 39 37 35 36 36 36 35 34 34 34 33 32 31 31 30 30 30 30 30 31 31 31 31 32 32 33 33 33 33 33 33 34 34 34 36 35 35 42 52 65 61 44 36 33 32 33 35 35 36 38 31 45 60 62 39 16 1 2 2 3 1 
54 57 61 70 73 64 48 38 34 36 35 35 35 37 47 59 58 59 62 57 46 40 38 36 37 36 36 35 36 34 34 34 32 31 31 31 31 31 31 31 31 31 31 31 32 32 33 33 33 33 32 32 33 35 35 36 37 38 43 60 75 61 40 32 30 30 32 33 33 33 33 35 44 59 53 23 4 0 7 2 0 0 
53 57 64 71 70 54 41 36 34 34 33 36 37 39 51 61 59 57 62 67 56 45 39 37 36 35 35 35 36 34 34 34 32 32 32 31 31 31 31 31 31 31 31 31 32 32 33 33 33 33 32 32 33 35 36 37 38 39 47 71 81 63 39 30 29 28 30 31 32 33 36 32 43 57 49 17 1 1 5 2 0 0 
52 58 65 72 66 47 37 33 34 34 33 36 39 42 55 65 57 52 63 77 71 52 39 37 36 36 35 35 36 34 36 36 33 33 32 31 31 31 31 31 31 31 31 31 32 32 33 33 33 33 32 32 33 35 37 38 40 43 54 80 91 72 39 26 26 26 26 28 27 31 32 33 38 45 38 19 4 3 4 0 0 1 
50 53 66 73 64 44 35 32 34 34 33 37 40 46 57 64 57 51 61 78 75 56 39 37 37 37 36 36 37 36 37 36 33 35 32 31 32 31 31 31 31 31 32 32 32 32 33 33 34 33 32 32 33 35 38 40 44 51 60 82 100 79 37 23 25 26 24 24 25 27 29 31 35 39 30 17 6 4 1 0 0 1 
47 56 68 73 55 43 34 33 33 32 36 38 43 51 58 57 57 50 61 101 123 87 36 37 37 37 36 37 37 36 36 37 36 34 33 33 32 33 33 32 31 31 32 32 34 34 34 34 34 34 34 34 33 35 38 41 43 52 66 91 111 100 57 24 24 25 23 24 24 26 29 30 31 38 42 28 8 3 1 1 1 1 
47 60 73 73 50 40 36 34 33 33 36 39 46 52 53 52 52 44 61 106 135 98 43 38 37 36 37 37 37 36 36 37 36 34 33 33 32 33 33 32 31 31 32 32 33 33 33 34 33 34 34 34 33 33 37 39 42 49 67 87 109 107 66 26 24 25 24 24 24 27 27 26 30 38 42 25 9 2 0 0 1 1 
47 64 74 68 44 38 36 36 33 33 35 40 47 52 50 47 48 41 51 80 97 84 52 41 37 36 37 37 38 37 36 36 37 34 32 32 32 33 32 32 32 32 32 32 33 33 33 34 32 33 33 33 33 33 36 37 39 47 65 86 110 118 78 30 24 25 23 23 24 26 26 25 30 39 42 29 10 1 0 1 0 0 
49 67 74 60 40 37 37 36 33 35 37 45 50 51 50 45 46 43 44 61 75 80 68 50 39 36 37 38 38 38 36 36 37 34 32 32 32 33 32 32 32 32 31 32 33 33 33 34 32 33 33 33 35 33 36 36 38 44 60 78 106 121 86 36 23 26 23 25 25 28 26 24 33 41 42 29 9 2 0 1 1 0 
50 71 73 54 37 36 35 35 33 36 37 43 50 50 47 46 44 42 42 44 54 77 78 56 40 38 38 38 37 38 36 36 36 36 33 33 33 33 33 33 31 31 31 31 32 32 33 34 32 33 33 33 35 33 34 36 35 38 51 66 95 121 94 44 26 27 24 25 25 26 25 24 33 41 42 29 10 2 2 1 1 0 
51 71 71 50 37 36 33 33 34 34 35 40 50 50 47 45 44 43 44 42 57 90 86 53 37 37 37 38 37 37 35 35 36 34 33 33 33 33 33 33 32 32 32 32 33 33 34 34 33 33 33 33 33 33 34 36 35 36 44 54 83 112 95 51 30 27 26 25 26 26 26 25 32 40 42 31 10 2 2 1 1 0 
52 72 68 47 38 36 36 35 34 36 36 43 50 48 46 45 44 43 47 41 56 92 84 49 26 32 34 36 34 36 35 35 34 34 33 33 32 32 32 32 33 33 33 33 34 34 34 34 33 33 34 33 34 34 35 35 35 36 43 47 72 101 96 60 35 25 26 26 28 28 26 26 30 39 43 35 12 3 1 1 1 1 
53 71 67 46 38 38 36 35 36 36 37 43 48 46 44 43 43 43 48 40 45 79 75 50 24 26 33 33 34 34 33 35 34 34 33 33 32 32 32 33 34 34 34 34 34 34 34 34 32 32 32 32 33 34 35 35 36 37 42 45 67 91 96 67 38 25 28 28 28 28 28 26 30 40 45 36 18 4 2 1 1 1 
53 68 60 43 36 37 37 37 38 38 39 44 46 44 43 43 44 44 47 38 52 96 101 61 26 25 30 31 31 32 33 34 34 33 33 33 33 33 32 33 33 33 33 32 32 32 31 31 32 32 32 32 32 34 33 36 35 37 40 45 60 82 97 71 39 26 29 28 28 28 29 28 30 38 45 39 23 6 3 1 1 1 
51 66 53 40 37 39 38 39 40 38 41 44 46 44 42 45 46 45 47 39 70 131 135 81 33 25 30 31 30 30 31 32 32 32 32 32 32 32 31 31 31 32 32 32 32 31 31 31 32 32 32 32 32 33 32 35 35 36 39 44 53 74 100 79 40 26 30 29 29 29 29 29 29 39 49 44 29 9 1 1 0 1 
50 62 51 38 37 39 39 40 40 39 43 45 44 45 43 50 50 47 46 39 90 159 149 81 42 32 30 30 29 28 28 28 29 29 30 31 31 31 32 32 32 32 31 31 31 31 31 31 31 32 32 32 31 33 34 33 36 36 39 44 51 72 104 88 43 28 32 31 31 32 31 32 30 45 59 57 39 9 1 1 1 1 
48 60 51 38 38 39 39 40 40 39 43 46 45 44 45 46 46 45 45 49 115 181 150 79 44 44 36 26 24 24 25 25 26 26 27 29 29 29 30 31 31 31 31 30 30 30 30 31 31 32 32 32 32 33 34 33 36 37 38 43 50 68 104 94 47 29 35 32 33 35 35 35 34 60 80 82 53 9 0 1 1 1 
46 59 52 39 39 40 41 41 41 40 40 45 46 45 42 44 43 40 45 66 143 183 128 65 43 46 43 32 25 24 24 25 25 25 25 26 28 28 29 29 29 30 31 31 32 32 31 31 31 31 33 33 33 33 34 33 34 36 38 40 44 60 96 95 52 30 37 36 36 38 38 38 44 75 109 103 59 10 0 1 0 0 
46 58 50 39 39 40 41 41 40 40 40 44 44 45 40 45 46 45 50 93 171 171 95 51 44 44 43 39 32 30 29 29 28 28 28 26 26 28 29 29 30 30 31 31 32 32 31 32 31 32 33 33 33 33 34 32 34 36 37 39 42 57 93 96 56 33 39 38 39 40 39 40 48 72 102 102 64 18 0 1 1 0 
45 56 51 41 39 40 40 40 40 39 40 45 46 45 44 45 47 42 53 113 180 151 81 56 44 43 42 40 37 35 32 32 30 30 29 29 29 29 29 30 30 31 31 31 31 32 32 32 32 33 32 32 32 32 34 33 36 37 39 41 42 54 88 95 58 37 40 39 40 40 40 40 50 71 93 83 42 8 0 0 1 0 
45 54 53 44 40 42 40 40 40 39 39 45 47 45 45 44 46 39 63 131 164 120 68 53 45 43 42 39 39 38 36 35 33 32 31 31 30 30 30 30 30 31 31 31 31 31 31 32 33 33 32 32 32 32 34 34 37 39 41 44 43 53 82 94 59 43 43 42 43 43 42 43 53 72 83 62 19 0 0 0 0 0 
45 53 51 43 40 42 39 39 38 37 41 47 46 43 43 41 44 40 82 139 127 81 54 50 44 42 40 38 39 38 37 36 35 33 31 31 31 30 31 31 31 30 31 31 31 31 32 32 32 32 32 32 32 33 33 35 38 39 40 43 43 53 74 90 53 45 43 43 43 44 43 43 52 59 60 41 11 0 0 1 0 0 
44 52 52 43 40 42 40 39 38 38 41 48 50 45 44 44 38 46 93 137 109 71 51 47 43 40 40 38 38 37 36 35 35 33 32 32 31 32 32 31 31 30 31 31 31 31 31 31 31 31 31 32 32 32 33 35 38 39 40 44 44 56 70 86 51 44 42 42 43 43 42 43 47 49 45 36 16 5 2 1 0 0 
44 50 52 44 42 42 40 39 38 38 42 49 53 46 42 43 39 52 104 127 90 56 50 44 42 39 39 38 37 36 35 35 35 35 35 33 33 33 32 31 31 31 31 31 31 31 31 31 31 31 31 32 32 32 33 35 38 39 42 45 45 58 73 87 49 43 40 42 42 42 42 42 44 43 43 39 25 10 2 1 0 0 
43 50 52 45 42 43 42 40 38 39 43 50 51 45 42 40 36 52 113 135 95 56 47 43 43 40 39 37 37 36 35 35 35 35 35 35 35 35 35 33 32 32 31 31 31 31 31 31 31 31 31 32 32 32 33 35 37 40 43 45 46 60 75 87 49 43 40 42 42 42 43 42 43 46 50 46 30 11 2 1 0 0 
42 47 53 48 43 44 42 39 40 41 45 50 50 44 41 39 36 57 118 144 102 65 50 43 43 42 39 37 37 36 35 35 35 35 35 35 35 35 35 35 35 33 33 33 33 32 32 32 32 31 31 31 32 33 35 36 38 40 43 46 49 64 80 91 49 42 40 40 40 40 42 42 44 52 61 57 38 14 0 1 0 0 
43 46 52 50 44 44 42 40 40 41 45 50 49 46 44 40 40 61 115 137 97 60 50 40 40 39 39 38 36 36 35 35 35 35 35 35 35 35 35 35 35 33 33 33 33 33 33 33 32 32 32 32 33 33 35 36 38 40 43 46 50 64 80 95 50 42 40 40 40 40 42 42 44 49 63 67 44 16 0 1 1 0 
42 44 50 50 45 44 43 41 40 40 45 52 51 49 45 43 44 64 121 141 92 50 45 39 40 40 38 38 37 36 35 35 35 35 35 35 35 35 35 35 35 33 33 33 33 33 33 33 32 33 33 33 33 35 36 37 39 41 44 46 52 64 78 95 51 42 42 42 42 42 43 44 45 47 59 74 51 18 1 2 1 0 
40 44 48 50 46 44 43 41 40 42 47 54 57 49 44 45 53 89 157 163 96 54 47 38 37 39 37 37 37 36 36 36 36 35 35 35 35 35 35 35 35 33 33 35 35 33 33 33 33 33 33 33 35 35 37 38 40 43 44 46 51 59 77 94 47 44 45 44 42 43 43 44 47 50 64 78 56 19 2 3 1 1 
40 44 47 50 49 45 43 42 42 42 47 56 58 47 42 46 79 158 224 184 95 57 46 38 38 38 37 37 37 36 36 36 35 35 33 35 35 35 35 35 35 33 35 35 35 35 35 35 33 35 35 35 35 36 37 38 39 40 44 46 46 56 75 90 45 44 44 45 44 43 43 44 47 50 63 75 57 21 3 4 1 1 
39 43 47 51 51 46 44 42 42 44 47 57 59 47 40 45 95 186 222 155 74 44 43 40 42 39 38 37 37 36 35 35 35 33 33 33 35 35 35 35 35 33 35 35 35 35 35 35 35 35 35 35 35 36 37 38 39 40 44 45 47 56 73 94 60 43 39 43 42 42 42 43 45 49 53 61 56 22 6 5 1 1 
40 43 45 49 52 47 44 40 42 45 49 59 62 50 40 45 110 178 164 100 57 44 40 40 40 39 38 37 37 36 36 36 35 35 35 35 36 36 36 36 35 35 35 35 35 35 35 35 35 35 35 35 36 36 37 38 39 40 43 43 46 54 71 98 66 40 42 42 40 40 40 39 43 44 51 61 53 24 9 5 4 2 
40 42 44 47 50 49 45 42 42 43 50 58 64 53 44 51 137 172 128 74 53 45 39 40 40 38 37 37 37 37 36 36 36 36 36 37 37 37 37 36 35 35 35 35 35 35 35 35 35 36 35 36 36 36 37 38 39 40 43 43 44 47 67 96 67 46 40 40 40 40 40 39 40 42 47 58 51 28 10 6 4 3 
39 40 42 46 50 50 46 43 42 44 51 60 66 57 44 72 163 167 106 56 51 44 39 39 37 38 37 37 37 37 37 37 36 36 36 37 36 36 35 33 35 33 33 35 35 35 35 35 35 35 35 36 37 36 37 38 39 40 43 43 44 44 55 88 72 50 43 39 40 39 39 40 40 40 45 49 49 28 10 9 5 3 
39 40 42 45 49 52 49 43 42 45 52 60 65 52 46 96 153 134 81 50 46 38 38 38 37 37 36 33 32 32 32 33 33 32 31 31 29 29 28 30 30 30 31 32 32 33 33 35 33 33 35 36 36 37 37 38 38 40 43 44 45 46 52 81 67 50 44 39 40 39 40 42 40 40 42 42 47 38 28 10 4 3 
38 39 43 44 46 51 47 44 43 45 50 57 64 59 61 116 143 94 59 51 45 37 36 35 33 33 31 29 28 25 25 26 26 25 24 22 22 23 23 24 24 25 26 29 29 29 29 29 30 31 33 35 36 37 37 38 38 39 40 41 43 45 50 72 57 49 43 40 40 40 42 43 42 42 43 43 46 46 39 12 6 5 
38 39 41 43 45 49 47 45 44 46 49 54 73 89 103 156 151 80 51 45 40 31 28 26 25 25 22 19 18 17 17 18 19 18 17 17 17 19 19 19 19 19 20 22 22 22 21 25 28 29 31 32 34 36 36 37 38 38 40 40 42 44 49 67 46 43 43 41 42 42 42 43 43 43 44 44 45 45 37 16 9 6 
38 39 39 42 44 46 47 46 44 44 47 54 78 122 166 190 136 68 33 37 32 26 24 19 22 19 18 16 16 15 13 13 13 13 13 13 14 15 15 15 15 17 17 17 17 18 19 23 25 26 29 30 32 33 34 36 36 37 38 38 41 44 40 56 61 49 42 40 43 43 43 44 44 44 44 44 45 43 37 36 8 6 
38 38 38 39 43 45 46 46 43 42 44 52 87 134 166 151 90 44 32 32 24 21 21 19 20 18 17 16 16 15 12 12 12 12 12 12 12 14 14 14 15 16 16 16 16 17 18 18 20 22 25 26 27 29 31 33 33 34 36 36 43 48 58 70 54 46 42 42 44 44 43 44 44 44 44 44 44 43 38 26 8 8 
38 38 37 38 43 45 46 47 44 40 40 45 73 101 118 103 69 57 46 32 21 17 17 18 18 17 16 16 15 14 11 11 11 11 11 11 12 14 14 15 15 15 15 15 15 15 16 17 17 17 18 21 21 21 22 22 24 26 30 32 44 51 61 63 46 43 44 45 44 44 44 44 45 45 45 44 45 44 40 28 9 7 
38 37 36 38 41 44 46 48 43 38 38 41 63 73 74 66 78 73 50 30 21 19 19 19 19 16 15 15 14 14 11 11 11 11 11 11 12 14 14 15 15 15 15 15 15 15 15 16 15 16 17 17 17 17 16 14 15 17 23 35 52 56 51 49 41 40 41 45 44 43 44 45 45 45 45 44 45 44 40 30 8 6 
38 38 37 39 42 43 46 46 40 37 33 35 51 65 66 74 113 90 50 29 26 24 22 19 17 16 15 15 14 12 11 11 11 11 11 12 14 15 15 15 15 15 15 15 15 15 15 16 16 16 17 17 18 17 17 17 17 21 28 40 58 66 60 47 39 41 44 44 43 40 43 44 45 44 43 43 45 44 43 33 9 6 
40 40 40 40 40 43 46 44 40 36 31 33 46 58 78 117 122 85 37 24 22 22 16 15 15 15 15 15 12 12 11 11 11 11 11 12 14 15 15 16 16 15 15 15 15 16 16 17 16 16 16 16 17 19 21 22 22 26 32 40 58 70 59 44 43 44 44 44 40 38 40 42 43 43 42 42 45 45 45 34 11 7 
40 40 40 40 42 43 46 45 39 35 33 35 45 53 78 124 102 64 30 25 23 22 18 16 17 16 12 12 12 12 12 12 12 11 11 12 14 15 15 16 16 16 16 16 16 16 17 18 16 16 16 16 17 19 21 22 22 24 29 37 58 68 56 42 40 43 44 43 40 39 40 42 43 43 43 42 44 44 45 36 13 10 
40 39 39 42 43 43 46 45 42 35 32 32 42 50 67 96 66 36 26 26 23 22 22 19 19 17 14 12 12 12 14 14 12 11 11 12 14 16 16 16 17 17 18 18 17 16 17 18 17 17 17 16 17 19 19 21 21 21 25 36 57 67 54 40 39 42 43 43 42 43 43 43 43 42 42 42 43 44 45 38 13 10 
40 40 40 43 43 45 46 47 43 36 32 30 37 40 50 59 36 27 25 25 22 21 21 19 16 16 14 12 11 12 14 14 12 12 12 11 14 16 16 17 18 18 18 18 18 17 17 17 17 17 17 16 17 17 18 19 19 19 24 37 57 64 51 38 39 42 42 42 42 40 42 42 43 42 42 43 43 44 46 39 15 10 
38 39 40 40 43 46 47 49 42 35 30 29 27 25 30 32 32 31 26 24 18 19 19 18 16 15 12 12 12 14 14 14 14 12 12 12 12 16 16 18 18 18 19 19 19 18 17 16 17 17 16 15 16 17 18 18 19 21 24 46 64 60 47 39 40 40 40 40 40 40 40 42 42 42 43 43 43 44 44 39 17 10 
39 40 40 42 44 45 49 46 39 32 28 25 24 25 29 30 30 28 26 23 20 20 19 18 16 15 12 11 12 14 14 15 15 14 14 12 14 17 17 17 18 19 19 19 18 18 18 18 17 17 16 15 16 17 18 18 20 24 33 55 66 58 45 42 39 39 38 38 40 42 42 42 42 43 44 43 43 43 43 38 17 10 
40 40 40 42 44 46 49 43 33 27 24 22 22 23 26 30 28 26 26 23 20 20 19 18 15 14 14 12 14 15 15 16 16 15 14 15 15 17 18 19 19 21 21 21 19 17 17 17 17 16 16 16 16 19 19 21 22 24 37 59 66 54 43 42 42 40 39 40 43 43 43 43 44 44 44 43 43 43 43 39 21 11 
41 41 40 40 42 45 45 36 26 23 22 19 19 22 24 26 26 26 26 22 18 20 18 16 15 15 14 14 12 15 16 16 15 16 16 16 17 18 18 21 23 21 21 22 17 17 17 16 17 17 18 18 19 22 22 23 24 25 39 60 66 48 36 40 42 42 43 40 40 43 43 44 44 44 44 44 44 45 44 43 24 12 
41 43 43 42 42 44 43 30 23 22 21 18 17 19 22 25 25 25 25 22 19 19 18 16 16 17 18 18 17 17 18 18 18 17 17 17 17 18 19 22 23 25 22 21 19 18 18 17 18 19 21 21 22 23 23 24 29 32 46 74 81 58 40 42 44 46 46 43 44 44 44 45 45 45 45 46 45 45 45 43 26 12 
38 40 42 42 43 45 40 28 24 22 21 18 18 20 22 23 24 24 23 21 18 18 18 18 19 22 25 25 25 24 22 21 19 18 18 18 17 18 19 22 22 25 21 21 23 18 17 17 17 18 21 21 22 24 23 22 29 37 54 94 117 99 75 67 63 64 61 54 51 48 46 45 45 45 45 45 45 44 45 44 27 12 
47 46 45 43 43 47 38 28 24 24 22 19 20 22 21 22 23 22 21 19 18 18 19 22 22 28 30 33 33 28 24 22 21 19 19 19 17 18 19 21 22 23 25 23 21 18 17 17 17 18 19 21 24 26 25 21 28 39 65 124 171 156 129 121 117 113 106 92 80 68 59 50 46 44 45 43 43 43 40 42 27 13 
122 120 115 95 72 46 26 25 26 25 25 22 21 22 21 21 21 21 22 20 16 16 19 22 23 28 31 29 27 29 25 23 22 22 21 21 18 19 19 21 21 21 22 23 23 22 21 19 19 20 22 24 25 27 28 28 34 48 88 152 192 191 185 181 172 165 150 138 120 101 86 80 60 47 45 43 43 41 45 47 29 13 
185 178 177 149 89 54 30 23 21 23 24 22 24 26 21 21 23 23 23 23 17 17 21 22 23 25 28 25 26 26 24 23 23 23 23 21 19 19 19 19 21 19 19 22 22 22 22 22 23 24 25 27 26 30 33 40 47 60 97 143 169 181 203 213 208 203 189 174 162 145 121 106 88 58 43 33 33 36 37 43 29 14 
203 188 178 144 87 49 34 25 18 18 36 40 43 39 24 26 28 26 27 25 24 23 24 24 22 24 25 22 22 24 24 24 25 24 23 21 21 19 19 19 19 19 18 19 21 22 23 24 24 25 26 30 29 33 39 47 55 64 88 116 134 149 176 199 213 206 198 178 170 158 150 136 110 78 53 37 32 32 35 39 30 15 
175 158 145 127 92 51 32 27 28 32 48 53 54 44 37 36 36 33 31 27 25 25 24 23 22 21 19 21 21 24 24 25 25 25 24 22 21 21 21 19 18 18 18 18 19 22 24 26 26 28 30 33 32 36 39 47 54 62 81 93 97 113 143 170 189 189 187 175 164 159 153 146 128 94 64 42 35 33 35 38 32 17 
148 122 111 103 91 72 38 31 31 45 56 59 68 53 52 45 39 35 28 23 23 23 23 24 25 25 23 23 26 29 30 30 29 29 29 27 27 25 23 23 19 19 19 18 18 21 25 29 31 31 33 36 35 37 40 45 50 60 71 78 82 94 113 131 150 157 171 186 177 169 155 146 135 104 73 47 38 35 35 36 33 19 
139 111 92 86 83 67 49 33 24 38 47 59 78 68 61 50 40 33 26 26 26 28 28 28 30 29 28 28 31 32 33 33 34 33 32 32 33 30 27 25 22 22 22 21 21 24 28 31 32 33 36 37 37 39 43 43 45 60 75 79 78 85 95 108 123 135 160 180 191 182 163 137 129 108 77 49 38 36 35 36 39 22 
117 96 93 92 80 65 53 47 43 38 36 50 79 80 71 65 53 38 30 30 32 32 32 32 31 32 33 33 36 37 36 36 35 35 34 34 34 33 32 30 25 24 23 23 24 26 29 32 33 35 37 38 39 42 44 45 46 67 86 85 78 80 93 104 110 123 139 153 172 166 153 138 130 109 81 54 45 47 48 47 50 28 
94 95 97 96 88 74 66 59 54 46 39 47 77 85 85 81 70 40 33 33 37 37 35 33 33 35 36 37 37 38 38 38 37 37 37 37 37 36 36 34 31 29 25 25 26 29 31 33 36 37 39 40 42 43 44 49 53 68 79 79 78 79 93 101 100 113 124 129 138 142 139 130 124 102 89 71 64 73 80 74 63 43 
100 101 100 97 94 97 94 85 79 64 47 55 68 70 80 87 83 50 36 36 38 39 35 33 35 36 37 37 38 38 37 37 37 36 37 37 37 37 35 35 33 30 29 27 27 30 33 37 36 37 39 40 43 45 46 53 63 72 74 74 75 80 86 89 92 100 107 105 106 117 121 115 104 89 84 77 74 85 95 89 74 65 
101 98 97 99 100 100 97 90 75 65 50 45 45 45 51 96 100 60 36 35 37 38 35 33 35 36 37 37 38 38 37 37 37 36 37 36 36 37 38 38 36 31 30 27 27 31 34 37 37 38 40 42 43 44 47 57 65 68 64 63 64 66 67 70 70 71 74 76 77 78 77 77 75 75 74 74 74 73 73 71 66 65 
75 78 79 80 82 81 80 72 64 60 53 47 43 49 69 125 128 81 38 35 38 39 35 35 35 36 37 38 39 39 38 38 37 36 35 33 33 37 42 42 38 35 31 29 28 31 36 38 38 39 42 43 43 43 48 58 66 60 51 48 45 46 50 52 52 53 54 54 56 57 56 56 56 54 53 53 53 53 52 51 51 47 
54 54 53 52 53 52 51 47 44 43 40 44 39 50 76 136 146 94 38 33 36 41 38 36 35 36 36 36 38 38 37 37 37 35 33 33 32 37 42 43 40 37 35 31 31 33 36 38 38 40 44 46 45 46 51 60 66 57 47 43 39 39 40 41 40 40 42 43 43 44 44 44 44 44 44 44 44 44 43 43 44 44 
42 42 40 38 38 37 37 37 36 33 31 35 32 37 57 103 123 79 29 29 36 40 38 36 36 36 33 36 36 36 36 36 35 35 33 32 32 37 43 43 42 40 37 32 33 36 37 37 39 42 45 47 47 47 52 62 67 54 43 40 38 36 39 40 41 40 39 39 39 38 38 39 39 39 39 40 40 40 40 40 41 44 
39 39 39 38 38 38 38 39 37 31 28 32 32 32 46 61 74 51 18 26 35 36 35 33 34 33 32 33 35 35 35 33 35 33 33 32 32 39 46 45 42 40 37 32 35 36 37 38 40 42 44 46 47 49 54 64 66 51 39 40 36 36 38 39 39 38 37 37 37 37 38 38 39 39 39 39 39 39 39 38 40 44 
38 38 38 37 37 37 37 37 37 33 32 34 35 31 38 44 45 37 19 25 32 32 32 32 32 32 32 32 33 33 33 35 33 32 31 31 32 44 52 50 42 39 36 32 35 36 38 39 40 42 45 47 48 52 58 65 65 48 38 39 37 37 38 38 38 37 36 37 37 37 38 38 39 39 40 40 40 40 39 38 40 44 
