21 21 21 21 22 24 25 28 30 31 31 30 29 28 26 24 12 5 4 2 2 3 4 4 3 3 3 3 3 3 3 4 4 4 5 5 5 5 7 5 4 4 4 3 4 4 4 3 3 3 3 3 4 3 4 6 6 6 6 5 4 4 4 4 4 5 10 23 36 41 39 37 37 37 37 37 37 37 37 36 36 36 36 36 36 36 36 35 35 35 35 35 35 35 35 35 35 35 35 35 35 35 35 35 33 33 33 32 32 32 32 32 32 32 32 32 33 33 33 33 33 33 33 33 33 34 33 33 32 30 28 
21 19 19 22 23 26 29 30 30 33 31 30 28 26 25 22 10 4 3 2 2 3 4 3 3 3 3 3 4 3 4 4 4 8 8 9 10 8 8 7 7 4 4 5 4 4 5 4 4 4 3 3 3 4 4 4 5 5 5 4 4 4 4 4 4 5 10 25 38 39 39 38 37 36 36 36 36 36 36 36 36 36 36 36 36 36 36 36 35 35 35 35 35 35 35 35 35 35 35 35 33 33 33 34 34 34 33 32 32 32 32 32 32 32 32 32 32 32 32 32 32 32 32 33 33 34 33 32 32 30 29 
19 19 21 22 23 26 30 32 31 33 32 29 28 26 24 20 10 4 3 3 3 3 4 1 3 4 4 4 4 4 4 6 9 13 17 17 16 12 10 9 9 17 17 10 4 7 9 14 11 7 4 3 3 3 4 4 4 5 4 4 4 4 4 4 4 5 11 25 37 39 39 37 37 36 36 36 36 36 36 36 36 36 36 36 36 36 36 36 35 35 35 35 35 35 35 35 35 35 35 35 33 33 33 34 34 34 33 32 32 32 32 32 32 32 32 32 32 32 32 32 32 32 32 33 33 34 34 33 33 32 31 
19 18 21 23 27 31 33 35 33 34 32 29 28 25 23 17 8 4 3 4 4 4 4 8 11 10 10 10 8 8 9 15 19 33 41 32 20 16 13 12 11 21 22 15 12 4 9 37 24 12 5 3 3 3 4 4 4 5 4 4 4 4 4 4 4 5 12 26 37 39 39 37 37 36 36 36 36 36 36 36 36 36 36 36 36 36 36 36 35 35 35 35 35 35 35 35 35 35 35 35 33 33 33 34 34 34 33 32 32 32 32 32 32 32 31 31 31 31 31 31 31 32 32 32 33 33 33 35 35 35 33 
19 19 21 23 27 31 36 36 35 36 33 29 28 25 22 16 8 3 2 2 3 4 5 12 15 14 14 12 17 23 39 51 54 65 69 58 40 27 22 18 17 22 23 22 17 12 25 35 24 9 3 3 3 3 4 4 4 4 4 3 3 4 4 4 4 5 12 27 37 38 38 36 36 36 36 36 36 36 36 36 36 36 36 36 36 36 36 36 35 35 35 35 35 35 35 35 35 35 35 35 33 33 33 34 34 34 33 32 32 32 32 32 32 32 31 31 31 31 31 31 31 31 32 32 32 35 35 35 35 35 35 
19 19 19 23 26 30 35 36 36 37 36 31 30 28 23 15 8 2 1 2 8 10 12 15 16 12 11 12 29 52 87 99 102 96 90 80 70 60 47 33 28 32 37 38 35 31 32 24 11 7 5 5 5 5 7 5 5 4 4 4 4 4 4 4 4 5 12 26 37 37 37 36 36 36 36 36 36 36 36 36 36 36 36 36 36 36 36 36 35 35 35 35 35 35 35 35 35 35 35 35 33 33 33 34 34 34 34 33 33 33 33 33 33 33 32 32 32 32 32 32 31 31 32 32 32 32 35 35 35 35 35 
19 19 19 24 27 31 36 37 37 38 37 33 31 29 24 16 8 2 1 5 24 35 42 49 51 44 40 45 72 107 149 158 156 145 136 124 118 117 120 104 110 109 106 92 68 47 44 22 10 11 10 9 8 7 7 7 5 4 4 4 4 4 4 4 4 5 12 26 34 36 37 36 36 36 36 36 36 36 36 36 36 36 36 36 36 36 36 36 35 35 35 35 35 35 35 35 35 35 35 35 33 33 33 34 34 34 34 33 33 33 33 33 33 33 32 32 32 32 32 32 31 31 32 32 32 32 32 35 35 35 33 
19 19 21 23 26 31 36 38 39 39 39 36 35 32 25 18 9 3 4 23 56 86 106 138 150 148 148 145 158 182 208 212 207 205 202 194 192 196 202 193 198 199 194 172 149 106 79 35 22 19 16 16 14 10 8 7 5 5 4 4 4 3 3 4 4 5 13 26 33 34 37 36 36 36 36 36 36 36 36 36 36 36 36 36 36 36 36 36 35 35 35 35 35 35 35 35 35 35 35 35 33 33 33 34 34 34 34 34 34 33 33 33 32 33 32 32 32 32 32 32 31 31 31 31 31 31 31 31 31 32 32 
19 21 22 24 26 31 36 38 40 41 40 39 38 34 26 19 10 5 9 35 78 129 175 224 237 237 237 233 231 237 241 242 240 240 241 243 244 244 245 246 248 249 247 241 229 195 144 94 70 66 64 53 40 29 22 16 11 8 5 4 3 3 4 5 4 5 13 26 33 34 37 36 36 36 36 36 36 36 36 36 36 36 36 36 36 36 36 36 35 35 35 35 35 35 35 35 35 35 35 35 33 33 33 34 34 34 34 34 34 33 33 33 33 33 32 33 32 32 32 32 31 31 31 31 30 30 30 30 30 31 31 
19 19 22 25 27 30 36 38 39 43 43 43 40 38 30 21 11 5 16 59 118 184 228 243 245 248 249 252 252 252 251 251 252 251 251 251 251 251 251 251 251 251 252 252 244 241 212 199 173 169 163 146 123 93 85 72 56 35 18 6 4 5 4 3 3 5 12 26 33 33 36 36 36 37 37 36 36 36 36 36 36 36 36 36 36 36 36 36 36 36 36 36 35 35 35 35 35 35 35 35 35 35 35 33 35 35 35 33 33 33 32 33 33 33 33 33 33 32 32 32 31 31 31 31 31 31 30 30 30 31 31 
19 19 22 25 29 32 36 38 39 43 43 44 42 43 39 29 24 37 77 135 185 227 237 236 241 243 244 247 250 250 250 251 250 249 244 241 240 242 244 247 248 249 249 249 251 248 248 246 242 240 238 234 209 169 146 120 90 54 33 13 2 2 3 3 4 6 14 26 34 35 36 36 36 37 37 36 36 36 36 36 36 36 36 36 36 36 36 36 36 36 36 36 35 35 35 35 35 35 35 35 35 35 35 33 35 35 35 35 33 33 33 35 35 35 33 33 32 32 32 32 31 31 31 31 31 31 30 30 30 30 31 
19 21 22 25 30 33 36 37 38 42 44 45 50 68 68 45 49 89 156 212 236 247 248 248 247 248 250 249 249 249 251 249 247 236 223 217 220 225 236 240 247 248 251 251 250 247 245 245 247 251 252 252 244 217 184 142 91 51 33 14 3 4 5 4 5 6 14 26 33 35 36 37 37 37 37 36 36 36 36 36 36 36 36 36 36 36 36 36 36 36 36 36 35 35 35 35 35 35 35 35 35 35 35 35 35 35 35 35 35 35 35 35 35 35 35 33 32 32 32 31 31 31 31 31 31 31 31 31 31 31 31 
21 21 23 26 31 34 37 38 39 43 45 50 71 107 111 94 116 170 222 245 251 253 253 253 253 252 249 244 242 243 239 227 216 200 185 179 182 196 210 219 228 228 233 230 226 216 214 234 245 249 251 252 252 246 216 171 107 53 25 8 7 8 6 5 4 7 15 26 36 36 36 37 37 37 37 36 36 36 36 36 36 36 36 36 36 36 36 36 36 36 36 36 35 35 35 35 35 35 35 35 35 35 35 35 35 35 35 35 35 35 36 36 35 36 35 35 33 33 33 32 32 31 31 31 31 31 31 31 31 32 32 
23 22 24 27 32 36 38 38 40 43 44 59 89 131 152 158 191 228 251 252 251 249 250 248 240 230 221 207 195 194 184 166 156 145 132 124 128 145 158 167 175 174 175 171 162 150 145 191 220 235 243 245 245 249 240 220 167 96 47 19 10 7 4 5 5 7 15 28 37 36 36 36 36 37 37 36 36 36 36 36 36 36 36 36 36 36 36 36 36 36 36 36 35 35 35 35 35 35 35 35 35 35 35 35 35 35 35 35 35 35 36 36 35 35 35 33 33 33 33 33 32 32 32 31 31 31 31 31 31 31 32 
25 25 28 31 34 38 40 40 42 42 45 66 89 140 188 214 240 248 252 251 244 229 217 194 180 169 155 139 127 125 114 102 92 85 74 67 72 88 95 100 102 102 101 100 96 95 95 135 166 195 214 220 221 231 240 240 223 173 108 53 21 5 2 8 7 8 15 29 37 36 36 36 36 37 37 36 36 36 36 36 36 36 36 36 36 36 36 36 36 36 36 36 35 35 35 35 35 35 35 35 35 35 35 35 35 35 35 35 35 35 36 36 35 35 35 35 33 33 35 33 33 33 33 32 32 32 31 31 31 31 32 
30 30 32 34 37 38 40 42 42 43 50 61 80 145 213 243 249 245 247 236 211 181 155 121 102 91 81 71 64 64 65 64 59 56 50 46 47 56 63 65 65 64 64 61 63 61 62 94 115 138 159 171 177 182 200 214 227 226 181 100 38 12 7 7 9 9 16 30 37 36 36 36 36 37 37 36 36 36 36 36 36 36 36 36 36 36 36 36 36 36 36 36 35 35 35 35 35 35 35 35 35 35 35 35 35 35 35 35 35 35 35 36 36 36 35 35 35 35 35 33 33 33 33 33 33 32 32 31 31 31 32 
32 32 36 38 40 40 43 43 44 46 47 54 88 150 212 245 250 244 235 204 152 115 89 67 55 52 47 44 42 42 44 43 44 44 42 39 40 40 42 42 42 42 40 39 38 40 41 61 73 88 106 116 124 137 144 149 179 216 217 156 79 31 15 5 10 9 17 30 38 37 36 36 36 37 37 36 36 36 36 36 36 36 36 36 36 36 36 36 36 36 36 36 35 35 35 35 35 35 35 35 35 35 35 35 35 35 35 35 35 35 36 36 36 36 35 35 35 35 35 35 35 35 35 35 35 33 33 32 32 31 32 
33 36 36 37 39 43 44 44 44 45 50 65 102 162 217 244 246 235 207 158 100 68 47 43 34 33 32 31 31 32 33 35 36 37 35 35 35 36 36 33 33 31 30 30 31 32 35 40 46 52 66 80 88 100 110 108 136 182 217 200 136 85 60 19 15 8 16 31 37 38 38 36 36 35 35 35 35 36 36 35 35 36 36 36 36 37 37 36 36 36 36 36 36 36 35 35 35 35 35 35 35 35 35 36 36 36 36 36 36 36 36 36 36 35 35 35 35 35 35 33 33 33 33 33 33 33 32 32 32 31 32 
34 38 39 38 40 43 45 44 45 46 51 64 99 164 217 236 231 207 172 128 78 43 31 29 22 17 18 19 19 21 24 26 29 29 29 30 30 31 31 30 29 28 30 31 29 26 28 34 38 39 50 59 65 71 72 75 92 137 195 224 196 139 89 53 25 7 16 30 37 38 38 37 37 37 37 37 37 36 36 35 36 36 36 36 37 37 37 36 36 36 36 36 36 36 35 35 35 35 35 35 35 35 35 36 36 36 36 36 36 36 36 36 36 36 35 35 35 35 35 33 33 33 33 33 33 32 32 32 32 31 32 
36 38 39 40 42 43 43 45 46 46 49 60 102 178 226 224 201 169 129 92 57 33 23 21 15 11 14 16 16 18 18 19 22 24 28 29 30 31 31 31 29 26 27 26 23 22 22 25 32 38 41 45 46 49 52 57 66 95 160 216 224 182 111 72 23 5 17 30 37 38 39 38 38 38 38 37 37 36 36 36 36 36 36 37 37 37 37 36 36 36 36 36 36 36 36 36 36 35 35 35 35 35 35 36 36 36 36 36 36 36 36 36 36 36 35 35 35 35 35 33 33 33 33 33 33 32 32 32 32 31 32 
37 39 39 42 43 43 44 45 46 46 51 71 117 191 233 212 167 124 88 61 40 26 18 12 9 10 11 12 14 15 16 16 17 22 25 26 29 30 30 29 27 25 24 23 22 17 17 21 23 32 36 39 41 43 45 47 54 72 125 191 220 196 136 90 33 9 14 31 37 38 39 38 37 37 37 36 36 35 35 36 36 36 37 37 37 37 37 37 37 36 36 36 36 36 36 36 36 36 36 36 35 35 35 36 36 36 36 36 36 36 36 36 36 36 35 35 35 35 35 33 33 33 33 33 33 32 32 31 32 31 32 
39 39 40 42 43 44 45 46 46 45 50 84 143 205 227 191 136 90 63 44 29 19 16 12 11 11 11 11 14 16 17 17 18 19 23 24 25 26 26 26 24 22 19 17 18 17 18 19 19 23 31 33 33 37 39 43 49 65 103 159 207 220 189 137 74 33 24 32 37 38 39 38 38 38 38 37 37 36 36 36 36 37 37 37 37 37 37 37 37 37 36 36 36 36 36 36 36 36 36 36 35 35 35 36 36 36 36 36 36 36 36 36 36 36 35 35 35 35 35 33 33 33 33 32 32 32 32 32 33 33 33 
40 40 42 43 45 45 45 46 45 43 47 90 159 208 203 155 100 63 47 34 24 18 16 14 11 10 9 9 11 15 15 15 17 17 19 22 23 23 24 24 22 19 18 16 17 18 19 19 19 21 23 26 29 32 36 39 44 57 82 127 187 228 222 187 118 66 42 33 38 38 39 38 39 39 39 38 38 37 37 37 37 37 37 37 37 38 38 37 37 37 36 36 36 36 36 36 36 36 36 36 35 35 35 36 36 36 36 36 36 36 36 36 36 36 35 35 35 35 35 33 33 33 33 32 32 32 32 33 33 33 33 
40 42 42 43 45 46 47 46 49 51 67 120 181 206 178 118 71 45 38 32 25 23 19 17 12 10 9 8 10 12 14 15 16 18 19 20 23 24 24 24 22 19 19 18 18 18 19 19 21 20 20 22 25 30 35 37 42 50 72 101 155 215 235 219 153 77 37 37 39 39 39 39 39 39 39 39 39 38 37 38 37 37 37 37 37 38 38 37 37 37 36 36 36 36 36 36 36 36 36 36 35 35 35 36 36 36 36 36 36 36 36 36 36 36 35 35 35 35 35 33 33 34 34 33 33 33 33 35 35 36 36 
43 42 43 44 45 45 46 45 47 52 86 151 196 189 148 95 55 35 30 28 26 23 21 19 17 13 12 11 12 12 12 15 16 17 18 20 20 22 22 22 22 20 19 18 19 18 19 17 19 20 18 19 26 30 33 35 39 47 64 81 117 181 231 227 172 88 38 37 40 39 39 39 38 38 38 38 38 39 38 38 38 37 38 37 37 37 37 37 37 37 37 37 37 36 37 37 37 36 36 36 35 35 35 36 36 36 36 36 36 36 36 36 36 36 36 36 35 35 35 33 35 36 36 35 35 35 35 36 36 36 36 
44 43 43 44 45 46 46 46 47 53 97 165 194 166 120 80 46 28 22 22 23 21 19 19 19 19 18 17 16 16 15 15 16 16 17 17 17 17 19 18 18 18 19 19 19 19 18 18 18 17 17 19 24 29 32 32 37 45 53 64 87 138 203 222 188 104 52 38 40 40 40 40 39 38 38 38 38 38 38 39 38 38 38 38 37 37 37 38 38 38 38 37 37 37 36 36 37 36 36 36 36 36 36 36 36 36 35 35 35 35 35 35 35 36 36 36 35 35 35 33 35 35 35 36 36 35 35 36 36 36 36 
44 43 43 44 45 47 48 47 49 71 120 163 170 136 100 71 40 25 19 18 19 19 18 19 19 21 21 19 19 18 17 17 16 17 16 15 13 13 13 12 15 17 18 18 18 17 17 16 15 16 17 18 24 29 31 31 35 43 47 54 66 101 166 203 192 110 56 38 40 40 41 41 40 39 39 39 39 40 40 40 39 40 39 38 38 38 38 38 38 38 38 38 37 37 35 38 37 37 36 36 37 37 38 38 37 36 36 36 35 35 35 33 35 36 36 37 37 36 35 35 35 36 36 37 36 35 35 35 35 36 36 
44 44 42 43 44 46 47 50 52 86 132 156 143 109 85 65 39 25 19 18 18 17 17 17 17 19 19 20 20 18 17 17 16 16 16 15 12 11 10 9 12 16 16 16 17 17 16 16 16 16 16 19 23 25 29 30 31 39 50 48 53 73 125 171 179 118 59 40 40 41 43 42 40 39 39 39 40 40 42 42 42 42 40 39 39 38 38 38 38 39 39 40 39 38 37 39 37 37 37 38 38 38 39 42 39 38 38 38 37 37 37 36 36 36 36 37 37 37 37 36 37 37 37 37 37 36 35 35 35 36 36 
45 44 43 44 44 46 49 50 63 101 140 141 118 90 69 59 40 26 19 17 17 16 15 16 16 18 18 19 18 17 17 18 17 16 16 13 12 11 11 11 14 17 18 18 18 18 17 17 17 17 15 18 23 23 25 26 30 34 44 45 44 54 90 134 159 122 64 45 44 44 44 43 42 40 38 38 38 39 42 42 43 43 42 40 40 39 39 38 38 39 40 40 40 39 38 39 39 37 38 38 38 40 42 42 42 40 39 39 39 39 39 38 38 38 37 37 36 36 37 36 37 37 37 38 38 37 36 35 35 36 36 
46 45 44 44 43 47 56 47 67 108 136 124 101 82 60 47 36 25 18 16 16 14 14 15 16 17 17 17 15 15 17 18 18 16 15 15 13 12 10 10 12 14 15 16 16 18 17 17 17 16 15 19 24 24 24 25 27 29 35 39 38 43 66 107 142 122 75 50 44 43 44 44 42 40 39 39 38 39 40 40 43 44 43 42 40 39 39 39 39 40 42 42 42 40 39 39 38 37 37 38 40 42 43 43 43 42 40 39 39 39 40 39 39 39 38 38 37 36 36 36 36 37 37 38 38 37 37 36 35 35 36 
46 45 44 44 43 49 58 64 93 130 145 117 89 75 50 35 30 22 16 15 12 11 11 12 13 15 16 15 14 15 17 18 18 17 16 15 13 12 10 11 12 14 15 16 16 18 18 18 18 16 15 18 23 23 24 23 25 25 29 31 33 37 52 93 133 125 80 53 43 43 44 44 43 40 40 40 39 40 40 39 42 44 44 43 42 40 39 39 39 40 40 42 43 43 40 39 38 38 36 38 40 42 42 43 43 42 40 39 38 38 39 39 39 39 39 38 37 36 36 35 36 37 37 38 38 38 38 37 36 35 36 
44 43 42 42 40 49 61 89 121 142 137 110 81 64 46 31 26 22 17 15 11 10 10 9 10 12 14 14 14 15 17 18 18 18 17 15 13 12 11 12 12 14 14 15 17 18 18 18 17 16 15 16 19 22 23 21 23 23 24 26 28 32 41 75 115 127 90 56 44 44 44 44 43 42 40 40 39 39 39 38 39 43 44 45 43 42 39 38 38 39 39 42 42 42 42 40 38 38 36 38 40 42 42 42 42 40 40 39 38 38 38 38 39 39 39 39 38 37 36 35 36 36 37 37 37 38 38 37 37 36 35 
43 42 42 40 39 49 64 107 135 151 142 115 85 60 44 29 23 20 17 15 12 10 9 9 10 11 12 14 12 12 15 18 18 18 17 16 15 12 13 14 14 14 14 15 16 17 18 18 18 17 16 16 18 20 20 21 22 22 22 23 24 27 33 40 83 124 109 70 47 45 44 44 43 43 40 40 39 39 39 38 38 42 45 46 45 43 39 37 37 37 38 40 42 43 42 42 40 38 37 38 39 42 42 42 42 40 39 39 38 37 36 37 37 38 39 39 38 37 37 36 36 36 37 37 37 38 38 38 37 37 35 
42 40 39 39 38 47 68 111 165 186 165 128 92 60 39 26 22 19 17 16 12 11 10 10 11 11 14 14 12 12 14 15 17 17 17 15 15 12 12 17 14 15 14 15 15 16 18 18 19 18 17 16 18 19 18 21 21 19 19 21 22 23 23 29 60 104 120 88 53 46 45 45 44 44 43 40 39 37 37 37 38 42 45 47 45 43 38 37 37 37 38 38 42 43 42 42 40 38 36 37 38 38 40 40 40 40 40 39 37 36 36 35 36 38 38 38 38 38 36 37 37 37 38 37 37 38 39 38 38 37 35 
40 40 39 39 39 50 80 111 156 173 151 128 101 60 33 24 22 19 18 17 14 12 12 11 12 12 14 14 12 12 12 15 16 17 17 16 15 14 14 11 11 15 17 16 16 16 17 18 19 19 21 17 18 18 18 19 21 18 18 18 19 19 18 20 40 82 124 113 71 48 45 44 44 44 43 41 39 38 37 37 37 40 45 46 45 43 39 37 37 37 36 37 39 42 42 43 42 38 36 36 36 37 39 39 40 42 42 39 38 36 35 33 35 37 38 38 38 38 36 37 36 37 37 36 37 38 38 38 38 36 33 
39 40 40 39 42 60 92 122 156 156 130 103 75 50 32 23 21 21 21 18 16 15 15 14 15 15 15 15 12 12 12 14 15 16 15 15 15 14 12 10 11 16 17 17 16 16 16 17 18 21 24 23 21 19 18 19 19 17 16 16 16 17 17 17 33 72 124 131 86 53 45 42 43 43 42 42 39 38 37 37 37 39 44 46 46 44 40 38 37 35 33 36 38 42 42 43 40 38 36 35 36 37 37 38 40 40 42 40 38 35 33 33 33 37 37 37 38 38 37 36 33 36 36 36 37 38 38 39 38 36 33 
39 42 42 40 46 68 106 157 185 158 121 88 61 40 24 18 17 21 24 19 17 17 17 17 17 17 17 16 15 12 12 12 12 14 11 10 11 12 12 10 10 11 14 17 18 17 15 15 17 21 23 24 22 19 18 18 19 16 15 15 14 15 16 18 29 60 121 156 112 65 45 43 43 43 42 42 39 37 37 37 37 38 43 46 46 45 40 38 35 33 31 35 38 42 42 43 40 38 37 35 33 35 37 37 39 39 39 39 38 35 32 32 35 36 36 36 38 38 37 35 35 35 36 35 37 38 38 38 37 36 33 
39 42 40 41 53 87 143 191 208 172 120 75 47 29 16 16 17 22 25 21 18 19 18 18 18 18 18 17 16 15 12 12 11 11 9 7 7 9 11 11 11 11 12 16 17 16 14 12 15 18 21 22 21 18 17 17 18 16 15 15 14 14 15 18 24 47 112 165 141 85 51 43 43 44 43 42 38 37 36 36 37 38 40 44 45 44 40 38 35 32 30 36 38 41 43 44 41 39 37 36 35 33 35 36 38 38 38 38 37 35 32 32 32 32 35 38 38 38 37 36 35 35 35 35 35 36 38 38 38 36 33 
40 40 39 43 55 100 154 203 220 193 123 66 37 21 15 18 21 22 23 21 19 21 19 19 19 19 19 18 16 14 12 11 11 9 9 9 9 11 11 11 11 11 11 15 16 15 14 11 12 16 17 18 19 18 17 17 16 16 15 15 14 14 12 16 20 34 93 164 166 112 62 43 43 44 43 42 38 37 36 36 37 38 40 43 45 44 40 39 35 31 30 34 37 41 43 43 41 39 38 36 33 33 35 36 38 38 38 37 37 35 33 33 32 33 35 37 38 38 37 36 35 35 35 33 35 37 38 39 38 36 33 
42 42 40 39 52 95 151 188 209 186 122 60 29 21 21 23 23 21 19 19 19 19 19 19 19 21 21 19 17 14 11 10 9 8 9 9 12 16 16 12 12 11 11 12 15 15 15 13 11 12 13 16 19 17 17 16 16 16 16 15 15 15 15 15 17 25 79 160 175 124 68 43 42 44 43 43 39 37 36 36 37 38 39 42 44 43 40 39 35 33 31 33 37 40 41 41 41 39 37 35 35 35 33 35 37 37 37 38 38 36 34 34 34 34 37 38 38 38 37 36 36 34 36 33 35 37 37 39 37 35 33 
44 44 42 44 64 103 159 200 216 184 116 54 24 25 28 24 22 19 17 17 17 16 16 16 17 16 16 16 15 12 9 9 7 7 8 9 14 17 18 15 13 10 10 11 14 16 15 15 12 9 10 13 15 16 15 16 15 15 15 15 13 15 16 17 19 24 65 138 169 128 70 43 40 45 43 43 40 36 36 36 37 38 38 40 43 42 40 39 36 33 31 32 36 39 40 43 41 39 37 36 36 35 33 35 37 37 37 38 38 36 34 34 34 34 37 38 38 38 37 36 34 32 33 32 35 37 37 38 38 36 33 
44 44 46 57 86 132 186 225 231 184 113 51 27 31 28 22 21 18 15 14 14 12 11 11 11 11 10 10 9 8 7 7 7 7 8 11 15 18 18 16 14 10 9 9 12 16 16 15 13 10 9 11 11 12 14 16 16 15 15 15 13 16 16 18 24 26 53 115 158 128 70 42 39 43 42 43 39 37 36 36 37 38 38 40 43 42 40 38 36 34 33 31 35 39 40 40 39 39 37 37 37 36 35 35 37 37 37 38 38 36 34 34 33 36 36 37 37 38 37 36 34 32 33 33 34 36 37 40 39 36 33 
43 44 47 64 100 156 213 243 238 185 111 56 32 30 23 19 19 16 12 10 10 10 9 10 9 9 8 7 5 4 4 5 7 9 9 12 17 19 19 18 15 10 10 9 10 12 15 16 15 11 11 12 11 12 14 15 15 15 15 13 15 16 18 20 25 28 45 94 141 129 72 40 40 39 40 43 39 37 36 36 37 38 38 39 42 42 40 38 35 34 33 30 33 38 40 40 40 39 37 37 37 36 35 35 37 37 37 38 38 36 34 34 33 36 36 36 38 38 37 36 34 32 32 33 34 37 38 39 38 37 35 
45 46 47 67 107 160 229 247 238 180 108 57 32 28 23 18 17 14 11 9 9 10 10 10 10 10 9 7 8 5 7 9 10 10 11 15 18 19 21 19 16 12 11 10 11 12 15 15 15 15 14 12 12 14 14 14 14 15 16 16 17 17 19 20 24 27 38 75 125 128 80 42 40 44 40 43 40 37 36 36 37 38 38 39 42 40 40 38 36 33 32 30 33 37 39 39 40 40 38 37 37 36 35 35 37 37 37 38 38 36 34 34 33 36 36 38 38 38 37 37 34 33 33 32 34 37 38 38 38 37 35 
46 50 54 74 112 166 232 248 228 164 97 53 32 24 19 17 15 12 9 7 8 9 10 10 11 11 10 9 10 10 11 12 14 14 15 17 18 21 22 19 16 13 13 11 11 12 13 15 15 15 15 15 15 14 14 14 15 15 16 17 18 20 23 23 26 30 41 85 139 140 91 49 40 38 42 43 40 37 36 36 37 38 38 39 42 42 40 39 37 35 32 30 32 37 39 40 40 40 39 37 37 36 35 35 37 37 37 38 38 36 34 34 33 36 36 38 38 39 38 37 36 33 33 33 33 34 37 38 38 37 35 
47 50 55 85 136 200 235 240 213 150 88 51 30 18 16 16 14 11 8 8 9 10 11 11 12 11 10 11 10 11 12 15 16 17 19 19 20 23 22 19 18 15 15 13 13 13 15 15 16 16 16 15 15 15 15 14 15 15 15 17 18 19 24 26 29 33 46 98 160 164 110 59 44 38 42 43 40 37 36 36 36 37 38 39 40 42 42 40 37 36 35 32 32 37 39 40 42 42 40 38 36 35 35 35 37 37 37 38 38 37 34 34 34 34 37 37 39 39 38 38 36 33 33 33 33 36 37 38 38 37 36 
46 48 53 80 144 217 242 233 205 139 80 46 26 16 15 16 14 10 9 10 10 11 12 12 12 12 12 12 14 15 15 16 17 19 19 19 19 19 20 19 18 17 16 16 16 16 17 17 17 16 16 16 15 15 14 14 15 16 16 18 19 21 24 26 28 32 40 90 159 187 142 72 46 43 43 43 40 37 36 36 36 37 38 39 40 42 42 40 38 36 35 32 32 37 39 40 42 43 40 38 36 35 35 35 37 37 37 38 38 37 36 36 34 34 37 37 39 39 38 38 36 34 34 33 33 36 37 37 38 37 36 
45 48 52 68 131 214 242 224 185 120 70 42 22 14 15 15 14 12 11 11 10 11 12 12 14 15 14 15 16 17 18 20 20 22 22 19 18 17 17 18 18 16 16 16 16 16 17 18 17 17 17 17 16 15 15 14 16 17 17 17 19 21 22 24 24 31 32 65 150 196 159 87 47 40 42 44 40 37 36 36 36 37 37 38 40 40 42 42 38 36 33 32 32 35 38 40 43 44 42 38 36 35 35 35 37 38 38 39 39 37 37 35 33 33 36 37 39 39 38 38 36 34 34 33 33 36 37 37 38 37 36 
45 50 51 57 108 184 220 203 151 89 53 33 18 12 14 12 12 14 12 11 12 14 14 15 15 16 16 17 18 18 21 23 23 24 23 21 19 18 18 19 21 19 18 17 17 17 18 19 19 19 18 18 17 16 16 16 17 17 17 18 19 21 21 22 23 26 29 40 100 167 159 102 49 39 40 45 42 38 36 36 36 37 37 38 40 40 42 42 39 37 35 33 32 35 37 39 42 43 42 38 36 35 35 35 37 38 38 39 39 38 38 35 35 32 36 37 39 39 38 38 36 34 34 33 33 36 37 37 38 37 37 
44 47 50 60 100 164 191 164 102 46 24 18 15 15 15 15 14 12 12 13 15 16 17 16 16 17 17 19 22 22 24 23 23 25 24 23 21 21 21 23 22 22 21 19 18 18 19 21 21 22 21 21 19 18 17 16 17 18 18 18 19 21 21 21 21 22 26 30 60 109 134 65 47 40 40 46 41 39 37 35 36 37 37 39 39 39 40 40 39 38 36 33 33 35 38 39 42 43 42 38 36 35 33 35 37 38 38 38 38 37 36 35 35 32 36 37 39 39 38 38 36 34 34 32 32 36 36 37 37 38 37 
42 44 47 65 108 164 173 129 72 26 17 17 18 18 21 21 17 14 12 13 15 16 17 16 16 17 18 20 22 23 25 25 25 25 24 23 23 24 24 25 25 26 25 24 23 22 22 23 22 23 23 23 21 19 18 18 19 19 21 19 21 19 19 18 18 19 19 24 40 84 123 72 47 41 41 46 41 38 37 35 36 37 37 39 40 40 40 40 39 38 36 35 33 35 37 38 42 43 42 38 36 35 33 35 37 38 38 38 38 37 36 35 33 32 35 36 38 39 38 38 36 34 34 32 32 36 36 37 37 37 37 
39 42 46 60 109 181 180 118 63 21 26 35 43 47 36 29 25 18 15 14 14 15 15 16 16 18 19 19 21 23 24 25 25 26 25 25 25 25 28 26 26 28 26 25 24 24 24 25 24 25 23 23 22 21 17 22 24 23 23 22 22 21 19 18 18 17 17 21 36 73 111 82 50 44 43 46 40 38 37 36 36 37 37 39 40 40 40 39 39 39 37 35 33 35 36 38 40 42 42 38 36 35 33 35 37 38 38 39 39 38 37 35 33 32 33 36 38 39 39 38 36 34 34 32 32 36 36 37 37 37 37 
40 42 43 58 108 178 179 122 72 35 47 74 84 82 53 37 33 24 21 16 16 16 15 16 16 18 19 19 22 24 25 25 25 26 26 26 26 28 28 28 28 28 28 26 25 25 26 25 25 25 24 24 23 23 21 24 26 26 25 24 24 22 18 18 16 14 15 17 26 54 96 88 53 48 44 45 41 39 38 36 37 37 37 39 40 40 40 39 39 39 37 35 33 35 36 38 40 42 42 39 37 35 33 33 36 38 38 39 39 38 37 35 33 32 33 36 37 39 39 38 37 36 34 32 32 34 36 37 37 37 37 
40 44 41 54 106 169 182 137 91 68 89 118 124 118 82 49 38 29 25 19 17 16 16 16 16 17 18 19 22 24 25 26 26 26 26 26 26 28 28 28 28 28 26 26 28 28 26 28 28 26 26 27 25 24 22 24 27 26 28 25 25 23 19 17 15 13 16 17 32 67 116 93 54 51 45 45 41 39 38 36 37 37 37 39 40 40 40 40 39 38 36 34 33 34 36 37 39 42 42 39 37 35 33 33 36 37 38 39 39 38 37 35 33 32 33 36 37 39 39 38 37 36 34 32 32 33 36 36 37 37 37 
42 44 43 54 97 157 195 170 124 111 137 160 165 157 120 74 47 33 28 22 18 17 16 16 16 17 18 19 22 23 25 26 26 28 26 26 26 28 28 28 28 28 28 28 28 28 29 29 30 30 29 29 27 26 24 24 26 26 28 25 25 24 21 17 16 15 17 20 33 73 125 100 58 52 45 44 43 40 38 36 37 37 37 39 40 40 40 40 39 38 36 34 33 33 36 36 38 42 40 40 37 35 33 33 35 36 37 38 39 38 37 35 32 33 35 36 37 40 39 38 37 36 34 32 32 33 34 36 37 37 37 
42 44 43 52 79 130 193 209 174 155 174 201 207 196 157 120 79 50 31 25 21 18 16 16 16 17 17 19 21 23 24 25 26 28 26 26 28 28 28 28 28 28 28 28 29 29 30 30 31 31 31 30 29 26 24 25 26 28 29 28 28 26 24 19 17 18 20 22 39 86 136 111 63 46 40 42 42 40 39 38 38 37 37 39 40 40 40 40 39 38 36 33 32 32 33 35 37 40 40 40 37 35 33 32 35 35 37 38 38 38 37 35 32 33 35 36 37 40 39 38 37 36 34 33 33 33 33 34 37 38 37 
42 44 45 45 57 89 159 209 212 195 200 219 224 217 196 158 108 68 38 28 23 19 17 17 16 16 17 18 19 22 24 24 26 26 26 26 28 28 28 28 28 28 28 29 29 29 30 30 31 31 32 32 30 28 26 28 29 29 30 29 29 27 25 21 19 23 25 24 46 99 153 121 61 45 39 42 42 43 41 39 38 37 37 39 40 40 42 40 39 38 36 33 32 32 33 35 37 39 40 40 38 36 33 32 33 36 37 38 38 38 37 35 32 32 33 36 37 40 39 39 37 36 33 32 32 33 33 34 36 37 37 
42 43 44 45 46 61 115 174 214 235 241 244 246 243 228 188 138 87 44 31 26 22 19 17 17 17 18 18 19 22 23 24 26 26 26 26 26 28 28 28 28 29 28 29 29 30 30 30 31 31 32 32 31 31 31 30 31 31 31 30 30 29 26 22 22 25 26 30 57 111 169 124 63 45 39 42 43 45 43 41 40 38 38 38 40 40 42 42 40 39 37 35 32 32 33 36 38 40 40 40 37 35 32 32 33 35 36 37 37 37 37 36 33 32 33 34 36 39 40 40 38 34 33 32 32 33 34 33 36 37 36 
42 43 44 44 44 47 74 117 170 221 245 249 249 246 240 217 163 97 47 32 29 23 19 18 18 18 18 18 19 21 22 22 25 26 26 26 26 26 28 28 28 29 29 29 29 30 31 30 31 31 32 32 32 32 32 31 32 32 32 31 31 30 26 22 23 29 29 35 80 138 189 134 65 45 39 39 40 45 43 41 40 38 38 38 40 40 42 42 40 39 37 35 32 32 33 35 37 39 40 40 37 35 33 32 33 35 36 37 37 37 37 36 33 31 32 33 36 39 40 40 38 34 32 31 31 33 34 33 34 36 36 
43 43 43 44 45 42 50 69 109 164 224 247 250 248 247 236 186 111 52 36 30 24 22 21 19 18 18 18 18 21 21 22 24 24 26 26 26 25 25 26 28 29 29 29 30 31 31 31 32 32 33 32 32 32 32 31 32 33 33 33 32 31 27 24 24 29 30 38 79 146 201 148 72 45 39 37 38 44 43 41 40 38 38 38 40 40 42 42 40 39 37 35 32 32 32 35 37 39 40 40 38 36 33 35 32 33 36 37 37 37 37 36 33 31 31 32 34 38 40 40 38 36 33 31 32 33 33 33 33 34 34 
41 42 43 44 45 44 45 50 68 106 169 213 234 243 245 227 177 109 61 40 30 26 23 22 21 18 17 18 18 19 21 22 24 24 24 25 25 26 25 26 26 29 30 29 30 31 31 31 32 32 33 32 32 32 32 31 31 32 33 33 32 31 26 25 25 30 33 42 80 142 198 155 80 50 42 35 39 44 43 41 40 38 38 38 40 40 42 42 40 40 38 35 32 32 32 35 38 40 40 39 37 35 35 35 32 33 36 38 38 37 37 36 33 31 31 32 34 38 40 40 38 36 33 31 32 33 33 33 33 33 34 
40 42 44 43 43 43 44 44 45 63 94 131 168 194 210 178 125 84 63 42 31 26 24 22 21 18 17 19 20 22 23 24 25 24 24 24 24 25 26 26 28 29 29 30 30 30 32 31 32 32 32 32 32 32 32 31 31 31 32 32 31 30 28 26 26 33 39 45 73 122 173 163 104 70 47 38 36 43 41 40 39 38 38 38 40 40 42 42 40 40 38 36 33 33 33 35 37 39 40 39 37 35 35 33 32 32 35 38 38 37 37 36 33 31 31 32 34 37 39 39 38 36 33 32 32 32 32 33 33 33 34 
40 42 43 43 43 43 43 43 41 45 53 67 87 107 123 90 57 49 63 49 33 25 24 23 22 19 19 19 20 22 23 24 25 24 23 21 21 22 23 23 26 29 30 30 30 31 31 31 32 32 32 32 32 32 32 31 31 31 32 32 31 30 29 27 29 36 43 46 61 92 134 163 127 88 56 44 40 40 39 38 38 38 38 38 40 40 40 42 40 40 38 36 33 33 33 35 37 39 40 39 37 35 35 33 31 32 33 36 38 38 37 36 33 31 31 32 33 36 38 39 38 36 34 32 32 32 32 33 33 34 36 
40 42 44 44 43 43 43 43 41 40 40 44 44 35 35 22 17 45 82 77 37 23 25 24 23 22 21 21 21 22 21 22 23 22 19 18 18 17 19 21 22 23 25 29 31 31 31 32 33 32 32 32 32 32 32 31 31 32 33 32 32 32 30 31 32 36 40 44 52 71 97 139 142 104 66 51 44 41 38 36 37 37 35 37 40 40 43 43 42 43 39 36 33 33 33 33 36 38 39 39 37 36 36 33 32 32 32 35 37 38 37 36 33 31 31 32 33 36 37 38 37 36 34 33 32 32 32 33 33 34 36 
42 43 44 44 44 43 43 43 41 39 40 43 43 36 18 8 14 54 97 88 42 23 26 26 24 23 23 23 22 21 21 21 19 18 16 15 14 15 16 16 18 19 19 22 24 28 30 32 33 32 32 32 32 32 32 32 31 32 33 32 32 32 32 34 37 37 39 43 49 56 72 103 132 125 96 74 56 47 43 46 42 40 35 37 40 40 45 43 42 43 40 36 35 33 32 33 36 38 39 39 38 36 36 33 32 32 32 35 37 38 38 37 33 32 31 33 33 36 37 38 38 36 34 34 33 33 33 33 34 36 37 
40 43 45 45 44 43 43 43 42 41 41 43 44 38 31 12 9 45 88 72 38 24 26 25 24 22 23 23 23 19 18 17 16 15 11 11 10 11 11 14 15 17 17 19 21 23 26 30 32 32 33 33 33 33 33 33 33 32 32 32 32 33 33 35 37 37 39 42 47 51 61 88 107 134 141 115 80 62 48 37 35 30 31 33 37 47 44 44 43 43 39 37 35 36 34 33 36 38 39 39 37 37 36 35 33 32 32 36 38 39 39 37 35 32 31 32 32 33 36 36 36 36 35 35 32 32 32 32 33 35 36 
43 45 46 47 46 45 44 44 43 43 43 44 45 39 23 11 4 18 44 39 29 25 24 22 21 19 23 23 23 18 14 17 15 12 10 9 8 8 8 10 10 11 15 16 17 22 25 29 32 32 33 33 33 33 33 33 33 32 32 32 33 33 33 36 37 37 38 42 46 49 53 65 77 115 152 159 132 91 62 51 56 43 33 33 33 37 46 50 43 42 39 37 35 36 34 35 36 37 39 39 37 37 36 35 33 32 33 37 38 39 39 37 35 32 31 31 33 33 36 37 36 36 36 35 33 33 33 32 33 36 36 
44 47 49 50 49 47 46 45 44 43 43 47 47 44 25 9 4 4 10 17 22 24 31 30 23 19 22 23 22 19 16 17 16 13 12 10 9 7 8 7 8 9 11 14 18 19 22 26 32 32 33 33 33 33 33 32 32 32 32 32 33 33 35 36 37 37 36 40 45 50 53 55 61 82 127 164 169 151 120 82 77 65 58 57 52 49 50 53 43 41 40 38 36 35 33 35 36 37 39 39 38 37 36 35 33 32 33 36 37 39 39 38 36 33 31 31 33 33 36 37 36 36 36 35 33 33 33 32 33 36 37 
50 52 53 53 52 51 50 49 47 46 45 50 51 45 27 7 2 2 2 8 19 31 51 47 28 19 19 21 22 19 18 18 17 15 12 10 9 8 8 7 8 9 10 14 18 22 25 28 30 33 36 33 33 33 33 32 32 32 32 32 32 33 35 36 36 35 36 38 43 46 52 55 60 58 79 125 170 199 187 151 139 142 144 130 121 114 97 61 52 43 41 42 39 37 36 36 37 38 39 40 39 38 37 35 33 32 33 36 37 39 39 38 37 35 32 31 33 33 36 36 36 36 36 36 35 33 32 32 33 36 38 
54 54 54 56 54 53 53 51 51 50 50 53 54 44 27 7 1 3 3 6 24 44 70 59 26 18 18 20 22 20 20 20 18 16 14 11 10 9 9 9 9 9 12 15 18 23 26 30 31 33 33 33 33 33 33 33 33 32 32 32 32 33 35 35 36 35 35 38 39 44 48 55 65 65 59 78 123 166 195 218 217 226 234 222 217 205 186 114 79 59 47 43 43 43 42 43 45 47 47 46 47 47 46 42 43 42 42 43 43 43 44 44 43 42 40 40 42 42 42 42 42 42 42 42 40 39 39 38 39 39 40 
59 59 59 59 59 58 57 57 56 54 54 58 55 45 26 7 2 3 3 5 22 45 72 57 25 18 18 18 18 20 23 22 22 19 17 16 15 14 12 12 12 12 15 17 21 24 26 30 31 32 33 33 33 33 33 33 33 32 32 32 32 33 35 33 35 33 33 34 37 41 44 48 55 61 55 56 78 108 148 202 211 219 214 220 240 244 240 180 136 102 77 59 50 50 49 50 52 54 54 54 54 54 54 53 52 51 51 50 50 49 49 49 47 46 45 45 46 46 46 47 47 47 47 47 47 46 46 45 45 44 44 
65 64 64 64 64 63 61 60 60 59 59 62 60 50 30 5 2 2 2 1 10 32 49 40 26 18 16 15 16 20 23 23 23 21 19 18 17 16 16 16 16 17 18 20 23 26 29 30 31 32 32 32 32 32 32 33 33 32 32 32 32 32 33 33 32 31 31 31 32 38 41 45 50 55 54 52 54 68 96 129 152 165 153 159 186 226 249 227 192 153 111 80 60 58 57 57 56 56 56 57 57 56 57 56 56 54 54 53 53 52 52 52 51 50 49 49 50 50 50 50 50 50 50 50 50 49 49 47 47 47 47 
61 61 61 61 61 61 61 60 60 60 61 65 62 54 32 8 3 3 4 2 4 16 24 26 25 18 16 15 14 18 23 23 23 22 21 19 18 18 18 17 17 19 20 22 24 26 30 30 32 32 33 32 32 32 32 33 33 32 32 32 31 32 31 32 30 29 29 30 31 37 40 41 45 48 51 50 45 45 52 57 78 103 113 116 124 160 200 216 221 196 158 123 97 79 57 58 56 57 58 58 58 58 59 58 58 59 59 59 59 59 59 59 58 57 56 56 57 57 57 57 57 57 57 57 57 56 56 54 54 54 54 
58 58 58 57 56 56 57 57 57 58 58 60 59 51 31 8 3 4 5 4 3 8 16 20 23 18 16 14 14 16 21 19 22 22 21 21 19 18 18 17 18 19 22 23 25 26 30 29 30 31 32 32 32 32 32 32 32 32 31 31 31 31 30 31 30 30 30 28 29 33 37 39 40 42 44 45 44 44 43 44 46 53 60 65 75 103 127 156 200 220 223 208 193 162 108 86 75 68 64 58 57 58 59 59 59 58 57 57 57 57 57 57 57 57 56 57 57 57 58 59 60 60 60 59 59 59 59 59 59 59 59 
52 52 53 51 51 51 52 52 52 52 51 51 51 43 25 7 2 3 3 3 3 6 13 16 19 18 17 15 16 17 19 19 22 23 22 21 21 19 18 18 18 19 22 23 24 26 29 28 30 31 31 32 32 32 32 31 31 31 31 31 31 30 29 30 30 29 29 26 28 32 34 36 38 39 42 44 41 45 46 45 43 40 39 38 52 79 87 88 125 181 222 215 200 185 169 148 135 114 81 60 53 53 56 53 53 53 52 51 51 51 51 51 51 51 51 51 51 51 52 55 58 58 58 57 57 57 57 57 57 57 57 
44 44 45 44 45 45 45 45 45 46 43 39 42 36 19 5 2 2 2 2 2 6 11 13 16 18 18 18 18 18 19 21 21 22 22 22 22 21 19 19 19 20 22 23 24 25 26 28 29 30 31 31 31 31 32 31 31 31 31 30 30 29 29 28 26 27 27 27 27 31 33 34 36 38 40 41 40 39 39 42 42 44 45 45 47 54 66 52 66 114 149 167 169 155 156 159 174 167 124 86 64 54 52 53 46 50 48 44 46 46 46 46 46 46 46 46 46 46 47 47 50 50 50 50 50 50 50 50 50 50 50 
40 40 40 40 40 40 40 42 42 42 39 36 38 32 17 4 2 2 2 2 2 5 9 10 12 17 19 21 19 19 19 21 22 23 23 23 23 22 22 21 19 20 22 23 25 24 25 28 28 29 30 31 30 30 31 30 30 30 30 29 29 29 29 26 25 27 26 27 27 30 32 33 34 36 38 39 39 38 37 39 40 40 43 46 52 59 64 52 36 48 68 79 84 75 82 117 169 195 173 139 116 94 79 75 61 59 57 50 47 45 44 43 42 42 42 43 42 42 43 43 45 45 45 45 45 45 45 45 45 45 45 
39 39 38 39 39 39 39 39 39 39 38 38 38 30 15 3 1 2 1 2 2 4 5 6 9 15 18 19 18 19 19 21 22 22 22 22 22 22 21 21 21 20 22 22 23 24 25 26 26 29 29 30 29 29 29 29 29 29 29 29 29 28 26 26 25 26 26 25 26 29 29 30 32 33 35 35 36 36 36 38 39 40 43 46 57 66 67 68 47 29 32 30 30 31 31 71 131 173 187 188 189 178 155 128 100 79 65 51 46 42 38 39 38 37 38 38 38 38 36 39 39 39 39 39 39 39 39 39 39 39 39 
39 39 38 39 39 39 39 39 39 39 39 39 38 29 15 3 1 2 2 2 2 3 3 4 8 9 14 16 18 19 19 21 22 22 22 22 22 22 21 21 21 20 22 21 24 24 25 25 25 28 28 29 28 28 28 29 28 28 28 26 26 26 25 24 24 25 25 24 24 26 29 29 30 31 31 33 33 33 33 36 37 39 41 47 57 65 71 66 52 36 24 14 9 4 8 35 70 103 138 165 180 198 195 181 166 143 125 96 80 64 50 46 40 38 36 33 35 35 36 36 37 37 37 37 37 36 36 36 36 36 36 
39 39 39 39 39 39 39 40 40 40 40 40 38 28 13 1 1 1 2 2 2 2 2 3 5 8 10 12 16 19 22 19 21 21 21 21 21 22 22 22 22 21 21 22 23 24 25 25 25 26 26 28 28 28 28 28 26 26 25 25 24 24 24 23 24 24 23 25 25 25 25 26 28 30 30 31 32 32 33 34 36 37 40 45 54 61 61 64 52 32 19 9 3 0 4 9 22 33 59 82 102 132 152 171 184 180 175 156 135 111 91 71 58 50 44 39 36 37 38 39 39 39 38 38 37 36 36 36 36 36 36 
39 39 38 39 39 39 39 40 40 40 40 42 39 28 12 1 1 1 2 2 2 2 3 3 4 5 8 10 15 19 30 19 21 21 21 21 21 22 22 22 22 21 22 22 23 24 25 25 25 25 26 28 26 26 26 26 25 25 25 25 24 24 23 23 23 22 23 25 25 24 25 25 26 29 27 29 30 32 33 33 34 37 42 44 45 50 50 47 46 31 16 6 4 2 5 2 1 3 5 14 29 45 66 97 121 141 157 170 167 156 142 118 96 75 61 51 42 40 40 40 40 41 39 37 37 36 36 36 36 36 37 
38 38 38 38 38 39 40 42 42 42 42 43 38 26 12 1 1 1 1 1 1 2 4 4 3 4 5 9 13 19 19 19 19 19 19 20 20 20 20 22 22 22 22 22 23 24 24 24 24 25 25 26 25 24 24 25 25 24 23 23 23 22 21 22 22 22 23 23 23 24 24 25 26 27 27 27 29 30 31 30 33 37 43 42 36 32 33 35 35 30 16 5 2 1 3 3 2 2 2 0 4 15 21 31 39 50 74 99 117 132 143 133 104 89 83 75 62 51 42 42 40 41 39 37 36 36 37 36 37 37 37 
37 36 36 38 38 39 42 42 42 42 43 43 38 26 11 1 1 1 1 2 2 3 4 4 4 4 6 9 12 18 33 17 17 17 17 18 18 19 19 20 20 21 22 22 23 23 24 24 24 25 25 25 24 24 24 24 23 22 21 21 21 21 21 21 21 22 22 23 23 22 23 24 25 27 26 27 29 29 30 29 35 39 40 36 25 21 22 22 23 19 9 3 2 1 1 1 1 2 2 2 2 3 3 4 4 6 14 25 37 60 82 93 100 124 146 144 119 87 58 47 44 44 41 38 37 37 37 37 37 37 37 
36 35 35 36 38 39 42 42 42 43 44 44 38 26 11 1 1 2 3 2 2 3 5 5 4 4 6 9 12 22 38 11 14 15 15 14 15 17 18 18 18 19 19 21 21 21 21 21 22 23 24 24 24 24 24 23 22 19 19 19 18 18 19 19 19 21 22 22 22 22 23 23 24 25 24 27 27 26 26 28 36 42 38 29 19 14 14 16 12 8 2 0 1 2 2 1 1 2 2 2 2 1 1 1 1 2 4 5 5 19 43 57 87 148 205 220 196 150 93 63 47 45 43 41 40 38 38 38 38 38 38 
35 35 33 35 38 40 43 43 43 43 44 44 38 26 11 1 1 2 2 1 1 3 5 4 3 5 10 10 22 26 25 12 14 11 10 9 10 13 16 15 14 14 14 14 14 15 16 17 18 22 23 24 24 24 24 23 22 19 19 18 18 18 18 19 19 19 21 22 22 22 23 23 24 24 25 26 27 26 26 33 42 43 38 30 25 22 18 11 6 2 1 0 1 1 1 1 1 2 2 2 2 1 1 1 1 4 5 7 14 31 51 54 71 129 195 224 225 199 142 93 56 47 44 41 41 39 39 39 39 40 40 
33 33 32 33 38 40 42 43 43 43 43 43 39 26 11 1 1 2 3 2 2 2 2 2 4 17 35 40 36 27 17 7 8 5 7 8 8 9 11 10 10 9 8 9 10 12 16 17 18 22 23 24 24 24 23 23 20 18 18 17 17 17 17 18 18 19 21 21 21 22 23 23 24 24 25 25 26 26 28 40 46 46 41 35 33 32 25 12 4 1 1 2 1 1 1 1 1 1 1 1 1 1 0 1 0 3 9 18 34 60 66 60 54 77 114 141 163 175 156 110 66 51 44 43 40 39 39 40 40 42 43 
33 33 33 33 38 39 42 42 42 43 43 43 39 26 11 1 1 2 3 4 4 3 10 21 49 89 111 99 57 23 10 7 5 2 2 4 4 5 7 7 5 5 7 9 11 15 17 18 19 23 24 24 24 24 23 20 18 17 16 16 16 16 16 17 17 18 18 19 21 21 22 23 24 24 25 26 28 29 30 45 51 48 45 44 44 40 30 14 5 2 1 2 1 1 1 1 1 1 1 1 1 0 0 2 0 1 17 32 48 64 60 52 39 42 50 64 86 104 116 102 78 57 45 43 41 40 40 42 42 43 43 
33 33 33 35 38 40 43 42 42 43 44 43 39 27 12 1 1 1 3 3 5 16 44 89 131 180 175 123 60 22 11 8 5 3 2 2 2 3 4 5 4 4 5 9 12 17 17 19 21 23 24 24 24 23 21 20 18 16 16 15 15 16 15 16 17 17 18 19 19 21 22 22 23 24 24 25 26 31 37 49 51 46 45 46 45 39 28 12 5 1 1 1 1 1 1 1 1 1 1 1 1 1 2 1 3 15 30 42 46 51 49 42 36 43 47 52 65 74 82 88 89 64 47 46 42 42 40 42 42 43 42 
33 35 33 36 38 40 43 43 43 43 44 44 39 29 12 1 1 1 5 8 18 64 136 184 196 191 139 72 28 15 11 8 4 0 0 2 2 3 5 7 5 5 7 9 14 17 18 18 21 23 23 24 23 22 19 19 18 15 14 13 13 15 15 15 16 17 18 18 19 21 22 22 22 23 24 24 28 35 44 47 46 43 40 37 32 26 19 11 5 1 1 0 1 1 1 1 1 1 1 1 1 2 1 2 8 19 30 38 40 42 43 44 42 52 64 68 73 80 85 107 117 84 53 44 40 39 42 42 42 42 42 
35 35 33 36 39 40 43 43 43 44 45 44 40 28 12 2 1 2 7 22 86 171 215 214 178 116 53 16 7 8 8 6 5 2 0 0 2 7 10 11 14 15 12 14 15 16 18 19 21 23 23 22 22 21 19 18 16 14 12 12 12 12 15 14 15 16 17 18 19 19 21 22 22 23 23 25 33 43 45 45 41 36 32 28 22 16 9 5 3 1 1 0 0 1 1 1 1 1 1 1 1 2 2 4 7 12 23 31 33 35 39 45 51 58 70 79 84 94 101 124 146 113 66 47 43 42 42 43 42 42 43 
36 36 35 37 40 42 43 43 43 44 45 44 40 30 15 7 3 7 36 110 188 230 214 153 89 32 5 3 10 9 6 6 6 5 5 5 5 8 10 11 11 12 12 12 16 17 18 19 19 22 22 21 21 19 19 17 16 14 12 12 11 11 14 12 12 15 16 17 19 19 21 22 22 23 24 30 38 43 39 34 32 30 28 24 17 10 6 4 2 1 1 0 0 0 0 0 0 1 1 1 1 0 1 2 9 15 21 25 26 31 39 50 64 72 77 80 81 89 91 118 158 139 86 55 45 43 43 42 42 42 43 
36 36 35 39 42 43 43 44 44 44 45 45 40 32 17 10 12 33 108 203 234 215 163 92 43 11 5 5 7 6 4 4 4 4 3 3 3 8 11 12 12 12 11 14 17 18 19 19 19 21 21 19 19 18 17 17 16 15 12 10 10 11 12 12 12 14 15 16 18 18 21 22 22 23 28 35 39 37 31 23 22 25 28 24 17 9 5 3 2 1 1 0 0 0 0 0 0 1 1 2 2 2 4 7 10 16 17 20 23 33 51 59 64 67 67 66 65 70 73 99 144 148 102 61 45 44 44 43 43 43 43 
36 36 37 40 42 43 43 44 44 44 45 45 42 32 18 5 27 100 195 229 205 157 104 61 37 7 6 7 4 4 3 3 3 3 2 2 4 8 10 10 12 14 14 16 21 22 22 21 21 21 19 18 18 17 17 17 15 13 12 10 10 11 11 11 11 14 14 16 17 18 19 19 21 25 32 38 37 31 28 24 26 32 35 30 19 11 6 3 2 1 0 0 0 0 0 0 1 1 1 3 3 8 10 17 15 18 19 23 29 42 59 61 56 52 47 45 43 45 51 68 109 134 108 67 50 45 45 43 43 43 42 
38 38 38 42 42 43 43 44 44 44 45 47 43 33 18 14 82 178 226 202 153 107 75 57 31 6 5 5 3 2 2 2 2 2 2 1 2 6 9 10 12 15 17 19 23 26 24 22 21 21 19 18 17 18 17 17 16 12 11 11 10 10 11 10 10 11 12 14 16 18 18 22 27 32 38 39 33 28 28 31 37 44 44 36 22 13 8 3 2 0 0 0 0 0 0 0 0 1 1 1 2 14 16 26 22 21 22 27 37 50 52 51 45 39 33 31 29 30 33 46 80 115 113 79 52 44 44 45 44 42 42 
39 39 39 42 42 42 42 43 43 44 45 47 44 35 24 63 153 212 200 154 112 78 66 50 19 7 7 4 4 3 3 2 2 2 2 1 2 5 6 6 9 12 17 21 24 30 31 26 23 22 19 19 18 18 17 17 16 14 12 11 11 11 11 11 11 11 12 14 15 17 19 29 36 38 40 38 32 28 29 35 40 46 45 35 23 15 8 2 2 0 0 0 0 1 1 1 1 1 1 3 7 17 18 29 26 23 28 37 48 56 43 33 30 29 25 23 22 23 29 37 62 102 116 94 64 47 45 45 44 43 42 
39 39 39 42 42 42 42 43 43 45 46 47 45 32 57 132 195 193 152 109 81 68 60 46 13 7 5 4 4 3 3 3 2 2 2 2 3 4 4 4 2 6 13 19 26 36 39 40 29 22 21 19 18 18 17 18 17 15 14 12 11 11 12 11 10 11 12 14 16 18 25 37 41 43 43 39 36 31 31 33 36 42 42 32 22 12 7 3 3 0 0 0 1 1 1 1 1 1 1 4 10 17 20 25 23 23 33 44 51 51 36 23 17 19 22 25 25 29 43 45 63 102 131 121 82 54 45 44 43 43 42 
39 40 40 42 42 42 42 43 43 45 46 50 43 58 128 191 198 151 109 80 65 61 52 43 13 5 4 3 3 3 4 4 3 3 3 3 4 4 4 3 2 4 11 25 32 41 44 45 32 22 21 21 19 18 18 18 18 15 15 12 12 12 12 11 11 14 15 15 21 29 37 44 45 44 44 42 38 35 32 30 31 35 33 25 19 11 5 3 3 1 1 1 2 1 2 1 1 1 1 3 7 12 17 23 23 24 32 38 42 37 28 19 16 19 26 35 39 43 54 56 68 99 142 146 107 65 46 44 43 43 43 
39 39 39 40 42 42 42 43 43 44 45 49 65 122 198 206 156 107 79 63 53 47 46 13 6 5 4 3 3 4 5 4 3 3 3 3 4 4 4 3 3 3 14 26 26 37 47 44 31 22 22 19 19 19 18 19 18 16 15 14 12 12 11 12 15 18 17 23 32 40 47 51 51 47 45 42 38 35 29 26 25 26 24 22 14 9 4 3 2 1 0 1 1 1 1 1 1 1 1 3 5 10 16 17 21 24 26 29 31 29 24 19 17 21 29 39 51 58 65 70 77 103 145 158 117 66 45 44 44 43 43 
37 38 38 39 39 39 40 41 40 42 42 46 82 149 191 163 103 71 54 43 38 31 23 9 6 4 4 3 3 3 4 4 4 4 3 3 3 3 3 2 2 7 22 39 43 44 46 45 33 23 23 22 21 21 19 20 18 16 15 14 12 11 12 17 24 30 33 39 47 49 50 50 49 46 44 39 37 32 26 23 19 18 15 11 8 4 3 2 2 1 1 1 1 1 1 1 1 1 1 3 4 9 11 11 15 19 23 24 24 23 22 23 28 36 47 56 64 70 72 72 74 90 130 163 134 75 47 43 43 42 42 
36 36 36 36 37 37 37 39 38 39 38 45 85 137 145 102 59 43 37 30 26 21 14 9 4 1 2 2 2 3 4 5 5 5 4 3 2 3 3 2 3 10 29 46 53 51 47 47 42 31 24 26 24 24 23 21 19 17 17 17 19 22 23 30 36 42 46 49 47 45 43 39 38 35 33 33 31 29 24 23 17 15 11 7 5 3 2 1 1 1 1 2 2 1 1 1 1 1 1 2 2 4 7 8 11 15 17 19 21 21 19 26 36 49 61 65 67 66 67 65 67 77 107 145 132 80 49 40 40 41 41 
32 32 32 32 32 32 32 33 33 36 37 46 75 99 88 53 30 24 26 25 22 21 17 9 3 1 1 1 1 3 4 4 4 3 2 2 2 2 1 2 3 11 30 44 50 50 49 47 46 40 33 31 31 32 32 29 28 28 28 28 30 32 35 39 43 44 44 42 37 31 26 25 23 21 18 20 25 29 31 31 24 21 15 10 5 3 2 1 1 1 1 2 2 1 1 1 1 2 2 0 3 8 10 11 12 15 16 17 18 19 23 32 44 54 65 65 61 57 53 53 56 59 79 121 127 80 45 35 39 40 40 
29 29 29 29 28 28 29 31 30 30 32 39 53 59 44 30 24 23 23 26 29 29 24 8 3 1 1 1 1 2 2 1 1 1 1 1 1 1 1 1 3 9 23 35 40 40 40 40 42 40 38 36 37 37 37 37 36 36 37 37 37 38 39 40 40 37 32 26 22 18 15 12 11 11 15 19 32 37 42 40 35 30 22 14 7 3 2 1 1 1 1 2 2 1 1 1 2 1 3 5 10 15 15 15 16 17 18 18 21 28 36 46 54 59 58 54 49 43 39 38 40 49 61 97 111 74 42 29 33 34 34 
24 24 24 24 24 25 26 29 27 23 31 46 57 46 23 19 24 26 30 37 43 39 32 14 8 5 3 1 1 1 1 1 1 1 1 1 1 1 1 1 3 9 17 22 26 26 26 28 29 32 33 35 35 36 36 37 37 38 38 39 38 37 36 36 33 29 22 17 16 14 11 11 11 12 19 27 38 44 46 43 40 33 26 17 8 4 2 1 1 1 1 2 2 1 1 1 1 1 8 14 17 17 17 17 18 21 23 25 29 36 46 51 51 49 43 38 33 30 30 32 35 45 54 73 97 81 46 25 26 27 27 
22 22 22 22 22 24 25 24 23 22 36 60 72 50 22 16 22 29 36 46 50 45 37 15 8 5 3 3 1 1 1 1 1 1 2 2 3 2 1 1 3 7 12 12 12 13 13 14 16 19 23 23 24 24 24 26 28 28 28 28 25 23 21 19 17 16 15 15 15 14 14 15 15 17 23 30 36 43 46 45 44 36 28 16 8 4 1 1 1 1 1 1 1 1 1 1 0 1 10 19 22 21 21 20 23 24 26 31 37 43 47 49 44 39 33 31 30 30 31 36 39 49 54 68 94 82 50 29 23 22 22 
21 21 21 21 21 22 23 21 19 22 45 73 82 50 18 23 33 37 47 54 53 50 40 16 6 5 5 3 2 1 1 1 1 1 2 3 3 2 2 1 2 8 10 10 9 11 12 13 13 15 16 16 17 16 16 16 17 17 16 16 15 14 13 14 14 15 16 17 18 19 21 21 24 23 23 26 30 33 36 37 36 31 24 16 9 3 1 1 1 1 1 1 1 1 1 1 0 1 15 29 29 24 22 23 25 28 32 37 39 43 42 39 32 30 26 25 25 29 33 43 49 53 61 76 97 100 68 36 21 19 21 
22 22 22 22 22 20 20 18 17 18 45 78 82 50 17 24 35 44 52 54 53 51 42 12 2 3 5 5 3 2 2 1 1 1 1 3 3 2 2 2 5 16 17 15 12 14 14 15 14 16 18 18 18 16 17 15 16 15 15 15 16 16 19 21 23 24 26 26 27 28 28 25 28 25 25 24 24 25 25 26 26 25 21 15 9 3 1 1 1 1 1 1 1 1 1 0 0 0 15 27 32 24 24 26 30 33 39 40 38 35 32 30 28 24 22 23 30 37 45 53 58 65 71 85 123 143 90 39 19 18 18 
22 22 22 20 20 19 20 18 16 15 45 87 87 49 17 17 25 40 49 47 43 37 30 8 2 3 7 5 3 2 2 2 2 2 2 2 1 3 3 9 19 29 32 29 28 26 25 24 24 25 27 29 29 26 26 26 26 25 25 25 28 30 32 35 37 38 37 37 37 36 36 35 33 30 25 22 19 18 17 17 18 17 14 9 5 2 1 1 1 1 1 1 1 0 0 0 0 0 12 27 29 28 28 32 38 41 44 43 36 31 26 24 24 28 29 32 39 49 56 61 68 77 77 84 118 149 110 52 20 18 18 
22 22 22 19 19 18 19 17 15 15 46 89 87 47 23 19 25 38 40 35 28 21 18 3 1 3 4 4 3 2 2 2 2 2 2 1 1 2 1 16 33 43 46 46 46 43 39 38 38 38 39 40 40 40 40 40 40 42 42 42 42 40 42 40 43 42 38 39 43 43 39 40 32 28 24 21 19 18 17 17 16 12 11 7 4 1 0 1 1 1 1 1 1 0 0 0 1 2 10 23 30 31 36 39 43 46 45 40 31 26 19 19 29 31 40 46 52 58 64 66 66 71 73 75 115 160 136 65 22 20 18 
22 20 20 19 18 18 19 19 17 22 47 80 74 43 30 31 30 33 29 19 18 14 10 3 4 3 2 2 1 2 1 1 1 1 1 1 1 1 1 19 38 46 50 51 50 47 46 45 45 44 43 43 42 43 43 44 44 45 46 46 45 43 42 40 40 38 36 35 32 32 30 31 24 28 26 25 25 22 21 19 18 15 11 8 4 2 1 2 1 1 1 2 2 1 1 1 0 2 11 24 32 37 44 46 47 46 38 32 24 22 21 26 37 42 53 58 61 65 65 60 56 58 63 63 100 151 139 75 26 24 20 
21 19 19 19 18 19 21 21 19 32 57 68 60 37 31 32 32 26 17 14 16 5 0 4 5 2 2 2 1 1 1 1 1 1 1 2 3 3 3 21 38 43 45 46 45 43 42 42 40 37 32 30 31 31 32 32 32 33 35 35 32 30 29 26 25 24 23 22 19 17 18 21 23 28 31 32 33 31 30 27 25 19 14 8 5 2 2 2 2 2 2 2 2 2 2 1 1 2 17 31 38 44 46 45 43 40 32 27 26 28 32 42 47 51 56 57 54 52 49 43 39 42 45 49 82 129 128 78 31 30 23 
21 19 19 19 18 18 19 19 22 43 66 68 53 26 15 30 37 26 18 16 15 5 0 9 7 2 2 1 1 1 1 1 1 1 1 3 3 2 3 15 29 32 32 33 31 30 29 30 28 25 21 19 19 19 19 19 19 19 19 21 21 18 17 17 16 16 13 13 12 14 17 18 28 35 42 45 45 43 39 38 34 25 17 10 5 3 2 2 2 2 2 2 2 1 1 1 1 8 25 39 46 50 43 40 36 31 27 26 32 36 44 49 51 50 49 46 44 39 35 29 26 26 29 35 63 107 116 75 36 36 25 
20 18 18 18 18 19 19 22 22 50 80 81 46 16 15 38 47 37 31 23 18 15 16 16 9 5 3 0 0 1 1 1 1 1 1 2 2 2 3 7 11 16 17 18 17 15 14 14 14 14 14 12 11 10 10 9 9 9 9 9 9 9 9 9 9 8 8 6 6 11 17 19 30 36 45 47 49 47 45 44 38 26 17 10 5 2 2 2 2 2 2 2 2 1 1 1 2 17 32 42 46 42 31 35 26 26 26 29 37 44 48 49 45 42 37 33 32 31 29 26 24 23 28 33 52 85 102 66 28 30 23 
20 18 19 18 18 19 19 24 31 71 107 94 44 18 24 53 60 49 37 28 25 28 33 25 14 8 4 0 0 1 1 1 1 1 1 2 2 3 4 7 8 11 11 12 11 10 8 8 8 7 7 9 7 7 8 7 8 7 7 8 8 8 9 8 8 10 10 9 9 12 15 21 26 31 36 39 40 43 40 39 35 25 17 9 5 2 2 3 3 3 3 3 2 2 2 1 3 19 35 38 36 28 25 24 21 23 25 29 37 41 41 38 32 29 24 22 21 21 23 28 29 31 36 40 52 75 92 63 28 24 17 
19 9 17 32 55 46 18 22 45 70 101 113 65 21 32 30 40 64 61 50 37 39 53 22 15 8 4 0 0 0 0 1 1 1 1 2 2 3 4 7 9 11 11 11 10 10 10 9 7 7 7 8 8 7 9 10 11 14 14 15 15 15 15 15 13 11 12 12 11 15 17 19 23 28 31 32 32 32 33 33 31 24 15 8 4 2 2 3 3 3 3 2 2 1 3 2 4 19 33 35 33 30 24 22 18 20 24 28 30 29 25 23 22 22 21 19 22 24 28 31 38 45 53 57 65 84 95 87 38 26 25 
16 25 37 54 75 67 43 18 44 80 117 94 42 15 18 29 32 66 82 73 47 26 29 19 14 10 4 0 0 0 0 1 1 1 1 1 1 3 5 8 10 15 15 14 14 13 12 10 10 9 9 10 10 12 16 15 17 19 23 26 26 27 26 25 20 17 17 17 16 16 17 18 19 22 24 23 23 23 23 24 24 21 13 5 3 1 1 3 2 2 3 2 2 1 1 2 7 17 31 33 28 23 19 17 16 17 18 22 22 21 17 15 17 18 21 25 30 37 40 42 51 59 71 74 80 99 106 94 43 25 16 
33 54 75 97 123 117 94 51 61 78 96 97 58 37 33 40 46 61 84 86 79 71 60 24 19 14 3 0 0 0 1 1 1 1 2 1 1 4 8 15 24 25 24 22 20 19 21 21 17 11 9 9 9 12 17 14 17 19 24 30 31 30 30 30 23 19 17 15 16 15 15 17 19 22 24 21 21 22 21 22 22 19 12 3 3 2 2 3 2 2 2 2 2 1 0 3 9 16 25 25 19 16 15 15 14 13 15 15 15 12 14 16 18 23 28 33 42 51 58 57 59 66 80 81 86 99 110 104 46 19 10 
85 75 94 115 132 130 110 84 95 113 113 101 78 67 65 50 51 52 67 79 101 115 104 82 77 52 17 2 0 0 0 0 0 1 2 1 1 3 8 26 37 31 25 20 19 19 24 25 19 11 10 10 10 11 11 12 12 15 19 24 26 25 25 26 20 16 11 9 10 12 13 16 17 20 23 22 23 22 18 19 21 17 11 3 3 1 1 1 1 2 2 2 2 1 1 4 10 16 21 18 14 10 12 14 15 15 15 17 17 15 15 23 30 37 42 47 54 59 63 63 59 65 78 78 77 86 99 103 52 19 6 
127 90 71 78 87 81 79 79 95 120 121 113 104 109 120 65 57 50 53 58 93 114 106 142 135 104 58 27 4 0 0 0 1 1 2 1 1 3 11 21 29 26 23 17 15 16 23 24 19 12 10 11 11 12 12 12 12 12 16 19 19 18 17 17 14 11 9 10 10 11 14 16 17 20 25 26 28 21 16 18 21 18 9 3 3 1 1 2 1 2 3 2 2 1 2 5 10 14 17 15 12 11 11 13 17 19 22 25 27 29 31 37 45 50 53 56 57 56 53 54 50 51 59 58 59 66 80 87 50 18 5 
89 71 43 33 37 37 42 37 56 74 82 114 110 122 131 77 67 51 46 46 61 77 80 141 132 108 78 46 19 2 0 1 1 1 1 1 1 2 8 14 21 23 21 16 12 11 17 22 18 12 11 10 10 10 11 12 12 11 12 13 12 12 11 11 10 10 11 11 11 11 13 15 16 20 30 37 33 19 13 15 19 18 9 4 3 1 1 1 1 2 2 2 2 2 2 5 9 11 15 15 14 15 16 17 20 27 31 34 39 43 45 47 51 52 52 51 49 40 37 39 37 37 42 39 40 51 66 72 39 12 5 
33 40 31 18 12 17 26 12 28 49 57 66 70 86 91 73 64 52 48 52 55 52 53 74 68 70 66 44 31 16 0 2 1 1 1 1 1 2 9 13 17 21 17 14 11 12 18 22 18 11 10 9 9 10 10 10 11 12 14 15 12 11 10 10 10 11 12 11 11 11 12 12 15 18 31 43 36 22 15 15 18 15 8 4 3 1 1 1 1 2 2 2 2 1 1 4 8 12 18 22 24 26 28 29 31 37 40 45 45 45 45 45 46 45 44 42 39 32 28 29 28 26 36 37 36 49 63 64 35 8 2 
15 17 16 8 4 5 15 14 21 30 35 25 26 37 47 53 50 47 51 61 57 49 44 40 40 45 49 38 30 21 7 3 1 1 1 1 1 2 9 13 17 15 12 12 11 17 24 18 13 11 10 9 8 8 10 10 11 14 18 21 19 17 14 12 11 12 12 12 11 11 12 11 14 18 31 40 34 29 23 18 18 12 9 5 3 1 1 1 1 2 2 3 4 2 1 3 7 16 25 30 35 37 39 40 40 41 41 43 43 40 40 37 34 34 33 30 29 28 26 28 26 24 30 38 39 51 71 65 40 10 1 
0 1 2 4 3 3 4 15 17 21 24 26 33 35 37 37 37 42 44 42 47 46 43 37 33 31 29 34 31 26 24 10 4 2 2 1 1 4 10 13 13 12 12 12 11 18 18 15 13 11 9 8 8 9 10 12 16 19 23 25 26 24 23 16 11 12 12 12 12 11 11 12 14 18 29 36 29 23 24 26 22 11 8 4 2 1 2 2 2 2 3 3 4 3 1 4 11 22 32 37 39 44 43 41 39 37 34 31 31 30 31 31 29 26 26 24 26 26 29 31 36 38 40 45 49 57 79 84 59 26 5 
2 2 2 3 3 4 4 10 12 16 17 17 21 24 29 31 33 40 42 42 45 44 40 33 30 29 29 32 32 30 29 21 19 14 9 4 4 8 12 12 11 11 10 12 11 13 13 12 12 11 11 10 11 14 18 21 24 28 30 31 31 30 28 23 16 15 12 12 12 11 11 11 12 17 22 24 21 18 21 26 18 10 8 4 2 2 2 2 2 3 3 4 5 3 1 3 15 26 35 39 39 39 39 38 33 29 25 22 21 22 22 22 22 22 24 26 31 36 38 40 49 56 60 61 64 70 85 92 70 36 10 
5 5 4 2 2 3 5 5 7 9 9 11 12 15 18 22 30 39 41 44 44 40 38 33 31 31 32 31 32 32 31 29 25 22 17 12 11 15 17 16 16 15 11 12 12 12 13 17 16 12 12 14 19 24 26 32 36 37 38 39 39 38 37 28 18 16 12 12 12 12 12 11 12 14 17 17 18 17 18 18 14 10 8 3 3 2 2 2 2 3 4 5 5 4 3 8 19 30 35 35 33 31 29 26 24 19 17 15 17 19 22 24 24 22 25 32 45 53 58 57 61 65 67 72 77 77 90 100 88 46 14 
12 11 8 4 4 4 5 4 5 5 5 7 8 11 14 17 23 31 36 38 39 37 35 33 32 31 31 31 32 32 33 33 31 30 25 21 19 19 20 28 29 26 23 19 19 20 22 25 25 15 12 17 26 32 35 39 43 44 45 45 45 44 39 29 18 15 12 12 12 12 12 11 12 14 17 17 16 17 16 14 12 10 8 4 3 2 2 1 1 2 4 5 5 4 7 12 21 25 25 24 21 19 17 16 16 16 15 16 18 23 28 32 36 36 38 45 56 63 67 67 67 67 68 72 77 77 89 103 93 51 17 
20 19 15 12 12 10 10 9 8 5 5 3 4 8 11 14 17 24 29 32 33 32 32 31 31 31 31 33 33 34 34 35 35 36 32 29 29 28 29 36 37 37 39 33 31 25 23 32 31 19 16 16 22 29 30 32 36 38 39 39 39 36 30 23 15 12 12 12 12 12 12 12 14 15 16 17 17 16 16 14 12 10 9 4 4 2 2 2 2 2 4 4 4 5 9 15 18 19 17 16 13 13 14 14 17 22 23 25 28 31 37 42 44 47 52 54 58 60 60 60 59 61 64 67 68 70 82 94 82 46 15 
24 22 18 16 15 14 14 12 10 8 8 7 3 4 5 8 14 24 29 31 29 26 25 25 26 29 28 27 26 27 31 31 32 35 35 35 35 35 36 36 35 32 36 38 36 30 26 32 26 16 13 11 15 18 21 22 24 26 28 26 26 25 22 15 11 10 12 12 12 12 12 12 14 16 17 17 17 17 16 14 12 10 9 5 4 2 2 1 1 2 4 4 4 4 8 13 16 17 16 17 18 21 22 23 28 32 35 37 38 40 44 47 50 50 51 50 50 50 49 49 45 46 46 50 54 58 70 81 68 37 12 
22 21 18 16 14 14 15 18 18 18 18 17 21 28 30 30 26 26 30 31 28 24 22 21 23 23 24 24 24 26 30 32 32 33 34 33 33 32 32 32 32 30 27 25 23 19 18 22 18 10 10 8 10 11 11 14 15 16 18 19 18 17 16 14 14 16 15 12 13 14 15 16 16 16 18 17 18 18 16 14 14 12 10 6 5 3 3 1 1 1 2 2 4 5 8 12 17 21 23 26 29 32 36 37 40 44 46 47 46 45 44 44 44 43 40 38 38 38 37 38 35 33 32 32 37 42 54 66 56 30 12 
22 22 21 17 15 15 16 19 19 21 21 21 29 36 39 36 30 28 31 29 25 23 23 21 21 19 22 24 25 29 30 32 32 32 33 32 32 31 30 26 25 24 20 17 14 11 11 12 11 8 9 7 6 10 11 9 14 12 15 16 13 13 16 16 21 25 22 16 17 19 19 20 23 24 19 18 19 19 16 15 16 15 10 6 6 5 4 2 1 1 1 1 4 8 14 17 24 29 33 36 37 38 40 43 46 50 50 49 46 42 39 36 33 32 31 29 29 28 29 30 31 31 31 32 35 38 47 59 51 32 18 
21 19 18 17 15 15 16 18 19 21 21 22 22 24 29 36 35 30 30 29 26 25 24 22 21 19 21 24 26 29 30 32 32 32 33 33 33 30 30 25 22 18 16 12 11 9 9 8 7 6 7 7 6 10 10 10 12 12 12 14 12 14 16 16 18 23 24 27 27 24 23 22 23 24 21 18 19 19 17 15 17 15 11 8 6 5 5 3 1 1 1 1 5 10 18 23 29 38 41 40 42 40 40 40 42 40 39 38 36 37 36 35 31 26 24 23 23 26 30 31 33 36 39 40 40 44 53 69 64 43 21 
21 18 17 17 15 15 16 17 17 18 18 19 21 23 28 32 32 30 30 29 28 25 25 23 22 22 23 24 25 26 30 33 33 33 33 33 33 32 33 32 30 24 18 12 11 9 9 8 7 7 7 8 8 10 11 12 12 12 12 14 15 17 21 22 23 29 30 32 32 26 23 22 23 24 21 16 16 18 17 14 15 14 10 8 6 5 5 2 1 1 1 1 8 14 21 28 35 39 41 40 39 38 37 32 30 29 28 28 28 28 29 28 26 24 23 23 25 32 37 38 47 50 54 56 56 58 66 82 76 51 23 
19 17 16 16 15 16 17 17 16 15 16 17 18 22 24 25 28 29 29 28 28 26 25 24 24 24 24 24 24 25 29 33 34 35 33 33 33 33 35 36 33 31 25 18 11 10 9 7 7 8 7 8 12 16 18 20 19 16 14 14 16 19 23 25 26 30 31 32 31 26 24 22 23 24 22 14 14 17 17 14 14 14 10 8 8 8 6 3 1 3 3 2 10 15 24 32 40 40 37 36 35 32 30 25 24 24 24 25 25 25 28 28 28 29 29 30 37 45 49 49 58 64 68 70 70 72 77 85 81 54 26 
21 18 17 16 15 16 16 16 15 14 14 15 16 17 19 19 23 24 25 25 25 24 24 23 24 24 24 24 25 25 26 30 33 35 33 36 34 33 35 35 35 36 32 26 17 15 11 8 8 9 6 10 26 30 29 33 32 23 18 17 18 22 24 25 26 29 27 26 24 22 20 19 22 23 23 16 12 14 12 11 14 15 11 8 8 6 6 3 3 3 3 2 8 15 26 35 39 37 32 28 25 23 23 23 25 26 28 31 33 36 38 39 40 40 42 47 52 56 58 59 61 65 68 70 71 72 73 72 72 60 29 
19 18 18 16 16 15 15 15 13 11 12 12 12 14 14 12 16 18 21 21 21 21 22 22 23 24 25 25 25 26 25 27 31 32 33 37 37 36 34 33 35 37 38 35 30 25 16 8 8 11 6 9 30 40 38 36 35 29 23 19 19 22 23 24 25 25 23 23 23 22 20 19 20 22 19 14 12 10 10 10 14 14 11 9 9 10 9 7 3 3 4 4 9 12 22 29 31 25 22 22 19 21 24 28 32 38 40 44 47 50 52 53 53 54 56 58 59 58 57 56 56 54 56 57 57 58 59 61 66 54 24 
11 16 17 16 16 15 15 16 15 11 12 11 11 12 11 10 14 16 15 15 16 18 19 21 22 24 25 25 25 26 26 27 29 31 33 37 38 36 34 33 35 37 37 37 36 33 19 10 9 12 8 8 25 37 35 33 30 25 19 16 16 19 21 22 22 22 18 19 19 20 23 24 24 23 19 15 12 12 11 11 12 12 11 9 10 12 12 12 5 2 4 3 9 12 17 19 22 21 17 19 23 25 31 38 43 47 49 51 52 52 52 52 52 52 52 51 51 49 47 47 45 44 44 45 45 47 50 51 50 42 22 
12 12 14 15 16 15 15 16 15 14 12 10 10 10 10 9 11 12 12 14 14 16 17 19 21 23 24 24 25 25 26 26 26 28 30 32 33 36 37 38 38 38 38 37 33 28 19 17 12 13 10 8 10 23 23 22 19 17 15 15 16 17 18 21 19 20 19 16 16 19 20 21 23 24 23 20 16 12 12 11 12 12 12 10 12 17 17 17 11 8 4 2 9 14 18 19 22 23 22 23 26 31 36 45 45 46 46 45 44 42 42 39 37 35 33 35 36 37 38 42 42 40 42 40 42 46 51 61 51 36 22 
22 11 12 15 16 16 16 16 17 16 14 14 12 12 12 12 14 14 15 15 15 16 16 17 18 22 23 24 25 25 26 26 26 26 28 30 31 34 37 38 38 38 38 37 35 29 21 16 13 12 12 11 11 11 14 15 14 12 14 15 15 17 17 19 21 23 23 21 18 20 22 22 24 26 30 27 18 12 12 11 11 12 12 12 15 18 18 18 12 6 6 6 15 17 22 24 24 24 24 26 28 32 37 39 39 39 39 35 33 30 28 28 26 26 26 29 32 37 43 46 52 53 56 54 54 60 70 72 71 54 24 
24 12 14 15 16 15 15 16 16 15 15 15 14 15 15 15 16 17 17 16 17 17 17 17 18 21 22 23 24 24 25 25 25 25 26 29 29 32 35 35 36 38 38 36 35 35 30 25 17 13 12 12 12 11 12 14 14 14 15 15 15 17 18 20 24 25 27 30 27 26 25 24 26 30 39 36 25 16 12 11 11 11 14 15 15 17 17 19 11 3 3 5 15 18 22 26 28 25 24 25 26 28 29 30 28 28 26 26 25 24 26 31 36 42 44 45 49 51 52 51 57 64 71 72 71 68 65 65 65 51 23 
31 15 16 15 16 15 15 15 15 14 12 14 14 15 15 15 16 17 18 17 18 18 18 18 18 22 23 23 24 24 25 25 25 25 26 28 28 30 32 33 35 37 38 37 36 39 38 33 25 17 12 11 11 10 10 11 12 14 16 17 19 21 22 23 25 27 32 36 36 32 31 27 29 35 44 40 30 21 14 11 11 11 14 14 14 14 12 16 11 4 3 4 10 17 19 21 23 24 22 19 18 17 18 22 22 23 25 30 33 38 44 49 51 52 53 54 58 57 56 57 57 58 59 60 59 58 57 61 61 50 21 
39 12 17 15 15 14 14 15 13 12 11 12 14 14 15 15 15 17 18 18 19 19 19 19 21 22 23 23 24 24 25 25 25 25 25 25 26 29 31 32 32 33 36 36 35 42 43 37 30 22 12 9 10 11 11 12 16 19 19 21 23 24 24 23 26 30 34 39 40 37 34 32 33 36 39 36 31 25 22 15 12 14 14 12 11 12 11 11 9 3 1 2 6 10 14 12 15 17 17 18 20 19 23 26 29 35 39 43 46 50 52 51 51 50 47 47 47 46 45 45 44 39 37 36 33 32 31 38 43 36 13 
42 11 21 15 15 15 15 15 15 12 11 12 12 14 15 15 15 17 18 18 19 19 19 19 21 22 23 23 24 24 24 24 24 24 24 25 25 26 29 30 31 32 33 35 35 42 47 40 31 26 19 10 8 11 14 16 19 19 18 23 25 24 24 25 25 32 34 39 44 40 36 34 34 32 31 29 28 27 24 16 12 11 10 9 8 9 8 6 6 3 1 0 3 6 10 11 14 21 24 29 31 33 37 40 43 47 50 50 49 47 45 40 40 38 35 32 29 28 28 28 29 22 15 18 17 17 15 18 24 22 9 
44 8 17 16 16 16 15 16 15 15 14 15 15 15 15 15 15 16 17 17 17 18 18 19 21 22 23 23 24 24 24 24 24 24 24 24 25 25 26 27 29 31 31 33 33 35 35 32 29 22 16 9 6 10 12 16 21 21 19 23 25 23 25 26 28 30 31 33 33 30 26 24 24 24 22 21 21 20 18 12 10 9 8 9 6 6 5 6 6 3 1 1 5 6 14 22 24 32 38 40 43 44 44 46 47 47 45 42 38 32 29 27 26 26 24 19 15 14 14 12 12 11 10 9 6 2 1 4 2 12 4 
50 9 4 16 16 16 17 17 16 16 16 16 16 15 16 15 15 16 17 17 18 18 18 19 19 21 22 22 23 23 23 23 23 23 23 24 24 25 26 27 27 27 29 31 31 28 28 26 24 21 11 6 6 8 11 14 19 22 21 22 22 21 24 25 22 22 22 21 19 18 18 18 17 17 18 18 17 16 12 9 9 8 8 9 8 8 6 7 7 5 3 1 5 9 18 29 33 36 39 40 40 40 40 38 38 37 35 30 24 19 16 16 17 18 18 17 16 14 12 11 11 11 10 8 6 4 1 4 1 6 2 
50 15 11 19 18 16 16 16 16 17 16 16 17 16 16 16 16 17 18 17 18 18 18 18 18 19 21 21 22 22 22 22 22 23 23 23 24 24 25 25 25 25 26 28 28 27 26 24 21 16 8 2 4 7 9 10 17 18 17 19 17 16 16 17 16 16 15 15 15 16 16 16 17 17 18 18 17 16 15 13 12 11 11 10 9 8 7 7 7 6 4 3 3 8 17 24 28 28 30 31 31 31 31 30 30 31 30 24 23 24 23 23 22 21 21 19 19 19 18 17 16 10 8 4 0 0 0 1 0 2 0 
57 19 23 24 22 17 17 17 17 16 16 16 17 16 16 17 17 18 19 18 18 18 18 18 18 19 21 21 22 22 22 22 22 23 23 23 24 24 25 25 25 25 25 26 26 27 22 15 9 7 3 2 3 5 5 6 11 12 10 10 10 10 14 12 15 15 15 16 17 17 17 17 17 17 22 23 24 24 19 16 15 13 12 12 11 11 9 9 8 8 6 4 3 3 8 12 16 17 21 22 24 28 28 26 26 29 29 28 26 27 27 27 26 25 23 23 24 24 23 24 19 8 4 3 1 0 0 1 0 0 0 
86 47 32 26 22 16 13 15 15 13 13 15 16 16 16 15 16 16 17 17 18 18 18 18 18 19 21 21 21 21 21 22 22 22 23 23 24 24 25 25 25 25 25 24 24 20 13 8 4 2 1 1 2 4 4 4 5 8 7 7 8 10 9 6 6 9 11 15 16 17 19 19 21 23 25 31 35 33 28 19 18 19 17 17 12 10 9 8 8 6 6 4 3 3 4 9 14 19 22 25 25 25 26 26 26 26 28 28 26 26 28 26 26 26 25 25 25 25 25 26 21 4 2 1 0 0 0 0 0 0 0 
105 61 35 26 21 16 12 12 14 13 12 13 15 15 15 14 14 15 16 16 16 17 18 17 18 19 19 21 21 22 22 22 22 23 23 23 24 24 24 24 23 23 23 23 21 16 11 7 2 0 0 1 3 5 4 3 1 4 4 4 6 11 15 11 16 19 23 25 29 31 32 33 35 36 40 43 43 40 33 23 22 24 22 19 13 9 7 7 6 6 6 4 3 3 4 9 12 18 21 24 25 26 28 28 28 28 29 29 29 29 29 30 29 28 26 26 26 26 25 29 23 2 1 0 0 0 0 0 0 0 0 
130 85 51 28 21 16 12 12 12 12 10 11 12 12 12 12 12 12 14 15 15 16 17 17 18 19 19 21 21 22 23 23 23 24 24 24 24 23 23 23 22 22 21 21 17 9 4 4 3 0 0 1 4 7 3 1 0 1 1 3 12 23 25 28 28 29 30 32 33 38 39 39 40 42 44 46 44 40 35 26 24 24 24 19 12 10 8 6 6 6 6 5 4 3 5 8 11 16 19 24 26 26 29 28 29 29 30 30 30 30 30 30 30 30 29 29 29 29 26 30 15 0 0 0 0 0 0 0 0 0 0 
146 106 75 56 33 23 17 15 15 14 12 12 12 14 12 11 10 11 11 12 12 14 15 16 17 18 18 19 19 21 22 22 23 23 23 23 23 22 22 21 19 18 19 17 11 4 1 2 1 0 0 1 4 7 3 1 0 1 1 4 15 25 30 32 33 30 26 25 29 30 31 32 33 36 36 34 33 31 29 26 24 23 19 15 10 9 8 6 6 6 5 5 4 4 5 8 11 15 18 23 26 26 29 29 29 30 30 31 32 32 32 31 31 31 31 31 30 30 26 29 12 0 0 0 0 0 0 0 0 0 0 
159 123 93 86 49 30 22 19 18 17 16 15 15 14 12 11 12 12 11 11 12 12 14 14 15 16 17 17 17 18 19 19 19 21 21 19 21 19 19 19 17 16 17 15 9 6 3 3 1 0 1 3 5 3 1 0 0 1 1 5 18 29 31 34 38 34 29 21 21 22 23 23 24 25 22 18 17 18 18 18 18 16 14 12 9 9 8 8 6 5 5 5 4 3 4 7 10 15 19 24 26 26 29 29 30 31 31 31 32 32 32 31 32 32 31 31 30 30 28 26 10 0 0 0 0 0 0 0 0 0 0 
159 135 111 102 54 32 25 19 18 17 16 16 16 14 14 14 14 14 14 12 11 12 14 14 15 16 16 16 16 16 17 17 17 17 17 16 16 16 17 17 15 14 15 11 8 8 4 4 3 2 3 3 4 1 0 0 0 1 1 6 20 29 31 31 31 29 24 21 19 19 19 21 21 19 15 12 11 11 11 12 11 10 10 9 7 8 9 9 9 7 6 6 6 5 5 9 11 17 19 24 26 26 28 29 29 30 30 30 31 31 31 30 31 31 32 32 32 32 30 25 8 0 0 0 0 0 0 0 0 0 0 
165 144 121 99 57 38 31 17 17 16 15 14 14 14 14 14 14 14 14 14 12 14 15 15 16 17 16 16 15 14 15 14 15 15 15 15 14 15 15 16 15 12 11 10 5 3 3 1 1 1 2 3 3 1 0 0 0 1 2 9 20 29 31 31 32 33 31 29 26 24 23 24 24 23 17 15 14 14 12 10 11 11 11 11 11 10 10 11 11 11 11 12 12 11 11 15 17 17 19 24 26 26 28 28 28 29 29 29 29 29 29 29 30 31 33 32 32 33 30 26 9 0 0 0 0 0 0 0 0 1 1 
157 150 124 88 58 43 36 16 17 16 15 14 14 14 15 15 14 14 14 14 14 15 16 16 17 18 17 15 15 14 12 12 12 12 12 11 11 11 11 16 11 11 10 8 5 2 2 1 0 0 2 2 2 1 0 0 0 1 1 10 22 30 32 32 32 32 32 31 30 28 25 29 28 22 18 18 18 16 15 12 12 11 10 13 17 16 17 17 16 16 16 17 17 16 15 17 19 17 21 25 26 26 28 26 28 29 29 29 28 28 29 29 30 31 30 32 33 35 30 29 10 0 0 0 0 0 0 0 0 1 1 
185 161 128 84 57 39 41 17 17 15 12 12 12 14 14 14 14 14 14 14 12 15 17 17 18 19 19 17 16 12 11 11 11 11 11 10 9 10 10 11 10 10 8 5 4 2 2 0 0 1 3 2 2 1 1 0 1 2 3 10 21 28 31 31 32 31 31 31 32 30 28 30 29 25 21 18 17 16 16 16 17 11 10 12 17 23 24 24 23 23 23 23 19 19 17 15 16 17 21 24 24 26 27 28 26 26 28 28 28 29 29 29 30 30 31 33 33 35 30 24 6 0 0 0 0 0 0 0 0 0 0 
175 165 126 67 43 26 26 21 18 15 14 12 14 14 14 14 12 12 12 14 14 15 17 17 18 20 19 17 16 12 10 10 10 10 9 7 5 5 5 7 7 4 2 2 1 1 1 2 1 3 4 3 1 1 0 1 1 3 5 15 22 26 29 29 30 30 30 31 31 30 31 30 30 30 26 24 24 24 25 27 31 24 14 11 18 26 27 25 24 23 23 21 15 15 14 12 14 16 19 24 24 26 27 28 26 26 28 29 30 29 29 30 31 31 32 33 35 35 28 16 3 0 0 0 0 0 0 0 0 0 0 
164 160 123 73 51 33 30 23 18 15 14 13 13 14 13 14 12 12 12 14 15 15 15 17 17 17 16 15 14 11 10 8 7 7 4 3 3 2 2 2 1 1 0 0 0 0 1 3 4 4 4 1 0 1 1 1 2 4 10 18 23 25 25 25 28 29 29 30 31 31 32 32 32 33 33 31 31 32 35 37 38 30 19 12 16 21 28 23 20 18 18 16 11 10 9 8 11 16 19 24 24 26 27 26 26 28 28 29 30 30 30 31 32 33 35 36 37 36 27 11 3 0 0 0 0 0 0 0 0 0 0 
142 152 128 85 67 45 39 24 18 15 14 14 14 14 14 14 12 12 12 11 11 11 10 12 12 11 10 9 8 5 5 4 4 4 4 4 3 3 3 2 2 2 1 1 1 2 3 5 6 4 4 1 0 0 1 2 3 9 14 19 24 24 24 23 25 26 26 28 29 30 30 31 31 33 33 32 32 33 35 37 38 31 19 14 16 17 17 17 16 12 11 10 8 8 4 4 9 16 19 24 24 26 27 26 26 28 28 29 30 30 31 32 33 33 35 37 37 34 25 8 2 0 0 0 0 0 0 0 0 0 0 
129 153 129 87 72 59 51 22 17 14 15 17 17 16 16 15 14 14 12 11 11 11 11 11 11 10 9 8 7 4 4 5 6 7 7 7 5 6 6 5 4 2 2 2 2 2 4 8 8 4 2 1 0 0 1 2 6 12 18 22 24 24 24 23 25 25 24 25 26 28 29 30 31 32 35 36 36 36 36 36 38 29 18 16 21 18 10 9 9 5 4 5 6 6 2 2 8 16 19 24 24 26 27 26 26 28 28 29 30 30 31 32 33 33 35 37 37 36 24 7 1 0 0 0 0 0 0 0 0 0 0 
116 150 128 90 74 70 64 23 18 14 15 16 17 16 16 15 15 14 15 15 15 14 14 15 15 14 12 11 10 8 8 8 9 9 10 8 8 9 10 9 9 9 7 7 8 8 9 9 6 3 1 2 1 1 1 3 8 15 21 22 24 25 24 23 24 24 24 24 25 26 26 28 29 30 32 33 34 34 33 33 34 24 15 15 19 18 11 9 6 4 4 4 5 6 3 2 9 16 19 24 24 26 27 26 26 28 28 28 29 29 29 30 31 32 33 36 37 36 24 7 1 0 0 0 0 0 0 0 0 0 0 
94 134 132 103 89 78 67 28 21 15 15 15 16 16 16 16 16 15 15 15 14 12 12 16 16 16 16 12 11 10 10 9 10 12 13 13 13 13 15 14 14 14 12 12 11 11 10 10 7 5 3 3 3 3 7 15 18 23 23 23 24 25 25 24 24 24 24 24 25 25 25 26 28 29 30 31 32 33 32 32 32 24 18 20 24 18 11 8 4 1 7 8 5 8 9 10 11 17 18 22 23 25 26 26 27 27 29 29 29 28 28 29 30 31 31 34 36 34 27 5 1 0 1 0 0 0 0 0 0 0 0 
80 128 142 109 97 85 71 30 23 17 15 15 16 16 17 16 16 16 15 14 14 12 12 15 15 15 13 12 11 10 10 10 12 13 16 16 15 16 17 16 16 19 19 18 16 15 15 12 9 10 8 7 5 8 14 17 19 23 25 24 25 26 25 25 24 24 25 25 25 25 25 26 26 28 29 30 31 32 32 32 39 33 29 27 29 21 15 12 9 4 11 12 9 10 11 12 12 12 17 21 22 25 26 26 26 26 27 27 27 28 28 28 29 30 30 34 36 34 25 3 1 1 1 0 0 0 0 0 0 0 0 
84 125 153 130 101 87 73 32 23 18 15 15 16 17 17 17 17 16 16 15 12 12 12 12 12 11 10 11 11 10 9 10 11 15 15 15 15 15 16 16 16 15 15 16 17 17 17 16 15 11 9 8 7 7 8 15 19 22 23 25 25 25 26 25 24 24 24 25 25 25 25 25 26 28 29 29 31 32 32 33 34 31 30 28 26 24 22 19 19 17 16 17 16 15 12 11 11 8 16 19 22 24 25 25 25 25 26 27 27 26 26 26 29 29 30 32 34 38 13 1 0 0 0 0 0 0 0 0 0 0 0 
