39 39 39 39 38 36 31 25 22 19 18 18 18 18 19 19 19 19 19 19 19 20 20 19 19 19 19 19 19 18 18 18 18 18 18 18 17 17 19 19 21 19 19 18 18 17 17 17 16 17 17 17 17 17 17 17 17 17 17 17 17 17 17 17 17 17 17 17 17 17 17 17 18 18 18 18 18 18 18 18 18 18 18 18 18 18 18 18 17 17 17 18 21 21 23 25 29 
39 39 39 39 38 36 31 25 22 19 18 18 18 19 19 19 19 19 19 19 19 20 20 19 19 19 19 19 19 18 18 18 18 18 18 18 18 19 22 22 23 24 24 23 21 24 22 21 19 19 18 19 19 18 18 17 17 17 17 17 18 17 17 17 17 17 17 17 17 17 17 17 18 18 18 18 18 18 18 18 18 18 18 18 18 18 18 18 17 17 17 18 21 22 23 25 26 
39 39 39 39 38 35 31 25 22 19 18 18 18 18 18 19 19 19 19 18 18 19 19 21 21 21 21 19 19 18 18 18 18 18 18 18 19 20 24 24 26 29 31 30 31 31 31 30 29 29 29 28 26 25 25 23 22 22 22 22 23 22 21 19 19 18 18 18 17 17 16 15 15 15 15 15 16 17 17 17 17 17 17 17 17 17 17 17 17 17 17 18 22 23 24 26 28 
38 39 38 39 38 35 31 25 22 19 18 18 18 18 18 19 19 19 19 18 18 19 19 21 21 21 21 19 19 18 18 18 18 17 17 19 19 24 27 29 32 36 39 43 43 43 44 43 43 42 42 40 39 38 37 36 35 35 35 34 34 32 31 31 30 30 30 29 29 28 26 25 25 25 25 25 24 24 23 23 23 23 23 22 22 22 21 22 22 21 21 22 23 30 30 31 30 
38 38 38 38 38 35 31 25 22 19 18 18 18 19 19 19 19 19 19 18 18 19 19 21 21 21 21 19 19 18 17 17 17 18 17 22 24 29 32 38 45 49 54 56 56 56 56 56 56 54 54 54 52 51 51 50 50 50 51 50 49 47 46 46 45 45 45 44 43 43 42 42 42 42 42 40 39 37 35 35 35 35 35 33 33 33 32 31 32 30 29 29 29 40 40 38 35 
39 38 38 38 37 35 31 25 22 19 18 18 18 19 19 19 19 19 19 18 18 19 19 21 21 21 21 19 19 18 17 17 18 19 22 29 33 37 44 52 59 64 66 66 66 65 65 65 65 65 65 64 63 61 63 61 60 61 63 63 61 59 58 58 58 58 58 57 56 56 54 54 54 54 54 54 52 51 49 47 47 47 47 47 49 49 47 47 45 43 40 39 38 52 51 46 40 
39 38 39 38 37 35 31 25 22 19 18 18 18 19 19 19 19 19 19 18 18 19 19 21 21 21 21 19 19 18 18 19 21 25 30 38 43 49 57 65 68 72 73 74 74 74 74 74 74 73 72 72 71 71 69 70 70 68 70 70 70 70 68 68 68 68 68 68 68 67 67 67 67 67 68 67 66 66 64 62 62 62 62 62 64 65 64 64 61 59 58 54 53 61 59 51 43 
39 39 39 39 37 35 31 25 22 19 19 18 18 19 19 19 19 19 19 18 18 19 19 21 21 21 21 19 19 18 18 22 24 32 38 47 53 60 66 72 73 74 75 75 76 75 75 75 75 75 75 75 74 74 73 73 72 72 72 73 73 73 73 73 73 73 73 74 73 72 72 72 72 72 73 73 73 72 72 72 72 72 72 73 74 74 74 74 74 71 69 67 66 64 61 51 44 
39 39 39 39 38 36 31 25 22 21 19 18 18 19 19 19 19 19 19 18 18 19 19 21 21 21 21 19 19 18 17 26 33 42 45 54 61 68 71 74 74 75 76 74 75 74 74 74 75 77 75 75 74 75 74 73 73 73 74 74 75 74 74 74 74 74 74 74 74 73 73 73 72 73 73 73 74 75 75 77 77 77 75 75 75 77 77 77 77 77 75 77 75 70 63 50 42 
39 38 40 39 38 35 31 24 22 19 18 19 19 19 19 19 19 19 19 18 18 19 19 21 21 21 21 19 19 19 22 33 40 47 52 60 66 71 72 75 75 75 76 75 75 75 75 75 75 77 75 75 75 75 74 74 74 74 74 75 75 74 74 74 75 75 74 74 74 74 73 73 73 74 74 74 75 77 77 78 78 78 78 77 77 77 77 77 77 77 77 78 79 74 67 54 43 
39 38 39 39 38 33 29 24 21 19 18 18 18 17 17 17 17 18 18 18 18 18 19 19 21 21 21 21 21 22 24 29 37 46 54 64 68 71 73 74 74 74 74 75 75 75 75 75 75 75 75 75 74 74 74 74 74 74 74 75 75 75 75 75 75 75 75 74 74 73 73 73 73 74 74 75 75 77 77 78 79 79 78 78 78 77 77 77 77 77 78 79 79 74 67 55 45 
38 38 39 39 38 32 26 23 19 18 18 18 18 17 17 17 17 18 18 18 18 18 18 19 21 21 21 21 21 22 28 31 39 51 60 66 69 72 73 73 74 74 74 75 75 75 75 75 75 75 75 74 74 74 74 74 74 74 74 74 75 75 75 75 75 75 75 74 74 73 73 73 74 74 75 75 75 77 77 77 78 78 78 79 79 77 78 78 78 78 78 79 79 78 71 58 46 
38 38 39 39 38 31 26 22 19 18 18 18 18 17 17 17 17 18 18 18 18 18 18 19 19 19 21 19 19 24 32 40 50 59 64 68 72 72 73 74 74 74 74 75 75 75 75 75 75 75 75 74 74 74 74 74 74 74 74 74 75 76 76 76 76 76 76 76 76 75 75 75 76 76 78 78 78 79 79 79 79 78 78 78 78 78 78 79 79 80 80 80 80 80 75 61 47 
38 38 39 39 38 31 26 22 19 18 18 18 18 17 17 17 17 18 18 18 18 18 18 18 19 19 19 21 21 28 38 47 56 61 67 73 75 74 74 74 74 74 74 75 75 75 75 75 75 75 75 75 75 75 75 75 75 75 75 75 75 78 78 78 78 78 78 78 78 76 78 78 78 79 80 80 80 79 79 79 80 79 79 79 79 79 79 80 80 80 80 80 81 80 77 63 50 
38 38 39 39 38 31 26 22 19 18 18 18 18 17 17 17 17 16 14 14 17 18 18 18 18 19 21 22 26 33 44 54 61 67 73 75 75 75 74 75 75 74 74 76 76 76 76 76 76 76 76 76 76 75 75 75 75 75 75 75 75 78 78 78 78 78 78 78 78 78 78 79 79 80 80 80 80 79 79 79 80 79 79 79 79 79 79 80 80 80 80 79 79 79 72 59 46 
38 38 39 39 38 31 26 22 19 18 18 18 18 17 17 17 17 17 17 16 17 18 17 17 17 17 19 26 32 40 49 60 65 72 76 75 75 74 74 75 75 74 74 76 76 76 76 76 76 76 76 76 76 75 75 75 75 75 75 75 75 78 78 78 78 78 78 78 78 78 78 79 79 80 81 81 81 80 80 80 80 79 79 79 79 80 80 81 80 80 80 80 79 74 65 52 40 
38 38 39 39 38 31 26 23 21 18 18 18 18 17 16 16 16 17 17 17 17 18 18 19 18 17 22 30 39 47 53 65 71 73 75 75 75 75 75 73 75 76 76 78 78 76 76 75 75 75 75 76 76 75 75 75 77 77 77 77 77 79 79 79 79 79 79 79 79 79 79 79 80 80 81 82 81 81 80 80 81 80 80 80 80 80 81 82 81 81 80 79 79 67 59 44 33 
38 38 39 39 38 31 26 23 21 18 18 18 18 17 16 16 16 17 17 18 17 18 19 23 23 22 26 37 46 54 60 71 74 75 77 77 77 76 76 75 75 76 76 78 78 78 78 77 77 77 77 78 78 77 77 77 77 77 77 77 78 79 79 79 79 80 80 80 80 80 80 80 80 81 82 82 81 81 81 81 82 81 81 81 81 81 82 82 82 82 81 79 79 65 53 40 30 
39 39 39 38 36 32 28 24 22 19 19 19 18 17 16 16 16 16 17 17 17 18 22 24 28 34 43 46 53 68 72 74 74 75 77 77 75 75 75 76 76 76 76 77 77 77 77 77 77 77 77 77 77 77 77 78 79 79 79 79 80 79 79 79 79 79 79 79 79 79 79 78 79 79 80 80 80 80 80 81 81 82 82 82 83 83 83 83 82 82 82 78 73 64 51 38 29 
39 39 39 39 36 33 28 24 22 19 19 19 18 17 15 15 15 16 16 16 16 19 23 28 30 34 46 57 67 75 78 75 75 75 75 75 75 75 75 76 78 78 78 77 77 77 77 77 77 77 77 77 77 77 77 78 79 79 79 79 80 79 79 79 79 79 79 79 79 79 79 79 79 80 81 81 81 80 81 81 81 82 82 83 83 83 85 85 83 82 83 78 73 60 49 36 26 
39 39 39 39 36 33 28 24 22 19 19 19 18 17 15 15 15 15 16 16 18 22 28 32 37 45 54 63 71 75 75 75 77 77 75 75 75 75 77 78 78 78 78 77 77 77 77 77 77 77 77 77 77 77 77 77 78 78 78 79 79 79 79 79 79 80 80 80 80 80 80 80 80 81 81 82 82 81 81 81 82 82 82 84 84 82 84 84 82 82 82 78 73 60 46 33 25 
38 39 39 39 36 33 28 24 22 21 21 19 18 17 15 15 15 16 16 16 21 28 35 39 46 60 66 70 75 78 78 77 77 75 75 75 75 75 77 78 78 78 78 77 77 77 77 77 77 77 77 77 77 77 77 77 78 78 78 79 79 79 79 79 79 80 80 80 80 80 80 80 80 81 82 82 82 81 81 81 82 82 82 84 84 82 84 84 84 82 82 78 73 57 44 31 24 
39 39 39 38 35 33 28 24 22 21 21 19 18 17 15 16 16 17 19 23 27 31 39 51 58 60 70 75 79 78 78 78 77 75 75 75 75 75 77 78 78 78 78 77 77 77 77 77 77 77 77 77 77 77 77 77 78 78 78 79 79 79 79 79 79 80 80 80 81 80 81 81 81 82 82 84 82 83 82 82 83 83 83 85 85 85 86 86 85 83 85 79 73 56 42 30 24 
38 38 37 36 35 35 28 24 23 21 19 19 18 17 15 16 17 19 24 30 38 42 50 60 67 71 75 80 80 78 78 77 77 77 77 77 77 77 77 78 79 78 79 77 77 77 77 77 77 77 77 77 77 77 77 77 78 78 78 79 79 79 79 79 79 80 80 80 81 80 81 81 81 82 82 84 82 83 82 82 83 83 83 85 85 85 86 86 85 85 85 79 73 51 39 29 24 
33 35 35 35 33 33 28 24 22 21 19 19 18 17 15 15 18 23 28 33 42 49 57 66 71 73 77 80 79 78 77 77 77 77 77 77 77 77 77 78 78 78 78 78 78 78 77 77 77 77 77 77 77 77 77 77 78 78 78 79 80 79 79 79 79 80 80 80 81 81 81 82 82 84 84 84 82 83 82 82 83 82 82 82 82 84 85 84 84 82 82 80 75 49 37 28 24 
32 32 32 33 33 32 28 24 22 21 19 19 17 17 16 16 23 28 32 38 46 54 61 70 73 75 78 79 79 79 77 77 77 77 77 77 77 77 77 77 78 77 77 78 78 78 78 78 78 77 77 78 78 77 77 77 78 78 78 79 80 79 79 79 79 80 80 80 81 81 81 82 82 84 84 84 82 83 81 82 83 82 82 82 82 84 84 84 84 82 82 79 75 50 39 30 24 
31 31 31 31 32 32 28 24 22 19 19 18 17 16 17 20 26 33 44 54 63 69 72 74 76 78 79 79 79 79 77 77 77 78 78 77 77 77 77 77 77 77 77 77 78 77 78 78 78 78 78 79 79 79 79 79 79 79 79 78 78 79 79 80 80 80 81 81 81 82 82 82 84 84 84 84 82 81 80 81 82 81 82 82 82 82 84 85 85 82 82 82 74 50 33 24 22 
26 29 29 30 32 31 28 24 22 19 19 18 18 17 17 25 26 36 47 60 66 73 75 78 79 79 79 80 79 78 77 77 77 78 78 77 77 77 77 77 77 77 77 77 77 77 77 77 78 78 78 80 80 79 79 79 79 78 78 78 78 79 79 80 80 80 81 81 81 82 82 82 84 84 84 84 82 81 80 80 80 81 82 82 82 82 84 85 85 82 82 79 67 44 31 23 22 
26 26 28 29 32 31 28 24 22 19 19 18 18 19 20 29 37 45 57 66 70 74 75 79 80 81 80 80 79 80 78 78 78 78 78 77 77 77 77 77 77 77 77 77 77 77 77 77 78 78 78 80 80 79 79 79 79 78 78 78 78 79 79 80 80 80 81 81 81 82 82 82 84 84 84 84 82 81 81 81 82 84 82 82 82 82 84 84 84 82 80 74 60 41 29 22 22 
26 26 28 29 32 32 28 24 22 19 19 17 23 18 25 33 45 53 61 68 74 78 78 80 81 82 81 79 77 78 78 78 78 78 78 77 77 77 77 77 77 77 77 77 77 77 77 77 77 77 77 79 79 78 78 78 78 78 78 78 78 79 79 80 80 80 81 81 81 82 82 82 84 84 84 84 82 81 81 84 85 85 84 82 82 82 84 85 85 82 78 72 58 37 27 22 22 
26 25 28 29 32 32 28 24 22 19 19 20 30 22 31 40 53 61 66 73 78 79 79 80 80 80 80 80 79 79 79 78 78 78 78 77 77 77 77 77 77 77 77 77 77 77 77 77 77 77 77 79 79 78 78 78 78 78 78 78 78 79 79 80 80 80 81 81 81 82 82 82 84 84 84 84 82 82 82 85 86 85 84 82 82 84 85 86 85 81 77 71 56 34 25 23 24 
25 25 26 29 32 31 28 24 22 19 21 24 29 30 37 46 60 66 72 75 78 78 77 78 78 79 78 79 79 79 78 78 78 78 78 77 77 77 77 77 77 77 77 77 77 77 77 77 77 77 77 79 79 78 78 78 78 78 78 78 78 79 79 80 80 80 81 81 81 82 82 82 84 84 84 84 82 82 82 85 85 84 82 82 84 84 85 86 85 81 75 67 52 33 25 23 24 
25 26 27 29 32 31 25 23 21 20 22 26 30 38 46 54 65 70 74 73 75 75 76 78 78 78 78 77 77 77 77 77 77 78 78 77 77 77 77 77 77 77 77 77 77 77 77 77 77 77 77 79 79 78 78 78 78 78 78 79 79 79 79 80 80 80 81 81 81 82 82 82 84 84 84 84 82 82 82 84 82 82 81 82 85 86 86 86 87 82 78 69 51 32 24 24 23 
26 26 27 29 31 31 25 22 21 20 23 30 38 44 51 59 71 74 75 74 74 75 75 76 76 78 78 77 77 77 77 77 77 78 79 78 77 77 77 77 77 77 77 77 77 77 77 77 77 77 77 79 79 78 78 78 78 78 78 79 79 79 79 80 80 80 81 81 81 82 82 82 84 84 84 84 82 82 82 82 82 82 82 83 83 85 87 86 88 89 85 73 54 32 25 24 25 
26 26 27 29 32 29 23 21 19 21 26 33 45 54 63 66 72 73 74 75 75 75 75 75 76 76 76 77 77 77 77 77 77 77 77 77 77 77 77 77 77 78 78 78 78 78 77 77 77 77 77 78 78 78 78 78 78 78 78 80 80 79 79 80 80 80 81 81 81 82 82 82 84 84 84 85 85 83 83 85 83 82 84 84 85 88 94 97 104 113 106 86 60 33 26 26 26 
26 26 27 30 32 30 25 22 22 25 32 40 52 64 73 74 74 74 75 75 75 75 75 76 76 78 78 77 77 77 77 77 77 77 77 77 77 77 77 77 77 78 78 78 78 78 77 77 77 77 77 78 78 78 78 78 78 78 78 80 80 79 79 80 80 80 80 82 82 81 82 82 84 84 84 85 83 82 81 81 82 84 85 86 92 101 114 123 138 153 144 113 71 34 26 27 29 
26 27 29 30 32 30 26 24 24 31 38 45 57 69 74 74 74 74 75 74 75 75 75 75 75 77 77 77 77 77 77 77 77 77 77 77 77 77 77 77 77 78 78 78 78 78 77 77 77 77 77 78 78 78 78 78 78 78 78 80 80 79 79 80 80 80 81 84 84 82 82 82 82 84 84 85 85 85 83 86 86 85 84 87 103 123 144 159 170 177 166 128 77 36 26 26 29 
26 27 29 31 33 32 30 28 30 39 47 52 61 74 78 75 75 75 75 74 75 75 75 75 77 77 77 77 77 77 77 77 77 77 77 77 77 77 77 77 77 78 78 78 78 78 77 77 77 77 77 78 78 78 78 78 78 78 78 80 80 79 80 80 80 80 82 82 84 84 81 81 82 85 87 90 99 104 112 121 125 117 106 104 122 151 181 197 192 172 150 118 74 37 30 28 29 
26 27 29 30 33 33 31 31 37 44 51 57 66 77 77 77 75 75 75 74 75 75 75 75 77 77 77 77 77 77 77 77 77 77 77 77 77 77 77 77 77 77 77 77 78 77 77 77 77 77 77 78 78 78 78 78 78 78 78 79 79 80 80 79 80 80 80 82 81 80 82 81 82 87 95 107 131 148 167 175 182 172 152 134 131 151 177 186 171 142 109 86 58 33 32 30 31 
26 27 29 30 33 33 36 39 47 57 66 71 75 77 77 77 75 75 75 74 75 75 75 75 77 77 77 77 77 77 77 77 77 77 77 77 77 77 77 77 77 77 78 78 79 78 78 77 77 77 77 78 78 78 78 78 78 78 78 79 79 80 80 80 80 80 81 81 82 85 87 88 92 97 120 147 185 199 221 230 229 219 186 144 111 108 124 134 127 104 79 66 46 28 31 32 31 
26 27 27 29 33 36 39 45 54 65 74 73 77 77 77 77 75 75 75 75 77 77 77 77 78 78 78 77 77 77 77 77 77 77 77 77 77 77 77 77 77 77 78 78 78 78 78 77 77 77 77 78 78 78 78 78 78 78 78 80 80 79 80 82 81 82 84 86 86 90 97 106 113 121 144 175 210 222 235 244 247 229 187 127 73 53 59 72 79 77 70 58 39 28 30 31 32 
26 27 27 29 33 39 47 54 64 73 76 77 78 77 77 77 77 77 77 77 77 77 77 77 78 78 78 78 78 77 77 77 77 77 77 78 78 78 78 78 78 78 78 78 78 77 77 78 78 78 78 78 78 78 78 78 78 78 78 80 80 79 80 84 86 86 84 86 86 103 120 128 125 128 136 166 194 195 200 203 200 179 135 81 35 17 22 33 45 54 63 54 37 29 29 31 31 
25 26 27 28 33 39 50 61 70 75 77 77 77 78 78 78 78 78 78 79 79 78 78 78 79 79 79 78 78 78 78 78 78 78 78 78 78 78 78 78 78 79 79 79 79 78 78 78 78 78 78 79 79 79 79 79 79 79 79 79 79 79 80 80 79 78 78 87 101 120 129 132 124 108 86 88 96 114 118 116 104 84 54 26 12 9 14 29 44 54 60 50 37 30 29 31 30 
25 26 26 28 32 39 51 63 71 75 77 77 77 78 78 78 78 78 78 79 79 78 78 78 78 78 78 78 78 78 78 78 78 78 78 78 78 78 78 78 78 79 79 79 79 78 78 78 78 78 78 79 79 79 79 79 79 79 79 79 79 78 78 78 78 83 94 111 127 135 134 119 93 65 35 29 29 38 40 38 31 25 15 8 4 7 17 39 61 66 63 51 39 32 30 30 30 
25 25 25 28 32 40 52 64 72 77 77 77 77 78 78 78 78 79 79 79 79 79 79 78 78 78 78 78 78 78 78 78 78 78 78 78 78 78 78 78 78 78 78 78 78 79 79 79 79 79 79 79 79 79 79 79 79 79 80 79 78 78 77 77 85 107 128 142 149 142 131 102 60 31 11 1 3 11 10 4 4 4 2 3 2 8 28 51 68 72 65 51 38 33 32 32 31 
25 25 25 28 32 40 52 64 72 77 77 77 77 78 78 78 78 79 79 79 79 79 79 78 78 78 78 78 78 78 78 78 78 78 78 78 78 78 78 78 78 78 78 78 79 78 79 79 79 79 79 79 79 79 79 79 79 80 80 80 80 80 81 89 102 130 146 155 156 137 121 83 37 12 6 1 1 2 2 2 2 3 1 1 2 12 37 58 70 73 64 50 38 32 32 33 32 
24 25 25 28 32 40 52 64 72 77 77 77 77 78 78 78 78 79 79 79 79 79 79 78 78 78 78 78 78 78 78 78 78 78 78 78 78 78 78 78 78 78 78 78 78 78 78 79 79 79 79 79 79 79 79 79 79 80 80 80 82 81 88 103 115 135 140 139 133 111 94 58 21 4 3 0 0 0 1 3 3 3 2 2 3 17 39 63 75 72 60 45 35 30 31 33 32 
24 25 26 29 32 40 52 64 72 77 77 77 77 78 78 78 78 78 78 79 79 78 78 77 78 78 78 78 78 78 78 78 78 78 78 78 78 78 78 78 78 78 78 78 77 78 78 79 79 79 79 79 79 79 79 79 79 80 80 80 80 81 95 107 113 121 110 91 83 60 41 22 5 0 0 0 0 1 1 2 3 3 4 5 7 18 38 61 74 68 53 37 30 29 30 31 32 
26 28 29 31 33 42 53 64 72 77 77 77 77 77 77 77 77 77 77 78 78 78 78 77 77 77 78 78 78 78 78 78 78 78 78 78 78 78 78 78 78 78 78 78 77 78 78 79 79 79 79 79 79 79 79 79 79 79 79 79 78 81 93 106 106 101 75 44 32 17 6 4 1 0 0 0 0 0 0 1 2 2 4 5 10 23 42 63 70 60 44 31 26 26 28 30 30 
31 31 31 33 33 42 54 65 73 78 78 78 78 78 78 78 78 78 78 79 79 79 79 77 78 78 78 78 79 78 78 78 78 78 79 78 78 78 78 78 78 78 78 78 78 78 78 79 79 79 79 79 79 79 79 79 79 79 79 79 75 79 91 106 107 95 59 25 9 5 3 3 3 0 0 0 0 0 0 1 1 2 2 2 14 30 49 63 65 57 43 30 28 26 28 30 30 
33 33 33 33 33 43 53 63 72 75 75 75 75 74 74 74 74 74 74 74 74 75 75 75 75 76 76 76 75 75 74 74 74 75 75 75 75 75 76 76 76 78 78 78 78 76 76 76 76 76 76 76 78 78 79 80 81 80 81 82 75 77 90 104 107 89 52 18 6 4 4 3 1 1 1 0 1 0 1 1 1 1 2 7 17 37 57 66 64 54 39 28 28 26 28 29 29 
35 35 35 36 36 43 52 58 66 66 66 66 67 67 67 68 68 68 67 67 67 68 68 68 68 69 71 69 69 68 68 68 68 68 68 68 68 68 69 69 69 71 71 69 69 69 69 69 69 69 69 69 69 71 71 72 73 73 73 74 74 80 90 101 96 74 37 10 5 4 4 2 1 1 1 0 0 0 0 1 1 1 3 9 19 40 60 70 65 51 37 28 26 26 29 29 29 
35 35 35 36 36 42 46 53 61 61 61 61 61 63 63 63 63 63 63 63 63 61 61 63 63 63 63 61 61 61 60 60 60 60 60 60 61 61 60 61 61 61 63 61 61 61 61 61 61 61 61 61 61 60 61 61 61 63 63 64 71 82 89 96 86 57 18 4 3 2 2 1 1 0 0 0 0 0 0 1 1 1 2 11 26 45 60 68 64 49 35 26 26 28 29 29 30 
35 35 36 36 38 39 43 45 56 56 56 56 57 57 57 58 58 58 57 57 57 57 57 57 57 57 56 56 56 56 54 54 54 54 54 54 54 54 54 54 54 54 56 56 56 54 56 56 56 56 56 54 53 53 53 53 53 54 54 57 72 80 90 93 77 43 11 3 2 1 1 1 0 0 0 0 0 0 0 1 1 1 3 15 30 50 65 68 59 45 33 26 28 29 29 29 31 
36 36 36 37 38 39 40 46 54 52 52 52 52 53 53 53 53 53 53 53 52 52 52 52 52 52 51 51 52 52 52 52 52 52 52 53 52 52 52 53 53 53 53 53 53 53 53 53 53 53 53 52 52 51 51 51 52 52 53 54 64 80 92 91 72 33 8 3 2 1 1 0 0 0 0 0 0 0 0 0 0 1 6 17 34 53 64 63 51 39 29 25 28 29 30 30 31 
36 36 36 36 37 39 43 53 59 54 54 54 54 54 54 54 54 54 54 54 53 53 53 53 52 53 53 53 54 54 54 56 56 57 57 57 57 57 57 58 58 58 58 58 58 58 58 58 58 58 57 57 57 56 56 56 57 57 58 59 68 78 92 90 62 25 6 3 2 1 1 0 0 0 0 0 0 0 0 0 0 2 9 23 40 54 63 58 46 32 24 25 26 29 30 30 30 
36 36 36 36 37 40 46 54 59 60 60 60 61 60 60 60 60 59 59 59 59 58 58 58 58 59 60 60 61 61 63 65 65 67 67 66 66 66 66 66 66 66 66 66 66 65 66 66 66 66 65 65 65 64 65 65 66 66 67 67 77 79 93 88 57 18 3 1 1 1 1 0 0 0 0 0 0 0 0 0 0 1 10 25 45 59 60 53 42 29 24 25 26 28 30 30 30 
36 36 36 37 38 42 47 54 60 64 64 64 66 66 66 65 66 66 66 67 66 66 66 66 66 67 67 67 68 68 70 70 70 72 72 71 70 70 70 71 71 71 71 71 71 71 72 72 72 72 71 71 71 71 71 72 73 74 74 74 81 82 95 79 46 10 3 0 1 1 0 0 0 0 0 0 0 0 0 0 0 1 9 26 47 58 56 46 33 25 24 25 26 28 30 30 30 
38 38 38 37 38 40 47 56 59 64 66 66 67 67 67 68 68 69 69 69 69 69 69 69 69 69 71 70 70 71 71 71 71 71 71 72 72 72 72 71 71 71 71 71 72 72 72 73 73 71 71 73 75 75 76 78 78 75 75 75 73 91 90 58 24 4 1 0 0 0 0 0 0 0 0 0 0 0 0 0 0 1 8 24 44 57 54 37 24 22 23 25 26 28 29 30 30 
38 38 38 37 38 43 49 57 60 65 66 67 68 68 68 69 68 68 68 69 69 69 69 69 69 69 69 68 70 70 70 70 70 70 70 71 71 71 71 70 70 70 70 71 71 72 72 73 73 72 72 74 75 76 78 79 79 77 77 78 77 83 81 51 19 4 1 0 0 0 0 0 0 0 0 0 1 0 0 0 0 0 5 15 29 36 35 25 22 22 23 25 26 28 29 30 30 
37 37 37 39 40 44 51 58 61 66 68 70 71 71 70 71 69 69 69 69 71 71 71 71 71 71 71 70 70 70 70 70 70 70 70 70 70 70 70 70 70 70 70 70 70 71 71 72 72 71 71 73 74 75 76 78 78 78 78 78 75 81 73 46 15 2 1 0 0 0 0 0 0 0 0 0 1 0 0 0 0 0 3 10 18 20 19 18 19 22 23 25 28 29 29 30 30 
37 37 37 39 41 45 53 59 64 67 68 70 71 70 70 69 69 67 68 68 68 68 69 69 69 69 69 68 68 70 70 70 70 70 70 70 70 70 70 70 70 70 70 70 70 71 71 72 72 71 71 73 74 75 76 79 79 80 80 80 76 81 71 44 12 1 2 1 1 0 0 0 0 0 0 0 0 0 0 0 0 1 3 8 13 17 19 19 21 23 24 25 26 29 29 30 29 
37 37 37 39 41 46 54 60 64 67 68 68 70 68 67 65 64 64 64 66 67 67 68 68 69 69 69 68 68 68 68 68 68 68 68 68 68 68 68 68 68 68 68 68 68 70 70 70 70 71 71 72 73 73 74 76 78 79 79 78 73 81 69 42 12 2 1 0 0 0 0 0 0 0 0 0 1 0 0 0 0 1 3 9 13 17 18 19 22 22 24 25 26 28 29 29 30 
37 37 37 39 41 49 57 61 65 67 67 67 67 66 65 63 63 61 61 64 65 66 67 67 68 68 68 67 67 68 68 68 68 68 68 68 68 68 68 68 68 68 68 68 68 70 70 70 70 71 71 72 72 73 74 75 76 78 76 75 71 81 68 39 11 1 1 0 0 0 0 0 0 0 0 0 0 0 0 1 1 1 4 11 15 14 18 18 21 22 23 25 26 28 29 30 30 
38 38 38 39 41 49 56 60 64 67 67 66 65 64 63 62 62 61 61 61 63 64 65 66 66 66 66 66 66 67 67 67 67 67 67 67 67 67 67 67 67 67 67 67 67 68 68 68 68 68 68 70 70 71 72 73 74 75 74 73 68 80 66 37 10 1 1 0 0 0 0 0 0 0 0 0 0 0 0 1 1 2 5 13 17 16 17 20 22 22 23 25 26 26 29 30 31 
38 38 38 39 41 49 56 60 64 66 66 65 65 63 63 62 61 60 61 61 63 63 64 65 66 66 66 66 67 66 67 67 67 67 67 67 67 67 67 67 66 66 66 66 66 67 67 67 67 67 67 68 68 70 71 72 73 74 73 72 66 78 64 36 10 1 1 0 0 0 0 0 0 0 0 0 0 0 0 0 0 2 5 13 17 17 17 20 22 22 23 25 26 28 30 30 31 
38 38 38 38 40 47 56 59 63 66 66 65 65 63 63 61 61 61 61 61 63 64 65 65 66 66 66 66 66 67 66 66 66 66 66 66 66 66 66 66 66 66 66 66 66 66 66 66 66 66 66 67 67 68 70 71 72 72 72 70 64 72 62 35 10 1 1 0 0 0 0 0 0 0 0 0 0 0 0 0 0 3 8 15 18 17 18 18 21 23 24 25 28 28 30 30 30 
38 38 38 38 40 47 56 59 63 67 67 66 65 64 63 61 61 61 63 63 64 65 66 66 66 66 66 66 66 67 67 67 67 67 67 67 67 67 67 67 66 66 66 66 66 66 66 66 66 66 66 67 67 68 70 71 72 71 71 71 66 69 60 33 10 1 1 0 0 0 0 0 0 1 0 0 0 0 0 0 0 3 10 16 18 18 18 19 22 24 24 25 28 28 29 30 30 
38 38 38 38 40 47 54 59 64 67 67 66 65 64 63 61 63 63 64 65 66 66 67 67 67 67 67 67 67 68 68 68 68 68 68 68 68 68 68 68 67 67 67 67 67 66 66 66 66 66 66 67 67 68 70 70 71 70 71 72 67 68 60 32 10 1 1 0 0 0 0 0 1 1 0 1 1 0 0 0 0 3 10 16 18 18 19 19 22 24 24 26 26 28 29 30 30 
38 38 38 38 40 46 54 58 64 70 68 67 66 65 65 64 64 65 65 66 67 67 67 67 67 67 67 68 70 68 68 68 68 68 68 68 68 68 68 68 68 68 67 67 67 67 67 67 66 66 66 67 67 68 70 70 71 71 72 74 71 67 59 31 9 1 1 0 0 0 0 0 0 1 0 1 1 0 1 2 2 6 13 16 18 19 22 22 23 24 25 25 26 26 29 30 30 
38 38 38 38 40 47 54 59 65 70 68 67 66 65 65 64 65 65 66 66 67 67 67 67 68 68 68 68 70 70 70 70 70 70 70 70 70 70 70 70 68 68 68 68 68 67 67 67 67 67 67 67 67 68 70 71 72 72 72 73 68 66 54 30 9 1 1 0 0 0 0 0 0 0 0 1 1 0 1 3 4 9 15 16 18 21 22 22 24 25 25 26 26 28 29 29 30 
38 38 38 38 40 49 56 60 65 68 70 68 68 66 66 65 65 66 66 67 67 67 67 67 68 68 68 70 71 71 71 71 71 71 71 71 71 71 71 71 70 70 68 68 68 68 67 67 67 67 67 67 67 68 70 70 71 72 71 70 64 65 51 29 9 1 1 0 0 0 0 0 0 0 0 1 1 0 1 2 6 10 15 17 18 21 22 22 24 25 25 26 28 28 29 29 30 
38 37 37 38 42 47 54 59 64 68 71 68 68 66 66 65 65 66 66 67 67 67 67 67 68 68 68 70 71 71 71 72 72 71 71 72 72 72 72 72 71 71 70 70 70 68 67 67 67 67 67 67 67 68 68 68 68 67 65 59 51 60 46 28 10 1 0 0 0 0 0 0 0 0 0 0 0 0 1 3 8 11 16 18 18 21 22 23 24 25 25 26 28 26 29 30 30 
39 38 38 39 43 49 54 60 64 69 71 70 68 66 66 66 66 66 67 67 67 67 67 67 68 68 68 70 71 71 71 72 72 71 71 71 72 72 72 71 71 70 70 70 70 68 68 68 68 67 67 67 67 68 68 68 66 64 63 52 43 59 45 28 10 1 0 0 0 0 0 0 0 0 0 0 0 0 1 4 10 12 17 18 19 22 22 24 25 25 26 28 28 28 29 30 29 
38 38 38 39 43 46 51 57 61 66 68 67 67 66 66 65 65 65 66 66 66 67 66 66 67 70 72 74 72 71 71 70 70 70 70 71 72 71 71 71 70 70 68 68 68 68 67 67 67 67 68 68 68 68 68 66 64 57 43 36 36 57 44 28 8 1 1 0 0 0 0 0 0 0 0 0 0 0 2 5 11 15 17 19 19 22 23 24 25 26 26 26 26 28 28 29 29 
38 38 37 38 42 43 47 51 53 57 61 65 65 63 63 61 61 61 63 63 64 64 64 65 66 66 67 67 68 68 68 68 68 68 68 70 71 71 71 70 70 68 68 68 68 67 67 67 67 67 67 67 67 67 67 66 61 54 44 38 37 52 41 26 10 1 1 1 0 0 0 0 0 0 0 0 0 1 4 8 14 17 18 19 19 22 23 24 25 26 26 26 28 28 28 29 29 
38 38 37 38 38 39 43 45 46 46 49 52 54 54 53 53 53 53 53 54 56 56 57 58 59 60 56 60 61 60 60 60 60 61 61 63 64 65 65 66 65 65 65 65 65 66 66 66 67 67 67 67 67 67 66 66 60 53 46 43 42 47 40 26 10 2 2 1 0 0 0 0 0 0 1 1 1 1 5 11 17 18 19 19 21 23 24 25 26 28 28 28 26 28 28 29 29 
40 39 37 36 36 35 36 36 37 36 36 38 39 39 38 38 38 39 39 42 43 44 45 46 46 46 47 49 50 46 45 45 45 46 47 49 50 52 53 54 56 57 57 57 57 60 63 66 67 68 68 68 68 67 67 66 59 52 45 44 44 46 39 28 11 2 2 1 0 0 0 0 0 0 1 1 2 3 8 15 17 19 19 21 22 24 24 25 28 28 26 26 26 28 29 30 29 
42 40 38 37 36 35 31 29 28 26 25 26 28 26 26 25 26 26 28 30 31 32 33 35 35 35 35 35 35 35 33 33 33 35 36 37 38 40 42 43 44 45 45 45 45 49 52 56 57 59 60 61 63 64 65 66 65 65 63 61 55 45 37 28 12 2 1 0 0 0 0 0 0 1 1 2 3 4 10 16 18 19 21 21 22 24 24 25 26 28 26 26 26 28 29 30 29 
46 44 40 38 37 35 30 26 22 22 21 21 21 19 19 18 19 19 21 22 24 24 25 26 28 28 28 28 28 28 28 29 29 29 30 31 32 33 35 36 36 37 37 37 37 39 42 45 45 47 50 51 53 53 56 58 58 63 64 64 55 43 38 30 17 3 1 0 0 0 0 0 0 1 1 2 4 8 11 16 18 19 21 22 22 24 24 25 26 26 26 26 26 26 29 30 30 
49 46 44 40 37 32 26 22 19 17 16 17 17 18 18 18 19 21 21 23 24 23 24 25 25 26 26 25 25 26 26 26 26 26 28 29 30 29 30 29 29 29 29 29 29 31 32 33 33 35 37 38 40 40 43 45 45 49 50 51 49 40 40 35 21 5 2 0 0 0 0 0 0 1 2 2 4 10 14 17 19 19 21 22 23 23 24 26 25 26 26 26 28 28 29 31 30 
51 49 45 43 39 31 25 22 18 15 15 16 16 17 18 19 19 21 22 23 24 23 24 24 25 26 25 24 25 25 25 26 26 25 26 28 29 28 28 26 26 25 25 25 25 25 25 26 25 26 29 30 32 32 35 37 37 39 40 42 43 32 42 37 26 9 2 0 0 0 0 0 0 1 2 3 7 11 15 18 18 19 21 21 22 24 24 25 26 28 26 26 28 28 29 30 29 
51 50 47 44 39 32 26 22 17 16 16 16 15 17 17 18 19 22 21 22 23 24 25 25 26 25 24 26 27 27 27 28 26 26 26 26 28 26 26 26 25 25 25 25 25 25 24 24 24 23 24 24 24 23 24 24 24 29 29 33 36 37 43 42 35 12 3 0 0 0 0 1 1 1 3 7 10 15 16 17 19 21 21 21 22 24 24 25 26 28 28 28 28 29 29 30 30 
53 53 50 45 39 33 26 22 17 16 16 16 15 16 17 19 19 22 22 23 24 25 26 26 27 26 25 26 27 27 27 28 28 26 26 28 29 28 28 26 26 25 25 25 25 25 24 24 24 23 23 22 22 21 22 22 22 23 24 26 30 35 44 44 36 16 4 0 0 0 0 1 1 3 7 9 12 17 18 18 19 19 21 21 22 23 25 26 28 28 28 28 28 28 29 30 30 
56 56 52 47 40 33 29 22 19 17 15 15 15 16 17 19 21 23 23 24 25 27 29 29 30 30 29 28 28 29 29 30 30 28 28 28 29 28 28 26 26 26 26 26 26 25 25 25 25 24 24 23 23 21 22 22 22 23 22 25 29 33 47 57 51 26 9 1 0 0 0 1 2 5 10 11 15 18 19 18 19 19 21 21 22 23 25 28 28 28 28 28 29 29 29 30 30 
58 58 53 47 43 35 28 22 18 16 15 15 16 16 18 19 22 24 24 25 28 29 30 31 31 31 31 29 29 29 29 30 30 28 28 28 29 28 28 26 26 26 26 26 26 25 25 25 25 24 24 23 23 21 22 22 23 25 24 28 37 39 60 72 67 38 14 2 0 0 0 2 3 8 12 15 16 19 19 19 19 19 19 21 22 23 24 26 28 28 28 28 29 29 29 30 30 
56 57 52 46 42 35 29 23 17 16 16 16 17 17 19 22 24 26 26 28 29 31 31 31 32 32 32 30 30 30 29 30 30 28 28 28 29 28 28 26 26 26 26 26 26 25 25 25 25 24 24 23 23 21 22 22 23 28 30 36 43 47 73 89 85 67 28 3 0 1 1 3 5 10 15 16 16 19 20 19 19 21 21 21 22 23 24 26 28 28 28 28 29 29 28 28 29 
51 52 49 44 40 35 29 22 17 16 16 17 17 19 22 24 26 29 29 29 30 31 31 31 32 32 31 30 30 29 29 30 30 28 28 28 29 28 28 26 26 26 26 26 26 25 25 25 25 24 24 23 23 21 22 24 24 30 37 43 46 56 87 110 107 85 37 4 0 1 1 4 9 12 16 16 17 20 20 19 19 19 19 21 22 24 25 26 28 28 28 28 29 29 28 28 26 
47 47 45 42 39 33 28 22 18 17 17 18 19 21 25 29 30 30 30 30 30 30 30 30 30 30 30 30 29 29 29 30 30 28 28 28 29 28 28 26 26 26 26 26 26 25 25 25 24 23 23 22 22 21 23 25 28 35 44 49 46 58 89 117 122 94 45 7 0 3 3 5 9 12 16 17 17 18 18 18 19 19 22 22 22 24 25 26 28 28 28 28 29 29 28 28 26 
44 44 42 40 38 32 28 23 19 18 19 21 21 23 28 31 31 31 32 31 31 31 30 30 30 30 30 30 29 30 30 31 31 28 28 28 29 28 28 26 26 26 26 26 26 25 25 25 25 23 23 22 22 22 23 26 33 43 45 49 44 52 80 100 102 79 37 8 0 3 5 9 11 14 16 17 17 18 18 18 19 21 22 22 23 24 25 26 28 28 28 28 29 29 28 28 26 
43 43 41 41 39 32 28 23 21 21 21 23 25 25 29 31 32 33 33 32 31 31 31 31 30 30 29 29 29 29 29 29 29 29 28 28 28 29 29 29 27 27 27 27 27 25 26 26 25 23 22 22 22 22 25 29 37 43 46 46 42 42 60 70 70 43 20 8 2 4 7 10 12 15 16 17 17 18 18 18 19 21 22 22 23 25 25 26 28 28 28 28 29 28 28 26 25 
42 41 40 40 39 32 28 23 22 21 23 25 29 29 31 33 33 34 34 33 32 32 32 32 31 31 30 30 30 30 30 30 30 29 29 28 29 29 29 29 27 27 27 27 27 25 26 26 25 23 22 22 22 23 26 31 38 44 46 45 37 35 44 51 50 30 12 9 6 7 10 12 15 15 16 16 17 18 18 18 19 21 22 23 23 24 25 26 28 28 28 28 29 28 26 26 26 
39 39 40 39 39 33 29 24 23 23 24 28 30 31 33 36 36 36 36 35 35 33 33 33 32 32 31 31 31 31 31 31 31 30 30 29 29 29 28 29 29 29 27 27 27 26 26 26 25 25 23 23 23 24 29 33 40 46 46 43 35 32 39 47 39 23 11 9 14 16 18 18 17 16 16 17 18 18 18 18 19 22 23 23 23 24 25 25 26 26 28 28 28 26 26 26 26 
39 39 40 39 37 34 30 25 23 24 25 28 31 33 36 37 37 38 37 37 37 36 36 36 35 35 32 32 32 32 31 31 31 31 31 30 30 29 29 29 29 29 29 27 27 26 26 26 25 25 23 24 25 26 32 37 43 44 44 39 35 38 49 55 45 27 16 15 18 21 19 19 18 16 16 17 18 18 18 18 21 22 23 23 23 24 25 25 26 26 26 26 26 28 26 26 26 
38 40 40 38 37 36 32 26 25 25 26 29 32 35 36 38 38 38 38 38 38 37 37 37 36 36 35 33 32 31 31 31 31 31 31 31 31 30 30 30 30 29 29 29 29 28 26 26 26 24 23 24 25 30 38 43 44 42 40 37 35 46 55 58 44 26 17 18 19 20 20 19 18 18 18 17 18 18 18 19 21 22 22 23 23 24 25 25 26 26 26 28 28 29 28 28 28 
38 40 41 39 38 36 32 28 25 26 28 31 33 35 36 38 38 38 38 38 39 38 38 38 37 36 35 33 32 32 32 32 32 32 31 31 31 31 30 31 31 30 29 29 29 29 28 28 26 25 23 25 28 35 42 45 44 40 36 35 36 53 67 68 51 31 23 24 22 19 19 19 18 18 18 18 18 18 19 19 21 22 22 22 23 24 25 25 26 26 28 28 28 29 28 28 28 
38 40 41 39 38 37 33 30 27 28 29 32 34 35 36 38 38 38 38 38 40 39 39 38 38 37 36 35 33 33 32 32 32 32 32 32 32 31 31 31 31 31 31 30 30 29 29 28 26 24 24 28 32 38 43 45 42 38 33 32 35 57 73 78 63 45 32 27 24 19 18 19 18 18 18 18 18 18 19 19 21 21 21 22 23 24 25 25 26 26 26 26 28 28 28 28 26 
39 40 41 40 38 37 34 31 30 29 29 33 36 36 37 38 38 38 39 39 42 40 40 39 39 38 37 36 35 33 33 33 33 33 32 32 32 31 31 32 32 32 32 31 31 30 29 29 25 24 25 30 37 40 45 45 42 34 31 30 36 59 78 85 74 59 40 29 24 19 17 18 18 18 18 17 18 18 18 19 21 22 22 23 23 24 25 25 26 26 26 26 28 28 26 26 26 
39 40 41 39 39 38 34 32 30 30 31 32 33 37 37 37 38 38 38 39 40 40 40 39 38 38 37 37 35 35 33 33 33 33 33 33 33 32 32 31 32 32 32 31 31 30 30 29 26 24 26 32 40 43 45 44 39 31 29 31 38 64 89 100 90 73 52 35 24 19 18 18 18 18 18 18 18 18 19 19 21 22 22 23 23 24 25 25 26 26 26 26 28 26 26 25 26 
39 39 40 39 39 38 36 33 31 31 32 32 33 36 37 37 37 37 38 38 40 40 40 39 38 38 37 37 35 35 33 33 33 33 33 33 33 32 32 31 32 32 32 30 29 29 29 29 26 26 30 37 44 44 43 42 37 30 30 32 43 72 98 113 106 85 60 39 23 20 18 18 19 18 18 18 18 19 19 19 21 22 22 23 23 24 25 25 26 26 26 26 28 28 26 26 25 
39 38 39 38 39 38 37 34 33 33 33 33 33 35 36 37 37 37 37 38 40 42 42 39 38 38 37 37 35 35 33 33 33 33 33 33 33 32 32 31 32 32 32 31 30 29 29 28 28 30 33 43 46 46 42 38 33 29 30 35 46 78 106 124 115 87 58 38 24 18 17 18 18 18 18 18 18 19 19 19 21 21 22 23 23 25 26 26 27 27 27 27 29 28 26 26 26 
39 38 39 39 39 39 37 36 33 33 33 33 35 35 36 37 37 37 37 38 40 42 42 39 38 38 37 37 35 35 33 33 33 33 33 33 33 32 32 31 32 32 32 30 28 26 26 26 28 30 37 44 47 44 39 35 31 29 32 38 51 86 115 126 115 85 54 34 23 18 17 17 18 18 18 18 18 18 19 19 21 22 23 23 24 25 26 26 26 27 27 29 30 29 28 28 28 
39 39 39 39 39 40 37 36 34 34 34 35 36 36 36 37 37 37 37 38 40 42 42 39 38 38 37 37 35 35 33 33 33 33 33 33 32 32 31 31 31 31 31 30 28 26 25 24 25 32 40 47 47 43 37 32 30 29 33 43 59 95 122 128 104 72 44 28 21 18 17 18 18 18 18 18 19 19 19 19 21 23 24 23 23 26 26 26 27 26 28 28 29 29 28 28 26 
39 39 39 39 39 39 38 37 36 36 34 35 36 36 36 37 37 37 37 38 40 42 42 39 38 38 37 37 35 35 33 33 33 33 33 33 33 32 31 30 31 31 31 29 26 24 23 25 28 36 44 46 44 40 35 30 30 30 36 49 65 101 121 120 88 54 32 23 19 18 18 18 18 18 18 19 19 19 19 19 19 23 23 23 24 26 26 27 27 26 28 28 29 28 26 25 25 
39 39 39 39 39 39 38 36 36 35 33 35 35 37 37 37 37 37 37 38 40 40 40 39 38 38 37 37 35 35 33 33 33 33 33 32 32 31 31 30 30 30 30 29 25 23 22 25 31 40 47 47 42 37 32 30 30 32 39 59 70 102 110 97 71 44 25 19 18 17 18 18 18 18 18 19 19 19 19 22 22 22 24 24 25 25 25 26 27 27 27 26 28 28 26 25 24 
39 39 39 39 39 39 38 36 36 35 35 35 35 37 37 37 37 37 37 38 40 40 40 39 38 39 37 37 36 35 33 33 33 33 33 32 32 31 31 30 30 30 30 28 24 23 21 26 33 44 50 49 40 36 31 31 31 34 43 58 68 94 92 80 60 39 23 17 17 17 18 18 18 18 18 19 19 19 19 20 22 23 23 24 25 25 25 26 26 26 27 26 26 28 26 25 24 
39 39 39 38 38 38 37 37 37 36 35 35 35 36 36 37 37 37 37 38 39 39 40 40 39 39 38 36 35 33 33 33 32 32 32 32 32 31 30 30 30 30 29 25 23 22 21 28 37 46 51 46 37 33 31 31 33 36 41 59 81 87 87 60 45 24 21 15 16 16 17 17 18 17 18 18 18 19 19 20 20 22 23 25 25 25 26 26 26 26 26 26 26 26 25 26 24 
39 39 39 38 38 37 37 37 37 36 35 35 35 35 36 37 37 37 37 38 39 39 39 39 38 39 37 35 33 33 32 32 32 32 32 31 31 30 30 29 29 29 28 25 23 22 23 31 42 51 52 44 33 31 30 31 33 37 40 64 82 81 79 52 32 21 18 15 15 16 17 17 18 17 17 18 18 19 19 22 22 23 24 25 25 25 25 25 26 25 26 26 28 28 26 26 24 
39 39 39 38 38 37 37 37 37 36 35 35 35 35 36 37 37 37 37 37 38 38 38 39 38 38 37 35 33 33 32 32 32 32 32 31 31 30 30 29 29 29 26 24 22 22 26 35 46 54 52 39 28 30 30 31 33 38 47 68 84 79 58 23 21 18 15 14 14 15 16 17 18 17 17 18 18 19 19 19 21 24 24 24 25 24 24 25 25 26 26 26 28 28 26 26 25 
39 39 39 38 38 37 37 37 37 36 35 35 35 35 36 37 37 37 37 38 38 39 39 40 39 40 37 35 33 33 32 32 32 32 32 31 31 30 30 29 29 29 25 24 22 23 30 39 50 53 47 32 24 30 29 30 33 43 59 77 82 71 47 19 18 16 15 15 15 15 16 17 18 17 17 18 18 19 19 19 21 23 24 24 24 23 24 24 24 26 26 26 28 26 26 26 24 
39 39 39 38 38 37 37 37 37 36 35 35 35 35 36 37 37 37 38 38 39 39 40 42 40 39 36 35 33 32 32 32 32 32 32 31 31 30 30 29 28 25 22 22 21 29 36 46 53 54 42 25 25 26 28 30 33 46 67 85 84 71 42 22 17 15 15 16 16 16 17 18 18 17 17 18 18 19 19 21 21 23 23 23 24 23 24 24 25 25 25 25 26 26 25 25 23 
39 39 39 38 38 37 37 37 37 36 35 35 35 35 36 37 37 37 38 38 38 39 39 39 40 39 37 35 33 32 32 32 32 32 32 31 31 30 29 28 25 22 19 19 23 31 42 51 53 50 36 23 25 28 29 32 37 52 78 95 89 70 40 19 17 14 15 16 17 17 17 17 17 17 17 17 18 18 19 21 21 23 23 23 24 23 24 25 25 24 25 25 26 26 25 25 22 
39 39 39 38 38 37 37 37 37 36 35 35 35 35 36 37 37 37 37 37 37 38 38 38 39 38 37 33 32 32 32 32 32 32 32 31 31 30 28 26 22 18 17 19 26 35 46 56 54 44 31 23 25 29 30 32 40 59 87 104 95 72 36 16 18 14 16 16 16 18 18 17 17 16 16 17 17 18 19 22 22 22 22 21 23 23 25 25 25 24 25 25 26 25 25 24 22 
39 39 39 38 38 37 37 37 37 36 35 35 35 35 36 37 37 37 37 37 37 38 38 39 39 38 37 33 32 32 32 32 32 32 32 31 31 29 28 25 19 16 16 21 29 39 49 57 49 38 29 23 26 29 30 32 50 72 96 116 107 75 28 16 19 15 15 16 16 16 18 17 16 16 16 17 17 18 19 22 22 22 23 23 23 23 24 24 24 25 25 25 25 26 25 25 21 
39 39 39 37 37 36 36 36 36 35 33 33 35 35 36 38 38 37 37 36 35 36 37 37 38 37 36 32 32 31 32 32 32 32 32 32 32 30 28 24 18 16 16 22 33 42 51 57 50 42 31 22 25 30 31 34 54 84 108 129 118 78 30 12 16 14 12 16 16 16 17 16 16 15 15 16 18 18 18 20 22 22 22 23 23 23 23 24 25 25 25 25 25 26 25 25 22 
39 39 39 37 37 37 37 36 36 35 33 33 33 33 35 37 38 37 36 35 33 32 33 35 35 33 33 32 31 31 31 32 32 33 33 33 32 29 26 23 17 16 17 25 38 45 53 57 45 35 26 23 28 30 31 34 55 84 110 129 111 66 26 14 17 15 14 17 17 16 16 16 16 15 15 16 17 18 19 22 22 23 22 22 23 23 24 24 25 25 25 25 25 25 24 24 21 
39 39 39 37 37 38 37 36 35 33 32 32 33 33 35 37 38 37 36 33 31 30 31 31 31 31 31 30 30 29 30 30 32 33 35 32 30 28 25 22 16 16 19 28 40 50 58 56 42 28 22 24 26 31 32 31 52 79 107 122 97 52 25 18 16 14 15 17 17 16 16 16 16 16 15 16 17 18 19 22 22 22 22 21 23 22 24 24 25 25 25 25 25 26 25 23 18 
39 39 39 38 38 39 38 36 33 31 31 32 32 33 36 37 38 37 36 33 31 30 31 31 31 32 32 31 31 30 29 28 30 30 29 28 25 23 23 21 17 18 23 30 44 52 59 54 38 24 21 24 28 29 31 31 46 65 88 101 80 38 23 15 15 14 14 16 17 16 16 16 16 15 15 16 17 19 19 20 22 22 22 22 22 23 24 24 24 25 25 25 25 26 25 23 19 
39 39 39 38 38 38 37 33 31 29 30 32 33 35 37 39 39 39 37 35 32 32 32 32 32 33 33 32 32 32 31 30 30 30 28 26 23 21 21 21 19 21 24 33 47 54 61 54 38 24 21 23 25 26 28 30 37 53 68 74 57 22 15 14 14 15 13 13 16 16 16 15 15 15 16 17 18 18 19 20 22 22 23 22 22 23 24 24 24 24 25 25 25 25 24 21 17 
39 39 39 38 38 38 37 36 35 33 33 35 35 37 39 42 42 40 39 37 35 35 35 35 36 37 38 39 36 35 33 33 31 30 28 26 24 22 21 21 21 23 26 35 50 57 61 54 38 24 21 23 24 26 28 30 33 46 60 60 40 18 16 15 14 13 13 15 16 16 16 16 14 15 16 17 18 18 19 20 23 22 23 22 23 22 23 24 24 24 25 25 25 25 25 16 9 
39 39 39 38 38 39 38 39 39 39 38 38 38 39 40 43 44 43 42 39 38 37 37 37 42 43 46 47 42 37 36 35 30 28 25 24 23 22 22 21 21 23 29 38 53 57 60 53 39 25 22 23 25 25 28 30 33 44 53 52 38 23 17 15 14 14 12 15 15 15 15 16 14 15 15 16 17 17 18 19 21 22 23 22 23 22 23 24 24 24 24 24 24 25 25 12 4 
39 39 39 38 38 42 44 47 50 52 51 47 46 44 44 44 46 44 44 42 40 40 39 39 44 45 53 56 49 39 37 33 29 25 23 22 22 22 22 21 21 24 31 43 57 58 59 53 42 29 25 24 24 25 28 30 33 42 45 47 40 24 16 16 15 14 14 15 15 15 15 16 15 15 14 16 17 17 18 21 21 22 23 23 23 23 23 24 24 24 24 24 24 24 24 11 4 
39 38 38 38 39 45 50 59 63 63 64 63 63 60 58 56 53 51 49 47 45 45 43 40 39 50 52 59 59 61 51 42 31 25 23 22 23 24 23 22 21 23 31 45 56 53 59 53 42 32 28 24 23 24 28 31 35 42 47 50 51 32 17 16 15 15 14 14 14 15 15 15 15 15 15 15 16 18 19 20 22 21 22 23 23 23 23 24 24 24 24 24 24 22 18 9 4 
39 38 38 37 40 45 57 71 78 80 79 79 78 85 82 81 80 78 74 72 68 66 63 59 57 59 61 65 63 59 52 44 36 30 26 25 28 29 28 26 23 23 30 44 52 52 60 52 38 31 25 23 21 24 28 31 36 43 47 52 54 35 22 17 15 16 15 15 15 15 15 15 15 15 16 16 16 18 19 20 22 21 22 23 23 23 23 23 24 24 24 23 23 20 16 5 2 
39 38 38 38 42 47 63 79 88 94 93 93 92 96 95 94 94 95 94 93 88 86 85 85 82 82 84 82 77 72 65 58 48 38 35 33 33 33 32 31 25 23 29 40 49 60 65 53 37 26 22 22 22 23 28 32 37 43 49 54 57 36 25 19 16 17 16 16 16 15 15 16 16 17 18 17 16 17 18 19 21 21 22 23 23 23 23 23 24 24 24 23 20 17 11 5 3 
38 38 37 39 44 50 65 81 90 95 96 97 97 97 97 99 99 99 99 99 97 96 96 97 98 99 99 97 96 93 88 81 72 63 58 53 45 42 36 35 30 26 30 42 50 64 67 52 34 23 20 21 23 24 28 32 35 43 49 57 60 39 25 21 18 18 17 17 16 16 15 16 16 18 18 17 17 17 18 19 19 19 21 22 22 22 23 23 24 24 23 23 20 15 8 3 1 
39 39 39 40 44 53 64 78 85 88 89 90 92 92 92 93 94 94 95 96 99 99 100 101 103 102 102 102 102 102 98 94 88 85 82 78 74 60 47 47 42 37 37 47 55 66 67 51 32 22 20 23 25 25 28 31 35 44 51 59 63 45 39 32 23 18 17 17 17 16 16 17 18 18 18 17 17 18 18 19 19 19 21 22 22 22 23 24 24 23 23 20 17 12 4 3 2 
39 39 40 40 44 52 58 65 68 73 75 74 74 74 74 74 74 75 77 79 81 84 85 87 88 90 93 96 100 102 101 100 100 98 95 96 97 82 70 68 59 54 52 58 61 62 65 51 33 23 22 24 25 25 26 29 35 42 47 56 59 50 44 37 29 19 17 18 17 17 16 17 18 18 18 17 18 18 18 18 19 19 21 22 22 23 23 24 23 22 22 18 13 8 3 2 2 
38 38 40 40 42 45 47 53 53 56 57 57 58 58 58 59 60 60 61 63 65 66 67 69 71 72 77 81 86 88 90 93 97 102 100 103 106 103 96 94 84 78 73 68 67 64 58 50 35 26 24 23 23 22 24 25 29 36 40 47 52 59 50 43 36 26 21 19 18 18 17 17 19 17 17 17 17 18 18 18 19 19 21 22 22 22 23 23 23 23 19 16 10 5 3 1 1 
38 38 39 39 42 40 42 45 47 47 49 50 50 50 50 51 52 52 52 53 54 55 55 57 57 57 59 63 66 67 71 75 82 89 89 97 104 107 108 109 103 95 91 86 85 70 60 52 36 26 24 21 21 21 22 23 25 29 32 37 42 58 53 47 40 31 23 21 19 18 15 15 19 17 17 17 17 18 18 18 19 19 21 22 22 22 23 22 22 21 18 15 8 3 3 1 0 
38 38 39 39 40 40 43 44 46 47 46 46 45 47 47 47 47 46 47 48 48 48 47 47 48 48 48 50 52 55 57 59 64 68 73 81 89 96 99 102 107 109 109 103 96 86 68 51 37 30 26 23 22 23 23 23 23 25 28 35 37 47 50 50 42 31 26 22 19 18 16 16 18 19 18 17 17 18 18 18 19 19 21 22 22 23 22 22 19 19 16 10 5 2 2 1 0 
38 38 39 39 39 40 43 45 49 50 49 49 49 49 49 51 51 50 50 51 52 52 51 48 47 47 47 46 47 48 48 47 51 53 56 61 70 75 84 93 100 104 108 108 104 102 98 88 74 55 40 29 22 29 25 22 22 24 25 30 32 49 50 51 51 45 36 25 21 18 18 18 18 19 18 17 18 18 18 19 19 19 21 21 21 22 22 21 18 16 12 7 3 2 2 0 0 
39 39 38 38 37 39 43 46 51 53 53 53 54 54 54 55 55 55 55 54 56 54 53 52 50 51 50 48 48 47 46 44 45 45 45 48 55 59 67 75 84 90 96 103 108 108 107 107 100 89 72 54 36 35 28 22 21 23 24 30 31 45 49 52 52 45 38 30 22 19 18 17 17 17 17 18 18 18 18 18 19 21 21 21 21 22 21 21 17 12 8 4 3 2 2 0 0 
39 39 38 38 37 39 43 46 51 53 53 54 56 56 56 57 58 58 58 58 58 57 57 56 54 55 54 53 53 51 50 47 47 44 40 43 45 48 52 57 63 73 84 93 101 109 114 114 111 107 99 86 66 53 38 25 23 22 23 28 30 45 50 57 56 46 39 33 25 21 19 18 17 17 17 18 18 18 18 18 19 19 19 21 21 21 21 17 15 10 5 4 3 2 2 0 0 
39 39 39 38 37 39 40 46 49 51 54 56 57 58 58 58 58 58 59 59 60 60 60 59 58 58 58 57 57 56 54 52 51 49 46 44 43 43 43 44 47 57 68 78 85 96 106 111 114 113 110 107 96 83 65 43 33 26 25 28 31 40 47 53 53 46 39 36 27 24 22 20 19 19 18 18 18 18 18 18 18 19 19 19 21 21 18 15 12 9 4 2 2 2 2 0 0 
38 39 39 37 37 37 40 44 46 51 56 57 58 58 58 59 59 59 60 60 60 61 60 59 59 59 58 58 59 58 57 56 54 53 52 50 47 46 45 43 42 44 51 60 69 80 92 100 107 114 115 113 111 103 91 72 58 46 38 37 36 37 43 47 50 47 38 34 29 26 24 20 20 19 18 18 18 18 18 18 18 18 18 21 21 21 18 14 10 5 3 2 2 2 1 0 0 
38 38 38 37 38 38 39 42 45 51 55 57 59 59 58 59 59 59 60 60 60 60 60 59 60 60 60 60 60 60 58 56 56 54 53 52 50 49 45 43 40 39 39 43 52 59 71 81 92 102 109 110 113 111 104 97 86 74 60 53 45 44 43 46 50 49 40 35 33 31 25 22 19 18 17 17 17 18 18 18 18 18 18 19 19 19 17 11 7 3 2 2 2 1 1 1 1 
38 39 38 38 38 38 39 40 45 52 57 58 61 60 59 59 59 60 59 61 61 60 61 60 61 60 63 61 60 60 58 58 57 56 54 52 51 50 46 43 39 37 37 38 39 43 53 66 79 90 98 107 109 111 111 109 102 94 85 77 64 40 42 40 41 44 42 36 35 36 31 24 18 17 17 16 17 18 18 18 18 19 19 18 18 18 15 9 4 3 2 2 2 1 1 1 1 
38 38 39 38 39 39 39 40 43 50 54 57 59 59 58 59 59 59 60 59 59 58 58 60 61 61 60 59 58 58 57 56 56 54 52 50 50 49 46 43 39 36 36 36 36 36 39 46 56 67 77 86 92 95 96 97 93 87 80 68 55 53 45 36 37 40 39 36 37 36 33 28 21 15 15 17 18 18 18 18 18 18 18 18 17 17 13 9 4 2 2 1 1 1 1 0 0 
38 38 39 38 39 39 38 37 40 47 48 50 52 52 51 52 51 52 52 53 53 53 53 55 54 53 51 50 50 50 49 50 50 47 46 46 46 45 43 40 38 36 36 35 33 35 31 36 42 47 53 63 71 74 73 75 77 71 65 59 47 45 43 37 37 34 36 37 38 37 36 33 31 26 26 23 22 19 18 17 17 17 18 17 17 15 12 7 4 2 2 1 1 1 1 0 0 
38 38 39 38 39 39 37 35 37 40 42 43 44 44 43 43 43 42 42 43 44 45 45 45 44 43 40 39 39 40 40 41 41 41 40 38 38 37 36 35 35 35 35 33 31 32 26 30 35 35 37 43 50 49 45 50 54 53 53 52 46 45 37 36 43 47 45 36 32 35 40 42 39 39 37 30 24 21 19 17 17 16 17 17 16 13 10 5 3 2 2 1 1 1 1 0 0 
38 39 39 38 39 37 35 32 33 36 37 38 39 38 37 38 36 35 36 38 42 42 42 43 40 38 35 32 32 33 36 38 38 37 36 32 31 30 29 28 28 28 28 26 28 26 28 28 30 30 30 31 32 31 30 33 42 47 54 57 53 50 43 43 56 63 61 49 35 37 38 39 40 43 39 31 25 23 19 17 16 15 12 12 12 10 9 4 3 2 1 1 1 1 1 0 0 
38 38 38 37 37 37 35 31 30 32 35 37 39 37 38 38 36 32 36 42 45 46 46 46 45 42 37 33 31 35 36 39 39 38 36 33 31 28 26 25 25 24 23 23 24 25 26 28 28 28 28 26 26 26 28 32 39 49 59 66 64 61 56 58 71 82 82 71 58 52 45 49 50 48 41 36 30 25 18 15 14 12 8 7 5 4 4 3 2 2 2 1 1 1 1 0 0 
38 38 38 38 38 37 33 30 31 35 38 41 45 44 45 43 38 36 38 45 52 57 54 56 52 49 44 39 35 37 38 40 40 42 39 37 32 30 26 25 23 21 21 23 23 24 25 25 26 26 25 25 25 25 30 35 39 50 61 71 71 70 65 66 81 95 97 90 81 74 61 54 51 50 43 37 30 22 13 9 9 9 4 4 4 4 4 2 2 2 1 1 1 1 1 0 0 
38 38 38 38 38 37 33 32 35 42 44 48 53 57 54 50 45 42 44 54 60 64 63 61 58 51 45 39 35 37 37 39 43 42 39 37 33 32 29 24 22 24 24 24 25 26 25 26 28 28 26 26 26 26 29 30 36 47 63 75 73 71 66 65 80 101 111 113 106 95 80 63 51 46 38 33 26 17 8 5 5 4 2 2 2 2 2 1 1 1 1 1 1 1 1 0 0 
38 39 39 37 37 37 35 33 35 42 46 52 58 65 66 60 51 44 45 56 64 66 65 63 59 52 45 37 32 34 37 37 38 38 37 33 32 32 29 25 22 24 26 26 28 27 29 30 30 29 28 28 29 28 28 29 30 37 49 61 65 61 61 60 74 96 112 117 114 111 93 73 56 42 30 25 16 12 6 4 3 2 2 2 2 2 1 1 1 1 1 1 1 1 1 0 0 
37 38 38 36 36 36 35 32 35 39 46 50 54 63 61 58 50 43 45 53 60 60 60 62 60 53 45 39 35 36 36 37 35 37 36 32 29 31 29 25 23 24 26 28 29 30 31 30 31 31 30 30 30 29 28 28 29 28 28 37 49 53 56 67 75 94 112 115 110 113 97 78 54 38 25 16 9 8 5 2 2 2 3 1 1 1 0 0 0 1 1 0 0 0 0 1 1 
38 38 38 37 36 36 33 31 32 37 43 47 51 53 53 52 46 43 42 47 54 56 56 58 58 52 46 39 36 33 33 35 36 35 33 33 32 32 29 25 23 24 26 28 29 30 30 30 30 30 29 30 30 28 29 30 30 30 29 35 47 47 53 64 69 89 111 114 112 108 103 92 65 39 23 11 7 5 4 2 0 1 2 2 2 1 0 0 0 1 1 0 0 0 0 1 1 
38 38 38 37 36 36 33 30 30 35 40 45 47 50 52 50 45 40 39 47 54 56 56 56 54 50 45 39 35 32 32 33 37 39 38 37 36 35 29 25 23 22 24 26 29 30 31 29 29 29 28 30 30 30 32 32 32 32 31 32 44 45 50 59 64 84 106 110 110 109 107 103 75 40 20 9 5 2 2 2 0 1 3 5 4 1 0 0 0 0 0 0 0 0 0 0 0 
39 37 38 37 36 35 32 30 28 32 38 42 44 46 47 47 43 39 39 45 51 51 53 53 51 47 44 38 32 31 30 33 37 40 40 39 38 35 30 25 23 22 23 25 28 29 30 29 29 26 26 30 31 31 33 33 33 33 33 35 44 42 44 53 60 79 99 107 109 107 102 95 71 39 18 7 4 2 2 1 1 2 5 8 5 2 0 0 0 0 0 0 0 0 0 0 0 
39 38 38 37 36 35 31 28 28 32 36 38 39 40 44 43 38 36 35 39 45 47 50 49 47 45 40 36 32 31 29 30 35 36 38 37 36 36 31 25 23 21 21 22 24 25 26 24 24 23 25 28 29 30 32 33 33 33 35 36 44 40 43 46 58 75 93 97 100 98 94 82 63 35 16 6 3 2 2 1 2 5 8 9 6 2 0 0 0 0 0 0 0 0 0 0 0 
39 38 38 37 35 33 31 26 29 32 33 35 36 36 39 38 36 32 31 35 39 45 47 44 43 43 37 33 31 29 27 26 30 31 32 31 30 31 30 25 23 21 21 22 22 23 23 22 22 21 23 24 25 26 29 30 30 31 33 37 46 45 43 45 56 71 86 87 88 90 88 78 56 28 14 6 5 2 2 1 3 6 9 10 6 2 0 0 0 0 0 0 0 0 0 0 0 
38 38 38 37 36 35 30 28 29 32 35 36 36 36 36 36 35 31 29 31 36 40 43 40 39 38 36 32 27 25 25 25 26 26 25 25 26 28 28 25 23 22 21 23 22 21 21 21 22 22 19 22 23 23 24 24 24 28 32 38 51 53 46 45 52 64 77 79 80 84 85 75 46 19 11 5 3 1 1 1 3 8 10 9 6 2 0 0 0 0 0 0 0 0 0 0 0 
39 39 39 38 38 35 32 29 30 32 35 37 37 36 36 36 32 30 29 28 30 31 32 31 33 32 32 30 26 24 23 22 23 23 24 25 25 26 26 26 24 23 23 23 22 21 21 19 21 21 21 21 23 23 23 23 23 26 32 39 53 64 54 45 49 60 74 79 79 78 77 64 36 16 10 4 3 2 2 1 2 6 8 8 4 1 0 0 0 0 0 0 0 0 0 0 0 
40 40 40 39 39 37 33 31 30 31 33 36 37 37 36 37 34 31 29 28 29 30 30 30 29 30 29 26 24 23 23 24 24 24 24 26 26 28 28 25 23 23 22 22 21 21 19 19 22 21 21 22 23 22 23 22 22 26 33 42 56 67 58 45 47 58 72 80 79 75 73 57 30 14 8 3 3 1 1 1 1 5 6 5 2 1 0 0 0 0 0 0 0 0 0 0 0 
40 40 40 39 38 37 35 32 31 31 35 37 38 38 38 38 36 33 31 29 29 30 31 30 30 30 27 26 25 24 24 26 26 25 28 29 30 30 30 26 25 23 22 22 23 23 22 23 23 23 23 23 23 23 23 22 22 26 35 46 58 67 56 44 45 57 71 79 79 75 71 49 25 13 7 3 2 1 1 1 1 5 5 3 2 0 1 1 0 0 0 0 0 0 0 0 0 
40 39 39 38 37 36 35 33 32 32 35 38 42 39 40 39 37 36 33 30 29 30 30 30 32 31 30 29 26 26 26 29 31 32 35 37 38 39 37 31 26 24 23 23 24 24 24 25 25 25 25 25 24 25 25 22 23 29 38 50 61 66 54 43 43 54 70 79 79 75 68 47 24 10 5 2 1 1 1 1 1 4 4 3 1 0 1 1 1 0 0 0 0 0 0 0 0 
40 39 39 39 38 35 35 33 32 32 35 38 42 40 40 40 39 37 36 32 33 34 33 33 32 32 32 29 28 26 26 31 37 42 44 45 46 45 42 35 28 23 22 24 24 25 26 29 30 30 28 26 26 26 25 23 25 31 41 53 65 66 54 42 42 53 68 79 80 77 70 46 23 10 5 2 1 1 0 1 1 4 4 2 1 1 1 1 1 0 0 0 0 0 0 0 0 
40 39 39 39 38 36 36 35 33 33 35 38 42 43 42 40 39 38 36 37 40 44 40 38 34 33 31 29 28 28 28 33 40 49 52 49 47 45 40 35 28 24 24 24 26 29 30 32 35 33 29 27 26 27 27 28 30 38 48 61 72 68 57 44 44 56 71 81 81 78 68 45 21 8 4 2 2 1 1 1 1 3 3 2 1 1 1 1 0 0 0 0 0 0 0 0 0 
40 38 39 39 38 37 36 36 36 36 36 39 42 42 45 42 39 38 36 37 44 48 46 44 39 35 32 31 30 31 33 37 44 50 50 47 45 44 39 33 29 26 26 28 30 32 33 35 36 36 33 30 27 31 33 36 40 48 58 68 77 71 59 46 46 58 73 84 85 77 67 44 18 6 4 2 1 1 1 1 1 3 2 1 0 0 0 0 0 0 0 0 0 0 0 0 0 
39 39 39 37 37 37 37 37 37 37 37 39 42 43 46 44 41 38 36 37 46 52 51 48 46 40 36 33 32 33 36 39 44 46 46 44 43 44 39 32 29 31 31 31 32 33 33 35 35 36 36 33 30 33 42 46 49 56 61 73 82 76 64 51 50 61 77 87 89 78 67 43 18 5 3 1 1 1 1 0 1 1 2 1 0 1 1 0 0 1 1 1 1 1 1 0 0 
39 39 39 37 37 36 36 37 36 36 36 38 42 42 45 44 40 38 37 37 47 54 53 53 52 48 43 36 31 31 35 40 46 47 47 46 45 45 42 36 32 31 33 37 40 44 46 51 50 45 42 38 37 42 50 57 63 67 72 81 88 80 67 53 53 64 79 90 93 80 67 42 17 5 2 1 1 0 1 0 0 0 1 1 0 1 1 0 0 1 1 1 1 1 1 0 0 
38 37 38 36 37 37 36 33 33 35 37 39 42 43 41 40 35 36 33 37 46 53 54 52 54 57 50 43 32 30 36 46 54 57 57 56 57 56 50 44 39 33 40 53 57 59 63 64 67 66 58 49 46 51 61 71 79 86 88 90 93 80 68 57 55 65 79 92 95 82 67 42 17 5 2 0 1 0 0 0 0 1 1 1 1 0 0 0 0 0 0 0 0 0 0 0 0 
39 38 37 37 36 37 37 37 38 40 43 46 46 47 47 47 42 37 37 39 50 59 60 61 64 66 61 53 44 37 42 56 65 68 70 70 71 70 61 52 46 44 56 70 72 75 79 80 84 82 71 58 52 59 73 84 95 102 101 97 96 85 71 60 58 67 81 94 97 85 68 40 16 5 2 0 1 0 0 0 0 1 1 1 1 0 0 0 0 0 0 0 0 0 0 0 0 
40 38 37 37 36 38 40 43 47 51 53 53 56 57 57 57 52 47 43 48 59 66 68 68 74 78 71 63 56 49 50 65 77 80 81 80 84 85 75 64 59 57 65 82 87 89 91 93 93 88 78 66 56 61 79 90 104 109 106 102 99 89 75 63 60 70 84 96 101 87 66 38 15 4 2 0 0 1 0 1 1 1 1 1 1 0 0 0 0 0 0 0 0 0 0 0 0 
40 37 37 37 37 37 40 47 55 62 65 66 65 67 71 68 61 54 49 51 68 79 82 82 87 89 81 71 59 52 56 72 84 89 90 88 93 93 84 73 64 57 67 86 94 96 98 100 100 92 81 71 58 63 80 93 104 108 106 103 101 92 79 65 63 70 84 96 101 86 63 33 12 4 3 1 0 1 0 1 1 1 1 1 1 0 0 0 0 0 0 0 0 0 0 0 0 
40 38 38 39 39 37 39 51 63 72 78 79 80 81 82 79 68 61 51 52 72 88 93 95 97 94 86 78 61 51 57 74 85 94 95 93 95 94 88 74 57 56 68 87 97 100 101 103 103 94 85 75 60 61 80 95 106 108 103 104 103 94 79 65 63 68 82 94 98 84 59 29 10 4 4 1 0 1 0 0 0 1 1 1 1 0 0 0 0 0 0 0 0 0 0 0 0 
39 38 38 39 39 37 40 52 67 80 86 87 88 89 89 88 74 63 52 54 71 88 94 96 97 96 89 80 67 53 58 78 88 95 97 95 96 95 88 72 57 56 67 86 96 97 99 100 100 92 82 72 59 60 78 92 101 104 102 102 100 93 79 63 60 66 79 90 94 77 53 24 9 3 3 1 0 1 1 0 0 1 1 1 1 0 0 0 0 0 0 0 0 0 0 0 0 
39 39 39 38 38 37 42 55 71 85 90 92 89 90 90 88 80 65 52 53 67 87 93 94 95 99 90 81 71 54 57 75 88 94 96 95 94 94 86 74 59 53 65 85 94 94 94 94 94 88 80 68 57 62 75 83 94 101 102 102 101 90 75 59 57 61 74 85 88 70 49 19 8 2 2 0 0 1 0 0 0 0 0 0 0 0 0 0 0 0 0 0 0 0 0 0 0 
39 39 40 39 38 38 43 57 73 88 95 94 92 91 91 88 79 66 53 54 70 89 93 94 94 99 92 82 70 54 53 72 88 94 95 92 92 90 84 74 58 52 61 79 89 90 91 90 89 86 75 61 54 61 72 81 89 93 94 94 94 85 73 58 53 58 67 79 82 61 40 16 7 3 2 0 0 1 0 0 0 0 0 0 0 0 0 0 0 0 0 0 0 0 0 0 0 
39 39 38 38 37 37 42 55 72 88 94 93 92 90 90 88 80 65 52 53 71 89 95 93 94 94 90 82 70 52 53 70 84 89 89 90 90 87 82 74 59 50 57 71 82 87 87 87 88 81 70 58 54 58 68 78 81 82 85 85 84 81 71 56 49 54 62 70 66 62 40 12 6 2 1 0 1 1 0 1 1 0 0 0 0 0 0 0 0 0 0 0 0 0 0 0 0 
38 38 38 38 37 36 42 55 67 84 92 90 90 90 90 87 77 63 51 53 73 89 92 92 92 89 88 82 66 51 51 65 79 82 85 88 88 85 80 73 58 49 54 68 81 84 81 80 82 75 64 54 53 54 63 72 77 78 79 79 78 77 67 52 45 51 55 60 59 48 25 8 6 2 1 0 1 0 0 1 1 0 0 0 0 0 0 0 0 0 0 0 0 0 0 0 0 
38 38 38 37 37 36 40 53 65 81 89 88 87 88 88 86 75 61 50 53 72 86 87 90 90 87 86 78 64 50 51 66 78 79 84 87 86 82 79 71 56 49 54 68 79 80 78 75 78 71 58 49 46 49 56 66 72 73 74 74 74 75 64 47 42 45 51 56 53 37 17 4 4 1 1 0 0 0 0 1 1 0 0 0 0 0 0 0 0 0 0 0 0 0 0 1 1 
38 38 38 37 37 37 39 52 65 80 88 85 82 82 83 84 74 60 50 52 67 81 85 88 86 82 80 73 61 50 50 59 70 74 80 82 80 79 75 66 56 50 52 65 74 77 73 72 73 67 54 46 44 45 54 64 66 67 70 71 70 71 61 45 42 45 51 54 50 31 16 4 3 1 1 0 0 0 0 1 1 0 0 0 0 0 0 0 0 0 0 0 0 0 0 1 1 
38 38 38 37 37 37 38 49 63 78 84 81 79 79 78 78 73 61 51 47 60 77 80 81 80 80 77 70 58 46 44 50 61 68 72 74 73 72 67 61 51 45 50 60 70 72 70 67 66 61 54 45 44 44 52 60 63 61 63 64 65 64 58 45 42 46 52 52 46 28 14 4 1 0 1 0 0 0 0 1 1 0 0 0 0 0 0 0 0 0 0 0 0 0 0 1 1 
38 38 38 38 38 37 37 44 56 71 79 78 77 75 75 74 70 59 49 44 54 70 72 71 72 73 70 64 54 44 42 49 60 63 65 68 67 65 59 57 49 40 45 56 63 64 64 63 61 60 54 45 40 42 47 53 54 56 58 59 60 59 56 44 43 47 48 50 44 23 11 4 1 1 1 0 0 0 0 1 1 0 0 0 0 0 0 0 0 0 0 0 0 0 0 1 1 
38 38 38 39 39 37 36 37 47 65 74 72 71 71 69 68 64 56 46 39 50 65 66 65 64 64 65 60 52 42 39 47 57 61 64 63 59 58 57 55 45 38 41 50 57 58 61 60 60 60 55 45 40 41 45 50 52 53 57 57 57 57 53 46 44 48 51 51 45 22 10 4 2 1 1 0 0 0 0 1 1 1 1 0 0 0 0 0 0 0 0 0 0 0 0 1 1 
38 38 38 39 39 38 36 33 43 59 68 66 66 67 67 66 61 54 45 38 49 63 64 63 61 64 64 60 51 40 38 44 54 60 61 59 58 57 56 53 41 36 40 48 54 57 59 59 58 59 54 45 39 39 43 46 48 51 53 53 54 53 51 46 45 50 52 52 47 23 11 5 3 1 1 0 0 0 0 1 1 1 1 0 0 0 0 0 0 0 0 0 0 0 0 1 1 
39 38 38 39 39 37 35 33 40 53 60 61 62 62 64 65 61 52 43 39 47 57 60 61 61 60 60 59 51 40 37 40 51 57 59 60 59 58 55 51 40 35 39 47 52 55 57 57 57 57 53 43 37 38 40 44 47 50 50 52 53 53 52 47 45 50 52 52 47 25 12 4 3 1 0 0 0 0 0 0 0 0 0 0 0 0 0 0 0 0 0 0 0 0 0 0 0 
38 38 38 38 38 36 35 35 38 47 53 57 59 59 59 60 59 50 40 39 45 52 59 59 59 58 58 56 49 40 37 39 50 56 58 59 58 57 58 52 40 35 38 46 54 57 57 56 54 56 53 43 37 38 40 44 47 51 52 54 55 55 53 51 45 50 53 53 46 25 12 4 2 1 0 0 0 0 0 0 0 0 0 0 0 0 0 0 0 0 0 0 0 0 0 0 0 
39 39 39 38 37 35 33 32 36 44 51 52 54 56 57 57 55 51 41 38 43 52 58 60 58 58 57 53 47 39 36 39 49 53 56 56 54 54 59 51 39 35 36 46 57 56 54 56 56 56 53 43 37 38 40 46 51 54 55 56 58 57 53 51 46 51 56 56 46 24 12 5 2 0 0 0 0 0 0 0 0 0 0 0 0 0 0 0 0 0 0 0 0 0 0 0 0 
39 38 40 39 34 33 30 30 33 43 49 50 52 53 54 54 52 51 41 37 43 51 58 60 59 59 57 53 47 40 37 39 49 52 54 56 52 55 59 51 39 32 36 46 53 54 57 57 56 56 52 44 38 38 42 46 52 57 59 58 60 58 54 50 47 50 56 54 46 24 12 5 2 0 0 0 0 0 0 0 0 0 0 0 0 0 0 0 0 0 0 0 0 0 0 0 0 
39 38 40 38 33 32 30 29 32 42 49 50 52 52 54 52 50 47 40 38 43 50 57 58 58 59 57 52 45 39 37 39 46 53 55 53 53 54 58 51 37 34 39 46 51 53 56 56 54 54 52 44 38 38 42 46 53 58 58 58 59 59 57 51 47 50 54 52 45 24 12 5 2 0 0 0 0 0 0 0 0 0 0 0 0 0 0 0 0 0 0 0 0 0 0 0 0 
39 38 39 37 35 33 31 30 33 42 47 50 52 52 54 52 49 46 40 38 40 48 55 57 58 59 57 53 45 36 33 38 45 51 54 53 53 54 56 47 37 37 41 44 51 54 53 53 54 54 51 43 38 39 42 45 53 58 58 59 61 60 57 51 46 50 52 51 43 23 12 5 2 0 0 0 0 0 0 0 0 0 0 0 0 0 0 0 0 0 0 0 0 0 0 0 0 
39 39 39 37 36 35 33 32 36 44 49 51 52 52 52 52 50 46 40 37 39 45 52 57 58 58 56 53 47 39 36 38 45 50 52 53 52 53 53 45 37 36 40 43 50 57 52 53 54 53 49 42 38 38 40 45 53 58 58 59 61 59 56 51 46 49 49 47 42 22 12 5 2 0 0 0 0 0 0 0 0 0 0 0 0 0 0 0 0 0 0 0 0 0 0 0 0 
39 39 39 36 35 35 33 32 36 44 50 51 52 53 53 52 50 47 40 37 39 44 51 54 57 57 54 52 49 44 36 37 45 51 52 52 52 51 50 44 37 36 39 43 49 51 53 53 53 52 50 42 37 38 40 46 53 57 58 58 59 59 56 52 47 47 46 46 42 22 13 5 2 0 0 0 0 0 0 0 0 0 0 0 0 0 0 0 0 0 0 0 0 0 0 0 0 
39 39 38 37 36 36 33 33 38 45 50 51 53 53 53 52 50 46 39 36 39 44 51 53 53 54 53 51 49 44 36 36 44 50 52 52 51 50 49 44 37 36 37 42 47 52 53 53 52 52 50 43 37 36 39 46 52 56 56 57 58 59 56 52 47 46 44 44 40 22 11 4 1 0 0 0 0 0 0 0 0 0 0 0 0 0 0 0 0 0 0 0 0 0 0 0 0 
39 39 39 37 37 36 35 33 36 43 50 52 53 53 52 51 50 46 40 35 37 43 50 54 53 53 53 51 47 44 35 33 43 47 50 51 50 49 47 43 37 35 36 39 44 51 54 54 52 51 51 45 38 33 38 45 52 56 58 58 59 59 56 53 47 46 42 42 39 21 11 4 1 0 0 0 0 0 0 0 0 0 0 0 0 0 0 0 0 0 0 0 0 0 0 0 0 
40 39 38 37 36 36 35 33 36 43 50 52 53 53 52 51 49 45 40 35 36 42 50 53 52 52 52 50 47 43 35 35 42 47 50 51 50 49 47 45 39 35 33 37 43 49 53 54 53 52 52 46 38 35 38 46 51 56 58 58 59 59 57 54 49 45 39 39 39 19 11 4 1 0 0 0 0 0 0 0 0 0 0 0 0 0 0 0 0 0 0 0 0 0 0 0 0 
39 39 38 37 36 36 36 33 35 42 49 51 52 52 52 50 49 45 39 33 36 42 50 53 52 52 52 50 47 43 33 35 42 45 50 50 50 50 46 44 38 33 32 36 43 50 53 54 53 53 52 47 39 36 39 45 52 57 57 58 59 60 58 56 49 45 39 37 37 19 11 4 1 0 0 0 0 0 0 0 0 0 0 0 0 0 0 0 0 0 0 0 0 0 0 0 0 
39 38 37 37 37 36 36 32 33 40 46 50 51 50 50 49 49 45 38 33 36 43 51 53 52 52 52 49 46 42 33 33 40 47 50 51 51 50 45 41 37 33 32 36 43 51 54 54 53 52 52 47 39 36 39 46 52 57 58 59 60 61 60 55 50 42 37 34 33 17 10 3 1 0 0 1 0 0 0 0 0 0 0 0 0 0 0 0 0 0 0 0 0 0 0 0 0 
39 38 38 38 37 36 36 35 33 39 44 49 50 50 49 49 49 45 38 32 36 43 47 51 50 50 49 49 49 43 33 32 40 46 49 50 50 50 45 41 37 32 32 36 43 49 51 53 52 52 51 46 39 37 39 45 51 54 57 58 60 61 60 54 48 42 36 32 30 15 8 1 1 0 0 0 0 0 0 0 0 0 0 0 0 0 0 0 0 0 0 0 0 0 0 0 0 
38 38 38 38 37 36 36 35 33 38 43 46 47 49 47 47 46 44 38 32 36 43 46 47 49 50 50 47 47 43 33 32 39 43 46 47 47 46 45 42 36 31 30 35 42 47 50 52 53 53 52 46 39 38 39 44 50 54 56 58 60 59 58 53 46 40 33 28 25 14 6 2 1 0 0 0 0 0 0 0 0 0 0 0 0 0 0 0 0 0 0 0 0 0 0 0 0 
39 39 38 38 37 36 36 33 35 38 43 45 45 46 46 46 46 44 39 33 36 43 45 47 49 49 49 46 45 43 33 32 38 43 45 46 45 44 44 40 37 31 31 36 40 46 47 50 51 50 51 45 40 37 37 42 49 54 57 57 58 58 57 52 44 38 31 25 23 14 6 3 1 0 0 0 0 0 0 0 0 0 0 0 0 0 0 0 0 0 0 0 0 0 0 0 0 
