7 10 23 37 43 45 46 45 44 43 42 40 37 33 35 37 37 39 38 38 38 39 40 40 39 38 36 36 36 37 36 33 33 31 31 31 31 31 32 33 33 33 33 33 32 32 32 30 29 29 31 32 35 37 40 40 40 39 39 39 39 39 40 40 40 39 39 
8 11 25 38 42 44 46 45 44 44 42 41 37 35 36 37 37 37 38 38 38 39 40 43 40 39 37 37 38 38 37 36 33 32 32 32 32 32 33 34 34 36 36 36 34 34 33 31 31 31 33 35 38 38 40 40 40 39 40 40 39 40 40 40 40 39 39 
6 11 26 38 42 42 44 44 45 45 44 44 40 37 36 36 35 36 39 37 37 38 38 39 42 42 40 40 42 40 40 38 36 35 35 35 35 35 35 36 37 38 38 38 38 37 36 34 33 34 37 36 39 39 40 40 42 40 40 40 42 40 40 42 40 40 39 
6 11 26 37 42 42 43 44 45 45 44 44 43 38 36 35 35 33 34 35 35 36 37 39 43 43 43 43 44 44 43 42 39 39 39 39 39 39 39 39 40 41 41 43 41 40 39 38 37 37 39 38 39 40 42 42 42 40 42 42 42 42 42 42 40 40 39 
6 11 28 37 39 42 44 45 46 46 46 45 43 39 36 33 32 30 31 31 32 35 36 39 42 42 43 43 45 45 43 42 42 42 42 42 42 42 42 42 42 44 44 45 45 44 40 39 39 39 41 40 40 40 42 42 42 43 42 42 42 43 43 42 42 40 39 
6 11 28 37 39 42 44 45 45 46 47 46 44 42 38 36 35 32 32 33 36 37 38 39 42 42 42 42 44 44 44 43 43 43 43 43 43 43 43 43 43 44 45 45 45 44 40 41 40 41 41 40 42 42 42 42 42 42 42 43 43 43 43 43 40 40 40 
5 11 28 38 38 40 44 44 44 45 45 44 43 42 39 37 36 35 33 35 37 39 40 43 44 43 43 43 44 44 44 44 43 43 43 43 43 43 43 43 43 43 44 44 44 42 40 40 39 40 40 40 40 42 40 40 40 42 42 42 42 42 43 42 40 39 39 
5 11 26 38 39 40 44 45 45 46 45 44 44 43 39 38 37 36 36 37 38 39 40 43 44 44 44 44 44 45 44 44 43 43 42 42 42 42 42 42 43 42 43 44 43 43 40 40 39 40 40 40 40 40 42 42 42 40 42 42 40 40 42 44 40 39 39 
5 11 26 38 40 42 43 44 45 45 43 40 43 42 42 40 39 39 40 40 39 42 44 44 44 45 45 45 45 45 45 45 44 43 42 42 42 42 42 42 43 42 43 43 43 43 40 40 40 40 42 40 42 42 42 42 42 40 42 43 42 40 42 40 40 39 39 
5 11 26 39 40 40 43 43 44 43 42 39 40 40 42 42 40 40 41 40 39 42 43 44 45 45 45 45 45 45 45 45 44 43 42 42 42 42 42 42 43 42 43 43 43 43 42 40 40 40 42 40 42 42 42 42 42 42 43 43 42 40 40 40 40 39 39 
7 12 25 37 40 39 40 39 40 38 37 35 36 37 36 37 37 37 37 37 37 38 39 39 40 41 43 43 43 43 43 42 40 39 38 38 38 38 38 38 39 40 40 42 40 40 40 39 38 39 39 39 39 40 40 40 40 39 40 42 39 37 37 38 39 39 38 
6 12 24 33 36 36 37 37 37 36 35 32 31 32 31 32 32 33 33 35 35 36 37 37 37 37 37 37 37 37 37 36 35 33 33 33 33 33 33 33 35 35 37 37 36 36 35 33 33 33 35 35 36 36 37 36 36 36 37 38 37 35 33 35 38 37 38 
5 11 25 32 33 33 35 35 35 36 37 36 35 35 33 31 35 33 35 35 35 36 37 38 38 38 38 38 38 39 39 38 38 37 37 37 37 37 37 37 38 38 38 39 39 38 37 36 35 36 36 37 38 39 39 38 38 39 40 41 41 38 36 36 39 38 39 
5 12 25 35 38 38 39 39 40 40 42 43 44 43 40 40 42 42 43 43 44 45 46 46 47 47 47 47 47 48 48 47 46 46 45 45 45 45 46 46 46 46 46 47 46 47 46 45 43 44 44 44 46 46 47 49 50 50 51 51 51 48 47 47 47 49 49 
5 10 26 42 50 52 49 49 51 51 52 53 54 53 52 51 51 51 53 53 54 57 57 58 59 58 58 58 57 56 57 57 57 57 58 59 61 62 61 61 61 60 61 60 60 61 61 59 59 59 58 60 61 62 64 61 59 58 58 58 59 61 61 61 61 59 59 
5 9 29 51 59 60 60 60 59 60 61 64 64 61 61 58 60 61 63 64 65 66 66 67 68 68 68 68 67 67 67 68 68 68 68 69 71 73 73 73 73 72 74 74 73 72 71 71 70 70 70 71 73 75 75 73 73 71 71 71 72 72 73 74 74 73 72 
6 11 38 59 64 64 67 68 67 67 68 70 68 67 66 66 65 67 67 69 71 71 72 72 72 72 72 73 73 73 74 73 74 74 74 75 77 78 78 78 78 79 79 79 77 76 74 72 72 72 72 74 75 79 83 84 82 81 82 84 84 82 82 83 83 82 82 
6 15 45 68 71 70 70 69 69 68 68 68 70 67 66 67 66 66 67 69 71 71 72 71 71 70 70 71 71 71 72 72 72 72 72 74 75 77 77 77 78 78 75 74 71 69 66 61 61 63 64 67 66 73 85 85 82 81 84 85 86 86 86 87 87 87 86 
6 16 50 74 73 71 72 71 70 70 68 68 68 66 67 67 67 68 68 68 68 68 68 70 68 67 66 66 66 66 67 68 70 68 70 71 72 73 74 75 75 71 66 62 59 53 49 43 43 43 46 51 51 57 67 78 79 78 81 85 86 86 86 86 86 86 86 
6 17 51 74 73 73 74 73 73 72 72 72 72 72 72 70 72 72 72 71 71 71 71 70 70 67 66 66 67 67 68 70 70 71 71 72 73 73 73 74 71 63 52 47 41 35 32 30 28 28 30 33 35 39 47 60 67 70 77 82 85 86 86 86 86 85 86 
8 22 54 77 79 78 79 79 79 79 79 79 79 78 78 79 76 75 75 74 74 74 73 72 72 72 71 71 73 73 74 74 74 74 74 75 75 77 77 74 66 53 43 36 29 23 22 22 19 21 21 23 24 26 32 45 52 60 73 81 87 89 89 89 89 89 89 
9 25 59 81 86 85 85 86 86 85 86 85 84 84 84 85 85 80 79 79 77 77 77 77 75 77 77 78 79 78 79 79 79 79 79 80 80 80 80 74 62 46 32 23 20 18 18 17 16 16 17 17 18 19 20 30 43 53 72 85 92 94 94 94 94 94 94 
10 25 59 84 90 90 88 88 88 90 90 91 89 89 89 88 87 87 86 85 84 84 84 82 82 84 84 84 82 81 81 78 78 78 78 81 82 85 84 75 60 45 29 21 17 16 15 15 15 15 15 12 12 12 12 18 33 52 75 88 95 96 97 99 99 99 99 
10 25 57 85 93 92 90 90 93 95 95 96 95 94 94 92 92 92 92 92 93 92 90 88 89 89 89 88 87 87 86 85 86 85 86 87 89 89 85 76 60 39 26 18 17 13 13 14 14 14 14 14 12 14 16 18 32 50 74 87 94 96 96 99 100 101 101 
11 25 58 86 94 90 90 92 93 94 95 96 96 95 96 96 97 97 97 97 100 101 100 99 99 100 97 99 99 94 92 93 94 92 93 93 95 93 86 75 61 37 24 15 13 12 11 12 13 13 13 12 11 11 15 19 32 45 67 82 90 94 93 95 96 97 99 
10 26 58 81 87 86 87 88 89 91 93 93 95 94 95 96 99 100 99 100 102 103 104 104 103 103 103 104 104 100 96 96 96 95 95 95 95 94 90 78 61 36 21 15 13 11 11 13 12 12 12 10 11 11 12 18 30 43 61 75 86 89 87 87 89 90 90 
7 24 53 69 74 75 79 80 81 82 83 86 88 88 88 90 91 90 92 94 96 102 100 97 102 102 103 105 105 103 99 97 96 97 97 96 95 95 92 79 59 34 20 15 13 12 11 13 13 12 12 12 13 11 12 17 25 38 52 61 75 81 79 78 79 81 81 
4 20 46 59 60 61 65 66 68 69 71 72 74 74 75 78 79 78 80 82 87 89 89 90 93 93 95 98 101 100 100 99 99 97 97 96 96 95 90 75 58 33 20 15 13 12 12 13 13 13 12 13 13 12 12 17 24 32 43 51 60 68 67 66 67 68 68 
4 20 43 54 55 54 54 54 56 57 57 58 59 60 60 60 61 63 64 66 71 71 73 75 77 77 79 82 86 92 94 94 94 94 94 93 92 92 86 71 57 35 20 16 13 12 12 12 13 12 12 12 12 13 15 17 22 28 36 43 52 59 58 60 61 60 60 
7 22 41 53 54 53 52 51 52 51 51 51 52 52 50 50 50 50 50 53 53 54 57 59 60 61 63 66 73 81 86 89 90 88 88 88 90 85 78 64 53 36 23 18 15 12 12 12 13 12 12 12 12 13 16 17 21 23 29 36 46 53 53 54 56 56 54 
7 24 44 53 53 52 51 50 50 50 49 49 50 46 45 44 44 44 43 40 40 40 38 37 37 40 47 53 63 73 82 87 89 89 85 80 77 75 66 59 51 37 25 18 15 12 11 12 12 12 12 12 12 13 16 17 19 21 25 31 40 43 44 44 45 44 43 
9 25 46 54 53 52 52 51 51 51 51 51 50 46 44 44 44 43 43 43 42 40 38 37 35 37 44 56 68 77 84 87 87 86 80 72 71 72 64 56 47 37 28 19 14 12 11 12 13 13 12 13 13 13 16 17 19 21 24 28 30 35 32 32 33 33 32 
10 27 47 54 53 52 52 51 51 51 52 53 51 49 46 46 45 45 44 43 43 40 38 36 37 40 50 63 74 80 84 86 84 81 75 67 66 68 63 53 46 38 28 17 12 12 11 13 13 15 13 15 15 16 17 18 19 21 21 22 23 23 23 23 24 24 24 
10 27 47 54 53 52 52 52 52 52 53 53 51 47 46 47 46 46 45 43 43 39 37 33 39 46 59 68 77 81 84 84 81 75 71 63 63 64 58 50 44 39 29 22 16 14 12 15 15 15 16 16 17 18 18 18 19 19 18 17 15 16 17 17 18 18 18 
8 26 46 55 54 53 53 52 52 52 52 52 52 50 47 46 46 45 45 43 40 39 38 36 44 54 65 74 80 81 82 82 79 73 66 61 59 57 50 42 38 38 28 22 17 12 12 14 15 16 16 16 18 19 20 20 22 19 18 16 16 16 16 16 17 15 15 
9 26 46 57 54 53 53 52 52 52 53 53 52 51 48 45 44 45 43 39 37 36 38 38 50 63 73 81 82 80 79 78 77 71 66 60 54 47 40 32 30 35 26 17 15 14 14 14 15 16 16 18 19 20 22 22 23 20 17 16 15 15 13 13 15 14 12 
9 26 46 54 53 52 52 51 51 52 51 50 50 49 47 45 43 44 42 37 35 36 40 44 59 71 79 86 82 79 77 73 71 66 59 53 44 37 28 19 20 24 19 18 18 18 18 17 17 17 17 19 21 22 23 23 23 22 19 16 15 15 13 13 15 15 13 
10 26 47 54 53 52 52 51 51 52 51 49 49 47 45 45 43 42 39 37 35 39 47 54 68 79 82 85 81 78 74 70 68 64 53 45 36 30 23 15 17 16 16 17 22 23 23 22 22 22 22 23 24 25 25 25 24 23 20 17 15 15 15 15 15 15 13 
11 27 48 54 52 52 52 51 51 51 51 49 47 46 44 43 43 41 40 37 37 44 58 65 74 85 85 82 80 75 73 70 63 58 51 39 31 22 17 14 14 13 14 15 23 28 28 28 29 29 29 29 28 26 26 24 23 22 18 16 14 15 13 15 15 15 12 
9 26 47 53 50 51 51 50 50 50 48 46 45 44 40 39 39 39 38 37 40 51 64 73 79 82 82 80 77 71 71 67 57 47 39 30 25 18 14 13 13 13 16 21 30 35 35 33 33 32 32 30 29 29 28 24 23 21 17 16 14 15 13 15 15 15 12 
10 24 46 52 49 48 48 47 47 50 48 46 45 43 40 37 36 36 36 37 44 53 67 78 80 81 79 73 68 65 66 59 51 39 31 18 15 11 9 15 15 15 23 29 36 40 38 39 38 38 37 34 34 34 32 30 29 26 22 18 16 14 12 14 15 15 12 
9 24 45 50 47 48 48 47 47 47 47 45 43 40 38 35 33 34 36 42 52 61 72 77 79 80 75 70 66 63 60 52 42 30 26 17 15 11 13 23 19 18 24 29 36 43 44 44 46 45 44 43 43 40 40 37 34 32 27 23 22 18 17 17 17 17 15 
8 24 45 50 46 47 47 47 47 46 45 44 43 39 37 35 32 33 39 50 60 70 77 77 78 76 71 65 64 60 52 43 34 22 18 16 16 14 18 29 25 24 25 25 31 44 46 46 47 47 45 45 44 42 42 39 38 37 35 31 30 28 26 24 23 21 17 
9 24 45 51 47 47 47 46 46 44 43 40 40 38 36 35 32 35 43 57 67 74 78 77 77 76 68 61 60 57 46 37 32 23 21 22 22 22 26 30 30 31 30 28 29 36 43 46 46 46 46 45 45 44 43 42 42 40 40 39 39 37 36 33 29 26 21 
10 25 43 49 46 45 45 44 43 42 39 38 37 36 33 34 34 38 51 64 74 78 78 75 73 73 66 60 60 54 46 35 31 31 32 31 30 32 32 35 35 33 30 28 29 32 38 43 42 40 40 42 42 42 42 42 42 40 42 43 43 42 40 39 37 37 30 
12 25 41 47 45 44 44 43 41 39 38 37 35 33 32 33 38 46 59 71 77 80 79 74 70 67 64 59 56 53 49 43 43 44 40 40 38 39 39 39 38 37 32 28 29 30 33 36 37 37 37 38 40 40 42 42 42 42 42 43 44 44 43 43 41 42 37 
10 23 38 45 44 43 40 39 38 38 36 35 33 32 32 36 41 52 66 74 78 79 78 73 66 63 61 57 53 52 49 54 54 53 52 49 50 47 45 43 39 39 32 29 29 29 29 32 33 33 35 36 38 38 40 40 40 42 42 43 44 44 44 43 43 44 43 
11 23 37 43 43 40 39 37 36 36 35 33 32 32 33 39 51 60 71 75 78 78 75 71 64 61 58 54 52 50 49 52 53 56 56 52 52 50 49 46 43 39 35 30 29 26 24 25 28 30 32 33 36 37 39 40 40 40 42 43 44 44 44 43 43 44 46 
12 25 35 40 42 39 38 36 35 33 33 32 31 33 37 45 60 67 74 79 78 78 74 67 60 59 57 52 50 47 47 51 53 56 56 53 52 52 50 48 45 43 39 33 29 23 22 23 24 26 29 31 33 36 38 39 39 40 42 43 44 44 44 43 45 46 47 
12 25 33 38 39 38 37 36 35 33 32 31 31 34 40 54 67 72 78 81 79 78 73 66 58 54 52 50 49 46 47 51 52 52 51 51 51 51 50 48 46 44 43 36 29 24 22 22 22 23 29 31 33 37 38 39 39 40 42 44 44 44 44 43 44 45 46 
11 23 33 38 38 37 36 35 35 33 32 30 31 36 47 61 71 77 79 80 78 73 68 64 54 51 48 48 47 48 50 51 52 50 47 47 50 50 50 47 45 43 40 37 32 28 25 23 20 22 27 30 32 38 39 38 37 37 42 45 45 44 45 44 43 44 44 
9 22 32 37 37 36 36 36 36 33 32 31 35 44 57 68 75 75 79 78 71 67 64 59 52 48 46 46 46 50 50 52 51 49 46 45 49 50 50 46 45 43 40 38 36 32 30 26 22 19 25 28 32 37 39 38 37 37 40 44 44 44 44 44 43 42 42 
10 21 31 36 36 36 36 36 35 35 35 36 43 52 63 72 77 74 75 71 65 63 58 53 47 44 44 43 46 50 50 50 50 50 47 46 47 47 46 45 45 44 43 40 38 33 33 30 24 19 22 26 30 35 37 37 38 38 39 40 43 42 42 42 40 38 40 
10 19 30 35 35 36 36 36 35 35 36 39 48 57 66 75 78 74 74 70 67 61 52 47 40 42 42 44 46 52 51 50 49 50 48 47 47 47 46 45 45 45 43 39 38 36 35 32 26 21 21 22 26 32 36 37 39 38 38 38 40 42 40 39 38 38 39 
11 19 30 36 36 35 36 36 35 37 39 45 54 64 71 77 78 75 72 64 60 57 47 38 35 37 39 43 47 51 50 49 47 47 47 46 47 47 46 45 45 44 43 40 39 38 36 31 26 23 19 22 25 30 35 36 37 38 38 38 40 40 39 39 38 38 38 
11 21 30 37 36 33 35 35 35 37 41 52 64 70 73 75 78 74 66 60 57 50 40 32 30 35 38 43 47 52 51 47 45 45 45 44 45 45 45 44 44 44 42 40 39 39 36 31 28 24 19 20 24 28 33 35 37 37 38 39 40 40 39 38 38 37 37 
13 23 32 36 36 33 35 36 34 36 46 59 68 72 73 75 75 70 64 60 54 45 35 31 29 33 37 42 46 51 50 46 45 44 43 44 44 44 44 44 45 44 44 43 39 38 33 30 30 26 21 22 23 25 30 32 35 37 38 40 40 40 38 38 37 36 36 
17 26 36 36 36 32 36 38 37 43 57 67 74 75 74 74 72 67 60 54 48 40 31 29 29 30 37 43 49 50 49 44 43 43 43 43 43 43 43 43 44 43 43 43 40 37 35 31 30 28 23 22 22 25 26 29 35 33 37 39 40 40 38 38 37 36 33 
25 31 37 36 33 32 33 38 43 52 64 72 77 78 75 73 72 65 58 51 45 38 28 25 26 29 36 43 49 49 46 44 43 42 42 40 40 42 42 42 43 43 43 43 40 38 37 33 31 30 25 23 22 23 23 26 33 32 36 38 39 39 39 38 37 36 35 
36 33 36 36 33 31 31 38 47 59 70 74 77 78 75 72 67 63 54 46 42 33 24 23 23 29 36 43 47 47 46 45 43 39 40 38 39 39 40 42 43 43 43 43 42 39 38 36 33 32 29 26 23 23 21 24 29 29 33 37 39 39 39 39 36 35 35 
38 35 33 35 32 30 31 40 53 64 72 74 77 75 72 66 63 57 47 39 32 28 23 22 22 31 38 44 47 46 45 42 39 38 38 37 38 39 40 42 42 43 42 42 40 39 37 36 36 32 31 30 26 24 22 24 26 26 30 35 37 38 38 37 35 33 32 
35 33 32 33 32 31 33 46 61 70 73 75 78 74 66 64 60 52 43 35 28 25 23 22 24 32 39 44 47 46 44 40 38 37 37 37 38 39 40 42 42 42 40 40 39 38 37 36 36 32 32 33 30 24 22 23 24 24 28 33 36 37 37 36 35 33 31 
32 32 31 32 32 33 39 51 64 68 74 75 77 73 70 65 60 52 44 38 31 24 22 22 25 31 39 45 47 45 43 39 37 37 37 37 38 40 42 42 42 40 40 39 37 37 36 37 36 32 33 33 29 23 22 21 23 23 29 35 35 36 37 35 35 32 30 
32 31 31 32 33 38 47 60 68 73 75 75 77 72 70 64 54 47 38 32 26 23 22 22 25 32 39 45 46 45 43 39 36 36 37 37 39 40 42 40 40 40 39 38 36 36 35 36 33 31 31 30 28 24 22 22 22 22 23 26 32 35 36 36 33 31 29 
32 30 30 33 39 45 57 68 73 74 77 77 72 66 61 57 48 42 35 30 25 21 21 23 27 34 41 46 47 44 42 38 35 33 35 37 39 42 42 40 39 39 37 36 33 33 33 32 32 31 30 28 28 25 23 22 22 21 22 23 28 31 36 36 32 30 28 
30 31 32 36 43 52 64 73 75 77 75 75 68 64 59 52 44 37 29 27 23 19 19 23 27 36 41 46 46 43 40 37 33 33 32 36 38 40 43 40 40 38 37 35 32 31 31 30 30 29 28 26 28 26 25 23 21 21 21 21 25 29 35 36 32 30 29 
30 33 35 39 49 60 72 79 78 77 74 71 66 61 55 46 39 35 26 24 21 18 19 23 28 36 43 45 45 43 39 35 33 33 32 35 37 40 43 42 40 38 37 35 32 32 31 30 28 29 29 29 28 26 26 23 19 19 19 21 23 26 31 34 33 30 29 
29 32 37 42 54 67 77 78 78 75 73 68 63 58 52 44 35 31 24 21 21 18 21 24 30 36 43 46 45 43 39 35 33 32 31 33 36 40 43 40 39 39 38 37 35 35 33 31 30 31 31 31 29 29 29 25 22 19 19 19 21 24 26 31 32 30 29 
25 36 42 50 63 73 77 78 77 75 72 67 61 54 49 42 32 28 22 19 19 20 24 28 31 37 44 46 45 44 40 36 33 31 30 32 36 40 42 40 40 40 39 39 38 37 36 33 32 33 32 32 31 32 30 28 25 25 23 20 19 19 24 29 30 28 26 
25 38 47 59 71 75 78 77 75 74 70 64 57 49 43 36 28 25 22 19 18 22 25 30 33 38 43 45 45 43 39 35 33 31 31 32 37 39 40 40 42 40 40 39 38 37 36 36 35 35 35 35 35 35 33 32 30 30 25 20 19 19 23 28 29 28 25 
28 39 51 65 74 77 77 75 75 72 67 60 52 44 37 30 26 25 23 20 22 21 24 30 35 40 44 44 42 40 38 33 31 31 31 33 37 39 39 39 40 40 39 38 38 38 37 36 35 33 36 36 36 36 37 37 34 32 28 24 20 19 22 25 26 25 25 
29 45 59 71 75 73 74 72 71 70 64 56 46 38 31 26 24 23 22 20 20 22 26 31 36 41 46 44 40 39 37 33 31 31 31 34 37 39 40 40 42 40 40 39 39 38 37 37 35 35 36 36 36 36 37 36 38 36 31 25 20 19 21 23 26 25 24 
31 51 67 73 75 72 72 68 66 65 59 52 44 35 29 25 23 22 22 20 20 22 28 32 37 40 44 42 39 39 37 33 32 32 32 33 36 38 39 40 42 40 40 39 39 38 38 37 36 36 35 36 36 36 37 37 37 36 33 29 23 21 22 23 23 24 24 
35 55 69 75 75 71 70 66 61 60 53 47 38 30 25 23 22 20 20 20 20 22 26 31 36 40 44 42 39 39 36 33 32 32 32 33 35 37 39 40 42 42 40 39 39 39 38 38 36 36 36 36 36 37 37 37 38 37 36 32 26 22 22 23 22 24 24 
39 65 75 74 74 70 66 63 58 54 47 42 35 28 23 21 21 18 18 18 19 23 24 29 33 38 40 40 38 37 34 32 32 32 32 32 35 37 39 40 43 42 40 39 39 39 38 38 37 37 36 36 36 37 37 37 38 37 37 36 30 21 21 23 21 20 20 
42 67 78 73 71 66 63 59 52 51 45 38 31 25 22 19 17 17 17 17 18 20 23 24 30 36 39 38 36 36 33 31 30 31 32 32 35 38 40 42 43 42 42 40 40 39 39 38 37 37 36 37 37 37 37 37 37 37 37 37 31 25 24 24 21 18 20 
42 67 75 70 66 61 59 54 49 48 44 35 26 24 20 17 16 16 16 16 17 18 21 22 26 30 35 36 33 33 32 29 28 28 29 32 34 38 40 40 42 42 40 40 40 39 39 38 38 37 37 37 37 37 37 37 38 37 37 38 35 29 26 27 24 18 19 
44 65 72 68 64 60 56 50 46 45 38 29 22 19 17 16 16 15 16 16 17 17 21 22 25 29 31 32 31 30 29 28 25 24 28 31 34 38 40 40 42 42 40 40 40 39 40 39 38 37 37 37 37 37 38 38 39 38 38 39 37 32 30 29 25 19 18 
45 66 73 67 63 59 54 50 45 38 31 24 19 16 16 15 15 15 16 16 17 17 19 25 25 26 25 26 24 25 25 24 24 25 28 31 36 38 40 40 42 42 40 40 39 39 40 39 39 38 38 38 38 38 38 38 38 38 38 39 37 33 32 30 26 22 20 
45 64 68 66 61 58 53 46 40 32 26 22 18 16 15 15 16 14 14 14 15 16 17 18 19 19 21 22 22 24 23 22 22 24 28 32 36 38 40 40 40 40 40 40 40 39 40 39 39 38 38 38 38 38 37 37 38 38 38 38 37 36 33 31 28 26 22 
44 60 64 63 59 57 52 42 33 28 23 20 18 17 15 15 16 14 12 12 12 15 16 17 18 20 20 21 21 21 19 21 22 23 27 32 37 39 42 40 39 40 40 40 40 40 40 39 39 39 38 38 38 38 37 37 37 38 38 38 38 38 36 33 31 29 23 
44 58 60 59 59 56 50 42 31 26 24 20 16 12 12 12 12 12 12 11 12 14 14 15 15 17 18 18 19 18 17 19 18 22 30 34 38 39 42 40 42 40 42 42 40 40 40 40 40 39 39 39 39 38 38 38 38 37 38 38 38 38 38 36 33 29 23 
42 58 59 59 60 57 51 42 31 28 23 17 13 11 11 11 12 12 11 11 11 11 12 12 14 14 15 18 19 19 18 19 18 23 32 36 39 39 42 42 42 42 42 42 40 40 40 40 40 39 39 39 39 38 38 38 38 38 38 38 38 38 38 37 33 31 29 
42 58 59 58 59 55 51 40 31 28 21 15 13 11 12 11 12 14 12 12 11 12 15 16 17 18 19 22 24 23 23 25 25 28 36 39 42 42 42 42 42 42 42 42 42 40 40 40 42 40 40 40 39 39 39 39 38 38 38 38 38 38 38 38 36 37 36 
42 57 58 57 58 54 48 40 31 28 22 16 14 14 11 12 14 15 14 15 13 17 23 23 24 24 24 25 26 25 29 33 31 35 39 42 44 44 44 43 43 43 43 43 42 40 42 42 42 40 40 40 40 39 39 39 38 38 38 37 38 38 38 37 37 39 43 
42 56 58 57 58 54 48 39 31 26 19 16 16 15 14 15 17 18 18 18 17 22 27 28 28 29 30 31 32 33 36 40 40 43 45 46 47 46 45 44 44 44 43 43 42 42 42 42 42 42 42 40 40 40 39 39 38 38 38 38 38 38 38 37 38 43 49 
40 56 57 57 55 53 48 40 31 25 19 20 20 19 22 23 24 24 26 26 28 32 35 37 38 39 40 43 47 49 50 51 52 53 50 49 49 47 45 45 45 44 44 44 43 42 43 42 42 42 42 42 42 40 40 39 38 38 37 38 38 38 37 37 38 44 53 
40 54 54 54 55 52 47 42 36 35 29 30 30 28 28 28 30 30 32 33 36 40 43 44 45 46 47 50 52 53 52 54 56 56 54 52 51 49 47 46 46 45 44 44 44 43 43 42 42 42 42 40 40 40 40 39 39 38 37 36 37 37 37 37 38 44 51 
40 54 54 54 54 52 48 45 40 42 39 38 38 38 38 37 37 37 38 40 42 45 46 47 47 49 50 51 52 53 53 54 56 56 54 53 53 51 49 47 46 46 45 45 45 44 43 42 42 40 40 40 40 40 40 40 40 39 39 38 37 38 37 38 38 42 47 
39 53 54 53 53 53 50 47 46 45 45 44 46 47 45 44 44 44 44 44 45 47 47 49 50 51 51 52 53 54 53 53 53 53 53 53 52 51 50 49 49 47 47 47 46 45 44 44 42 42 40 40 40 42 40 40 40 39 39 39 39 39 39 39 40 40 44 
39 53 54 53 53 52 50 49 49 49 49 49 50 50 49 49 47 49 49 49 49 50 50 50 50 51 51 52 52 53 53 53 53 53 52 52 51 52 50 49 49 49 47 47 46 45 45 44 44 43 42 42 42 43 43 42 42 42 42 42 42 42 42 42 42 43 44 
40 52 53 54 52 51 51 50 50 50 50 50 50 49 49 49 49 49 51 51 51 51 51 51 51 51 51 51 51 51 51 51 51 51 52 52 51 52 51 49 49 49 47 47 47 46 45 44 44 44 44 44 44 45 44 44 44 43 44 44 44 44 43 42 43 42 42 
40 51 53 53 51 51 51 50 50 50 50 50 50 50 49 49 49 49 50 50 51 51 51 51 51 51 51 52 51 52 52 52 51 51 52 52 52 52 50 49 47 47 47 46 47 46 45 44 43 43 43 42 42 42 42 42 42 42 43 43 44 44 44 43 42 40 39 
40 52 53 53 51 52 51 50 51 51 50 50 51 51 50 49 50 50 50 49 51 51 51 51 51 51 51 52 52 53 53 52 51 51 52 52 52 51 49 46 46 46 46 45 46 45 43 42 39 37 37 36 36 37 37 37 37 37 37 37 39 39 40 40 39 39 39 
39 50 53 52 51 50 50 50 51 51 51 51 51 51 50 49 49 50 49 49 50 51 51 51 50 51 51 52 53 53 52 52 52 51 52 52 52 50 46 44 43 45 40 38 39 38 37 33 31 32 31 31 31 31 32 33 32 28 28 30 30 30 32 31 33 36 38 
37 47 52 52 50 50 50 50 51 51 51 51 50 49 49 47 49 50 50 49 50 50 51 51 51 51 50 51 52 52 52 52 52 51 51 52 51 46 43 39 37 40 36 33 32 31 30 26 24 24 23 24 24 24 25 27 26 22 21 22 23 23 23 24 25 29 32 
32 45 53 51 49 49 50 50 51 51 51 51 50 47 47 47 49 50 50 50 49 50 51 51 51 51 50 50 51 52 52 51 52 51 51 51 47 43 37 36 32 31 30 26 24 22 21 18 17 16 17 17 16 17 18 19 19 18 18 18 18 17 17 17 18 23 29 
28 39 47 50 47 47 49 49 50 50 49 49 49 49 47 49 50 50 50 50 50 49 51 51 51 51 50 49 50 52 52 51 51 50 49 46 43 36 30 27 25 23 21 18 16 15 15 15 14 14 14 15 14 15 16 16 16 16 16 16 16 15 15 15 16 21 26 
24 33 43 45 45 45 46 47 49 49 49 50 52 51 50 49 47 49 49 47 49 47 49 50 50 51 50 49 49 50 50 47 47 45 43 39 35 29 24 21 18 19 16 15 14 12 12 12 12 14 14 14 12 14 15 14 14 14 14 14 14 14 14 14 14 19 23 
24 29 36 40 43 44 46 47 49 49 50 52 53 52 50 47 49 51 49 47 49 49 51 51 50 50 50 51 49 47 47 45 42 42 36 31 28 24 20 17 16 16 15 14 14 11 12 11 12 12 12 14 14 14 12 14 14 14 14 14 14 14 14 14 14 17 23 
23 26 30 35 39 42 45 47 51 51 52 54 54 54 52 51 52 53 53 53 54 56 57 54 54 55 55 54 53 52 50 46 40 36 29 22 19 19 17 16 15 15 15 14 14 14 12 13 13 13 13 12 13 15 13 15 15 12 14 14 14 14 14 14 14 17 24 
22 25 26 29 33 38 42 47 51 52 54 57 58 58 56 54 57 60 59 60 62 61 61 63 63 62 62 60 58 57 56 52 43 30 24 18 16 16 15 14 14 14 14 14 14 14 14 16 16 15 13 13 12 13 13 13 13 12 14 14 14 14 14 14 14 17 25 
22 25 28 30 36 39 43 46 51 53 59 63 63 59 59 63 63 63 64 66 67 64 61 64 66 65 67 65 65 62 57 49 39 28 21 16 15 12 14 14 14 12 14 14 15 15 14 15 15 15 13 13 13 13 13 13 15 14 14 14 14 14 14 14 14 17 26 
24 28 28 31 33 38 43 46 48 52 59 64 64 60 63 66 65 66 65 66 67 65 64 65 65 65 66 66 67 65 58 49 38 24 18 15 13 14 12 14 14 12 14 14 14 14 14 15 15 15 15 13 13 15 15 15 15 14 14 14 14 12 14 14 12 16 25 
27 30 33 36 39 41 41 44 45 50 54 58 60 60 61 64 65 65 65 64 64 67 67 66 66 64 65 64 65 60 53 47 35 22 17 16 13 14 14 14 14 14 14 14 14 14 14 15 15 15 15 15 15 15 15 15 15 14 14 14 14 12 12 12 12 16 26 
31 33 39 45 50 51 48 46 45 47 51 53 58 59 60 64 61 61 61 61 61 64 65 64 62 61 60 59 58 53 47 43 32 22 17 16 15 15 15 15 14 14 14 14 14 14 14 15 15 15 15 15 15 15 15 15 15 14 14 14 14 12 14 14 14 16 26 
35 39 47 56 59 59 59 50 40 42 45 47 52 58 60 59 58 58 58 59 60 59 59 60 60 59 59 57 58 53 47 40 30 19 17 16 15 15 15 15 15 15 15 15 12 15 15 15 15 15 15 13 13 15 15 15 15 15 15 15 15 12 14 14 14 18 29 
37 45 54 63 65 66 65 51 39 39 40 42 46 54 59 57 56 57 57 56 57 57 57 58 58 58 57 55 57 52 46 40 29 19 17 16 15 15 15 15 15 15 15 14 14 15 15 13 13 15 13 13 13 15 15 15 15 15 15 15 15 12 14 14 15 21 30 
34 43 53 60 61 63 60 49 39 39 38 38 43 51 54 53 53 54 54 57 57 57 57 57 55 54 54 54 54 50 42 36 26 18 16 16 16 15 15 15 14 14 14 14 14 14 14 14 12 12 12 12 12 15 15 15 15 15 15 15 15 12 14 14 16 21 31 
30 42 52 57 59 54 52 45 40 40 39 37 42 47 50 50 51 53 54 55 55 57 57 55 55 53 54 53 53 49 40 31 23 16 16 16 16 15 14 14 14 14 14 14 14 14 14 14 14 14 14 12 12 15 15 15 15 15 15 15 15 12 14 14 16 22 32 
26 40 51 55 57 53 49 44 40 39 39 38 40 45 47 49 50 52 52 54 54 54 53 54 54 53 53 53 52 46 36 27 22 16 16 15 15 15 14 14 14 14 14 14 14 14 14 14 14 14 14 15 15 15 15 15 15 15 15 12 12 12 11 14 17 23 31 
28 39 50 54 54 52 47 45 40 38 37 36 38 43 46 49 50 51 53 53 53 53 53 54 54 53 52 52 50 42 32 25 20 16 15 15 15 15 14 14 14 14 14 14 14 14 12 12 12 14 14 15 15 15 15 15 15 15 15 14 14 12 12 15 19 25 32 
29 37 49 50 49 50 48 46 40 36 35 33 34 40 46 49 50 51 51 53 53 52 52 52 52 51 52 52 49 38 29 22 18 17 16 15 14 14 14 14 15 15 15 15 14 14 14 14 14 14 14 15 15 15 15 15 15 14 14 14 14 14 12 16 22 26 34 
30 35 43 44 43 44 44 40 38 33 31 29 31 38 44 47 50 51 52 53 53 52 52 51 51 51 51 51 46 37 28 22 16 17 16 15 14 14 14 14 15 15 15 15 15 15 15 16 16 16 16 15 15 16 15 15 15 14 14 14 14 14 14 17 22 30 39 
29 31 36 37 38 38 37 37 36 34 31 28 30 36 43 47 51 53 54 53 52 51 51 50 50 51 51 50 44 35 26 20 17 15 15 14 14 12 14 14 14 15 15 15 15 16 16 17 17 17 16 16 15 16 16 16 16 14 15 15 14 14 15 17 23 32 43 
25 25 25 27 30 31 30 31 31 30 29 26 30 37 43 47 51 53 53 51 50 50 50 50 49 50 50 49 43 32 24 22 17 15 15 14 12 12 14 14 15 15 15 15 16 16 17 18 18 17 17 16 15 16 16 16 16 15 15 15 14 14 16 19 26 34 45 
28 19 22 22 24 26 28 27 27 26 26 27 31 36 43 46 49 51 51 50 50 50 50 49 49 50 47 47 40 32 24 19 16 14 14 14 12 14 14 14 15 15 15 15 15 17 18 21 21 19 18 16 15 15 15 16 16 15 15 15 14 15 17 21 28 38 45 
26 21 22 21 24 25 25 26 27 26 26 29 31 36 42 45 47 50 50 50 50 50 50 49 49 49 47 45 39 31 24 18 16 15 14 12 14 14 14 14 14 14 15 16 16 19 21 23 24 22 19 16 15 16 15 16 17 15 15 15 14 15 17 19 28 39 46 
24 19 21 22 24 26 26 27 26 27 27 28 30 36 40 45 47 49 49 49 49 49 49 49 49 49 47 45 38 30 23 19 17 15 12 14 14 14 14 14 12 12 15 16 16 22 26 32 32 26 23 18 16 16 16 16 16 16 16 15 14 15 17 21 28 39 47 
18 21 21 22 24 28 28 27 27 27 27 26 29 33 39 44 46 49 49 49 49 49 49 47 47 47 45 43 36 28 22 19 16 14 12 14 14 14 14 12 14 14 15 15 17 24 33 37 36 31 25 19 16 16 16 16 16 16 16 15 15 15 17 21 29 40 46 
18 18 19 23 24 25 26 26 28 28 26 27 29 32 38 43 46 47 48 47 46 47 47 46 46 45 45 43 36 26 21 17 15 14 12 14 14 14 14 14 14 14 15 16 19 28 33 37 35 30 24 19 17 16 16 16 16 16 16 15 15 15 17 22 30 40 46 
17 17 19 24 24 23 25 28 30 29 28 26 27 31 37 43 46 50 50 46 44 45 46 45 45 45 44 42 35 25 19 16 15 14 12 14 14 14 14 14 14 14 15 17 21 29 35 36 36 31 26 19 16 15 15 15 15 14 15 14 12 15 17 21 30 40 46 
16 18 18 22 24 23 24 25 28 28 25 25 25 29 36 44 50 53 51 46 45 46 46 45 44 44 42 40 32 24 18 15 15 14 12 14 14 14 14 14 14 14 16 17 21 29 37 38 36 31 25 21 17 15 15 15 15 14 14 14 12 15 17 22 30 41 45 
16 17 17 19 22 23 22 22 23 23 22 23 24 28 36 45 52 54 53 50 49 47 46 45 45 44 42 39 32 24 18 15 15 14 12 14 14 14 14 14 14 15 16 18 22 32 39 40 38 32 26 21 17 15 15 15 15 14 14 14 12 15 18 24 31 41 45 
16 17 17 17 18 19 19 20 22 22 20 19 22 28 37 46 53 54 53 51 49 47 47 46 45 44 42 39 32 24 18 15 15 14 12 14 14 14 14 14 14 15 17 21 25 35 40 40 37 33 26 19 16 15 14 14 14 14 14 12 14 16 18 25 31 41 45 
16 17 17 17 17 17 18 19 19 19 19 18 21 28 38 49 54 56 54 52 50 49 47 47 46 45 42 38 30 24 18 15 15 14 14 15 15 15 15 15 15 15 18 24 30 37 42 42 36 30 24 19 16 15 14 14 14 14 14 14 14 15 21 25 31 41 44 
17 16 16 18 18 18 18 17 18 17 17 18 22 26 37 50 54 57 54 54 51 50 50 46 46 44 42 37 30 23 18 15 15 14 14 15 14 15 14 14 14 15 18 25 32 39 43 41 36 29 23 18 16 15 14 14 14 14 14 14 14 15 21 25 32 43 44 
17 17 17 18 18 18 18 17 17 17 17 19 22 25 33 47 54 54 54 55 53 51 51 47 47 45 40 37 29 23 17 15 14 12 14 14 14 14 14 14 14 15 19 28 35 42 42 43 37 29 23 17 15 15 12 12 12 12 12 12 14 16 19 25 33 41 44 
17 18 18 18 18 18 17 16 17 16 17 18 21 24 31 45 52 53 54 56 54 52 51 49 49 45 40 36 27 21 16 15 14 12 14 14 14 14 14 14 15 16 22 31 39 43 42 43 38 29 22 16 15 15 12 12 12 12 12 12 15 17 22 28 35 40 42 
16 18 18 18 18 19 18 17 16 17 18 21 21 23 28 39 46 50 53 57 59 56 53 51 50 46 40 36 27 21 16 15 14 12 14 14 14 14 12 15 16 18 24 32 39 43 43 43 38 31 24 16 15 15 12 12 12 12 12 14 16 18 22 28 35 40 42 
17 19 20 21 21 21 18 18 17 18 19 21 21 22 25 31 37 44 51 58 60 58 57 53 51 47 40 36 27 21 16 15 14 12 14 14 14 14 12 15 18 21 28 35 40 45 45 44 40 33 25 17 15 15 12 12 12 12 14 16 16 18 22 28 35 42 42 
18 20 22 22 22 21 19 19 21 19 21 22 22 21 23 26 32 39 46 54 57 57 57 54 52 47 40 36 27 21 16 15 14 12 14 14 14 14 12 15 18 23 30 37 42 44 46 45 40 33 26 18 16 16 15 14 12 12 15 17 18 21 23 29 37 42 43 
20 22 23 23 23 23 22 23 24 24 24 23 23 22 23 26 31 36 43 51 55 54 54 54 52 47 40 36 27 21 16 15 14 12 14 14 14 14 12 16 22 24 30 38 44 43 45 45 39 32 24 19 17 16 15 14 12 12 15 17 18 21 24 30 37 42 43 
22 23 24 25 25 26 26 27 27 27 26 25 24 23 22 26 30 33 39 45 51 54 54 54 52 47 40 36 29 21 16 15 14 12 14 14 14 15 14 17 23 25 32 41 45 44 46 46 40 32 25 22 18 16 14 12 12 12 15 17 18 21 24 31 37 42 43 
22 23 25 25 25 28 29 28 29 26 25 25 25 25 24 26 28 30 36 40 47 53 54 52 51 46 39 33 26 19 16 15 15 14 14 14 14 15 15 18 24 26 32 40 44 44 46 43 38 34 27 21 17 16 14 12 12 12 15 17 19 22 25 31 37 42 43 
22 24 26 26 28 28 29 28 28 26 25 25 28 28 28 29 29 29 32 35 44 52 54 52 50 46 39 33 25 19 15 15 15 14 14 14 14 15 15 18 24 28 33 40 45 44 46 43 38 34 27 19 16 16 14 14 12 14 16 18 19 19 23 31 37 42 42 
22 26 29 30 30 30 30 30 30 28 25 26 30 33 34 31 30 29 29 30 39 50 54 52 50 47 40 34 26 19 15 15 15 14 14 14 14 15 15 18 25 31 36 42 44 44 45 43 38 33 28 19 16 16 14 14 12 14 15 16 18 21 23 31 37 42 42 
22 26 29 30 31 31 33 32 32 29 28 28 31 39 40 36 32 31 26 25 32 45 52 51 50 47 40 34 26 19 15 15 15 14 14 14 14 15 16 18 26 32 36 42 44 44 45 43 38 33 28 21 17 16 14 14 14 14 15 16 18 21 23 31 38 42 42 
22 27 30 32 34 36 37 37 36 35 35 37 40 51 50 43 37 35 26 25 29 39 47 51 50 47 41 34 26 19 15 15 15 14 14 14 14 15 16 18 26 36 38 43 45 44 46 43 38 37 30 21 18 16 14 14 14 14 15 16 18 21 24 32 39 43 43 
23 26 30 33 34 37 40 40 42 42 43 46 51 60 59 49 42 37 28 28 30 36 43 48 51 46 43 36 26 19 15 15 15 14 14 14 14 15 16 19 28 37 39 43 45 45 45 43 38 36 30 22 18 16 14 14 14 14 15 17 18 21 25 32 39 43 43 
23 26 30 32 35 37 40 45 46 47 49 51 57 64 61 52 43 37 26 25 30 32 37 45 50 45 41 36 26 19 15 15 15 14 15 14 14 16 17 21 28 36 38 42 45 45 44 43 38 36 30 22 18 16 14 14 14 14 15 16 17 22 28 33 39 42 42 
