249 249 248 244 241 238 237 236 234 232 231 231 229 226 222 213 178 146 125 85 67 61 57 59 87 107 145 160 214 221 249 250 249 250 251 251 251 251 251 251 251 251 251 251 250 248 247 238 186 89 33 17 17 14 11 14 17 22 24 21 10 3 2 2 2 1 2 2 
178 166 156 141 144 152 146 142 129 124 122 121 120 123 111 97 43 39 36 34 33 33 31 29 43 74 130 164 201 214 237 251 249 248 249 249 251 251 251 251 251 251 251 251 251 249 244 231 194 106 63 51 42 40 39 38 38 38 39 33 15 3 2 1 1 2 2 2 
93 89 82 71 71 73 70 68 61 54 52 51 51 51 46 41 39 41 44 45 45 34 29 39 80 147 201 234 242 249 250 249 249 248 249 249 250 251 251 251 251 251 251 251 251 251 249 250 198 108 54 38 45 44 45 45 45 44 44 35 16 7 3 1 1 2 2 2 
57 54 47 44 52 50 52 53 52 50 47 46 44 42 42 42 42 43 47 51 56 44 52 72 169 227 245 253 245 244 245 245 247 247 248 248 250 251 251 250 251 251 252 251 251 236 222 204 134 72 49 40 51 51 51 48 45 44 43 38 22 8 2 1 1 2 3 3 
61 61 52 47 53 52 53 53 54 54 52 50 49 47 45 44 43 45 47 51 53 51 64 123 214 249 246 248 251 251 249 249 247 248 248 248 250 251 250 244 250 238 233 219 194 164 137 112 78 58 49 47 51 52 53 50 47 45 44 39 25 10 1 1 1 2 3 3 
62 61 57 53 53 51 51 51 53 53 50 46 46 45 44 44 43 44 45 47 46 47 65 136 189 227 237 245 249 251 248 244 245 245 251 251 251 250 233 215 212 181 165 142 109 89 71 60 58 53 50 50 47 47 48 48 47 45 44 37 25 16 7 4 3 4 4 3 
58 57 54 51 51 50 49 49 50 48 47 46 45 44 44 45 44 45 45 45 45 45 63 95 129 155 179 190 200 214 221 230 235 231 230 222 205 189 160 141 122 103 90 74 64 61 58 57 56 52 49 47 47 47 47 46 46 45 43 40 35 30 25 22 18 12 9 5 
49 50 52 50 50 50 51 51 51 50 47 47 46 46 45 46 45 46 46 46 46 47 54 63 72 77 85 95 115 131 138 146 165 162 152 142 122 99 82 65 67 65 60 53 53 54 53 52 51 51 49 47 47 46 46 45 45 44 46 48 47 44 45 45 39 31 24 10 
47 49 51 50 50 51 53 53 52 52 51 49 49 47 46 47 47 47 47 47 47 50 53 57 58 54 53 59 64 70 71 72 70 68 66 60 60 60 59 57 57 57 57 54 54 53 51 50 49 49 47 46 46 46 45 44 45 45 47 51 52 50 52 54 53 50 39 16 
52 52 50 50 50 51 53 53 52 53 51 49 49 50 49 49 50 50 51 51 52 52 53 56 56 58 60 60 59 59 58 56 57 54 51 50 54 53 53 54 57 57 56 57 53 53 52 50 51 51 49 47 48 47 48 51 51 51 51 52 54 54 54 54 57 59 47 17 
51 51 51 51 51 53 53 52 50 52 49 50 50 51 51 51 52 53 53 54 57 55 56 57 57 56 56 56 54 56 54 56 59 57 57 56 60 58 58 59 60 61 60 59 57 56 54 53 55 55 54 54 57 59 58 58 57 57 54 53 54 55 56 61 68 63 46 19 
76 75 76 75 72 74 68 62 61 63 59 59 61 61 61 60 60 60 59 61 61 61 61 61 61 60 60 60 57 56 57 57 61 60 64 65 67 68 70 74 79 81 83 82 80 79 75 72 65 64 66 66 70 70 70 70 70 68 69 69 69 68 68 78 85 73 54 24 
151 150 152 151 146 139 128 112 102 93 79 72 76 75 74 71 71 70 68 68 70 70 70 70 70 68 68 68 68 70 75 78 90 98 109 117 122 128 130 132 157 158 159 159 157 156 151 149 135 132 135 135 138 138 138 138 139 141 143 142 139 138 137 133 128 114 79 26 
217 215 214 209 206 188 173 157 133 119 104 89 82 79 74 71 70 71 72 68 69 71 71 71 71 72 74 74 77 81 93 109 128 150 167 187 201 210 215 217 234 234 235 234 233 231 231 229 223 223 224 226 228 228 227 226 223 224 224 223 222 219 213 202 188 155 93 28 
237 231 226 217 212 195 184 172 157 143 130 115 111 110 104 101 100 100 100 97 97 95 94 94 94 95 97 97 95 102 114 130 149 172 194 215 229 238 245 248 246 247 249 250 248 248 248 248 248 248 248 247 248 248 248 248 248 248 248 249 248 231 202 187 174 137 79 24 
243 238 234 228 224 220 217 213 209 203 198 191 189 192 186 182 185 185 182 180 178 175 174 173 173 172 172 171 159 169 172 175 187 200 213 224 233 237 243 243 242 243 245 243 245 248 248 250 249 249 249 248 247 247 247 248 248 248 249 249 238 186 124 94 88 68 32 11 
246 245 245 244 244 244 243 245 246 245 242 244 244 244 243 239 241 242 240 236 235 234 234 234 233 233 231 230 226 233 229 226 233 238 238 238 239 241 243 243 242 242 242 244 244 247 248 250 250 250 250 249 249 248 249 249 250 249 249 249 236 171 87 44 32 17 4 7 
250 249 249 249 249 250 250 250 249 250 250 250 250 250 250 250 250 250 250 250 250 249 249 249 248 248 248 248 249 249 249 249 250 249 249 248 249 248 247 247 247 245 244 247 247 248 249 249 249 250 250 249 249 249 249 250 250 249 249 252 243 187 93 33 12 7 7 7 
249 249 249 249 249 249 250 250 249 249 249 249 249 249 249 249 249 249 249 249 249 249 249 249 249 249 249 249 249 249 249 249 249 249 249 249 249 248 248 248 248 248 248 248 248 248 249 249 249 250 250 250 250 250 250 251 250 250 249 252 245 186 93 29 8 7 4 4 
249 249 249 249 249 249 249 249 249 249 249 249 249 249 249 249 249 249 249 249 249 249 249 249 249 249 249 249 249 249 249 249 249 249 249 248 248 248 248 248 248 248 248 248 248 248 248 249 249 250 250 250 250 250 250 251 251 251 249 251 238 174 82 26 13 9 2 3 
249 249 249 249 249 249 249 249 249 249 249 249 249 249 249 249 249 249 249 249 249 249 249 249 249 249 249 249 249 249 249 249 249 249 248 248 248 248 248 248 248 248 248 248 248 248 248 249 249 250 250 250 250 250 250 251 251 250 248 247 231 170 76 24 15 9 2 2 
249 249 249 249 249 249 249 249 249 249 249 249 249 249 249 249 248 248 248 248 248 248 248 248 249 249 249 249 249 249 248 248 248 248 248 248 248 248 248 248 248 248 248 248 248 248 248 249 249 250 250 250 250 250 250 251 251 250 248 247 234 171 78 23 12 9 3 2 
249 249 248 248 248 248 248 248 248 248 248 248 248 248 248 248 248 248 248 248 248 248 248 248 248 248 248 248 248 248 248 248 248 248 248 248 248 248 248 248 248 248 249 249 249 249 249 249 249 250 250 250 250 250 250 251 251 250 248 247 233 170 78 23 12 9 3 2 
249 249 248 248 248 248 248 248 249 249 248 248 248 249 249 248 248 248 248 248 248 248 248 248 248 248 248 248 248 248 248 248 248 248 248 248 248 248 248 248 248 248 249 249 249 249 249 249 249 250 250 250 250 250 250 250 251 250 248 247 233 167 75 19 12 9 3 2 
249 249 249 249 249 249 249 249 249 249 249 249 249 249 249 249 249 249 249 249 249 249 249 249 249 249 249 249 249 249 249 249 249 249 249 249 249 249 249 249 249 249 249 249 249 249 249 249 249 250 250 250 250 250 250 250 251 250 249 247 233 166 67 19 12 9 4 3 
249 249 249 249 249 249 249 249 249 249 249 249 249 249 249 249 249 249 249 249 249 249 249 249 249 249 249 249 249 249 249 249 249 249 249 249 248 248 248 249 249 249 249 249 249 249 249 249 249 249 249 249 249 249 249 250 251 250 250 249 233 166 73 19 11 10 4 3 
249 249 249 249 249 249 249 249 249 249 249 248 248 249 249 249 248 249 249 249 249 249 249 249 249 249 249 249 249 249 249 249 249 249 249 249 248 249 249 249 249 249 249 249 249 249 249 249 249 249 249 249 249 249 249 250 251 250 250 250 233 164 72 19 12 10 4 3 
249 250 250 249 249 249 249 249 249 249 249 248 248 249 249 249 249 249 249 249 249 249 249 249 249 249 249 249 249 249 249 249 249 249 249 249 248 249 249 249 249 249 249 249 249 249 249 249 249 249 249 249 249 249 249 250 250 250 250 251 231 160 70 19 11 9 4 3 
249 249 250 250 249 249 249 249 248 248 248 248 248 249 248 248 249 249 249 249 249 249 249 249 249 249 249 249 249 249 249 249 249 249 249 249 248 249 249 249 249 249 249 249 249 249 249 249 249 249 249 249 249 249 249 250 250 250 250 251 231 162 71 21 10 9 4 3 
249 249 249 248 248 248 248 248 248 248 249 248 248 249 249 249 249 249 249 249 249 249 249 249 249 249 249 249 249 249 249 249 249 249 249 249 248 249 249 249 249 249 249 249 249 249 249 249 249 249 249 249 249 249 249 250 250 250 250 251 233 164 73 19 12 10 3 2 
249 249 249 248 247 247 247 248 248 249 249 249 249 249 249 249 249 249 249 249 249 249 249 249 249 249 249 249 249 249 249 249 249 249 249 249 248 249 249 249 249 249 249 249 249 249 249 249 249 249 249 249 249 249 249 250 250 250 250 251 230 162 72 19 12 10 3 2 
249 249 249 249 248 248 248 249 249 249 249 249 249 250 250 249 249 249 249 249 249 249 249 249 249 249 249 249 249 249 249 249 249 249 249 249 248 249 249 249 249 249 249 249 249 249 249 249 249 249 249 249 249 249 249 250 250 250 250 249 228 159 70 19 10 9 3 3 
250 250 250 250 249 249 249 249 249 249 249 249 249 250 250 249 249 249 249 249 249 249 249 249 249 249 249 249 249 249 248 248 249 249 249 249 248 249 249 249 249 249 249 249 249 249 249 249 249 249 249 249 249 249 249 249 249 249 249 249 228 160 71 19 10 9 3 3 
249 249 249 249 249 249 248 249 249 249 249 249 249 249 249 249 249 249 249 249 249 249 249 249 249 249 249 249 249 249 249 249 249 248 248 248 248 249 249 249 249 249 249 249 249 249 249 249 249 249 249 249 249 249 249 249 249 249 249 249 230 165 72 18 11 9 4 3 
249 249 249 249 249 248 249 249 249 249 249 249 249 249 249 249 249 249 249 249 249 249 249 248 249 249 249 249 249 249 249 249 248 248 248 248 248 249 249 249 249 249 249 249 249 249 249 249 249 249 249 249 249 249 249 249 249 249 249 248 229 164 71 18 11 9 4 3 
249 249 249 249 248 249 249 249 249 249 249 249 249 249 249 249 249 249 249 249 249 249 249 248 249 249 249 249 249 248 247 248 248 248 248 248 248 249 249 249 249 249 249 249 249 249 249 249 249 249 249 249 249 249 249 249 249 249 249 247 227 162 67 16 11 9 4 3 
249 249 249 249 248 249 249 249 249 249 249 249 249 249 249 249 249 249 249 249 249 249 249 248 249 248 248 248 248 247 247 245 247 248 248 248 248 249 249 249 249 249 249 249 249 249 249 249 249 249 249 249 249 249 249 249 249 249 249 248 226 158 66 16 12 9 4 3 
248 248 248 247 248 248 248 249 249 249 249 249 249 249 249 249 249 249 249 249 249 249 249 248 249 248 248 248 245 245 245 244 248 248 248 248 248 249 249 249 249 249 249 249 249 249 249 249 249 249 249 249 249 249 249 249 250 250 249 249 227 156 65 16 12 10 4 2 
248 248 248 248 249 249 249 250 249 249 249 249 249 249 249 249 249 249 249 249 249 249 249 249 248 248 248 248 248 247 247 247 248 248 248 248 248 249 249 249 249 249 249 249 249 249 249 249 249 249 249 249 249 249 249 249 250 250 249 249 226 150 61 17 12 9 4 2 
248 248 249 249 248 248 248 248 249 249 249 249 249 249 249 249 249 249 249 249 249 249 248 248 248 248 248 248 248 248 248 248 248 248 248 248 248 248 248 249 249 249 249 249 249 249 249 249 249 249 249 249 249 249 249 249 249 249 248 247 219 143 55 17 12 9 4 2 
249 248 247 244 238 237 235 235 238 243 245 247 248 249 249 249 249 249 249 249 249 249 248 248 248 248 248 248 247 248 249 249 249 248 248 248 248 248 248 249 249 249 249 249 249 249 249 249 249 249 249 249 249 249 249 249 249 249 248 245 214 136 50 16 12 9 4 2 
248 248 249 245 240 231 228 229 234 240 243 245 247 248 248 249 248 248 247 247 248 248 247 247 247 247 247 247 247 247 249 248 248 247 248 247 247 248 248 249 249 249 249 248 248 248 248 248 249 249 249 249 249 248 248 249 249 249 247 244 212 129 46 14 12 9 3 2 
248 248 249 248 244 243 241 241 243 245 247 248 248 248 248 244 241 241 242 244 245 247 247 248 248 248 247 247 247 247 247 248 248 248 248 248 248 248 248 249 249 249 249 248 248 248 248 248 249 248 249 248 249 249 249 249 248 249 248 244 206 122 44 14 12 9 3 2 
248 248 249 248 249 249 249 249 249 249 249 248 248 247 245 237 231 230 235 242 245 247 248 249 249 249 247 247 247 247 247 247 248 248 248 248 248 248 249 249 249 249 249 248 248 248 248 248 249 248 248 248 247 248 248 248 248 247 245 241 201 115 38 13 14 9 3 2 
249 249 249 249 248 249 248 249 249 249 249 249 247 245 241 231 227 228 236 244 247 248 248 249 249 248 247 245 243 243 247 248 248 248 248 248 249 249 249 249 249 249 249 248 248 248 248 249 249 248 248 247 247 245 245 247 245 243 241 237 194 108 36 15 14 9 4 2 
249 249 250 249 248 247 248 249 249 249 249 249 248 245 240 231 231 236 244 248 249 250 250 249 247 247 247 241 238 242 245 248 247 247 248 249 249 249 249 249 248 248 248 248 248 248 248 249 249 249 248 247 247 245 244 244 244 242 239 229 181 98 37 16 12 9 4 2 
247 248 248 248 247 247 247 247 248 248 248 249 249 248 244 241 242 246 248 249 250 250 248 247 247 247 245 243 244 247 247 247 245 247 248 248 248 249 249 249 248 248 248 248 248 248 248 249 249 249 249 248 247 247 247 247 245 245 240 223 170 89 32 15 14 9 4 2 
236 240 242 242 244 245 245 245 245 245 247 248 249 250 248 248 248 248 248 248 244 241 240 241 245 247 248 248 249 248 247 247 245 245 247 248 248 248 249 248 248 248 248 248 248 248 248 249 249 248 248 248 248 248 248 248 249 248 241 223 170 89 32 15 12 8 4 2 
238 241 241 243 244 247 247 247 245 244 245 248 249 250 249 248 248 248 247 247 245 242 240 242 245 247 248 248 249 249 247 247 244 244 245 247 248 247 247 247 248 248 248 248 248 248 248 249 249 249 249 249 249 248 248 248 247 245 241 230 181 100 39 18 12 9 4 2 
247 247 245 245 248 248 248 248 245 247 247 248 248 248 248 248 248 248 249 249 247 245 245 247 248 248 248 249 249 249 248 245 245 244 245 247 247 247 248 248 248 248 248 248 248 248 248 248 249 249 249 249 248 248 247 247 247 245 242 239 193 105 43 19 12 9 4 2 
247 247 248 247 247 247 245 242 241 242 242 242 242 242 243 243 243 244 244 241 238 242 247 248 248 248 248 249 249 249 248 248 247 248 248 248 247 248 249 249 248 248 248 248 248 248 248 248 248 248 248 248 248 248 248 248 247 247 244 239 190 104 42 18 12 9 4 2 
247 247 247 247 247 243 240 238 238 238 238 238 238 237 237 237 237 238 238 236 238 243 248 248 248 248 248 249 249 249 249 249 248 248 249 248 248 249 249 249 249 249 249 249 249 249 249 249 249 249 249 249 249 249 249 249 248 248 246 240 190 103 39 18 12 8 4 2 
249 249 249 250 249 247 245 244 243 242 242 242 242 242 242 243 244 244 245 245 247 248 249 249 248 248 248 249 249 249 249 249 249 249 249 249 249 249 248 249 249 249 249 249 249 249 249 249 249 249 249 249 249 249 249 249 249 249 246 240 188 101 39 18 12 8 4 2 
249 249 249 249 249 250 249 249 248 247 247 247 247 247 248 248 248 249 249 250 250 249 249 249 248 248 248 248 248 248 249 249 249 249 249 249 248 248 249 249 249 249 249 249 249 249 249 249 249 249 249 249 249 249 249 249 249 250 247 240 187 100 38 17 12 8 4 2 
249 249 249 249 249 249 249 248 248 248 248 248 248 248 248 248 247 248 249 249 249 249 248 248 248 248 248 248 248 248 248 248 248 248 248 248 248 248 249 249 249 249 249 249 249 249 249 249 249 249 249 249 249 249 249 249 249 250 247 240 186 100 36 17 12 8 4 2 
249 249 249 249 249 249 249 248 248 247 247 247 247 247 247 247 247 248 249 249 249 249 248 248 248 248 248 248 248 247 247 248 248 248 248 248 248 248 248 249 249 249 249 249 249 249 249 249 249 249 249 249 249 249 249 249 249 250 247 238 182 96 33 16 14 8 4 3 
249 249 250 250 249 248 247 247 248 247 247 247 245 245 245 247 247 248 249 249 249 249 248 248 248 248 248 248 248 247 247 249 249 248 249 249 248 249 249 249 249 249 249 249 250 250 250 250 250 249 249 249 249 249 249 249 249 250 247 235 180 93 30 15 12 8 5 3 
249 249 250 249 245 244 245 248 247 245 245 245 245 245 245 247 247 247 248 248 248 248 248 248 247 247 247 247 247 247 247 248 249 247 245 247 248 247 247 248 248 248 248 249 249 250 249 249 249 249 249 249 249 249 249 249 249 250 246 234 177 90 29 12 10 7 3 3 
249 249 249 249 248 245 245 247 247 245 245 244 244 243 245 248 247 248 248 248 248 248 247 247 247 247 247 247 247 245 245 245 245 240 237 238 240 243 244 245 247 247 247 247 250 249 247 247 247 248 248 249 249 249 249 249 249 250 246 231 174 89 26 11 8 4 3 3 
249 249 250 251 247 238 234 233 234 240 241 241 242 241 245 249 248 248 248 248 248 248 247 247 247 245 245 245 245 245 244 243 241 236 235 236 241 242 241 244 244 245 245 245 250 248 244 243 244 248 248 249 249 249 249 249 249 249 246 231 175 88 26 10 5 4 3 3 
250 250 250 249 243 234 230 229 231 236 238 241 242 243 247 248 248 248 248 248 248 248 248 247 247 247 247 247 247 247 245 245 244 241 238 239 241 243 243 244 244 245 247 247 251 249 249 249 248 248 248 249 249 249 249 249 249 249 244 230 173 85 26 10 5 4 3 3 
249 249 249 248 247 243 242 242 243 244 245 248 247 247 248 248 248 248 248 248 248 248 248 247 247 247 247 247 247 247 245 248 248 245 243 243 243 244 247 248 247 247 247 247 248 245 244 245 247 247 245 247 247 247 247 249 249 247 238 219 154 73 23 10 5 4 3 3 
249 249 248 244 244 244 244 243 245 245 244 245 249 247 247 248 248 248 248 248 248 248 248 248 249 249 249 249 249 249 249 249 249 248 247 247 248 248 250 249 248 247 247 247 244 241 235 235 240 243 242 241 241 241 242 242 247 240 227 198 131 60 19 10 5 4 3 3 
248 248 244 242 240 238 238 237 240 243 240 235 241 247 247 247 248 248 248 248 248 248 248 249 249 249 249 249 250 250 250 251 249 249 248 249 251 251 250 249 249 248 248 248 247 241 234 233 242 245 246 247 247 247 245 245 243 233 222 194 128 57 18 10 5 3 3 3 
248 247 247 245 245 244 244 244 244 245 244 243 244 247 247 247 247 248 248 248 248 248 248 248 248 245 241 243 248 249 249 249 249 248 249 249 250 251 250 249 249 249 249 249 248 248 247 247 248 248 248 248 248 248 247 248 246 242 237 210 142 66 19 10 5 3 3 3 
248 249 250 251 251 251 251 251 248 247 247 247 247 247 247 247 247 247 248 247 247 247 247 247 240 228 216 212 230 246 248 249 249 248 249 249 249 249 250 249 249 249 249 249 249 249 249 249 249 248 248 248 248 248 248 249 249 249 247 224 160 75 19 10 5 3 3 3 
245 247 247 248 248 249 249 250 249 248 248 248 248 248 247 247 248 248 248 248 245 245 245 243 238 228 213 200 215 243 248 248 249 248 249 249 249 249 249 249 249 249 249 249 249 249 249 249 248 248 248 248 248 248 248 249 248 247 243 228 170 78 21 10 5 3 3 3 
241 242 243 243 243 244 247 247 248 248 249 249 249 249 248 248 246 246 246 246 246 246 246 243 244 243 238 231 234 244 248 248 248 249 249 249 249 249 249 249 249 249 249 249 249 250 250 250 249 249 249 249 249 249 247 247 244 240 237 222 158 72 23 11 5 3 4 4 
240 241 240 240 240 241 242 243 243 244 244 245 245 244 241 228 215 209 203 215 231 241 246 246 243 244 246 246 248 248 247 248 249 249 249 249 249 249 249 248 248 248 249 249 249 250 250 250 249 249 249 249 249 249 248 247 244 237 234 212 151 72 25 12 4 3 4 4 
229 227 224 222 219 220 221 223 223 223 223 226 229 234 227 205 187 179 166 179 207 229 238 235 236 238 240 241 244 245 243 244 244 245 245 248 248 248 249 249 248 248 248 248 248 249 249 249 249 249 249 249 249 249 249 250 248 243 238 216 158 74 25 12 4 4 5 5 
222 220 216 212 210 212 215 220 220 219 219 220 228 234 230 226 220 211 202 207 222 235 236 235 241 244 242 242 244 242 243 247 244 247 247 248 249 248 249 249 248 248 249 249 249 249 249 249 249 249 249 249 249 249 249 250 249 248 244 220 157 74 26 11 5 4 5 5 
229 230 232 232 235 236 238 239 241 242 242 243 247 248 247 249 250 247 245 247 247 246 247 247 249 249 247 240 236 240 242 246 247 247 248 248 249 248 249 249 248 248 249 249 249 249 249 249 249 249 249 249 249 249 249 250 249 249 244 222 158 74 25 12 5 4 5 5 
234 236 238 240 244 244 246 246 249 249 251 251 249 249 249 249 250 249 248 247 246 247 248 249 248 247 246 233 193 187 213 234 249 248 249 249 249 249 249 249 249 249 249 249 249 249 249 249 249 249 249 249 249 249 249 250 250 249 243 223 159 75 24 12 7 5 6 6 
246 247 246 248 248 247 247 248 248 248 249 250 249 250 250 249 249 247 247 244 244 247 247 247 248 247 246 222 180 183 212 236 249 248 248 249 249 249 249 249 249 249 249 249 249 249 249 249 249 249 249 249 249 249 249 250 249 248 245 224 163 75 24 12 8 6 6 6 
247 247 247 247 247 247 247 248 248 247 248 248 248 249 249 249 249 247 247 248 247 245 247 247 248 248 247 234 221 225 233 242 249 248 249 248 249 249 249 249 249 249 249 249 249 249 249 249 249 249 249 249 249 249 249 249 249 249 246 228 167 79 26 12 8 6 6 6 
209 209 215 222 223 226 230 238 244 248 249 248 245 248 248 248 248 247 247 247 247 247 248 249 249 249 250 248 249 250 248 248 249 249 249 248 249 249 249 249 249 249 249 249 249 249 249 249 249 249 249 249 249 249 249 249 249 250 247 231 172 84 30 15 9 8 8 8 
192 190 195 203 207 209 219 234 245 248 251 250 248 249 249 249 249 248 249 249 249 249 249 249 249 249 250 250 250 250 250 250 249 249 249 248 249 249 249 249 249 249 249 249 249 249 249 249 249 249 249 249 249 249 249 249 249 250 247 231 173 81 25 13 10 8 8 8 
224 221 224 228 230 232 241 247 249 247 249 249 251 251 251 249 249 248 249 249 250 250 249 249 249 249 250 250 248 248 247 248 250 250 249 248 249 249 249 249 249 249 249 249 249 249 249 249 249 249 249 249 249 249 249 249 249 249 246 230 170 78 21 12 10 8 8 8 
242 242 243 243 244 246 251 249 249 248 249 249 249 249 249 249 249 249 249 249 251 250 248 249 249 249 250 249 243 240 238 241 247 250 248 248 249 249 249 249 249 249 249 249 249 249 249 249 249 249 249 249 249 249 249 249 249 249 247 226 159 72 19 12 10 8 8 8 
243 245 248 250 250 251 250 249 249 248 248 249 249 248 247 247 248 249 249 250 250 248 248 249 249 249 249 248 243 240 236 238 242 247 249 249 249 249 249 249 249 249 249 249 249 249 249 249 249 249 249 249 249 249 249 249 249 250 247 219 148 67 19 12 11 9 8 8 
245 247 248 249 250 250 249 249 249 248 248 249 249 248 247 247 248 249 249 250 250 251 250 249 248 249 249 249 248 247 244 244 244 248 249 249 249 249 249 249 249 249 249 249 249 249 249 249 249 249 249 249 249 249 249 249 249 250 247 220 149 66 17 11 11 8 8 8 
247 248 249 249 249 249 249 249 249 248 247 247 247 247 247 247 248 249 250 250 249 250 248 247 247 248 248 248 250 250 249 249 249 249 249 249 249 249 249 249 249 249 249 249 249 249 249 249 249 249 249 249 249 249 249 249 249 250 245 221 155 66 19 12 10 7 6 6 
248 248 248 249 249 249 249 249 248 248 247 247 248 248 245 243 245 248 250 250 249 249 249 251 250 249 248 250 251 251 251 250 251 251 250 250 249 249 249 249 249 249 249 249 249 249 249 249 249 249 249 249 249 249 249 249 249 250 244 224 160 73 26 15 9 7 6 6 
248 248 249 249 249 249 249 249 248 248 247 249 248 248 245 244 245 249 251 250 249 249 249 249 250 251 252 251 244 246 248 249 249 249 250 250 249 249 249 249 249 249 249 249 249 249 249 249 249 249 249 249 249 249 249 249 249 250 244 221 155 66 18 11 9 7 6 6 
249 249 249 249 249 249 249 249 248 248 248 247 247 247 247 247 248 248 248 249 249 249 247 247 248 249 229 199 185 210 234 237 233 241 247 249 249 249 249 249 249 249 249 249 249 249 249 249 249 249 249 249 249 249 249 249 249 250 245 216 146 65 23 14 8 7 6 6 
249 249 249 249 249 249 249 249 248 248 248 247 247 247 247 245 245 242 238 238 244 247 245 241 245 224 175 129 128 182 223 222 211 229 240 247 248 249 249 249 249 249 249 249 249 249 249 249 249 249 249 249 249 249 249 249 249 250 245 210 137 64 26 15 8 5 5 6 
249 249 249 249 249 249 249 249 248 248 248 249 249 248 248 247 243 237 233 233 236 240 241 238 236 216 187 169 179 210 232 229 217 228 241 248 249 249 249 249 249 249 249 249 249 249 249 249 249 249 249 249 249 249 249 249 249 249 245 203 128 56 17 12 7 5 5 5 
249 249 249 249 249 249 249 249 248 248 248 249 249 248 248 247 244 242 238 237 238 242 243 244 241 235 229 235 243 242 247 244 238 244 249 249 249 249 249 249 249 249 249 249 249 249 249 249 249 249 249 249 249 249 249 249 249 249 244 205 127 53 15 11 8 5 5 5 
249 249 249 249 249 249 249 249 249 249 249 249 249 249 249 248 248 247 247 245 247 248 248 248 248 247 247 252 252 248 248 248 248 248 249 249 249 249 249 249 249 249 249 249 249 249 249 249 249 249 249 249 249 249 249 249 249 248 242 212 137 51 14 11 8 5 5 5 
249 249 249 249 249 249 249 249 249 249 249 249 248 249 248 248 249 249 250 250 249 248 248 249 248 248 248 248 249 249 249 249 249 249 249 249 249 249 249 249 249 248 248 248 248 248 248 248 249 249 249 249 249 249 249 249 249 248 241 213 136 50 14 11 8 5 5 5 
249 249 249 249 249 249 249 249 249 249 249 249 249 249 249 248 249 249 249 249 248 248 248 248 248 248 248 248 249 249 249 249 249 249 249 249 249 249 249 249 249 248 248 248 248 248 248 248 249 249 249 249 249 249 249 249 249 247 241 213 132 47 16 11 8 5 5 5 
249 249 249 249 249 249 249 249 249 249 249 249 249 249 249 249 249 249 249 249 249 249 249 249 249 249 249 249 249 249 249 249 249 249 249 249 249 249 249 249 249 248 248 248 248 248 248 248 249 249 249 249 249 249 249 249 249 247 241 213 130 46 18 11 7 5 5 5 
249 249 249 249 249 249 249 249 249 249 249 249 249 249 249 249 249 249 249 249 249 249 249 249 249 249 249 249 249 249 249 249 249 249 249 249 249 249 249 249 249 248 248 248 248 248 248 248 249 249 249 249 249 249 249 249 248 247 238 202 124 46 21 11 5 5 5 5 
249 249 249 249 249 249 249 249 249 249 249 249 249 249 249 249 249 249 249 249 249 249 249 249 249 249 249 249 249 249 249 249 249 249 249 249 249 249 249 249 249 248 248 248 248 248 248 248 249 249 249 249 249 249 249 249 248 247 236 195 118 46 23 12 5 5 5 5 
249 249 249 249 249 249 249 249 249 249 249 249 249 249 249 249 249 249 249 249 249 249 249 249 249 249 249 249 249 249 249 249 249 249 249 249 249 249 249 249 249 248 248 248 248 248 248 248 249 249 249 249 249 249 249 249 249 247 241 202 125 50 24 14 7 5 5 5 
249 249 249 249 249 249 249 249 249 249 249 249 249 249 249 249 249 249 249 249 249 249 249 249 249 249 249 249 249 249 249 249 249 249 249 249 249 249 249 249 249 248 248 248 248 248 248 248 249 249 249 249 249 249 249 250 250 248 242 210 134 51 25 15 7 4 5 5 
249 249 249 249 249 249 249 249 249 249 249 249 249 249 249 249 249 249 249 249 249 249 249 249 249 249 249 249 249 249 249 249 249 249 249 249 249 249 249 249 249 248 248 248 248 248 248 248 249 249 249 249 249 249 249 249 250 249 243 209 125 52 26 15 7 5 5 5 
249 249 249 249 249 249 249 249 249 249 249 249 249 249 249 249 249 249 249 249 249 249 249 249 249 249 249 249 249 249 249 249 249 249 249 249 249 249 249 249 249 248 248 248 248 248 248 248 249 249 249 249 249 249 250 251 251 250 244 205 120 50 26 17 12 9 6 5 
249 249 249 249 249 249 249 249 249 249 249 249 249 249 249 249 249 249 249 249 249 249 249 249 249 249 249 249 249 249 249 249 249 249 249 249 249 249 249 249 249 248 248 248 248 248 248 248 249 249 249 249 249 249 250 251 251 250 244 196 108 49 26 19 16 11 6 5 
249 249 249 249 249 249 249 249 249 249 249 249 249 249 249 249 249 249 249 249 249 249 249 249 249 249 249 249 249 249 249 249 249 249 249 249 249 249 249 249 249 248 248 248 248 248 248 248 249 249 249 249 249 249 250 251 251 251 245 189 100 46 28 24 19 12 9 6 
249 249 249 249 249 249 249 249 249 249 249 249 249 248 249 248 249 250 251 251 251 251 250 249 249 249 249 249 249 249 249 249 249 249 249 249 249 249 249 249 249 248 248 248 248 248 248 248 249 249 249 249 249 249 250 251 251 251 245 187 99 46 28 25 23 15 9 6 
249 249 249 249 249 249 249 249 249 249 249 249 249 248 248 248 249 248 248 248 248 248 248 248 249 249 249 249 249 249 249 249 249 249 249 249 249 249 249 249 249 248 248 248 248 248 248 248 249 249 249 249 249 249 250 251 251 251 244 189 100 46 28 25 22 16 11 6 
249 249 249 249 249 249 249 249 249 249 249 249 249 249 249 249 249 243 238 235 235 238 242 247 249 249 249 249 249 249 249 249 249 249 249 249 249 249 249 249 249 248 248 248 248 248 248 248 249 249 249 249 249 249 250 251 251 251 243 193 106 50 31 25 22 18 13 9 
249 249 249 249 249 249 249 249 249 249 249 249 249 249 249 249 249 244 238 234 235 238 243 247 249 249 249 249 249 249 249 249 249 249 249 249 249 249 249 249 249 248 248 248 248 248 248 248 249 249 249 249 249 249 250 251 251 251 242 196 110 51 33 24 21 17 12 8 
249 249 249 249 249 249 249 249 249 249 249 249 249 249 249 249 249 248 247 245 243 244 247 248 249 249 249 249 249 249 249 249 249 249 249 249 249 249 249 249 249 248 248 248 249 249 249 249 249 249 249 249 250 250 251 251 251 250 241 193 107 47 30 23 21 17 11 8 
248 248 249 249 249 249 249 249 248 248 248 248 248 248 248 248 248 249 248 249 249 249 249 249 248 249 249 249 249 249 249 249 249 249 249 249 249 249 249 249 248 248 248 249 249 249 249 249 249 249 249 250 250 250 250 251 251 250 240 186 100 46 25 21 19 17 12 9 
248 248 249 249 249 249 249 249 248 248 248 248 248 248 248 248 248 248 248 248 248 248 248 249 249 249 249 249 249 249 249 249 249 249 249 249 249 249 249 249 248 248 248 249 249 249 249 249 249 249 249 250 250 250 250 250 250 250 242 196 110 47 24 19 18 15 12 9 
248 248 249 249 249 249 249 249 248 248 248 248 248 248 248 248 248 248 248 248 248 248 248 249 249 249 249 249 249 249 249 249 249 249 249 249 249 249 249 249 248 248 248 249 249 249 249 249 249 249 249 250 250 250 250 250 250 250 244 203 116 49 21 17 19 16 11 8 
249 249 249 249 249 249 249 249 248 248 248 248 248 248 248 248 248 248 248 248 248 248 248 248 249 249 249 249 249 247 247 247 249 249 249 249 249 249 249 249 249 249 249 249 249 249 249 249 249 249 249 250 250 250 250 250 250 250 244 201 115 47 21 17 19 16 11 8 
249 249 249 249 248 248 248 248 248 248 248 248 248 248 248 248 248 248 248 248 248 248 248 249 249 249 250 244 241 237 234 240 244 248 249 249 249 249 249 249 249 249 249 249 249 249 249 249 249 249 249 250 250 250 250 250 250 248 242 195 109 45 22 17 19 16 12 8 
249 249 249 249 248 248 248 248 248 248 248 248 248 248 248 248 248 248 248 248 248 248 248 249 249 249 250 242 240 236 231 238 244 248 249 249 249 249 249 249 249 249 249 249 249 249 249 249 249 249 249 250 250 250 250 250 249 247 237 184 97 42 22 18 18 16 12 10 
249 249 249 249 248 248 248 248 248 248 248 248 248 248 248 248 248 248 248 248 248 248 248 248 249 249 249 249 247 245 244 245 248 249 249 249 249 249 249 249 249 249 249 249 249 249 249 249 249 249 248 249 250 250 250 251 248 245 233 175 92 39 22 18 18 16 12 11 
249 249 249 249 249 249 249 249 248 248 248 248 248 248 248 248 248 248 248 248 248 248 248 249 249 249 249 249 248 249 248 248 249 249 249 249 249 249 249 249 249 249 249 249 250 249 248 249 250 249 248 245 245 245 245 247 247 245 226 172 89 38 23 18 18 16 12 11 
248 248 249 249 249 249 249 249 248 248 248 248 248 248 248 248 248 248 248 248 248 248 248 248 249 249 249 248 248 248 249 249 249 249 248 249 249 249 249 249 249 249 248 248 243 241 243 248 249 248 245 242 238 238 240 242 247 244 224 172 89 38 23 18 18 16 12 11 
248 248 249 249 249 249 249 249 248 248 248 248 248 248 248 248 248 248 248 248 248 248 248 248 248 248 248 248 248 248 249 249 249 249 249 249 249 249 249 249 249 249 248 247 233 231 240 248 247 247 245 244 244 244 245 247 247 245 230 174 90 39 23 18 18 16 12 11 
248 248 249 249 249 249 249 249 248 248 248 248 248 248 248 248 248 248 248 248 248 248 248 248 248 248 248 249 249 249 249 249 249 249 249 249 249 249 249 249 249 249 249 247 237 236 243 249 250 249 250 251 251 251 251 251 250 249 234 174 89 39 23 18 18 16 12 11 
248 248 249 249 249 249 249 249 248 248 248 248 248 248 248 248 248 248 248 248 248 248 248 248 249 249 249 249 249 249 249 249 249 249 249 248 249 249 249 249 249 249 249 249 245 245 248 249 250 250 251 251 251 251 251 251 250 250 235 174 89 39 23 18 18 16 12 11 
247 247 248 248 248 248 248 248 248 248 248 248 248 248 248 248 248 248 248 248 248 248 248 249 249 249 250 249 249 249 249 249 249 249 248 248 248 248 248 249 249 249 249 249 249 250 249 249 249 249 249 250 250 250 251 251 250 250 235 174 89 39 23 18 17 15 12 11 
247 247 248 248 248 248 248 248 248 248 248 248 248 248 248 248 248 248 248 248 248 248 248 248 249 249 249 249 249 250 251 250 250 250 249 248 249 249 249 249 249 249 249 249 249 249 249 249 249 249 249 250 250 250 250 251 251 250 236 175 89 39 23 18 17 15 12 11 
248 248 249 248 248 248 248 248 248 248 248 248 248 248 248 248 248 248 248 248 248 248 248 248 249 249 249 249 249 248 247 247 248 249 249 249 250 250 249 250 248 248 248 248 248 248 250 250 248 247 248 249 249 249 249 251 250 250 237 177 90 37 22 18 17 15 12 11 
249 249 249 250 250 249 248 248 248 248 249 248 248 248 248 248 249 248 248 249 248 248 248 248 249 249 249 249 249 244 238 236 233 234 235 236 237 240 240 245 244 243 243 244 245 243 243 243 244 245 248 248 248 248 248 251 250 248 227 162 81 36 21 18 18 15 11 11 
250 250 250 248 243 243 245 248 248 248 249 249 248 248 249 249 249 249 249 249 249 248 248 248 248 248 248 249 248 245 241 233 223 220 217 219 221 227 231 237 243 242 241 242 243 241 236 237 242 244 247 247 247 247 248 251 250 244 227 164 82 32 19 18 17 14 11 11 
249 249 249 242 227 227 234 240 247 248 248 248 248 248 248 248 248 248 248 248 249 248 248 248 249 249 249 249 248 248 246 242 237 232 229 233 237 239 241 242 244 244 244 244 245 243 243 243 245 248 249 249 249 249 250 251 250 243 216 149 71 28 18 17 17 14 12 11 
249 249 248 240 226 223 228 234 241 244 247 247 248 248 248 248 248 247 248 248 249 249 249 249 249 249 249 248 248 250 249 245 242 240 242 244 246 246 247 248 248 248 248 248 248 248 247 247 248 250 251 251 250 250 251 251 249 240 202 136 65 25 17 17 16 14 13 12 
249 248 248 245 240 238 241 242 243 244 247 247 248 248 248 248 248 248 248 249 249 249 249 249 249 249 249 249 248 249 249 249 248 248 248 248 246 246 247 248 249 249 249 249 249 249 248 248 248 250 251 251 250 251 251 251 249 238 204 137 65 26 17 17 16 12 13 12 
250 249 249 250 249 249 249 250 249 249 248 248 248 248 248 248 248 248 249 249 249 249 249 249 249 249 249 249 249 249 249 249 250 250 249 249 248 247 248 249 249 249 249 249 249 248 248 248 248 249 250 251 250 251 251 251 250 241 213 144 67 29 18 18 16 12 13 12 
250 249 249 249 248 249 248 248 248 248 248 248 248 248 248 248 248 248 249 249 249 249 249 249 249 249 249 249 249 249 249 249 249 249 249 249 248 248 249 249 249 249 249 249 249 249 248 248 249 249 250 250 250 250 251 251 251 247 220 151 72 29 17 16 15 12 13 12 
250 249 249 249 248 248 248 248 249 249 249 249 249 249 249 249 249 249 249 249 249 249 249 249 249 249 249 249 249 249 249 249 249 249 249 249 249 248 248 249 249 249 249 249 249 249 249 249 249 249 250 250 250 251 251 251 251 251 230 156 72 25 15 15 14 12 10 11 
250 249 249 249 249 249 249 249 249 249 249 249 249 249 249 249 249 249 249 249 249 249 249 249 249 249 249 249 249 249 249 249 249 249 249 249 249 249 249 249 249 249 249 249 249 249 249 249 249 249 250 250 250 251 250 251 251 251 223 151 70 23 12 13 12 11 10 10 
249 249 249 249 249 249 249 249 249 249 249 249 249 249 249 249 249 249 249 249 249 249 249 249 249 249 249 249 249 249 248 248 249 249 249 249 249 249 249 249 249 249 249 249 249 249 249 249 249 250 250 250 250 251 251 251 251 245 212 142 65 19 11 11 10 11 10 10 
249 249 249 249 249 249 249 249 249 249 249 249 249 249 249 249 249 249 249 249 249 249 249 249 249 249 249 249 249 249 248 248 249 249 249 249 249 249 249 249 249 249 250 249 249 249 249 250 250 249 250 250 250 250 251 251 249 241 206 130 52 14 9 10 10 10 10 9 
249 249 249 249 249 249 249 249 249 249 249 249 249 249 249 249 249 249 249 249 249 249 249 249 249 249 249 249 248 249 249 250 250 249 249 249 249 249 249 249 249 249 250 249 249 249 249 249 249 248 248 249 249 250 250 249 247 236 196 121 46 11 8 10 10 10 10 10 
249 249 249 249 249 249 249 249 249 249 249 249 249 249 249 250 249 249 249 249 249 249 249 249 249 249 249 249 248 249 249 250 250 249 249 248 249 249 249 249 248 245 244 247 247 245 247 244 244 247 248 248 249 250 250 249 245 234 194 118 45 14 8 8 10 10 10 10 
249 249 249 249 249 249 249 249 249 249 249 249 248 247 247 248 247 247 247 248 249 249 249 249 249 249 250 249 249 249 249 249 249 248 244 244 244 244 244 244 243 241 240 238 238 240 238 237 241 244 247 247 247 247 248 249 247 235 193 116 45 15 8 7 8 10 10 9 
249 249 249 249 249 249 249 249 249 248 248 248 243 237 237 240 241 243 247 247 248 249 249 249 249 249 250 250 249 249 248 245 243 242 240 237 233 233 233 233 233 234 234 228 228 227 217 222 227 223 223 226 233 238 241 245 244 229 182 110 43 15 9 5 8 9 9 8 
248 248 249 248 248 247 247 247 247 247 247 245 234 222 214 215 219 226 235 238 242 245 247 248 249 249 248 249 249 247 244 239 234 235 235 229 221 223 222 222 223 226 228 222 224 215 194 184 178 167 156 164 187 209 222 224 227 208 158 94 38 13 9 7 7 7 7 5 
248 247 247 247 248 247 245 245 245 247 245 240 227 210 202 202 200 206 216 225 234 238 242 247 249 249 248 247 244 238 231 227 223 223 217 210 206 205 206 209 215 223 226 223 223 207 170 136 120 104 87 95 124 152 173 179 178 163 113 63 29 12 10 8 7 5 4 4 
245 244 242 242 241 242 243 244 244 246 243 237 226 216 214 213 206 206 215 228 237 240 244 247 248 248 248 245 240 235 228 223 223 217 206 198 194 192 193 199 209 221 224 221 219 201 164 131 115 99 84 87 101 120 135 145 141 118 78 39 21 12 11 9 7 5 4 4 
242 237 234 229 223 228 231 236 242 246 244 238 231 233 230 228 224 221 227 234 241 243 246 245 245 247 248 245 244 241 237 236 233 226 214 203 196 196 198 203 213 222 224 221 216 207 187 165 156 146 139 136 139 148 155 159 146 114 72 36 19 15 13 11 9 7 5 4 
236 231 227 219 210 214 216 219 229 235 236 236 237 241 240 237 232 227 226 231 237 237 239 241 241 245 248 249 249 245 245 245 244 240 232 222 215 215 216 221 228 231 232 232 229 226 216 204 200 198 195 192 193 195 195 186 160 120 73 36 19 17 15 12 11 9 8 6 
238 237 235 230 223 222 223 223 227 228 230 234 240 240 240 238 230 224 224 227 231 234 237 238 238 243 248 250 250 248 247 248 247 245 241 238 236 234 235 237 238 239 240 240 240 238 235 230 227 226 223 222 220 217 205 184 155 111 64 33 22 19 18 17 17 15 11 10 
246 246 247 246 243 242 242 242 241 238 240 242 244 242 243 241 234 231 234 237 237 240 240 240 238 240 242 243 245 247 247 248 249 248 247 247 247 245 247 248 247 248 249 249 248 248 247 244 241 240 238 237 228 214 195 163 127 88 47 31 26 23 23 22 21 19 17 16 
249 249 248 248 247 247 247 246 246 246 246 246 247 247 248 248 246 244 244 246 244 243 243 240 235 233 230 233 238 243 245 247 248 247 247 247 245 245 247 247 247 248 250 250 249 249 248 248 248 246 245 243 233 210 184 144 97 61 38 33 30 28 28 25 25 23 22 22 
247 247 248 249 249 248 248 248 248 249 249 249 250 251 250 250 250 250 250 248 249 248 245 240 235 228 221 223 233 236 241 244 245 244 244 243 243 242 241 242 242 243 247 247 248 248 249 250 250 249 248 247 240 217 181 130 79 52 40 39 33 32 31 30 29 25 25 24 
247 245 247 247 247 247 247 249 249 250 250 250 250 251 251 250 249 249 249 249 249 248 247 245 242 235 226 226 233 236 242 245 244 243 241 237 234 234 235 236 238 241 243 245 247 247 248 247 247 247 247 247 240 216 173 116 72 52 43 40 36 33 32 31 30 29 28 26 
247 247 247 247 247 247 247 248 248 248 248 248 248 249 249 250 249 249 249 249 249 248 248 249 247 244 241 239 241 245 248 248 245 243 242 236 234 236 236 241 245 245 247 249 249 250 250 250 248 247 247 233 213 181 139 96 65 49 40 38 36 36 33 33 32 30 30 30 
248 248 248 248 248 248 248 248 249 248 248 248 248 248 248 249 248 248 248 249 249 249 248 248 247 247 247 246 247 248 248 248 245 244 241 240 242 242 243 247 248 248 249 249 250 250 251 250 249 245 229 201 166 127 95 70 51 44 42 39 38 38 36 36 35 33 33 33 
246 245 246 247 248 248 248 248 249 249 248 248 248 249 248 248 249 248 248 249 249 249 248 247 247 247 247 247 247 247 247 247 245 244 242 242 244 245 247 248 250 250 249 250 250 251 251 249 245 228 200 164 123 86 63 50 45 44 44 43 39 39 38 37 36 36 35 35 
227 226 228 232 240 243 247 248 250 249 248 248 249 249 250 250 250 247 243 242 243 244 245 247 247 245 245 245 245 245 245 244 244 244 242 242 244 247 248 248 249 250 249 250 250 251 250 247 230 199 159 123 90 64 50 45 45 44 44 43 42 42 39 37 36 33 31 31 
206 207 212 222 234 238 243 247 247 247 247 247 247 247 248 248 245 243 243 242 244 246 245 247 247 245 245 244 244 244 244 244 243 243 242 242 244 247 248 248 248 248 249 249 249 249 246 233 207 169 127 93 68 53 49 46 44 44 43 43 43 43 42 38 35 30 28 30 
222 222 228 234 236 238 240 241 242 241 240 240 240 240 241 242 243 244 246 246 248 248 247 247 248 245 244 244 243 243 243 243 242 242 242 242 243 244 245 245 245 247 247 247 248 245 235 216 186 145 107 74 56 51 49 46 45 45 45 44 44 44 43 40 36 31 29 28 
244 244 245 245 242 241 241 241 242 241 239 238 238 238 240 242 244 247 247 247 248 247 248 248 248 245 244 243 243 243 241 241 241 241 242 242 241 242 242 241 242 242 241 242 243 235 217 198 167 125 86 60 53 51 49 49 46 46 45 44 45 45 45 44 38 33 30 30 
247 247 247 247 247 247 245 245 246 246 245 244 245 245 247 247 245 248 247 247 248 247 248 248 248 245 244 244 245 243 241 241 240 240 238 238 238 237 237 237 237 236 234 233 229 215 196 173 143 104 72 54 52 52 51 51 49 47 46 46 45 45 45 45 42 38 38 38 
247 247 248 247 249 249 248 248 249 249 249 249 249 249 249 249 247 248 248 248 248 249 249 249 248 247 247 247 247 247 245 244 243 243 241 241 238 237 237 237 237 236 235 226 212 198 175 151 118 84 61 53 54 54 52 52 51 49 50 50 48 48 47 47 47 47 48 48 
247 247 247 247 248 248 249 249 248 248 248 248 248 249 249 248 249 248 249 249 249 249 249 249 248 249 249 249 247 248 247 247 247 247 246 247 244 244 244 244 243 242 238 222 203 187 162 135 101 71 58 56 57 57 56 53 53 53 54 54 54 53 54 53 52 51 51 51 
248 248 248 248 248 248 248 248 248 248 248 248 248 248 248 249 249 248 249 249 249 249 249 249 248 249 249 249 249 249 248 249 249 249 249 250 249 249 249 250 248 244 240 227 208 187 157 124 92 70 64 59 58 58 58 57 57 57 57 57 56 57 56 56 56 56 54 54 
248 248 248 248 248 248 248 248 248 248 248 248 248 248 248 248 248 249 249 249 249 249 249 249 248 249 249 249 249 249 249 249 249 249 249 249 249 249 249 250 249 247 241 228 209 187 151 115 87 72 64 60 59 59 59 59 59 60 59 59 58 58 57 56 56 56 54 53 
248 248 248 248 248 248 248 248 248 248 248 248 248 248 248 248 249 249 249 249 249 249 249 249 248 249 249 249 249 249 249 249 248 248 249 249 249 250 250 250 250 247 240 226 207 181 143 106 82 66 59 59 60 60 59 59 59 59 59 59 58 58 57 57 55 54 55 48 
248 248 248 248 248 248 248 248 248 248 248 248 248 248 248 248 249 249 249 249 249 249 249 249 248 249 249 249 248 248 249 249 249 249 249 249 249 249 249 249 247 242 236 221 198 165 124 90 73 63 57 57 58 58 57 57 57 57 57 55 55 54 54 54 53 53 51 46 
248 248 248 248 248 248 248 248 248 248 248 248 248 248 248 248 249 249 249 248 248 249 249 249 248 247 248 248 247 248 248 250 249 249 250 249 250 249 249 249 244 238 231 213 187 150 107 80 67 59 54 54 54 54 54 54 54 53 53 53 53 51 51 51 51 50 49 47 
248 248 248 248 248 248 248 248 248 248 248 248 248 248 248 248 249 249 249 248 248 249 249 249 248 245 247 247 247 249 250 250 250 250 250 250 250 249 249 249 243 237 229 208 176 138 102 78 66 58 52 52 52 52 52 52 52 51 51 51 51 51 51 51 51 51 52 51 
248 248 248 248 248 248 248 248 248 248 248 248 248 248 248 248 248 248 248 248 248 248 248 248 248 248 249 249 249 249 250 250 250 250 250 250 250 250 249 250 242 234 222 198 164 127 97 78 66 58 53 53 53 53 53 53 53 53 53 53 52 53 53 53 53 56 56 56 
248 248 248 248 248 248 248 248 248 248 248 248 248 248 248 248 248 248 248 248 248 248 248 248 248 250 250 250 249 249 250 250 250 250 250 250 250 250 250 251 243 229 210 185 151 116 93 77 66 61 59 59 59 59 59 59 59 60 59 58 58 57 58 58 59 59 59 60 
248 248 248 248 248 248 248 248 248 248 248 248 248 248 248 248 248 248 248 248 248 248 248 248 248 250 250 250 249 250 250 250 250 250 250 250 250 250 249 249 240 222 194 167 134 102 85 74 68 67 65 64 64 64 64 64 65 65 64 64 64 64 64 64 65 65 66 65 
248 248 248 248 248 248 248 248 248 248 248 248 248 248 248 248 248 248 248 248 248 248 248 248 248 250 250 250 250 250 250 250 250 250 250 251 251 249 244 235 221 200 171 139 109 88 77 71 69 67 68 68 71 71 71 71 68 70 70 68 68 68 68 68 69 71 71 71 
248 248 248 248 248 248 248 248 248 248 248 248 248 248 248 248 248 248 248 248 248 248 248 248 248 250 250 250 250 250 250 250 250 250 250 250 249 243 228 215 196 168 137 108 87 75 69 68 70 71 74 74 77 77 77 77 75 75 74 73 72 73 72 74 75 76 75 78 
248 248 248 248 248 248 248 248 248 248 248 248 248 248 248 248 248 248 248 248 248 248 248 248 248 250 250 250 250 250 250 250 250 250 250 248 243 236 220 207 180 144 114 92 77 71 68 71 73 75 78 79 79 80 80 80 80 80 80 79 79 80 79 80 81 81 81 82 
248 248 248 248 248 248 248 248 248 248 248 248 248 248 248 248 248 248 248 248 248 248 248 248 248 250 250 250 250 250 250 250 250 250 250 248 242 232 215 201 170 134 107 88 78 75 75 77 77 79 81 82 82 84 84 84 84 85 85 85 85 84 84 85 86 85 85 82 
249 249 249 249 249 249 249 249 249 249 249 249 249 249 249 249 249 249 249 249 249 249 249 249 249 249 249 249 249 249 249 249 249 249 248 248 242 227 209 189 157 129 103 87 81 80 80 80 80 81 82 84 84 84 84 84 85 85 86 86 86 85 85 85 85 85 84 80 
249 249 249 249 249 249 249 249 249 249 249 249 249 249 249 249 249 249 249 249 249 249 249 249 249 249 249 249 249 249 249 249 249 249 247 242 233 215 195 171 143 120 97 86 82 82 84 84 81 82 84 84 84 84 84 85 85 85 86 86 86 84 84 84 84 82 81 78 
249 249 249 249 249 249 249 249 249 249 249 249 249 249 249 249 249 249 249 249 249 249 249 249 249 249 249 249 249 249 249 249 249 249 244 237 226 208 186 159 132 111 93 85 85 85 85 84 84 84 84 84 84 84 85 86 86 86 85 85 85 84 82 81 81 80 79 74 
249 249 249 249 249 249 249 249 249 249 249 249 249 249 249 249 249 249 249 249 249 249 249 249 249 249 250 249 249 249 249 249 249 247 238 231 219 199 175 148 122 103 91 87 87 87 85 85 85 84 81 84 84 84 85 86 86 86 85 85 85 84 84 81 80 79 76 75 
249 249 249 249 249 249 249 249 249 249 249 249 249 249 249 249 249 249 249 249 249 249 249 250 250 250 250 250 249 249 249 249 249 244 234 226 209 187 163 135 113 97 90 87 86 86 85 85 85 84 82 81 81 81 80 80 82 82 84 84 84 84 84 82 80 79 79 78 
249 249 249 249 249 249 249 249 249 249 249 249 249 249 249 249 249 249 249 249 249 249 249 250 250 250 250 250 249 249 249 249 247 240 227 216 199 175 148 122 104 93 88 87 87 87 85 85 84 81 79 78 77 77 75 75 78 79 80 81 82 84 84 82 80 80 82 80 
249 249 249 249 249 249 249 249 249 249 249 249 249 249 249 249 249 249 249 249 249 249 249 250 250 250 250 250 250 249 249 249 244 234 220 206 186 160 133 110 96 89 86 86 86 86 82 80 79 77 77 74 71 71 71 72 73 74 75 80 82 82 81 81 81 81 82 83 
249 249 249 249 249 249 249 249 249 249 249 249 249 249 249 249 249 249 249 249 249 249 249 250 250 250 250 250 250 249 248 248 240 228 212 194 172 145 121 102 93 88 86 84 80 79 77 75 75 75 75 71 65 66 66 66 67 68 72 79 81 80 80 81 81 81 82 81 
249 249 249 249 249 249 249 249 249 249 249 249 249 249 249 249 249 249 249 249 249 249 250 250 251 251 251 250 250 249 245 241 231 221 205 187 164 134 109 90 85 83 81 79 77 75 74 73 73 74 74 71 67 68 70 71 72 73 77 81 81 81 81 81 82 81 81 79 
249 249 249 249 249 249 249 249 249 249 249 249 249 249 249 249 249 249 249 249 249 249 250 250 251 251 251 251 250 247 240 231 222 209 194 176 150 117 96 81 74 74 72 71 71 71 71 71 72 71 71 71 70 71 73 78 81 81 84 84 84 84 84 82 82 84 82 81 
249 249 249 249 249 249 249 249 249 249 249 249 249 249 249 249 249 249 249 249 249 249 249 250 249 249 248 250 248 242 233 221 207 189 171 149 124 100 86 74 66 66 65 65 65 66 66 66 68 68 70 70 71 73 75 78 81 82 84 84 84 85 84 82 82 85 85 86 
249 249 249 249 249 249 249 249 249 249 249 249 249 249 249 249 249 249 249 249 249 249 249 250 250 248 245 243 236 230 220 206 188 166 144 124 106 89 78 70 65 64 64 62 61 63 64 66 71 72 72 72 73 74 77 78 79 81 81 82 82 82 84 82 82 82 84 85 
249 249 249 249 249 249 249 249 249 249 249 249 249 249 249 249 249 249 249 249 249 250 250 250 249 245 241 232 224 216 203 187 165 141 121 107 95 85 78 72 71 69 69 68 67 66 67 73 77 78 78 78 80 80 79 78 78 79 80 81 81 81 82 81 81 81 80 80 
249 249 249 249 249 249 249 249 249 249 249 249 249 249 249 249 249 249 249 249 250 250 250 249 245 241 233 224 213 203 189 170 146 123 106 96 90 87 81 79 78 78 78 79 79 79 81 84 84 85 84 86 88 86 81 79 79 79 80 80 80 80 79 79 79 79 78 79 
249 249 249 249 249 249 249 249 249 249 249 249 249 249 249 249 249 249 249 249 249 249 249 247 242 236 228 219 206 194 179 158 137 117 106 96 90 89 86 86 86 87 87 88 88 88 88 88 88 88 90 90 89 87 84 81 79 77 78 77 75 77 77 77 77 77 78 79 
249 249 249 249 249 249 249 249 249 249 249 249 249 249 249 249 249 249 249 249 248 247 247 244 237 231 222 214 200 186 172 154 136 122 113 96 88 90 90 90 90 92 90 92 92 92 89 89 88 89 92 92 92 89 86 84 80 79 77 74 72 72 74 74 74 77 79 78 
249 249 249 249 249 249 249 249 249 249 249 249 249 249 249 249 249 248 249 250 248 244 243 241 236 229 220 209 195 182 170 153 134 118 107 94 90 90 90 91 90 89 90 92 92 90 89 88 89 89 89 89 89 88 85 81 77 74 70 67 65 64 66 67 68 72 75 75 
249 249 249 249 249 249 249 249 249 249 249 249 249 249 249 249 249 249 250 249 247 243 239 239 234 228 219 209 198 185 171 152 130 111 101 94 90 90 89 89 89 90 90 90 90 88 87 87 88 87 87 87 86 83 81 78 73 68 65 61 59 59 60 64 67 72 76 75 
249 249 249 249 249 249 249 249 249 249 249 249 249 249 250 250 250 249 250 249 248 243 242 239 231 226 216 205 193 177 159 141 122 106 96 93 90 90 89 89 89 90 90 88 84 82 82 82 82 82 82 82 81 79 76 74 71 67 62 59 58 58 59 71 75 78 82 83 
249 249 249 249 249 249 249 249 249 249 249 249 249 250 251 251 251 250 249 249 247 244 241 237 234 228 215 203 189 170 149 129 113 100 95 94 93 90 90 90 89 90 90 84 78 79 79 79 79 79 79 79 79 78 76 75 73 69 67 64 62 61 64 80 83 85 90 91 
249 249 249 249 249 249 249 249 249 249 249 249 250 250 251 251 251 250 248 247 245 243 238 234 231 223 212 198 179 159 140 121 107 97 94 93 92 90 90 90 89 89 88 82 75 77 77 78 78 78 79 79 78 78 79 78 76 76 74 73 71 72 74 86 89 90 94 94 
249 249 249 249 249 249 249 249 249 249 249 249 251 251 250 250 249 247 244 242 241 237 231 226 221 214 202 182 162 144 128 112 103 97 89 88 88 88 87 87 86 86 85 81 75 74 74 75 77 77 78 78 78 79 81 82 83 83 82 82 82 85 85 88 90 93 94 94 
249 249 249 249 249 249 249 249 249 249 249 250 251 250 248 248 247 244 240 236 233 227 220 212 207 196 185 169 148 127 110 101 94 87 81 80 80 80 79 79 78 76 76 75 73 72 72 73 73 73 75 75 76 79 80 81 83 83 83 85 85 85 86 85 86 88 89 89 
249 249 249 249 249 249 249 249 249 249 249 250 250 249 247 244 242 241 235 227 220 214 206 196 188 178 167 151 127 107 94 88 84 77 72 71 71 70 70 70 68 67 68 68 68 68 70 70 72 72 73 73 73 75 77 77 78 79 79 79 80 79 78 76 78 80 83 83 
249 249 249 249 249 249 249 249 249 249 248 247 245 243 240 237 235 231 223 216 208 199 187 178 172 160 147 128 106 92 85 82 77 70 64 63 63 63 63 63 61 63 64 64 65 66 64 66 68 68 69 69 68 70 70 71 73 72 72 72 73 73 72 71 72 73 75 75 
249 249 249 249 249 250 249 248 248 247 244 238 237 231 229 228 227 217 206 200 192 177 164 157 155 141 122 106 92 81 74 72 68 59 55 54 54 54 54 57 58 61 62 62 60 61 62 62 64 64 64 64 63 63 63 65 66 66 66 66 67 66 67 67 66 66 65 65 
249 249 249 249 249 248 247 244 243 241 238 233 228 223 221 219 215 206 193 185 173 159 146 137 135 122 108 89 77 71 63 58 53 50 48 46 45 45 47 49 50 54 59 58 55 55 57 58 59 59 58 59 58 59 59 59 60 60 60 60 60 60 60 60 60 60 60 59 
249 249 249 249 248 247 243 241 241 237 233 228 223 218 214 209 202 192 182 171 159 148 137 128 120 107 94 80 70 61 54 52 51 49 45 43 44 44 44 44 45 47 51 50 50 51 51 53 53 53 53 53 53 54 54 54 54 53 54 54 54 54 54 54 54 54 54 56 
249 249 250 250 248 245 242 238 239 237 233 229 227 222 216 212 205 193 182 170 157 150 139 128 117 103 87 77 68 63 57 54 54 54 51 50 50 50 49 49 51 51 51 51 52 52 52 53 53 54 53 53 53 54 56 54 53 52 52 52 52 52 52 52 52 52 52 53 
249 249 249 249 249 249 247 243 244 241 238 236 233 229 223 219 210 200 191 173 163 157 145 131 117 101 84 75 69 67 63 60 59 59 59 59 59 59 58 58 60 58 58 58 58 58 59 58 58 58 58 59 58 59 59 58 57 57 56 54 54 53 53 53 52 52 52 52 
249 249 249 249 249 249 248 248 248 248 244 242 238 234 229 226 219 209 199 182 172 164 150 132 118 102 82 74 74 73 67 65 64 64 64 65 65 64 64 64 64 64 64 63 62 64 64 64 64 64 64 65 63 65 66 65 63 60 59 57 56 54 53 53 53 52 52 52 
249 249 250 250 249 249 249 251 250 250 247 243 243 237 231 228 223 213 202 193 183 170 151 131 118 102 85 73 72 75 71 71 71 71 71 71 71 71 70 70 71 71 71 68 69 71 71 69 71 69 68 68 68 71 71 70 69 67 63 65 63 58 57 55 53 51 52 53 
249 250 251 250 249 249 249 249 250 246 242 241 241 236 231 226 220 210 202 194 183 168 151 132 117 104 87 78 78 81 79 80 80 79 79 79 79 79 78 78 77 77 77 78 78 78 76 76 78 75 73 73 73 73 74 74 74 74 71 73 71 67 65 64 60 57 60 60 
249 249 250 251 249 249 248 245 244 240 235 237 240 234 230 223 217 209 202 193 180 169 155 136 121 108 92 87 88 85 85 85 86 85 85 83 83 85 85 82 80 81 80 81 81 81 81 81 80 79 75 75 75 77 77 77 75 75 78 80 79 74 72 68 66 68 66 65 
249 249 249 247 245 243 241 238 238 234 230 233 235 229 223 221 214 205 198 188 174 162 148 131 117 107 90 85 85 84 82 82 84 84 82 82 82 82 82 82 85 85 84 84 84 84 85 85 82 79 77 75 77 77 77 77 77 77 80 82 83 80 78 78 75 77 75 73 
249 249 247 244 241 237 235 231 231 231 229 230 231 224 217 214 209 200 192 182 170 156 142 128 114 103 88 82 81 81 81 81 82 82 82 81 81 81 82 82 82 83 82 82 81 82 82 81 80 77 74 73 72 72 72 72 74 77 78 77 78 80 81 81 80 80 80 81 
249 249 248 244 240 236 234 233 233 233 231 231 230 224 220 214 207 198 188 178 165 150 136 124 113 100 87 82 82 82 82 82 81 81 81 79 80 80 80 80 80 81 80 79 79 79 79 78 75 74 71 70 68 68 68 68 71 73 77 77 77 79 82 82 84 84 85 90 
249 248 248 247 242 238 236 237 237 237 237 234 231 229 227 220 209 199 186 174 162 146 130 118 108 95 87 83 82 82 82 82 82 82 82 81 80 80 80 80 79 80 79 79 78 78 78 78 77 74 72 71 70 71 71 70 71 74 79 80 82 84 84 86 87 87 91 102 
249 248 249 248 245 244 242 241 241 241 240 235 230 226 222 215 205 194 182 169 153 138 124 114 101 89 86 83 82 82 82 82 82 82 85 85 82 81 80 80 79 80 79 80 80 81 81 80 79 79 78 77 74 74 75 75 77 80 82 84 85 87 88 87 89 93 98 110 
249 249 249 249 248 248 247 247 248 245 241 237 233 224 217 209 199 188 177 163 146 134 121 108 95 86 85 85 84 84 82 82 82 84 87 87 86 85 82 81 82 82 81 84 85 85 86 88 87 84 81 82 82 82 84 85 86 86 87 88 87 89 89 90 94 101 109 123 
249 249 250 249 248 247 245 245 245 243 237 234 228 219 212 205 195 182 170 155 138 125 111 100 93 86 85 85 84 84 82 84 84 86 88 88 88 87 86 83 85 85 85 87 87 87 88 90 92 87 86 88 88 88 89 90 90 90 90 92 93 93 93 96 103 110 119 135 
249 249 251 250 245 243 242 240 240 235 230 226 218 210 202 195 184 170 156 138 124 111 100 91 87 85 82 81 80 80 82 82 84 86 88 88 88 88 87 87 87 89 89 89 89 89 90 90 90 90 92 92 90 90 90 90 90 92 93 93 94 96 99 103 114 122 131 143 
249 248 249 248 242 238 234 230 229 224 219 214 207 200 189 180 170 155 138 123 111 100 91 86 80 79 78 76 75 75 77 80 85 86 89 89 89 90 89 89 92 92 92 92 92 92 92 92 92 92 92 90 90 90 90 90 90 92 93 93 94 96 101 107 117 127 137 149 
248 248 247 244 237 230 226 220 219 212 205 200 195 184 172 164 153 137 125 111 100 91 86 81 78 77 75 74 73 73 72 77 86 86 88 90 90 90 89 92 92 92 92 92 92 92 92 92 90 90 90 90 92 92 92 92 92 93 94 95 96 100 105 110 117 127 135 146 
243 242 237 232 224 217 213 207 206 201 194 188 180 171 160 151 139 125 115 102 91 88 85 80 79 79 77 75 74 74 77 80 86 88 88 89 91 91 90 90 90 92 92 90 92 92 92 92 92 90 90 92 92 89 89 89 88 88 89 90 93 99 107 109 114 122 130 139 
223 220 214 206 201 194 189 186 186 181 175 167 157 154 145 134 125 114 104 97 89 87 84 81 82 81 79 77 74 77 81 84 85 87 90 90 90 90 89 89 89 89 92 93 93 93 93 92 92 89 89 90 88 82 81 82 81 80 79 81 86 94 100 104 107 110 121 129 
185 181 177 167 164 159 156 155 153 149 145 140 131 127 120 113 107 99 93 90 88 84 81 80 81 81 79 78 78 80 82 82 82 85 88 88 88 88 87 87 86 87 87 87 86 87 87 87 87 85 85 85 82 80 78 77 75 74 73 75 80 86 90 97 101 102 109 116 
140 136 131 127 123 121 118 117 117 115 111 107 106 106 101 97 94 89 88 87 87 84 82 81 81 81 80 80 80 81 82 82 82 84 85 85 87 87 87 87 85 86 86 84 82 82 82 82 82 80 80 81 79 78 75 72 70 70 70 72 74 75 78 85 93 96 97 100 
