63 63 59 56 60 57 63 61 60 49 43 35 29 25 24 21 19 19 18 18 19 22 23 23 24 24 23 22 22 22 22 22 22 19 19 18 18 18 18 18 19 21 22 22 22 24 25 28 28 28 28 28 26 28 30 31 32 31 30 29 28 24 22 22 21 21 21 22 22 22 23 22 21 21 19 18 18 18 18 17 12 11 10 9 10 
65 65 63 59 61 61 65 64 61 52 43 33 28 25 24 22 19 19 19 18 18 22 23 23 24 24 24 23 22 22 22 22 20 19 18 18 18 19 18 18 19 21 23 24 26 29 29 32 33 35 33 33 35 36 37 37 38 39 38 36 33 28 23 21 21 21 21 22 23 23 23 23 22 21 19 19 18 17 17 17 12 11 11 8 10 
59 59 57 52 54 60 57 54 49 44 36 32 29 27 25 22 21 19 19 18 18 19 21 22 23 23 23 22 21 22 22 22 20 20 20 19 19 19 18 17 17 19 25 30 33 32 36 36 36 37 37 38 39 39 39 38 39 43 43 39 35 28 23 21 19 20 22 22 23 22 23 22 22 21 19 18 18 18 17 16 12 10 10 10 11 
47 47 45 43 47 51 48 46 43 40 36 30 28 27 25 22 21 19 19 18 18 19 21 22 23 23 23 22 21 22 22 22 20 20 20 19 19 19 17 16 17 21 26 32 38 40 43 42 40 40 42 43 43 42 39 38 39 44 44 40 35 30 25 22 21 20 23 23 23 23 23 23 22 21 19 19 18 18 18 17 12 10 10 9 10 
36 36 34 36 38 38 38 38 38 37 33 31 28 26 25 23 21 21 19 18 18 18 19 22 24 24 24 23 21 21 21 22 20 20 20 19 18 17 16 16 18 22 28 33 39 42 43 44 44 45 45 45 45 42 39 37 38 43 43 39 36 32 26 23 22 20 23 23 23 22 23 23 22 21 21 19 19 19 19 17 12 10 10 9 10 
30 30 30 32 31 29 32 34 36 35 32 31 28 26 25 23 21 21 19 18 18 17 18 21 23 24 24 23 21 21 21 20 20 20 20 19 18 16 15 16 18 24 30 36 42 43 44 44 44 45 44 44 44 40 38 36 38 40 42 39 35 32 28 24 22 20 23 23 23 23 23 23 22 21 21 21 21 19 19 16 12 10 10 9 10 
28 29 29 31 30 30 33 34 36 34 34 31 28 26 25 23 21 21 19 18 18 17 18 21 23 23 23 23 21 21 21 20 20 20 19 19 19 17 16 17 19 24 31 38 40 44 45 44 43 45 43 43 44 42 38 36 38 39 40 38 35 35 28 23 21 19 22 22 22 23 23 23 22 21 21 21 21 19 19 16 12 10 10 9 10 
29 28 29 31 31 32 33 34 36 36 36 32 28 28 24 23 22 21 19 18 18 17 18 21 23 23 23 22 21 21 21 20 19 19 19 19 19 16 16 18 19 25 32 38 42 44 45 44 42 45 43 43 44 43 40 37 38 40 42 40 37 35 28 22 21 19 22 22 23 23 23 23 22 21 21 21 21 19 18 16 10 9 9 9 10 
29 29 30 31 32 32 32 33 34 36 36 32 28 28 24 23 22 21 19 18 18 17 18 21 23 24 24 23 22 21 21 20 19 19 19 19 19 18 18 19 20 25 32 37 42 43 44 45 43 44 44 43 43 43 42 39 40 44 45 44 42 36 28 22 21 19 23 23 23 23 23 23 22 22 21 21 21 21 17 15 11 9 10 9 10 
29 29 30 31 32 33 33 34 36 36 34 32 26 28 24 23 22 21 19 18 18 17 18 22 24 25 25 23 22 21 21 20 19 19 19 19 19 18 18 19 20 25 31 36 40 43 43 44 44 44 44 43 45 44 43 42 45 49 49 49 47 37 29 23 21 19 22 22 23 23 23 23 22 22 21 21 21 21 18 15 10 8 9 10 11 
28 29 29 31 31 32 32 34 36 33 33 31 26 26 24 22 21 21 19 18 17 17 18 22 24 25 25 24 23 22 22 19 18 18 18 18 18 18 18 20 20 26 31 36 40 42 43 43 43 44 43 44 45 44 44 45 47 52 52 51 49 38 30 23 21 19 23 23 23 22 22 22 22 22 21 21 21 20 19 15 10 8 9 8 9 
29 30 29 31 31 32 32 34 36 35 33 31 28 26 23 21 21 19 18 18 17 17 18 22 24 25 25 24 23 22 22 21 18 18 18 18 18 17 18 20 20 26 31 36 40 42 42 43 43 44 43 44 46 45 45 47 50 52 54 53 50 39 31 24 21 19 22 22 22 22 22 22 22 22 21 21 21 20 19 13 9 7 8 8 8 
29 30 31 31 32 32 32 34 36 35 33 30 28 26 23 21 19 21 18 18 17 17 18 22 24 25 25 24 23 22 22 21 18 18 18 17 17 16 17 19 19 25 30 37 41 43 43 43 44 44 44 44 46 46 46 49 51 54 56 57 53 40 32 25 21 19 22 22 22 22 22 22 22 22 21 21 21 20 19 13 8 8 8 8 8 
30 30 31 31 32 32 32 34 36 35 33 31 28 26 23 21 19 21 18 18 17 17 18 22 24 25 25 24 23 22 22 21 18 18 18 17 17 16 17 19 19 25 30 37 41 43 43 42 44 44 44 45 47 46 47 49 52 56 57 57 53 42 32 24 22 21 23 23 22 23 23 22 22 22 21 21 21 22 19 13 8 8 9 9 10 
30 31 31 31 32 32 32 34 36 35 33 31 28 26 23 21 21 21 18 18 17 17 18 22 24 25 25 24 23 22 22 21 18 18 18 17 17 16 17 19 19 25 30 37 41 43 41 42 43 46 46 45 49 46 47 52 53 57 58 58 53 43 33 25 22 21 22 22 22 22 22 22 22 22 21 21 21 20 20 13 8 9 10 10 10 
30 31 32 31 33 33 32 34 36 35 35 31 28 26 23 21 21 21 18 18 17 17 18 22 24 25 25 24 23 22 22 21 18 18 18 17 17 16 17 19 19 25 30 37 41 43 41 43 44 46 46 46 49 47 49 53 56 57 59 58 53 43 33 25 22 21 23 22 22 23 23 22 22 22 21 21 21 20 20 13 9 9 10 11 10 
31 32 33 34 34 34 34 36 37 36 35 31 28 25 22 21 19 19 18 17 17 18 19 23 25 25 25 24 23 22 22 22 19 19 19 17 17 17 18 19 19 25 30 36 40 43 41 43 45 46 46 46 49 49 50 54 57 59 60 59 54 43 33 25 22 19 22 21 21 22 22 22 22 22 21 21 21 19 18 12 8 9 10 10 10 
31 32 33 34 34 34 34 36 37 36 33 31 28 24 22 21 19 19 18 17 17 18 19 23 25 25 25 24 23 23 22 22 19 19 19 17 17 17 18 19 19 25 30 36 40 41 41 43 45 46 47 46 49 49 51 56 59 61 61 60 54 43 34 25 22 19 22 21 21 22 22 22 22 22 21 21 21 19 17 12 8 9 11 10 10 
29 32 34 35 35 33 32 33 35 35 33 32 27 24 22 19 18 18 17 16 16 17 19 24 26 25 25 24 23 23 22 22 19 19 19 17 17 17 18 19 19 25 30 35 39 41 41 43 45 47 47 48 51 51 53 57 60 61 61 60 54 44 34 24 22 18 21 21 21 21 21 21 22 22 22 21 21 19 17 12 8 9 11 10 10 
29 32 34 35 35 33 33 35 36 36 33 32 29 23 21 21 18 18 18 16 16 18 19 24 25 25 25 24 23 22 22 22 19 19 19 17 17 17 18 19 19 25 30 35 39 41 41 41 45 47 47 50 51 52 53 57 60 61 61 60 56 44 36 26 22 19 21 19 19 21 21 21 21 22 21 21 21 19 17 12 8 9 11 10 9 
29 32 34 35 35 35 33 35 36 36 33 32 29 23 21 21 18 18 18 16 16 18 20 24 25 25 24 24 24 23 23 21 18 18 18 18 18 16 17 20 20 26 31 36 40 41 41 41 44 47 47 50 51 52 54 58 60 63 63 61 57 44 36 28 23 19 19 19 19 21 21 21 21 22 21 21 21 19 17 12 9 8 10 10 9 
29 32 34 36 35 35 33 35 36 36 33 32 29 23 21 21 18 18 18 16 16 18 20 24 25 25 24 24 24 23 23 21 18 18 18 18 18 16 17 20 20 26 31 35 39 41 41 41 44 47 47 48 51 52 54 58 61 64 64 63 58 44 36 28 23 19 19 19 21 19 21 21 21 22 21 19 19 19 16 13 9 8 10 9 9 
29 32 34 36 35 35 33 35 36 36 33 32 29 23 21 21 18 18 18 16 16 18 20 24 25 25 24 24 24 23 23 21 18 18 18 18 18 16 17 20 20 26 31 35 39 40 40 40 44 47 47 48 50 52 54 57 60 64 64 64 58 46 38 30 23 19 19 19 21 21 19 19 22 23 22 21 21 19 17 13 10 10 10 9 8 
29 32 34 36 35 35 33 35 36 36 33 32 29 23 21 21 18 18 18 16 16 18 20 24 25 25 24 24 24 23 22 19 18 18 18 18 18 16 17 20 20 26 31 35 39 40 40 40 43 46 46 48 50 50 53 55 59 63 63 63 58 46 38 30 25 22 19 19 21 21 21 22 22 23 22 21 21 19 17 12 9 10 10 9 8 
29 31 33 35 35 35 33 35 36 36 33 32 29 23 21 21 18 18 18 16 16 18 20 24 25 25 24 24 24 23 21 18 17 17 17 16 16 15 16 18 18 25 30 33 39 39 40 40 43 46 46 47 50 50 51 54 58 61 63 63 58 47 39 32 26 22 21 21 21 21 21 22 22 22 22 19 19 18 17 13 10 10 9 9 9 
28 31 33 35 35 33 33 35 36 36 33 33 29 23 21 21 18 18 18 16 17 18 20 24 25 25 24 23 23 22 19 18 17 17 17 16 17 16 16 18 18 25 30 33 37 39 39 39 43 45 46 47 48 48 48 52 55 60 61 61 57 47 42 33 26 22 21 21 22 21 21 22 22 23 23 21 21 18 16 15 12 10 8 9 10 
28 30 32 35 35 33 33 35 36 36 33 32 28 24 22 19 19 18 17 15 16 19 22 24 24 24 23 23 23 22 20 18 17 17 18 18 18 17 17 19 19 26 31 33 37 38 38 38 41 46 47 47 47 47 47 50 53 54 59 60 60 47 42 35 26 21 19 21 21 21 21 22 22 23 23 22 20 18 18 16 12 9 6 8 9 
28 29 31 33 33 33 35 36 37 37 35 32 28 24 22 19 19 18 17 15 16 19 22 24 24 24 23 22 22 22 19 17 17 17 18 19 18 17 17 19 19 26 31 33 37 38 38 39 41 47 48 48 48 48 48 50 51 50 52 54 57 47 44 35 26 21 19 21 22 23 22 22 22 23 23 23 20 19 18 16 10 10 9 9 9 
26 29 31 33 33 33 35 36 37 37 35 32 28 24 22 19 19 18 17 15 16 19 22 24 24 24 23 22 22 20 19 18 18 18 19 19 18 18 18 19 19 26 32 33 35 37 38 39 43 48 50 50 50 50 50 50 50 49 49 50 52 50 45 36 28 22 19 21 23 22 22 22 23 24 27 30 32 30 18 7 7 11 10 8 8 
26 29 31 32 33 32 33 35 36 36 33 32 28 24 22 19 19 18 17 15 16 19 22 24 24 24 23 22 22 20 19 18 18 19 20 19 18 18 17 18 19 26 32 32 37 37 38 39 43 48 51 51 51 51 51 51 50 49 49 50 51 50 43 36 28 22 21 22 23 23 23 24 23 25 30 42 70 70 37 7 5 11 12 10 9 
26 28 30 33 33 32 33 35 36 36 33 32 28 24 22 19 19 18 17 15 16 18 21 23 23 23 22 22 22 20 19 18 18 19 20 19 18 18 17 17 17 26 31 33 36 38 37 40 45 50 52 52 52 51 51 51 50 49 47 47 47 47 43 35 26 23 21 22 23 23 23 24 24 30 47 87 148 151 97 29 8 12 12 8 8 
27 26 29 32 33 32 33 35 36 36 33 32 28 25 22 21 21 18 18 16 16 18 21 23 23 23 22 22 20 20 19 18 19 19 20 19 18 18 16 16 18 26 31 33 35 37 37 40 45 52 54 53 53 52 51 51 50 47 47 46 46 47 42 36 28 23 21 22 22 23 25 23 40 63 106 184 229 224 150 51 11 17 10 4 5 
26 27 30 31 32 31 31 32 35 35 32 31 28 23 21 19 19 17 16 16 16 18 21 23 23 23 22 22 19 20 19 19 19 20 22 20 18 18 16 16 19 25 30 33 34 37 37 40 46 52 55 54 53 52 51 51 50 48 48 47 46 44 39 33 28 25 22 23 23 36 30 26 63 114 162 219 232 219 144 57 24 22 8 1 5 
28 29 30 30 31 30 30 31 33 33 32 30 28 22 19 18 18 17 15 16 16 18 19 23 24 23 23 22 21 20 20 19 20 20 22 20 18 17 16 16 19 23 29 33 36 37 38 41 46 52 55 55 54 53 52 52 50 50 48 47 45 41 37 32 29 26 23 23 24 37 36 60 109 170 199 209 203 152 93 48 27 19 8 1 6 
28 28 28 29 30 30 31 31 32 32 31 30 25 21 18 18 18 16 15 15 17 17 19 22 24 24 23 23 21 20 19 20 20 20 22 19 18 17 16 17 18 23 29 32 36 35 37 41 47 53 57 55 54 52 52 50 50 50 48 45 40 39 36 31 29 28 24 25 30 39 43 84 131 186 214 186 137 100 70 33 24 14 9 7 5 
28 28 28 28 29 30 30 30 32 32 32 30 25 22 19 18 17 16 15 16 17 18 18 22 24 24 23 22 21 22 19 19 19 20 20 19 18 16 16 17 18 23 29 32 36 35 36 41 47 53 57 57 55 54 52 51 50 48 47 44 40 38 34 30 29 29 26 27 33 65 89 134 175 195 180 128 79 39 31 23 18 15 10 8 7 
28 28 28 28 29 29 29 30 31 32 32 30 26 23 19 18 17 16 16 17 17 18 18 21 24 24 24 22 22 21 19 18 19 19 19 17 16 16 15 16 17 22 28 32 34 35 36 41 48 54 58 59 59 55 52 51 50 48 47 43 39 36 33 29 30 30 29 28 39 100 148 175 196 178 124 70 47 18 21 18 16 11 10 9 8 
29 28 28 28 29 29 29 30 32 31 32 30 26 23 19 17 17 16 16 17 17 17 18 21 24 24 24 23 22 22 19 19 21 19 19 17 16 16 15 16 17 22 28 32 34 35 36 43 50 55 59 60 60 57 53 51 50 48 45 41 39 36 34 30 31 33 31 36 66 137 182 206 203 142 81 42 30 19 19 17 15 10 10 9 8 
29 28 29 30 29 30 29 30 32 33 33 30 26 23 20 18 18 16 16 16 17 17 18 21 24 24 24 24 22 22 21 21 19 19 19 18 17 16 15 16 17 22 28 32 34 35 37 44 51 55 59 61 61 58 54 51 49 47 44 39 38 37 34 30 31 36 39 54 97 155 177 182 164 92 44 26 21 19 18 17 14 10 9 9 9 
33 32 31 30 31 30 30 31 32 34 33 31 26 23 20 18 18 17 17 17 17 19 19 22 24 25 25 24 23 22 22 22 21 21 21 19 19 17 16 16 17 22 28 32 34 35 37 44 51 54 58 60 61 58 54 51 49 47 44 40 38 37 34 32 32 39 57 86 124 173 184 160 117 63 31 17 17 17 17 17 14 10 9 9 9 
45 39 37 34 33 33 33 34 34 34 34 30 25 22 21 21 19 19 19 18 18 19 21 23 25 25 25 25 24 23 23 23 23 22 22 21 21 19 18 17 18 22 26 32 33 35 38 44 51 53 55 58 59 57 52 50 49 47 45 42 39 38 35 32 36 49 82 127 158 185 187 153 99 54 28 15 15 16 16 17 13 11 10 10 11 
64 54 48 43 37 39 37 34 34 34 34 31 26 23 21 21 21 19 19 18 18 19 21 23 25 25 25 25 24 23 23 24 24 24 24 22 22 21 19 18 19 22 26 31 34 35 39 45 51 53 54 57 59 57 52 50 47 47 46 43 40 39 37 36 45 77 125 175 199 203 196 141 73 38 25 15 15 15 16 16 13 11 10 11 12 
82 73 64 53 45 45 38 33 36 36 36 31 25 23 21 19 19 19 19 18 18 18 19 22 24 25 25 24 24 24 24 25 25 24 24 23 23 22 19 18 19 21 26 31 34 35 38 45 48 52 53 53 54 52 51 50 49 48 47 46 46 45 54 74 102 148 191 217 229 231 188 127 65 32 19 15 11 13 13 13 13 10 11 10 11 
90 80 70 63 57 53 44 36 38 37 34 31 25 22 19 18 18 18 18 18 17 18 19 22 24 25 25 24 25 25 25 25 25 24 25 25 23 22 18 17 19 22 25 31 36 36 38 43 45 47 47 47 48 46 47 47 47 48 48 47 46 56 73 109 158 206 233 241 241 229 170 101 46 24 19 14 10 12 12 13 12 10 10 10 10 
85 80 68 67 64 54 47 44 39 37 36 33 26 22 18 17 17 16 17 17 17 18 19 22 24 25 25 24 25 25 25 25 25 24 25 25 23 22 19 18 19 22 25 30 36 37 37 38 39 40 40 42 43 44 45 46 47 50 51 50 47 58 85 131 188 236 246 242 241 234 170 95 40 23 18 12 9 9 10 12 11 10 10 11 11 
70 68 66 65 62 57 55 51 39 37 36 33 26 23 19 17 17 16 17 17 17 18 19 22 24 25 25 24 24 25 25 25 25 24 24 25 23 22 19 19 19 23 26 30 35 37 36 37 37 38 38 39 42 44 45 49 49 51 52 50 50 68 104 162 208 242 247 241 239 236 166 88 34 21 18 11 9 8 10 12 11 10 10 10 11 
56 57 63 65 70 73 71 55 41 36 36 30 26 23 19 17 16 16 16 17 17 18 19 22 23 25 25 24 24 25 25 24 23 23 23 23 22 22 19 22 22 24 26 32 37 38 36 37 37 38 39 40 44 45 46 49 50 51 51 50 50 79 129 185 227 246 246 245 240 214 137 66 31 21 16 13 10 10 11 12 10 11 10 10 11 
49 50 63 80 86 87 81 68 57 45 41 35 26 19 18 18 18 16 16 17 18 18 19 22 23 24 24 24 24 25 25 24 22 22 22 22 22 21 19 23 23 24 26 33 38 39 38 39 39 41 43 44 46 46 47 49 49 50 51 51 49 94 148 203 233 241 244 241 228 186 109 53 29 21 16 13 11 10 10 11 10 10 10 10 10 
50 49 64 89 102 95 91 80 68 48 40 32 25 22 21 19 18 17 17 18 19 19 20 22 23 24 24 23 23 23 23 23 21 21 21 22 22 22 21 23 24 25 29 33 38 40 40 42 43 44 45 46 46 46 46 46 46 48 52 53 51 109 162 206 230 231 236 232 212 169 99 52 25 18 15 12 11 10 11 11 10 10 10 9 9 
40 47 57 75 93 90 86 74 64 44 36 31 26 24 22 19 19 18 18 19 19 20 20 22 23 24 24 23 23 23 23 22 21 21 21 22 23 22 22 24 25 26 30 35 39 40 42 43 43 44 45 45 46 45 45 45 44 47 53 57 53 109 163 203 227 233 235 224 192 146 84 43 23 15 12 12 11 11 12 12 11 11 11 10 10 
28 43 51 66 70 71 65 56 50 38 32 29 26 24 23 21 18 17 18 17 18 18 18 20 22 23 23 23 23 22 22 23 20 21 19 21 22 23 23 24 25 27 31 36 40 41 43 43 43 44 44 44 44 45 45 46 45 44 51 66 92 108 166 206 228 233 234 221 175 118 60 36 19 12 12 11 11 11 11 12 11 10 10 10 11 
23 28 37 50 49 46 44 39 37 32 29 25 24 23 22 19 19 18 18 17 17 18 18 20 20 22 23 23 23 22 21 22 22 21 21 22 23 23 24 25 26 27 30 34 40 43 43 43 43 43 43 44 44 44 44 44 44 44 47 64 90 131 182 216 230 233 233 208 156 92 46 29 19 12 11 10 10 10 11 12 12 11 11 11 11 
23 25 24 28 31 31 30 29 27 29 26 24 23 23 21 19 19 18 18 17 16 17 17 18 18 19 21 23 23 22 22 22 22 22 22 22 24 23 25 26 26 26 29 33 37 39 39 39 39 39 39 39 39 39 40 40 42 44 51 68 100 163 206 230 233 231 220 180 132 66 33 23 17 11 10 10 10 10 11 11 11 11 11 11 11 
30 36 32 31 30 30 30 29 29 29 26 24 23 22 21 19 19 18 18 18 17 17 19 19 21 22 22 23 23 22 22 23 22 22 22 23 24 24 25 26 26 26 29 31 32 34 36 37 37 37 37 37 37 37 39 39 40 40 57 87 126 188 222 234 231 224 204 150 104 46 27 19 15 12 10 10 10 10 10 11 11 11 11 11 11 
47 46 45 43 41 39 36 32 32 32 30 26 24 25 24 23 20 17 19 20 19 19 21 21 21 21 21 21 22 22 22 23 22 22 22 23 24 24 24 25 25 25 26 26 26 27 29 29 29 29 29 29 29 32 36 37 40 15 28 66 120 200 222 224 222 210 184 127 81 39 23 18 15 12 11 10 10 11 11 11 11 11 11 11 11 
65 62 61 60 59 55 51 45 44 43 43 42 40 41 38 36 31 26 24 25 25 24 24 24 23 22 22 22 22 22 22 23 22 22 22 22 21 23 22 21 23 22 22 22 23 24 24 24 24 24 24 24 25 30 36 38 44 28 46 85 145 207 224 220 215 195 159 97 58 30 21 17 15 12 10 10 10 11 11 11 11 11 11 11 11 
82 81 79 77 75 74 72 66 63 61 59 59 59 57 56 54 50 49 43 36 36 35 32 32 30 29 28 26 24 23 23 22 22 20 22 19 19 19 19 19 18 17 17 17 18 18 17 17 17 17 17 18 19 27 38 40 58 70 92 137 188 226 229 225 214 185 139 71 39 23 19 16 14 11 9 9 10 11 11 11 11 11 11 11 11 
94 94 90 88 87 88 88 84 81 77 78 76 76 73 73 72 72 73 70 60 57 53 50 47 43 40 38 36 30 27 26 23 22 20 19 17 17 17 18 16 16 15 15 16 17 16 15 14 14 14 14 14 14 29 41 56 81 121 148 199 235 239 234 228 201 160 117 58 33 23 22 15 12 10 9 9 10 11 11 11 10 11 11 11 11 
97 97 95 94 94 94 94 94 93 92 92 90 90 90 90 91 90 89 89 87 81 75 72 67 64 61 59 58 51 42 39 37 35 30 26 21 19 22 21 15 15 15 16 16 16 16 15 14 14 14 14 14 14 26 45 69 95 123 163 200 228 243 235 223 185 135 93 53 31 22 18 14 11 10 8 9 9 11 11 12 12 11 11 11 11 
97 96 96 96 96 97 97 97 97 97 96 96 96 97 97 100 100 96 99 99 93 88 86 84 82 79 75 75 71 63 60 58 54 47 44 38 35 32 28 21 19 17 17 16 16 15 15 14 14 14 14 14 14 26 47 73 111 161 200 219 234 242 233 209 166 123 79 47 34 17 14 12 11 9 8 8 9 10 11 12 12 11 11 11 11 
95 94 95 95 95 95 95 95 95 95 94 95 95 96 96 96 97 97 100 101 96 93 92 93 91 87 85 82 81 80 78 75 73 66 63 57 56 49 40 32 28 21 18 16 16 16 15 14 14 14 14 14 14 29 48 79 116 167 210 228 232 233 223 193 146 108 72 51 49 31 19 15 10 9 7 8 8 10 10 12 12 11 11 11 11 
89 90 90 90 90 90 90 89 88 88 89 90 90 92 92 92 93 94 96 96 95 94 94 94 94 93 92 90 90 89 88 86 86 81 79 74 73 66 57 46 38 29 22 17 15 15 15 15 15 14 14 14 14 27 46 77 109 152 200 222 229 223 205 177 131 89 71 71 75 50 32 19 10 7 5 7 8 10 10 12 12 11 11 11 11 
83 84 86 86 85 86 85 81 81 81 81 81 82 82 84 85 86 86 87 87 87 88 88 89 89 89 89 90 90 91 90 90 90 87 86 82 79 78 71 60 51 39 31 22 16 15 15 15 15 15 15 15 15 24 40 75 110 145 184 215 226 210 193 171 120 80 82 92 90 61 33 18 10 5 4 7 8 10 11 12 12 11 11 11 11 
73 73 78 78 78 79 78 74 74 74 74 74 75 74 75 77 78 78 79 79 79 80 81 82 82 81 82 84 84 87 88 89 89 86 85 81 79 81 76 71 63 52 43 31 22 16 16 16 16 16 16 15 15 30 48 67 107 158 194 219 223 208 184 142 103 95 108 111 101 53 23 14 8 5 4 5 7 10 11 13 12 11 11 11 11 
67 68 72 71 72 72 71 71 68 68 70 70 71 70 71 72 71 72 74 75 75 75 75 75 76 78 78 79 80 81 83 83 85 85 85 81 80 81 78 75 70 59 49 36 26 18 18 17 17 16 17 16 17 26 46 61 108 177 210 228 219 189 145 106 92 102 123 107 80 43 12 10 9 7 4 5 5 9 11 12 11 11 11 10 10 
64 65 65 64 65 65 64 65 65 66 65 65 66 67 67 68 67 69 69 71 71 71 69 69 71 72 74 74 75 78 79 81 83 85 85 82 82 81 79 78 74 66 57 44 31 24 19 18 17 16 18 17 18 23 33 53 99 166 196 219 214 155 113 89 86 93 104 81 51 23 9 8 11 8 5 5 5 10 11 12 11 11 11 10 10 
64 63 63 63 63 62 62 64 64 65 64 64 65 65 65 65 65 65 66 66 66 67 66 66 65 67 68 71 72 74 75 79 82 83 86 82 82 82 80 78 77 73 64 52 37 28 23 20 19 18 18 19 21 22 25 26 78 114 153 186 173 108 113 111 106 88 70 50 30 19 8 9 11 8 4 5 8 9 12 12 11 10 10 10 10 
65 65 65 65 64 64 64 64 65 65 64 64 62 63 63 64 63 61 61 61 61 64 64 64 63 63 63 65 67 71 74 76 80 82 85 81 81 81 80 78 77 75 68 57 43 33 26 25 24 21 19 21 21 23 24 25 66 85 120 155 153 134 148 153 139 99 55 31 18 15 9 8 8 5 4 5 8 10 12 12 11 11 11 10 10 
66 66 66 66 65 64 65 64 65 64 64 64 64 64 64 64 65 64 64 63 63 63 61 60 60 59 59 61 64 67 71 72 75 81 85 81 77 81 81 79 79 78 72 59 46 41 33 28 26 24 22 23 24 23 24 31 42 37 68 104 127 155 178 174 137 71 33 21 13 12 9 9 6 4 4 5 7 10 11 11 10 11 11 10 10 
71 71 71 71 70 70 67 66 66 67 67 67 67 67 67 66 67 66 66 66 66 65 64 63 63 61 60 61 61 65 68 68 72 80 83 80 75 80 81 80 80 79 74 64 51 45 38 30 28 24 23 24 24 22 18 30 26 29 63 108 148 174 195 175 122 56 31 19 10 10 9 8 5 4 4 4 7 8 11 10 10 11 10 10 10 
74 74 74 74 74 74 73 72 72 71 71 71 70 70 70 68 68 67 67 67 67 66 66 65 65 64 64 63 61 64 66 68 72 78 82 79 75 77 81 80 79 80 75 67 54 47 40 32 28 26 25 27 30 29 31 43 64 99 134 179 206 196 196 152 95 40 25 12 8 7 7 8 8 7 5 5 5 7 11 9 10 11 10 10 10 
74 75 75 75 74 75 77 77 77 75 74 74 73 73 72 72 71 70 70 70 68 68 67 68 68 67 66 64 63 64 65 68 72 76 81 79 77 75 78 79 80 80 78 70 59 48 43 35 28 29 26 27 33 50 89 136 163 175 207 243 232 212 188 124 69 30 21 12 9 9 9 9 9 8 7 7 5 8 11 9 10 11 10 10 10 
74 75 75 75 75 75 75 75 75 74 74 74 74 74 74 74 74 73 73 72 71 71 70 70 70 68 67 65 64 64 64 67 73 74 78 79 80 76 76 78 80 80 77 72 63 52 47 38 30 31 28 32 57 116 181 220 210 200 215 227 207 184 142 90 50 24 19 12 11 10 10 9 9 9 8 9 10 10 12 9 10 11 10 10 10 
74 75 75 75 75 75 74 74 75 74 74 74 74 74 74 74 74 73 72 71 71 70 70 70 70 68 67 66 65 64 64 67 73 74 75 79 81 78 74 75 80 80 77 74 66 55 51 39 31 30 37 64 115 175 187 182 165 151 150 151 138 125 92 67 46 31 23 12 13 13 12 11 11 11 11 15 17 16 12 8 9 10 11 10 10 
74 75 75 75 75 74 74 73 73 74 73 74 74 74 74 73 72 70 68 67 66 67 66 65 65 67 67 66 65 64 65 66 71 74 75 78 78 78 74 75 79 79 77 64 54 60 52 43 33 38 73 131 169 160 120 103 103 96 94 87 81 80 73 65 47 36 26 24 26 27 22 18 18 18 19 23 25 22 13 8 9 9 11 10 11 
73 73 72 72 72 71 71 70 70 71 70 70 71 71 71 70 68 67 66 65 64 65 65 64 65 66 67 66 65 64 64 65 68 73 74 77 78 75 75 75 78 78 77 68 59 63 56 46 47 78 137 178 167 121 79 77 80 78 71 67 67 68 66 63 53 42 36 39 43 41 37 31 29 28 30 37 40 20 15 8 9 10 10 10 11 
68 68 68 68 68 68 67 67 67 67 67 67 67 67 67 66 65 65 65 63 63 63 63 63 64 66 66 65 64 64 64 64 67 71 74 74 75 75 75 77 77 77 78 73 66 63 59 57 81 137 175 164 123 82 68 72 74 72 68 67 68 67 66 64 59 53 49 50 50 49 45 40 38 39 42 46 49 24 15 8 10 10 9 9 11 
66 65 66 66 66 66 65 65 65 65 65 65 65 65 65 65 64 64 63 61 61 61 61 61 64 66 67 66 64 63 64 64 66 68 73 74 75 75 75 77 77 75 78 75 71 61 63 87 138 178 166 121 85 68 69 69 72 71 68 66 67 67 64 61 61 60 58 54 53 51 49 45 46 51 52 51 47 29 14 8 9 10 8 10 11 
64 64 65 64 64 64 63 63 63 63 63 63 63 63 63 63 63 63 61 61 61 61 61 61 64 66 67 66 65 64 61 64 65 67 71 74 75 75 77 78 75 75 79 84 84 68 95 144 189 172 128 88 69 69 71 69 71 70 67 67 66 65 63 60 60 59 58 56 53 53 52 50 53 54 54 52 47 29 15 9 10 10 10 11 12 
63 63 64 63 63 63 63 63 63 63 63 63 63 63 63 63 63 63 64 63 64 64 64 63 65 67 68 66 65 64 61 64 64 66 68 72 75 75 75 77 77 77 79 85 87 90 151 196 188 132 85 67 68 68 68 69 71 70 67 66 65 64 61 60 59 59 57 56 54 54 54 53 53 54 53 51 49 30 12 8 10 10 10 11 12 
61 61 61 61 61 61 61 61 63 61 61 63 61 63 63 63 63 63 64 64 64 64 65 64 65 66 67 66 65 64 61 63 64 66 67 71 74 75 75 77 77 75 80 89 90 144 201 199 146 90 65 64 64 65 65 67 68 67 66 64 63 61 61 60 60 60 59 56 54 53 54 53 52 53 51 50 51 31 12 10 10 10 10 12 13 
61 60 60 60 60 60 60 60 61 61 61 61 63 63 63 63 64 64 64 65 65 65 65 65 65 66 66 65 65 64 63 63 63 65 66 70 73 75 75 75 74 75 82 89 93 209 213 155 101 67 63 61 61 63 64 65 67 66 66 64 63 61 60 59 60 60 57 54 53 53 53 50 50 52 51 50 53 30 12 10 9 9 10 11 13 
60 60 60 60 60 60 60 60 60 60 60 61 61 63 61 63 63 64 64 64 64 65 66 66 65 65 66 65 61 63 63 61 64 67 70 71 73 74 75 82 75 74 72 108 165 205 175 113 75 65 61 60 59 62 62 65 66 66 65 64 63 61 60 59 58 56 54 53 52 51 51 49 49 49 50 52 57 29 12 10 9 9 10 11 12 
60 60 60 60 60 60 59 58 58 58 58 59 59 61 61 61 63 64 64 64 64 64 65 65 65 66 66 65 61 60 61 63 65 74 78 78 75 72 73 74 76 78 85 136 170 162 115 79 66 61 60 59 60 62 62 64 65 64 64 63 61 61 60 59 56 54 53 52 51 50 49 47 50 50 53 57 60 28 13 10 9 9 11 11 12 
59 59 59 59 59 59 58 58 58 58 58 59 59 60 60 60 61 64 64 63 63 64 64 65 66 67 67 64 60 58 64 70 89 116 121 123 117 103 92 81 77 81 103 163 161 127 88 66 56 56 57 58 60 61 62 61 61 63 61 60 60 60 60 59 58 57 52 50 50 47 46 47 52 54 59 61 63 26 13 12 10 9 11 11 11 
58 58 58 58 59 58 58 58 58 58 58 58 59 59 59 60 60 61 61 60 60 60 60 60 64 67 65 66 72 76 97 118 152 184 189 200 201 172 157 130 101 99 135 176 146 97 73 61 53 53 56 58 60 61 61 60 61 61 60 59 59 60 59 59 58 57 51 47 46 46 46 50 56 63 64 63 64 26 13 12 10 9 11 11 11 
59 59 59 58 58 58 58 58 58 58 58 58 58 59 58 58 58 59 59 58 58 58 58 58 59 62 66 80 99 116 152 191 221 241 242 245 249 231 222 191 148 141 166 180 137 84 61 58 54 53 56 58 60 61 61 61 62 62 61 60 60 59 58 57 57 54 49 44 43 45 49 54 59 64 64 63 63 26 13 12 10 9 11 11 11 
59 59 59 58 58 58 57 57 58 58 57 57 58 58 58 58 58 58 58 58 58 56 56 58 59 66 76 107 136 159 195 229 236 240 245 248 251 248 241 219 206 192 199 181 122 73 61 61 54 53 56 59 60 61 61 61 61 61 60 59 59 58 58 58 59 54 46 42 43 49 54 60 63 64 63 63 63 26 13 12 10 9 11 11 11 
58 58 58 58 58 58 57 57 57 57 57 58 58 58 58 58 58 58 58 58 57 56 56 58 65 78 95 138 168 181 195 203 196 200 216 228 231 229 223 216 228 217 202 165 102 61 57 58 54 53 56 59 60 60 60 60 59 59 59 58 57 57 57 58 60 51 40 42 46 54 63 64 61 63 60 59 59 26 12 12 10 9 11 11 11 
57 57 57 57 58 57 57 57 57 57 57 58 58 58 58 58 58 58 58 56 57 57 54 60 69 82 107 136 147 135 124 116 106 104 115 123 132 144 157 175 191 202 181 130 86 59 52 53 52 52 54 57 59 59 59 59 59 59 59 58 57 57 57 57 56 45 37 43 51 59 65 64 60 61 59 58 58 26 12 12 10 9 11 11 11 
57 57 57 57 57 56 56 56 54 54 54 57 58 57 57 56 56 56 56 58 59 58 57 61 73 87 96 99 94 79 62 52 43 33 46 55 53 57 72 110 165 185 152 107 80 59 52 52 51 51 53 57 59 59 59 59 59 58 58 57 56 56 53 51 45 39 37 43 53 63 64 63 63 60 59 56 56 26 12 12 10 9 11 11 11 
56 56 56 56 56 56 56 56 56 56 56 57 58 57 57 56 56 56 54 57 59 58 60 65 72 73 65 58 49 44 37 32 26 17 22 25 25 32 42 70 118 135 118 91 74 61 56 52 50 52 53 54 57 58 58 58 58 58 57 56 54 52 50 47 43 38 38 45 56 63 63 61 60 60 58 56 56 26 12 12 10 9 11 11 11 
54 54 54 54 54 56 56 56 56 56 56 56 56 58 57 57 58 58 58 57 57 56 58 65 67 56 44 42 26 23 29 29 22 17 17 15 10 16 26 50 88 94 82 71 66 66 58 52 51 52 52 54 57 57 58 58 58 58 58 56 53 50 49 46 46 42 40 50 59 61 60 60 59 61 59 56 54 26 12 12 10 9 11 11 11 
56 56 56 56 56 56 56 56 56 56 56 56 56 58 57 57 58 57 58 58 59 52 59 67 65 50 37 40 23 29 31 25 18 17 23 29 16 21 26 43 64 65 54 53 57 65 59 52 51 51 51 54 57 57 58 58 58 58 57 54 51 49 47 47 47 43 46 54 61 61 59 59 59 60 60 56 54 25 12 11 10 9 11 11 11 
57 57 57 57 57 57 57 57 57 57 57 57 57 57 57 57 56 58 59 59 59 56 63 72 64 43 32 37 23 31 31 22 18 19 24 27 26 31 40 47 54 48 44 44 45 54 53 50 49 49 50 53 56 57 58 58 58 57 57 52 47 45 46 50 51 45 46 56 61 61 60 59 59 61 60 56 52 25 12 11 10 9 11 11 11 
57 57 57 57 57 58 58 57 57 57 57 57 57 57 57 57 57 59 59 58 59 60 67 76 66 40 31 33 23 29 28 19 19 21 23 25 25 38 48 52 53 45 39 37 37 42 45 46 46 46 50 52 56 56 57 58 58 57 54 50 44 43 44 51 53 47 47 56 60 59 59 58 58 61 60 54 52 26 12 11 10 9 11 11 11 
57 57 57 57 57 57 57 56 56 56 56 56 56 56 56 57 57 58 58 54 58 65 79 85 70 43 33 35 28 28 26 21 21 23 24 27 29 41 58 58 47 42 38 36 36 38 40 43 44 45 47 53 57 56 57 57 58 57 52 47 43 40 43 51 50 45 49 55 60 59 59 59 59 59 59 54 52 26 12 11 10 9 11 11 11 
57 57 57 57 57 56 56 56 56 56 56 56 56 56 56 57 57 57 57 54 59 68 81 104 81 47 36 35 29 26 24 23 23 25 24 30 29 50 67 60 42 39 38 36 36 37 37 39 42 43 46 52 55 56 57 57 57 53 50 45 43 43 51 52 46 44 47 55 58 59 59 59 59 59 60 57 54 28 14 11 10 10 11 11 11 
57 57 57 57 57 56 56 56 56 56 56 56 56 56 56 56 56 57 58 57 59 72 90 115 92 54 36 35 30 26 24 26 26 24 22 26 47 65 69 56 37 38 38 36 35 35 36 37 38 40 46 52 54 56 57 57 54 50 45 46 49 51 54 48 46 45 48 55 59 60 58 58 59 60 60 58 59 26 14 11 10 10 10 10 10 
57 57 57 57 57 56 56 56 56 56 56 56 56 56 56 56 56 58 59 58 60 74 101 132 108 63 35 32 29 26 25 30 33 25 23 38 68 73 64 46 35 37 37 36 33 35 35 36 37 39 45 52 54 56 56 54 51 45 44 49 56 58 55 45 45 45 50 55 59 59 58 58 58 59 60 59 61 25 14 12 10 10 10 9 9 
57 57 57 57 57 56 56 54 54 54 54 54 54 56 56 56 56 56 57 57 59 77 114 146 122 68 34 32 30 26 28 30 30 28 33 57 76 68 49 43 36 37 37 33 32 32 33 37 38 39 46 50 53 54 54 51 47 42 44 53 59 59 52 40 40 46 52 55 58 58 58 58 58 58 59 59 61 23 12 13 10 10 10 9 9 
57 57 57 57 55 54 54 54 54 54 54 54 54 54 54 56 56 56 56 56 59 82 123 150 131 75 33 31 30 26 28 28 26 32 59 82 81 58 40 42 32 34 36 32 31 30 32 36 38 39 45 51 53 54 53 50 46 43 46 54 60 59 50 43 43 48 53 57 58 59 58 58 58 58 59 59 61 33 21 18 11 10 9 8 9 
57 57 55 55 55 54 54 54 54 54 54 54 56 54 56 56 56 56 56 57 62 88 132 160 144 82 35 31 29 29 27 25 28 45 78 89 72 47 38 37 32 35 33 32 30 29 32 35 37 38 44 51 53 53 52 49 45 44 47 57 61 58 49 44 47 50 52 57 59 59 58 57 57 58 58 59 61 49 37 25 12 9 8 8 8 
57 55 55 55 55 54 54 54 54 54 54 54 56 54 56 56 56 56 57 57 65 93 148 178 155 90 39 30 30 30 30 29 38 63 87 81 57 40 37 36 33 33 33 32 29 29 31 33 35 37 44 49 52 52 52 49 46 45 53 61 61 56 47 46 47 50 53 58 59 59 58 57 57 58 58 59 61 51 42 30 15 9 8 8 6 
55 55 55 55 55 54 54 54 54 54 54 54 54 56 56 56 56 56 57 54 65 96 153 194 162 100 47 28 32 32 32 33 46 73 80 61 43 38 37 36 33 33 33 31 29 29 31 33 35 39 44 47 51 53 52 49 47 47 56 63 59 56 47 46 49 51 53 56 57 57 57 58 59 59 59 58 60 49 38 24 12 8 7 9 9 
57 55 55 55 55 54 54 54 54 54 54 54 54 54 54 54 54 56 56 53 67 105 154 187 162 102 52 24 30 35 42 44 53 74 59 44 37 36 34 34 33 32 32 31 29 29 30 35 37 39 43 46 50 52 52 50 49 51 59 63 58 54 49 49 51 52 53 56 56 57 57 58 59 59 59 58 60 35 24 16 8 9 8 9 10 
54 54 54 54 54 55 55 55 55 55 55 55 55 54 53 53 54 54 56 57 68 107 156 178 157 95 44 19 24 36 46 50 56 67 52 39 34 33 33 32 32 32 32 31 29 30 35 39 39 40 40 45 49 52 51 50 51 57 63 63 57 53 47 47 51 53 54 56 56 57 57 58 59 59 59 57 58 19 10 10 9 10 9 9 10 
54 53 53 53 53 54 54 54 54 54 54 54 55 53 53 53 53 54 56 57 62 93 137 153 130 75 35 19 28 25 37 59 65 53 44 38 34 33 33 32 32 32 31 31 30 30 42 47 50 46 43 44 47 51 50 50 53 59 65 65 58 51 46 47 51 53 54 56 56 57 57 58 59 59 59 56 56 19 10 9 10 10 10 9 10 
54 54 53 53 53 54 54 54 54 54 54 54 55 53 53 53 53 54 56 57 61 82 118 124 102 59 30 25 34 29 44 60 59 45 40 37 34 34 33 31 32 32 31 31 29 33 51 61 63 56 46 44 46 50 51 51 56 61 65 66 59 51 46 50 53 53 53 54 56 57 58 59 60 59 59 57 55 18 10 10 11 10 10 11 11 
54 53 53 53 53 54 54 54 54 54 54 54 54 54 54 54 54 54 56 58 60 78 111 120 97 58 33 34 39 40 55 57 50 43 38 38 36 34 32 30 31 31 30 28 30 47 70 84 84 71 51 43 44 50 52 52 58 64 66 65 58 50 47 52 54 54 54 56 56 57 58 59 59 59 59 57 55 17 10 10 11 10 10 11 11 
54 54 53 53 53 54 54 54 54 54 54 54 54 54 53 53 54 54 56 57 57 78 109 123 98 64 44 42 39 54 64 53 39 35 35 37 36 33 31 30 32 32 32 32 37 61 90 107 103 85 54 42 45 51 53 54 59 63 65 63 56 49 49 52 54 56 56 56 56 57 57 58 60 59 58 54 54 17 10 10 11 10 10 10 10 
54 54 54 53 53 54 54 54 54 54 54 54 54 53 52 52 53 54 54 55 55 88 114 137 105 68 49 42 42 64 58 37 26 31 31 37 36 33 31 31 32 31 36 42 47 70 103 123 114 87 54 43 46 52 56 56 58 61 64 63 53 49 49 52 57 57 56 56 56 57 57 58 60 59 58 54 53 17 10 10 11 10 10 10 10 
54 52 53 54 53 54 54 54 53 53 53 52 52 53 52 53 54 53 54 56 56 103 120 146 109 68 47 44 45 62 52 34 26 34 33 36 35 34 32 30 31 30 33 45 58 73 103 127 110 78 53 46 50 53 54 56 58 60 61 59 53 49 49 53 57 58 57 57 57 57 57 58 59 58 57 54 52 17 10 10 10 11 11 11 11 
53 52 53 53 53 54 54 54 53 54 54 53 53 53 52 53 53 54 57 58 58 115 123 136 101 66 47 46 47 52 47 34 29 34 34 33 33 34 33 30 30 30 30 44 63 75 106 125 95 60 46 47 51 53 54 56 58 59 59 57 53 51 52 56 57 58 58 57 57 57 58 58 59 58 58 54 51 17 10 10 10 11 11 12 12 
49 51 51 51 51 51 53 53 50 51 51 51 51 50 50 50 51 51 54 56 56 102 136 131 97 63 44 45 47 44 36 35 33 32 33 33 33 32 31 29 28 31 47 66 85 108 128 128 85 47 45 49 52 55 55 56 58 58 58 55 53 52 51 53 56 58 58 57 57 56 57 59 59 58 58 54 45 17 9 11 10 10 10 10 11 
40 44 44 43 44 41 39 42 42 43 45 46 46 46 45 45 45 45 47 46 52 93 125 127 96 63 42 46 50 44 35 33 32 31 33 32 32 31 30 28 26 31 66 111 133 159 164 132 76 39 46 54 53 55 55 57 58 58 58 55 53 51 52 53 56 57 58 57 56 56 57 59 59 58 57 53 42 17 9 11 10 10 10 10 11 
36 38 38 37 37 36 32 37 39 40 40 40 42 43 41 40 39 41 41 39 48 90 128 132 101 59 39 48 52 42 37 33 31 32 33 32 32 30 29 26 25 32 71 130 171 201 186 114 57 41 51 57 57 56 56 58 58 57 57 53 51 51 53 54 56 58 57 56 56 56 57 59 59 59 58 52 38 17 10 11 11 11 11 11 12 
39 37 39 37 33 33 35 36 32 38 40 40 40 40 40 39 39 40 48 59 78 120 149 143 103 57 38 45 47 39 36 33 32 33 33 32 31 30 28 25 24 31 58 103 152 185 163 92 45 45 54 56 56 56 57 58 59 59 57 53 51 51 53 54 56 58 58 57 56 56 57 59 59 58 58 51 36 17 10 11 11 11 11 11 12 
46 44 47 45 38 36 38 38 35 40 44 43 42 42 42 43 49 65 87 106 123 153 166 149 102 56 37 37 37 36 35 33 33 33 33 31 30 29 26 24 23 30 43 70 109 131 109 64 40 46 53 58 58 57 57 58 59 59 57 54 52 52 54 56 57 58 58 57 56 57 58 60 60 58 58 49 32 16 9 10 10 11 11 11 12 
52 51 53 51 43 39 42 49 52 51 49 51 49 46 57 73 93 118 141 146 146 148 148 126 87 54 40 37 33 32 33 33 33 32 32 31 30 28 25 23 23 28 38 51 71 82 64 38 39 47 52 57 58 59 59 59 59 59 58 54 53 53 54 57 57 58 58 57 56 57 58 60 61 59 58 49 32 16 9 10 11 11 11 11 12 
54 57 57 51 47 39 43 50 56 58 58 54 56 64 87 120 149 160 160 146 123 107 106 98 73 53 46 36 31 31 32 32 32 31 31 30 29 28 25 24 23 27 31 33 41 51 46 38 43 49 53 58 58 59 59 59 58 59 58 56 53 53 54 58 59 60 59 58 57 58 58 60 60 58 58 50 33 16 10 11 11 11 11 11 12 
53 52 53 52 53 39 47 51 53 53 56 58 65 90 118 155 175 165 144 113 86 78 96 104 76 47 44 37 26 32 32 32 32 30 30 29 29 28 26 25 24 27 30 32 38 40 40 41 47 51 56 58 58 59 59 59 58 58 58 54 53 53 56 58 58 59 59 58 57 58 59 60 60 58 58 50 33 16 10 11 11 11 11 11 11 
53 54 53 52 46 42 46 49 50 51 58 75 88 118 140 152 152 131 100 79 68 68 82 77 53 38 40 37 35 33 32 32 30 30 29 29 28 28 26 25 24 26 28 29 35 38 40 42 49 54 56 59 59 59 59 59 59 58 56 53 53 53 56 58 58 57 57 57 57 59 59 61 60 57 57 50 32 16 9 10 10 10 10 10 11 
53 53 53 50 49 45 43 43 47 60 77 93 115 125 125 115 99 87 61 54 55 54 65 60 44 32 32 35 33 33 32 32 30 29 30 29 29 28 26 25 24 26 31 32 36 37 39 44 51 56 58 59 59 59 59 59 59 58 56 53 53 53 56 58 58 57 57 57 58 59 59 61 60 58 58 50 33 16 9 11 10 10 11 11 12 
53 53 53 51 47 44 44 42 51 82 108 119 122 108 92 78 66 60 49 45 45 47 51 49 37 30 32 33 33 33 32 33 31 29 31 30 30 29 28 25 25 28 33 35 36 37 39 44 53 59 60 60 60 60 59 59 59 57 53 54 54 54 55 57 57 57 56 57 58 59 60 61 61 58 59 50 33 15 9 11 10 11 11 11 11 
53 54 53 51 49 44 44 51 74 114 129 126 110 82 65 56 47 47 44 40 38 38 38 37 32 31 36 33 32 31 32 33 33 31 32 31 31 30 28 25 23 29 36 36 36 37 39 45 53 59 60 60 60 60 60 58 58 57 53 54 55 55 57 57 57 57 57 57 57 59 59 60 60 58 59 51 33 14 9 10 10 10 10 11 11 
53 53 53 50 49 42 44 68 108 142 127 98 83 59 49 46 42 43 43 39 38 36 35 34 33 31 33 32 31 32 33 35 36 36 36 37 38 37 36 33 31 32 36 37 37 36 40 47 55 58 59 59 60 60 60 59 57 54 53 53 54 54 56 58 58 59 58 58 58 57 58 60 60 58 60 51 33 14 10 11 10 10 10 11 11 
53 53 53 51 49 44 47 78 117 136 115 87 61 45 38 40 44 44 42 38 37 35 32 30 31 31 31 32 32 33 35 36 38 43 45 47 50 51 50 49 45 42 37 37 37 37 40 48 54 58 58 59 60 60 60 59 57 54 53 53 54 54 56 59 59 59 59 58 57 57 58 60 60 58 59 51 33 12 10 11 10 10 10 11 11 
52 52 52 51 51 49 58 78 99 103 86 66 46 40 40 43 44 42 38 36 35 32 31 30 32 31 30 31 32 34 34 37 38 43 45 51 58 67 63 57 52 43 38 37 37 37 40 47 53 58 58 59 60 60 60 59 56 53 53 53 54 54 57 57 57 58 59 58 58 57 58 60 59 57 57 49 31 11 9 10 10 10 10 11 12 
51 52 52 52 51 47 50 64 74 80 67 51 44 40 39 40 42 39 35 33 32 31 31 32 32 31 31 31 31 34 34 36 36 36 38 44 59 107 90 61 56 44 39 38 37 37 42 50 54 57 58 59 60 61 61 58 56 53 53 53 54 54 57 57 57 58 59 58 58 57 58 60 59 57 57 49 32 11 9 10 10 10 10 11 12 
49 50 51 51 51 57 65 65 59 46 42 40 40 39 38 39 39 38 35 32 31 32 32 32 32 32 32 32 33 32 33 33 34 33 32 67 131 149 106 64 57 44 39 37 37 38 44 52 57 59 58 59 61 61 61 59 56 53 53 52 54 58 58 57 57 57 57 57 57 57 58 60 59 57 57 49 30 12 10 9 9 9 9 9 11 
47 50 51 51 52 57 57 59 50 44 45 38 39 38 38 39 39 38 35 33 32 32 32 32 32 33 33 32 32 32 32 33 34 38 57 120 177 152 92 59 52 41 38 38 38 39 45 54 59 59 58 59 61 64 63 59 54 52 53 53 53 57 57 56 57 57 56 56 56 57 57 59 59 57 56 46 28 12 10 9 9 9 9 9 11 
46 49 50 51 52 51 51 51 46 44 46 44 39 36 38 38 38 37 35 33 32 32 32 32 33 33 33 33 33 31 33 35 42 56 110 181 187 127 70 46 46 38 35 37 39 42 46 57 61 61 60 60 63 64 64 59 54 52 53 53 53 57 57 56 57 57 56 56 56 57 57 58 58 58 56 46 27 12 10 9 9 9 9 9 11 
46 47 47 49 47 45 44 44 41 37 39 43 43 37 37 38 38 37 36 35 35 33 33 33 33 33 33 33 33 32 33 35 49 90 169 207 157 88 53 39 44 37 35 38 40 43 49 57 61 61 61 63 64 64 61 59 54 52 53 53 53 57 57 56 57 57 56 56 56 57 57 57 58 59 57 47 29 12 10 9 9 9 9 9 11 
46 49 50 49 45 42 39 39 39 38 40 39 39 38 37 38 37 37 36 35 35 35 35 35 35 34 34 33 33 33 33 32 54 122 185 173 103 58 45 38 40 33 35 38 39 43 52 60 61 61 61 63 65 65 61 58 53 52 53 53 53 57 57 56 57 57 56 56 57 56 56 56 57 60 58 48 29 12 10 9 9 9 9 9 11 
49 51 52 51 46 39 37 37 38 40 43 39 38 37 37 37 37 37 35 35 35 33 35 35 35 34 34 35 35 36 36 36 63 134 163 116 67 46 43 39 39 37 37 38 39 43 52 60 60 61 64 64 65 64 61 57 53 52 52 53 54 55 55 54 56 56 56 56 57 56 56 54 57 61 61 51 30 12 10 9 9 9 9 9 11 
51 54 57 54 49 39 35 32 34 38 40 37 36 36 37 37 37 35 33 34 36 34 34 34 36 36 34 36 37 36 36 44 95 164 158 90 54 51 47 43 40 42 40 40 40 44 53 59 60 61 65 66 66 64 60 57 53 51 52 53 54 55 55 54 56 56 56 56 57 56 56 54 57 63 63 52 30 12 11 9 9 9 9 9 11 
53 56 59 57 51 42 32 30 29 32 37 36 36 35 36 36 36 35 33 34 36 36 36 36 36 36 34 36 37 37 37 67 146 194 148 75 50 52 51 44 43 43 40 40 39 43 53 59 60 63 66 67 67 64 59 57 53 51 52 54 56 57 57 56 57 57 56 57 58 57 56 54 56 63 64 53 30 13 10 9 9 9 9 9 11 
53 56 59 57 52 42 31 26 27 30 35 36 34 34 36 36 34 34 34 34 34 34 36 37 37 35 35 37 37 39 44 103 170 165 104 64 56 52 45 45 44 44 40 38 40 44 53 59 60 63 66 68 67 63 58 57 53 51 53 54 56 57 57 56 57 58 57 57 59 57 54 53 56 61 63 52 30 13 10 9 9 9 9 9 11 
52 54 59 57 52 40 30 24 26 29 33 34 36 36 36 36 34 34 33 33 34 34 34 36 36 35 36 39 39 44 78 139 149 106 72 73 81 68 46 44 45 44 39 38 44 48 57 60 61 64 67 70 67 63 57 54 53 52 53 54 56 57 57 56 57 58 57 57 58 56 56 54 54 60 60 48 29 12 10 10 9 9 9 9 11 
51 54 59 57 53 40 29 24 25 26 31 36 36 36 36 35 33 33 32 32 33 33 33 35 35 36 38 39 43 73 132 157 120 68 60 79 94 79 53 46 46 43 35 33 41 52 59 63 64 65 68 72 68 61 56 53 53 52 53 54 56 57 57 56 57 58 57 57 58 56 56 54 54 58 58 46 27 13 10 10 9 9 9 9 11 
51 54 58 57 53 40 30 25 23 24 30 36 36 36 36 35 33 33 32 32 33 33 35 36 36 37 37 38 66 131 171 138 84 53 54 66 75 70 57 51 49 42 32 31 40 52 61 64 66 67 70 72 67 59 54 53 53 52 53 54 56 57 57 56 57 58 57 57 58 56 56 56 54 58 57 44 25 13 10 10 9 9 9 9 11 
50 52 58 57 52 39 30 25 24 24 29 34 36 34 36 33 33 33 32 32 33 33 35 36 36 37 44 68 121 175 158 92 57 51 51 49 45 49 53 53 48 39 30 32 41 53 62 65 67 68 70 68 64 60 54 52 52 52 53 54 56 55 57 56 57 58 57 57 58 56 56 56 56 58 57 43 24 12 10 9 9 9 9 10 12 
50 52 56 54 51 38 29 25 24 26 29 34 36 36 36 33 33 33 32 32 33 33 35 37 36 36 72 130 170 153 97 54 49 47 46 45 38 42 50 51 45 37 29 32 43 55 62 65 68 68 68 67 63 58 54 52 52 52 53 54 54 55 55 54 56 57 57 57 57 57 57 57 57 59 57 41 22 12 10 9 9 9 9 10 12 
50 52 56 54 49 38 29 26 25 28 29 32 33 34 34 34 34 34 34 34 34 34 37 37 40 71 127 169 160 100 60 49 46 43 43 46 46 46 49 47 42 35 29 33 44 57 61 65 67 67 66 64 61 58 53 52 53 52 53 54 54 53 54 54 56 56 56 56 56 57 57 57 58 59 56 39 18 11 10 10 10 10 10 10 12 
49 52 56 54 47 38 29 26 26 28 30 32 33 34 34 34 34 36 34 34 36 36 38 33 50 115 160 150 107 65 52 46 43 43 44 46 49 50 49 45 39 32 28 33 45 58 63 66 66 67 65 60 60 58 54 53 53 53 53 54 54 53 54 54 56 56 56 56 56 57 57 58 59 59 56 38 17 11 10 10 10 10 10 10 12 
50 53 54 54 46 33 28 26 26 28 29 32 33 32 32 32 33 33 35 35 35 36 37 45 80 141 153 109 71 59 50 43 43 44 46 49 51 51 51 45 38 29 26 33 45 59 63 66 66 66 64 59 60 56 52 53 53 53 54 53 53 53 53 53 54 54 54 54 56 56 57 58 58 58 54 37 14 9 9 10 10 9 9 9 10 
50 52 52 50 40 30 28 26 28 28 29 32 33 33 32 32 32 33 35 33 35 33 37 57 124 160 129 78 62 66 54 47 47 47 50 51 52 53 52 46 36 26 28 37 49 60 63 65 65 65 64 59 60 56 51 52 53 53 54 53 53 53 53 53 54 54 54 54 54 56 57 57 58 58 54 36 14 8 9 10 10 9 9 9 10 
50 52 50 44 35 28 28 26 28 29 30 32 33 33 32 32 31 33 35 33 35 31 38 87 165 170 110 72 65 65 57 53 52 53 53 54 52 53 52 45 32 25 29 39 51 61 64 64 65 64 63 59 60 56 51 52 53 53 53 53 53 53 53 53 54 54 53 54 54 56 57 57 58 57 53 35 12 8 9 10 10 9 9 9 10 
49 51 49 42 32 28 26 25 26 29 29 31 33 32 32 31 31 31 33 35 35 32 45 113 174 158 104 73 68 65 61 59 57 54 56 56 52 51 48 39 28 25 30 43 56 64 65 65 65 65 64 60 60 54 51 52 54 53 54 54 54 53 53 53 54 54 53 54 54 56 57 57 58 57 53 35 12 8 9 10 10 10 9 9 10 
50 51 50 43 35 30 29 26 26 27 30 30 31 32 32 32 31 31 32 33 35 36 68 139 169 139 106 74 68 74 72 63 58 57 57 54 53 51 44 35 28 26 32 44 59 64 65 65 65 65 64 61 60 54 51 51 54 53 54 54 54 53 53 53 54 54 53 54 54 56 57 57 58 57 53 35 12 8 8 9 11 10 9 9 10 
49 52 53 49 40 32 29 26 26 27 29 29 30 31 31 32 32 31 31 31 33 39 85 159 169 114 85 73 65 69 71 64 59 59 59 54 53 50 39 32 30 29 32 45 60 64 64 64 64 63 63 61 60 53 51 52 53 53 54 54 54 53 53 53 54 54 53 54 54 56 57 57 58 57 53 35 12 6 8 9 11 10 9 9 10 
46 53 54 50 42 35 28 26 24 26 26 28 30 30 30 31 31 30 31 32 32 42 97 169 160 94 60 62 65 66 67 66 66 66 60 53 49 46 36 30 29 30 36 46 61 64 64 64 63 63 61 60 58 52 50 51 53 53 56 54 54 53 53 53 54 54 53 54 54 56 57 57 58 57 53 35 12 6 8 9 11 10 9 9 10 
46 55 62 61 50 38 31 26 24 24 26 28 30 32 31 31 31 32 33 35 32 42 104 175 149 79 56 60 64 65 68 68 75 77 61 50 43 41 34 29 28 30 35 46 61 64 63 64 63 63 60 59 57 52 50 50 53 53 56 54 54 53 53 53 54 54 53 54 54 56 57 57 58 57 53 35 12 6 8 9 11 10 9 9 10 
47 60 75 82 63 47 38 25 23 23 24 25 30 32 32 32 30 32 34 36 31 40 109 172 134 65 52 64 72 74 73 74 74 72 60 50 43 41 34 28 28 30 36 46 60 63 64 65 63 61 60 59 57 52 50 51 52 53 54 54 54 54 54 54 56 56 54 54 54 56 56 56 57 56 52 33 11 6 8 8 10 11 9 10 12 
57 79 97 103 73 52 43 23 21 20 22 24 30 32 32 33 31 31 33 36 28 37 109 169 130 67 54 65 71 72 72 70 67 65 59 51 44 41 36 29 26 30 37 49 61 63 64 65 64 61 60 58 56 52 50 52 53 53 54 54 54 54 54 54 56 56 54 54 54 56 56 56 57 56 52 33 11 6 8 8 10 10 9 10 12 
68 102 121 118 82 49 37 24 21 19 19 22 29 31 32 33 31 31 32 35 33 37 107 165 124 66 51 59 62 64 61 59 58 59 57 51 44 41 34 29 28 32 42 51 61 63 64 65 64 61 60 58 56 52 50 52 53 54 54 54 54 54 54 54 56 56 54 54 54 56 56 56 57 56 52 33 11 6 8 8 10 10 9 10 12 
58 90 114 109 73 43 30 24 21 20 20 21 26 30 32 33 32 31 32 31 40 46 104 166 123 64 49 55 66 65 55 51 53 54 56 51 45 41 34 29 30 37 45 54 61 64 64 65 63 60 59 57 54 51 51 53 54 54 54 54 54 54 54 54 56 56 54 54 54 56 56 56 57 56 52 33 11 6 8 8 10 10 9 10 12 
47 72 95 85 52 33 26 22 22 20 20 21 25 30 33 33 32 30 31 31 29 37 87 149 131 75 52 53 62 61 53 52 57 57 53 50 44 43 37 31 31 40 51 57 63 64 64 66 64 61 60 58 56 52 51 53 54 54 54 54 54 54 54 54 56 56 54 54 54 56 56 56 57 56 52 33 11 6 8 8 10 10 9 10 12 
46 68 87 67 38 25 23 21 22 20 20 21 25 30 33 33 32 31 31 32 32 30 59 116 130 86 57 57 57 54 56 56 58 56 54 50 43 43 36 29 31 44 54 60 64 64 63 64 64 61 60 58 56 52 51 53 54 56 56 54 54 54 54 54 56 56 54 54 54 56 56 56 57 56 52 33 11 6 8 8 10 10 9 10 12 
52 66 85 63 36 27 24 22 23 21 19 23 26 30 32 34 33 31 31 32 35 31 39 74 104 87 61 58 58 57 56 54 56 53 51 50 43 35 30 29 34 48 58 60 64 64 63 64 64 60 59 57 54 52 52 54 56 57 57 54 54 55 55 55 57 56 54 54 54 56 56 54 56 56 52 33 11 6 9 9 10 10 10 11 12 
55 64 75 53 36 29 24 22 22 21 21 24 26 31 32 34 34 32 31 32 32 31 34 44 67 78 65 61 59 59 57 54 56 52 45 46 42 30 28 32 37 51 59 61 65 64 64 64 64 60 58 56 53 52 53 54 57 57 57 56 56 55 55 55 57 56 54 54 54 54 54 54 56 54 51 32 14 8 9 9 10 11 10 11 12 
58 60 47 44 33 28 24 22 22 22 21 24 27 30 32 32 32 33 33 32 31 31 32 28 39 53 80 72 62 58 57 58 58 56 52 50 41 32 32 37 44 55 60 61 64 64 64 64 63 60 58 55 53 52 54 56 56 57 57 55 55 55 55 57 57 56 56 54 54 55 55 55 57 55 48 32 17 9 9 11 11 11 11 12 12 
58 57 45 39 32 28 24 22 22 22 21 25 27 31 32 32 33 34 34 33 33 33 33 31 32 40 56 68 66 63 58 59 60 59 57 54 45 40 42 44 51 58 61 63 64 64 64 64 63 60 57 54 52 51 54 56 57 57 55 55 55 55 55 55 57 56 56 54 54 55 54 54 57 55 47 32 18 11 11 11 11 11 12 12 12 
57 53 43 36 31 28 25 23 22 22 22 24 28 30 31 32 33 36 36 36 36 36 33 32 31 35 38 61 69 75 72 66 61 65 62 58 51 51 50 50 54 60 64 64 66 65 65 64 63 59 55 53 51 52 55 57 58 56 54 54 54 57 55 55 57 56 56 56 56 55 55 54 57 55 47 31 17 12 10 11 11 12 12 12 12 
56 53 46 37 30 26 24 23 22 22 22 24 28 30 31 32 33 36 34 34 36 36 36 35 32 35 29 46 61 74 81 73 61 68 69 66 63 58 54 53 58 62 65 65 66 65 65 64 61 59 54 52 51 52 55 57 58 56 54 54 54 57 55 55 55 54 54 54 54 55 54 54 57 55 47 30 16 12 11 10 12 12 12 12 12 
53 52 46 41 34 29 25 22 21 21 21 24 29 31 31 33 33 36 34 34 34 33 32 33 33 33 34 32 47 57 67 67 63 68 73 75 73 67 63 64 65 65 66 65 65 65 64 64 63 60 55 53 52 52 56 57 57 56 54 54 54 56 54 55 55 54 54 53 53 54 54 54 57 55 47 30 16 10 11 10 12 11 11 12 12 
50 51 46 44 37 30 25 23 22 21 21 24 30 31 32 33 35 36 36 34 34 33 32 33 32 36 37 36 39 42 46 49 54 64 72 77 77 74 72 71 69 67 67 66 65 65 64 64 63 60 55 53 52 52 56 57 56 56 54 54 56 54 54 55 55 54 54 53 53 54 53 53 55 55 46 30 15 10 10 11 11 10 11 12 12 
47 47 43 44 40 32 27 24 22 22 22 23 29 32 34 36 36 37 37 36 36 35 33 33 33 34 34 34 34 34 36 37 42 49 57 65 72 74 74 72 70 67 67 67 66 64 64 64 61 59 54 52 52 54 57 57 56 56 54 54 56 54 54 55 55 55 55 54 54 53 52 52 54 54 45 30 16 10 9 11 12 10 10 12 12 
45 44 39 39 38 36 31 25 22 23 23 25 29 31 36 37 38 39 38 37 37 36 36 35 33 34 33 32 32 31 32 35 36 36 40 47 57 64 71 71 68 67 68 68 65 64 63 63 61 59 54 52 52 56 57 57 57 56 54 54 54 56 54 55 55 55 55 55 55 53 53 52 54 54 46 31 17 9 10 10 11 11 11 11 12 
45 40 36 37 36 33 31 29 25 24 23 23 28 32 37 39 39 39 38 37 37 37 36 33 32 32 32 32 33 32 32 31 32 32 33 32 35 43 57 67 68 68 68 67 65 64 64 63 61 58 56 52 53 54 58 58 58 57 55 55 57 55 55 54 54 54 53 53 53 53 52 52 54 53 46 31 16 8 8 9 9 9 11 12 9 
41 36 31 33 35 36 34 32 27 25 24 24 28 32 38 40 40 40 38 37 36 36 36 33 32 31 32 33 34 33 33 31 30 31 29 26 28 31 44 61 69 70 70 67 66 65 65 64 63 59 56 52 53 56 57 58 57 57 55 55 55 57 55 54 54 53 53 53 53 52 53 52 54 54 49 38 30 20 11 9 8 5 7 9 8 
37 31 26 30 33 35 36 35 29 25 24 25 29 32 39 43 41 40 38 37 36 35 35 32 31 31 31 32 33 33 31 30 30 29 28 28 29 33 44 56 68 72 71 68 67 67 66 65 64 61 58 55 55 57 57 58 57 57 55 55 55 56 54 54 54 53 53 53 53 52 53 53 54 54 52 46 40 32 15 9 7 5 5 6 6 
33 25 23 25 31 33 36 35 30 28 25 28 31 33 40 44 43 38 37 36 35 33 33 32 31 31 31 32 35 33 32 30 30 29 29 28 29 37 48 57 71 74 73 72 70 70 68 66 64 61 58 57 57 57 57 58 57 57 55 55 55 56 54 54 54 53 53 53 53 53 53 53 53 52 51 49 49 37 16 8 7 6 5 6 6 
29 23 19 21 25 30 35 35 31 29 26 29 32 37 43 44 42 38 37 35 33 33 33 31 31 31 31 32 35 33 32 30 30 29 29 28 33 42 52 64 73 74 73 73 68 71 68 64 63 61 59 58 58 58 57 57 57 57 55 55 55 56 54 54 54 54 53 53 53 52 53 53 54 52 50 46 43 37 15 8 7 5 5 8 8 
26 21 18 16 18 26 33 36 32 30 28 31 35 38 44 44 42 38 37 33 32 32 32 32 31 31 32 32 32 32 30 29 29 31 29 28 32 42 57 70 77 77 75 74 72 71 68 64 61 60 58 58 58 58 57 57 57 57 57 57 57 54 54 54 54 54 54 53 53 52 53 53 56 53 46 37 25 23 12 9 8 8 8 9 9 
24 19 17 16 15 21 30 35 36 32 29 32 37 41 45 44 40 37 36 33 32 32 32 33 32 31 32 32 32 31 30 30 31 32 29 30 32 43 61 74 79 78 75 74 71 70 67 63 59 58 56 56 57 58 57 57 57 58 58 58 58 54 54 55 55 54 54 53 52 51 52 53 54 53 46 28 14 8 10 10 8 9 10 9 9 
23 18 17 17 18 19 23 28 31 32 31 35 38 44 46 44 40 37 36 33 32 32 33 33 32 31 32 31 31 31 30 30 29 29 29 29 36 49 68 78 80 79 77 73 72 70 67 61 58 56 54 56 58 59 58 57 57 58 58 58 58 56 56 57 55 54 54 53 52 51 52 53 54 53 45 25 5 8 10 11 9 10 11 10 10 
21 17 17 17 18 21 22 23 26 29 35 39 42 43 45 44 40 37 35 33 33 33 33 35 35 36 34 33 33 32 31 29 29 29 27 24 35 60 80 84 82 79 75 72 70 68 66 63 57 56 54 56 58 58 58 59 59 57 56 56 56 56 54 54 54 54 53 52 51 51 52 53 54 53 47 30 16 9 11 11 10 11 12 12 12 
19 17 17 17 18 19 21 22 24 26 33 38 42 43 44 42 38 35 35 33 33 33 33 35 35 34 34 33 33 32 31 30 27 32 26 23 43 71 90 89 82 79 74 71 68 68 66 63 58 54 53 56 58 59 58 59 59 58 57 56 56 56 54 54 54 54 53 52 51 50 51 53 53 53 46 30 15 9 11 11 11 11 12 12 12 
17 17 17 17 18 18 19 21 22 24 31 36 39 43 43 40 36 33 33 33 35 35 35 36 35 34 33 32 32 32 31 30 29 33 26 24 43 75 95 92 82 78 73 71 70 68 66 64 58 53 53 56 59 59 59 60 60 58 57 57 57 57 55 55 55 54 53 52 51 50 51 52 52 52 46 31 15 10 11 11 12 12 12 12 12 
18 17 17 17 18 18 18 19 21 22 30 33 37 43 43 39 35 35 35 35 35 36 36 36 35 34 33 32 32 32 31 30 29 28 25 30 50 84 99 92 82 77 73 71 71 68 66 61 57 53 53 56 59 59 59 60 60 58 57 57 57 57 55 55 54 53 52 51 50 50 50 51 51 51 45 30 14 9 11 11 11 12 12 12 12 
17 17 16 16 17 18 18 19 19 21 29 32 36 38 39 38 37 37 38 37 37 36 36 36 35 33 32 31 31 31 30 29 28 26 25 35 54 84 95 88 80 75 72 72 72 68 65 61 57 53 53 56 59 59 59 60 60 58 57 57 57 57 55 55 54 52 52 51 50 49 49 50 50 50 44 29 12 9 11 11 11 12 12 12 12 
16 17 16 16 16 17 18 18 18 19 29 31 31 42 40 35 36 36 37 37 37 36 36 35 33 33 32 31 31 30 30 29 29 26 24 35 59 88 94 85 79 73 71 73 72 67 64 59 57 54 53 56 59 59 59 60 60 58 57 57 57 57 55 54 53 52 52 50 49 49 47 48 48 48 43 28 11 10 11 11 12 12 12 12 12 
16 16 15 15 15 16 17 17 18 18 29 31 33 39 39 36 36 37 37 37 37 37 36 34 33 33 33 31 31 30 30 30 29 28 25 37 68 93 92 84 78 73 72 72 71 65 63 58 56 54 53 57 60 59 59 59 58 59 58 57 57 57 55 54 53 53 52 51 50 47 46 47 48 48 43 28 11 8 10 10 10 11 11 11 12 
16 17 15 16 16 17 18 18 17 16 25 30 32 38 38 36 37 38 38 37 37 37 36 34 33 33 33 31 31 30 30 30 30 29 25 39 74 96 92 82 78 73 72 71 68 64 61 58 56 53 53 58 60 59 58 58 58 58 58 57 57 57 55 54 53 53 52 51 50 47 46 46 47 48 43 29 11 8 10 9 10 11 11 11 12 
16 17 17 17 19 20 20 20 19 19 28 30 32 37 38 37 37 38 38 37 36 36 35 33 32 32 31 31 31 30 30 30 29 28 28 45 78 95 90 80 74 71 70 70 67 65 61 57 53 52 54 58 59 60 59 60 59 58 57 56 56 56 54 53 52 52 51 48 47 47 46 45 47 50 44 29 12 9 10 9 9 11 11 12 12 
18 18 18 18 19 22 22 23 22 22 30 32 35 38 40 38 38 39 38 37 36 35 35 33 32 32 32 31 31 30 31 31 29 29 29 51 87 97 89 78 73 70 68 68 67 64 60 57 53 52 56 58 59 59 59 60 59 58 57 56 56 56 54 53 52 52 51 48 48 47 46 44 47 51 45 30 14 8 9 9 9 10 11 12 12 
19 21 21 22 23 23 23 23 24 25 32 33 37 40 44 42 40 42 39 37 35 35 35 33 32 32 32 31 31 31 31 31 30 29 31 56 92 100 87 74 73 70 68 67 66 63 60 57 53 53 56 59 60 60 60 60 59 58 58 57 57 57 56 54 52 52 50 50 48 47 46 44 47 52 46 31 15 7 8 9 9 10 11 12 12 
22 22 23 23 23 24 24 24 25 27 33 35 38 42 45 43 42 42 40 37 35 35 35 33 32 32 31 31 31 30 31 31 31 31 35 59 92 101 85 73 73 71 70 67 66 63 60 57 53 53 57 58 59 60 60 60 59 58 58 57 57 57 56 56 53 52 50 50 48 47 45 44 47 52 46 31 15 7 8 9 9 10 11 12 12 
23 24 24 24 24 25 25 24 26 26 31 36 39 42 45 43 43 43 40 37 35 35 35 33 32 32 31 31 31 31 31 31 32 32 37 66 97 102 84 73 73 72 71 68 66 61 59 57 53 53 57 58 59 59 60 60 59 58 58 58 58 58 57 56 53 52 50 50 48 47 45 44 47 52 46 31 15 7 8 9 9 10 11 12 12 
23 24 25 25 26 25 25 25 26 25 30 35 38 42 44 42 42 42 42 37 35 35 35 32 32 32 31 31 31 30 31 31 30 28 37 72 100 100 80 74 74 72 71 70 65 60 59 56 54 54 56 58 59 59 60 60 59 58 58 58 58 57 57 56 53 52 50 50 48 47 45 44 47 52 46 31 15 8 8 9 9 10 11 12 12 
25 25 25 24 25 25 25 25 26 25 30 35 38 43 46 43 40 38 40 36 33 33 33 32 32 32 31 31 31 30 30 31 29 25 39 79 104 97 78 73 73 71 70 67 65 61 58 57 54 54 56 58 58 59 59 59 59 59 59 59 59 57 56 54 53 51 50 50 48 46 45 46 50 53 47 32 16 9 10 10 11 11 12 12 12 
25 25 25 25 25 25 25 25 26 25 30 37 37 43 47 43 39 37 39 36 33 33 33 32 32 32 32 31 31 30 30 30 29 26 49 87 109 97 78 73 71 70 68 66 64 60 58 56 56 54 56 57 58 59 59 59 59 60 59 59 59 57 56 54 53 51 50 48 48 45 46 47 51 56 47 32 17 9 10 10 11 11 11 12 12 
25 25 25 25 25 26 26 25 26 26 31 38 44 45 50 45 38 36 37 36 32 32 32 32 31 32 32 31 30 30 30 29 29 28 52 92 109 96 78 71 68 67 66 65 63 61 58 56 56 56 57 58 58 59 59 58 59 58 58 58 58 56 54 53 51 50 49 47 45 44 46 49 52 56 49 31 15 8 9 10 10 11 12 12 12 
25 25 25 25 25 25 25 25 26 25 33 38 44 50 51 46 39 36 36 35 32 32 32 31 31 32 32 31 30 28 28 28 26 28 64 104 108 87 74 68 65 65 65 64 63 61 58 56 56 56 57 59 59 59 59 58 59 58 58 58 58 56 54 52 50 49 49 47 45 45 46 51 53 56 47 29 14 9 10 10 10 11 12 12 13 
24 24 24 25 25 25 25 25 25 25 33 38 43 51 53 49 39 35 35 35 32 32 32 31 31 32 33 31 29 26 25 25 24 29 70 107 108 81 68 65 63 64 64 63 61 60 57 56 54 56 58 59 59 59 59 58 59 58 58 58 58 55 53 51 51 49 49 46 45 45 47 52 56 56 46 28 11 11 11 11 11 11 12 13 13 
24 24 24 25 25 25 25 26 26 26 31 35 40 49 50 47 38 33 32 31 30 28 29 29 30 30 30 26 24 22 21 18 22 32 74 113 107 80 65 64 63 63 64 63 61 59 56 54 54 56 58 59 59 59 59 58 58 58 57 57 57 54 53 51 50 49 47 46 46 46 48 53 57 56 45 26 10 10 11 11 11 12 12 13 13 
24 24 24 24 24 25 25 26 26 25 28 32 38 40 45 44 37 32 26 23 22 23 23 23 24 24 22 21 21 18 17 16 17 33 81 114 101 79 64 63 64 63 64 63 61 58 56 54 54 56 58 59 59 58 59 58 58 58 57 57 55 54 53 51 50 47 47 47 46 48 51 53 57 54 43 23 9 10 11 11 12 12 12 13 13 
24 24 25 25 25 25 25 26 26 25 26 30 32 35 39 40 36 30 23 17 18 18 18 18 17 17 17 17 18 17 17 16 17 37 90 109 90 74 64 63 65 63 64 63 60 57 54 53 53 56 59 60 59 59 59 58 58 57 57 57 55 54 52 50 50 47 49 49 47 50 52 54 57 54 43 22 8 10 11 11 11 12 12 12 13 
25 25 26 26 26 26 26 27 27 26 26 28 29 31 33 36 33 29 23 19 19 17 17 16 15 16 16 16 17 17 17 17 19 39 90 103 83 68 64 65 65 63 64 61 59 56 53 53 53 56 59 59 59 59 59 58 57 58 58 55 54 52 51 50 51 50 49 49 49 52 53 56 57 53 43 23 8 10 11 10 10 11 12 12 12 
26 26 28 28 28 28 26 29 29 28 28 28 28 29 30 32 31 28 23 21 21 19 17 15 15 15 15 15 15 16 17 18 22 44 89 98 81 68 65 65 64 61 59 56 53 51 52 52 50 51 56 57 57 57 58 57 57 58 58 55 54 52 52 51 51 50 49 50 50 53 55 56 58 53 42 23 9 11 11 10 10 11 12 12 12 
28 28 28 28 28 28 28 29 29 28 28 28 28 29 29 30 31 26 24 22 22 19 16 14 12 12 12 14 15 17 18 21 23 43 74 95 83 73 70 71 66 59 52 45 43 44 44 44 39 40 46 50 50 50 53 54 56 57 55 54 53 52 52 52 53 51 50 50 54 55 55 57 57 53 43 24 11 11 11 10 11 11 12 12 12 
29 29 29 29 29 29 28 29 29 28 28 28 28 28 29 30 30 28 24 24 22 19 17 14 11 12 12 12 16 18 19 22 25 35 53 66 73 79 79 81 71 57 47 39 37 35 32 31 30 30 31 35 37 38 43 47 50 52 51 51 52 51 52 52 52 50 46 46 49 55 57 57 57 53 42 26 14 11 11 10 11 11 12 12 12 
30 30 30 30 30 30 29 29 29 29 29 29 30 28 29 31 31 30 28 28 25 22 17 14 12 13 14 14 18 21 22 26 29 33 38 43 54 71 79 81 79 67 64 61 53 42 35 30 26 23 21 23 23 25 31 38 40 41 44 44 45 44 44 43 43 42 38 37 39 57 58 57 57 53 42 26 15 11 11 10 11 11 12 12 12 
30 30 30 30 29 29 29 27 27 27 29 29 29 28 28 30 30 29 29 30 29 24 19 14 12 13 15 15 19 22 23 26 30 31 30 32 34 42 56 59 73 73 82 85 72 57 42 33 26 19 17 16 16 18 22 25 29 30 31 31 32 31 31 30 31 28 26 24 24 60 59 56 56 52 42 25 14 11 11 10 11 11 12 12 12 
29 29 29 29 29 30 29 29 29 28 28 28 29 29 29 29 29 30 31 32 31 28 23 16 12 14 16 17 22 23 24 27 30 31 29 27 25 22 25 26 52 59 71 73 64 54 36 28 23 19 17 16 15 15 16 17 18 19 19 19 19 19 18 16 17 17 17 18 22 58 58 56 56 52 40 25 12 11 11 10 11 11 12 12 12 
30 30 30 30 30 31 30 30 30 29 29 29 30 30 30 29 29 30 32 32 31 31 28 21 15 15 17 19 23 24 25 29 29 29 26 25 23 21 18 19 32 38 49 52 48 40 29 24 23 21 17 16 14 14 14 12 14 15 15 15 15 15 15 14 12 13 15 17 23 57 57 56 56 52 40 24 12 11 11 10 11 11 12 12 12 
31 31 31 33 33 34 34 34 34 33 33 32 32 31 30 29 30 32 33 33 35 36 34 25 18 16 17 21 24 25 26 29 29 28 25 24 23 22 19 21 18 21 29 31 31 33 30 25 23 21 17 16 14 14 14 12 14 14 15 15 15 14 14 14 14 14 14 17 19 56 54 56 56 52 40 24 14 12 11 10 11 11 12 12 12 
33 33 33 33 33 34 34 34 34 33 35 35 35 35 33 33 35 35 35 36 36 38 37 29 22 17 18 23 26 28 28 29 30 28 26 24 23 23 21 19 18 18 16 18 25 32 33 28 23 21 18 16 15 14 14 14 14 14 15 15 15 15 14 14 14 14 15 18 22 56 54 54 54 52 40 23 12 12 10 11 11 11 11 12 12 
33 34 34 36 36 35 35 35 35 35 36 36 36 36 36 36 35 36 36 36 36 36 36 30 24 19 19 25 28 29 30 30 29 29 27 26 25 23 21 18 18 16 15 11 24 44 36 26 23 19 18 16 15 15 14 14 14 14 14 14 15 16 16 16 16 15 14 22 34 52 52 53 53 53 41 23 12 10 9 10 10 9 10 10 10 
35 36 36 37 37 36 36 36 36 36 36 36 36 37 36 36 36 37 38 37 37 37 36 31 26 20 19 23 26 27 30 30 29 29 29 27 24 22 18 16 15 15 12 14 26 46 38 25 21 19 18 16 15 15 14 14 14 14 15 15 15 16 16 16 16 15 14 23 37 49 50 50 51 53 40 22 12 10 10 10 10 10 10 10 10 
36 36 37 37 37 37 37 37 37 37 37 37 37 37 37 37 37 37 38 38 37 37 36 32 29 22 18 23 26 27 30 30 29 29 29 29 23 21 16 15 13 15 13 16 29 49 42 24 19 19 18 16 16 16 15 15 15 15 15 15 15 15 15 15 15 15 15 24 37 44 45 45 47 50 38 22 12 10 10 10 10 10 10 10 10 
