1 1 1 1 1 1 1 1 1 1 1 1 1 1 2 7 19 25 22 16 14 15 15 23 32 42 51 56 58 55 52 45 37 30 23 19 17 15 14 15 16 15 15 16 16 17 18 19 19 19 21 21 20 20 20 19 20 20 19 20 19 21 22 24 24 24 23 24 22 23 24 
1 1 1 1 1 1 1 1 1 1 1 1 1 1 2 5 18 23 19 16 15 15 15 23 32 40 50 54 57 55 51 44 37 30 24 21 18 16 16 16 17 16 17 18 17 18 18 18 19 21 22 22 23 23 24 24 24 24 24 25 24 25 26 29 29 29 30 30 28 29 30 
1 1 1 1 1 1 1 1 1 1 1 1 1 1 3 5 15 20 17 16 15 15 15 23 31 40 49 54 57 54 51 45 39 32 25 23 20 18 16 17 17 17 19 19 17 19 22 23 22 24 26 26 29 30 31 31 32 31 31 32 33 36 37 39 38 39 40 40 40 43 42 
1 1 1 1 1 1 1 1 1 1 1 1 1 1 3 5 15 22 17 15 15 15 14 23 31 40 49 54 57 54 50 44 37 29 23 22 19 18 19 18 19 23 24 25 26 29 33 37 33 36 39 40 43 45 46 47 49 49 50 51 52 54 57 59 59 61 64 63 61 63 61 
1 1 1 2 2 1 1 1 1 1 1 1 1 2 3 5 24 27 18 17 15 16 16 25 33 42 51 56 57 56 51 42 35 30 25 24 24 26 29 32 38 40 43 46 51 53 58 60 53 56 59 62 63 64 67 70 72 73 74 74 77 79 81 82 82 85 86 86 86 86 88 
1 1 1 2 2 1 1 1 1 1 1 1 2 2 4 5 26 27 20 19 16 16 16 26 36 44 53 58 59 58 52 46 44 40 38 39 46 49 51 57 61 65 68 71 75 78 81 83 77 79 82 85 86 88 89 90 92 94 95 95 97 100 101 101 101 101 102 102 102 103 107 
1 1 1 1 1 1 1 0 1 1 1 1 1 1 4 5 22 29 21 18 16 15 15 25 37 46 54 60 62 60 58 57 58 59 59 65 71 72 77 80 84 87 89 92 94 96 100 101 97 100 102 103 105 107 106 107 108 108 109 108 110 111 111 113 113 113 113 111 111 114 111 
2 1 1 1 1 1 1 0 1 1 1 1 1 1 5 14 20 30 26 22 18 15 16 30 40 49 57 64 67 68 68 68 76 81 85 89 92 94 96 99 102 102 104 106 107 107 110 110 109 109 110 111 110 111 110 110 113 113 111 111 111 114 114 115 115 116 116 114 114 116 113 
1 1 1 1 2 1 1 0 1 1 1 1 1 1 6 18 22 29 28 43 44 44 44 57 57 63 70 77 81 85 89 92 92 94 98 101 102 104 104 106 107 107 108 108 108 108 109 109 108 108 108 106 104 103 103 103 102 102 103 103 103 105 106 106 107 108 110 109 106 108 109 
1 1 1 1 1 1 1 0 0 1 1 1 1 1 5 18 25 25 19 26 38 58 51 70 84 87 93 100 103 103 103 103 103 106 109 109 109 109 106 107 106 106 106 106 106 106 103 102 101 101 100 97 95 93 92 89 87 87 89 91 93 95 94 94 93 90 94 96 94 94 95 
1 1 1 1 1 1 1 1 0 1 1 1 1 1 5 17 27 22 8 8 24 55 73 88 97 101 106 109 110 109 107 106 104 106 106 104 103 102 100 99 99 96 95 95 95 93 92 89 88 87 85 82 80 78 75 73 71 71 74 75 77 79 80 79 79 77 78 81 80 79 80 
1 1 1 1 1 1 1 1 1 1 1 1 1 1 5 16 23 16 5 4 12 37 74 92 103 104 109 111 109 106 101 99 99 97 96 94 93 90 86 84 84 81 80 79 77 77 74 72 71 70 67 65 61 59 57 54 52 52 56 57 58 59 60 59 59 59 61 64 65 65 65 
1 1 1 1 1 1 1 1 1 1 1 1 1 1 2 15 24 22 16 12 12 26 57 82 104 103 103 102 99 94 89 85 85 82 80 79 78 74 71 67 65 63 61 63 60 59 58 56 54 53 51 47 46 44 41 39 36 34 38 39 40 44 44 43 43 45 46 47 47 50 52 
1 1 1 1 1 1 1 1 1 1 1 1 1 1 2 15 29 31 28 25 24 29 45 70 99 93 90 86 81 79 75 71 71 68 65 63 60 58 56 53 50 49 47 47 46 44 43 43 40 39 38 37 35 32 31 29 27 24 25 27 29 31 31 32 32 35 36 36 36 33 36 
1 1 1 1 1 1 1 1 1 1 1 1 1 1 3 17 32 36 36 37 35 35 46 59 87 78 71 67 64 60 58 57 56 54 52 47 46 44 42 39 37 36 33 35 35 32 32 33 32 31 31 29 29 28 24 23 21 22 22 24 24 24 25 26 29 31 31 31 30 29 28 
1 1 1 1 1 1 1 1 1 1 1 1 1 1 4 19 23 30 31 35 37 37 42 45 65 60 54 53 50 45 43 40 40 39 39 37 36 33 32 30 29 29 29 29 29 28 28 28 26 26 26 24 24 23 22 19 19 21 22 23 23 24 24 25 26 29 29 29 28 26 25 
1 1 1 1 1 1 1 1 1 1 1 2 1 2 6 20 24 30 31 32 35 36 37 36 35 37 38 39 37 33 32 31 30 31 31 30 30 28 28 26 26 26 27 29 28 26 26 25 24 24 23 22 21 19 19 19 18 21 22 24 25 25 24 24 26 26 26 26 26 26 26 
1 1 1 1 1 1 1 1 1 1 1 2 1 1 3 17 31 35 33 31 32 36 39 32 28 30 31 31 30 29 26 25 25 25 26 28 28 25 25 23 23 23 24 25 25 24 24 23 22 22 22 19 19 19 19 18 18 19 22 23 24 24 24 25 25 28 28 28 25 29 31 
1 1 1 1 1 1 1 1 1 1 1 2 1 1 2 11 22 28 31 33 35 32 40 35 26 29 26 26 26 25 25 24 22 23 24 25 24 23 22 20 20 20 19 19 22 21 21 21 19 18 18 18 18 19 20 18 18 20 23 24 23 23 25 26 27 27 28 28 25 30 33 
1 1 1 1 1 1 1 1 1 1 1 2 1 1 2 7 10 14 25 38 39 29 29 26 27 27 26 28 28 26 24 22 19 21 22 23 20 20 19 19 18 19 18 19 19 19 19 19 19 19 18 19 19 19 22 20 22 23 24 24 24 24 25 26 26 26 28 30 28 28 30 
1 1 1 1 1 1 1 1 1 1 1 2 2 2 2 2 4 3 14 33 37 29 23 19 19 23 25 26 26 24 21 19 19 21 22 21 21 21 20 20 19 20 20 20 19 19 21 21 22 20 19 22 21 22 22 23 23 23 24 24 24 25 25 24 25 25 25 26 26 24 23 
1 1 1 1 1 1 1 1 1 1 1 1 2 2 2 1 3 1 5 21 25 25 26 28 15 21 25 26 26 24 22 22 23 24 25 25 24 24 24 23 23 24 24 24 24 25 25 25 27 27 27 27 28 28 28 28 28 28 28 26 28 30 30 31 30 31 31 31 30 30 26 
1 1 1 1 1 1 1 1 1 1 1 1 1 1 1 1 2 1 2 7 11 23 31 38 28 29 31 32 32 31 29 28 28 30 32 33 32 32 31 31 31 32 34 36 36 36 38 39 38 38 39 42 40 42 42 40 42 43 43 40 43 45 44 45 44 44 44 44 44 44 43 
1 1 1 1 1 1 1 1 1 1 1 1 1 1 1 1 1 1 2 4 6 22 37 51 50 50 52 53 53 52 50 49 47 47 47 50 51 51 50 51 51 51 53 53 52 52 55 57 56 56 56 58 57 59 60 60 59 60 60 61 62 61 60 60 60 59 58 58 58 57 57 
1 1 1 1 1 1 1 1 1 1 0 1 1 1 1 1 1 1 5 10 6 21 42 99 70 70 74 78 82 81 79 78 78 77 77 77 75 77 77 78 77 78 79 79 81 80 80 80 80 82 85 82 81 82 82 81 81 80 80 80 81 80 78 75 75 74 73 73 72 72 71 
1 1 1 1 1 1 1 1 1 1 0 1 1 1 1 1 1 9 23 30 21 18 39 93 102 99 97 97 101 102 99 99 100 100 100 100 99 100 100 100 101 101 102 103 102 103 103 103 103 106 108 107 106 106 104 103 102 101 100 100 101 101 97 96 94 94 92 92 90 90 87 
1 1 1 1 1 1 1 1 1 1 0 0 0 1 1 1 3 18 36 40 31 25 38 84 112 110 108 109 110 111 111 111 110 110 109 109 109 110 110 111 111 113 114 114 115 115 115 115 116 116 117 117 117 117 115 115 115 114 114 114 114 114 114 114 111 110 109 109 108 108 104 
1 1 1 1 1 1 1 1 1 1 1 1 1 1 1 1 7 15 27 33 30 25 33 78 105 109 111 118 118 118 117 115 115 115 113 113 111 114 114 115 115 116 117 118 120 120 120 121 121 120 120 121 122 120 120 120 120 118 118 118 118 121 121 121 121 120 118 118 117 117 114 
1 1 1 1 1 1 1 1 1 1 1 1 1 1 2 2 2 9 20 27 26 32 35 70 98 105 110 115 111 111 114 111 110 110 109 109 108 109 110 113 111 113 114 116 116 116 116 118 117 117 116 118 120 121 122 122 121 122 122 123 123 124 124 124 123 123 123 124 124 123 122 
1 1 1 1 1 1 1 1 1 1 1 1 1 1 2 2 2 15 26 25 26 33 40 56 88 94 100 100 97 97 100 100 99 99 97 96 96 99 100 100 101 102 104 104 105 107 107 107 108 108 109 111 113 115 117 118 118 118 121 121 121 121 122 122 123 123 123 123 123 125 122 
1 1 1 1 1 1 1 1 0 1 1 1 1 1 1 2 3 16 30 30 30 24 38 43 72 75 79 75 73 74 77 77 78 80 82 81 79 77 79 81 81 84 87 88 90 91 92 93 94 96 99 99 100 102 106 108 109 110 111 113 114 114 115 116 117 118 120 118 120 120 117 
1 1 1 1 1 1 1 1 0 0 0 1 1 1 1 2 1 8 25 36 38 24 26 29 53 56 57 54 52 51 51 52 53 57 60 61 60 56 58 60 61 64 67 69 71 73 74 75 78 80 85 87 88 90 93 94 94 99 103 106 105 107 108 109 110 113 115 115 114 113 109 
1 1 1 1 2 2 2 2 1 1 1 2 2 1 1 2 1 7 26 37 26 19 26 30 39 36 37 38 38 39 38 38 36 37 37 37 40 42 42 40 40 42 44 46 49 49 52 54 57 60 65 71 73 77 81 85 94 102 109 113 115 118 120 121 118 113 108 111 112 111 105 
1 1 1 1 2 2 2 2 1 1 1 2 2 2 1 2 1 4 24 33 17 9 26 37 28 30 31 30 30 29 27 25 25 26 29 28 30 25 26 30 30 30 30 31 33 33 35 36 38 39 43 47 51 57 63 68 73 79 85 90 97 102 107 106 101 99 99 106 110 109 101 
1 1 1 1 1 0 0 1 0 0 1 1 1 2 1 1 1 2 14 23 17 6 19 39 32 32 33 32 30 29 28 26 26 28 29 28 28 24 25 28 28 29 29 28 28 28 28 28 26 28 30 32 32 33 37 43 44 47 54 60 67 73 77 78 68 73 82 96 106 104 95 
1 1 1 0 0 0 0 0 0 0 1 1 1 1 1 1 1 1 5 11 12 5 16 37 39 37 37 35 33 33 32 31 31 30 30 30 30 31 31 31 30 31 31 30 30 29 29 29 29 28 29 27 25 23 24 25 26 29 31 36 42 47 50 53 44 49 61 79 97 97 92 
2 2 2 1 0 0 0 1 0 0 1 1 0 0 1 1 1 1 3 3 6 3 15 37 41 38 37 35 33 35 33 32 31 31 30 30 32 32 32 31 31 31 31 32 32 32 32 32 33 32 30 28 24 23 23 20 17 15 14 15 19 24 28 32 24 25 33 52 75 84 85 
2 2 0 0 0 0 1 1 1 0 1 1 0 0 1 1 1 1 2 2 4 4 16 35 41 38 37 35 33 35 33 32 32 32 32 32 32 32 32 33 32 33 32 32 32 32 32 33 33 32 31 30 28 26 23 20 18 15 10 10 12 15 19 20 19 17 20 30 52 63 71 
2 2 2 1 1 1 1 1 1 1 1 1 1 1 1 1 1 1 2 2 2 7 19 39 38 35 35 33 32 32 32 31 32 32 33 33 33 35 35 35 33 33 33 33 35 35 35 37 36 35 32 30 26 23 19 17 16 13 12 12 12 13 15 17 17 14 13 18 29 42 56 
8 21 40 25 10 1 1 1 1 1 0 1 1 1 1 1 2 1 2 1 2 10 23 27 35 32 33 32 31 31 31 31 31 32 33 33 35 36 36 36 35 35 33 36 36 35 37 39 39 37 35 31 23 21 17 16 15 15 13 15 13 13 15 17 18 14 11 13 18 26 38 
2 22 46 42 15 1 1 1 1 1 1 1 1 1 2 3 1 1 1 1 1 14 26 28 30 31 32 31 31 30 31 31 32 32 35 35 36 37 37 36 35 33 33 36 38 39 43 40 39 36 32 25 18 15 15 13 14 14 12 12 12 12 11 12 14 12 10 12 12 13 17 
4 31 70 66 25 1 0 1 1 1 1 1 1 1 1 1 2 1 1 2 2 14 28 31 31 31 32 32 32 32 33 33 33 33 36 36 38 39 38 37 35 32 35 39 44 47 51 49 38 32 26 17 12 10 11 12 12 12 12 12 11 11 11 11 12 11 10 11 11 12 11 
5 31 72 87 50 7 3 3 3 2 2 1 1 1 1 2 2 2 2 3 8 19 38 39 34 34 33 34 33 33 33 35 35 36 38 38 40 42 40 40 40 44 52 56 57 58 58 54 37 29 19 12 10 10 9 9 11 11 10 10 10 10 10 10 9 9 10 10 9 9 6 
3 19 64 97 63 17 5 4 3 3 3 1 1 2 3 4 6 8 11 9 16 37 59 56 33 33 34 34 33 33 35 36 36 38 40 42 45 45 47 50 52 57 63 61 60 60 56 47 31 21 12 9 10 11 10 9 10 10 9 9 10 10 10 10 9 9 10 11 9 9 6 
4 18 71 107 81 40 16 9 5 4 3 3 2 2 4 8 10 12 16 13 17 38 65 68 39 33 36 36 35 35 35 36 36 38 43 45 51 53 56 59 61 66 61 57 52 49 39 31 21 11 9 9 12 14 11 11 9 9 10 10 10 10 10 10 9 10 10 11 10 9 5 
2 15 68 104 88 50 15 6 3 4 4 4 2 3 5 9 12 16 20 20 20 38 70 72 43 36 36 36 35 35 35 35 33 36 40 44 50 52 56 59 61 60 53 47 40 35 25 17 14 10 8 9 11 11 11 11 9 9 10 10 10 10 10 10 9 10 10 11 10 9 5 
1 12 63 95 93 68 22 8 4 4 3 3 3 4 8 10 11 15 21 21 20 37 67 70 42 35 35 33 35 33 32 32 31 32 34 39 40 40 43 43 44 36 28 24 22 19 16 14 15 13 13 13 13 13 11 10 10 9 10 10 9 9 8 8 8 9 9 9 9 9 4 
1 11 36 63 68 55 24 11 5 5 4 4 5 5 10 12 11 15 19 22 17 29 59 59 42 35 35 33 35 33 32 32 30 30 31 33 34 32 30 29 25 17 13 15 14 14 11 12 15 16 16 15 13 13 10 9 9 9 10 11 9 8 8 8 8 8 9 9 9 9 4 
1 9 28 54 64 54 25 10 5 5 4 4 5 5 9 11 11 14 18 23 15 24 67 78 50 33 35 33 35 33 32 30 29 30 29 29 30 31 32 31 22 18 17 16 17 15 16 18 18 18 18 18 16 16 12 9 8 11 14 14 11 10 9 9 9 9 9 9 8 7 4 
2 5 18 40 55 50 24 10 5 5 5 7 8 8 10 11 11 14 18 22 17 26 74 94 61 36 32 32 32 31 32 29 26 29 30 29 29 29 30 29 23 22 18 18 20 22 22 22 24 24 24 26 24 24 21 17 17 19 22 23 19 16 12 10 10 9 9 8 7 7 3 
2 2 21 39 50 44 24 10 4 5 8 10 10 11 11 12 11 14 17 18 18 29 76 102 70 37 30 31 30 29 31 25 24 29 30 28 28 28 28 28 28 26 25 24 24 25 28 29 30 31 33 33 31 32 28 25 25 27 29 30 26 23 18 15 13 11 9 8 5 5 3 
1 4 11 22 39 39 23 10 4 5 9 10 11 14 12 11 11 14 17 17 19 29 73 100 73 37 29 29 28 28 32 24 22 28 28 28 29 29 29 29 29 28 28 28 29 32 33 36 36 36 38 39 37 37 33 32 33 34 36 37 33 29 24 20 18 16 12 10 7 7 4 
1 3 5 14 33 37 25 12 4 6 9 11 11 14 12 11 11 14 17 18 21 26 65 109 79 35 30 30 28 28 35 24 23 25 28 28 29 29 31 32 33 35 38 40 40 43 45 44 44 44 45 45 42 42 40 39 38 39 40 40 36 31 28 26 23 18 18 13 9 9 6 
1 2 5 12 32 37 29 15 5 8 10 11 11 14 12 12 11 15 17 18 21 25 61 105 74 36 30 33 28 26 33 25 24 26 26 28 29 29 31 33 36 38 41 44 47 49 51 51 49 47 47 48 45 46 44 43 42 42 42 42 37 32 31 31 30 24 19 13 10 9 6 
1 2 2 9 26 34 31 17 9 9 9 10 11 13 11 11 12 16 17 18 19 22 59 101 68 35 29 33 26 24 31 30 28 28 27 29 29 28 31 38 43 45 46 47 53 57 60 59 53 52 50 50 47 48 45 43 42 42 42 42 36 33 32 33 33 30 26 19 15 12 8 
1 1 1 3 20 33 35 22 11 9 9 10 11 12 10 10 12 15 18 18 19 19 58 107 72 33 29 33 26 24 32 33 30 29 29 30 29 28 30 40 46 52 51 47 54 58 64 63 53 53 52 52 47 46 44 43 42 43 43 39 36 35 35 36 36 33 31 26 19 15 10 
1 1 0 1 17 31 36 24 13 10 7 8 10 11 11 11 11 16 17 18 19 20 64 103 71 32 29 32 26 24 32 32 31 28 26 29 29 25 31 46 49 56 61 61 64 65 65 66 62 60 59 53 46 44 42 40 42 40 40 38 36 35 36 37 37 35 32 26 20 16 10 
1 1 0 0 12 27 33 26 17 10 7 8 10 11 11 11 12 16 17 18 20 20 71 114 75 31 29 33 26 26 31 32 30 29 28 30 28 25 37 53 54 63 71 72 72 73 74 71 71 67 61 55 47 43 40 40 40 39 39 37 35 33 36 38 38 35 32 26 20 16 10 
1 0 0 1 3 9 28 30 18 10 7 8 9 10 11 12 11 15 17 19 20 22 73 118 77 29 28 33 30 30 30 31 30 29 29 31 28 31 37 47 59 69 75 75 75 78 78 78 75 71 66 57 47 42 42 42 41 40 38 36 33 32 35 39 40 37 32 28 19 15 10 
1 1 0 1 4 9 26 32 22 12 8 8 9 10 11 12 12 15 16 19 20 24 73 113 73 29 29 37 33 30 30 30 29 29 30 30 29 31 37 51 61 74 79 78 77 79 80 80 80 74 65 57 49 44 44 44 43 40 36 35 33 32 35 39 40 37 32 28 19 15 10 
1 1 1 1 2 7 25 33 22 11 10 8 8 9 11 12 11 14 15 18 20 29 73 104 71 30 29 37 32 30 29 29 29 29 30 31 29 33 40 52 64 73 78 79 77 78 78 79 79 73 62 54 46 45 47 46 44 40 36 33 35 33 36 40 40 37 33 29 21 16 11 
1 1 1 1 2 4 21 31 25 16 10 8 7 9 11 13 12 14 15 17 22 30 77 111 73 31 29 33 32 30 29 29 28 28 30 32 30 37 45 55 66 75 78 78 77 77 78 78 77 70 59 50 46 47 50 47 45 39 35 35 33 33 35 40 42 38 36 31 23 18 14 
1 1 1 1 2 3 15 31 30 18 11 8 7 8 11 15 13 15 15 18 22 29 82 114 71 32 30 32 31 30 29 29 28 28 29 32 34 40 50 59 70 78 80 78 75 77 78 77 74 67 57 47 46 49 53 52 45 39 37 37 35 35 37 42 43 40 38 33 25 21 18 
1 1 1 1 2 3 13 37 37 21 10 8 7 8 11 15 13 15 16 18 21 30 87 116 67 33 31 30 29 30 29 29 28 29 29 32 37 43 53 64 73 75 78 78 77 77 77 74 72 65 53 46 46 51 54 52 46 40 38 37 36 35 38 42 45 44 42 37 30 25 20 
1 1 1 2 2 4 9 31 36 23 11 9 8 8 9 10 12 15 16 19 21 30 89 118 67 37 33 31 29 29 29 29 29 29 30 33 37 43 53 72 72 73 74 75 75 74 78 75 65 53 50 45 45 51 53 50 46 42 40 40 39 37 41 45 50 47 43 40 33 29 23 
1 1 1 2 2 3 6 26 35 29 16 10 9 8 9 9 11 16 17 19 21 31 92 121 68 39 38 35 32 31 30 31 31 31 32 36 40 45 53 64 66 66 67 67 66 64 69 68 53 45 45 44 45 51 52 51 46 45 45 47 47 44 45 47 52 50 44 43 38 33 24 
1 1 1 1 2 4 6 25 36 32 18 11 9 7 9 12 8 16 19 21 21 32 94 122 67 37 42 38 36 35 35 35 35 35 35 39 45 49 53 57 59 60 60 60 58 57 57 54 52 47 45 44 46 52 51 51 52 53 54 56 56 54 54 54 53 47 45 43 40 37 26 
1 1 1 1 3 4 6 23 42 42 19 8 7 7 10 12 9 17 22 22 21 33 94 121 68 39 43 43 42 42 42 42 42 43 39 42 47 51 53 54 57 59 60 60 59 58 57 57 57 54 54 52 53 59 59 59 60 61 66 66 68 67 66 64 56 47 41 38 36 34 27 
1 1 1 1 3 5 6 22 43 40 19 9 7 7 9 11 11 19 23 22 18 32 93 117 80 60 57 56 56 56 56 54 56 60 60 58 61 61 63 63 64 64 65 67 68 68 71 71 71 71 68 67 70 73 73 73 72 74 79 81 82 81 78 74 52 44 35 33 31 30 24 
1 1 1 1 3 7 8 30 51 52 36 16 8 8 11 12 15 21 23 21 17 35 92 117 89 73 73 72 71 71 70 68 70 72 75 78 79 78 75 75 77 77 78 80 82 82 85 86 87 87 87 88 88 89 87 85 85 87 91 93 91 91 84 80 53 42 33 29 28 29 22 
2 1 1 1 5 8 6 43 71 77 53 21 11 10 12 13 15 19 22 19 18 35 88 116 93 82 85 86 87 88 88 88 89 89 89 90 95 94 90 90 93 94 94 95 95 96 96 97 97 99 100 100 99 97 95 94 93 94 96 97 94 92 85 81 49 38 30 26 26 26 18 
2 2 1 2 4 5 6 32 74 93 64 24 13 10 12 15 16 19 22 19 18 43 92 118 107 96 100 100 99 99 99 97 100 98 97 97 100 100 99 99 99 101 101 100 100 101 101 102 102 102 103 103 102 101 100 100 99 100 101 102 97 94 82 80 46 36 26 25 25 25 17 
2 2 1 2 2 3 16 48 99 93 79 50 15 7 12 14 16 18 21 19 19 47 93 120 118 104 105 105 104 103 102 102 102 101 101 100 100 101 101 100 101 102 102 101 101 100 102 103 102 103 103 103 103 102 102 102 101 102 103 103 97 93 80 50 43 32 26 25 27 26 17 
2 2 1 0 2 3 16 51 102 99 84 54 19 7 12 15 15 17 18 19 22 47 93 121 118 105 107 105 103 103 102 102 102 101 101 101 100 100 100 100 101 101 101 101 101 101 102 102 101 101 101 101 101 101 101 101 100 100 101 102 96 90 75 45 37 30 26 25 29 27 17 
2 2 2 1 1 3 14 49 106 103 89 57 22 8 13 16 15 16 18 21 23 47 93 118 111 103 103 103 102 102 101 101 101 100 100 101 101 101 101 101 100 101 101 101 101 101 100 100 100 100 100 100 100 100 99 99 98 98 96 96 94 88 70 39 32 29 26 26 30 29 18 
2 1 1 1 2 2 17 63 107 104 97 65 23 10 11 15 15 17 21 22 22 46 90 114 104 99 101 102 101 102 100 100 100 99 99 99 99 100 100 97 97 96 96 97 97 97 97 99 99 99 99 99 99 99 97 97 97 97 96 95 90 84 64 35 30 28 26 28 29 29 18 
2 2 1 1 3 5 25 72 106 103 104 69 25 10 11 13 14 18 23 23 22 44 86 109 100 95 100 101 100 100 99 99 99 99 100 98 98 97 96 95 95 94 94 94 94 95 95 95 95 95 96 96 96 95 94 94 97 98 100 97 89 78 58 33 30 26 25 28 29 29 18 
2 2 1 2 3 9 37 82 103 101 103 71 25 10 11 12 15 21 24 24 21 42 84 106 97 93 97 99 98 98 97 97 97 96 97 96 96 95 94 93 93 92 93 93 93 94 94 94 93 94 95 95 95 94 93 92 96 104 106 103 92 74 54 32 29 25 25 26 29 26 17 
1 1 3 4 6 17 57 88 100 100 102 69 26 12 10 11 15 21 25 24 19 39 81 103 97 93 96 97 95 95 95 95 95 94 94 93 93 93 93 92 93 93 93 94 94 93 92 90 88 89 89 89 89 89 88 88 99 110 114 109 94 71 47 30 28 25 26 27 28 25 17 
2 2 4 4 16 43 80 94 97 97 101 67 26 14 11 11 15 21 25 24 19 39 81 101 97 95 97 97 94 94 94 94 93 93 92 92 90 92 92 92 93 93 93 93 93 93 92 89 86 86 85 87 87 86 85 87 102 117 121 114 94 66 45 30 28 24 26 29 28 26 16 
3 5 11 24 51 84 99 96 95 97 99 72 29 14 14 12 16 22 25 24 19 40 77 93 100 101 102 96 94 94 93 92 92 92 92 89 90 90 92 90 92 92 93 93 92 90 89 85 84 84 84 85 85 85 84 86 104 120 125 111 85 58 44 31 28 25 24 26 28 25 17 
2 4 16 44 77 101 100 96 94 95 97 73 28 14 14 14 16 22 25 24 22 42 75 92 98 100 100 96 95 95 93 92 92 90 90 89 89 90 90 90 92 92 92 92 89 87 85 84 84 82 82 84 86 88 88 95 114 121 117 95 70 47 38 31 28 25 24 26 26 25 17 
1 1 14 47 88 104 97 95 93 94 97 71 28 14 15 13 16 20 24 23 23 42 73 90 94 97 99 95 95 95 94 93 90 89 90 90 90 90 89 89 89 89 87 85 85 82 82 82 83 82 80 81 86 90 98 107 121 121 106 79 54 35 31 30 29 26 24 25 25 25 18 
1 1 11 47 88 103 96 93 90 92 95 70 28 12 13 13 16 22 24 24 25 45 75 90 92 96 97 93 93 93 92 90 88 88 88 89 89 87 85 85 85 84 82 80 79 78 79 80 81 79 75 78 82 93 103 111 120 110 90 61 44 29 29 29 29 26 25 26 25 25 18 
1 1 11 43 82 100 94 91 89 90 90 64 24 12 12 12 16 20 23 24 26 46 74 88 89 89 89 89 89 87 86 85 84 84 84 86 85 81 80 79 79 79 78 75 75 75 75 75 74 73 73 77 81 93 107 115 116 96 73 47 35 29 32 32 31 31 30 27 26 25 18 
1 2 6 36 77 97 94 89 88 89 79 51 21 12 14 14 17 19 22 24 30 49 75 88 85 84 86 85 84 81 80 79 78 78 77 78 78 75 75 75 75 75 74 73 73 72 72 72 70 72 73 80 86 101 111 108 103 81 58 40 36 36 37 38 38 34 32 29 27 25 16 
1 2 5 29 71 96 99 88 87 92 74 43 18 14 15 16 17 19 22 24 33 51 78 87 81 78 81 80 79 78 79 78 76 75 73 73 73 72 72 73 73 74 73 72 73 72 70 67 68 73 79 86 95 113 117 97 89 63 42 36 38 39 39 39 38 35 31 28 26 24 16 
1 2 5 24 63 95 90 88 87 75 39 21 16 14 16 16 17 19 21 24 37 51 77 82 80 77 77 77 77 75 78 78 74 74 72 71 70 70 71 71 72 73 72 72 72 73 70 68 68 77 86 99 110 124 117 87 74 51 40 36 40 42 42 42 39 35 30 26 25 24 17 
2 3 4 21 43 90 97 89 67 36 18 13 15 15 17 17 17 18 22 24 37 72 85 81 78 75 75 75 74 75 75 74 73 71 70 68 69 68 68 69 70 71 74 73 74 80 79 78 93 102 110 124 131 129 111 82 71 54 42 38 42 43 42 42 38 33 29 25 23 22 16 
2 3 3 15 37 76 79 64 35 19 18 16 16 15 17 17 18 19 22 23 32 64 84 81 77 73 74 74 74 74 75 74 72 71 70 68 69 69 69 71 71 72 75 75 78 87 94 102 114 124 131 136 129 114 95 74 60 45 38 39 42 43 42 42 39 33 28 25 24 22 16 
2 3 4 6 37 66 53 31 18 11 15 16 16 16 17 17 19 21 23 23 28 60 82 81 74 71 72 73 75 75 73 73 71 70 69 69 69 69 68 68 72 73 75 78 88 96 114 131 135 144 146 135 118 95 81 66 47 37 37 39 42 43 43 43 40 34 29 26 25 21 15 
3 3 5 12 39 53 38 18 16 12 13 17 17 18 18 18 19 23 25 21 24 58 81 80 73 71 72 73 75 74 72 72 71 70 69 71 71 71 67 67 73 75 77 80 97 111 129 149 148 150 139 117 94 73 64 57 43 36 37 39 42 42 41 43 40 34 29 28 26 22 13 
2 3 5 16 39 51 33 23 14 11 11 15 16 17 18 19 22 26 27 20 24 56 79 78 72 71 71 73 73 72 72 72 70 70 70 70 70 68 65 63 72 79 80 85 111 136 146 153 150 140 118 93 72 53 47 45 38 35 38 40 43 45 44 45 44 40 37 38 37 30 12 
2 3 8 15 40 50 33 19 9 12 10 12 11 14 17 19 23 27 29 23 24 53 74 75 73 71 70 71 71 71 71 71 68 67 67 68 67 65 63 63 77 87 96 107 124 141 146 145 135 115 93 70 54 44 43 39 38 37 40 43 45 47 47 50 49 45 44 46 43 36 19 
2 3 8 17 42 47 31 18 11 12 11 12 12 15 18 19 23 26 28 22 26 46 65 74 73 71 69 69 70 68 67 67 67 67 66 67 66 63 60 67 86 95 113 127 135 146 142 124 111 90 73 57 49 44 39 37 38 38 40 43 46 47 54 60 60 57 54 57 54 49 29 
1 3 6 20 49 49 30 17 13 11 12 12 15 17 18 21 22 25 28 23 29 36 53 73 72 68 68 66 67 66 65 65 66 65 65 66 66 68 72 81 97 110 127 136 132 137 124 99 89 71 58 50 45 44 38 35 38 38 40 43 47 49 59 65 68 63 64 66 63 56 34 
2 3 5 16 50 56 29 12 12 10 11 12 14 16 18 19 22 24 26 26 30 39 60 73 70 68 67 66 64 65 65 64 64 64 65 66 68 81 95 101 115 131 145 144 122 102 89 71 67 54 47 47 44 42 37 35 36 36 38 44 51 59 66 73 72 71 73 79 71 59 25 
1 3 6 18 51 54 29 9 12 10 11 11 12 15 17 19 21 23 26 25 30 40 58 68 66 68 67 68 70 67 65 64 64 65 67 71 86 104 116 116 129 138 135 125 106 87 73 54 53 46 43 44 40 39 38 38 37 40 43 49 60 68 72 72 70 60 68 75 73 62 26 
2 3 5 25 43 47 27 11 14 10 11 10 10 14 17 19 21 22 23 25 30 39 54 64 64 67 65 67 67 66 66 65 65 66 73 81 111 128 138 138 139 140 122 101 85 65 55 45 41 40 39 39 37 37 38 42 46 52 56 65 72 75 78 78 69 66 68 75 75 66 35 
2 3 4 25 37 42 25 12 15 11 14 9 8 12 16 18 22 21 23 25 30 36 53 65 65 59 60 59 64 66 67 67 64 74 88 98 135 144 148 149 143 133 109 85 71 54 47 40 39 39 39 38 37 38 40 44 57 61 67 73 78 80 80 79 69 66 68 75 74 67 39 
2 2 3 17 33 38 22 14 15 17 24 21 16 14 16 21 22 19 16 24 29 36 57 67 66 65 64 68 66 66 71 73 74 108 127 134 141 145 145 138 117 97 78 60 45 42 41 41 40 38 38 40 42 45 46 51 64 70 75 79 78 77 73 71 65 60 58 63 64 58 36 
2 3 4 15 30 34 21 15 17 22 33 53 38 11 12 15 17 12 11 21 31 41 61 73 71 64 61 60 63 66 74 81 114 143 158 158 156 151 146 134 99 77 60 47 43 40 41 43 40 40 41 45 46 50 53 59 66 72 76 78 73 71 66 61 59 53 47 52 52 49 29 
1 2 5 12 24 28 22 17 18 21 36 54 36 13 12 15 16 17 25 38 71 81 86 84 75 71 61 54 63 75 99 100 157 171 175 166 157 142 127 108 78 59 46 44 43 41 42 43 45 46 47 51 53 57 60 65 67 71 72 70 64 60 54 50 45 38 32 35 35 31 17 
0 2 8 11 15 22 15 12 19 11 16 14 15 17 16 17 26 26 40 57 109 121 120 121 106 120 122 120 130 130 142 137 166 178 184 167 150 127 100 82 57 44 43 42 43 43 42 43 47 52 56 58 61 66 67 68 68 67 68 66 59 53 45 42 37 31 26 22 23 21 13 
0 2 8 9 21 47 51 17 17 11 16 18 21 17 17 17 26 17 80 137 224 208 195 182 181 177 171 167 170 167 157 167 185 194 171 144 109 80 65 57 50 47 44 44 45 43 45 46 49 53 60 66 72 70 70 68 65 64 63 53 37 33 32 30 29 26 23 23 21 17 9 
0 2 7 7 15 68 121 122 92 59 44 43 26 18 15 14 10 3 83 153 236 241 241 227 217 235 221 205 196 196 181 172 162 166 142 116 86 64 54 50 47 47 46 47 47 47 50 51 53 59 65 67 73 70 66 61 58 54 49 39 28 25 26 26 25 24 22 19 18 15 9 
0 1 6 4 24 81 150 165 124 85 57 46 23 21 14 11 10 11 94 175 237 255 254 243 242 251 240 229 205 196 177 149 125 132 108 87 68 56 47 46 47 48 50 52 53 54 57 58 60 65 67 68 68 64 58 52 46 44 39 30 22 19 21 23 24 22 19 19 18 16 8 
0 2 8 3 32 59 85 79 73 53 32 25 21 15 9 9 12 29 79 151 216 255 251 251 255 253 240 229 199 175 157 122 106 102 85 74 63 52 43 43 46 48 51 53 58 60 63 64 65 67 68 65 63 58 50 44 37 33 31 22 18 18 21 23 23 22 19 18 18 15 8 
1 2 4 3 12 25 35 21 26 23 18 21 19 16 11 5 10 12 43 107 157 216 230 235 236 214 201 192 166 138 128 104 88 79 74 71 63 50 42 43 44 47 50 54 61 65 67 68 67 67 67 63 51 42 37 33 30 23 18 16 17 18 19 22 22 20 18 17 16 13 7 
3 3 4 5 15 17 12 2 20 23 25 25 23 21 16 12 10 11 37 71 109 128 156 157 160 149 132 115 106 86 79 71 68 70 71 67 58 46 39 38 41 44 47 53 64 66 67 67 66 67 68 59 44 33 30 29 25 18 16 16 17 17 18 21 20 18 16 16 15 12 5 
4 3 3 5 21 31 34 30 28 28 28 26 26 24 15 15 16 25 33 43 75 59 74 60 71 79 66 58 63 61 55 54 55 60 65 64 57 45 33 25 38 41 44 51 58 61 63 64 65 70 68 54 43 32 26 23 21 16 15 15 15 16 18 19 18 16 13 13 13 11 5 
4 3 2 5 16 39 40 50 39 39 30 24 26 23 14 16 16 39 31 30 58 45 44 25 33 36 29 27 38 50 53 55 58 60 57 56 50 39 30 26 36 38 43 47 54 57 58 59 64 64 65 52 33 24 19 18 16 15 14 14 14 15 16 17 17 15 12 12 11 9 5 
3 2 2 4 16 42 39 35 39 40 32 18 11 4 16 20 25 68 61 51 54 43 34 29 25 24 24 23 26 38 50 66 59 59 47 38 38 29 30 32 35 38 40 50 59 64 71 69 64 59 45 33 22 17 17 16 15 14 12 12 15 15 16 17 16 15 12 11 11 10 5 
2 2 2 4 22 44 39 30 28 30 32 27 16 14 19 20 24 44 39 37 37 34 31 27 24 22 28 33 37 49 59 75 61 57 52 50 44 37 38 40 40 43 51 58 64 66 68 66 61 52 37 24 17 16 17 17 16 15 14 14 15 16 16 17 17 15 12 12 15 13 8 
1 2 4 5 23 44 46 39 33 35 32 25 15 17 25 26 37 36 35 32 30 30 30 24 24 18 25 32 36 47 58 73 62 55 56 56 53 46 48 50 51 52 56 60 65 66 59 59 57 44 30 21 17 17 17 18 17 16 16 16 16 16 16 16 18 17 16 17 18 18 12 
2 2 4 5 23 49 56 50 45 46 45 37 25 30 45 36 66 53 33 31 30 29 26 26 26 26 31 38 39 45 50 59 60 54 57 60 59 53 55 57 58 59 61 63 64 64 57 51 46 33 24 19 17 17 17 18 17 16 16 16 16 16 16 17 18 18 19 20 22 20 15 
2 2 4 5 26 50 54 54 54 64 70 65 53 53 62 58 56 44 37 32 31 26 26 30 45 74 89 85 78 56 50 68 67 63 59 61 60 58 59 61 63 63 64 66 65 59 54 42 35 26 21 17 16 16 17 18 16 16 16 16 16 16 17 18 19 20 21 22 24 23 16 
1 1 4 9 32 51 57 58 63 75 88 86 77 67 69 78 73 50 38 33 25 22 28 29 66 124 145 143 107 72 54 64 67 71 67 61 61 60 61 61 63 63 63 65 64 58 53 36 28 23 18 15 15 15 15 16 16 16 16 17 17 17 17 18 19 20 22 23 25 24 17 
1 1 4 10 33 52 54 57 73 89 106 109 99 89 82 85 90 44 36 21 18 17 25 27 80 160 199 201 144 93 57 52 60 70 73 69 60 60 60 61 60 60 60 61 59 54 47 34 24 21 17 15 14 14 15 16 15 15 17 17 17 17 17 18 18 19 22 24 26 24 16 
1 2 4 11 35 52 54 56 74 94 115 120 110 99 88 89 77 39 29 18 23 22 26 27 72 146 188 193 142 90 49 47 49 58 66 71 64 60 60 60 59 58 58 58 56 46 39 32 23 19 16 14 14 15 15 16 15 15 17 18 17 17 17 18 18 19 22 25 28 25 18 
1 1 4 14 36 53 51 46 54 62 67 77 79 82 75 63 63 37 29 24 25 24 26 26 29 65 82 90 82 59 35 25 50 52 59 59 60 60 59 57 58 58 58 58 54 48 40 32 22 18 15 14 15 15 15 16 15 16 18 19 17 16 16 16 19 21 23 26 30 27 19 
1 2 4 14 39 52 53 51 53 59 63 61 54 49 47 51 43 33 32 32 30 29 28 28 22 31 42 45 40 27 18 16 47 51 56 58 60 60 59 59 58 58 58 57 53 47 40 32 21 17 15 14 15 15 15 16 16 16 19 19 17 16 16 17 19 22 28 31 33 32 19 
2 3 6 15 37 52 54 57 56 53 53 52 52 50 45 40 38 38 37 38 40 39 37 36 31 25 22 19 17 17 19 22 47 51 56 58 59 60 59 58 58 57 57 54 48 41 33 28 19 16 15 15 15 15 15 16 16 17 19 20 18 17 15 19 30 36 39 44 42 37 22 
2 3 5 15 33 51 52 53 51 46 45 46 50 51 46 45 43 40 42 45 49 47 46 40 45 32 23 17 16 22 29 33 45 51 54 58 59 60 59 59 57 54 52 46 39 32 25 21 17 16 16 16 15 15 15 16 15 17 19 20 19 19 17 24 36 43 44 49 43 36 19 
3 4 6 13 33 51 52 48 46 38 38 41 47 50 46 44 44 44 45 50 52 51 48 43 43 30 22 16 17 24 30 33 44 51 53 56 57 57 57 57 57 53 51 44 33 26 21 18 16 15 15 15 15 16 15 15 15 17 24 27 30 32 32 33 39 40 40 44 38 30 15 
3 4 6 13 36 52 50 47 43 40 38 41 45 48 45 43 42 44 46 49 51 49 46 40 35 26 22 17 22 26 31 31 44 51 53 54 54 56 56 56 54 53 51 44 32 24 18 16 15 15 15 15 16 16 16 16 18 22 29 34 39 39 38 37 36 34 32 32 26 21 10 
3 3 5 12 37 52 47 45 42 42 43 41 43 45 44 44 43 44 45 45 44 39 37 31 28 24 21 22 28 31 35 36 44 50 52 53 53 52 53 54 53 52 50 43 31 23 17 16 15 15 14 14 16 16 18 19 28 35 43 47 51 50 46 38 26 19 15 16 14 11 6 
4 4 5 12 36 51 46 44 42 42 44 41 40 43 43 44 45 45 45 43 39 33 29 24 21 16 12 21 29 35 39 42 46 50 51 52 52 51 52 53 51 50 47 43 30 22 17 16 15 15 14 14 15 16 16 17 42 45 52 57 54 50 41 33 15 11 5 5 4 3 3 
3 3 4 12 36 51 45 43 43 43 41 40 39 41 42 44 44 44 44 42 38 31 25 19 17 14 15 21 31 39 43 45 47 50 51 51 51 51 50 47 49 46 46 41 29 21 17 16 15 14 14 12 17 25 44 60 50 51 52 47 39 32 24 18 10 8 9 11 10 9 3 
3 3 5 12 37 51 45 43 43 41 40 39 39 43 44 45 44 44 44 42 39 30 24 18 16 11 14 22 33 40 44 45 45 44 44 50 50 51 50 47 46 45 44 40 29 21 17 16 16 16 14 15 23 35 53 66 52 49 44 37 28 19 12 10 7 7 8 9 8 8 3 
3 3 6 16 39 50 45 44 43 41 39 37 38 43 45 45 45 44 44 42 40 31 22 18 15 12 15 24 36 40 43 44 44 43 42 44 46 52 49 46 44 43 43 39 28 21 17 16 17 17 23 28 37 47 54 57 44 36 30 24 16 10 8 8 5 5 6 8 6 5 3 
3 4 8 17 40 50 45 44 43 40 38 36 38 41 47 50 44 44 43 42 40 31 22 17 16 15 17 26 39 43 44 45 46 46 45 45 45 46 45 45 44 43 43 39 28 22 18 18 21 22 31 40 49 53 49 45 31 22 16 12 8 6 7 7 5 7 8 6 5 4 2 
3 4 8 19 44 52 45 43 43 40 38 36 36 39 45 50 44 44 44 43 40 31 22 18 16 17 19 29 39 44 46 46 50 50 49 49 46 46 45 45 44 43 42 38 28 21 18 21 26 30 38 47 49 46 35 25 18 11 9 8 6 8 8 8 7 8 8 7 5 4 2 
3 3 9 20 47 54 45 43 40 39 37 34 34 37 39 42 43 43 44 43 40 31 22 18 17 17 19 28 37 43 46 50 52 53 52 51 49 47 47 46 45 44 42 38 28 21 17 21 30 36 43 49 43 38 25 15 11 9 9 8 8 8 8 8 7 8 8 7 7 4 2 
4 3 6 22 50 58 45 43 39 38 36 35 35 36 36 39 40 42 44 43 40 31 22 18 16 16 17 22 27 36 42 46 50 52 53 52 49 46 46 46 46 45 43 39 28 22 18 22 32 39 38 36 28 24 16 10 9 9 9 9 8 8 8 8 8 8 8 8 7 5 3 
5 4 6 24 52 59 45 43 40 39 38 37 37 37 38 40 38 42 44 43 40 31 22 18 16 15 16 17 20 26 33 39 40 45 50 50 50 47 49 49 47 45 43 38 28 23 19 14 39 42 32 29 19 14 12 9 9 9 9 9 8 8 8 8 8 8 9 9 7 7 3 
12 5 13 27 47 44 38 50 44 43 43 43 43 44 43 43 43 43 43 42 40 33 25 19 15 14 13 15 18 19 19 21 25 35 44 51 57 59 56 52 50 47 44 39 30 24 26 31 31 30 25 17 12 11 11 10 9 9 9 9 8 8 8 8 8 8 9 8 9 8 5 
8 3 9 29 61 58 46 47 49 47 46 46 46 46 45 45 44 44 43 42 40 32 25 19 15 14 13 15 17 17 15 14 15 21 30 39 46 51 57 58 53 48 47 43 33 28 26 26 25 23 19 12 10 10 10 10 8 8 9 9 8 8 8 8 8 9 8 8 9 8 5 
3 2 2 32 80 90 64 50 51 51 51 51 51 51 50 49 49 46 44 42 38 31 25 19 15 12 12 12 14 14 13 12 12 15 17 21 28 36 47 51 51 50 50 49 42 39 30 22 21 16 12 6 9 9 10 9 8 8 8 8 8 8 9 9 8 8 7 6 9 9 6 
3 3 3 20 66 88 67 60 58 59 59 59 58 58 58 58 57 49 43 40 37 31 24 19 15 12 14 14 14 14 12 11 11 12 12 15 18 21 32 40 40 45 51 52 49 49 35 22 19 14 10 6 8 8 9 9 8 8 8 8 8 8 9 9 8 8 6 6 9 9 6 
3 5 3 19 40 58 67 66 65 65 65 65 64 64 64 68 66 53 44 39 35 30 24 19 16 14 14 14 14 12 13 13 12 13 14 15 16 18 22 26 29 33 42 46 49 52 42 29 19 14 9 6 8 8 9 10 8 8 9 9 9 9 10 10 9 8 6 5 8 8 6 
3 3 5 13 19 50 75 73 72 71 69 68 69 69 71 73 81 66 46 38 32 28 23 19 16 14 14 15 14 14 15 13 15 16 17 17 18 21 19 19 19 22 29 33 38 43 38 28 21 12 9 8 9 9 10 10 8 8 9 9 9 9 9 9 11 8 6 4 6 8 6 
1 3 11 4 25 67 73 72 71 71 71 72 71 73 74 75 75 74 53 38 30 25 21 18 18 17 17 16 16 15 15 15 16 18 23 24 25 25 24 18 17 18 18 19 19 25 29 24 19 12 9 9 9 9 9 9 9 9 9 9 9 9 9 9 10 8 6 5 6 8 6 
1 3 9 12 43 71 58 58 65 64 67 70 66 68 70 71 78 85 66 41 28 24 19 18 19 18 17 17 16 16 16 17 18 22 26 28 30 32 28 23 21 18 16 15 10 11 15 17 15 12 10 9 10 10 9 9 9 9 9 9 9 9 9 9 11 9 7 6 6 8 8 
1 3 6 10 30 42 44 46 49 53 49 46 64 61 88 124 132 147 124 72 33 23 22 21 22 20 17 16 16 14 15 16 18 23 26 29 29 30 29 26 21 18 16 14 16 16 14 14 14 10 11 10 11 11 9 9 10 10 10 10 10 10 10 10 11 10 8 6 7 8 8 
3 3 5 10 28 38 37 42 37 47 43 35 61 88 142 177 211 218 215 153 75 31 24 23 23 20 17 17 16 14 15 16 17 21 24 25 26 28 26 22 18 17 16 16 16 16 16 14 10 10 11 12 11 10 9 9 10 10 10 10 10 10 10 10 11 10 9 9 9 9 9 
3 3 4 11 22 23 26 29 32 34 32 23 59 113 206 242 254 248 252 222 123 49 26 26 22 19 17 17 16 15 16 16 17 19 21 22 22 22 22 18 16 17 17 17 17 17 16 15 12 13 13 13 12 11 10 10 10 10 10 10 10 10 10 10 10 10 11 11 12 12 13 
2 3 4 12 26 26 21 26 30 29 25 19 56 110 212 250 252 251 254 227 134 64 33 28 23 19 18 17 17 15 15 16 16 17 18 18 18 17 17 17 17 18 18 18 18 18 16 16 13 15 16 16 13 11 11 10 10 10 10 10 10 10 10 10 10 10 11 12 14 14 15 
1 3 5 19 42 36 16 21 30 20 23 29 59 99 185 227 251 248 237 184 103 52 31 29 22 17 17 17 16 16 16 16 17 17 17 16 16 15 15 16 17 18 19 19 19 19 17 17 13 16 17 17 16 13 11 11 9 9 9 9 9 9 9 9 9 9 10 11 15 15 16 
1 2 7 24 50 43 19 23 24 20 27 40 66 89 153 193 222 213 187 146 86 50 32 29 21 17 17 16 16 16 16 17 17 17 16 16 16 15 15 16 18 18 19 19 19 19 19 19 17 18 19 22 20 17 13 12 11 10 10 9 9 9 10 9 9 9 10 10 13 13 13 
1 3 10 31 53 37 20 27 32 47 57 60 78 85 113 138 165 150 118 96 71 49 31 29 21 17 16 16 16 16 16 17 17 17 16 16 16 16 16 16 18 18 18 19 19 19 18 18 18 19 24 25 26 22 18 13 12 11 10 10 10 10 10 9 10 10 9 9 10 9 10 
0 2 11 33 58 51 36 44 59 82 85 73 84 90 102 115 100 99 72 56 49 42 29 25 21 17 16 16 16 17 16 17 17 17 16 16 17 16 16 17 18 18 18 19 19 19 18 17 19 19 24 25 26 23 18 15 12 11 11 10 10 10 10 9 10 10 9 9 8 8 6 
0 3 29 50 44 42 53 67 101 157 149 111 93 83 89 95 86 78 61 44 32 28 24 22 19 17 16 17 17 17 17 17 17 16 16 16 16 17 17 17 17 18 18 18 19 18 17 17 19 19 23 25 25 22 17 15 13 12 12 11 11 10 10 10 10 10 10 10 8 8 5 
1 5 24 33 32 28 27 30 97 154 154 126 112 98 94 87 74 53 43 32 28 23 21 18 17 16 16 17 16 16 16 16 16 16 15 15 16 16 16 16 17 17 17 17 17 17 16 16 18 19 22 24 24 22 17 15 13 12 12 11 11 11 11 10 10 10 9 9 8 7 5 
6 11 19 22 24 23 23 25 69 110 117 105 102 91 81 65 48 39 33 25 21 17 15 14 15 15 17 18 17 16 16 16 15 15 15 15 15 15 15 16 16 16 17 16 16 16 15 15 18 19 20 22 20 19 16 15 13 13 13 12 12 11 10 10 10 9 9 8 8 6 3 
8 15 22 24 22 21 22 22 51 65 72 79 86 85 76 59 45 34 26 19 15 12 12 12 12 14 16 17 17 16 15 14 15 15 16 16 15 15 16 16 16 16 16 16 16 16 16 16 18 18 19 20 19 17 15 13 13 13 13 12 12 11 10 10 10 10 10 9 8 6 2 
8 16 22 25 24 22 24 28 30 32 40 65 80 81 72 54 41 27 18 14 15 19 21 14 12 14 16 17 17 16 15 15 15 15 16 16 17 17 17 18 17 17 17 17 17 17 17 17 18 18 19 19 18 17 16 15 13 13 13 12 12 11 10 10 10 10 10 11 9 6 1 
6 15 22 23 23 22 23 25 25 26 39 61 74 72 60 44 33 22 14 17 30 44 49 33 22 17 18 18 17 17 15 15 15 15 15 15 17 17 17 17 17 17 17 17 17 17 17 17 18 19 19 19 18 17 16 16 15 15 13 12 12 11 10 9 8 8 9 10 10 6 1 
5 12 19 21 21 19 22 24 24 26 44 62 68 61 46 30 29 26 22 43 72 104 107 77 49 24 17 18 17 17 16 16 15 15 15 15 16 16 17 17 18 18 17 17 17 18 18 18 18 19 19 19 18 17 17 17 16 15 13 12 12 11 11 10 11 7 9 10 10 10 4 
5 10 16 18 18 18 21 23 23 28 41 59 65 53 37 20 25 36 35 67 103 142 149 113 75 29 19 18 17 18 16 16 15 15 15 15 16 16 17 17 17 17 16 17 17 18 19 19 21 21 21 19 18 18 18 18 16 15 13 12 12 11 11 10 31 18 14 15 18 14 7 
5 9 12 15 16 16 19 22 22 26 40 50 54 46 37 31 25 50 50 73 106 132 146 116 56 28 20 13 15 17 16 16 16 15 14 14 14 15 16 17 17 17 18 18 17 18 19 19 21 21 21 21 19 18 17 17 17 15 13 12 12 11 10 12 19 22 22 23 23 16 7 
8 9 11 11 12 14 16 18 19 22 32 40 38 28 24 29 40 51 45 52 66 75 75 63 38 33 25 22 21 21 18 17 17 16 15 15 15 16 17 19 19 19 22 22 19 19 19 21 21 21 21 21 19 18 17 17 17 15 13 12 12 11 10 12 17 19 22 23 23 16 8 
11 12 12 11 11 12 14 14 15 17 25 32 32 23 14 14 28 35 32 32 33 33 30 25 26 31 32 31 28 25 23 23 23 23 24 24 23 23 24 25 26 25 24 24 23 22 21 21 21 21 22 22 21 19 18 17 16 14 13 12 12 11 10 12 15 17 21 22 23 16 8 
