1 1 1 1 1 1 1 1 1 1 1 1 1 1 1 5 25 26 31 40 47 42 25 17 20 19 18 18 17 18 18 19 19 19 19 19 18 18 18 17 17 16 16 16 16 16 16 16 16 16 16 16 16 16 16 16 16 16 15 15 15 17 19 25 32 40 51 53 53 53 50 42 36 29 22 17 15 14 15 16 16 16 16 15 16 19 19 18 18 18 18 19 19 19 21 23 23 24 24 24 26 25 24 25 26 25 25 25 25 25 26 19 7 5 4 1 0 0 0 
1 1 1 1 1 1 1 1 1 1 1 1 1 1 1 2 23 32 33 40 51 56 42 20 20 20 19 18 19 18 17 18 18 18 18 18 18 18 17 16 16 16 16 16 16 16 16 17 17 16 16 17 17 17 17 16 16 16 15 16 16 17 19 24 33 43 51 53 53 53 51 42 35 30 23 18 16 14 15 16 16 16 17 17 17 19 19 21 22 23 23 23 24 26 26 26 28 30 30 31 33 36 37 37 38 39 40 40 40 44 43 31 12 6 4 1 1 1 1 
1 1 1 1 1 1 1 1 1 1 1 1 1 2 2 2 14 37 47 44 50 64 66 51 33 23 19 18 18 18 17 18 18 18 18 18 17 17 17 16 16 16 16 16 16 16 16 17 17 16 16 17 17 17 17 16 16 16 16 16 16 16 19 24 33 43 51 53 53 53 51 42 36 31 24 18 16 15 15 16 18 21 22 23 24 26 26 29 30 32 33 33 36 38 39 42 43 44 45 50 52 52 53 54 57 58 58 57 59 61 59 46 25 10 6 2 2 1 1 
1 1 1 1 1 1 1 1 1 1 1 1 1 1 3 2 3 29 45 38 36 42 49 62 66 35 18 16 19 19 18 17 17 17 17 16 16 17 17 16 16 16 15 15 15 16 16 15 15 16 16 16 16 16 16 15 16 15 16 16 16 16 17 23 32 44 51 54 54 54 52 43 35 30 24 22 20 21 23 24 25 28 30 32 35 38 39 43 44 47 51 53 56 63 66 65 66 67 70 73 74 74 75 77 78 80 80 82 81 81 81 67 40 15 6 3 3 2 2 
1 1 1 1 1 1 1 1 1 1 1 1 1 1 2 2 2 11 31 33 33 32 26 39 78 51 32 19 19 19 18 17 17 16 16 16 16 17 17 16 16 16 15 15 15 15 15 15 15 16 16 16 16 16 16 15 16 15 16 16 17 17 17 21 31 45 51 54 54 53 52 45 39 33 31 32 33 36 39 43 46 49 51 54 59 61 64 67 70 71 73 75 78 84 88 88 88 88 89 93 94 94 95 96 97 100 100 102 101 101 103 88 57 22 7 3 3 2 2 
1 1 1 1 1 1 1 1 1 1 1 1 1 1 1 1 1 12 30 30 25 24 15 7 36 50 40 22 17 17 18 17 16 16 15 16 17 17 17 16 16 16 15 15 15 15 15 15 15 16 15 15 16 15 15 16 16 17 17 17 18 18 18 21 32 46 52 53 56 54 51 50 50 46 46 49 52 56 63 68 71 72 75 79 82 85 87 89 92 93 94 95 96 99 100 100 101 101 102 104 107 107 107 110 111 111 111 111 111 113 113 100 73 45 31 25 18 12 7 
1 1 1 1 1 1 1 1 1 1 1 1 1 1 1 1 1 16 32 35 26 21 10 2 1 30 33 26 19 18 18 17 17 16 16 16 16 17 17 16 16 16 15 15 15 15 15 15 16 17 15 15 15 15 15 16 16 17 17 18 19 20 20 25 38 48 54 60 64 61 61 63 65 65 68 72 75 80 85 87 88 90 94 99 100 101 103 104 104 106 106 107 107 107 107 108 108 109 109 111 114 114 115 116 116 116 116 116 115 115 115 108 94 82 77 70 59 40 15 
1 1 1 1 1 1 1 1 1 1 1 1 1 1 1 1 8 23 30 31 26 19 10 8 2 15 26 32 16 18 17 17 17 17 16 16 16 18 18 16 16 16 16 16 15 15 15 17 18 17 15 16 16 16 15 15 16 18 22 24 26 28 30 36 50 59 65 74 79 78 80 82 83 86 91 93 96 99 99 101 103 104 106 108 108 108 108 108 108 108 108 109 109 108 107 107 108 108 108 108 109 109 109 109 110 109 110 110 109 108 108 109 106 102 101 97 86 61 26 
2 1 1 1 1 1 1 1 1 1 1 1 1 1 1 1 9 26 30 24 23 23 19 15 4 17 26 36 22 19 18 17 17 17 17 16 16 19 18 17 17 16 16 16 15 16 16 17 17 17 15 16 16 16 16 17 19 27 32 38 43 44 47 57 67 77 80 86 92 92 94 97 98 101 104 103 103 104 104 104 104 104 103 103 103 104 103 102 102 102 100 100 100 98 96 95 94 94 96 96 96 97 99 99 99 97 97 96 96 96 97 100 99 97 96 95 89 66 29 
1 1 1 1 1 1 1 1 1 1 1 1 1 2 2 1 3 29 35 26 26 26 26 26 21 25 33 42 35 24 18 18 17 17 17 16 16 17 16 17 17 16 16 15 15 15 15 16 16 14 12 16 18 19 19 22 28 39 46 53 60 65 71 82 90 89 90 94 99 100 100 101 103 103 104 103 103 103 102 99 97 95 94 93 93 94 93 90 90 89 88 87 85 84 82 79 78 77 77 77 78 80 82 82 82 82 82 84 84 84 85 85 86 87 86 86 84 63 26 
1 1 1 1 1 1 1 1 1 1 1 1 1 2 3 1 1 25 39 34 27 29 30 31 32 31 32 38 46 32 19 19 18 17 17 17 16 16 16 17 17 17 16 15 16 15 15 14 15 14 14 18 24 29 33 39 46 56 65 75 80 85 87 94 101 97 96 99 101 101 100 100 100 101 101 99 97 96 93 89 88 86 85 82 80 81 80 77 77 74 73 71 68 67 65 63 60 59 60 63 64 64 65 65 66 66 66 67 67 70 70 70 73 74 73 75 71 49 20 
1 1 1 1 1 1 1 1 1 1 1 1 1 2 2 1 10 30 31 25 30 29 30 30 31 32 29 30 44 51 29 18 18 17 17 16 16 16 16 16 16 16 15 15 16 15 15 17 17 22 28 33 38 47 56 64 75 84 89 93 96 98 97 97 100 100 99 96 96 95 93 90 88 87 85 81 79 78 77 73 71 68 66 64 64 61 59 58 58 58 56 53 52 49 45 44 43 43 44 46 49 50 51 52 52 52 52 52 53 53 53 56 58 59 59 60 54 37 17 
1 1 1 1 1 1 1 1 1 1 1 1 1 1 1 1 7 20 25 27 32 31 30 26 29 38 40 26 25 46 40 17 17 17 17 16 16 15 16 16 16 15 15 14 16 16 18 23 24 33 43 52 58 67 77 85 93 97 101 101 100 100 98 96 95 93 90 86 82 80 77 72 70 67 66 64 61 61 59 56 53 52 50 49 47 46 46 44 44 44 43 40 38 33 31 29 29 29 28 29 33 37 38 39 40 40 40 40 40 39 39 40 40 39 40 39 33 21 12 
1 1 1 1 1 1 1 1 1 0 0 0 0 1 1 2 4 7 12 19 29 35 33 25 26 45 45 30 24 31 26 17 17 17 17 16 16 15 16 17 15 15 16 16 18 29 32 39 45 52 67 80 85 88 93 97 101 101 100 96 93 90 88 85 81 79 75 70 66 63 60 57 54 52 51 49 46 46 45 43 42 42 39 39 37 37 36 33 33 33 33 32 31 28 25 23 21 21 21 23 25 25 26 28 30 31 30 30 30 29 29 29 24 22 19 16 12 7 5 
1 1 1 1 1 1 1 1 1 0 0 0 0 1 1 1 1 2 1 3 6 26 38 49 29 25 26 25 26 18 11 18 17 17 16 16 16 15 16 17 14 16 22 29 35 43 49 58 67 75 86 97 101 101 99 95 93 90 89 85 77 74 72 67 64 60 57 53 49 44 43 40 39 39 38 37 36 34 33 33 33 33 33 33 31 29 29 26 26 28 28 26 24 24 23 19 19 19 19 22 22 23 23 23 25 25 25 25 24 24 25 22 14 9 9 6 4 3 2 
1 1 1 1 1 1 1 1 1 1 1 1 1 1 1 1 1 1 1 2 3 8 23 37 22 11 11 17 25 25 18 17 16 16 16 16 16 18 18 17 19 19 30 42 54 67 73 80 89 92 93 97 100 96 96 92 85 79 73 68 60 57 54 50 48 46 41 39 36 33 32 30 30 30 29 28 28 25 25 25 25 26 27 27 25 22 22 22 22 23 22 22 22 19 19 19 19 19 19 23 23 24 24 24 24 24 25 25 25 25 26 22 10 3 3 2 1 0 0 
1 1 1 1 1 1 1 1 1 1 1 1 1 1 1 1 1 1 1 1 1 2 5 30 19 18 17 15 29 35 22 17 16 16 16 16 17 18 17 20 30 42 50 63 75 87 95 97 97 95 90 89 93 84 79 78 72 65 56 52 47 45 41 38 36 36 32 30 29 26 26 24 24 23 23 23 23 23 21 21 21 22 23 22 20 18 18 18 19 19 19 19 19 17 17 17 19 19 19 23 23 24 25 24 25 25 25 26 25 25 26 22 12 4 3 2 1 0 0 
1 2 2 2 2 1 1 1 1 1 1 1 1 1 1 1 1 1 1 1 1 1 2 11 9 24 24 17 29 35 24 16 16 16 17 17 17 23 24 29 42 67 75 80 90 98 101 101 97 93 85 78 81 74 64 59 53 49 40 38 36 35 33 31 30 28 28 26 24 23 21 21 21 19 21 22 22 22 22 19 18 19 19 19 19 19 19 19 19 18 17 17 18 18 18 18 19 20 20 22 23 24 26 26 26 26 26 26 25 25 26 23 12 4 3 1 1 0 0 
1 2 2 2 2 1 1 1 1 1 1 1 1 1 1 1 1 1 1 1 1 4 5 7 8 38 38 30 32 36 24 12 12 15 18 23 28 36 45 54 65 82 92 90 97 100 97 94 92 87 79 70 61 53 50 45 38 36 33 31 30 30 29 28 26 25 25 24 23 22 19 19 19 18 19 21 21 19 19 19 18 19 19 19 19 19 19 20 20 18 18 19 19 18 21 22 22 23 23 22 24 25 25 26 26 25 28 28 28 28 26 22 11 4 4 1 0 0 0 
1 2 2 2 2 1 1 1 1 1 1 1 1 1 1 1 1 1 1 1 2 9 10 7 7 30 46 61 68 51 30 17 23 26 33 38 45 53 67 81 89 95 102 100 96 92 88 81 79 68 61 57 47 35 36 38 32 30 30 29 26 26 26 25 23 23 22 22 22 22 19 19 19 19 18 19 20 20 19 19 19 19 19 19 18 18 18 18 19 18 18 19 19 21 22 22 23 23 23 24 25 25 26 26 26 26 26 25 24 28 29 22 10 2 3 0 0 0 0 
1 2 2 2 2 1 1 1 1 1 1 1 1 1 1 1 1 1 2 1 6 21 24 14 8 21 33 51 64 58 38 26 33 39 48 58 71 81 88 94 99 101 103 94 87 80 72 64 57 48 38 32 30 27 25 25 25 25 24 25 24 24 24 23 23 23 23 23 23 23 22 22 22 21 21 22 22 22 22 19 20 20 20 22 22 22 23 24 25 23 23 24 24 24 24 25 25 25 28 29 29 29 30 30 28 28 30 31 31 30 28 18 10 4 3 0 0 0 0 
1 2 2 2 2 1 1 1 1 1 1 1 1 1 1 1 1 1 3 2 9 25 34 23 17 12 21 36 45 54 57 50 46 53 65 78 87 93 96 101 102 95 90 81 73 65 58 52 44 42 38 32 29 27 28 28 28 30 31 31 31 31 31 30 30 30 31 32 32 31 31 30 29 29 29 30 30 29 29 28 29 29 30 31 32 33 35 35 35 36 37 37 37 37 37 37 38 38 38 39 39 39 39 38 38 37 38 39 39 38 36 26 12 5 3 1 1 0 0 
1 2 2 2 2 1 1 1 1 1 0 0 1 1 1 1 1 2 3 2 10 26 34 20 19 21 19 31 39 64 75 71 67 70 81 92 97 95 97 101 97 85 75 69 62 54 50 50 45 44 45 43 40 37 40 42 42 43 45 45 45 46 46 47 47 47 47 47 47 49 49 47 47 46 46 46 46 46 46 45 46 46 47 49 50 50 51 51 52 52 52 54 54 53 53 54 54 54 54 53 54 53 53 54 54 54 56 56 54 53 49 38 17 5 4 1 1 0 0 
1 2 2 2 2 1 1 1 1 1 0 0 1 1 1 1 1 2 2 1 8 26 22 9 24 30 26 28 31 33 50 67 82 87 96 101 104 105 102 94 87 78 74 71 66 61 60 63 65 61 61 61 61 61 64 66 66 66 66 66 67 68 69 69 68 68 70 70 72 73 73 72 72 72 72 72 73 73 73 72 72 73 73 73 73 72 72 73 74 75 75 75 77 77 77 75 75 75 74 73 72 71 70 72 72 73 74 74 73 70 67 52 23 8 6 1 1 0 0 
1 2 2 2 2 1 1 1 1 1 1 1 1 1 0 1 1 1 1 3 5 26 25 2 12 33 35 26 21 18 33 58 87 96 102 102 102 104 101 92 85 80 76 80 78 75 75 79 84 81 80 81 82 82 84 85 86 87 87 88 88 90 90 90 90 92 93 94 95 95 96 95 94 95 95 96 98 97 96 96 96 96 96 96 96 96 95 96 97 99 99 101 101 101 99 96 96 96 95 93 92 90 89 90 90 92 93 92 88 87 85 66 31 9 6 1 1 0 0 
2 1 1 1 1 1 1 1 1 1 1 1 1 1 1 1 1 2 3 3 7 22 32 11 6 28 36 37 28 16 23 46 84 99 104 103 103 106 99 93 89 90 89 96 95 94 94 95 96 96 96 96 99 97 99 99 100 101 102 102 103 103 104 104 106 104 106 107 107 107 108 108 108 108 109 109 109 108 108 109 109 110 110 111 111 111 110 111 113 114 114 115 115 113 113 113 113 113 110 109 108 108 108 108 109 109 108 108 106 106 101 81 42 11 5 1 1 0 0 
2 2 1 2 2 1 1 1 1 1 1 1 1 1 1 1 1 2 2 2 4 11 21 38 20 15 28 37 32 20 30 50 79 100 107 103 104 108 100 97 99 100 100 108 111 109 109 108 107 105 107 106 107 110 110 110 110 110 110 111 111 111 111 111 111 111 111 110 111 111 113 113 113 114 114 114 114 113 113 114 114 116 116 116 117 117 116 117 118 121 121 118 120 120 121 121 121 120 118 117 117 118 118 118 116 116 116 116 117 120 116 93 49 12 6 1 1 0 1 
1 1 2 1 1 1 1 1 1 1 1 1 1 1 1 1 1 1 2 1 3 12 37 38 26 16 21 32 31 23 34 51 82 104 108 110 110 110 109 109 110 107 101 104 110 113 114 113 110 110 110 110 110 111 110 109 108 108 108 108 108 108 108 107 107 107 107 107 108 108 109 109 110 111 111 113 113 113 114 115 115 115 116 117 117 117 118 118 120 120 120 120 121 121 121 121 121 120 120 121 121 122 122 122 123 123 123 125 127 128 123 97 53 15 6 2 1 0 1 
1 1 2 1 1 1 1 1 1 1 1 1 1 1 1 1 1 1 1 1 3 10 24 34 30 11 12 31 29 24 41 63 92 102 106 108 107 104 104 105 107 102 97 94 97 102 107 106 106 106 106 106 106 102 97 97 97 96 95 94 94 94 93 93 93 94 94 94 94 94 95 95 97 99 97 97 97 99 100 101 103 104 106 107 108 109 109 110 110 111 111 113 115 115 116 116 117 120 120 120 120 120 121 122 121 121 123 123 125 129 123 95 50 14 6 1 1 0 0 
1 1 1 1 1 1 2 1 1 1 1 1 1 1 0 2 2 1 1 2 4 5 11 25 31 12 16 26 35 31 40 78 102 93 94 94 92 89 89 90 90 88 85 86 93 97 101 101 100 100 99 99 94 89 84 82 81 80 78 75 74 74 74 75 74 75 74 75 75 75 77 77 78 79 79 79 79 80 81 82 85 87 88 89 92 93 94 96 99 97 102 106 106 107 109 110 110 111 111 113 113 113 115 116 117 116 117 120 120 122 120 94 50 15 6 2 2 0 0 
1 1 1 1 1 2 2 1 1 1 1 1 1 1 1 2 2 1 1 2 4 5 8 12 17 12 7 10 28 36 63 82 94 77 75 75 73 71 71 72 72 70 67 78 88 93 97 97 97 99 96 89 80 71 61 60 59 57 56 54 56 56 54 56 56 57 58 58 57 56 57 58 59 60 60 60 60 60 61 63 65 66 68 70 72 74 74 77 79 81 86 90 93 94 97 100 102 101 101 104 106 107 108 110 111 109 111 115 113 115 113 88 45 13 5 2 2 0 0 
1 1 1 1 1 2 2 1 1 1 1 1 1 1 1 2 2 1 1 2 4 4 4 3 5 7 3 2 12 36 68 67 66 61 58 56 54 53 52 52 52 53 58 72 87 92 97 97 101 101 93 82 67 57 46 44 44 42 39 37 38 39 38 39 40 40 42 42 42 39 40 41 44 43 43 43 43 43 44 45 47 47 50 51 53 54 56 58 60 63 67 72 75 79 81 84 88 89 93 96 99 101 103 104 107 106 106 111 114 113 108 86 44 12 5 2 2 1 1 
1 1 1 1 1 2 3 2 1 1 1 1 1 2 1 1 1 1 1 2 4 3 2 2 1 1 3 2 3 20 48 51 52 45 41 39 38 38 38 36 36 40 51 70 85 88 95 99 102 99 86 73 54 45 34 32 31 30 31 31 31 32 31 31 31 31 31 31 31 31 31 32 32 31 30 30 30 30 31 32 35 36 36 37 39 39 42 44 45 46 47 50 54 61 65 68 74 77 80 84 88 92 96 100 102 101 102 108 109 111 107 82 43 12 5 2 2 1 1 
1 0 0 1 2 3 4 4 3 10 10 8 3 2 2 2 1 1 1 2 2 1 1 1 1 1 3 2 4 11 26 32 37 37 37 35 33 33 33 34 33 44 56 73 87 89 96 100 101 96 79 67 51 39 32 31 31 32 32 31 31 30 30 30 30 29 29 29 28 28 28 28 28 28 28 29 29 26 26 28 28 30 30 30 31 30 30 31 32 32 35 38 42 46 51 53 54 59 62 67 75 81 86 90 95 95 99 102 103 104 100 78 40 10 4 2 2 1 1 
1 1 1 2 7 9 9 11 14 35 37 18 3 1 1 1 1 1 1 1 1 1 1 1 1 1 2 2 4 10 26 30 31 32 33 32 33 32 32 37 33 53 67 82 93 92 99 101 101 93 70 60 44 36 31 31 31 32 32 31 31 30 30 30 29 29 29 28 28 28 28 28 28 28 28 29 29 26 28 28 29 30 29 27 29 28 28 26 29 29 29 31 31 35 38 40 40 44 46 51 59 65 70 75 79 81 88 96 99 99 94 74 37 10 4 2 2 1 1 
1 1 1 8 19 26 23 23 30 47 43 23 6 1 1 1 1 1 1 1 1 1 1 1 1 1 1 2 3 10 30 29 30 31 31 32 33 31 33 39 52 64 79 91 95 94 99 101 99 80 63 51 39 32 31 31 31 31 31 31 31 30 30 30 29 29 29 29 29 28 29 29 29 28 28 28 28 28 28 28 29 29 29 29 30 31 31 30 30 30 31 31 29 30 32 34 34 33 33 36 40 45 50 54 60 66 74 82 85 89 90 70 35 10 4 2 1 1 1 
1 1 1 7 22 39 37 30 33 49 35 19 8 2 1 1 1 1 1 1 1 1 1 1 1 1 1 3 3 7 30 30 32 32 32 32 33 32 37 50 65 75 86 91 94 95 99 97 87 71 56 44 37 31 31 31 31 32 32 32 32 31 30 30 31 31 30 30 29 29 29 29 29 29 28 29 29 28 29 29 30 30 31 32 32 33 33 33 33 32 32 31 32 32 33 34 32 30 30 29 29 33 37 39 45 53 58 64 72 78 84 68 33 9 4 1 1 1 1 
1 1 1 4 18 37 40 35 33 38 35 23 10 2 2 1 1 1 1 1 1 1 1 1 1 1 1 2 1 4 28 30 33 33 32 33 36 33 44 57 73 84 88 92 93 97 100 94 81 63 50 39 32 31 32 31 31 32 32 33 33 33 31 30 31 31 31 31 31 30 30 30 30 30 29 29 29 30 31 31 32 32 33 35 35 35 36 36 36 36 35 35 35 35 35 33 33 33 31 29 25 26 30 33 33 37 43 48 55 63 68 57 28 8 4 1 1 0 1 
1 1 1 4 14 32 39 35 33 36 33 24 10 2 2 1 1 1 1 1 2 2 1 2 1 1 1 2 0 4 29 31 33 35 36 38 40 39 59 71 82 89 93 93 94 99 97 88 73 57 43 35 30 31 32 31 32 32 32 33 33 33 31 30 31 31 31 31 31 31 31 31 30 30 30 31 31 32 33 33 33 33 33 35 35 35 36 36 36 37 37 37 37 37 37 36 36 35 33 30 25 25 28 30 31 33 37 40 41 46 53 42 20 7 5 1 1 0 1 
1 1 1 3 10 28 38 34 36 35 35 26 12 1 1 1 1 1 1 1 3 3 3 3 3 2 2 3 1 5 25 32 36 36 37 43 47 46 63 81 90 92 92 94 96 99 93 81 64 49 37 33 31 30 31 31 31 32 32 32 32 32 31 31 31 31 31 31 31 31 31 31 32 31 32 33 33 35 35 35 36 36 35 36 36 36 36 36 36 36 36 37 37 37 37 37 35 35 32 30 28 30 31 33 34 35 35 36 35 36 39 29 16 6 3 1 1 1 1 
1 1 1 3 9 28 37 36 37 33 36 29 16 3 1 1 1 1 2 3 3 4 4 4 3 4 4 4 3 5 29 38 38 36 37 47 52 58 68 88 93 94 94 96 100 99 89 73 57 42 33 31 30 30 31 31 31 32 31 31 32 31 30 31 31 31 31 30 31 31 31 30 32 32 33 35 36 36 36 36 36 37 37 36 36 36 36 36 36 36 36 36 38 38 38 37 35 33 31 29 29 32 33 34 34 35 33 33 32 33 33 24 14 5 3 1 1 1 1 
1 1 1 3 4 22 36 36 36 36 36 29 17 5 3 1 1 1 2 5 5 5 5 5 7 7 7 6 3 12 49 53 42 40 40 45 54 68 80 93 93 95 95 96 97 94 82 67 51 37 31 30 29 29 31 31 31 31 31 30 30 31 30 30 31 30 30 30 30 30 30 31 32 33 35 36 38 38 37 37 37 37 37 36 36 36 36 36 36 36 36 36 37 37 37 37 36 32 30 29 30 33 35 36 36 38 37 34 34 34 33 21 11 5 3 1 0 1 1 
1 1 1 2 4 16 32 38 39 38 37 32 22 10 4 1 1 1 3 6 8 9 9 10 10 10 10 12 11 22 56 59 53 58 46 43 57 71 86 95 94 95 96 97 96 88 74 60 44 32 30 30 29 29 30 30 31 31 31 31 31 30 30 30 30 29 30 30 30 30 31 32 32 35 36 37 39 39 39 39 38 38 38 37 36 37 37 37 37 37 36 36 37 37 37 36 33 31 29 29 31 33 36 38 38 39 39 37 34 34 32 19 11 4 3 1 0 1 1 
1 1 1 3 5 17 31 39 42 39 39 40 40 26 12 3 2 2 3 5 7 9 12 13 15 15 13 10 10 28 63 66 57 38 42 43 59 75 86 93 95 96 96 97 95 85 70 54 39 30 29 29 29 29 31 31 31 30 30 30 30 30 30 30 30 28 29 29 30 30 31 32 32 33 35 37 40 40 39 39 39 37 37 37 36 37 37 36 36 36 36 36 36 37 37 36 33 31 29 29 31 35 37 38 38 40 39 37 36 35 31 19 8 3 3 1 1 0 1 
1 1 1 3 3 11 31 38 42 42 42 43 43 30 13 3 2 3 5 7 8 10 12 15 16 16 18 20 23 35 66 66 61 44 47 51 61 81 89 93 95 96 96 96 92 81 65 49 38 31 29 29 29 29 31 31 31 30 30 29 29 29 30 30 29 29 29 29 30 30 31 31 32 33 35 36 38 39 38 38 38 37 37 36 36 37 37 36 36 36 35 36 36 36 36 36 33 31 30 31 32 33 36 37 38 39 39 37 34 35 30 18 8 3 2 1 1 1 1 
1 2 2 2 2 10 34 41 44 43 43 43 44 33 19 6 4 2 4 8 9 11 12 15 16 18 22 23 25 30 60 63 60 47 52 60 72 86 93 95 95 97 98 96 89 75 58 43 36 31 29 29 29 29 31 31 31 30 30 29 28 29 29 29 29 29 29 29 30 30 30 31 31 32 33 36 37 38 38 38 38 37 37 37 37 37 37 36 36 37 36 37 37 37 37 36 35 31 31 33 33 33 36 37 37 37 38 36 32 33 30 18 8 2 2 1 1 1 1 
1 2 2 2 2 5 31 43 46 44 43 42 42 36 25 13 6 2 4 8 9 11 12 15 16 18 19 19 22 24 51 77 75 43 52 67 81 92 95 96 97 100 97 95 85 67 49 36 32 30 29 29 29 29 31 30 30 30 30 30 29 29 29 29 29 28 29 29 29 29 29 30 30 31 31 32 33 37 37 37 37 37 37 36 35 36 36 36 36 37 36 37 37 37 36 37 36 32 31 32 33 33 35 36 35 35 33 32 31 32 30 18 7 2 2 1 1 1 1 
1 2 2 3 3 3 28 43 51 42 40 39 39 36 28 14 5 3 5 8 9 12 13 15 16 17 17 18 20 20 44 77 77 46 59 73 86 96 97 97 100 102 98 90 78 59 44 33 30 30 29 29 29 30 30 30 30 30 30 30 29 29 29 28 28 29 29 29 29 29 29 29 29 30 30 30 31 33 35 35 36 36 36 36 35 36 36 36 36 37 36 36 37 37 37 35 32 30 29 30 31 31 32 32 31 31 30 29 29 30 29 17 6 2 2 1 1 1 1 
1 2 2 3 3 1 18 46 57 51 46 40 37 37 26 11 5 3 8 9 10 12 13 15 16 17 17 18 19 19 45 77 80 61 68 78 88 96 97 99 101 103 100 86 72 52 36 31 31 29 29 29 29 31 31 30 30 30 30 30 29 29 29 29 29 29 29 29 29 29 29 29 30 29 29 28 30 31 32 35 35 35 35 36 36 37 37 36 36 37 36 37 37 37 37 32 30 29 29 29 29 29 30 30 29 29 29 28 28 28 26 17 6 1 2 1 1 1 1 
1 2 2 3 3 3 15 50 61 54 50 42 37 38 29 11 4 4 7 9 9 12 12 14 15 17 17 18 19 17 44 80 86 67 82 89 95 97 96 97 100 101 96 81 65 46 33 30 29 29 29 29 29 31 31 30 30 30 30 30 29 29 29 29 29 29 29 29 28 28 29 29 30 29 29 28 30 31 31 33 35 35 35 35 35 35 36 36 36 36 34 34 37 36 35 32 30 28 29 29 29 29 30 30 30 30 29 29 26 28 26 15 5 2 2 0 0 1 1 
1 2 2 3 3 4 17 50 65 57 54 49 42 40 33 12 5 3 5 8 8 10 12 12 15 16 17 18 19 17 44 86 94 74 86 95 97 97 97 97 100 98 94 77 58 39 30 28 29 29 29 30 30 30 30 29 29 29 29 29 29 29 29 28 28 28 28 28 28 28 28 28 29 29 28 28 29 30 31 35 35 35 35 35 35 35 35 35 35 36 34 36 36 35 32 30 29 29 30 29 29 29 28 28 29 29 28 28 26 26 25 15 6 2 2 1 0 1 1 
1 2 2 2 2 3 15 47 60 56 54 52 46 50 42 19 5 2 3 5 5 9 11 12 15 17 17 18 19 18 45 96 115 80 82 92 96 96 96 97 98 95 88 70 52 38 29 28 29 29 29 30 31 31 29 29 29 28 28 28 28 29 28 28 28 28 28 28 28 28 28 28 29 28 28 28 28 29 31 35 36 36 35 35 36 36 36 36 36 37 36 36 36 35 32 30 29 30 30 29 28 28 26 25 26 26 26 26 26 26 24 14 5 1 1 1 0 1 1 
1 2 2 2 2 3 9 36 54 54 54 53 53 53 50 30 8 2 2 3 4 8 10 11 14 17 17 18 19 19 47 101 121 86 87 94 95 96 97 98 95 94 85 66 47 35 29 28 28 28 30 30 30 30 29 29 29 28 28 28 28 28 28 28 28 28 28 28 28 26 26 26 28 28 26 26 28 28 29 32 36 36 36 36 37 38 38 39 39 42 43 40 38 36 32 30 30 30 30 29 28 28 26 25 26 26 26 25 25 26 24 14 5 1 1 1 0 1 1 
1 1 1 1 1 1 3 24 50 52 53 53 53 54 56 39 15 2 2 2 3 6 10 12 15 17 17 18 19 21 47 107 126 90 90 96 95 97 99 96 92 90 75 58 42 32 29 28 29 29 29 29 30 29 29 29 29 28 28 28 26 28 28 28 28 28 28 28 28 28 28 26 26 26 26 26 26 28 28 33 37 39 43 43 43 44 44 45 46 49 49 47 43 37 32 30 32 32 32 30 30 28 25 25 26 26 26 26 26 26 23 14 5 1 1 1 0 1 1 
1 1 1 1 1 1 1 24 45 46 51 52 54 54 58 44 19 3 3 3 3 6 9 11 15 17 17 17 18 21 47 107 131 95 93 95 95 99 100 96 88 87 68 51 37 29 28 29 29 30 30 29 29 29 29 29 29 28 28 28 26 28 28 28 28 28 28 28 28 28 28 28 28 26 26 26 26 26 26 32 38 40 47 51 51 51 54 54 54 58 58 56 49 39 33 33 36 36 35 31 29 28 25 26 26 26 26 26 26 27 24 14 5 1 1 0 0 1 1 
1 1 1 1 1 1 0 6 22 44 48 51 52 54 58 46 23 8 4 3 3 6 9 11 14 16 16 18 19 19 44 104 132 100 94 95 95 100 101 95 84 81 59 46 34 29 28 28 29 30 30 29 29 29 29 29 29 28 28 28 28 28 28 28 28 28 28 28 28 28 26 26 28 26 25 24 26 26 28 36 45 50 54 61 62 63 64 64 66 70 70 65 56 45 38 38 38 36 35 31 29 28 26 25 26 26 26 26 26 27 24 15 5 1 1 0 0 1 1 
1 1 1 1 1 1 0 4 17 43 46 46 50 52 56 45 26 11 7 3 3 6 9 11 15 16 17 19 19 19 40 102 132 103 94 94 95 99 100 93 80 75 52 41 32 28 28 28 29 30 30 29 29 29 29 29 29 29 29 29 28 28 28 28 28 28 29 29 28 28 28 26 26 26 25 25 25 28 32 42 52 60 64 69 73 71 72 72 72 74 74 66 53 46 42 40 39 37 33 31 30 28 26 26 26 26 26 26 26 27 24 15 5 1 1 0 0 1 1 
1 1 1 1 1 1 0 1 10 40 43 44 45 47 47 43 31 14 6 4 4 6 9 11 15 16 17 18 18 19 39 100 129 104 96 95 95 96 97 89 74 68 46 38 30 28 28 29 29 29 29 29 29 29 29 29 29 29 29 29 28 28 28 28 28 28 28 28 28 28 28 26 28 26 26 25 26 30 33 40 53 64 70 72 75 76 76 78 78 78 75 64 52 46 44 44 44 39 35 32 30 29 28 28 25 26 26 26 26 27 24 14 5 2 1 0 0 1 1 
1 1 1 1 1 1 1 1 4 40 42 43 44 44 44 43 33 14 5 5 5 6 10 11 16 17 18 18 19 19 42 99 125 107 97 96 96 96 96 88 70 61 40 36 30 28 29 29 30 30 29 30 30 29 29 29 28 29 28 28 28 29 28 28 28 29 28 28 28 28 28 28 29 28 28 26 28 30 32 42 56 67 72 74 78 80 79 80 81 80 78 64 50 46 47 49 46 42 35 33 31 29 28 25 25 26 26 25 25 27 25 14 5 2 1 0 0 1 1 
1 1 1 1 1 1 1 1 5 34 41 43 44 45 44 44 45 15 5 4 4 6 9 11 15 16 17 19 19 20 45 102 128 106 100 96 97 96 94 86 77 57 39 35 30 28 29 30 30 30 29 29 29 29 30 29 29 28 29 29 29 28 26 26 28 28 28 28 28 28 28 28 29 28 28 28 28 29 35 49 60 70 75 77 78 79 80 80 79 80 73 57 46 45 46 49 47 40 33 32 30 28 25 25 25 25 26 26 25 26 24 14 5 1 1 1 1 1 1 
1 1 1 1 1 1 1 1 4 26 39 43 44 45 45 43 43 16 5 3 3 6 9 11 14 16 17 18 18 19 47 108 134 103 100 97 97 96 93 85 67 54 39 33 28 28 29 30 30 29 28 29 30 30 32 31 31 30 31 30 30 30 28 28 28 29 28 29 28 28 28 28 28 28 26 26 29 30 31 43 59 67 75 78 75 78 79 79 79 78 66 52 45 43 46 49 50 42 33 32 30 26 24 24 25 25 25 25 25 28 24 12 5 1 1 1 1 1 1 
1 1 1 1 1 1 1 1 2 18 35 43 45 45 44 42 40 18 6 2 3 5 8 12 15 15 16 17 17 18 38 100 131 101 100 100 98 96 93 82 65 51 39 31 25 29 30 30 30 29 28 28 30 32 35 33 35 33 36 39 39 33 29 29 29 29 29 30 29 29 29 28 28 28 28 28 29 30 33 46 60 67 74 75 74 74 78 78 77 75 61 46 42 43 45 51 56 46 35 34 31 25 24 24 25 25 25 25 26 30 25 14 5 1 1 1 1 1 1 
1 1 1 1 1 1 1 2 3 12 31 43 44 42 40 40 38 19 6 2 3 5 8 12 15 15 16 18 18 18 38 99 129 99 97 97 96 95 89 78 61 46 38 31 26 29 32 32 32 31 30 30 31 33 37 37 40 43 45 49 51 43 33 31 31 31 30 30 29 29 29 29 29 29 29 29 29 32 39 50 58 66 73 73 72 73 75 75 74 71 58 43 39 42 45 52 59 51 39 36 30 24 23 24 26 26 25 26 28 30 26 14 6 1 1 1 1 1 1 
1 1 1 1 1 2 2 2 4 8 28 42 43 39 40 40 40 23 8 3 3 5 8 12 15 15 17 19 18 18 38 95 124 96 95 96 97 100 88 72 58 39 34 29 29 29 32 32 32 33 32 31 32 34 38 37 45 51 56 58 60 52 43 37 33 31 30 29 29 29 28 28 28 29 29 29 30 35 44 51 58 66 71 71 72 72 72 68 66 60 50 40 38 43 50 52 57 52 42 35 28 26 26 25 26 29 27 26 26 29 26 15 7 1 1 1 1 1 1 
1 1 1 1 1 1 2 2 5 7 28 42 40 38 39 39 40 28 11 4 4 5 8 12 15 16 16 17 19 18 38 92 118 94 93 96 97 97 85 67 53 34 32 29 30 30 32 33 33 34 33 32 32 34 38 38 43 52 60 63 66 60 49 42 35 32 30 30 31 30 30 30 30 30 31 32 33 38 47 56 60 65 67 67 67 67 66 64 59 53 43 37 38 43 46 49 52 51 44 36 31 30 29 29 31 32 32 29 29 30 30 17 7 1 1 1 1 1 1 
1 1 1 1 2 2 2 1 3 5 29 40 38 35 36 37 38 29 15 8 5 6 9 12 16 16 17 19 19 19 37 90 115 93 92 95 97 94 79 60 47 32 31 29 30 31 33 35 35 37 34 32 32 33 39 42 36 47 60 63 64 59 50 44 37 34 34 34 33 33 33 33 33 33 35 36 38 40 46 57 63 63 63 61 60 59 58 54 52 49 40 37 40 43 46 51 51 52 51 45 42 39 38 42 45 45 43 43 45 44 40 23 10 2 2 1 1 1 1 
1 1 1 1 2 2 1 1 2 5 29 40 36 31 33 33 32 29 18 10 7 6 9 12 16 16 17 19 21 19 49 102 115 89 90 95 94 87 73 56 43 31 29 29 30 31 32 32 32 33 32 30 31 32 35 36 32 43 56 58 57 56 50 45 37 37 39 38 36 36 36 38 40 38 39 42 44 44 51 58 60 60 59 59 59 58 57 56 53 53 53 52 51 54 60 61 61 62 61 58 57 57 54 57 65 66 60 61 64 65 57 35 12 2 2 1 1 1 1 
1 1 1 1 1 1 1 1 1 8 30 39 35 31 32 30 29 28 18 10 7 8 8 11 15 17 19 19 19 21 60 114 116 87 89 94 90 83 68 53 43 29 30 31 33 35 36 35 35 34 37 37 38 40 39 39 43 43 50 54 57 56 52 50 43 42 42 42 42 43 44 47 51 52 53 54 58 60 62 64 65 66 66 66 67 67 67 66 68 68 72 73 72 74 75 75 77 78 77 74 74 75 73 73 81 86 84 82 81 82 73 44 15 3 2 1 1 1 1 
1 1 1 1 1 1 1 1 2 15 31 36 33 31 29 26 26 26 18 10 7 8 9 12 16 18 19 19 22 21 63 117 118 85 89 94 93 83 71 57 46 35 43 44 44 44 45 45 46 48 50 51 51 52 54 53 53 52 53 58 60 58 56 57 58 58 57 57 57 59 61 65 67 70 70 72 74 75 74 74 77 78 78 80 80 80 80 81 82 82 85 86 86 88 88 88 89 92 92 89 89 92 93 92 95 96 97 96 95 94 82 49 15 3 4 2 1 1 1 
1 1 1 1 1 1 1 2 5 20 32 29 25 25 24 23 23 25 18 10 8 7 8 12 16 18 19 21 22 21 67 121 116 82 89 95 95 88 80 71 61 51 60 58 59 59 60 60 61 61 63 64 66 67 67 68 67 67 68 72 74 72 71 72 74 74 75 77 77 78 80 82 84 85 85 86 87 88 86 86 88 89 89 91 93 93 94 94 94 95 95 95 97 98 98 100 100 100 101 99 99 100 101 101 103 103 102 101 101 101 87 52 17 3 4 1 1 1 1 
1 1 1 1 1 1 1 5 10 22 27 24 22 24 23 23 23 24 17 10 8 7 8 12 16 18 19 21 22 22 66 117 110 78 89 95 96 90 85 81 72 71 76 74 77 77 77 77 77 78 79 80 80 82 84 82 82 81 82 85 87 88 87 87 87 88 88 89 92 92 92 93 95 95 95 95 96 97 97 96 97 97 99 100 101 103 102 101 101 101 102 102 101 101 103 103 102 103 102 102 103 103 102 102 103 104 103 101 102 102 87 52 17 3 4 1 1 1 1 
1 1 1 1 1 1 1 4 10 22 23 22 22 22 22 23 23 24 17 10 8 7 8 12 16 18 19 21 22 23 64 113 108 78 90 97 99 95 93 89 84 87 89 90 89 89 89 89 90 90 92 93 92 94 96 95 96 95 95 96 97 98 96 97 97 98 98 98 100 100 100 101 102 102 101 101 102 102 101 101 101 102 102 103 103 105 104 103 102 101 100 100 99 100 102 103 102 102 102 103 104 104 103 103 106 106 104 102 103 102 87 52 18 3 4 1 1 1 1 
1 1 1 1 1 1 1 6 12 20 22 21 22 22 22 22 23 22 17 10 8 7 8 12 16 18 20 21 22 23 61 107 103 78 90 101 100 97 95 95 94 94 96 96 96 96 96 96 97 97 96 96 97 99 100 101 102 102 101 101 104 104 102 103 103 102 102 101 101 102 102 102 102 102 101 101 102 101 101 101 102 102 101 103 103 102 103 103 102 101 100 100 99 100 102 102 102 102 102 103 103 103 103 103 103 104 104 103 104 104 89 53 18 3 4 1 1 1 1 
1 1 1 2 2 3 8 15 19 20 22 21 21 22 21 21 22 22 19 11 9 7 8 10 14 18 20 21 22 23 54 100 96 81 90 102 103 99 99 99 99 99 99 97 97 97 96 96 97 97 96 97 97 97 100 100 101 100 99 99 101 101 100 99 99 99 97 97 97 97 99 99 99 101 101 101 101 100 101 101 101 100 100 100 101 100 101 102 101 100 100 97 97 100 101 101 101 101 102 102 102 101 102 102 102 102 101 102 103 103 87 51 16 2 4 1 1 1 1 
1 1 1 3 4 11 18 21 24 22 22 19 19 21 21 21 21 22 19 12 9 7 8 10 14 18 20 21 21 23 49 87 87 86 92 101 106 99 100 100 100 99 99 99 97 97 97 97 97 97 96 97 97 97 97 97 99 99 97 97 99 97 97 97 97 96 96 96 96 95 97 97 97 98 98 98 98 98 98 98 97 96 97 99 99 100 99 100 101 99 99 97 99 99 99 99 99 97 97 99 99 97 99 99 96 96 96 97 99 97 81 46 15 2 4 1 1 1 1 
0 1 1 5 16 22 21 23 23 22 22 19 19 21 19 22 22 21 19 15 11 8 9 11 16 17 19 21 21 21 44 79 85 73 84 93 97 96 97 101 107 100 99 99 99 97 97 97 97 97 96 97 97 97 97 97 97 97 96 97 98 97 96 96 96 95 95 96 95 95 95 96 97 96 95 94 94 94 94 94 94 94 95 95 95 96 96 95 95 96 96 97 98 97 96 96 96 95 95 96 96 96 96 96 94 94 95 95 96 93 75 43 14 1 4 1 0 1 1 
0 1 2 1 12 24 24 25 23 22 20 18 18 19 19 20 22 19 18 15 11 9 9 12 15 17 21 22 21 19 47 80 79 60 72 81 89 94 97 102 103 100 99 99 99 97 97 97 97 97 95 97 95 95 96 96 96 96 95 96 97 96 95 96 96 95 94 95 95 94 94 95 96 94 94 93 93 93 93 93 94 93 93 94 94 94 94 93 93 94 94 95 93 91 90 90 93 93 92 93 95 95 94 94 93 94 94 92 93 90 72 39 13 1 3 0 0 1 1 
1 1 1 1 14 26 26 27 25 23 22 22 20 20 22 22 22 20 19 16 12 10 10 12 15 17 21 22 21 21 47 78 74 51 59 71 80 88 93 97 97 97 97 97 97 98 98 98 98 96 95 97 96 96 96 96 96 95 94 94 94 94 93 94 94 93 92 93 93 93 93 93 93 94 93 92 92 92 90 92 93 93 93 93 93 93 92 92 92 93 92 87 85 85 84 85 85 85 85 87 89 90 90 91 91 90 92 89 90 89 70 36 12 2 2 0 0 1 1 
1 1 0 1 11 25 27 29 27 25 25 24 23 23 22 22 22 20 19 16 11 9 10 11 13 18 23 23 21 21 46 75 72 39 50 60 71 80 87 92 93 94 95 95 95 96 96 95 96 94 94 95 94 94 94 95 96 94 94 93 93 93 92 93 93 93 92 92 92 92 92 92 93 93 94 93 92 92 92 92 92 90 90 92 92 92 90 89 90 92 87 85 81 78 77 78 78 79 81 84 87 89 89 90 89 87 87 87 89 85 66 33 11 2 2 0 0 1 1 
1 1 0 1 11 24 26 29 28 29 29 26 25 25 24 23 22 19 19 16 11 9 10 11 13 19 24 23 21 21 45 72 67 31 42 54 64 75 85 90 94 93 94 94 93 93 93 93 93 92 93 93 94 94 94 94 94 93 93 93 93 92 92 92 92 90 90 92 93 93 92 92 93 93 93 93 93 92 92 92 92 92 92 92 92 93 92 90 90 88 85 80 75 73 72 72 72 74 78 82 86 88 88 87 85 85 85 85 87 83 64 32 10 1 1 0 0 1 1 
1 1 1 1 11 23 28 30 30 31 30 27 26 25 25 24 23 19 19 16 11 9 10 11 13 19 24 23 21 22 44 70 64 25 35 50 61 72 81 88 94 93 93 93 93 93 92 92 93 93 94 94 94 94 94 93 93 93 92 92 93 93 92 92 92 90 92 90 92 92 92 92 93 93 92 92 93 93 93 92 92 92 92 90 90 90 89 88 87 87 84 78 75 73 71 71 73 74 75 78 82 85 85 85 82 82 82 82 85 81 61 31 10 1 1 0 0 1 1 
1 1 1 1 10 23 29 32 31 32 30 27 26 26 24 23 22 20 19 16 11 9 10 12 15 19 22 22 21 22 42 66 59 23 31 44 58 74 82 88 95 93 94 93 94 94 94 95 95 96 96 95 95 95 94 93 93 93 93 92 93 92 92 93 92 92 90 91 93 93 93 93 94 94 94 94 94 94 93 92 90 88 88 88 87 86 85 82 82 85 82 80 78 74 72 72 73 74 76 78 80 83 83 81 81 79 79 80 82 78 58 29 9 1 2 0 0 1 1 
1 1 1 2 11 22 29 31 31 32 31 30 26 26 24 23 22 20 18 16 10 8 10 13 16 19 20 22 21 22 40 65 57 21 28 39 52 71 83 89 95 93 94 93 94 94 94 95 95 95 95 94 94 95 93 92 93 94 93 92 93 92 92 90 90 90 90 91 91 93 93 93 93 93 91 91 91 90 90 87 85 85 84 84 81 81 80 79 79 81 80 80 78 73 72 71 71 73 73 74 77 79 79 78 78 77 77 77 79 74 57 29 9 2 2 0 1 1 1 
1 1 1 2 12 22 30 31 31 32 32 30 27 25 24 23 22 18 18 15 10 7 10 15 16 18 20 22 19 22 36 51 53 21 25 35 49 70 82 88 94 93 93 93 93 92 93 93 93 93 93 93 93 92 92 92 92 93 91 90 89 89 89 88 88 88 88 88 88 88 87 87 88 87 87 86 86 87 86 84 80 80 80 79 78 78 76 76 74 74 74 73 70 68 68 68 67 67 67 68 71 71 71 71 73 74 74 74 75 71 53 26 8 2 2 0 1 1 1 
1 1 0 3 14 23 31 32 30 31 30 27 25 24 23 22 20 19 18 15 10 9 11 15 17 18 19 21 19 23 30 41 45 22 24 33 49 70 82 89 94 93 93 93 93 92 92 92 93 93 93 93 93 92 90 89 88 89 88 87 86 86 85 85 85 85 84 84 84 84 84 84 84 82 82 81 81 82 82 79 77 77 77 77 74 74 73 73 72 71 68 66 64 63 64 64 64 64 64 65 66 67 70 70 70 72 73 72 73 71 52 26 8 1 1 0 0 0 0 
1 1 1 4 16 22 28 29 28 27 26 24 22 22 22 20 20 19 17 13 10 9 12 16 18 18 19 19 19 24 28 30 36 24 25 34 50 67 80 87 90 90 90 90 90 92 92 92 92 90 90 89 89 88 86 86 86 85 85 85 84 84 81 80 80 81 80 80 79 78 77 77 77 77 77 78 78 75 75 74 74 74 74 74 72 72 71 70 68 66 66 64 60 60 60 59 59 60 63 64 64 65 67 69 69 72 73 72 73 70 52 25 8 1 1 0 0 0 0 
1 1 1 3 16 25 26 25 24 24 23 22 20 20 20 20 20 19 18 13 9 9 12 17 18 19 19 19 19 23 28 27 29 25 25 34 48 65 80 85 88 90 90 90 90 90 90 88 88 88 87 86 86 85 82 82 84 82 81 80 80 79 78 77 77 77 77 77 75 74 74 74 74 74 74 75 75 73 73 72 72 72 72 71 71 70 70 68 68 68 67 65 63 60 60 59 59 61 64 65 65 66 68 71 73 72 71 72 73 68 51 24 8 1 1 0 0 0 0 
1 1 1 3 17 28 26 25 23 22 22 20 20 22 20 22 22 20 18 13 10 8 12 17 18 19 19 20 20 25 31 29 27 26 25 34 46 64 77 80 84 87 88 88 87 87 86 85 85 84 82 81 81 81 79 79 79 78 78 78 77 75 75 74 73 73 73 74 74 74 73 72 73 73 73 73 72 71 70 70 71 71 71 71 71 70 70 68 68 70 67 67 66 65 66 65 64 66 67 67 67 68 70 72 74 73 72 72 73 68 49 23 8 1 1 0 0 1 1 
1 1 1 3 17 26 25 24 22 22 22 20 22 22 22 22 20 23 19 12 9 10 14 17 18 19 19 20 20 24 31 30 29 26 26 33 46 60 74 78 81 86 85 85 84 85 84 82 80 80 78 77 75 75 75 75 75 75 74 74 74 73 73 72 72 71 71 72 73 72 72 71 72 72 72 71 71 70 70 68 68 70 70 71 71 68 68 67 68 70 71 71 70 70 70 70 70 71 72 72 72 72 71 72 73 72 73 72 73 68 49 22 7 1 1 0 0 1 1 
1 2 2 3 16 26 26 24 23 21 21 22 22 21 21 22 22 23 18 12 10 11 14 17 19 19 20 22 20 23 31 33 30 29 27 34 45 58 71 74 78 82 81 80 79 81 82 79 77 75 75 74 73 74 74 73 73 73 72 71 71 71 71 70 70 70 70 70 70 70 70 70 70 68 68 68 68 69 69 68 68 69 69 69 69 68 68 68 69 68 70 70 68 70 70 71 71 71 72 72 72 73 72 73 74 73 73 74 74 68 49 23 8 1 2 0 0 1 1 
2 2 2 4 17 28 26 23 23 22 21 22 22 21 21 23 23 23 18 13 11 11 14 17 19 20 20 22 22 24 32 38 32 33 33 37 45 57 67 71 75 78 78 75 77 76 76 74 74 73 73 72 71 73 72 71 71 71 70 68 68 68 68 68 68 68 68 68 68 68 68 68 68 67 67 67 67 68 68 68 68 68 68 68 68 68 68 68 69 68 70 68 68 70 70 72 72 72 73 73 73 73 73 74 74 74 74 75 77 70 51 24 8 2 1 0 0 1 1 
2 2 2 5 17 31 29 24 23 22 22 22 22 22 22 22 23 24 17 12 11 12 15 18 20 20 22 22 21 24 35 44 42 38 37 37 45 56 65 68 72 73 73 74 73 73 72 72 72 72 73 72 71 72 71 71 71 70 68 68 68 67 67 67 68 67 67 68 68 69 69 68 68 68 68 68 68 68 68 68 68 68 68 68 68 68 68 68 68 68 69 69 69 71 71 70 70 71 72 74 75 75 74 73 74 74 74 75 79 71 52 25 8 2 2 1 1 1 1 
2 1 2 5 17 29 27 24 23 23 23 23 23 23 23 23 24 24 16 12 12 12 15 18 20 22 22 22 21 24 36 50 50 40 40 38 43 52 59 63 70 73 72 72 72 71 71 71 71 72 72 71 70 71 70 70 70 68 68 68 67 67 67 67 67 67 67 68 68 67 67 66 66 67 67 67 67 67 67 67 67 67 67 67 67 67 67 68 68 68 69 69 69 69 71 71 71 71 72 75 76 76 75 74 74 75 77 78 81 73 53 28 8 2 2 1 1 1 1 
1 1 1 5 16 26 30 28 26 25 25 24 24 26 25 24 23 18 14 12 12 14 16 19 22 23 23 23 22 25 36 50 58 38 39 38 41 49 54 58 66 71 70 71 71 68 68 68 70 71 71 71 69 71 71 68 67 67 67 68 67 66 66 67 66 68 68 68 68 66 66 66 66 66 66 65 65 65 65 65 65 66 66 66 66 66 66 67 67 67 69 69 69 68 70 71 71 72 73 75 77 77 75 75 77 77 78 79 84 79 57 29 9 2 2 0 0 0 1 
1 1 1 4 18 29 31 30 30 29 29 29 29 29 27 24 16 11 11 11 11 14 16 19 23 23 24 24 23 25 36 49 57 36 37 37 39 44 50 56 65 70 70 69 69 68 68 67 67 69 69 69 69 69 69 67 67 67 66 66 66 66 65 65 66 66 67 66 66 66 66 66 66 66 66 65 65 65 65 65 66 67 65 65 65 65 66 66 66 68 68 69 69 70 70 70 72 72 72 74 78 79 78 78 79 79 80 82 87 81 59 30 11 2 2 1 0 0 1 
1 1 1 4 22 32 34 32 32 32 32 32 32 34 36 23 14 7 9 10 12 15 16 19 22 24 24 24 23 26 34 46 53 35 36 35 36 39 46 54 63 67 70 68 68 68 68 68 67 66 66 66 66 66 66 67 68 67 66 65 66 66 65 65 65 66 65 66 66 65 65 65 65 65 65 66 66 65 65 66 66 67 66 66 66 66 67 67 67 67 69 68 68 68 68 71 72 73 73 75 79 80 79 80 81 82 84 85 87 82 60 30 9 2 2 1 0 0 1 
1 1 1 7 23 34 37 35 35 33 33 35 35 38 40 25 14 9 9 11 15 17 17 19 21 24 24 24 23 25 32 42 51 32 35 33 33 36 44 53 59 64 67 67 67 68 68 68 67 66 66 66 66 66 66 67 67 66 65 65 65 65 65 65 65 66 65 66 66 65 65 65 65 64 64 65 65 64 64 65 66 66 66 66 66 66 67 67 67 67 69 68 67 67 70 70 72 73 73 75 79 81 80 81 84 84 84 85 87 81 60 29 9 2 3 1 0 0 1 
1 1 3 12 26 36 38 37 36 36 35 35 33 32 30 23 15 9 10 11 15 17 17 20 23 24 24 24 23 25 30 40 49 32 36 32 32 35 40 49 53 60 67 68 67 68 68 67 66 67 67 67 67 67 67 66 66 65 65 65 65 65 63 63 63 63 64 63 63 63 63 63 63 63 63 63 63 63 63 64 64 64 64 64 64 64 65 65 66 66 67 66 67 68 70 71 73 73 74 78 80 82 83 82 84 84 84 85 85 78 59 29 8 2 2 1 0 0 1 
1 1 5 16 30 38 42 40 37 35 36 38 36 29 24 24 16 8 9 10 14 16 17 20 23 25 24 24 23 25 29 40 46 33 38 32 31 33 38 44 50 54 62 65 65 66 67 67 65 66 66 66 66 66 66 65 65 64 64 64 64 64 63 63 63 63 63 63 63 63 63 63 63 63 63 63 63 63 63 63 64 64 64 64 64 64 65 65 65 65 67 66 66 67 70 73 75 74 75 79 81 83 83 82 82 82 82 82 82 75 56 25 7 2 2 0 0 0 1 
1 1 5 22 32 37 38 37 36 35 35 35 32 25 19 12 9 8 8 8 10 12 15 17 22 24 24 25 24 24 28 39 46 39 40 34 32 32 37 44 46 47 54 59 63 64 67 66 65 65 65 65 65 65 65 65 65 64 64 64 64 64 63 63 63 64 64 64 64 63 63 63 63 63 63 63 63 63 63 63 63 63 64 64 64 64 64 64 65 65 67 68 67 67 70 73 75 75 77 79 81 82 81 79 79 78 78 77 75 67 47 23 7 1 1 0 0 0 1 
1 1 3 23 36 33 30 29 29 30 29 28 26 23 15 4 5 7 7 5 8 11 15 17 22 24 23 24 24 23 26 39 47 41 38 27 32 33 33 32 40 42 47 54 60 64 65 65 64 64 65 65 65 65 65 64 64 63 63 63 64 63 63 63 63 64 64 64 64 61 61 61 63 61 61 61 61 61 61 63 63 63 63 64 64 64 64 64 65 66 67 68 68 70 72 73 75 77 78 80 81 79 78 73 68 67 66 63 60 51 33 16 7 1 1 0 0 0 0 
2 1 3 29 38 28 23 21 22 22 22 23 23 21 12 8 8 9 8 6 8 9 14 19 22 23 23 23 23 23 26 40 45 42 32 22 24 25 28 30 37 37 44 51 59 65 64 64 64 64 63 63 63 63 63 63 63 63 61 61 61 63 60 60 60 60 60 60 60 61 61 61 61 61 61 61 61 61 61 63 63 61 63 64 64 64 64 65 65 66 67 68 68 71 74 74 75 77 75 75 73 70 66 61 57 54 53 47 44 36 22 10 5 1 1 0 0 0 0 
2 1 4 29 33 23 18 18 19 19 19 19 19 18 9 10 11 12 11 10 6 8 12 17 19 22 22 23 23 22 26 39 42 37 29 21 22 22 23 24 35 37 43 47 56 61 64 64 64 64 63 63 63 63 63 63 63 63 61 61 61 61 60 60 60 60 60 60 60 61 61 61 61 60 61 61 61 61 61 63 63 63 63 63 64 64 65 66 65 66 67 70 71 74 77 78 78 74 71 65 59 54 51 45 40 38 36 30 29 24 15 7 5 1 1 0 0 0 0 
2 1 5 24 28 19 15 17 19 19 18 18 18 17 8 13 16 16 14 11 8 7 9 14 17 18 21 23 23 22 24 35 35 31 26 19 21 21 21 24 31 30 40 50 58 61 64 63 63 63 63 63 63 63 63 61 61 61 61 61 61 61 60 60 60 60 60 60 60 60 60 60 61 60 60 60 61 61 61 61 63 63 63 64 64 64 65 66 67 67 70 72 73 74 77 81 78 71 63 53 46 42 37 31 25 24 23 21 19 17 12 4 2 1 1 0 0 0 0 
1 1 4 16 24 22 17 17 17 18 18 18 18 18 8 15 17 17 15 12 10 9 11 14 15 17 18 22 23 22 23 26 26 24 22 18 21 22 21 24 29 26 38 50 61 65 62 63 61 61 61 61 61 61 61 61 61 60 60 60 60 60 59 59 59 59 59 59 59 60 60 60 59 60 60 60 59 61 61 61 63 63 63 64 64 65 65 67 70 70 72 73 74 74 75 73 68 60 52 43 35 30 28 22 18 17 17 16 16 14 11 3 1 1 1 0 0 0 0 
1 2 7 14 24 24 16 17 18 17 17 18 19 17 7 15 18 25 30 30 25 17 12 11 11 15 17 19 21 21 22 23 23 23 20 18 20 21 19 23 29 30 37 44 56 61 59 61 61 61 60 62 61 61 61 61 61 59 59 60 60 60 59 59 59 58 58 58 58 58 58 59 59 59 59 60 60 61 61 60 63 64 64 64 64 66 66 68 71 71 72 74 75 74 68 60 53 46 40 34 29 22 19 19 17 15 14 14 14 12 10 4 1 1 1 0 0 0 0 
1 3 14 17 30 28 22 23 24 21 18 19 19 17 7 16 17 30 39 39 33 19 12 10 10 14 16 18 19 19 21 21 19 20 19 17 19 19 19 22 26 30 37 42 51 60 58 60 63 63 61 62 62 62 62 60 60 59 59 60 59 60 59 60 60 59 59 59 58 57 58 58 59 60 59 59 60 61 61 59 60 64 65 64 65 67 67 70 72 73 73 75 74 68 59 50 43 35 29 26 22 17 16 16 16 15 14 14 14 12 9 3 1 1 1 0 0 0 0 
1 4 20 38 36 30 28 29 27 25 24 22 21 17 7 17 16 31 40 44 39 23 18 10 11 12 15 17 19 20 20 19 19 18 17 18 19 18 19 21 23 28 36 40 49 58 58 60 61 62 60 59 59 59 58 58 58 58 57 57 57 56 57 57 57 56 56 57 57 56 54 56 56 57 56 56 58 58 58 58 59 61 61 64 66 66 68 70 73 73 73 72 66 58 49 39 32 26 22 19 17 16 14 14 15 15 14 14 14 13 6 2 1 1 1 0 0 0 0 
1 6 29 47 39 37 37 36 36 33 32 29 25 21 10 16 18 29 42 41 40 23 18 10 12 14 16 17 18 20 20 19 19 19 18 18 18 18 18 21 22 25 33 39 46 53 53 55 57 55 53 51 52 52 52 52 52 52 52 52 52 51 51 52 51 50 50 51 51 50 49 49 50 49 49 47 49 49 50 50 51 53 57 61 65 66 68 70 72 72 72 68 57 46 37 29 24 21 18 15 16 15 14 14 14 15 14 14 14 12 6 2 1 1 1 0 0 0 0 
3 8 30 50 45 43 43 42 42 41 41 39 47 40 22 16 21 28 38 40 36 17 14 10 14 15 16 18 19 19 19 19 19 19 18 17 17 18 18 19 21 22 30 38 40 42 46 49 47 46 45 44 45 45 45 44 44 44 44 44 43 43 43 42 42 40 40 39 40 40 39 39 39 39 37 36 37 37 37 37 38 43 50 57 63 66 68 70 71 71 68 60 46 36 29 23 19 18 16 15 15 14 14 13 13 15 16 14 14 12 6 2 1 1 1 0 0 0 0 
3 8 30 52 51 46 46 46 46 47 48 49 72 61 24 14 12 21 29 39 29 16 14 11 14 16 16 19 19 19 19 19 19 18 18 18 17 18 18 18 18 19 25 33 35 32 35 38 37 38 36 35 36 36 36 35 35 35 35 35 33 33 32 31 31 31 32 31 31 31 31 31 31 31 29 28 28 28 28 28 29 36 44 51 57 61 65 67 70 65 58 47 36 28 23 18 16 16 16 14 14 15 15 16 16 16 16 15 14 13 6 2 1 1 1 0 0 0 0 
3 8 28 44 47 46 47 49 50 51 52 54 57 41 20 14 6 12 19 38 24 14 11 14 17 18 18 17 18 20 20 20 20 18 18 18 17 17 18 19 19 21 24 30 32 30 28 29 30 30 29 29 30 29 29 29 29 28 29 29 28 28 26 25 25 26 28 28 29 29 30 30 30 29 30 30 30 29 31 31 32 38 44 51 59 65 66 67 65 57 46 37 29 22 18 17 15 14 15 16 16 16 17 17 17 17 16 16 17 14 7 2 1 1 0 0 0 0 0 
3 10 28 43 49 44 46 49 51 53 54 52 33 15 12 14 6 9 15 28 19 12 11 14 17 18 18 17 18 20 19 19 19 18 18 18 18 17 18 19 21 21 24 28 31 32 31 30 30 32 32 32 32 31 32 31 31 31 31 31 31 31 31 31 31 31 32 33 33 35 35 35 35 36 36 36 36 36 37 38 40 45 50 53 61 67 67 66 61 52 37 29 24 21 18 16 15 15 15 16 16 16 17 17 17 17 17 17 17 14 7 1 1 1 0 0 0 0 0 
3 9 29 46 50 45 47 50 53 53 54 54 45 23 10 10 7 8 12 15 16 12 12 15 17 18 17 16 17 19 19 18 18 17 17 17 18 17 18 21 22 23 28 31 33 38 39 39 39 38 39 40 40 39 39 39 39 40 40 42 42 42 42 43 43 43 43 44 45 45 46 46 46 46 47 49 49 49 49 50 51 52 54 57 60 65 66 61 56 45 30 25 23 18 16 15 15 16 16 16 16 16 16 16 17 17 17 17 17 12 5 1 1 1 0 0 0 0 0 
3 9 31 50 52 45 47 50 54 54 56 57 47 31 15 9 9 9 9 14 15 14 12 15 17 18 17 16 16 17 18 17 16 17 17 17 17 18 19 21 22 24 31 40 43 45 46 47 49 49 51 52 51 51 50 51 51 52 52 53 53 53 53 54 54 54 54 54 54 54 56 57 58 57 58 58 58 58 56 56 57 57 59 63 63 63 63 56 45 34 26 24 19 16 14 14 15 16 15 15 16 16 16 16 17 17 17 17 17 12 5 2 1 1 0 0 0 0 0 
3 8 31 51 52 47 50 50 52 53 54 59 50 38 19 10 10 10 10 14 16 15 16 16 17 18 17 17 17 16 16 17 16 16 17 17 17 18 18 21 23 25 32 42 50 52 53 53 54 54 57 59 59 59 60 60 61 61 61 63 63 63 64 64 64 64 64 63 63 63 64 64 65 64 64 63 63 63 63 61 63 63 64 64 63 65 63 52 37 25 18 18 17 15 14 15 16 16 15 16 15 15 15 15 17 17 17 17 17 14 6 1 1 0 0 0 0 0 0 
2 8 32 52 53 52 51 51 52 53 54 58 52 45 33 16 12 12 14 15 17 17 17 16 17 18 17 17 17 16 16 16 16 16 16 16 17 17 18 21 23 25 36 45 52 59 61 61 61 60 60 61 61 63 64 63 63 63 61 61 63 63 63 63 63 63 64 64 65 65 65 65 65 65 64 64 64 64 64 64 64 64 63 63 63 59 53 41 31 23 16 16 16 15 14 15 15 15 15 16 16 15 16 16 16 17 17 17 17 14 6 1 1 0 0 0 0 0 0 
2 8 35 54 51 50 50 50 51 52 53 57 54 55 53 40 32 27 24 28 23 19 18 17 17 17 17 16 16 16 16 16 15 16 17 17 17 17 18 21 24 26 38 46 54 60 62 61 63 63 61 61 61 63 63 63 63 61 61 61 61 61 61 61 61 63 63 63 65 65 64 64 65 65 64 63 64 64 64 64 64 64 63 63 61 54 45 35 28 22 18 17 16 14 14 15 15 16 16 16 16 16 16 16 16 17 17 17 17 12 7 1 1 0 0 0 0 0 0 
1 9 38 53 44 43 41 39 44 47 51 52 48 48 47 51 51 51 41 28 24 19 19 18 18 19 18 17 16 16 16 16 16 17 17 17 17 17 18 21 25 29 39 47 54 59 61 60 60 61 60 61 61 60 60 60 60 60 60 61 60 60 60 60 60 60 61 61 61 63 63 63 64 63 63 63 61 63 63 63 64 64 61 61 60 51 38 30 25 21 18 15 14 14 14 15 16 16 16 16 16 16 15 15 16 16 18 18 17 14 7 1 1 0 0 0 0 0 1 
1 11 38 42 37 37 37 36 37 40 45 46 44 46 45 46 48 45 42 28 24 21 19 19 19 19 19 17 17 16 16 17 16 16 17 17 18 18 19 21 25 32 42 49 57 60 59 60 59 59 59 59 59 58 59 59 60 59 59 59 58 59 59 59 59 60 60 60 60 60 60 60 60 61 61 61 61 61 61 60 61 61 60 61 60 49 33 26 24 21 17 15 14 14 14 16 16 16 16 16 16 16 16 17 17 17 16 18 18 15 8 2 1 0 0 1 1 1 1 
2 16 35 33 32 30 32 32 32 35 37 39 39 40 40 40 38 35 31 28 24 23 22 21 21 20 20 18 18 18 18 17 17 17 18 17 18 18 21 22 26 36 45 49 56 60 59 60 59 59 59 59 59 58 58 58 59 59 58 58 57 57 57 58 58 59 59 60 60 59 59 59 59 60 60 60 60 60 60 59 59 59 58 58 53 43 30 24 22 18 17 16 14 14 15 16 16 16 16 17 17 16 17 18 19 18 18 18 19 16 9 3 1 0 0 1 1 1 1 
4 26 39 32 29 24 26 26 26 26 27 29 29 31 33 31 30 29 28 26 24 24 23 21 21 22 20 19 19 18 18 18 18 17 18 17 18 18 21 23 28 37 45 49 54 56 57 58 57 58 58 58 58 57 58 58 58 58 57 57 56 56 56 57 57 57 57 58 58 58 58 58 58 59 59 59 59 59 59 57 57 57 56 51 46 39 29 23 20 17 17 17 16 16 15 16 16 17 17 17 16 17 18 17 17 19 19 19 21 18 12 3 1 1 1 1 1 1 1 
9 32 42 32 26 19 21 23 23 22 23 23 24 25 26 25 25 25 24 26 24 24 23 22 21 23 20 19 19 19 19 19 18 18 19 18 18 19 22 25 29 37 44 50 52 53 56 56 56 57 57 57 57 57 58 58 58 58 57 56 56 56 56 56 56 56 56 57 57 57 57 57 57 58 58 58 58 57 57 57 56 56 56 47 39 36 29 22 18 17 17 16 16 15 15 16 16 17 17 16 16 16 18 18 18 19 19 19 22 20 15 4 1 1 1 1 1 1 1 
12 45 45 33 26 17 18 22 22 22 22 22 22 23 23 23 22 24 25 23 23 22 22 22 21 21 21 21 21 19 19 19 19 18 19 18 18 19 22 25 31 38 45 50 53 53 54 56 56 56 56 56 56 57 57 57 57 57 56 56 54 54 54 54 56 56 56 56 54 56 57 57 57 57 57 57 57 57 57 57 54 54 54 51 43 33 24 18 17 17 17 15 14 15 15 14 14 15 15 15 14 14 16 18 18 19 19 21 21 21 15 4 1 1 1 0 0 0 0 
17 59 62 30 24 18 21 22 23 22 22 21 21 22 22 22 22 23 23 22 22 22 22 21 21 21 21 21 21 19 19 19 19 18 18 18 18 19 22 25 31 39 46 50 53 53 54 54 54 56 56 56 56 56 56 56 56 56 56 54 54 54 54 54 54 54 54 56 54 56 56 54 56 54 54 56 56 54 54 56 53 53 51 45 37 26 18 16 16 16 15 15 15 16 15 15 16 15 15 15 15 15 17 19 18 18 21 21 21 21 15 5 2 1 1 0 0 0 0 
16 45 64 26 20 21 23 23 24 22 21 20 20 19 21 21 21 21 21 21 21 22 22 21 21 21 21 21 21 19 19 19 19 18 18 18 19 21 23 25 32 42 47 51 54 54 54 53 54 54 54 54 54 54 54 54 54 54 54 54 53 53 53 53 54 54 54 54 54 54 54 53 54 54 53 54 54 54 56 56 54 53 49 42 35 24 16 14 16 16 15 15 16 16 16 16 16 15 15 16 16 16 18 19 19 22 22 21 21 20 15 8 3 1 1 0 0 1 1 
12 29 59 33 16 23 23 23 23 22 19 19 19 19 19 19 19 21 21 21 21 21 21 21 21 21 21 21 21 19 19 19 19 18 18 19 21 21 22 25 32 40 45 49 51 52 52 52 52 51 52 52 52 53 53 52 52 52 52 52 51 51 51 51 53 53 53 53 53 53 53 52 53 53 52 53 53 53 54 54 54 52 47 42 32 23 16 15 15 15 15 15 15 16 16 16 16 16 16 16 18 18 21 19 19 22 22 19 19 18 13 8 3 1 1 0 0 1 1 
9 19 59 41 13 21 22 22 21 19 18 17 17 17 18 18 18 18 18 19 19 19 19 19 19 21 21 21 21 19 19 19 18 18 18 19 18 18 22 24 30 39 44 46 49 49 50 50 51 50 51 52 52 52 51 51 51 50 50 50 49 49 49 49 51 51 51 51 51 52 52 51 52 52 50 50 52 52 52 53 53 51 46 41 32 21 16 16 15 15 15 15 14 14 15 16 16 16 18 18 21 23 24 22 19 21 21 21 19 18 12 5 3 1 0 0 0 0 1 
8 31 90 85 29 18 17 17 18 18 17 17 17 17 17 17 17 18 18 18 18 18 18 18 18 19 19 19 21 19 18 18 18 18 17 17 17 18 19 22 29 38 44 45 49 46 47 49 49 49 50 50 50 50 49 49 49 49 47 47 47 47 47 47 50 50 51 51 51 51 51 50 51 51 49 49 50 50 51 51 51 49 44 40 30 21 17 15 15 15 14 14 16 16 15 15 15 15 16 18 22 24 24 24 22 21 21 19 19 17 10 4 3 1 1 0 0 1 1 
3 38 104 104 34 18 10 14 16 17 16 16 16 16 16 16 16 17 17 17 17 17 17 17 18 18 18 19 19 18 18 17 18 17 17 17 17 17 17 24 31 37 43 44 47 46 46 46 46 47 47 50 49 47 47 47 47 47 46 46 46 46 46 46 47 49 50 50 50 50 50 50 50 50 49 49 50 50 51 50 50 49 46 39 30 22 19 16 15 15 15 16 16 16 16 17 17 16 17 19 23 23 23 24 23 23 19 18 19 16 9 3 2 1 1 1 1 1 1 
2 22 73 82 38 18 9 11 15 15 15 16 16 16 16 16 16 16 16 16 16 16 16 16 17 17 17 18 18 17 17 16 17 16 17 16 15 15 16 25 30 36 40 42 46 45 45 45 45 45 45 45 45 45 44 44 45 45 45 45 45 45 45 45 46 47 49 49 49 49 49 47 49 49 47 47 49 49 50 49 49 47 45 38 30 23 19 16 15 15 15 16 16 16 16 17 17 18 18 22 26 28 26 26 29 25 18 17 17 16 9 3 1 1 1 1 1 1 1 
3 1 31 55 40 19 12 12 14 15 15 15 15 16 16 16 16 16 16 16 16 16 16 16 16 18 18 18 18 16 16 17 17 17 18 15 14 14 16 21 28 36 40 42 46 45 45 45 44 44 43 44 43 43 43 43 44 44 44 44 44 44 44 44 46 46 46 46 46 46 46 46 47 47 45 46 47 47 49 49 49 47 43 37 28 23 18 15 15 15 14 14 15 15 16 17 17 17 21 27 34 38 37 36 37 31 19 18 18 17 10 5 3 0 0 0 1 1 1 
3 1 16 39 43 22 13 14 15 15 15 16 16 16 16 16 16 16 16 16 16 16 16 16 16 17 17 17 17 16 15 17 17 17 17 14 12 12 15 21 28 36 40 43 44 44 43 43 44 44 44 46 45 44 45 45 46 45 45 44 44 44 44 44 44 45 45 45 45 45 45 45 45 45 45 46 46 46 46 46 49 45 39 36 26 22 17 15 16 16 16 15 16 16 15 16 19 19 22 31 39 44 44 42 44 39 26 25 25 21 11 5 3 1 0 0 1 1 1 
3 2 12 34 43 24 16 15 16 15 16 16 16 17 17 17 17 16 16 16 17 16 16 16 17 18 18 18 18 15 15 17 17 16 16 14 12 14 16 24 29 35 39 44 44 43 43 43 44 43 44 45 45 44 44 44 45 45 44 44 44 44 44 44 44 45 45 45 45 45 45 45 45 45 45 46 46 46 45 45 47 45 40 35 25 19 17 15 15 16 15 15 16 16 15 15 17 22 25 31 44 52 49 46 50 45 36 33 33 26 14 6 3 1 1 0 1 1 1 
3 2 9 33 43 27 20 17 16 16 16 16 16 17 17 17 17 16 16 16 16 16 16 16 17 18 18 18 18 15 15 17 18 17 16 14 12 14 18 24 29 33 39 44 45 44 43 43 44 43 43 43 43 43 43 43 43 44 44 44 44 44 44 44 44 45 45 45 45 45 45 45 45 45 45 45 45 45 44 43 47 46 43 36 25 22 18 15 15 16 15 15 16 16 16 15 17 22 26 35 46 54 52 51 52 49 43 40 38 32 18 6 3 2 1 0 1 1 1 
2 2 9 33 45 27 22 18 17 16 16 16 16 17 17 17 17 16 16 16 16 16 16 17 17 17 17 18 17 12 14 16 17 15 15 14 14 17 22 26 30 37 42 46 47 46 46 46 46 45 45 45 45 43 45 45 45 45 45 45 45 45 45 45 45 46 46 46 46 46 46 46 46 46 45 45 45 44 44 46 49 47 43 36 29 23 19 17 16 17 15 15 16 16 16 16 17 22 27 35 44 51 52 52 53 51 47 45 42 35 22 8 4 2 2 1 1 1 1 
2 3 11 30 38 24 20 18 17 16 16 16 16 17 17 17 17 16 16 16 16 16 15 17 18 17 17 17 16 12 16 16 16 14 15 15 15 20 26 31 37 43 46 49 51 50 50 50 50 50 49 49 49 49 49 49 49 49 49 49 49 49 49 49 49 49 50 50 49 49 49 49 49 49 49 47 47 46 46 47 50 47 42 38 29 22 19 19 18 17 15 15 16 16 16 16 18 23 27 33 42 47 49 49 49 49 47 44 40 35 22 8 3 2 2 1 1 1 1 
2 4 16 29 31 23 19 17 17 16 16 16 16 17 17 17 17 16 16 16 16 16 16 17 18 17 17 17 16 15 16 16 16 15 16 17 19 23 32 38 43 53 54 57 58 56 54 56 57 56 56 56 56 56 56 56 56 54 54 54 54 54 54 54 54 53 54 54 54 54 54 54 53 53 53 54 54 51 51 51 51 50 45 40 30 22 21 20 17 16 15 16 16 16 15 16 18 23 27 33 38 42 43 43 45 44 43 40 39 33 19 8 3 2 2 0 0 1 1 
3 3 12 24 24 19 18 17 17 16 16 16 16 17 17 17 17 16 17 17 17 16 17 18 18 16 16 16 16 15 16 15 15 15 16 19 22 30 40 49 56 65 65 66 66 64 64 65 65 66 65 66 66 66 65 65 65 65 64 64 64 64 64 64 64 65 65 65 65 65 65 65 64 64 64 64 64 61 61 60 61 58 49 42 30 23 21 19 17 16 16 16 16 16 15 16 18 23 27 29 33 36 38 39 39 38 38 37 37 30 15 6 3 2 2 0 1 2 1 
