1 1 1 1 1 1 1 1 1 1 1 1 1 1 2 4 11 16 21 32 45 52 56 51 55 55 53 52 52 51 52 52 51 51 51 51 50 51 51 51 51 51 51 51 51 51 51 51 50 47 43 36 12 4 1 1 1 1 1 1 1 1 1 2 2 2 1 1 1 1 1 1 1 1 1 1 1 1 1 1 1 1 2 4 22 50 54 35 33 34 29 23 11 5 2 2 1 1 1 1 2 2 2 2 2 2 2 2 1 1 1 1 1 1 1 2 1 1 1 1 1 1 4 10 14 18 21 19 19 19 17 16 17 16 15 15 14 14 14 14 14 14 14 14 12 14 13 13 13 13 12 12 12 12 12 14 14 14 12 12 14 12 12 12 13 13 15 15 15 15 15 15 15 15 15 16 18 19 19 22 22 22 23 23 22 21 21 19 18 16 16 18 21 22 24 28 30 31 32 33 29 19 9 4 1 
1 1 1 1 1 1 1 0 1 1 1 1 1 1 2 4 9 16 22 33 45 52 54 50 55 54 52 52 52 51 52 52 53 58 58 53 51 51 50 50 50 50 50 50 51 51 51 51 51 48 44 40 9 3 2 2 1 1 1 1 1 1 1 2 2 2 1 1 1 1 1 1 1 1 1 1 1 1 1 1 1 1 3 2 28 54 59 54 50 44 36 30 12 6 2 2 1 1 1 1 1 1 1 1 1 1 1 1 1 1 1 1 1 1 1 2 1 1 1 1 2 2 4 10 17 23 24 22 22 20 18 17 17 16 15 15 15 15 15 15 15 15 14 14 14 15 14 14 12 14 15 15 15 15 15 15 15 13 15 16 16 16 16 16 16 16 16 16 16 16 16 16 16 15 15 17 19 22 22 22 23 23 24 24 23 22 22 19 19 17 16 18 18 18 21 24 27 27 30 31 26 18 9 3 0 
1 1 1 1 1 1 1 0 1 1 1 1 1 1 3 4 7 15 24 35 45 51 52 47 54 54 51 50 50 49 50 50 50 54 54 50 50 50 50 50 50 50 50 50 51 50 49 49 50 48 43 42 11 3 2 3 2 1 1 1 1 1 1 2 2 2 1 1 1 1 1 1 1 1 1 1 1 1 1 1 1 2 2 4 29 53 60 59 55 51 46 42 12 4 2 2 1 1 1 1 1 1 1 1 1 1 1 1 1 1 1 1 1 1 1 2 1 1 1 1 2 2 4 10 22 26 29 25 23 22 19 18 17 17 16 15 15 15 15 15 15 16 15 15 16 17 15 14 14 14 15 15 15 15 15 16 16 15 16 16 17 17 17 17 17 17 17 16 16 16 16 16 16 17 17 18 20 22 23 25 25 25 26 25 24 23 22 21 21 18 16 16 16 17 19 23 25 26 27 29 26 18 10 5 1 
2 1 1 1 1 1 0 1 1 0 1 1 1 1 2 4 10 17 25 35 45 50 49 42 50 50 49 49 49 47 47 47 47 50 49 49 47 47 49 49 49 49 49 49 49 47 47 47 50 48 45 43 18 5 3 3 1 1 1 1 1 1 1 1 1 1 1 1 1 1 1 1 1 1 1 1 1 1 1 1 1 2 1 7 30 54 65 61 57 52 49 45 19 4 2 2 1 1 1 1 1 1 1 1 1 1 1 1 1 1 1 1 1 1 1 2 1 1 1 1 2 2 5 14 25 31 32 28 26 24 21 18 18 17 17 17 17 17 17 17 16 16 18 18 19 20 17 16 16 15 16 15 15 15 15 16 16 16 17 17 17 18 18 18 17 16 16 17 16 16 16 16 15 17 17 18 22 23 25 28 29 28 28 26 24 24 22 22 23 18 15 14 14 16 18 19 21 23 26 27 25 19 12 5 2 
1 1 1 1 1 1 1 2 2 2 1 1 1 1 2 4 11 19 26 36 45 49 46 38 45 46 45 45 45 44 44 44 43 46 45 45 46 46 47 47 47 47 47 47 47 47 47 47 50 50 46 44 24 6 3 3 1 1 1 0 0 1 1 1 1 1 1 1 1 1 1 1 1 1 1 1 1 1 1 1 1 2 2 7 30 58 68 64 58 54 51 47 23 4 3 3 1 1 1 1 1 1 1 1 1 1 1 1 1 1 1 1 1 1 1 2 1 1 1 1 2 3 6 15 33 37 37 35 31 29 26 24 23 23 22 19 19 21 21 19 18 21 22 22 22 23 19 18 18 17 17 17 17 17 17 17 17 17 18 18 18 19 19 19 17 17 18 18 16 17 17 17 18 19 21 22 24 26 28 29 29 28 28 25 24 22 19 21 22 19 17 17 16 17 17 18 18 22 24 25 24 19 11 5 2 
1 1 1 1 1 1 1 2 2 2 1 1 2 3 4 11 18 22 31 44 47 49 44 42 40 42 42 43 42 42 39 38 38 39 39 40 45 45 45 45 45 45 46 46 47 46 47 48 51 50 47 45 26 8 3 2 1 1 1 1 1 0 0 1 1 1 1 1 1 1 1 1 1 1 1 1 1 1 1 2 2 2 4 9 22 60 69 62 59 57 54 52 27 8 3 3 1 1 1 2 1 2 2 2 2 2 2 2 2 2 2 2 2 2 3 3 2 1 1 1 3 4 14 24 42 40 42 39 35 32 32 31 30 29 29 27 29 29 29 27 25 26 28 26 25 24 22 21 21 19 18 18 18 18 18 18 18 18 18 19 19 21 19 19 20 20 19 19 18 19 22 22 23 25 26 28 31 31 31 31 31 31 31 30 29 28 26 26 24 24 23 22 19 19 19 18 19 21 23 23 24 19 11 5 2 
2 1 1 1 1 1 1 1 1 1 1 1 3 4 8 14 19 24 34 47 51 49 44 40 40 40 42 43 42 42 39 38 38 39 39 40 43 43 44 44 44 44 45 45 46 46 48 48 51 50 49 47 35 10 3 3 0 0 0 0 0 0 0 1 1 1 1 1 1 1 1 1 1 1 1 1 1 1 1 2 2 2 4 9 31 60 67 61 63 66 59 55 44 20 4 4 3 1 1 2 1 2 2 2 2 2 2 2 2 2 2 2 2 2 3 3 2 2 2 3 4 8 21 33 45 45 46 45 45 44 41 38 36 35 36 36 37 38 38 36 33 35 36 36 32 29 28 26 26 25 24 24 24 24 23 23 22 21 22 22 23 22 22 22 24 26 28 28 28 29 30 30 32 32 33 36 36 36 37 38 38 38 38 38 38 38 36 36 36 33 31 29 26 25 24 24 22 23 24 25 25 21 11 5 1 
2 2 1 1 1 1 1 2 1 0 2 2 3 8 13 19 22 23 36 53 57 53 45 40 40 40 43 43 42 42 40 39 39 39 39 40 42 42 43 43 43 43 44 44 45 46 47 47 50 50 51 52 38 21 12 9 4 2 1 1 0 1 1 1 1 1 1 2 1 1 1 1 1 1 1 1 1 1 1 2 2 2 4 10 36 59 60 51 52 53 53 53 52 30 8 7 4 2 2 2 1 2 2 2 2 2 2 2 2 2 2 2 2 2 3 3 2 2 2 2 4 9 29 45 48 48 50 51 51 50 46 44 43 42 40 40 42 43 42 40 43 43 43 42 38 35 33 32 31 31 31 31 31 31 30 30 29 28 28 29 29 30 30 30 32 36 42 44 45 45 45 44 44 43 43 43 43 43 44 45 45 46 48 50 50 50 48 47 46 45 43 41 39 37 34 32 31 30 32 32 32 23 11 5 1 
2 2 2 2 2 2 2 2 1 0 3 3 5 11 17 22 23 20 33 55 60 54 45 39 40 40 43 44 43 43 40 40 40 39 39 40 42 42 43 43 43 43 44 44 45 46 47 47 50 50 51 52 40 24 8 3 3 2 1 1 1 1 1 1 1 1 2 2 1 1 1 1 1 1 1 1 1 1 1 2 2 3 4 9 44 84 100 95 79 72 67 65 60 41 9 8 7 3 2 2 1 2 2 2 2 2 2 2 2 2 2 2 2 2 3 3 2 2 2 2 4 11 31 47 51 51 51 51 51 50 47 47 46 46 45 45 45 45 45 45 47 47 46 46 45 44 42 39 39 39 39 39 39 39 39 39 39 38 39 40 39 39 39 39 42 47 56 58 58 58 58 55 53 51 50 47 49 49 49 50 50 51 54 55 55 55 55 57 57 55 54 53 50 47 45 43 39 38 39 40 39 30 15 6 1 
3 3 2 2 2 2 3 3 2 4 4 7 11 15 18 21 21 21 35 63 73 63 48 50 49 47 45 44 45 45 44 44 45 46 46 49 53 52 46 45 43 40 48 53 54 58 60 63 67 78 90 100 120 120 86 31 1 0 1 1 1 1 1 0 1 1 1 1 1 1 1 1 1 1 1 1 1 1 2 2 3 3 5 15 84 159 187 189 174 167 154 125 104 72 24 10 10 7 4 3 1 2 2 2 2 2 2 2 2 2 2 2 2 2 3 3 2 2 2 1 5 12 31 46 49 49 49 49 50 50 50 50 49 49 49 49 47 47 46 46 47 49 49 47 49 47 46 45 46 45 45 45 46 46 47 50 48 50 51 48 48 48 46 45 47 54 64 66 65 63 61 59 58 57 54 53 53 52 52 52 52 53 55 58 58 60 60 61 61 61 61 60 58 54 52 50 47 45 45 44 44 36 20 7 1 
3 2 1 2 2 2 3 3 3 3 4 9 15 17 19 19 19 21 38 71 81 67 51 52 52 51 47 45 46 46 47 47 48 53 57 58 59 63 70 73 72 75 91 105 117 126 137 149 167 174 186 193 216 227 188 102 31 7 2 7 1 1 1 0 1 1 1 1 1 1 1 1 1 1 1 1 1 1 2 2 2 3 5 18 122 229 251 242 242 240 232 225 189 147 62 18 15 8 2 2 2 2 2 2 2 2 2 2 2 2 2 2 2 2 3 3 2 2 3 2 5 15 33 47 50 51 51 50 50 49 50 50 49 49 49 49 49 49 47 47 49 51 52 50 50 50 50 50 50 50 51 50 51 51 51 53 53 52 53 52 51 51 50 49 50 58 65 67 66 64 61 59 59 57 55 55 53 52 52 52 53 54 55 58 59 59 61 62 64 64 62 62 60 59 56 53 50 47 45 44 44 37 22 7 1 
3 2 2 3 3 3 4 4 4 5 8 11 15 17 19 21 21 21 39 72 78 63 42 45 50 52 56 57 61 65 67 75 93 97 106 113 128 135 144 155 166 167 184 199 215 223 236 242 247 250 253 251 248 255 247 170 70 11 3 5 1 1 1 1 1 1 1 1 1 1 1 1 1 1 1 1 1 1 2 2 2 4 8 19 132 234 253 248 251 252 251 255 247 210 90 24 11 5 2 2 2 2 2 2 2 2 2 2 2 2 2 2 2 2 2 2 2 2 2 2 6 18 38 51 51 52 52 52 51 50 50 50 51 51 51 51 51 51 50 50 51 51 52 52 52 51 51 52 51 51 51 50 50 50 51 52 52 51 50 49 49 49 48 48 48 53 61 65 64 61 59 57 55 55 53 53 53 51 52 52 52 53 53 56 57 60 60 61 63 61 59 59 58 56 54 52 50 47 45 44 44 36 20 6 2 
4 5 4 3 3 5 8 9 11 15 16 16 17 17 18 21 21 21 39 64 66 63 57 66 75 82 93 99 108 111 115 127 150 152 157 166 185 187 193 198 198 195 202 212 216 219 224 223 221 222 224 231 235 241 243 185 73 3 3 3 3 1 1 1 1 1 1 1 1 1 1 1 1 1 1 1 1 1 2 2 3 4 10 23 114 196 235 242 243 242 237 234 243 202 86 17 7 3 2 2 3 2 2 2 2 2 2 2 2 2 2 2 2 2 2 3 3 2 1 3 10 24 47 53 53 52 52 52 52 52 52 53 53 53 54 53 53 53 52 52 53 53 54 54 54 53 53 53 53 52 51 50 50 50 52 52 51 51 50 49 49 47 48 47 47 50 55 60 59 57 57 56 55 54 52 52 52 52 53 53 53 53 54 56 58 59 59 60 60 60 58 58 57 56 53 52 50 49 45 45 44 35 20 6 2 
4 7 7 7 7 9 12 15 17 17 16 15 17 19 21 21 22 24 36 59 70 86 102 115 128 130 134 139 132 131 130 131 143 141 136 136 136 130 128 124 119 116 115 120 120 122 124 128 128 135 141 141 146 160 156 122 51 3 3 1 3 1 1 1 1 1 1 1 1 1 1 1 1 1 1 1 1 1 1 2 3 5 8 19 78 151 189 193 192 190 182 180 170 175 65 10 5 2 2 2 2 2 2 2 1 1 2 2 2 2 2 2 2 2 2 3 2 2 1 2 17 36 50 53 55 53 52 53 51 52 52 53 53 53 54 53 52 53 52 52 52 52 53 53 53 52 52 52 52 51 50 49 49 49 50 50 50 50 47 46 46 46 45 45 48 50 51 51 51 51 51 50 51 49 49 50 50 49 50 51 52 52 52 53 54 54 56 56 57 56 56 54 54 52 51 51 50 47 46 46 43 33 19 6 2 
7 10 10 11 11 12 15 17 18 18 17 17 16 18 21 21 22 24 31 57 78 106 121 122 118 114 103 102 88 74 68 64 65 58 51 47 52 50 41 38 34 31 29 26 32 33 36 40 40 44 47 53 58 61 64 50 26 10 4 2 2 1 1 1 1 1 1 1 1 1 1 1 1 1 1 1 1 1 1 1 3 5 7 10 50 102 123 124 124 121 116 120 107 106 43 10 1 1 1 1 2 1 1 2 1 1 2 2 2 2 2 2 2 2 2 3 3 3 1 3 24 42 49 52 53 51 49 49 49 49 50 50 50 50 51 50 50 50 49 49 48 48 48 48 49 49 49 50 50 49 49 47 47 47 49 47 47 47 46 44 44 44 43 43 43 44 44 44 43 44 45 45 46 46 46 46 47 47 47 47 49 49 47 47 46 45 46 47 47 47 49 47 47 47 46 45 45 44 43 43 40 29 16 6 2 
12 14 14 15 16 16 16 18 19 19 17 16 18 18 19 21 22 23 25 40 54 67 66 59 52 47 35 31 24 19 20 16 12 8 8 9 9 9 8 9 8 8 8 8 9 10 12 15 14 15 16 18 18 18 18 16 14 10 7 3 2 1 1 1 1 1 1 1 1 1 1 1 1 1 1 1 1 1 1 1 3 5 6 12 42 72 80 78 75 74 72 71 68 67 36 16 3 2 1 1 1 1 1 2 1 1 2 2 2 2 2 2 2 2 2 3 3 4 3 6 24 39 45 47 46 44 46 46 45 45 46 46 46 46 47 47 46 46 45 44 44 43 42 43 44 45 45 46 46 46 47 46 46 46 46 45 45 46 44 40 40 40 41 41 40 42 40 40 40 42 44 45 47 47 48 46 45 45 45 45 44 44 43 42 40 39 39 39 39 39 40 39 39 39 39 39 38 38 39 40 37 25 13 5 2 
17 17 17 17 17 18 18 18 18 18 17 16 18 19 19 22 23 24 25 23 22 18 14 11 11 10 5 4 4 5 6 6 5 4 5 5 6 6 8 8 9 9 9 9 9 10 11 12 12 12 12 12 11 10 8 7 11 9 8 5 2 1 1 1 1 1 1 1 1 1 1 2 2 2 2 2 1 2 2 1 3 5 6 18 50 80 87 84 81 80 81 85 88 94 58 17 3 4 3 2 2 1 1 1 1 1 2 2 2 2 2 2 2 2 2 3 3 3 3 9 28 39 40 42 42 40 44 43 42 42 42 43 43 43 43 43 44 43 42 42 39 39 40 40 42 43 43 44 44 44 44 44 44 44 44 43 43 43 42 40 38 38 41 41 40 40 40 40 40 42 43 44 44 44 44 43 42 42 40 40 42 40 40 39 39 37 37 37 37 37 37 37 37 37 36 36 35 36 37 37 33 22 10 4 1 
19 21 19 18 18 18 17 18 18 18 17 16 17 19 19 21 23 25 25 18 12 8 6 6 6 6 6 6 5 4 3 4 4 3 4 5 7 7 7 8 7 7 7 7 5 7 7 7 8 9 9 9 9 8 7 7 9 8 8 7 3 1 1 1 1 1 1 1 1 1 2 2 2 2 2 2 2 2 2 1 3 5 9 30 77 131 142 138 137 137 141 152 159 173 102 10 0 5 4 4 4 3 3 3 1 1 2 2 2 2 2 2 2 2 2 3 3 3 3 10 32 46 43 37 33 35 42 40 40 40 40 40 39 40 41 41 39 39 39 38 37 37 39 40 39 40 40 40 42 42 42 42 42 42 40 40 42 40 39 38 37 38 40 41 40 39 39 39 39 40 41 41 39 39 39 38 37 37 37 38 39 38 38 39 37 36 36 36 36 36 36 35 35 35 35 35 33 35 36 37 31 21 10 4 1 
21 22 19 19 18 17 17 18 18 18 17 16 17 19 19 22 24 25 26 19 14 9 8 8 8 8 6 6 4 4 3 3 3 3 3 4 5 5 5 7 7 7 5 4 4 4 3 4 5 7 5 5 5 4 3 4 9 8 8 7 3 1 1 1 1 1 1 1 1 1 2 2 2 2 2 2 2 2 2 1 3 4 10 47 122 191 201 201 202 202 203 210 215 220 155 50 4 4 4 4 4 3 3 2 1 1 1 1 1 1 1 1 1 1 2 3 3 3 3 11 37 52 45 36 37 36 38 38 39 39 39 39 38 39 40 40 37 37 38 38 37 38 39 39 37 37 39 40 40 40 40 39 39 39 39 38 39 38 39 38 37 38 39 40 38 38 37 37 38 39 40 40 38 38 39 38 38 38 38 38 38 38 38 36 35 33 33 33 35 35 35 35 33 32 32 32 31 31 32 33 30 19 9 4 1 
19 20 18 18 18 18 17 18 19 19 17 17 17 18 21 23 24 26 26 19 12 7 5 5 5 5 5 5 3 3 2 2 2 2 3 3 4 4 5 4 4 4 5 4 4 4 5 6 7 6 4 4 3 3 3 3 8 8 8 7 3 1 1 1 1 1 1 1 1 1 2 2 2 2 2 2 2 2 2 1 2 3 10 59 157 225 230 227 227 226 226 224 227 229 173 73 9 1 3 5 4 4 3 2 2 2 1 1 1 1 1 1 1 1 2 3 3 3 3 13 41 61 51 38 41 40 37 38 37 36 36 37 37 37 37 37 37 37 39 39 36 37 36 36 36 37 37 38 38 39 40 38 37 38 38 38 37 37 37 38 37 37 37 37 38 38 37 37 37 38 38 39 39 39 37 37 37 37 36 36 36 36 36 33 32 32 32 33 33 33 33 33 32 32 32 32 31 31 30 29 28 18 8 2 2 
20 19 18 18 18 18 17 18 19 19 18 17 18 18 21 23 25 27 26 19 12 5 4 4 4 4 4 5 3 3 3 3 3 3 3 3 3 3 4 4 4 4 4 4 4 4 5 6 7 6 4 4 4 3 2 3 8 8 9 7 4 1 1 1 1 1 1 1 1 1 2 2 2 2 2 2 2 2 2 1 3 4 9 65 170 230 228 224 223 223 222 222 222 222 164 80 12 0 2 4 4 3 3 3 2 2 1 1 2 2 2 2 2 2 2 3 3 3 5 12 34 60 54 40 41 43 37 38 38 37 36 36 36 36 37 37 37 37 39 39 36 36 35 33 34 36 35 36 38 38 39 39 38 38 38 36 36 36 36 36 36 37 37 36 38 38 37 37 37 37 38 38 39 39 38 38 37 36 35 33 33 33 33 32 32 32 32 32 32 32 32 32 31 31 31 31 31 30 29 29 26 17 5 2 2 
19 18 18 18 17 16 17 18 18 18 19 19 19 21 21 23 24 26 28 21 12 4 4 4 3 3 3 3 3 3 3 3 3 3 3 2 3 3 3 3 4 4 4 4 4 4 5 5 7 5 5 5 5 3 2 3 7 8 9 7 4 2 1 1 1 1 1 1 1 1 2 2 2 2 2 2 2 2 2 1 3 4 8 61 138 201 205 198 203 205 200 198 195 186 166 97 42 0 2 5 4 4 2 2 2 2 2 2 3 3 3 3 3 3 2 3 3 2 3 3 24 55 50 40 39 43 40 38 38 37 37 38 37 33 35 37 38 37 36 37 35 35 33 33 33 35 35 35 36 37 39 37 38 38 37 36 36 36 37 37 37 38 38 38 38 38 39 39 38 38 37 38 37 37 36 37 37 36 34 34 33 33 33 33 33 33 32 32 32 31 31 32 32 31 31 31 31 31 31 30 25 16 5 1 2 
18 18 19 19 18 17 17 19 19 18 21 21 19 21 22 23 25 29 26 18 11 4 4 4 3 3 3 3 2 2 2 2 2 2 2 2 3 3 3 4 4 4 4 4 4 4 5 5 5 5 5 5 4 4 3 4 5 7 10 8 4 2 1 1 1 1 1 1 1 1 1 1 1 1 1 2 2 1 1 1 3 4 5 60 104 141 142 139 139 137 131 118 115 102 81 52 23 0 2 4 4 3 2 2 2 2 2 2 3 3 3 3 3 3 3 3 4 3 4 4 24 51 49 47 46 44 36 39 38 37 37 39 42 33 36 37 36 36 36 36 33 33 32 32 32 33 35 36 36 36 37 37 36 38 38 37 37 37 38 38 38 38 38 39 39 38 39 38 37 37 36 37 37 36 33 35 37 37 36 36 34 34 33 34 36 36 34 34 33 33 32 31 31 32 32 33 32 32 32 31 26 16 6 3 3 
17 18 18 19 18 18 19 19 19 18 19 19 18 21 21 21 24 29 26 18 10 4 4 4 3 2 2 2 2 2 2 2 2 2 2 3 3 3 3 4 4 4 4 4 4 4 5 5 5 6 5 5 5 5 5 5 4 7 11 10 5 3 1 1 1 1 1 1 1 1 1 1 1 1 1 2 2 1 1 1 4 4 5 44 65 77 66 59 59 57 51 45 42 38 33 32 29 2 2 3 3 2 2 1 2 2 2 2 3 3 3 3 3 3 3 4 4 4 5 9 17 39 51 46 49 35 25 33 38 36 37 40 42 36 38 36 34 33 33 33 32 31 31 32 32 33 35 36 36 37 38 38 38 39 40 40 39 38 38 38 38 38 40 41 40 39 38 37 35 35 36 37 36 33 31 32 35 36 35 33 35 33 33 35 35 35 35 35 35 33 32 31 31 31 32 33 33 33 33 32 30 19 6 4 1 
17 17 17 18 17 19 21 21 21 18 19 19 18 21 21 21 24 28 25 17 10 5 4 4 2 2 3 3 3 2 2 2 2 2 3 3 4 3 3 4 4 4 4 4 4 4 5 5 5 6 5 5 5 5 4 5 4 5 14 10 4 3 3 1 1 1 1 1 1 1 1 1 1 1 1 2 2 2 2 3 5 4 7 29 47 53 32 24 36 39 39 44 49 52 58 57 33 8 5 5 3 3 3 2 2 2 2 2 3 3 3 3 3 3 3 4 4 4 7 7 14 46 50 45 39 37 35 39 49 42 40 41 35 30 33 33 32 32 33 36 33 32 30 31 30 32 33 33 36 37 40 40 39 40 41 41 40 40 40 38 36 38 41 43 43 42 38 37 36 36 37 38 37 33 30 30 32 35 35 35 35 35 35 35 35 35 35 35 35 33 32 31 31 31 32 33 33 33 34 33 29 18 9 5 1 
16 16 16 16 17 19 22 22 22 19 18 19 19 21 21 21 25 30 26 17 9 5 3 3 2 3 3 3 3 3 2 3 3 3 3 4 4 4 4 4 4 4 4 4 4 4 5 5 5 6 4 4 4 4 4 4 4 7 11 10 5 3 3 1 1 1 1 1 1 1 1 1 1 1 1 2 2 2 2 4 5 4 8 24 51 48 26 32 64 94 115 118 122 137 139 145 80 29 11 8 7 5 4 3 3 3 3 3 3 3 3 3 3 3 3 3 4 7 9 9 10 45 67 64 62 61 59 59 54 47 43 44 43 45 46 47 40 37 38 40 39 39 39 38 36 36 37 37 39 42 46 46 45 44 44 44 42 40 44 44 41 44 43 44 43 40 38 40 39 38 39 40 40 37 33 34 35 37 36 36 36 36 36 36 35 36 36 36 36 36 37 36 36 36 36 37 37 35 35 37 32 19 8 4 2 
16 16 16 17 17 18 21 23 23 19 19 19 21 22 22 21 25 30 28 17 9 5 3 3 3 3 3 3 3 3 3 3 3 3 3 3 3 3 4 4 4 4 4 4 4 4 5 5 5 5 4 4 4 4 4 4 4 5 8 8 5 3 2 1 1 1 1 1 1 1 1 1 1 1 1 2 2 2 2 3 5 3 8 29 36 47 72 118 159 178 203 215 201 228 223 216 148 43 21 4 10 7 4 4 4 3 3 3 3 3 3 3 3 3 3 3 4 7 9 10 12 74 125 126 125 118 108 105 97 92 90 88 85 82 86 85 79 71 66 61 58 58 57 53 51 47 46 47 50 56 61 59 60 60 59 59 59 59 66 71 71 73 73 73 70 64 63 64 63 61 60 59 58 53 48 47 47 49 46 45 44 40 36 37 38 39 40 42 42 42 43 42 42 42 44 46 45 43 43 45 40 26 11 4 1 
16 16 16 16 16 17 20 22 22 20 20 20 21 22 23 23 28 32 29 17 8 4 3 3 3 3 3 3 3 3 3 4 3 3 3 4 4 3 4 4 4 4 4 4 4 4 4 4 4 4 4 4 4 4 4 4 4 5 7 7 5 3 2 1 1 1 1 1 1 1 1 1 1 2 2 3 3 3 4 5 7 7 12 31 63 115 160 202 236 246 253 252 251 252 252 242 175 63 31 9 12 8 4 4 3 3 3 3 2 2 2 2 2 2 3 3 4 7 9 9 30 124 195 205 206 200 192 184 171 164 162 156 142 139 141 132 124 121 118 114 102 93 86 81 82 82 87 93 97 102 108 106 104 106 109 111 118 122 130 138 138 141 144 144 146 138 134 131 131 134 137 135 120 108 104 103 103 104 102 96 85 73 65 61 60 61 64 65 65 67 69 69 69 68 68 68 70 68 68 73 69 44 19 4 1 
16 16 16 16 16 17 19 20 20 20 20 20 21 22 24 24 29 33 30 17 7 4 3 3 3 3 3 3 3 3 3 5 4 4 4 5 5 4 4 4 4 4 4 4 4 4 4 4 4 4 4 4 4 4 4 4 4 4 7 5 7 3 2 1 1 1 1 1 1 1 1 1 2 2 2 3 3 4 5 8 9 11 32 74 155 194 220 245 253 253 253 248 253 252 253 254 206 82 34 11 17 6 4 4 3 3 3 3 3 2 2 2 2 3 3 4 4 7 9 12 51 162 236 247 241 243 244 238 236 231 223 221 206 195 196 200 194 200 201 182 167 163 156 155 158 163 167 175 179 182 187 186 184 182 180 182 192 197 203 210 212 212 214 214 220 215 210 210 213 214 219 219 207 195 190 189 188 189 186 179 163 150 139 130 127 127 129 131 132 135 145 147 146 138 131 122 137 141 138 146 144 102 50 16 2 
16 16 16 15 16 16 18 19 19 19 20 22 21 22 24 26 30 35 32 17 7 4 4 3 2 3 3 4 4 4 4 4 4 4 4 4 4 4 4 4 4 4 4 4 4 4 4 4 4 4 4 4 4 4 4 4 4 4 7 8 8 4 1 1 1 1 1 2 1 1 2 2 2 3 3 4 4 4 7 8 9 14 75 186 243 250 249 251 251 250 251 247 252 252 250 252 199 80 32 11 9 6 4 3 2 2 2 3 3 2 2 2 2 2 4 3 5 7 10 15 52 149 231 252 252 250 252 252 251 251 249 247 244 242 242 241 241 241 241 241 230 230 230 230 230 230 230 230 238 238 240 240 241 241 241 241 241 241 241 242 242 242 242 245 245 248 250 250 250 250 250 250 244 244 244 244 244 244 244 244 231 226 222 217 215 215 214 215 215 220 221 227 226 223 214 209 224 231 231 232 229 188 110 45 10 
16 16 16 16 16 17 19 20 22 20 20 22 19 21 24 26 33 38 33 17 5 4 4 3 2 3 3 4 4 4 4 4 4 4 4 4 4 4 4 4 4 4 4 4 4 4 4 4 4 4 4 4 4 4 4 4 4 4 7 10 14 7 2 1 1 1 1 1 1 1 2 2 2 3 3 3 3 3 5 7 8 16 64 171 237 250 250 251 251 250 251 249 252 252 250 252 217 106 31 11 8 6 4 4 3 3 3 3 2 2 2 2 2 3 4 4 7 7 11 16 67 166 238 251 250 248 252 252 251 251 251 251 250 250 249 249 249 249 249 249 249 248 248 248 248 248 248 248 249 249 249 249 249 249 249 249 248 248 248 249 249 249 249 249 250 250 250 250 250 250 250 250 250 250 250 250 250 250 251 251 251 250 250 250 250 252 250 250 250 251 249 249 249 248 248 248 251 250 248 252 253 240 185 103 29 
16 16 16 16 16 17 20 22 23 20 20 22 20 22 25 29 35 39 35 18 5 4 4 3 2 3 3 4 4 4 4 4 4 4 4 4 4 4 4 4 4 4 4 4 4 4 4 4 4 4 4 4 4 4 4 4 4 4 4 16 19 10 4 2 1 1 1 1 1 1 2 2 2 3 3 3 3 3 5 5 8 19 52 153 232 251 250 250 251 250 250 251 251 250 249 253 230 122 37 12 9 8 5 4 3 3 3 3 2 2 2 2 2 3 4 5 8 8 14 19 65 174 245 252 251 249 251 252 252 251 251 251 250 250 250 250 250 250 250 250 250 250 250 250 250 250 250 250 251 251 250 250 249 249 249 249 249 249 249 248 248 249 249 249 249 250 250 250 250 250 250 250 250 250 250 250 250 250 250 251 250 250 250 251 251 251 250 250 250 250 249 249 250 250 251 251 251 250 249 251 252 249 226 143 45 
16 16 15 15 15 16 19 22 23 20 20 22 20 22 23 28 35 39 35 17 7 4 4 3 2 3 3 4 4 4 4 4 4 4 4 4 4 4 4 4 4 4 4 4 4 4 4 4 4 4 4 4 4 4 4 4 4 4 4 18 23 12 5 2 2 1 1 1 1 1 2 2 2 3 3 3 3 5 7 9 11 14 32 116 225 251 251 250 251 251 250 250 250 250 250 253 236 143 47 13 12 10 7 5 4 3 3 3 2 2 3 2 2 4 5 7 9 10 14 18 64 177 245 252 251 250 251 252 252 251 252 252 250 250 250 250 250 250 250 250 250 250 250 250 250 250 250 250 250 250 250 250 250 250 250 250 250 250 250 249 249 249 249 250 250 250 250 250 250 250 250 250 249 249 249 249 249 249 249 250 250 250 250 249 249 248 249 249 250 250 249 249 250 250 251 251 251 251 251 251 250 248 219 129 38 
17 16 16 16 15 17 19 20 20 20 19 21 18 19 25 29 34 40 35 17 7 4 4 3 2 3 3 4 4 4 3 2 4 4 4 4 4 4 4 4 4 4 4 4 4 4 4 4 4 4 4 4 4 4 4 4 4 4 4 18 24 14 5 1 1 1 1 1 1 1 2 2 2 3 3 3 4 5 8 10 14 16 23 90 234 251 251 250 251 251 250 250 251 251 250 251 235 149 48 16 11 9 7 5 5 4 3 3 3 3 3 3 4 5 5 7 10 12 14 18 59 169 241 250 252 250 251 251 251 250 251 251 250 250 250 250 250 250 250 250 250 250 250 250 250 250 250 250 250 250 249 249 249 249 249 249 249 249 249 249 249 249 249 250 249 249 250 250 250 250 250 250 249 249 249 249 249 249 249 249 249 249 250 250 249 248 249 249 250 250 251 249 250 250 250 252 252 252 251 251 249 240 179 83 23 
16 16 16 15 16 17 19 20 20 22 19 19 19 19 25 29 34 39 33 17 7 4 4 3 2 3 3 4 4 4 3 2 4 4 4 4 4 4 4 4 4 4 4 4 4 4 4 4 4 4 4 4 4 4 4 4 4 4 4 17 22 14 5 1 1 1 1 1 1 1 2 2 2 3 3 4 4 5 7 9 11 19 21 86 240 253 250 250 251 251 250 250 251 251 250 252 223 121 33 13 11 9 5 4 4 3 3 3 3 3 3 3 4 5 5 8 9 14 17 17 59 170 243 250 251 250 250 251 250 250 250 250 250 250 250 250 250 250 250 250 250 250 250 250 250 250 250 250 249 249 249 249 249 249 249 249 249 249 249 249 249 249 249 250 249 249 250 250 250 250 250 250 249 249 249 249 249 249 248 248 247 248 248 248 248 247 247 248 250 251 251 251 251 251 251 251 251 251 250 250 250 228 154 67 19 
16 16 15 15 15 16 18 20 20 20 19 19 18 19 25 31 37 40 32 15 5 4 4 3 2 3 3 3 4 4 3 2 4 4 4 4 4 4 4 4 4 4 4 4 4 4 4 4 4 4 4 4 4 4 4 4 5 5 4 14 18 10 4 1 1 1 1 1 1 1 2 2 2 2 3 4 4 5 7 8 11 16 22 89 234 254 249 250 251 251 251 251 251 251 250 251 209 104 27 12 11 8 5 5 3 3 3 2 3 3 3 3 4 5 5 7 10 14 18 19 68 179 244 250 251 249 250 251 250 250 250 250 250 250 250 250 250 250 250 250 250 250 250 250 250 250 250 250 249 249 249 249 249 249 249 249 249 249 249 249 249 249 249 250 250 250 250 250 250 250 250 250 249 249 249 249 249 249 248 248 248 248 248 248 248 248 248 248 250 250 250 250 250 250 252 252 251 251 249 250 250 228 161 74 19 
17 17 16 16 16 16 18 18 19 20 19 19 18 21 26 31 37 41 32 15 5 4 4 3 2 3 3 3 4 4 4 3 4 4 4 4 4 4 4 4 4 4 4 4 4 4 4 4 4 4 4 4 4 4 4 4 5 5 5 9 12 7 3 1 1 1 1 1 1 1 2 2 2 2 3 3 4 4 7 7 9 15 20 89 210 254 247 250 251 251 251 251 251 251 250 252 198 84 18 10 10 8 5 5 3 3 3 3 3 3 3 3 4 5 5 7 11 14 22 23 77 184 245 250 251 249 251 251 250 250 250 250 250 250 250 250 250 250 250 250 250 250 250 250 250 250 250 250 249 249 249 249 249 249 249 249 249 249 249 249 249 249 249 250 250 250 250 250 250 250 250 250 249 249 249 249 249 249 249 249 249 249 249 249 249 249 249 249 250 250 249 250 250 250 252 252 251 250 249 248 245 233 183 95 28 
18 18 17 17 16 17 18 17 18 19 19 19 18 21 26 31 38 43 32 14 5 3 4 3 3 3 4 4 4 4 3 3 4 4 4 4 4 4 4 4 4 4 4 4 4 4 5 5 5 5 5 5 5 4 4 4 3 4 5 7 7 5 3 1 1 1 1 1 1 1 2 2 2 2 2 3 4 4 7 8 10 16 19 79 185 254 245 250 251 251 251 250 250 250 250 241 170 56 16 13 10 8 5 4 4 3 2 2 3 2 2 2 3 4 5 8 10 14 30 30 118 217 248 250 252 249 250 250 250 250 250 250 250 250 250 250 250 250 250 250 250 250 250 250 250 250 250 250 249 249 249 249 249 249 249 249 249 249 249 249 249 249 249 249 249 249 249 249 249 249 249 249 248 248 248 248 248 248 248 248 249 249 249 249 249 249 249 249 250 249 250 251 251 251 251 251 250 250 249 249 245 235 194 106 26 
18 18 17 17 16 17 19 17 17 19 19 21 19 22 26 32 39 43 32 14 4 3 4 3 3 3 4 4 4 4 4 4 4 4 4 4 4 4 4 4 4 4 4 4 4 4 4 5 5 5 5 5 5 4 4 4 3 4 5 5 7 7 3 1 1 1 1 1 1 1 2 2 2 2 2 3 4 4 7 7 10 16 16 64 170 243 243 250 251 251 251 251 251 250 250 202 110 10 13 17 6 6 5 4 4 4 3 3 3 3 1 2 3 4 5 8 9 14 28 45 145 230 250 250 252 249 249 250 250 249 250 250 250 250 250 250 250 250 250 250 250 250 250 250 250 250 250 250 249 249 249 249 249 249 249 249 249 249 249 249 249 249 249 249 249 249 249 249 249 249 249 249 248 248 248 248 248 248 248 248 249 249 249 249 249 249 249 249 250 250 250 250 250 250 250 251 250 251 251 251 250 237 191 97 24 
18 18 17 17 17 16 16 16 16 17 18 19 21 23 27 33 40 43 32 15 4 3 4 3 3 3 4 4 4 4 4 4 4 4 4 4 4 4 4 4 4 4 4 5 5 4 4 4 4 4 4 4 4 4 4 4 3 5 5 7 7 7 4 1 1 1 1 1 1 1 2 2 2 2 2 3 4 4 5 7 10 16 15 52 151 234 244 249 251 251 251 252 251 251 250 198 107 16 11 11 11 9 5 4 4 4 3 3 2 2 2 3 3 4 5 8 9 14 26 61 164 237 250 250 252 248 249 250 250 249 250 250 249 249 249 249 249 249 249 249 249 249 249 249 249 249 249 249 249 249 249 249 249 249 249 249 249 249 249 249 249 249 249 249 249 249 249 249 249 249 249 249 248 248 248 248 248 248 248 248 249 249 249 249 249 249 249 250 250 250 250 250 250 250 250 251 250 251 251 251 251 240 194 103 29 
19 19 17 17 17 16 16 16 16 17 17 19 21 23 27 32 39 44 31 14 4 3 4 3 3 3 4 4 4 4 4 4 4 4 4 4 4 4 4 4 4 4 4 4 5 5 4 4 4 4 4 4 4 4 4 4 3 4 5 7 7 7 4 2 1 1 1 1 1 1 2 2 2 2 2 3 4 4 7 7 10 15 15 37 116 223 247 248 251 251 251 251 251 250 249 194 103 21 9 10 10 8 5 4 4 4 4 4 3 3 3 4 5 5 7 8 10 14 26 78 181 245 249 249 251 248 249 250 250 249 250 250 249 249 249 249 249 249 249 249 249 249 249 249 249 249 249 249 249 249 249 249 249 249 249 249 249 249 249 249 249 249 249 249 249 249 249 249 249 249 249 249 248 248 248 248 248 248 248 248 249 249 249 249 249 249 249 250 250 250 250 250 250 250 250 251 250 250 250 251 251 243 198 106 29 
19 19 18 18 17 16 16 16 15 16 17 18 19 22 27 32 40 44 30 14 4 3 4 3 3 3 4 4 4 4 4 4 4 4 4 4 4 4 5 5 4 4 4 4 4 4 4 4 4 4 4 4 4 4 4 4 3 4 5 7 7 7 5 2 2 1 1 1 1 1 2 2 2 2 2 3 4 4 5 7 8 14 12 26 75 199 249 249 251 251 250 250 250 250 250 185 90 19 8 11 10 8 4 4 3 3 3 3 3 3 3 3 4 5 7 7 10 14 26 102 201 249 249 249 249 249 250 250 249 249 249 249 249 249 249 249 249 249 249 249 249 249 249 249 249 249 249 249 249 249 249 249 249 249 249 249 249 249 249 249 249 249 249 249 249 249 249 249 249 249 249 249 248 248 248 248 248 248 248 248 249 249 249 249 249 249 249 250 250 250 250 250 250 250 250 251 249 250 250 250 249 241 193 102 28 
19 19 18 18 17 16 16 16 16 16 16 15 18 22 25 31 41 44 28 11 4 3 4 3 3 3 4 4 4 4 4 4 4 4 4 4 4 4 5 5 4 4 4 4 4 4 4 4 4 4 4 4 4 4 4 4 3 4 5 5 7 8 5 3 2 2 1 1 1 1 2 2 2 2 3 3 4 4 5 5 7 11 12 14 61 167 246 251 251 251 250 250 250 250 250 155 65 21 9 8 8 6 4 3 3 3 3 4 3 4 4 5 7 7 8 9 10 14 29 132 223 249 249 249 248 249 250 250 249 249 249 249 249 249 249 249 249 249 249 249 249 249 249 249 249 249 249 249 249 249 249 249 249 249 249 249 249 249 249 249 249 249 249 249 249 249 249 249 249 249 249 249 248 248 248 248 248 248 248 248 249 249 249 249 249 249 249 250 250 250 250 250 250 250 250 250 249 249 248 248 248 244 203 111 28 
17 17 16 16 16 15 15 15 15 15 16 15 17 21 24 30 40 43 26 10 4 3 4 3 3 3 4 4 4 4 4 4 4 4 4 4 4 4 5 5 4 4 4 4 4 4 4 4 4 4 4 4 4 4 4 4 3 4 5 5 7 8 5 3 2 2 1 1 1 1 2 2 2 2 3 3 4 4 4 5 5 8 11 14 51 148 240 252 249 250 250 250 250 249 249 137 52 18 10 8 7 5 4 3 4 4 3 4 4 4 5 5 7 7 8 10 11 14 36 156 238 248 249 249 248 249 250 250 249 249 249 249 249 249 249 249 249 249 249 249 249 249 249 249 249 249 249 249 249 249 249 249 249 249 249 249 249 249 249 249 249 249 249 249 249 249 249 249 249 249 249 249 248 248 248 248 248 248 248 248 249 249 249 249 249 249 249 250 250 250 250 250 250 250 250 250 250 250 249 249 249 243 199 110 29 
17 16 15 15 15 15 15 15 14 14 15 16 17 19 24 29 39 41 25 10 4 3 4 3 4 4 4 4 4 4 4 4 4 4 4 4 4 4 5 5 4 4 4 4 4 4 4 4 4 4 4 4 4 4 4 4 4 5 7 7 8 8 7 3 2 2 2 2 1 2 2 2 2 2 3 3 3 4 4 5 5 7 11 9 47 139 238 251 248 250 250 251 250 248 253 117 39 15 10 8 7 5 4 4 4 4 4 4 4 4 5 5 5 7 9 10 11 14 46 172 248 248 249 249 249 249 250 250 249 249 249 249 249 249 249 249 249 249 249 249 249 249 249 249 249 249 249 249 249 249 249 249 249 249 249 249 249 249 249 249 249 249 249 249 249 249 249 249 249 249 249 249 248 248 248 248 248 248 248 248 249 249 249 249 249 249 249 250 250 250 250 250 250 251 251 251 251 251 250 250 250 242 191 101 30 
16 15 14 14 14 14 15 15 15 15 16 16 17 19 22 28 37 40 24 10 4 4 4 4 4 4 4 4 4 4 4 4 4 4 4 4 4 4 4 4 4 4 4 4 4 4 4 4 4 4 4 4 3 3 3 3 4 5 5 7 8 8 5 2 2 2 2 2 1 1 2 2 2 2 3 3 3 4 4 4 4 7 9 10 19 102 219 249 248 250 250 251 251 248 224 142 44 12 11 9 7 5 4 4 4 4 5 6 5 5 7 7 7 8 10 11 12 14 36 156 238 249 249 249 250 250 249 249 249 249 249 249 249 249 249 249 249 249 249 249 249 249 249 249 249 249 249 249 249 249 249 249 249 249 249 249 249 249 249 249 249 249 249 249 249 249 249 249 249 249 249 249 249 249 249 249 249 249 249 249 249 249 249 249 249 249 249 249 250 250 250 250 250 250 250 251 251 251 251 250 252 242 188 96 32 
17 16 15 15 15 15 15 15 15 15 16 16 16 18 23 28 37 38 22 8 4 4 4 4 4 4 4 4 4 4 4 4 4 4 4 4 4 4 4 4 4 4 4 4 4 4 4 4 4 4 3 3 3 3 3 3 3 4 5 5 7 5 4 2 1 2 2 2 1 2 2 2 2 2 3 3 3 4 4 4 4 7 9 11 9 70 191 247 249 250 250 251 251 246 224 144 44 14 11 9 7 5 4 4 4 4 5 6 5 5 7 7 7 9 10 12 14 14 46 172 248 249 249 248 250 250 249 249 249 249 249 249 249 249 249 249 249 249 249 249 249 249 249 249 249 249 249 249 249 249 249 249 249 249 249 249 249 249 249 249 249 249 249 249 249 249 249 249 249 249 249 249 249 249 249 249 249 249 249 249 249 249 249 249 249 249 249 249 250 250 250 250 250 250 250 250 251 251 251 250 252 241 187 94 32 
18 18 17 16 15 16 17 17 16 15 17 17 16 18 24 29 37 36 19 7 4 4 4 4 4 4 4 4 4 4 4 4 4 4 4 4 4 4 4 4 4 4 4 4 4 4 4 4 4 4 3 3 3 3 3 3 3 4 4 5 18 33 25 5 1 2 2 2 1 2 1 2 2 2 2 2 2 3 4 4 4 7 9 11 15 58 160 243 251 251 251 252 251 246 224 132 43 14 11 9 7 7 5 4 4 5 6 6 6 6 7 8 8 10 12 14 15 14 67 177 250 250 249 248 249 249 249 249 249 249 249 249 249 249 249 249 249 249 249 249 249 249 249 249 249 249 249 249 249 249 249 249 249 249 249 249 249 249 249 249 249 249 249 249 249 249 249 249 249 249 249 249 249 249 249 249 249 249 249 249 249 249 249 249 249 249 249 249 250 250 250 250 250 250 250 250 251 251 251 250 251 241 187 95 35 
18 18 17 16 14 16 17 17 15 15 16 16 15 18 24 31 38 35 18 7 4 4 4 4 4 4 4 4 4 4 4 4 4 4 4 4 4 4 4 4 4 4 4 4 4 4 4 4 4 4 3 3 3 3 3 4 4 4 4 15 63 90 60 11 1 3 2 2 2 2 1 2 2 2 2 2 2 3 4 4 4 7 8 12 14 50 144 238 252 251 251 252 251 246 224 128 40 14 11 9 7 7 5 4 4 5 6 6 6 6 7 8 9 10 12 15 16 14 74 191 250 250 249 249 249 249 249 249 249 249 249 249 249 249 249 249 249 249 249 249 249 249 249 249 249 249 249 249 249 249 249 249 249 249 249 249 249 249 249 249 249 249 249 249 249 249 249 249 249 249 249 249 249 249 249 249 249 249 249 249 249 249 249 249 249 249 249 249 250 250 250 250 250 250 250 250 251 250 250 250 250 238 187 96 35 
18 17 16 16 15 15 17 17 15 15 17 17 16 17 24 31 38 35 18 7 4 4 4 4 4 4 4 4 4 4 4 4 4 4 4 4 4 4 4 4 4 4 4 4 4 4 4 4 4 4 4 4 3 4 6 6 5 5 12 49 134 167 107 26 3 4 3 2 2 2 1 2 2 2 2 2 2 3 4 4 4 7 9 12 16 45 137 237 252 250 250 250 249 245 227 137 38 11 10 8 5 5 5 4 4 5 6 6 6 6 7 8 9 9 11 14 14 14 89 202 248 248 249 250 249 249 249 249 249 249 249 249 249 249 249 249 249 249 249 249 249 249 249 249 249 249 249 249 249 249 249 249 249 249 249 249 249 249 249 249 249 249 249 249 249 249 249 249 249 249 249 249 249 249 249 249 249 249 249 249 249 249 249 249 249 249 249 249 250 250 250 250 250 250 250 250 251 250 250 250 250 237 187 97 36 
19 18 17 16 15 14 16 16 15 13 16 17 16 18 24 30 38 35 18 5 4 4 4 4 4 4 4 4 4 4 4 4 4 4 4 4 4 4 4 4 4 4 4 4 4 4 4 4 4 4 4 5 4 5 8 8 5 5 33 104 200 220 146 51 12 5 3 3 3 2 2 2 2 2 2 2 2 3 4 4 4 7 9 14 16 35 118 231 252 250 250 250 249 245 230 139 39 11 10 8 5 5 5 4 4 5 6 6 6 6 7 8 8 9 10 11 11 12 99 205 248 249 248 250 249 249 249 249 249 249 249 249 249 249 249 249 249 249 249 249 249 249 249 249 249 249 249 249 249 249 249 249 249 249 249 249 249 249 249 249 249 249 249 249 249 249 249 249 249 249 249 249 249 249 249 249 249 249 249 249 249 249 249 249 249 249 249 249 250 250 250 250 250 250 250 251 251 250 250 250 249 237 188 99 37 
19 16 16 16 15 15 16 17 14 14 15 15 16 19 25 31 38 34 17 5 4 4 4 4 4 4 4 4 4 4 4 4 4 4 4 4 4 4 4 4 4 4 4 4 4 4 4 4 4 4 4 5 5 6 8 10 9 19 81 177 243 243 176 80 24 6 6 5 3 3 2 2 2 1 2 2 2 3 4 4 5 8 8 14 16 30 107 226 251 248 249 250 248 245 215 106 21 11 9 8 4 5 5 4 5 5 5 5 5 5 7 8 8 9 11 14 16 19 97 214 249 250 246 250 249 249 249 249 249 249 249 249 249 249 249 249 249 249 249 249 249 249 249 249 249 249 249 249 249 249 249 249 249 249 249 249 249 249 249 249 249 249 249 249 249 249 249 249 249 249 249 249 249 249 249 249 249 249 249 249 249 249 249 249 249 249 249 249 250 250 250 250 250 250 250 251 251 250 250 250 250 237 187 97 36 
21 18 18 18 17 15 16 17 15 14 16 17 16 18 25 32 40 33 16 4 4 4 4 4 4 4 4 4 4 4 4 4 4 4 4 5 4 4 4 4 4 4 4 4 4 4 4 4 4 4 4 5 6 8 9 11 19 73 163 233 251 250 196 103 26 8 10 6 5 4 3 2 2 2 2 2 3 3 4 4 4 7 8 12 15 25 96 207 251 247 249 251 249 241 200 87 9 10 9 8 4 5 5 4 5 5 5 5 5 5 7 8 9 8 11 15 18 33 117 227 248 251 249 250 249 249 249 249 249 249 249 249 249 249 249 249 249 249 249 249 249 249 249 249 249 249 249 249 249 249 249 249 249 249 249 249 249 249 249 249 249 249 249 249 249 249 249 249 249 249 249 249 249 249 249 249 249 249 249 249 249 249 249 249 249 249 249 249 250 250 250 250 250 250 250 250 251 250 250 250 250 237 188 99 36 
26 24 23 23 22 19 18 19 18 17 18 18 18 22 28 39 49 37 14 5 4 4 4 4 4 4 4 4 4 4 4 4 4 4 4 4 4 4 4 4 4 4 4 4 4 4 4 4 5 5 4 4 5 6 7 11 58 148 224 250 252 252 224 137 37 6 9 8 4 4 3 3 2 2 2 2 2 3 4 3 4 5 8 10 12 18 81 187 250 247 249 250 249 231 189 79 11 10 9 8 4 4 4 4 4 4 4 5 4 5 5 7 9 9 11 16 17 46 142 229 247 251 250 250 249 249 249 249 249 249 249 248 249 249 249 249 249 249 249 249 249 249 249 249 249 249 249 249 249 249 249 249 249 249 249 249 249 249 249 249 249 249 249 249 249 249 249 249 249 249 249 249 249 249 249 249 249 249 249 249 249 249 249 249 249 249 249 249 250 250 250 250 250 250 250 250 250 250 250 250 250 240 186 96 36 
33 30 28 28 26 24 25 25 23 23 23 23 24 26 33 51 61 49 18 4 4 4 4 4 4 4 4 4 4 4 4 4 4 4 4 4 4 4 4 4 4 4 4 4 4 4 4 4 5 5 5 5 5 6 7 32 120 212 250 249 250 253 234 158 51 6 9 8 5 4 3 3 3 3 2 2 2 3 4 3 3 4 7 9 11 14 71 179 249 249 250 250 251 252 209 75 14 10 8 5 4 4 4 4 4 4 4 5 4 5 5 7 9 9 11 15 17 56 160 244 248 251 250 250 249 249 249 249 249 249 249 249 249 249 249 249 249 249 249 249 249 249 249 249 249 249 249 249 249 249 249 249 249 249 249 249 249 249 249 249 249 249 249 249 249 249 249 249 249 249 249 249 249 249 249 249 249 249 249 249 249 249 249 249 249 249 249 249 250 250 250 250 250 250 250 251 251 251 251 250 251 240 186 95 35 
38 36 31 30 32 30 28 29 29 29 29 28 30 36 46 66 80 64 27 6 4 4 4 4 4 4 4 4 4 4 4 4 4 4 4 4 4 4 4 4 4 4 4 4 4 4 4 4 5 5 5 7 7 7 22 85 186 245 250 251 250 253 245 180 68 9 10 9 5 4 3 3 4 4 2 2 2 3 4 4 4 4 7 9 11 13 53 158 240 249 249 251 251 251 192 81 14 10 9 6 4 4 4 4 4 4 4 5 4 5 5 7 9 10 12 15 18 68 180 251 249 251 249 249 249 249 249 249 249 249 249 249 249 249 249 249 249 249 249 249 249 249 249 249 249 249 249 249 249 249 249 249 249 249 249 249 249 249 249 249 249 249 249 249 249 249 249 249 249 249 249 249 249 249 249 249 249 249 249 249 249 249 249 249 249 249 249 249 250 250 250 250 250 250 251 251 251 251 251 250 252 240 186 94 35 
39 38 36 33 34 33 31 33 33 35 32 32 36 40 52 76 94 74 30 8 4 4 4 4 4 4 4 4 4 4 4 4 4 4 4 4 4 4 4 4 4 4 4 4 4 4 4 4 5 5 8 9 11 12 53 150 233 250 250 250 251 251 250 196 85 16 12 10 8 5 3 3 4 4 3 2 2 3 4 4 4 4 7 8 10 12 30 121 214 248 248 249 248 250 185 80 12 9 8 6 4 4 4 4 4 4 4 5 4 5 5 7 9 10 12 17 17 82 195 250 250 251 249 249 249 249 249 249 249 249 249 249 249 249 249 249 249 249 249 249 249 249 249 249 249 249 249 249 249 249 249 249 249 249 249 249 249 249 249 249 249 249 249 249 249 249 249 249 249 249 249 249 249 249 249 249 249 249 249 249 249 249 249 249 249 249 249 249 250 250 250 250 250 250 250 251 251 251 251 250 252 241 186 93 33 
33 35 32 32 33 33 32 33 35 33 31 31 36 40 50 74 95 74 29 5 4 4 4 4 4 4 4 4 4 4 4 4 4 4 4 4 5 5 5 5 5 5 5 5 5 5 5 5 3 5 8 11 15 29 107 206 250 251 251 251 252 250 250 208 104 23 11 11 8 5 4 4 4 4 2 2 3 3 4 4 4 4 5 7 9 11 14 79 188 246 247 248 248 249 192 73 12 9 8 6 4 4 4 4 3 4 4 5 4 5 5 7 9 10 12 17 18 97 207 249 250 250 249 249 249 249 249 249 249 249 249 249 249 249 249 249 249 249 249 249 249 249 249 249 249 249 249 249 249 249 249 249 249 249 249 249 249 249 249 249 249 249 249 249 249 249 249 249 249 249 249 249 249 249 249 249 249 249 249 249 249 249 249 249 249 249 249 249 250 250 250 250 250 250 250 250 251 251 251 250 252 241 186 93 33 
26 26 26 24 28 30 29 28 30 28 25 25 31 35 43 68 89 72 28 4 4 4 4 4 4 4 4 4 4 4 4 4 4 4 4 4 5 5 5 5 5 5 5 5 5 5 5 5 4 5 9 11 17 60 165 236 250 251 251 251 252 251 251 219 116 28 11 11 8 5 4 4 4 4 2 2 3 3 4 4 4 4 5 7 8 10 12 44 161 235 248 247 248 251 194 74 12 9 8 6 4 4 4 4 3 4 4 5 4 5 5 8 10 11 12 19 29 129 234 249 250 250 249 249 249 249 249 249 249 249 249 249 249 249 249 249 249 249 249 249 249 249 249 249 249 249 249 249 249 249 249 249 249 249 249 249 249 249 249 249 249 249 249 249 249 249 249 249 249 249 249 249 249 249 249 249 249 249 249 249 249 249 249 249 249 249 249 249 250 250 250 250 250 250 250 250 250 250 251 250 252 241 185 93 35 
14 16 16 14 18 21 22 21 21 21 18 17 19 24 29 47 65 52 22 4 4 4 4 4 4 4 4 4 4 4 4 4 4 4 4 4 5 5 5 5 5 5 5 5 5 5 5 5 7 8 10 15 31 116 210 251 250 250 250 251 251 250 252 231 132 33 9 8 9 6 4 4 3 2 2 2 2 3 4 4 3 4 5 5 5 10 16 24 135 217 244 248 244 238 180 80 11 10 7 5 4 4 3 3 3 4 4 5 4 5 5 8 9 11 12 19 44 156 250 251 250 250 249 249 249 249 249 249 249 249 249 249 249 249 249 249 249 249 249 249 249 249 249 249 250 250 249 250 249 249 249 249 249 249 249 249 249 249 249 249 249 249 249 249 249 249 249 249 249 250 248 249 249 248 249 249 248 249 248 248 248 249 249 249 248 248 248 248 249 250 249 250 250 250 250 250 250 250 250 249 252 241 182 93 33 
8 10 8 8 9 9 10 10 10 10 9 9 9 12 14 18 26 23 12 5 4 4 4 4 4 4 4 4 4 4 4 4 4 4 4 4 5 5 5 5 5 5 7 7 5 5 5 7 8 11 12 16 72 167 238 253 251 250 249 250 250 249 252 237 148 43 10 5 9 6 4 4 3 2 2 2 2 3 2 3 3 3 4 4 5 12 16 17 101 207 245 248 242 235 175 71 9 11 8 5 4 4 4 3 4 4 4 5 4 5 5 8 9 11 12 19 71 179 251 252 251 250 249 249 249 249 250 249 249 249 249 249 250 250 250 249 249 249 249 249 249 249 249 250 251 249 249 250 249 249 249 249 249 249 249 249 249 249 249 249 249 249 249 249 249 249 250 249 249 251 248 249 248 247 249 249 247 248 248 248 248 249 249 249 248 248 248 248 249 250 249 251 251 250 250 250 250 249 249 249 252 242 181 92 32 
7 7 7 7 5 4 3 3 3 3 4 4 4 4 3 3 3 3 3 4 4 4 4 4 4 4 4 4 4 4 4 4 4 4 4 4 5 5 5 5 5 5 5 7 7 7 7 7 11 12 21 50 131 208 248 252 250 248 248 249 249 249 251 226 144 47 9 6 4 4 4 4 4 3 2 2 2 2 2 2 3 3 4 4 5 11 12 12 64 181 248 249 242 219 156 53 9 10 8 5 4 4 4 4 4 5 6 6 5 5 7 8 9 10 14 19 43 129 224 252 250 249 249 249 249 249 249 250 249 249 249 249 249 249 249 249 249 250 250 250 249 250 250 250 251 250 248 249 249 249 249 249 249 249 250 250 248 248 248 248 248 248 248 249 249 249 249 249 249 250 248 244 249 245 248 248 248 249 249 249 248 250 249 248 247 247 248 248 248 249 249 250 251 250 249 249 249 249 249 249 252 241 179 94 30 
7 8 7 7 5 4 3 3 3 3 4 4 4 4 3 3 3 3 3 4 4 4 4 4 4 4 4 4 4 4 4 4 4 4 4 4 4 4 4 4 4 5 5 5 7 8 9 9 12 13 39 104 182 233 248 251 250 248 248 249 249 249 251 230 150 53 9 6 4 4 5 4 3 3 2 2 2 2 2 2 2 2 4 4 5 9 12 11 59 170 242 250 247 244 169 47 9 10 7 4 4 4 4 4 4 5 6 6 5 5 7 8 8 10 14 18 46 136 229 253 248 248 249 249 249 249 249 249 249 249 249 249 249 249 249 249 249 250 250 250 249 250 250 250 251 251 249 249 249 249 249 249 249 249 250 250 249 248 249 249 248 249 249 249 248 247 249 249 249 250 250 252 251 245 244 248 252 250 249 249 249 249 248 247 247 247 248 248 248 248 248 249 249 249 250 249 248 248 250 249 249 240 177 85 26 
5 7 5 5 5 4 3 3 4 4 4 4 3 3 4 4 4 4 4 4 4 4 4 4 4 4 4 4 4 4 4 4 4 4 4 4 4 4 4 4 4 5 5 5 7 9 12 13 15 23 79 167 225 248 249 249 250 249 248 249 249 250 250 240 165 64 8 4 5 4 4 4 4 3 2 2 2 2 2 2 2 2 3 4 4 8 12 12 39 142 231 251 248 234 160 50 10 10 8 5 4 4 5 4 5 5 6 6 5 5 7 9 7 10 15 18 58 158 236 249 247 248 249 249 249 249 249 249 249 249 249 249 249 249 249 249 250 250 250 250 250 250 250 250 250 251 250 249 249 249 249 249 251 251 251 251 249 248 249 249 248 249 249 249 247 244 242 245 247 248 250 250 249 242 237 248 252 250 248 248 248 247 247 245 244 245 248 249 249 248 248 248 247 249 251 250 243 247 250 247 245 237 178 82 22 
4 5 5 5 5 4 3 3 4 4 4 4 3 3 4 4 4 4 4 4 4 4 4 4 4 4 4 4 4 4 4 4 4 4 4 4 4 4 4 4 4 5 5 5 8 10 13 15 17 51 136 223 250 251 249 249 249 249 248 249 249 250 251 244 182 80 12 1 10 5 5 4 4 3 2 2 2 2 2 2 2 3 3 3 4 8 11 14 23 116 219 249 249 230 150 47 10 10 9 6 4 5 5 4 5 5 6 6 5 5 7 9 8 11 15 19 78 184 245 251 249 248 249 249 250 249 250 250 250 250 249 249 249 249 250 250 249 250 250 250 250 250 250 249 250 250 249 249 250 250 250 250 252 252 251 251 249 249 250 249 251 251 250 250 249 248 247 242 238 240 243 245 245 243 242 243 240 236 235 236 235 228 227 227 228 228 228 228 226 223 221 221 219 219 219 230 241 245 247 245 247 233 167 75 21 
4 5 5 5 5 4 3 3 3 3 3 3 3 3 4 4 4 4 4 4 4 4 4 4 4 4 4 4 4 4 4 4 4 4 4 4 4 4 4 4 4 5 4 4 8 11 12 12 26 94 193 250 252 251 248 247 247 247 248 249 249 249 249 245 189 94 22 1 8 5 4 3 3 2 3 3 3 3 2 2 2 3 3 4 4 7 11 14 20 90 199 250 250 224 121 21 10 10 9 6 4 4 4 4 5 5 6 6 5 5 7 9 10 15 15 22 94 199 247 251 251 249 249 250 250 249 250 250 250 250 250 250 249 249 249 249 249 248 248 249 249 249 250 248 251 249 251 250 248 245 243 242 243 243 248 247 247 244 244 245 245 245 245 245 243 238 237 224 209 217 218 218 232 241 240 230 215 209 206 195 192 192 188 191 191 192 194 194 194 194 195 195 196 196 189 202 228 240 243 251 252 223 148 60 12 
5 4 4 5 5 4 3 3 3 3 3 3 3 3 4 4 4 4 4 4 4 4 4 4 4 4 4 4 4 4 4 4 4 4 4 4 4 4 4 4 4 4 5 5 8 11 12 11 49 144 228 252 251 250 249 249 249 249 249 249 249 248 247 250 202 104 28 2 8 5 3 3 3 2 3 3 3 3 2 2 2 3 3 4 4 5 10 11 16 71 181 249 252 224 129 22 10 10 9 6 4 4 4 4 4 5 6 6 5 5 7 9 11 15 14 23 111 210 251 250 249 249 249 249 249 249 250 250 250 249 248 248 247 247 247 247 244 242 244 244 244 245 247 245 247 242 243 236 233 229 227 224 224 225 224 223 223 222 222 214 212 205 193 174 176 166 162 151 144 150 149 146 164 186 200 189 158 141 138 129 125 135 134 137 138 141 146 151 157 161 163 163 165 166 164 173 189 203 219 228 217 175 103 37 5 
5 4 4 5 5 4 3 3 3 3 3 3 3 3 3 3 3 3 3 3 4 4 4 4 4 4 4 4 4 4 4 4 4 4 4 4 4 4 4 4 4 5 7 7 7 11 9 18 86 189 248 249 249 249 250 249 249 249 249 250 249 247 243 251 221 122 32 3 6 5 4 4 2 2 3 3 2 2 2 2 3 3 4 4 5 5 8 9 12 58 163 241 253 220 131 38 9 11 8 5 4 4 4 4 4 5 6 6 4 4 6 10 11 14 17 22 125 221 253 251 250 250 249 249 249 249 249 249 244 242 241 237 236 233 229 228 229 227 223 224 224 222 221 223 221 217 200 180 175 170 170 170 169 167 172 157 164 169 164 149 144 129 113 87 83 78 75 74 74 77 81 77 81 108 137 134 106 87 81 82 86 92 94 99 104 108 114 120 121 123 123 122 120 118 118 127 135 142 154 157 143 101 45 12 5 
4 4 4 5 5 4 3 3 3 3 3 3 3 3 3 3 3 3 3 3 4 4 4 4 4 4 4 4 4 4 4 4 4 4 4 4 4 4 4 5 5 7 8 7 9 9 9 35 121 219 251 249 249 249 249 249 249 249 248 248 247 247 245 249 227 137 42 3 5 5 4 4 2 2 3 3 2 2 2 2 3 4 5 7 7 4 5 9 10 46 145 235 253 221 128 38 6 10 7 5 4 4 4 4 4 4 6 6 4 4 6 10 11 12 19 43 137 226 253 251 250 246 243 243 242 241 242 241 237 234 231 230 227 220 208 206 212 208 201 199 208 203 195 203 201 193 173 153 142 137 144 143 144 145 155 165 155 156 151 143 146 136 122 108 93 94 97 100 104 107 107 107 109 123 139 143 137 128 125 129 132 136 141 143 150 154 157 157 153 152 150 149 149 146 148 149 145 146 150 145 124 86 36 8 8 
3 4 4 5 4 4 3 4 4 4 3 3 3 3 3 3 4 4 4 4 4 4 4 4 4 4 4 4 4 4 4 4 4 4 4 4 4 4 4 5 8 7 9 9 8 9 9 58 156 222 244 241 238 237 236 240 242 243 238 236 234 233 235 242 223 148 45 4 4 5 4 4 3 3 2 2 2 3 3 3 3 3 4 5 7 5 5 11 10 35 129 223 254 228 123 29 8 8 5 4 4 4 4 4 4 4 5 5 4 4 6 9 12 14 23 58 178 243 252 249 250 249 247 247 247 247 247 245 241 237 235 234 230 227 223 221 220 217 216 216 216 215 214 217 216 213 209 202 184 191 201 196 197 199 205 217 216 214 213 210 210 208 205 202 201 201 199 199 202 200 195 199 202 202 203 206 206 207 207 214 221 224 228 228 227 228 227 227 226 224 222 221 220 219 219 221 221 221 221 216 198 166 107 45 11 
3 5 4 4 3 4 4 4 4 4 3 3 3 3 3 3 4 4 4 4 4 4 4 4 4 4 4 4 4 4 4 4 4 4 4 4 4 4 4 5 5 7 9 10 10 9 17 71 156 199 207 205 205 206 208 215 220 221 219 216 215 213 209 217 210 145 49 4 7 5 4 4 3 3 2 2 2 3 3 3 3 3 4 5 5 5 6 13 11 26 113 213 248 193 87 7 7 5 5 4 4 4 4 4 4 4 5 5 3 3 5 9 12 12 26 65 189 248 252 248 250 251 250 250 250 250 249 249 247 245 245 245 244 243 242 241 241 241 241 241 241 240 240 241 242 245 245 245 237 242 246 244 244 245 247 249 247 246 244 244 244 245 248 248 247 247 247 245 245 247 248 247 247 247 245 244 244 247 247 247 248 250 251 251 250 250 251 251 251 251 251 251 251 251 250 250 249 248 247 244 245 226 158 71 14 
4 5 4 4 3 4 4 4 4 4 3 3 3 3 3 3 4 4 4 4 4 4 4 4 4 4 4 4 4 4 4 4 4 4 4 4 4 4 4 4 4 5 9 9 9 12 30 82 146 170 167 166 167 172 178 187 190 194 194 194 191 188 185 186 183 135 47 7 8 5 4 4 4 4 3 3 2 3 3 3 3 3 4 5 5 5 7 14 11 17 92 194 213 139 60 11 5 5 4 4 4 4 4 4 4 4 5 5 3 3 5 8 12 11 22 88 195 245 250 248 250 250 249 249 249 249 249 249 250 249 249 250 248 248 249 249 250 250 250 250 250 250 250 249 249 248 248 248 250 251 251 251 251 251 251 249 248 248 248 247 248 248 249 249 249 249 248 248 248 248 248 248 247 247 248 247 247 247 247 247 247 247 247 247 245 245 248 248 249 251 251 251 251 251 250 250 248 247 245 245 250 238 174 79 15 
4 5 4 4 4 3 3 4 4 4 3 3 3 3 3 3 4 4 4 4 4 4 4 4 4 4 4 4 4 4 4 4 4 4 4 4 4 4 4 4 4 5 8 10 11 17 47 102 149 156 150 150 150 152 159 166 168 172 173 174 172 166 167 167 166 126 49 6 5 5 4 4 3 4 4 4 2 3 3 3 3 4 4 4 5 5 7 14 11 12 72 174 173 95 28 7 5 5 4 4 4 4 4 4 4 4 5 5 4 4 6 10 12 16 26 103 207 245 248 245 248 249 248 248 248 248 249 249 248 249 249 248 248 248 249 249 249 249 249 249 248 248 248 248 249 249 249 249 248 248 250 249 248 249 249 248 247 247 248 248 248 248 248 248 247 247 247 247 247 247 247 247 247 247 248 247 247 247 247 247 247 245 244 245 245 245 248 248 248 249 249 249 249 249 249 249 247 247 245 247 248 236 174 80 16 
4 5 5 5 5 4 3 4 4 4 3 3 3 3 3 3 4 4 4 4 4 4 4 4 4 4 4 4 4 4 4 4 4 4 4 4 4 4 4 4 4 5 8 10 10 25 67 117 143 144 143 142 144 146 150 157 161 166 166 169 166 165 166 172 175 155 84 22 7 5 4 3 4 3 4 3 2 2 2 3 3 4 4 4 4 5 7 11 10 11 50 138 90 22 1 3 4 4 4 4 3 3 3 3 4 4 5 5 4 4 6 9 10 10 38 123 210 237 237 238 242 242 241 241 240 241 241 240 240 240 242 244 247 248 249 248 249 249 249 249 248 248 248 248 248 249 249 248 249 249 249 249 249 248 248 248 249 249 248 248 248 249 249 249 248 248 247 247 247 247 247 247 247 248 248 248 248 248 249 249 248 248 248 248 249 249 249 249 249 249 249 249 249 249 250 250 250 249 248 248 249 236 170 80 17 
5 7 5 5 5 4 3 4 4 4 3 3 3 3 3 3 4 4 4 4 4 4 4 4 4 4 4 4 4 4 4 4 4 4 4 4 4 4 7 7 7 8 10 10 12 36 86 128 142 141 138 137 143 150 157 165 178 186 187 187 186 188 191 198 202 191 122 44 9 5 4 3 4 3 4 3 2 2 2 3 3 4 4 3 4 5 7 9 11 10 32 107 84 11 3 12 3 4 4 4 3 3 3 3 4 4 5 5 4 4 6 10 8 16 73 174 216 229 228 233 235 232 233 233 235 237 236 236 235 235 237 241 243 247 248 248 248 248 248 248 248 248 248 248 248 249 249 249 249 249 249 249 249 249 249 249 249 249 249 249 248 249 249 249 248 248 247 247 247 247 247 247 247 247 247 247 248 248 249 249 248 248 249 249 249 249 249 249 249 249 249 249 250 250 251 251 251 251 251 251 250 234 169 80 18 
8 8 6 6 5 4 4 4 4 5 4 3 3 3 3 3 3 3 3 3 4 4 4 4 4 4 4 4 4 4 4 4 4 4 4 4 4 5 8 8 8 8 9 13 32 71 121 152 157 159 163 159 160 174 188 200 212 217 219 220 221 222 224 227 234 233 163 71 10 7 4 3 3 2 3 2 2 2 2 3 3 4 4 3 4 5 5 8 12 11 24 89 61 13 7 9 2 3 3 3 3 3 3 3 4 4 3 3 3 4 6 9 9 30 110 224 233 236 234 236 238 238 238 239 243 243 243 243 243 243 244 245 247 247 248 248 248 248 248 248 248 248 248 248 248 249 249 249 249 249 249 249 249 249 249 249 249 249 249 249 248 249 249 249 248 248 248 248 248 248 248 248 248 248 248 248 248 248 249 249 249 249 249 249 249 249 248 249 249 249 249 249 250 250 251 251 250 250 251 251 248 230 165 77 19 
10 9 8 6 7 4 4 4 4 5 4 3 3 3 3 3 3 3 3 3 4 4 4 4 4 4 4 4 4 4 4 4 4 4 4 4 4 5 8 9 8 8 8 15 53 123 179 192 191 201 207 202 203 210 217 220 220 216 215 213 217 228 229 222 231 224 170 82 15 5 4 3 2 2 3 3 3 2 3 3 3 4 4 4 4 5 5 7 11 12 19 77 32 8 5 4 2 3 3 3 3 3 4 4 4 4 3 3 3 4 6 8 10 65 173 255 247 247 248 247 248 249 249 250 248 248 248 248 248 249 249 249 248 248 249 249 248 249 249 249 249 249 249 249 248 249 249 249 249 249 249 249 249 249 249 249 249 249 249 249 249 249 249 249 248 248 248 248 248 248 248 248 248 248 248 248 248 248 248 249 248 248 248 248 248 248 247 249 249 249 249 249 250 250 250 251 251 251 251 251 248 228 162 75 19 
8 8 8 6 5 5 5 4 4 7 7 4 4 4 4 4 4 4 4 4 4 4 4 3 4 4 4 4 4 4 4 4 4 4 4 5 5 7 9 9 9 9 6 18 80 159 201 201 210 229 223 220 226 221 210 201 192 184 177 172 177 196 212 214 206 193 151 94 37 5 5 5 3 2 2 2 2 2 2 3 3 4 4 4 4 4 5 7 8 14 17 15 7 4 3 2 2 2 3 4 3 3 3 3 3 3 3 3 4 5 4 7 10 83 179 243 252 252 251 251 251 251 249 249 249 248 248 249 249 250 249 249 249 249 249 249 249 249 249 249 249 249 249 249 248 249 249 249 249 249 249 249 249 249 249 249 249 249 249 249 249 249 249 249 248 248 248 248 248 248 248 248 248 248 248 248 248 248 248 248 249 249 249 249 249 249 248 248 248 249 249 249 249 249 250 250 251 251 251 250 247 228 156 72 21 
8 8 8 8 7 5 4 4 4 9 8 4 4 4 4 4 4 4 4 4 4 4 4 3 4 4 4 4 4 3 4 4 4 4 4 5 5 7 9 9 9 9 6 22 75 136 166 174 199 224 219 206 203 192 180 171 164 155 149 152 166 186 201 206 198 186 173 145 67 16 4 6 4 2 2 2 2 2 2 3 3 4 4 4 4 4 5 8 22 18 12 3 3 3 3 2 2 2 3 4 3 3 3 4 3 3 3 3 4 4 4 5 9 86 191 245 252 252 251 251 251 251 249 249 249 248 248 248 249 249 249 249 249 249 249 249 249 249 249 249 249 249 249 249 248 248 248 248 249 249 249 249 249 249 249 249 249 249 249 249 249 249 249 249 248 248 248 248 248 248 248 248 248 248 248 248 248 248 248 248 249 249 249 249 249 249 248 249 249 249 249 249 249 249 250 250 251 251 251 250 248 228 156 72 21 
9 9 9 9 8 5 4 4 5 9 9 4 4 4 4 4 4 4 4 4 5 5 5 4 5 5 5 5 4 3 4 4 4 4 4 5 7 8 9 9 9 9 11 35 85 128 153 173 196 214 206 196 195 195 195 196 191 185 186 196 208 215 222 228 227 227 226 208 104 28 3 3 5 3 1 2 2 2 2 3 3 4 4 4 4 4 5 10 19 14 8 3 2 2 2 2 3 3 2 3 3 3 3 4 3 3 3 3 4 3 4 5 9 54 164 247 251 251 250 250 250 250 248 249 249 248 248 248 249 249 249 249 249 249 249 249 249 249 249 249 249 249 249 249 248 248 248 248 249 249 249 249 249 249 249 249 249 249 249 249 249 249 249 249 248 248 248 248 248 248 248 248 248 248 248 248 248 248 248 248 249 249 249 249 249 249 249 249 249 249 249 249 249 249 249 249 251 251 251 250 251 234 165 75 21 
8 9 9 9 8 5 4 4 5 8 7 4 4 4 4 4 4 4 5 5 5 5 5 4 4 4 4 5 4 3 4 4 4 4 5 5 7 8 9 11 10 10 26 77 141 179 196 209 224 224 200 193 206 222 235 238 233 231 234 240 242 241 243 244 247 249 245 241 160 78 12 2 6 5 3 3 2 2 2 2 3 4 4 4 4 5 8 12 16 8 5 2 3 2 2 2 3 3 2 2 3 3 4 4 4 3 3 3 4 3 4 4 12 16 102 223 251 250 249 250 250 250 248 249 249 248 248 248 249 249 249 249 249 249 249 249 249 249 249 249 249 249 249 249 248 248 248 248 249 249 249 249 249 249 249 249 249 249 249 249 249 249 249 249 248 248 248 248 248 248 248 248 248 248 248 248 248 248 248 248 249 249 249 249 249 249 249 249 249 249 249 249 249 249 249 250 250 251 251 250 249 237 171 80 21 
8 8 8 8 5 5 4 4 5 5 4 4 4 3 4 4 4 4 5 5 5 5 5 4 5 5 5 5 4 4 4 4 4 4 5 5 5 7 9 12 10 12 51 132 208 231 236 238 244 224 178 167 199 232 250 251 251 251 251 251 251 250 248 251 251 251 247 247 213 118 25 11 8 4 4 4 2 2 2 2 3 4 4 4 3 5 7 15 14 4 3 2 3 2 2 1 3 3 3 4 3 3 4 3 4 4 4 4 5 3 4 7 19 5 58 170 251 249 248 248 249 249 248 248 248 248 248 248 249 249 249 249 249 249 249 249 249 249 249 249 249 249 249 249 248 248 248 248 249 249 249 249 249 249 249 249 249 249 249 249 249 249 249 249 248 248 248 248 248 248 248 248 248 248 248 248 248 248 248 248 249 249 249 249 249 249 249 249 249 249 249 249 249 249 249 250 250 251 251 249 246 227 159 71 17 
8 8 8 8 5 5 4 4 3 4 5 5 4 4 3 4 5 5 7 7 6 6 5 6 6 6 6 6 5 5 5 4 4 4 5 5 5 8 11 14 8 15 75 179 245 249 248 246 248 220 158 154 197 236 249 250 249 249 250 250 250 249 248 250 251 251 250 252 235 181 75 21 7 3 4 3 2 2 2 2 3 3 3 3 3 4 7 12 9 2 2 2 3 3 2 1 2 3 4 4 4 4 4 4 4 4 4 4 5 3 4 7 18 8 31 93 249 250 248 248 249 249 247 248 248 248 248 248 249 249 249 249 249 249 249 249 249 249 249 249 249 249 249 249 248 248 248 248 249 249 249 249 249 249 249 249 249 249 249 249 249 249 249 249 248 248 248 248 248 248 248 248 248 248 248 248 248 248 248 248 249 249 249 249 249 249 249 249 249 249 249 249 249 249 249 250 250 251 251 248 243 216 139 55 16 
8 7 6 6 4 5 5 5 5 5 4 5 4 4 4 4 4 4 5 5 5 5 6 6 7 7 6 6 5 5 5 5 5 5 7 7 5 8 10 12 8 27 108 208 252 247 250 251 242 206 155 166 209 243 250 249 248 247 248 249 249 248 248 250 251 250 250 250 250 207 116 35 3 2 4 3 2 2 2 2 2 3 3 3 3 4 5 8 5 2 1 2 3 3 2 2 2 2 3 4 4 4 4 4 5 4 4 5 4 4 5 7 8 5 24 52 224 245 249 248 249 249 247 248 248 248 248 248 249 249 249 249 249 249 249 249 249 249 249 249 249 249 249 249 248 248 248 248 249 249 249 249 249 249 249 249 249 249 249 249 249 249 249 249 248 248 248 248 248 248 248 248 248 248 248 248 248 248 248 248 249 249 249 249 249 249 249 249 249 249 249 249 249 249 249 249 250 250 250 249 242 212 129 47 16 
8 7 6 5 4 4 5 5 4 5 5 5 4 4 4 4 4 4 4 4 5 7 7 6 7 7 6 5 5 5 5 7 7 5 7 7 7 7 9 11 10 32 104 201 248 238 241 235 209 160 127 172 214 248 250 248 248 247 247 247 247 248 248 251 250 249 250 249 244 233 170 67 3 3 3 3 2 2 2 2 2 3 3 3 3 3 4 4 3 2 3 3 3 2 1 2 2 2 3 3 4 4 4 4 5 4 5 5 5 4 4 7 6 4 12 45 162 243 250 248 249 249 248 248 248 248 248 248 249 249 249 249 249 249 249 249 249 249 249 249 249 249 249 249 248 248 248 248 249 249 249 249 249 249 249 249 249 249 249 249 249 249 249 249 248 248 248 248 248 248 248 248 248 248 248 248 248 248 248 248 249 249 249 249 249 249 249 249 249 249 249 249 249 249 249 249 249 250 250 249 243 210 125 46 16 
9 8 6 6 5 6 7 7 7 7 5 4 5 4 4 4 4 3 4 4 6 6 7 7 9 9 7 6 5 7 7 7 8 8 7 7 7 8 10 9 8 30 100 181 213 223 210 198 174 136 110 153 206 245 247 247 247 245 245 244 245 245 249 250 249 249 249 238 244 249 209 108 20 5 5 3 2 2 2 2 2 3 3 3 3 3 3 2 3 3 5 3 3 2 1 1 1 2 3 4 3 3 3 3 3 4 5 7 7 5 5 7 5 2 22 54 155 243 251 249 250 248 247 248 248 248 249 249 249 249 249 248 249 249 249 249 249 249 249 249 249 249 249 249 248 248 248 248 249 249 249 249 249 249 249 249 249 249 249 249 249 249 249 249 248 248 248 248 248 248 248 248 248 248 248 248 248 248 248 248 249 249 249 249 249 249 249 249 249 249 249 249 249 249 249 250 250 250 249 249 243 213 139 56 15 
9 9 8 6 6 6 7 5 5 5 5 6 6 5 5 4 4 4 5 8 8 8 9 8 10 10 9 9 9 9 9 9 11 12 12 12 11 12 15 17 18 21 52 109 139 164 162 159 162 166 173 194 213 243 248 247 245 244 243 242 243 244 246 250 245 250 248 221 249 235 186 89 23 9 4 4 3 2 2 2 2 3 3 3 3 3 3 2 2 3 2 2 2 1 1 2 2 2 3 4 3 3 2 3 4 3 5 7 7 5 7 9 7 5 29 71 191 248 250 249 250 248 247 248 248 248 249 249 249 249 249 248 249 249 249 249 249 249 249 249 249 249 249 249 248 248 248 248 249 249 249 249 249 249 249 249 249 249 249 249 249 249 249 249 248 248 248 248 248 248 248 248 248 248 248 248 248 248 248 248 249 249 249 249 249 249 249 249 249 249 249 249 249 249 249 249 249 249 249 249 242 210 135 52 15 
10 9 8 8 8 8 8 6 6 6 6 8 8 6 6 5 5 9 10 11 12 14 16 15 16 16 14 15 15 16 16 16 17 19 21 21 21 19 18 22 26 26 32 52 68 89 96 114 142 172 193 205 209 227 230 231 231 234 236 238 240 242 244 245 244 250 240 206 213 169 116 49 12 7 5 4 3 2 2 2 2 3 3 3 3 3 3 2 2 2 3 3 2 2 1 2 2 2 2 3 3 4 4 5 4 5 5 7 8 8 9 10 8 9 43 125 228 251 249 250 249 247 247 248 248 248 249 249 249 249 249 248 249 249 249 249 249 249 249 249 249 249 249 249 248 248 248 248 249 249 249 249 249 249 249 249 249 249 249 249 249 249 249 249 248 248 248 248 248 248 248 248 248 248 248 248 248 248 248 248 249 249 249 249 249 249 249 249 249 249 249 249 249 249 249 249 249 249 249 249 241 212 136 53 16 
31 22 12 10 10 10 9 8 9 11 11 12 11 8 3 3 4 5 9 11 12 14 16 18 20 20 17 16 16 18 19 19 21 21 21 22 22 21 19 21 25 30 31 31 35 43 47 59 80 103 121 132 146 158 159 163 169 177 185 189 193 199 205 213 213 221 213 172 110 70 38 11 8 8 4 2 2 2 2 2 2 3 3 3 3 3 3 2 3 3 3 2 1 2 2 2 2 2 3 3 4 5 7 8 7 7 8 9 9 10 10 10 8 14 70 184 249 251 248 248 248 248 248 248 248 248 249 249 249 249 249 248 249 249 249 249 249 249 249 249 249 249 249 249 248 248 248 248 249 249 249 249 249 249 249 249 249 249 249 249 249 249 249 249 248 248 248 248 248 248 248 248 248 248 248 248 248 248 248 248 249 249 249 249 249 249 249 249 249 249 249 249 249 249 249 249 249 249 249 249 243 215 141 57 17 
54 45 25 15 15 16 16 16 16 17 12 10 9 12 22 29 32 30 30 30 29 28 26 24 23 23 26 26 29 29 30 30 30 30 30 31 31 29 26 25 28 31 35 35 36 37 37 35 38 44 51 60 71 77 78 81 85 92 96 100 102 109 115 122 133 145 142 118 32 22 12 10 10 7 2 2 2 2 2 2 3 3 3 3 3 3 3 3 3 3 2 1 1 1 2 2 2 2 3 3 5 8 10 11 10 10 10 11 10 14 18 23 9 25 110 220 244 249 250 250 248 247 247 248 248 248 249 249 249 249 249 249 249 249 249 249 249 249 249 249 249 249 249 249 248 248 248 248 249 249 249 249 249 249 249 249 249 249 249 249 249 249 249 249 248 248 248 248 248 248 248 248 248 248 248 248 248 248 248 248 249 249 249 249 249 249 249 249 249 249 249 249 249 249 249 249 249 249 249 249 245 216 139 57 17 
43 46 38 30 25 25 25 25 24 26 24 23 30 61 102 121 119 115 111 110 107 102 97 82 65 58 65 86 101 97 96 95 90 86 82 80 78 77 74 72 72 74 77 79 81 90 99 94 87 80 77 74 71 66 62 64 64 64 64 63 65 66 67 67 72 74 73 64 36 11 8 10 9 5 3 3 3 3 3 2 3 3 3 3 3 3 3 3 2 1 1 2 1 1 1 2 2 2 3 7 8 10 12 14 15 12 11 9 9 18 28 31 17 77 167 251 253 252 250 250 247 247 247 248 248 248 249 249 249 249 249 249 249 249 249 249 249 249 249 249 249 249 249 249 248 248 248 248 249 249 249 249 249 249 249 249 249 249 249 249 249 249 249 249 248 248 248 248 248 248 248 248 248 248 248 248 248 248 248 248 249 249 249 249 249 249 249 249 249 249 249 249 249 249 249 249 249 249 249 249 246 217 141 54 16 
17 27 40 52 51 39 32 31 31 33 36 46 81 141 193 216 214 210 208 208 206 202 196 181 162 152 158 180 196 196 198 195 191 184 178 170 165 160 157 158 158 159 163 167 174 185 192 191 186 179 172 162 135 109 86 79 81 82 92 109 123 129 129 122 118 111 107 94 60 12 8 10 9 5 3 3 4 4 4 4 2 3 3 3 3 3 3 3 2 1 2 2 2 2 2 2 3 3 4 7 8 9 11 12 12 11 12 11 11 19 2 0 52 156 206 250 253 251 249 249 248 247 247 248 248 248 249 249 249 249 249 249 249 249 249 249 249 249 249 249 249 249 249 249 248 248 248 248 249 249 249 249 249 249 249 249 249 249 249 249 249 249 249 249 248 248 248 248 248 248 248 248 248 248 248 248 248 248 248 248 249 249 249 249 249 249 249 249 249 249 249 249 249 249 249 249 250 250 249 249 245 217 138 53 15 
5 11 27 58 74 59 46 43 40 44 43 64 124 185 226 243 243 241 243 245 247 245 244 241 238 236 238 240 240 242 242 242 242 241 236 231 228 223 220 220 222 227 233 234 234 233 234 237 242 242 237 229 202 164 124 108 108 115 146 185 210 219 217 215 213 208 201 176 125 52 21 17 11 8 5 4 5 5 4 3 2 2 3 4 3 3 3 2 2 2 2 3 3 3 4 3 3 4 4 8 7 8 9 10 11 11 12 13 13 19 5 26 108 175 236 254 244 250 249 249 248 248 248 248 248 248 249 249 249 249 249 249 249 249 249 249 249 249 249 249 249 249 249 249 248 248 248 248 249 249 249 249 249 249 249 249 249 249 249 249 249 249 249 249 248 248 248 248 248 248 248 248 248 248 248 248 248 248 248 248 249 249 249 249 249 249 249 249 249 249 249 249 249 249 249 250 250 250 250 249 245 217 141 51 15 
3 3 6 34 58 69 65 57 51 55 59 74 127 182 217 237 243 244 247 248 247 247 248 248 248 248 247 247 247 245 244 243 243 242 241 241 241 241 241 242 243 244 245 246 247 249 250 250 250 249 249 249 247 231 207 185 177 181 202 231 247 249 249 249 249 250 249 236 224 174 111 46 17 18 12 7 8 8 3 3 3 4 3 3 4 3 2 3 2 2 3 3 3 3 4 4 5 5 6 8 7 7 8 8 10 11 12 13 12 17 17 23 49 138 235 253 252 248 249 249 249 248 248 249 249 249 249 249 249 249 249 249 249 248 248 249 248 248 248 248 248 248 248 248 248 248 249 249 249 249 249 249 249 249 249 249 249 249 249 249 249 249 248 248 248 248 248 248 248 248 248 248 248 248 248 248 248 248 248 248 248 248 248 248 248 248 248 248 249 249 249 249 249 249 250 251 251 251 251 251 244 214 123 44 12 
3 4 9 18 26 47 58 53 50 66 93 118 138 177 212 233 243 244 247 248 247 249 250 249 248 247 249 249 248 248 247 248 248 247 245 244 243 244 244 245 246 247 247 247 248 249 249 249 249 250 250 249 249 249 247 242 238 241 243 246 249 250 250 249 249 250 248 247 253 233 198 148 93 71 51 26 18 9 3 4 5 5 4 4 4 3 3 3 4 3 3 3 4 4 4 4 5 5 6 6 5 7 8 7 9 9 10 12 11 16 16 23 21 75 187 243 251 250 250 249 249 248 248 249 249 249 249 249 249 249 249 249 249 248 248 249 248 248 248 248 248 248 248 248 248 248 249 249 249 249 249 249 249 249 249 249 249 249 249 249 249 249 248 248 248 248 248 248 248 248 248 248 248 248 248 248 248 248 248 248 248 248 248 248 248 248 248 248 249 249 249 249 249 249 250 251 251 251 251 251 244 209 120 40 12 
3 5 6 6 8 17 26 30 30 56 110 166 188 203 223 235 242 247 249 249 250 250 250 250 249 249 249 249 250 250 250 250 249 248 247 247 247 247 247 247 248 248 249 249 249 250 249 250 250 250 250 250 249 249 251 251 252 252 251 251 249 249 250 249 249 250 249 250 250 249 241 234 198 175 150 102 51 12 5 5 7 7 5 5 4 3 3 3 10 10 5 4 4 5 5 4 6 6 6 5 6 8 8 6 6 6 8 10 11 15 21 22 18 51 145 231 250 251 250 250 249 249 249 249 249 249 249 249 249 249 249 249 249 248 248 249 248 248 248 248 248 248 248 248 248 248 249 249 249 249 249 249 249 249 249 249 249 249 249 249 249 249 248 248 248 248 248 248 248 248 248 248 248 248 248 248 248 248 248 248 248 248 248 248 248 248 248 248 249 249 249 249 249 249 250 251 251 251 252 252 240 203 113 33 11 
2 3 4 5 5 6 9 12 12 35 94 177 228 231 236 237 240 243 248 248 249 250 250 250 249 250 250 249 250 250 249 249 248 248 248 248 248 247 247 247 248 248 249 249 249 250 250 250 250 250 250 250 251 249 248 248 248 248 249 249 249 249 249 249 249 249 249 249 248 249 250 245 237 243 224 173 84 10 4 9 8 8 7 5 5 3 2 3 17 14 7 2 9 10 5 7 6 6 6 5 6 8 8 8 8 8 8 9 10 14 19 21 17 36 107 217 249 251 250 249 249 249 249 249 249 249 249 249 249 249 249 249 249 248 248 249 248 248 248 248 248 248 248 248 248 248 249 249 249 249 249 249 249 249 249 249 249 249 249 249 249 249 248 248 248 248 248 248 248 248 248 248 248 248 248 248 248 248 248 248 248 248 248 248 248 248 248 248 249 249 249 249 249 249 250 251 251 251 252 252 239 201 110 31 11 
3 3 3 3 5 4 5 5 8 17 53 135 224 245 250 250 248 247 245 245 247 249 250 250 251 251 250 250 250 250 250 250 249 249 249 250 249 249 249 249 249 249 249 250 250 250 250 250 250 249 249 249 249 249 249 249 249 249 249 249 249 249 249 249 249 249 249 250 249 249 250 253 250 249 240 182 70 14 21 15 11 9 8 9 5 3 2 4 17 14 9 4 11 9 5 7 6 6 6 5 6 8 8 8 8 8 8 8 11 17 18 21 19 17 67 184 249 250 249 249 249 249 249 249 249 249 249 249 249 249 249 249 248 248 248 248 248 248 248 248 248 248 248 248 248 248 249 249 249 249 249 249 249 249 249 249 249 249 249 249 249 249 248 248 248 248 248 248 248 248 248 248 248 248 248 248 248 248 248 248 248 248 248 248 248 248 248 248 249 249 249 249 249 249 250 251 251 251 252 252 235 188 97 26 11 
3 3 3 3 3 3 5 5 7 11 22 67 153 201 230 248 251 251 251 251 251 251 250 251 251 250 249 249 249 249 249 249 249 249 249 250 250 250 250 250 250 250 250 250 250 250 250 249 249 249 249 249 249 249 249 249 250 250 250 251 249 249 249 249 249 250 249 249 248 249 249 252 249 251 230 127 31 17 19 16 14 11 10 9 8 3 2 7 10 11 10 9 14 9 5 7 6 6 6 6 6 8 8 9 9 8 9 9 11 17 17 19 19 12 59 175 252 250 249 249 249 249 249 249 249 249 249 249 249 249 249 249 248 248 248 248 248 248 248 248 248 248 248 248 248 248 249 249 249 249 249 249 249 249 249 249 249 249 249 249 249 249 248 248 248 248 248 248 248 248 248 248 248 248 248 248 248 248 248 248 248 248 248 248 248 248 248 248 249 249 249 249 249 249 250 251 251 251 252 252 242 199 108 37 11 
3 3 3 3 3 3 4 4 5 8 12 22 56 99 139 174 206 227 236 241 241 245 244 248 251 250 250 249 248 248 250 250 250 249 249 249 250 250 250 250 250 249 249 249 250 249 249 249 249 249 249 250 250 250 250 250 249 249 249 249 250 249 249 249 250 250 249 249 249 248 248 249 248 251 235 136 31 12 17 12 10 10 10 8 14 4 1 4 9 11 11 16 16 15 10 7 6 6 6 6 6 7 8 8 8 8 10 11 12 15 16 18 19 15 57 172 250 250 249 249 249 249 249 249 249 249 249 249 249 249 249 249 248 248 248 248 248 248 248 248 248 248 248 248 248 248 249 249 249 249 249 249 249 249 249 249 249 249 249 249 249 249 248 248 248 248 248 248 248 248 248 248 248 248 248 248 248 248 248 248 248 248 248 248 248 248 248 248 249 249 249 249 249 249 250 251 250 251 251 251 242 199 108 37 11 
3 3 3 3 3 3 4 4 4 5 9 11 16 26 42 64 95 131 159 171 162 178 184 193 207 222 235 246 250 249 249 250 251 250 250 250 249 250 250 250 250 250 249 249 249 249 249 249 249 249 249 249 249 249 250 250 250 249 249 249 250 249 249 249 249 249 249 249 248 248 247 248 247 253 231 149 61 23 15 11 10 8 8 8 14 7 2 4 7 11 14 15 17 12 10 7 6 6 6 6 7 7 8 8 8 9 10 11 13 13 15 18 18 16 50 162 248 249 249 249 249 249 249 249 249 249 249 249 249 249 249 249 248 248 248 248 248 248 248 248 248 248 248 248 248 248 249 249 249 249 249 249 249 249 249 249 249 249 249 249 249 249 248 248 248 248 248 248 248 248 248 248 248 248 248 248 248 248 248 248 248 248 248 248 248 248 248 248 249 249 249 249 249 249 250 251 250 251 251 251 240 194 103 32 11 
3 3 3 3 4 4 4 4 4 5 8 10 10 10 12 15 23 40 61 68 64 71 86 94 104 131 174 217 242 250 249 250 250 250 250 250 249 249 249 249 250 250 249 249 249 249 249 249 249 249 249 248 249 248 249 249 249 249 249 250 250 250 249 249 249 249 249 249 248 248 248 249 248 251 240 174 73 18 15 12 10 8 8 9 10 7 4 4 7 10 12 14 12 9 8 7 7 7 7 7 7 7 8 8 9 9 10 12 13 12 15 18 19 17 72 177 246 250 250 250 249 249 249 249 249 249 249 249 249 249 249 249 248 248 248 248 248 248 248 248 248 248 248 248 248 248 248 248 248 248 248 248 248 248 248 248 248 248 248 248 248 248 248 248 248 248 248 248 248 248 248 248 248 248 248 248 248 248 248 249 249 249 249 249 249 249 249 249 249 249 249 249 249 249 249 249 250 250 250 250 236 189 99 28 11 
3 3 3 3 4 4 4 4 4 5 6 8 6 9 10 10 9 10 15 17 17 21 29 32 38 51 79 134 196 240 249 250 250 250 250 250 249 249 249 249 249 249 249 249 249 249 249 249 249 249 249 248 248 248 248 248 249 249 249 250 250 250 249 249 249 249 249 249 248 248 248 249 249 250 243 189 81 15 12 12 10 8 8 9 9 5 3 4 5 10 11 10 9 8 5 5 7 7 7 7 7 5 7 7 8 9 10 12 13 13 15 18 19 18 61 165 245 249 250 250 249 249 249 249 249 249 249 249 249 248 248 249 248 248 248 248 248 248 248 248 248 248 248 248 248 248 248 248 248 248 248 248 248 248 248 248 248 248 248 248 248 248 248 248 248 248 248 248 248 248 248 248 248 248 248 248 248 248 248 248 249 249 249 249 249 249 249 249 249 249 249 249 249 249 249 249 249 250 250 250 236 189 99 28 11 
3 3 3 3 4 4 4 4 4 4 4 4 3 4 7 8 10 10 11 11 11 13 16 18 23 25 28 61 141 221 250 249 250 250 250 250 249 249 249 249 249 249 249 249 248 248 248 249 249 249 249 249 249 248 248 248 248 249 249 249 249 249 249 249 249 249 249 249 248 248 248 249 249 249 243 189 82 15 10 10 10 8 7 8 8 5 4 4 5 5 7 8 9 11 3 6 6 8 8 8 8 6 6 6 8 9 10 13 14 14 16 19 21 21 54 153 240 248 248 249 249 249 249 249 249 249 249 249 249 249 249 249 248 248 248 248 248 248 248 248 248 248 248 248 248 248 248 248 248 248 248 248 248 248 248 248 248 248 248 248 248 248 248 248 248 248 248 248 248 248 248 248 248 248 248 248 248 248 248 249 249 249 249 249 249 249 249 249 249 249 249 249 249 249 249 249 249 249 249 249 239 193 102 31 11 
3 3 3 3 4 4 4 4 4 4 4 4 2 3 4 8 9 9 10 10 10 10 11 13 19 25 22 35 109 209 250 250 250 250 249 249 249 249 249 249 249 249 250 249 245 247 247 249 249 249 249 249 249 249 248 249 249 249 249 249 249 249 249 249 249 249 249 249 248 249 249 249 247 248 248 184 73 16 10 10 9 9 8 8 7 5 5 5 5 7 5 7 8 10 5 8 8 8 8 8 6 6 6 6 8 9 9 12 14 14 17 21 22 23 54 153 237 249 247 249 248 249 249 249 249 249 249 249 249 249 249 249 248 248 248 248 248 248 248 248 248 248 248 248 248 248 248 248 248 248 248 248 248 248 248 248 248 248 248 248 248 248 248 248 248 248 248 248 248 248 248 248 248 248 248 248 248 248 248 249 249 249 249 249 249 249 249 249 249 249 249 249 249 249 249 249 249 249 249 249 240 194 103 32 11 
3 3 3 3 3 3 3 3 5 5 4 4 3 5 7 10 10 9 8 8 8 8 9 10 15 22 19 29 104 204 249 250 251 252 251 249 248 249 249 249 249 249 250 249 245 245 247 248 249 249 249 249 249 249 248 248 248 249 249 249 249 249 249 249 249 249 249 249 248 249 249 250 247 243 245 194 84 15 11 12 8 7 7 7 7 7 5 5 7 7 5 7 7 8 6 8 8 8 7 7 5 5 5 5 6 8 10 11 15 17 18 19 22 29 53 146 240 248 247 247 249 249 249 245 245 248 249 249 249 249 249 249 248 248 248 248 248 248 248 248 248 248 249 249 249 249 248 248 248 248 248 248 248 248 248 248 248 248 248 248 248 248 248 248 248 248 248 248 248 248 248 248 248 248 248 248 248 248 248 249 249 249 249 249 249 249 249 249 249 249 249 249 249 249 249 249 249 249 249 249 239 193 102 31 11 
4 4 4 5 5 4 4 2 5 8 7 7 5 7 8 9 9 8 8 9 9 11 15 15 15 14 19 47 124 209 248 250 251 252 251 249 248 249 249 249 249 249 249 249 248 248 248 248 249 249 249 249 249 248 248 248 248 248 249 249 249 249 249 249 249 249 249 249 248 249 249 250 248 243 244 201 92 16 11 12 8 7 7 7 7 7 7 7 8 8 5 5 5 8 9 8 8 6 5 7 5 5 5 5 6 8 9 12 12 16 17 17 16 43 67 136 234 248 247 248 249 248 248 245 244 248 249 249 249 249 249 249 248 248 248 248 248 248 248 248 248 248 249 248 248 248 248 248 248 248 248 248 248 248 248 248 248 248 248 248 248 248 248 248 248 248 248 248 248 248 248 248 248 248 248 248 248 248 248 248 249 249 249 249 249 249 249 249 249 249 249 249 249 249 249 249 249 249 249 249 239 193 102 31 11 
7 7 7 7 8 7 7 4 7 9 8 8 8 9 9 10 10 10 11 8 7 8 9 10 15 30 58 108 180 233 249 250 251 251 249 248 248 248 249 249 249 249 249 249 248 248 249 249 249 249 249 249 249 248 248 248 248 248 249 249 249 249 249 249 249 249 249 249 248 249 250 251 248 244 242 195 84 15 10 11 8 7 7 7 7 7 7 8 9 9 7 7 5 7 8 7 7 5 5 7 5 5 5 5 5 7 7 8 9 8 15 18 32 65 94 149 229 249 247 248 248 248 249 248 247 248 249 249 249 249 249 249 248 248 248 248 248 248 248 248 248 248 248 248 248 248 248 248 248 248 248 248 248 248 248 248 248 248 248 248 248 248 248 248 248 248 248 248 248 248 248 248 248 248 248 248 248 248 248 249 249 249 249 249 249 249 249 249 249 249 249 249 249 249 249 249 249 248 248 247 236 193 103 31 11 
9 8 9 9 10 10 10 11 11 11 10 9 10 10 12 10 8 8 8 5 5 7 12 29 60 104 150 189 233 251 249 249 250 249 248 248 248 248 249 249 249 248 249 249 248 249 249 249 249 249 249 249 249 248 249 249 249 249 249 249 250 249 249 250 249 249 249 250 249 250 251 251 248 245 238 177 70 15 11 11 9 7 7 7 7 7 7 9 10 10 7 7 5 5 7 7 5 5 5 7 5 5 5 5 5 5 7 8 8 10 23 31 61 92 122 175 227 250 247 245 247 249 250 249 249 249 249 249 249 249 249 249 248 248 248 248 248 248 248 248 248 248 248 248 248 249 248 248 248 248 248 248 248 248 248 248 248 248 248 248 248 248 249 249 248 248 248 248 248 248 248 248 248 248 248 248 248 248 248 248 249 249 249 249 249 249 249 249 249 249 249 249 249 249 249 249 249 248 247 245 236 192 102 31 11 
9 9 9 9 10 10 11 12 12 11 10 10 9 9 10 10 10 23 30 40 51 65 82 112 155 192 223 240 244 249 250 249 249 249 248 248 248 248 248 249 248 245 245 249 248 248 249 249 249 249 249 249 248 249 249 249 249 249 249 250 250 250 250 250 250 250 250 250 249 250 251 251 248 244 234 159 58 15 12 12 9 7 7 7 9 8 8 8 8 9 8 8 7 7 8 8 6 6 5 7 5 5 5 5 5 7 7 8 9 17 31 58 84 104 166 231 247 248 245 242 245 249 249 250 249 249 249 249 249 249 249 249 249 249 249 249 249 249 249 249 249 249 249 249 249 249 249 249 248 248 248 248 247 247 248 248 248 248 248 248 248 248 249 249 249 248 248 248 248 248 248 248 248 248 248 248 248 248 248 248 248 248 248 248 248 248 248 248 249 249 249 249 249 249 249 250 250 248 245 236 222 189 106 32 12 
9 11 12 12 11 9 8 8 8 9 10 11 13 16 18 31 65 97 121 146 159 177 193 211 235 245 251 251 250 250 250 248 249 249 248 248 248 248 248 248 245 243 244 247 248 248 249 249 249 249 249 249 249 249 249 249 249 249 249 250 250 250 250 250 250 250 250 250 250 250 251 251 247 244 227 144 50 13 12 12 9 7 7 7 8 8 8 9 9 9 9 8 7 5 6 6 6 6 5 7 5 5 5 5 5 8 9 8 8 28 46 88 106 136 186 236 247 249 248 243 245 248 249 249 249 249 249 249 249 249 249 249 249 249 249 249 249 249 249 249 249 249 249 249 249 249 249 249 248 248 248 248 247 247 247 247 247 247 247 247 245 248 248 248 248 248 248 248 248 248 248 248 248 248 248 248 248 248 248 248 248 248 248 248 248 248 248 248 249 249 249 249 249 249 249 250 250 249 249 242 226 191 111 36 12 
81 87 95 94 82 77 79 83 86 88 90 88 104 105 102 117 152 177 205 227 237 247 248 250 251 252 251 250 250 250 250 248 249 249 248 248 248 248 248 250 250 249 249 250 249 249 249 249 249 249 249 249 249 249 249 249 249 249 249 250 250 250 250 251 250 250 250 251 251 250 250 251 247 244 214 123 38 12 13 12 9 8 7 7 8 9 9 9 9 9 10 9 7 5 5 5 5 5 5 5 5 5 6 6 6 10 12 15 19 43 67 122 142 169 213 240 249 249 250 248 248 248 249 249 249 249 249 249 249 249 249 249 249 249 249 249 249 249 249 249 249 249 249 249 249 249 249 249 248 248 248 248 247 247 247 245 247 247 248 247 242 244 244 245 247 248 248 248 248 248 248 248 248 248 248 248 248 248 248 248 248 248 248 248 248 248 248 248 249 249 249 249 249 249 249 249 250 250 249 249 239 201 117 39 13 
201 206 212 210 203 196 197 203 203 207 207 209 220 215 207 205 205 210 229 240 245 249 248 248 249 250 250 250 251 251 250 249 249 249 249 249 249 249 250 250 250 251 251 249 249 249 249 249 248 249 249 249 249 249 249 249 249 249 250 250 250 250 250 251 251 250 250 251 251 251 251 250 250 244 184 82 23 12 13 12 9 8 8 8 8 10 11 14 14 11 12 8 7 5 7 5 7 7 7 7 5 7 8 6 9 16 30 25 53 92 131 153 185 226 235 243 248 248 251 251 249 249 249 249 249 249 249 249 249 249 249 249 249 249 249 249 249 249 249 249 249 249 249 249 249 249 249 249 248 248 248 248 247 247 247 245 247 247 247 245 241 242 242 244 247 248 248 248 248 248 248 248 248 248 248 248 248 248 248 248 248 248 248 248 248 248 248 248 249 249 249 249 249 249 249 249 249 250 250 248 236 194 106 35 16 
249 248 249 250 249 248 247 247 249 252 252 252 251 251 250 250 247 245 244 244 244 245 247 247 248 248 249 249 250 250 249 249 249 249 249 249 249 249 249 250 250 250 250 249 249 249 249 249 249 249 249 249 249 249 249 249 249 249 250 250 250 250 250 250 250 250 250 251 250 251 251 247 243 223 146 52 14 11 12 12 9 8 8 8 7 9 11 17 15 12 12 8 8 7 7 5 7 7 5 5 5 7 9 10 13 20 37 86 99 113 144 186 220 250 250 248 247 248 249 249 249 249 249 249 249 249 249 249 249 249 249 249 249 249 249 249 249 249 249 249 249 249 249 249 249 249 249 248 248 248 247 247 247 247 245 245 245 248 248 248 248 248 248 248 248 248 248 248 248 248 248 248 248 248 248 248 248 248 248 248 248 248 248 248 248 248 248 248 249 249 249 249 249 249 248 248 248 249 249 247 232 185 97 32 17 
250 249 248 248 248 249 250 248 245 248 248 248 248 248 248 248 249 250 249 249 249 249 249 249 249 249 249 248 249 250 250 249 249 249 249 249 249 249 249 249 249 249 249 249 248 249 249 249 249 249 249 249 249 249 249 249 249 249 249 250 250 250 250 250 250 250 250 250 249 248 247 245 246 215 121 41 15 11 12 11 8 7 7 7 8 8 10 11 11 12 10 8 8 7 5 4 5 5 5 5 5 8 11 15 20 30 50 109 134 165 212 231 250 249 249 249 248 249 249 249 249 249 249 248 249 249 249 249 249 249 249 249 249 249 249 249 249 249 249 249 249 249 249 249 249 249 249 248 248 248 247 247 247 247 247 247 248 248 248 248 248 248 248 248 248 248 248 248 248 248 248 248 248 248 248 248 248 248 248 248 248 248 248 248 248 248 248 248 249 249 249 249 249 249 249 249 249 249 249 247 232 181 96 33 17 
245 247 245 244 244 244 247 249 248 247 247 247 247 248 248 249 250 250 250 250 249 250 250 250 248 249 249 249 249 250 250 249 249 249 249 249 249 249 249 249 250 249 249 249 248 249 249 249 249 249 249 249 249 249 249 249 249 249 250 250 250 250 250 250 250 250 251 251 249 249 248 249 247 205 104 37 17 11 10 8 7 7 7 7 9 10 12 16 21 12 8 7 7 5 4 3 4 5 5 7 7 10 16 17 25 43 70 106 165 209 249 249 251 245 248 250 250 249 249 249 249 249 248 248 249 249 249 249 249 249 249 249 249 249 249 249 249 249 249 249 249 249 249 249 249 249 249 248 248 248 247 247 247 247 247 247 248 248 248 248 248 248 248 248 248 248 248 248 248 248 248 248 248 248 248 248 248 248 248 248 248 248 248 248 248 248 248 248 249 249 249 249 249 249 249 249 249 249 249 247 233 182 100 35 16 
241 242 238 227 216 207 213 229 240 243 245 245 247 248 249 250 250 249 248 248 248 249 250 250 249 250 250 250 250 250 250 249 249 249 249 249 249 249 250 250 250 250 250 250 248 248 249 249 249 249 249 249 249 249 249 249 249 249 249 250 250 250 250 249 250 251 251 246 248 235 221 208 178 141 75 26 12 10 8 8 7 7 7 7 9 11 13 15 12 14 7 5 5 4 3 3 4 4 5 7 8 11 17 19 36 40 74 158 229 250 248 248 250 248 249 250 251 250 250 249 249 249 248 248 249 249 249 249 249 249 249 249 249 249 249 249 249 249 249 249 249 249 249 249 249 249 249 248 248 248 248 248 248 248 247 247 248 248 248 248 248 248 248 248 248 248 248 248 248 248 248 248 248 248 248 248 248 248 248 248 248 248 248 248 248 248 248 248 249 249 249 249 249 249 249 249 248 248 247 247 231 184 104 37 15 
247 245 242 233 212 198 199 217 236 244 245 247 247 248 248 249 249 248 248 248 248 248 249 249 250 250 251 250 250 250 249 249 249 248 248 249 249 249 249 250 249 250 250 249 249 249 249 249 249 249 249 249 249 249 249 249 249 249 249 249 250 251 251 250 251 251 252 241 210 170 132 107 74 60 35 11 7 8 9 9 8 8 8 8 10 12 14 15 16 12 7 4 4 3 3 3 5 8 8 8 9 12 18 29 50 89 148 201 215 239 247 249 250 249 249 249 250 249 249 249 249 249 249 249 249 249 249 249 249 249 249 249 249 249 249 249 249 249 249 249 249 249 249 249 249 249 249 249 248 248 248 248 248 248 248 248 248 248 248 248 248 248 248 248 248 248 248 248 248 248 248 248 248 248 248 248 248 248 248 248 248 248 248 248 248 248 248 248 248 248 248 248 248 248 248 248 248 247 247 245 228 179 101 38 18 
250 250 249 248 241 236 233 240 246 247 248 248 248 248 248 249 249 248 248 249 248 248 248 248 248 250 250 250 250 249 249 249 249 248 248 249 249 249 249 249 249 249 249 249 249 249 249 249 249 249 249 249 249 249 249 249 249 249 249 249 249 249 249 250 249 249 250 214 125 73 40 28 18 12 8 7 7 8 8 8 8 8 8 8 10 13 16 18 16 11 8 5 5 5 6 6 9 11 10 11 10 14 29 53 78 118 191 249 250 246 248 249 250 250 249 249 249 249 249 249 249 249 249 249 249 249 249 249 249 249 249 249 249 249 249 249 249 249 249 249 249 249 249 249 249 249 249 249 248 249 249 249 249 249 248 248 248 248 248 248 248 248 248 248 248 248 248 248 248 248 248 248 248 248 248 248 248 248 248 248 248 248 248 248 248 248 248 248 248 248 248 248 248 248 248 248 248 245 244 244 230 181 102 43 24 
250 250 251 251 251 251 251 251 251 250 250 250 249 249 248 248 249 249 249 249 248 248 248 248 248 250 250 250 248 248 249 249 248 248 248 249 249 249 249 249 249 249 249 249 249 249 249 249 249 249 249 249 249 249 249 249 249 249 250 250 250 249 247 247 250 248 231 172 62 24 7 9 11 8 9 9 7 8 8 8 8 8 9 9 10 14 18 22 18 12 9 5 6 8 8 9 11 11 11 10 15 17 32 52 92 157 226 254 252 249 248 251 250 250 249 249 249 249 249 249 249 249 249 249 249 249 249 249 249 249 249 249 249 249 249 249 249 249 249 249 249 249 249 249 249 249 249 249 248 249 249 249 249 249 248 248 248 248 248 248 248 248 248 248 248 248 248 248 248 248 248 248 248 248 248 248 248 248 248 248 248 248 248 248 248 248 248 248 248 248 248 248 248 248 248 248 248 245 245 244 234 196 132 78 53 
250 250 249 249 250 249 248 249 248 248 249 250 249 249 249 249 251 251 250 250 250 248 245 245 248 250 250 250 248 248 248 248 248 248 248 249 249 249 249 249 249 249 249 249 249 249 249 249 249 249 249 249 249 249 249 249 249 250 249 245 245 248 249 249 250 248 216 139 39 20 12 12 12 11 11 9 8 8 8 8 8 8 9 9 10 15 19 23 18 14 12 9 4 8 11 15 17 16 16 14 22 29 39 57 111 194 251 254 252 249 249 251 250 250 249 249 249 249 249 249 249 249 249 249 249 249 249 249 249 249 249 249 249 249 249 249 249 249 249 249 249 249 249 249 249 249 249 249 248 249 249 249 249 249 248 248 248 248 248 248 248 248 248 248 248 248 248 248 248 248 248 248 248 248 248 248 248 248 248 248 248 248 248 248 248 248 248 248 248 248 248 248 248 248 248 248 247 247 247 246 237 215 182 152 129 
251 251 250 249 249 248 249 249 249 249 249 249 249 249 251 251 251 251 251 251 251 251 250 244 245 249 250 249 248 248 248 248 248 248 248 249 249 249 249 249 249 249 249 249 249 249 249 249 249 249 249 249 249 249 249 249 249 249 249 243 241 245 249 250 248 240 216 135 23 17 17 14 11 9 8 8 8 8 8 8 8 8 9 9 11 15 18 21 24 23 17 14 5 11 14 11 11 11 15 19 41 52 50 64 153 235 253 252 250 248 248 250 252 250 249 248 249 249 249 249 249 249 249 249 249 249 249 249 249 249 249 249 249 249 249 249 249 249 249 249 249 249 249 249 249 249 249 248 248 248 248 248 248 248 248 248 248 248 248 248 248 248 248 248 248 248 248 248 248 248 248 248 248 248 248 248 248 248 248 248 248 248 248 248 248 248 248 248 248 248 248 248 248 248 248 248 248 248 248 248 245 240 227 215 206 
251 251 250 249 249 249 249 249 249 249 249 249 249 250 250 250 251 250 243 237 236 241 244 244 247 248 249 249 248 248 248 248 248 248 248 249 249 249 249 249 249 249 249 249 249 249 249 249 249 249 249 249 249 249 249 249 249 249 249 247 244 245 248 249 248 249 235 142 22 17 15 12 11 10 8 8 8 8 8 8 8 7 8 9 11 14 18 21 21 22 19 16 14 11 9 7 4 7 19 30 45 45 61 123 202 244 250 250 249 248 248 250 250 249 248 248 249 249 249 249 249 249 249 249 249 249 249 249 249 249 249 249 249 249 249 249 249 249 249 249 249 249 249 249 249 249 249 248 248 248 248 248 248 248 248 248 248 248 248 248 248 248 248 248 248 248 248 248 248 248 248 248 248 248 248 248 248 248 248 248 248 248 248 248 248 248 248 248 248 248 248 248 248 248 248 248 248 248 248 249 249 249 246 242 235 
250 250 250 249 249 249 249 249 249 249 249 249 249 250 250 249 249 248 241 221 216 229 241 244 247 248 248 249 248 248 248 248 248 248 248 249 249 249 249 249 249 249 249 249 249 249 249 249 249 249 249 249 249 249 248 248 249 250 249 248 247 247 248 248 248 250 241 139 22 16 11 10 11 10 8 7 8 8 9 9 9 8 9 10 14 14 19 26 23 19 17 24 40 58 58 38 29 29 39 51 72 73 95 167 237 243 244 248 249 248 247 248 248 247 248 248 249 249 249 249 249 249 249 249 249 249 249 249 249 249 249 249 249 249 249 249 249 249 249 249 249 249 249 249 249 249 249 248 248 248 248 248 248 248 248 248 248 248 248 248 248 248 248 248 248 248 248 248 248 248 248 248 248 248 248 248 248 248 248 248 248 248 248 248 248 248 248 248 248 248 248 248 248 248 248 249 248 248 248 248 250 250 249 245 243 
250 250 250 250 250 249 249 249 249 250 250 249 250 249 249 249 248 247 237 219 223 236 244 244 247 248 248 248 248 248 247 247 247 248 249 249 250 250 249 250 250 249 249 249 249 249 249 249 249 250 249 249 249 248 248 248 250 250 250 250 249 249 248 247 249 240 202 109 22 16 9 9 10 9 7 7 9 8 9 10 10 10 11 11 11 14 17 39 49 46 45 81 97 141 152 133 122 116 116 122 140 152 174 206 250 242 243 245 248 248 245 245 247 247 248 248 250 249 249 249 249 249 249 249 249 249 249 249 249 249 249 249 249 249 249 249 249 249 249 249 249 249 249 249 249 249 249 249 248 248 248 248 248 248 248 248 248 248 248 248 248 248 248 248 248 248 248 248 248 248 248 248 248 248 248 248 248 248 248 248 248 248 248 248 248 248 248 248 248 248 248 248 248 248 248 249 249 249 248 248 250 250 249 248 247 
250 250 250 250 250 249 249 250 250 250 249 249 250 250 250 249 248 247 238 236 236 242 244 244 245 247 247 247 247 247 248 248 248 248 249 250 249 250 250 251 252 251 248 248 250 249 249 249 250 250 250 251 249 249 248 248 249 251 250 250 251 250 250 248 249 230 164 80 22 18 15 10 7 7 8 7 9 9 8 9 10 10 13 16 16 11 8 12 44 70 104 127 150 224 253 251 229 228 222 217 200 237 237 241 244 242 244 245 248 248 244 243 243 244 247 249 249 249 248 248 249 249 249 249 249 249 249 249 249 249 249 249 248 249 249 249 249 249 249 249 249 249 249 249 249 249 248 248 248 248 248 248 248 248 248 248 248 248 248 248 248 248 248 248 248 248 248 248 248 248 248 248 247 247 247 248 248 248 248 248 248 248 248 248 248 248 248 249 248 248 249 249 249 249 249 250 249 249 248 248 250 250 249 249 248 
250 250 250 250 250 249 249 250 250 250 249 249 250 251 251 250 249 248 247 247 245 245 244 245 245 247 247 247 248 248 249 249 249 249 249 249 249 248 248 249 250 248 244 245 249 249 250 251 249 249 251 251 248 249 250 249 251 249 251 251 250 250 252 246 247 243 186 121 87 78 70 59 46 26 12 11 11 11 8 8 9 11 11 10 4 5 7 29 80 117 166 208 192 236 251 236 233 233 234 236 236 237 240 241 244 247 248 248 249 249 248 243 243 247 248 249 249 249 249 248 248 249 249 249 249 249 249 249 249 249 248 248 248 248 248 248 248 248 248 248 248 248 248 248 248 248 248 248 248 248 248 248 248 248 248 248 248 248 248 248 248 248 248 248 248 248 248 248 248 248 248 248 247 248 248 248 248 248 249 249 249 249 249 249 249 249 249 249 248 248 249 249 249 249 249 249 249 249 248 248 250 250 249 249 249 
250 250 250 249 250 250 249 249 249 249 249 250 249 251 250 250 250 249 249 249 249 248 245 247 248 247 248 248 249 249 250 250 250 251 250 250 249 248 247 248 250 251 248 247 248 248 249 250 250 249 248 247 247 249 252 253 253 248 242 245 249 250 253 251 245 249 224 179 165 149 128 113 87 53 29 25 22 16 9 7 8 14 24 29 23 26 34 32 72 100 137 174 197 215 229 235 252 253 254 254 253 247 247 248 250 251 251 251 251 250 250 250 250 250 249 249 249 249 249 248 248 249 249 249 249 249 249 249 249 249 248 248 248 248 248 248 248 248 248 248 248 248 248 248 248 248 248 248 248 248 248 248 248 248 248 248 248 248 248 248 248 248 248 248 248 248 248 248 248 248 248 248 248 248 249 249 249 249 249 249 248 248 248 248 249 249 249 249 248 248 249 249 249 249 249 249 249 249 249 248 249 250 248 248 249 
251 251 251 251 251 251 252 251 251 251 250 249 249 249 247 247 247 247 247 248 247 248 248 248 249 248 248 249 249 249 250 250 251 250 248 247 247 247 247 250 252 252 252 250 248 247 249 252 252 252 251 252 250 247 244 248 244 228 212 203 204 208 207 210 201 191 188 160 136 123 111 100 77 57 40 40 41 43 44 51 63 73 93 102 118 121 132 78 44 54 71 92 122 147 173 188 210 217 227 236 241 244 250 251 252 252 251 251 251 251 250 250 250 250 249 248 249 248 248 248 248 249 249 249 249 249 249 248 248 248 247 247 245 247 247 248 248 248 248 248 248 248 248 248 248 248 248 248 248 248 248 248 248 248 248 248 248 248 248 248 248 248 248 248 248 248 248 248 248 248 248 248 248 249 249 249 249 249 249 249 249 249 248 248 248 248 248 248 248 248 249 249 249 249 249 249 249 248 248 248 247 245 235 220 212 
250 250 250 250 250 249 250 250 249 250 250 250 250 249 248 247 245 244 245 247 247 247 248 248 249 248 249 249 250 251 251 251 251 250 250 250 250 249 249 248 248 247 249 248 246 246 248 248 247 244 237 231 230 221 208 200 188 164 143 125 116 118 116 120 116 103 99 85 59 55 52 46 41 39 42 79 121 138 150 160 173 181 191 202 215 214 215 173 114 71 46 43 35 71 99 99 114 121 128 140 167 161 160 164 165 175 184 192 188 203 213 229 229 234 240 245 247 247 248 248 248 249 249 249 249 249 249 249 250 250 249 248 247 248 248 248 248 248 248 248 248 248 248 248 248 248 248 248 248 248 248 248 248 248 248 248 248 248 248 248 248 248 248 248 248 248 248 248 248 248 248 247 247 247 247 247 247 247 248 248 248 248 248 248 247 247 247 248 248 248 249 249 249 249 249 249 249 248 245 245 240 224 193 150 118 
227 227 228 228 229 230 233 231 230 233 235 236 238 240 241 240 238 240 242 243 244 245 248 248 249 248 248 248 248 248 248 245 245 247 250 252 249 238 230 220 212 206 202 201 192 190 188 185 182 175 159 159 159 141 127 116 107 85 67 64 63 59 57 54 58 58 49 42 37 36 33 32 33 33 51 114 178 203 215 224 228 224 226 226 227 224 223 193 153 99 59 46 33 46 57 59 64 67 71 78 90 87 88 92 93 99 108 116 116 143 147 161 172 192 228 244 248 248 248 248 248 248 248 248 249 249 249 249 250 248 245 245 245 248 249 248 248 248 248 248 248 248 248 248 248 248 248 248 248 248 248 248 248 248 248 248 248 248 248 248 248 248 248 248 248 248 248 248 248 248 248 247 245 244 244 244 244 247 247 247 248 248 248 248 248 248 247 247 248 248 249 249 249 249 249 249 249 248 245 244 240 213 157 92 47 
196 196 199 200 201 206 209 209 207 206 207 207 209 213 215 217 216 217 222 227 229 231 236 239 242 243 242 242 242 242 242 243 233 217 208 195 187 167 157 145 132 122 115 111 97 97 97 94 92 89 81 81 87 73 59 57 54 47 43 46 50 47 43 39 44 43 32 32 35 35 37 37 37 36 46 78 127 150 157 158 155 150 149 150 155 152 152 131 110 80 46 44 47 46 46 45 40 40 45 50 52 54 57 58 58 60 66 74 74 68 81 97 125 162 210 229 247 248 248 248 248 243 235 227 221 217 214 205 194 191 195 205 216 234 247 249 248 248 248 248 248 248 248 248 248 248 248 248 248 248 248 248 248 248 248 248 248 248 248 248 248 248 248 248 248 248 248 248 248 248 248 247 245 244 245 245 247 247 247 248 249 249 249 249 249 249 249 249 248 248 249 249 249 249 249 249 249 248 248 247 242 219 151 74 28 
210 208 206 205 206 209 213 213 210 208 206 205 209 214 219 222 220 219 220 222 222 222 224 228 231 234 238 243 244 247 250 240 212 180 139 109 96 82 75 71 64 58 54 54 50 50 51 51 50 51 53 53 54 52 45 44 44 43 39 38 39 41 42 42 43 39 32 35 35 33 35 37 38 39 35 42 51 59 64 66 65 64 65 66 67 67 68 65 59 46 29 30 45 43 35 30 30 36 41 45 45 45 46 47 47 48 52 59 58 52 88 118 149 184 216 235 247 247 245 242 230 217 205 189 171 156 141 129 114 113 127 145 178 215 244 249 248 248 248 248 248 248 248 248 248 248 248 248 248 248 248 248 248 248 248 248 248 248 248 248 248 248 248 248 248 248 248 248 248 248 248 248 248 248 248 249 249 249 249 249 248 249 249 249 249 249 250 249 248 248 249 249 249 249 249 249 249 249 249 248 242 220 156 73 25 
222 216 210 205 207 208 208 208 208 209 212 214 217 222 226 228 229 227 228 228 230 234 237 242 241 240 238 240 237 230 222 208 181 143 106 81 72 57 42 37 37 38 42 46 50 49 48 47 45 43 40 39 42 43 44 44 44 42 35 35 37 38 40 42 43 39 37 36 33 32 33 37 38 39 43 43 39 42 44 44 49 51 51 50 50 52 53 53 54 54 52 51 45 43 42 40 42 39 40 42 43 43 44 44 50 56 63 57 71 104 127 180 213 233 243 249 250 251 237 217 189 171 155 135 96 81 73 64 64 75 92 118 164 223 250 249 249 249 249 249 249 249 248 248 248 248 248 248 248 248 248 248 248 248 248 248 248 248 248 248 248 248 248 248 248 248 248 248 248 248 248 248 248 248 248 248 248 248 248 248 249 249 249 249 249 249 249 249 249 249 249 249 249 249 249 249 250 250 250 248 242 219 150 68 23 
196 160 134 113 128 124 122 120 117 118 122 127 136 142 144 149 155 159 163 166 166 166 173 179 179 179 180 177 158 141 129 117 99 82 71 56 56 46 42 42 44 45 47 49 45 43 43 43 42 40 39 40 42 42 43 43 43 42 37 38 39 40 42 43 43 40 38 36 36 36 37 39 40 42 41 41 44 44 45 47 50 53 56 54 56 54 54 54 53 53 52 51 47 47 49 49 47 45 47 49 50 51 52 58 67 77 84 86 100 126 139 159 173 187 196 200 185 179 156 132 115 96 87 82 79 79 79 87 103 125 145 174 212 245 249 249 249 249 249 249 249 249 248 248 248 248 248 248 248 248 248 248 248 248 248 248 248 248 248 248 248 248 248 248 248 248 248 248 248 248 248 248 248 248 248 248 248 248 248 248 249 249 249 249 249 249 249 249 249 249 249 249 249 249 249 249 250 249 249 247 242 215 143 61 22 
182 152 142 115 80 78 74 70 65 61 61 60 63 63 63 64 70 75 81 82 81 82 87 88 88 88 87 87 85 78 70 61 60 61 57 50 47 48 46 49 50 51 52 51 51 50 48 46 45 44 44 45 46 44 43 43 43 41 43 43 43 44 46 46 46 46 46 46 47 47 47 48 47 48 50 51 51 50 50 51 49 50 52 51 51 51 51 51 51 51 49 47 48 47 46 46 47 48 50 52 54 56 59 64 72 80 84 87 94 103 111 111 114 114 117 116 101 97 100 106 117 124 134 144 148 157 167 178 189 205 217 230 241 247 249 249 249 249 249 249 249 249 248 248 248 248 248 248 248 248 248 248 248 248 248 248 248 248 248 248 248 248 248 248 248 248 248 248 248 248 248 248 248 248 248 248 248 248 248 248 249 249 249 249 249 249 249 249 249 249 249 249 249 249 249 250 250 250 249 249 245 216 144 60 21 
209 202 208 193 153 155 151 148 142 137 135 130 121 117 111 108 108 113 118 121 125 131 130 128 126 123 123 124 125 125 121 118 123 121 111 100 95 89 85 81 79 72 61 61 68 65 61 57 51 50 48 50 52 52 49 49 50 48 47 47 47 47 46 46 47 48 51 52 53 52 51 51 53 54 55 61 65 64 62 64 65 66 68 66 63 60 60 60 60 60 60 60 62 61 60 60 60 60 60 60 61 61 62 62 66 68 68 68 73 85 90 93 87 82 96 109 117 123 152 173 195 210 219 227 229 230 234 236 237 240 243 247 248 249 251 249 249 249 249 249 249 249 248 248 248 248 248 248 248 248 248 248 248 248 248 248 248 248 248 248 248 248 248 248 248 248 248 248 248 248 248 248 248 248 248 248 248 248 248 248 249 249 249 249 249 249 249 249 249 249 249 249 249 249 249 250 250 249 246 250 246 219 148 60 18 
240 240 242 240 238 236 234 231 228 226 222 217 207 203 198 196 198 202 209 212 220 223 223 223 221 221 219 217 216 215 213 209 205 199 192 186 175 164 159 146 137 121 101 93 92 85 77 68 57 52 51 52 53 53 51 50 49 50 52 52 51 50 48 48 48 50 52 53 54 53 53 53 53 57 59 68 92 110 118 128 142 146 148 148 148 145 144 143 142 139 138 138 138 137 137 137 136 136 136 136 136 136 137 138 138 138 138 139 141 144 146 149 149 150 156 174 193 200 222 235 246 251 249 248 248 247 247 245 245 245 247 247 250 250 250 250 250 249 249 249 249 249 248 248 248 248 248 248 248 248 248 248 248 248 248 248 248 248 248 248 248 248 248 248 248 248 248 248 248 248 248 248 248 248 248 248 248 248 248 248 249 249 249 249 249 249 249 249 249 249 249 249 249 249 249 249 250 248 246 250 245 220 146 59 18 
243 243 244 244 246 246 248 248 247 247 246 243 240 235 231 233 237 242 246 249 250 250 250 250 250 250 250 250 250 250 249 247 240 238 235 233 230 226 221 208 198 179 160 145 135 124 117 109 96 89 84 79 71 67 66 64 61 61 64 73 86 83 83 83 82 83 88 91 95 97 102 104 105 111 115 127 158 182 198 209 221 224 227 228 228 228 227 226 224 224 222 221 220 220 220 220 220 221 221 221 220 219 220 221 221 221 222 222 222 222 222 223 224 224 224 235 242 242 245 246 251 251 250 249 248 248 249 248 249 249 249 249 249 250 249 250 249 249 249 249 249 249 248 248 248 248 248 248 248 248 248 248 248 248 248 248 248 248 248 248 248 248 248 248 248 248 248 248 248 248 248 248 248 248 248 248 248 248 248 248 249 249 249 249 249 249 249 249 249 249 249 249 249 249 249 250 250 249 248 248 241 217 141 57 19 
249 248 247 247 247 247 249 249 249 249 249 249 248 248 247 247 249 249 249 251 250 250 250 250 250 250 250 250 251 251 251 250 248 247 245 244 243 243 243 238 234 224 215 205 203 195 189 184 174 170 165 156 135 134 132 132 130 130 132 142 164 163 164 163 163 165 171 178 180 182 186 191 193 198 203 210 223 227 236 241 244 248 249 250 247 247 246 246 247 247 247 246 247 247 247 247 247 247 248 248 248 249 249 249 249 249 249 248 248 249 249 249 248 248 250 251 252 252 251 251 252 252 251 251 250 250 249 249 249 249 249 249 249 250 249 249 249 249 249 249 249 248 248 248 248 248 248 248 248 248 248 249 249 248 248 248 248 248 248 248 248 248 248 248 248 248 248 248 248 248 248 248 248 248 248 248 248 248 248 248 249 249 249 249 249 249 249 249 249 249 249 249 249 249 249 250 249 248 248 246 242 215 134 54 18 
250 250 248 248 248 249 249 249 249 250 250 250 250 249 249 249 249 249 250 251 250 250 250 250 249 250 250 250 251 251 252 251 250 249 248 248 247 247 247 247 247 247 248 245 248 244 242 241 237 236 234 230 222 220 217 217 217 216 220 222 228 228 228 228 229 231 235 237 240 240 242 244 245 244 245 248 248 244 243 244 245 247 248 248 247 247 247 247 247 248 248 249 249 249 249 248 248 248 249 249 249 249 250 250 250 250 249 249 249 249 249 249 249 249 249 249 250 250 251 250 250 250 248 249 249 249 248 249 249 249 249 250 250 250 249 249 249 249 249 250 249 248 248 248 248 248 248 248 248 248 248 249 250 249 249 248 248 248 248 248 248 248 248 248 248 248 248 248 248 248 248 248 248 248 248 248 248 248 248 248 249 249 249 249 249 249 249 249 249 249 249 249 249 249 249 250 249 249 249 250 244 209 127 49 17 
250 250 249 249 249 249 250 249 250 250 250 250 251 250 250 251 250 250 251 251 251 251 251 250 250 250 251 251 251 251 251 251 249 248 249 249 248 248 249 249 247 247 247 247 247 249 250 248 248 248 248 248 247 245 243 243 242 241 241 240 241 241 242 244 247 247 248 249 249 249 250 251 250 250 250 250 250 249 247 247 247 248 248 248 248 248 247 248 249 249 250 250 250 250 250 250 249 249 249 249 249 249 249 249 249 249 249 250 249 249 249 249 249 249 250 250 248 249 250 250 249 248 248 248 248 248 248 248 248 248 249 250 248 248 248 248 248 248 249 249 249 248 248 248 249 249 248 248 248 248 249 250 249 249 247 248 248 248 248 248 248 248 248 248 248 248 248 248 248 248 248 248 248 248 248 248 248 248 248 248 248 248 248 248 248 248 248 249 249 249 249 249 249 249 250 250 250 249 248 251 245 206 122 46 17 
