1 1 2 2 2 2 1 2 2 1 5 12 20 24 22 18 17 17 17 16 16 16 16 16 16 16 16 16 16 16 16 16 18 25 34 41 47 54 58 59 54 47 40 32 26 29 32 39 45 47 50 49 46 45 44 40 43 45 46 47 49 51 51 47 46 45 44 43 44 47 50 53 54 52 51 50 46 43 42 43 45 47 49 39 21 6 2 2 1 1 1 1 
1 1 1 1 1 1 1 2 2 1 4 10 19 25 23 18 17 17 17 16 16 16 16 16 16 16 15 16 16 16 15 16 18 25 34 41 47 54 58 59 54 47 40 29 23 24 30 38 44 49 50 49 45 43 43 43 44 46 46 47 49 51 50 47 46 45 43 40 42 46 49 52 57 56 52 47 45 43 40 43 44 46 48 40 21 7 2 2 1 1 1 1 
1 1 1 1 1 1 2 2 2 2 3 8 17 23 24 18 17 16 17 16 16 16 16 16 16 16 16 16 16 16 16 16 18 26 34 41 47 54 58 59 54 47 39 30 24 23 28 37 44 49 50 49 47 46 46 45 46 46 47 49 51 51 51 47 46 45 44 43 43 47 49 52 56 53 52 47 46 45 44 44 45 46 48 40 21 7 2 2 1 1 1 1 
1 1 1 1 1 1 2 2 3 2 1 4 20 30 24 22 18 17 17 17 16 16 16 16 16 16 17 17 17 17 15 15 17 24 31 39 47 53 57 58 54 49 42 35 30 29 31 40 47 53 56 54 53 52 52 52 51 51 51 53 56 56 56 53 51 50 49 49 49 50 51 54 57 57 56 53 50 50 49 49 49 52 50 39 21 8 2 2 1 1 1 1 
1 1 1 1 1 1 1 1 1 1 2 2 22 51 69 59 30 18 18 18 17 16 17 17 17 16 17 17 17 17 15 15 17 23 30 39 49 53 56 58 56 49 44 40 39 37 39 47 54 61 61 61 60 58 58 58 58 58 58 60 63 63 61 60 59 57 56 56 56 57 59 60 61 60 61 63 59 56 54 56 56 59 56 42 23 9 2 2 1 1 1 1 
1 1 1 1 1 1 1 2 3 2 3 8 22 85 158 136 59 18 18 18 16 16 16 16 17 18 17 17 17 17 16 16 17 22 30 38 47 52 56 57 53 49 45 44 43 40 42 49 57 64 64 64 64 62 61 61 61 61 63 64 67 67 66 65 64 61 59 60 61 63 66 66 66 64 67 66 66 64 64 64 63 65 63 49 28 10 3 2 1 1 1 1 
1 1 1 1 1 2 3 4 4 6 8 26 46 75 123 138 80 22 19 18 16 16 17 16 17 18 17 17 16 16 15 15 16 21 29 38 47 53 56 58 54 50 46 45 45 45 49 56 64 68 70 70 69 71 71 70 70 70 70 71 73 72 73 72 68 68 67 68 70 72 74 75 74 73 75 75 74 74 74 74 73 71 72 61 36 11 3 2 1 1 1 1 
1 1 1 1 1 2 5 10 10 13 22 43 51 46 59 87 70 26 21 18 17 18 18 17 17 18 18 17 16 16 13 13 15 19 30 39 47 53 57 58 56 52 49 47 47 51 54 61 68 72 75 77 78 78 77 77 78 78 77 77 77 75 77 77 77 77 77 78 78 78 79 82 81 80 81 80 80 79 80 80 79 78 74 58 31 10 3 2 1 1 1 1 
1 1 1 0 1 2 8 17 19 22 29 36 35 36 51 54 39 26 21 17 17 17 18 17 17 18 18 18 19 17 15 15 16 19 30 38 46 54 58 60 57 53 50 50 51 53 58 64 68 74 77 79 80 79 79 79 80 80 79 79 80 80 80 81 81 81 81 81 80 81 81 84 82 82 82 82 81 81 81 82 85 86 78 56 28 9 2 2 1 1 1 1 
1 1 1 1 1 4 10 19 22 26 24 25 30 40 54 47 26 17 17 16 18 18 17 18 17 17 17 17 19 17 15 15 17 22 27 37 47 54 59 61 58 52 49 50 49 51 54 59 64 70 71 72 73 73 74 74 73 75 77 77 78 79 78 79 78 78 78 78 78 79 79 79 80 80 79 79 81 81 80 81 82 85 80 56 26 9 3 2 1 1 1 1 
1 1 1 1 2 9 13 19 23 26 26 27 32 40 49 46 29 16 16 16 18 19 18 17 17 18 17 18 19 17 17 17 17 22 29 38 46 54 59 61 59 51 47 44 46 47 50 53 57 60 61 64 64 64 65 65 65 66 67 67 68 70 70 70 68 70 70 70 68 71 71 71 71 71 70 71 74 75 73 75 75 78 73 51 25 9 3 2 1 1 1 1 
1 1 1 1 3 12 18 19 23 26 26 31 33 42 53 45 26 18 16 17 20 20 18 17 16 17 17 17 18 17 17 17 16 19 29 37 45 54 59 61 58 50 44 39 42 42 44 45 49 51 52 54 56 56 56 56 56 58 58 59 60 60 60 59 59 60 63 63 62 64 65 65 64 64 64 64 64 64 64 65 65 65 61 45 22 9 2 2 1 1 1 1 
1 1 1 2 7 16 21 21 22 24 25 26 35 56 68 47 22 19 16 16 19 20 18 18 17 17 17 16 17 17 16 16 16 19 29 37 45 53 60 60 57 49 43 37 37 37 37 39 42 44 45 47 49 49 49 49 49 51 49 50 51 52 52 51 51 52 54 54 53 55 55 57 56 56 54 53 53 52 52 52 52 53 51 37 18 7 2 4 1 1 1 0 
1 1 2 4 8 18 22 22 22 21 22 18 37 73 78 42 19 16 15 16 17 18 18 18 17 17 17 16 17 17 17 17 16 19 27 37 45 54 59 61 57 49 42 33 32 32 33 35 37 39 40 42 43 43 43 43 43 43 45 45 45 44 44 45 44 43 44 43 45 43 42 43 44 44 45 45 46 45 45 45 45 47 45 33 16 5 2 3 2 1 0 0 
1 1 3 8 10 21 23 22 21 19 22 11 39 84 74 31 17 17 15 17 18 18 18 18 17 17 17 16 17 16 17 18 16 19 27 37 45 53 59 60 57 49 39 31 26 26 29 31 35 37 38 39 39 40 40 40 40 42 42 42 40 40 43 42 40 39 39 39 43 41 40 42 43 43 44 44 44 43 43 43 44 45 43 31 15 5 2 2 1 1 0 0 
2 3 4 8 15 23 23 22 22 24 18 24 57 81 60 22 15 19 18 17 18 18 17 17 17 17 16 16 17 16 18 18 17 18 26 37 46 53 58 60 57 50 38 30 25 23 26 32 35 38 39 38 39 40 40 40 42 42 43 42 42 40 40 40 38 39 39 39 40 40 40 42 42 43 43 42 42 42 43 43 42 43 42 30 15 4 1 1 1 1 1 1 
3 5 5 10 19 23 23 22 23 24 19 39 71 67 40 21 14 16 19 18 18 18 16 17 17 17 16 16 17 17 17 18 17 19 26 37 45 52 58 60 57 50 39 31 26 22 24 30 35 39 40 40 40 43 43 43 43 43 44 43 43 43 42 40 38 38 38 38 38 38 38 39 40 43 43 42 42 42 42 42 42 43 42 30 13 4 1 1 1 1 1 1 
3 5 8 12 23 24 24 24 24 29 31 40 52 46 30 20 17 16 18 18 18 17 17 17 17 18 16 16 17 16 17 18 17 19 26 34 45 53 59 60 57 49 39 31 25 22 24 30 35 39 43 44 44 44 44 44 44 45 45 44 43 43 40 38 37 37 38 38 37 38 38 39 40 42 42 42 42 42 42 40 42 43 42 29 12 4 2 1 2 2 1 1 
5 8 12 17 24 25 25 26 29 45 42 30 29 29 24 18 18 18 19 18 18 17 17 18 18 18 16 16 16 16 18 19 17 19 27 36 44 53 59 61 56 47 39 31 25 21 24 31 35 39 43 44 44 44 44 44 44 45 45 45 45 44 39 37 37 37 37 37 37 36 37 38 39 39 40 40 40 40 42 42 42 42 40 29 14 4 1 1 2 2 1 1 
7 11 17 23 24 25 23 30 59 70 58 23 17 23 19 16 16 18 18 18 17 16 17 18 18 18 17 17 17 17 18 18 17 18 27 37 45 53 59 60 57 49 39 31 25 22 25 31 37 41 44 44 44 44 44 43 43 44 44 44 44 43 40 38 38 37 37 37 36 35 36 36 37 37 38 38 38 38 39 39 39 40 37 28 12 4 1 1 1 1 1 1 
9 14 19 23 24 24 16 30 72 102 103 53 30 22 16 17 17 17 18 18 16 15 17 18 19 18 17 17 17 18 17 18 17 17 27 37 45 53 59 60 57 49 39 32 26 23 26 31 37 41 44 44 44 44 44 43 43 44 43 43 43 43 40 39 38 37 38 38 36 35 35 35 36 36 37 37 36 37 37 37 38 38 35 26 12 4 2 1 1 1 1 1 
14 16 19 21 24 22 17 28 50 86 82 71 53 45 22 9 13 17 18 18 18 17 17 18 18 18 17 17 18 17 17 17 17 17 26 36 46 54 58 60 57 47 40 32 26 24 26 31 37 42 45 44 44 44 43 43 43 43 43 43 43 43 42 40 39 38 38 37 36 35 35 35 36 36 36 36 36 36 36 36 35 36 32 24 11 5 1 1 1 1 0 0 
16 18 18 19 22 23 18 22 22 23 19 18 27 39 36 32 33 24 19 18 17 17 17 17 18 19 17 17 17 18 16 16 16 17 24 35 46 54 58 60 57 47 40 32 26 23 26 31 37 42 45 44 44 44 43 42 42 43 42 42 42 42 40 40 39 38 37 37 36 35 35 35 35 36 36 35 35 35 35 36 35 36 32 24 10 4 1 1 1 1 1 1 
17 21 19 21 24 24 19 25 26 0 0 0 4 23 64 108 102 50 24 19 16 14 16 19 22 19 18 17 16 17 16 16 16 15 27 37 45 53 58 60 57 47 40 32 26 23 26 32 37 42 45 45 44 44 42 42 42 42 42 42 42 42 40 40 40 39 37 36 36 36 35 35 35 36 35 33 33 32 33 35 35 35 32 23 9 4 1 1 1 2 1 1 
18 19 21 19 23 25 21 25 33 12 1 0 1 25 86 151 153 97 50 26 19 11 10 21 23 19 17 17 17 17 17 16 15 17 27 37 45 53 58 60 57 47 42 33 26 24 27 32 38 43 46 46 44 44 43 42 42 42 40 40 39 40 40 40 40 38 37 36 36 33 33 35 35 35 33 33 33 33 33 36 37 36 33 23 9 4 1 1 1 2 1 1 
19 18 17 19 21 23 22 18 22 26 16 2 1 23 56 87 116 129 102 76 49 25 16 11 15 18 18 17 17 18 18 16 16 18 27 37 46 54 58 60 58 49 42 33 28 25 29 32 38 43 47 46 45 44 43 42 40 42 40 40 39 40 39 40 39 37 37 36 33 33 33 33 35 35 35 35 35 36 37 38 40 38 35 24 9 4 1 1 1 2 1 1 
18 17 17 18 19 21 19 17 14 15 11 2 1 14 15 16 37 79 108 115 97 78 56 30 15 17 18 18 18 18 19 18 18 21 26 37 45 54 58 60 58 49 43 35 28 25 29 33 39 44 47 46 45 44 44 42 42 40 42 42 40 42 40 40 39 39 38 36 35 33 33 35 36 37 37 37 36 36 38 39 40 40 36 24 9 4 1 1 1 2 1 1 
19 17 17 16 17 18 18 15 16 13 10 2 1 4 4 8 8 12 43 70 87 107 122 116 90 57 36 24 24 22 19 18 19 21 29 38 46 53 58 60 57 49 43 35 28 25 29 33 39 44 48 46 45 45 45 44 43 43 43 43 43 43 43 43 42 40 39 38 37 35 35 36 37 38 38 37 36 37 38 38 38 39 36 24 9 4 1 1 1 2 1 1 
19 18 16 16 17 18 16 15 16 18 10 2 1 1 3 5 7 1 2 12 27 67 131 165 158 118 82 58 36 23 17 19 22 24 30 40 47 53 58 60 57 49 43 35 28 25 30 33 40 45 48 47 46 46 45 44 44 45 45 45 45 45 45 45 44 43 43 42 39 38 38 38 38 40 39 38 38 39 39 40 39 39 37 25 9 3 1 1 2 2 1 1 
22 19 17 15 17 18 17 17 15 15 10 3 2 1 2 4 6 2 2 5 6 18 54 86 103 123 142 123 90 52 29 21 25 31 36 42 50 54 59 60 56 50 43 33 28 26 31 34 40 49 48 48 46 46 46 46 46 46 46 45 45 45 45 45 45 44 44 43 43 40 40 39 39 40 39 40 40 42 40 42 42 40 37 25 8 3 1 1 1 1 1 1 
22 21 19 15 16 16 15 17 15 10 9 4 2 2 2 2 3 2 9 8 5 3 8 22 26 64 144 194 201 159 103 59 32 21 33 45 50 56 60 58 54 50 45 37 28 24 29 34 40 45 50 48 46 47 47 47 46 47 47 46 46 46 46 45 45 44 44 44 44 43 42 42 42 40 40 42 43 43 42 43 43 42 37 24 9 4 1 1 1 1 1 1 
22 21 18 16 14 14 13 12 12 9 6 4 2 2 2 2 2 3 7 7 6 6 10 16 11 26 94 172 229 236 209 172 124 77 56 49 47 49 54 57 53 50 46 37 28 24 29 34 42 46 50 50 47 49 49 49 49 49 49 49 47 47 47 46 46 45 45 44 44 43 43 42 42 42 42 42 43 43 42 43 43 42 37 24 10 4 1 1 0 0 1 1 
19 18 16 14 12 12 13 9 6 6 4 3 2 2 2 2 1 2 4 7 6 11 18 17 16 17 38 80 136 185 216 236 231 192 150 113 89 68 51 53 56 52 44 35 28 26 32 37 43 50 50 50 49 49 49 49 49 49 49 49 49 49 47 47 47 46 46 46 45 45 44 43 43 43 43 42 43 43 43 44 44 42 37 24 9 3 1 1 0 0 1 1 
17 16 14 10 9 10 10 8 5 4 2 2 2 2 1 1 1 2 4 4 7 19 23 17 11 4 7 15 36 78 125 173 215 222 223 208 184 144 95 62 54 55 51 37 29 28 33 37 43 51 51 52 51 51 51 51 51 51 51 51 50 50 49 49 49 46 46 46 45 45 44 43 44 44 43 43 43 44 44 45 46 44 39 24 8 3 1 1 0 0 1 1 
15 15 11 7 5 5 5 4 3 3 1 1 2 2 1 2 2 2 3 5 11 24 24 14 6 4 6 6 8 18 39 65 93 135 175 199 199 180 144 111 76 55 63 40 29 28 33 37 42 50 52 52 51 51 51 51 50 50 49 49 47 47 47 47 46 45 45 44 44 44 43 43 43 44 43 43 43 44 44 45 46 46 40 25 9 3 1 1 0 0 1 1 
15 15 11 6 5 5 4 2 1 1 1 1 1 1 1 1 1 1 3 5 11 16 16 10 4 4 6 8 10 10 12 17 30 48 71 99 107 120 131 135 95 61 65 49 36 30 29 32 37 43 44 45 45 45 45 45 46 45 44 44 44 44 44 44 43 43 42 42 40 40 39 40 40 43 40 39 40 42 42 43 44 44 40 26 10 4 1 0 0 0 1 1 
11 11 9 6 5 4 4 1 1 1 1 1 1 1 1 1 1 1 3 5 5 5 8 7 4 3 4 5 6 9 12 18 32 33 32 35 38 47 71 96 101 85 57 53 40 32 29 29 33 38 37 38 38 38 38 38 38 38 38 39 38 38 38 38 37 37 36 37 37 38 37 36 36 37 35 35 35 37 37 39 39 39 36 24 9 4 1 0 0 0 1 1 
10 9 5 5 5 5 2 1 1 1 1 1 1 1 1 1 1 1 1 2 2 2 3 3 2 2 2 3 3 4 9 16 24 36 37 32 37 31 31 53 89 97 79 54 41 33 28 28 30 27 29 29 29 30 30 28 29 31 33 37 37 36 37 37 36 36 33 33 36 36 36 37 36 34 32 32 32 33 33 36 36 36 32 18 6 2 0 1 1 1 1 1 
8 8 4 4 4 4 2 1 1 1 1 1 1 1 1 1 1 1 1 1 2 2 2 2 2 1 2 2 2 3 6 13 18 28 32 31 39 38 36 41 56 74 81 65 43 33 28 24 23 20 22 20 21 21 21 19 22 23 24 24 25 25 26 25 26 27 27 29 30 30 30 29 29 29 26 26 26 25 25 28 26 28 24 12 4 2 0 1 1 1 1 1 
4 4 3 3 3 2 1 1 1 1 1 1 1 1 1 1 1 1 1 2 2 2 2 2 2 1 1 1 1 2 4 8 10 11 14 18 27 38 45 44 39 50 68 63 43 26 26 24 19 18 18 19 21 22 22 22 21 21 21 19 19 21 21 21 19 21 22 22 22 22 22 21 21 21 19 21 21 19 18 19 19 19 18 10 2 1 1 1 1 1 1 1 
3 2 3 2 2 2 1 1 1 1 1 1 1 1 1 1 1 1 1 1 2 1 2 2 2 2 1 1 1 2 3 3 2 2 5 9 17 26 37 44 40 38 47 52 46 26 23 23 22 20 18 19 19 19 18 18 18 18 18 18 17 17 17 17 16 17 17 17 17 17 17 16 16 17 17 16 16 17 16 17 16 16 13 8 2 1 1 1 1 1 1 1 
3 3 3 2 1 1 1 1 1 1 1 1 1 1 1 1 1 1 1 1 1 1 1 2 2 1 1 1 1 1 1 1 1 1 1 3 4 5 19 40 46 40 40 52 59 38 24 21 23 22 19 19 18 17 16 17 17 17 17 16 17 17 15 16 16 16 16 16 15 16 16 15 15 16 15 16 16 16 15 16 15 15 11 5 3 1 0 0 0 0 1 1 
3 3 2 1 1 1 1 1 1 1 1 1 1 1 1 1 1 1 1 1 1 1 1 2 2 2 1 1 1 1 1 1 2 2 2 3 3 2 8 26 40 49 45 49 82 75 43 19 19 19 18 17 16 16 16 16 15 16 16 16 17 17 15 16 16 16 16 16 16 16 16 16 16 16 15 16 16 16 15 16 15 15 10 5 3 1 0 0 0 0 1 1 
2 2 2 1 1 1 1 1 1 1 1 1 1 1 1 1 1 1 1 1 1 1 1 1 2 2 1 1 1 1 1 1 1 2 2 3 2 3 7 10 25 46 44 34 84 116 89 45 21 18 17 17 17 16 16 16 16 16 17 17 16 16 15 16 16 16 16 16 16 17 17 16 15 16 15 16 16 16 15 16 15 15 11 5 2 1 0 0 0 0 1 1 
2 2 2 1 1 1 1 1 1 1 1 1 1 1 1 1 1 1 1 1 1 1 1 1 2 2 1 1 1 1 1 1 1 1 1 4 2 3 5 4 11 33 45 38 66 109 120 87 37 18 16 17 17 16 17 17 16 17 17 16 16 16 15 16 16 16 16 16 16 17 17 16 15 16 15 15 15 16 15 16 15 15 11 5 2 1 0 0 0 0 1 1 
2 1 1 1 1 1 1 1 1 1 1 1 1 1 1 1 1 1 1 1 1 1 1 1 2 2 1 1 1 1 1 1 1 1 4 5 3 3 2 2 3 21 39 40 43 59 94 95 53 12 17 16 16 16 17 17 17 17 18 18 17 17 15 16 16 16 16 16 16 17 16 15 16 17 15 15 15 16 15 16 15 15 11 5 2 1 0 0 0 0 1 1 
2 2 2 1 1 1 1 1 1 1 1 1 1 1 1 1 1 1 1 1 1 1 1 1 2 2 1 1 1 1 1 1 1 1 5 3 2 2 1 2 3 7 26 40 44 37 58 74 65 24 18 18 18 17 17 17 17 17 18 17 17 18 17 17 16 15 15 15 16 16 15 15 16 16 15 15 15 16 14 15 15 14 9 5 2 1 0 0 0 0 1 1 
2 2 1 1 1 1 1 1 1 1 1 1 1 1 1 1 1 1 1 1 1 1 1 1 1 1 1 1 1 1 1 1 1 2 2 2 2 2 2 3 3 3 8 26 40 37 42 53 50 26 19 19 19 18 19 18 18 18 18 17 17 16 17 17 17 17 17 17 16 16 15 15 16 16 15 15 16 15 15 16 15 15 8 5 2 1 0 0 0 0 1 1 
2 2 1 1 1 1 1 1 1 1 1 1 1 1 1 1 1 1 1 1 1 1 1 1 1 1 1 1 1 1 1 1 1 1 2 2 2 2 3 3 3 4 5 15 34 38 38 43 43 28 19 19 18 18 19 18 18 18 18 17 17 16 17 17 17 18 18 17 17 17 15 16 17 17 16 16 16 15 16 16 16 16 9 4 2 1 0 0 0 0 1 1 
1 1 1 1 1 1 1 1 1 1 1 1 1 1 1 1 1 1 1 1 1 1 1 1 1 1 1 1 1 1 2 2 1 1 2 2 2 2 2 3 2 4 4 9 36 43 36 35 44 30 21 19 19 18 18 18 18 18 18 18 18 18 18 17 17 18 17 17 18 18 16 16 17 17 18 17 16 16 16 16 17 17 9 4 2 1 0 0 0 0 1 1 
1 1 1 1 1 1 1 1 1 1 1 1 1 1 1 1 1 1 1 1 1 1 1 1 1 1 1 1 1 1 2 2 1 1 2 2 2 2 2 1 1 2 3 2 24 32 35 30 33 29 26 22 22 20 20 20 20 20 20 19 19 18 17 19 19 19 18 18 18 18 17 17 18 19 19 18 17 17 17 17 18 18 10 4 2 1 0 0 0 0 1 1 
1 1 1 1 1 1 1 1 1 1 1 1 1 1 1 1 1 1 1 1 1 1 1 1 1 1 1 1 2 2 2 2 2 2 2 2 2 2 2 2 2 2 2 1 9 26 33 28 28 30 28 21 20 20 20 20 20 20 19 19 19 19 18 20 19 18 18 18 19 19 18 18 19 20 18 18 18 18 18 17 18 18 10 4 2 1 1 1 0 0 1 1 
1 1 1 1 1 1 1 1 1 1 1 1 1 1 1 1 1 1 1 1 1 1 1 1 1 1 1 1 2 2 2 2 2 2 2 2 2 2 2 2 2 2 1 2 3 22 36 26 22 32 24 19 20 20 20 20 20 20 19 19 19 19 20 22 21 19 19 19 20 20 21 19 20 20 19 19 21 19 19 18 19 18 11 5 2 1 1 1 0 0 1 1 
1 1 1 1 1 1 1 1 1 1 1 1 1 1 1 1 1 1 1 1 1 1 1 1 1 1 1 1 2 2 2 2 2 2 1 1 1 1 2 2 2 2 1 1 2 13 36 41 29 29 25 22 18 18 19 19 19 19 19 20 20 20 19 19 19 19 19 19 19 21 21 21 21 21 19 19 21 19 19 18 18 18 12 5 3 2 1 1 1 1 1 1 
1 1 1 1 1 1 1 1 1 1 1 1 1 1 1 1 1 1 1 1 1 1 1 1 1 1 1 1 2 2 2 2 2 2 1 1 1 1 1 2 2 2 1 1 2 6 30 39 31 28 25 22 18 18 20 20 20 20 19 20 20 20 19 21 19 19 19 19 19 19 21 21 21 21 19 19 21 19 19 18 18 18 12 5 3 2 1 1 1 1 1 1 
1 1 1 1 1 1 1 1 1 1 1 1 1 1 1 1 1 1 1 1 1 1 1 1 1 1 1 1 1 1 1 1 1 1 1 1 1 1 1 1 2 3 1 1 1 3 24 36 32 29 24 21 19 19 19 19 19 19 19 19 19 19 21 21 19 19 19 19 19 19 21 21 21 21 21 21 21 19 19 18 18 18 11 6 3 2 1 1 1 1 1 1 
1 1 1 1 1 1 1 1 1 1 1 1 1 1 1 1 1 1 1 1 1 1 1 1 1 1 1 1 2 2 2 2 1 1 1 1 1 1 1 1 1 2 1 1 1 3 16 36 42 31 23 21 20 20 19 18 18 19 19 18 18 19 19 19 19 19 19 19 19 21 21 21 21 21 21 21 21 19 19 18 18 18 11 6 3 2 1 1 1 1 1 1 
1 1 1 1 1 1 1 1 1 1 1 1 1 1 1 1 1 1 1 1 1 1 1 1 1 1 1 1 1 1 1 1 1 1 1 1 1 1 1 1 1 1 1 1 1 3 12 31 40 31 22 19 19 19 18 18 19 18 18 19 19 18 19 19 19 19 19 19 19 21 21 21 21 21 21 21 21 19 19 18 18 18 11 6 3 2 1 1 1 1 1 1 
1 1 1 1 1 1 1 1 1 1 1 1 1 1 1 1 1 1 1 1 1 1 1 1 1 1 1 1 1 1 1 1 1 1 1 1 1 1 1 1 1 1 1 1 1 2 10 26 35 32 21 18 19 19 19 17 17 19 19 17 18 19 19 19 19 19 19 19 19 19 21 21 21 21 21 21 21 19 19 18 18 18 11 6 3 2 1 1 1 1 1 1 
1 1 1 1 1 1 1 1 1 1 1 1 1 1 1 1 1 1 2 2 2 2 2 2 2 2 2 2 1 1 1 1 1 1 1 1 1 1 1 1 0 0 1 1 1 1 7 24 35 32 24 23 19 18 18 18 18 19 18 18 18 19 19 19 19 19 19 19 19 21 21 21 21 21 21 21 21 19 19 18 18 18 12 7 3 2 1 1 1 1 1 1 
1 1 1 1 1 1 1 1 1 1 1 1 1 1 1 1 1 1 2 3 2 2 2 2 2 2 2 2 1 1 1 1 1 1 1 1 1 1 1 1 0 1 1 1 1 1 7 24 38 31 28 25 21 17 17 19 21 19 19 21 21 21 21 19 19 19 19 19 19 21 21 19 19 19 21 21 21 19 19 18 18 18 12 8 3 2 1 1 1 1 0 1 
1 1 1 1 1 1 1 1 1 1 1 1 1 1 1 1 1 1 3 4 2 2 2 2 2 2 1 1 1 1 1 1 1 1 1 1 1 1 1 1 1 1 0 0 1 2 6 25 32 31 32 31 21 16 17 19 21 19 19 21 21 21 19 19 18 19 19 19 19 19 19 19 19 19 19 21 21 19 19 18 18 18 12 9 3 1 1 1 1 1 0 1 
1 1 1 1 1 1 1 1 1 1 1 1 1 1 1 2 1 1 3 4 4 3 2 2 2 2 1 1 1 1 1 1 1 1 1 1 1 1 1 1 1 1 0 0 1 2 6 25 30 32 37 37 22 17 18 19 21 19 18 21 21 19 19 19 18 19 21 19 21 21 19 19 19 19 19 21 21 19 19 21 21 21 14 9 3 1 0 1 1 0 1 1 
2 1 1 1 1 1 1 1 1 1 1 1 1 1 1 2 2 2 5 10 12 8 2 2 2 2 1 1 1 1 1 1 1 1 1 1 1 1 1 1 1 1 0 0 2 3 5 26 32 38 35 30 24 21 19 21 22 19 19 22 22 19 18 19 19 21 22 22 22 23 23 23 23 22 22 22 22 22 22 22 22 22 16 11 3 1 1 1 1 0 1 1 
2 1 1 1 1 1 1 1 1 1 1 1 1 1 1 1 2 3 16 26 24 10 2 2 2 2 1 1 1 1 1 1 1 1 1 1 1 1 1 1 1 1 0 0 2 1 4 23 35 42 30 26 22 19 18 19 21 18 18 21 21 18 19 19 21 22 23 24 24 25 25 25 26 26 28 28 28 28 28 28 28 28 21 12 5 3 2 2 1 1 1 1 
1 1 1 1 1 1 1 1 1 1 1 1 1 1 2 3 2 4 24 40 33 15 3 2 3 3 3 3 1 1 1 1 1 1 1 1 1 1 1 1 1 1 1 1 1 0 2 19 35 43 36 37 18 18 16 17 22 22 17 19 21 22 23 24 26 28 29 30 32 32 32 33 35 37 37 38 40 40 41 41 41 41 28 18 8 4 1 1 0 1 1 1 
1 1 1 1 1 1 1 1 1 1 1 1 1 1 2 2 2 9 31 50 43 22 11 17 25 24 15 4 1 1 1 1 1 1 1 1 1 1 1 1 1 1 1 1 1 0 3 20 35 32 44 51 37 26 21 24 31 33 22 27 31 32 35 37 39 40 43 44 45 47 47 49 51 53 54 56 58 59 60 60 61 61 44 30 10 3 0 0 0 0 1 1 
1 1 1 1 1 1 1 1 1 1 1 1 1 1 1 2 3 14 35 49 43 26 25 38 47 39 22 2 1 1 1 1 1 1 1 1 1 1 1 1 1 1 1 1 1 1 5 20 33 30 43 49 56 46 40 40 46 51 41 44 48 53 56 59 60 63 64 65 67 68 70 71 73 75 79 80 81 82 84 84 85 85 63 42 16 5 2 2 2 2 1 1 
1 1 1 1 1 1 1 1 1 1 1 1 1 1 1 1 3 15 28 33 31 24 26 39 47 37 16 2 1 1 1 1 1 1 1 1 1 1 1 1 1 1 1 1 1 1 2 17 35 40 31 29 36 45 65 75 74 74 69 76 75 75 77 79 82 85 87 88 90 90 90 93 93 96 98 101 100 100 102 103 104 106 85 52 23 6 2 7 3 2 2 1 
1 1 1 1 1 1 1 1 1 1 1 1 1 1 1 1 3 15 19 19 18 24 25 30 31 22 10 2 1 1 1 1 1 1 1 1 1 1 1 1 1 1 1 1 1 1 4 15 30 37 36 29 22 18 36 68 92 97 96 93 94 97 96 100 99 100 101 102 103 104 106 107 108 108 108 108 107 108 108 108 108 109 100 76 48 26 18 19 18 8 3 3 
1 1 1 1 1 1 1 1 1 1 1 1 1 1 2 2 5 16 24 25 23 25 25 23 18 11 4 2 1 1 1 1 1 1 1 1 1 1 1 1 1 1 1 1 1 1 2 11 30 41 31 25 19 11 13 37 73 101 109 104 111 113 108 109 110 110 111 113 113 114 111 111 110 111 113 111 111 113 111 108 110 109 107 97 83 72 60 53 47 19 3 3 
1 1 1 1 1 1 1 1 1 1 1 1 1 1 3 4 12 21 27 30 29 29 26 18 8 4 3 3 1 1 1 1 1 1 1 1 1 1 1 1 1 1 1 2 2 1 2 9 26 39 33 25 18 9 5 13 40 82 104 111 117 118 114 110 110 109 110 110 108 108 108 108 107 107 108 107 106 108 108 106 108 109 109 108 101 97 96 81 58 30 2 2 
1 1 1 1 1 1 1 1 1 1 1 1 1 2 4 14 22 21 17 20 25 22 15 8 4 3 3 2 1 1 1 1 1 1 1 1 1 1 1 1 1 1 1 1 1 1 2 9 23 36 35 26 20 10 4 8 18 54 87 110 113 115 108 101 99 96 97 97 95 95 97 97 100 101 102 100 96 97 101 100 101 102 102 102 101 99 96 88 64 32 2 2 
1 1 1 1 1 1 1 1 1 1 2 2 3 3 7 11 16 16 10 10 12 10 7 2 2 2 1 1 1 1 1 1 1 1 1 1 1 1 1 1 1 1 1 1 1 1 4 11 24 32 28 24 23 14 8 8 14 40 63 90 93 95 89 81 82 82 82 82 81 80 82 85 87 89 90 88 82 82 86 87 86 86 87 88 89 88 85 89 67 25 2 2 
1 1 1 1 1 1 1 1 1 1 2 2 4 4 9 15 22 23 16 12 16 17 12 9 4 2 1 1 1 1 1 2 2 1 2 1 1 1 1 1 1 1 1 1 1 1 3 9 26 35 25 24 28 26 23 17 24 38 54 74 72 71 66 66 66 66 66 64 64 63 65 68 70 68 66 70 68 65 68 71 71 72 72 73 75 77 79 79 52 20 2 2 
1 1 1 1 1 1 1 1 1 1 1 2 4 7 15 22 30 31 26 26 31 32 28 25 17 3 1 1 1 2 2 2 2 1 2 1 1 1 1 1 1 1 1 1 2 2 3 7 25 35 25 25 28 30 32 30 29 32 47 67 62 55 48 52 54 51 49 46 45 44 46 49 52 51 49 52 50 50 53 53 56 57 57 58 58 57 60 56 32 13 2 2 
1 1 1 1 1 1 1 1 1 1 1 2 3 5 14 17 25 24 24 28 33 33 32 30 22 3 1 1 1 2 2 2 2 1 2 1 1 1 1 1 1 1 1 1 1 1 3 10 23 36 29 25 25 26 36 38 30 28 38 60 58 47 38 40 43 38 32 30 28 25 25 30 31 35 37 33 31 36 38 37 37 36 42 42 35 30 31 32 18 8 2 2 
1 1 1 1 1 1 1 1 1 1 1 2 3 4 7 7 10 8 12 18 20 23 22 19 15 2 1 1 1 1 2 2 2 2 2 1 1 1 1 1 1 1 2 2 2 2 1 5 20 33 31 27 28 28 33 38 39 31 24 51 50 39 32 32 32 29 26 25 24 23 25 26 28 28 28 28 29 31 32 30 29 29 31 23 14 12 11 11 10 4 2 2 
1 1 1 1 1 1 1 1 1 1 1 1 2 3 3 2 2 1 4 6 5 8 10 9 5 3 1 1 1 1 2 2 2 2 2 1 1 1 1 1 1 1 2 2 3 3 3 5 12 20 27 33 32 32 32 35 43 44 21 25 26 28 29 26 25 25 26 25 25 25 25 28 28 26 26 29 32 30 30 29 27 27 24 13 7 6 5 6 4 3 2 2 
1 1 1 1 1 1 1 1 1 2 1 1 2 2 2 1 1 1 2 2 2 2 2 3 1 1 2 1 1 1 2 2 2 2 2 1 1 1 1 1 1 1 1 1 3 4 4 7 5 9 19 25 29 39 38 30 29 37 35 18 13 19 29 22 22 23 24 25 24 24 25 25 25 26 26 26 28 28 29 28 25 24 22 9 4 2 2 3 3 3 2 2 
1 1 1 1 1 1 1 1 1 2 1 1 1 1 1 1 1 1 4 4 4 2 2 2 1 1 1 1 1 1 2 2 2 2 2 1 1 1 1 1 1 1 1 1 3 4 3 3 3 4 10 8 17 37 42 31 17 18 35 24 11 13 24 20 20 22 22 23 22 22 25 24 24 25 26 25 25 25 26 29 28 25 21 9 4 2 2 2 2 2 1 1 
1 1 1 1 1 1 1 1 1 1 1 1 1 1 1 1 2 1 3 3 2 1 1 1 1 1 1 1 2 2 2 2 1 1 1 1 1 1 1 1 1 1 1 1 2 2 2 2 1 1 2 1 5 21 33 31 21 19 24 28 19 17 19 19 20 22 19 21 21 22 23 24 25 25 26 26 26 24 28 32 34 30 22 10 2 2 2 2 2 2 1 1 
1 1 1 1 1 1 1 1 1 1 1 1 1 1 1 1 1 1 1 1 1 1 1 1 1 1 1 1 2 2 2 2 1 1 1 1 1 1 1 1 1 1 2 2 2 2 1 2 1 1 2 3 3 4 16 24 25 29 26 39 31 23 19 18 19 20 21 22 22 22 23 23 24 24 24 26 28 29 28 30 33 30 22 10 2 2 2 2 2 2 1 1 
1 1 1 1 2 2 1 1 1 1 1 1 1 1 1 1 1 1 1 1 1 1 1 1 1 1 1 1 2 2 2 2 1 1 1 1 1 1 1 1 1 1 2 1 1 1 1 1 2 3 3 4 4 4 8 18 27 34 33 56 33 17 19 24 24 24 24 25 25 26 26 28 28 28 26 27 30 33 30 29 29 26 21 10 3 2 2 2 1 2 1 1 
1 1 1 1 2 2 1 1 1 1 1 1 1 1 1 1 1 1 1 1 1 1 1 1 1 1 1 1 2 2 2 2 1 1 1 1 1 1 1 1 1 2 1 1 1 1 1 1 2 3 3 4 5 10 8 10 22 31 38 71 39 21 23 29 29 28 28 29 29 30 30 31 31 28 30 31 32 36 35 35 30 28 23 11 3 2 2 2 2 2 1 1 
1 1 1 1 2 2 1 2 2 1 1 1 1 1 1 1 1 1 1 1 1 1 1 1 1 1 1 1 1 1 1 1 1 1 1 1 1 1 1 1 1 1 1 1 1 1 1 1 2 3 2 4 4 23 20 10 18 31 45 46 47 50 40 42 46 44 44 44 44 44 44 45 44 44 36 41 46 44 41 46 43 40 32 13 3 3 1 1 1 1 1 1 
1 1 2 2 2 2 1 2 2 1 1 1 1 1 1 1 1 1 1 1 1 1 1 1 1 1 1 1 1 1 1 1 1 1 1 1 1 1 1 1 1 1 1 1 1 1 1 1 1 3 2 1 9 36 36 22 23 31 42 30 42 63 54 60 66 61 61 61 63 63 63 63 64 62 62 60 59 60 61 59 58 57 40 17 3 3 1 1 1 1 1 1 
1 2 2 2 2 2 2 3 3 1 1 1 1 1 1 1 1 1 1 1 1 1 1 1 1 1 1 1 1 1 1 1 1 1 1 1 1 1 1 1 1 1 1 1 1 1 1 1 1 3 1 1 19 37 36 30 31 23 30 29 39 61 72 84 86 81 81 81 80 80 80 80 80 78 77 74 74 75 75 74 72 71 51 24 7 4 2 1 1 1 1 1 
1 3 3 3 3 3 3 3 2 1 1 1 1 1 1 1 1 1 1 1 1 1 1 1 1 1 1 1 1 1 1 1 1 1 1 1 1 1 1 1 1 1 1 1 1 1 1 1 1 3 1 4 22 32 27 26 39 33 19 29 39 51 82 114 112 103 105 104 103 103 103 103 103 102 100 99 99 100 99 97 94 95 68 31 10 3 1 1 0 0 1 1 
1 2 2 2 2 2 2 2 1 1 1 1 1 1 1 1 1 1 1 1 1 1 1 1 1 1 1 1 1 1 1 1 1 1 1 1 1 1 1 1 1 1 1 1 1 1 1 1 1 3 0 7 20 30 18 16 33 43 27 29 33 53 92 127 125 119 118 118 118 118 118 118 118 118 117 117 117 118 118 117 115 114 88 40 14 5 2 2 1 1 1 1 
1 2 1 1 1 1 1 1 1 1 1 1 1 1 1 1 1 1 1 1 1 1 1 1 1 1 1 1 1 1 1 1 1 1 1 1 1 1 1 1 1 1 1 1 1 1 1 1 1 1 1 7 13 27 22 10 19 37 33 20 25 70 107 123 124 123 121 121 121 122 122 122 122 122 122 122 122 122 123 124 124 120 101 56 21 7 2 2 1 1 1 1 
1 1 1 1 1 1 1 1 1 1 1 1 1 1 1 1 1 1 1 1 1 1 1 1 1 1 1 1 1 1 1 1 1 1 1 1 1 1 1 1 1 1 1 1 0 0 1 1 1 1 1 2 5 24 33 23 16 32 41 27 32 78 110 118 121 122 122 122 122 123 122 122 122 122 123 123 123 123 123 125 124 121 101 58 23 9 2 2 1 1 1 1 
2 2 1 1 1 1 1 1 1 1 1 1 1 1 1 1 1 1 1 1 1 1 1 1 1 1 1 1 1 1 1 1 1 1 1 1 1 1 1 1 1 1 1 1 0 0 1 1 1 1 1 1 2 16 39 40 21 28 40 36 42 75 106 117 120 121 121 121 121 122 121 121 121 121 122 122 122 122 123 124 123 120 97 53 18 5 2 2 1 1 1 1 
1 1 1 1 1 1 1 1 1 1 1 1 1 1 1 1 1 1 1 1 1 1 1 1 1 1 1 1 1 1 1 1 1 1 1 1 1 1 1 1 0 0 1 1 1 1 1 1 1 1 1 1 1 8 30 37 25 18 33 39 60 90 107 109 110 109 110 111 113 114 114 114 115 116 117 118 118 118 118 120 120 116 93 46 14 3 1 2 1 1 1 1 
1 1 1 1 1 1 1 1 1 1 1 1 1 1 1 1 1 1 1 1 1 1 1 1 1 1 1 1 1 1 1 1 1 1 1 1 1 1 1 1 1 1 1 1 1 1 1 1 1 1 1 1 1 3 16 28 25 18 23 34 64 88 90 92 94 94 99 101 103 107 109 109 109 110 113 115 116 118 120 116 115 115 90 45 12 3 1 2 1 1 1 1 
1 1 1 1 1 1 1 1 1 1 1 1 1 1 1 1 1 1 1 1 1 1 1 1 1 1 1 1 1 1 1 1 1 1 1 1 1 1 1 1 1 1 1 1 1 1 1 1 1 1 1 1 1 1 9 19 22 15 11 21 50 72 68 72 74 77 83 87 93 99 102 104 104 106 106 108 111 114 115 113 109 110 87 41 11 3 2 2 1 1 1 1 
1 1 1 1 1 1 1 1 1 1 1 1 1 1 1 1 1 1 1 1 1 1 1 1 1 1 1 1 1 1 1 1 1 1 1 1 1 1 2 2 3 2 1 1 1 1 1 1 1 1 1 1 1 1 5 10 11 3 3 12 39 58 56 56 56 56 65 68 75 84 90 94 97 100 102 103 106 109 109 109 108 110 81 36 9 3 2 2 1 1 1 1 
1 1 1 1 1 1 1 1 1 1 1 1 1 1 1 1 1 1 1 1 1 1 1 1 1 1 1 1 1 1 1 1 2 2 1 2 1 2 2 1 1 1 1 1 1 1 1 1 1 1 1 1 1 1 3 7 5 3 2 10 31 44 40 45 43 43 47 50 58 65 73 80 83 87 91 96 101 104 106 106 104 108 82 34 9 3 3 3 2 2 1 1 
1 1 1 1 1 1 1 1 1 1 1 1 1 1 1 1 1 1 1 1 1 1 1 1 1 1 1 1 1 1 1 1 1 3 4 6 5 7 4 5 9 5 3 2 1 1 1 1 1 1 1 1 1 1 2 2 2 1 2 8 25 36 33 38 38 37 37 39 43 49 56 61 65 69 72 78 88 96 99 100 97 95 82 38 6 3 3 3 2 2 1 1 
2 1 1 1 1 1 1 1 1 1 1 1 1 1 1 1 1 1 1 1 1 1 1 1 1 1 1 1 1 1 2 1 1 2 3 10 12 16 16 17 22 24 16 6 3 2 1 1 1 1 1 1 1 1 2 3 2 2 2 7 23 35 35 35 36 37 35 35 36 38 41 45 47 53 57 64 75 82 87 92 92 92 72 35 6 3 2 2 1 1 1 1 
1 1 1 1 1 1 1 1 1 1 1 1 1 1 1 1 1 1 1 1 1 1 1 1 1 1 1 1 1 1 2 1 1 2 2 11 21 32 32 31 32 39 31 12 5 2 1 1 1 1 1 1 1 1 1 2 2 2 4 8 18 30 36 36 38 39 35 35 34 32 30 29 30 36 40 49 55 64 70 78 80 84 61 26 7 4 2 2 1 1 1 1 
1 1 1 1 1 1 1 1 1 1 1 1 1 1 1 1 1 1 1 1 1 1 1 1 1 1 1 1 1 1 1 1 1 1 1 9 29 34 33 33 37 33 29 17 8 2 2 2 2 2 1 1 1 1 1 3 2 3 3 7 17 37 50 43 40 40 35 35 32 30 30 29 32 33 33 37 40 46 54 59 65 68 46 20 7 3 2 2 1 1 1 1 
1 1 1 1 1 1 1 1 1 1 1 1 1 1 1 1 1 1 1 1 1 1 1 1 1 1 1 1 1 1 1 1 1 1 1 7 18 30 33 36 35 35 36 29 12 3 2 2 2 2 1 1 1 1 2 4 4 3 4 8 19 45 61 46 42 42 36 33 33 33 33 33 34 36 35 35 35 37 42 40 45 48 39 24 6 3 2 2 1 1 1 1 
1 1 1 1 1 1 1 1 1 1 1 1 1 1 1 1 1 1 1 1 1 1 1 1 1 1 1 1 1 1 1 1 1 1 1 3 12 30 35 35 32 33 34 33 17 4 2 2 2 2 2 2 2 2 3 5 8 6 10 13 24 55 72 50 40 43 37 33 33 33 33 33 35 35 36 36 37 38 38 36 36 37 29 15 6 3 0 0 0 0 1 1 
1 1 1 1 1 1 1 1 1 1 1 1 1 1 1 1 1 1 1 1 1 1 1 1 1 1 1 1 1 1 1 1 1 1 1 2 11 29 36 36 33 32 33 34 24 8 3 4 3 3 3 3 2 2 4 8 10 11 15 17 25 58 81 61 42 40 36 33 33 33 33 33 35 37 37 37 38 38 38 33 32 32 18 9 4 2 0 0 0 0 1 1 
1 1 1 1 1 1 1 1 1 1 1 1 1 1 1 1 1 1 1 1 1 1 1 1 1 1 1 1 1 1 1 1 1 1 1 3 9 25 36 37 36 35 36 37 30 15 7 4 3 3 3 3 3 3 7 11 13 15 16 17 23 54 84 71 44 38 36 35 33 33 33 33 35 37 37 37 38 40 39 36 36 37 17 8 4 3 0 0 0 0 1 1 
1 1 1 1 1 1 1 1 1 1 1 1 1 1 1 1 1 1 1 1 1 1 1 1 1 1 1 1 1 1 1 1 1 1 1 1 5 21 35 37 37 37 38 37 36 24 14 7 4 4 4 4 3 4 10 15 17 17 18 17 22 50 79 77 47 36 36 35 35 33 33 33 35 37 37 38 37 37 37 36 37 36 19 7 3 2 0 0 0 0 1 1 
1 1 1 1 1 1 1 1 1 1 1 1 1 1 1 1 1 1 1 1 1 1 1 1 1 1 1 1 1 1 1 1 1 1 1 1 3 15 31 35 36 37 38 38 37 30 16 8 7 5 5 5 5 7 11 16 16 17 18 18 19 42 74 79 47 35 36 35 33 33 33 33 35 37 37 37 37 36 35 35 34 33 17 6 2 2 1 0 0 0 1 1 
1 1 1 1 1 1 1 1 1 1 1 1 1 1 1 1 1 1 1 1 1 1 1 1 1 1 1 1 1 1 1 1 1 1 1 1 3 11 23 33 36 38 38 38 39 35 19 10 7 5 5 5 7 8 12 17 18 18 19 19 19 35 67 82 51 32 36 35 33 33 35 33 33 35 35 35 35 35 33 33 32 31 15 6 2 2 1 0 0 0 1 1 
1 1 1 1 1 1 1 1 1 1 1 1 1 1 1 1 1 1 1 1 1 1 1 1 1 1 1 1 1 1 2 1 1 1 1 1 2 12 28 33 36 38 38 37 37 33 24 12 5 5 6 8 8 9 13 19 20 19 19 20 18 31 67 89 59 33 35 35 33 33 33 33 33 33 33 33 33 33 32 32 30 28 14 5 2 2 1 0 0 0 1 1 
1 1 1 1 1 1 1 1 1 1 1 1 1 1 1 1 1 1 1 1 1 1 1 1 1 1 1 1 1 1 2 1 1 1 1 1 2 9 21 32 36 37 37 37 37 32 27 15 5 5 8 8 9 10 13 18 19 19 19 19 18 25 62 96 71 37 32 36 33 32 33 33 33 33 33 32 32 32 32 30 28 26 14 5 2 2 0 0 0 0 1 1 
1 1 1 1 1 1 1 1 1 1 1 1 1 1 1 1 1 1 1 1 1 1 1 1 1 1 1 1 1 1 1 1 1 1 1 1 3 6 16 30 36 37 37 35 32 32 30 17 6 8 8 8 10 11 14 16 18 18 20 20 20 24 59 96 82 47 32 33 36 33 32 33 34 34 34 33 32 31 30 29 28 26 12 5 1 1 0 0 0 0 1 1 
1 1 1 1 1 1 1 1 1 1 1 1 1 1 1 1 1 1 1 1 1 1 1 1 1 1 1 1 1 1 1 1 1 1 1 1 3 6 14 25 35 38 37 35 31 33 33 18 6 9 8 8 10 11 14 16 18 18 20 22 22 22 53 97 94 54 30 32 36 33 32 33 34 34 34 33 32 30 30 30 30 26 14 5 1 1 0 0 0 0 1 1 
1 1 1 1 1 1 1 1 1 1 1 1 1 1 1 1 1 1 1 1 1 1 1 1 1 2 1 1 1 1 1 1 1 1 1 1 3 7 14 23 33 36 36 33 33 37 36 22 8 9 9 8 10 11 14 16 18 19 22 23 23 19 49 96 96 59 34 33 35 32 32 32 33 33 33 32 30 29 28 30 30 25 14 5 1 1 0 0 0 0 1 1 
1 1 1 1 1 1 1 1 1 1 1 1 1 1 1 1 1 1 1 1 1 1 1 1 1 2 1 1 1 1 1 1 1 1 1 1 3 4 12 24 32 33 35 33 34 38 36 25 12 11 9 9 10 11 14 16 18 19 23 24 24 19 46 90 97 63 34 33 35 32 32 32 32 32 32 31 30 26 26 30 30 25 14 5 1 1 0 0 0 0 1 1 
1 1 1 1 1 1 1 1 1 1 1 1 1 1 1 1 1 1 1 1 1 1 1 1 1 1 1 1 1 1 1 1 1 1 1 1 1 3 11 24 33 34 34 34 34 37 36 29 22 15 9 9 9 10 14 16 18 19 21 22 22 18 38 81 100 66 35 32 35 32 32 31 32 32 31 31 29 26 27 31 30 24 13 4 1 1 0 0 0 0 1 1 
1 1 1 1 1 1 1 1 1 1 1 1 1 1 1 1 1 1 1 1 1 1 1 1 1 1 1 1 1 1 1 1 1 1 1 1 1 2 10 25 33 34 34 34 34 36 36 33 29 16 9 9 9 10 14 16 18 19 19 21 22 17 29 68 102 74 35 31 33 32 31 31 31 31 31 30 29 28 29 29 29 24 13 4 1 1 1 0 1 1 1 1 
1 1 1 1 1 1 1 1 1 1 1 1 1 1 1 1 1 1 1 1 1 1 1 1 1 1 1 1 1 1 1 1 2 2 2 1 1 1 10 24 32 32 33 33 33 35 37 36 30 17 11 10 9 10 13 16 16 18 18 19 21 18 24 56 102 101 47 33 33 32 31 30 30 30 31 30 29 28 29 27 29 24 12 4 2 2 1 1 1 1 1 1 
1 1 1 1 1 1 1 1 1 1 1 1 1 1 1 1 1 1 1 1 1 1 1 1 1 1 1 1 1 1 1 1 1 2 2 1 1 1 9 24 31 32 33 32 32 33 36 36 31 22 15 10 8 9 13 16 16 16 17 18 21 19 23 44 94 105 55 34 35 32 31 30 30 30 30 30 28 28 27 26 28 24 11 4 2 2 0 1 1 1 1 1 
1 1 1 1 1 1 1 1 1 1 1 1 1 1 1 1 1 1 1 1 1 1 1 1 1 1 1 1 1 1 1 1 1 2 2 1 1 1 5 22 31 32 32 30 31 32 35 36 33 25 16 10 8 9 11 14 15 15 16 17 21 21 23 42 93 108 66 39 36 33 31 30 31 31 31 30 29 28 28 28 28 23 12 4 2 2 0 0 1 2 1 1 
1 1 1 1 1 1 1 1 1 1 1 1 1 1 1 1 1 1 1 1 1 1 1 1 1 1 1 1 1 1 1 1 1 2 1 1 1 1 3 16 29 31 31 30 30 31 32 36 35 26 19 11 9 9 11 12 12 14 14 15 19 22 24 38 85 114 78 43 37 34 32 31 32 32 31 31 29 31 30 29 26 22 11 4 2 2 0 0 1 2 1 1 
1 1 1 1 1 1 1 1 1 1 1 1 1 1 1 1 1 1 1 1 1 1 1 1 1 1 1 1 1 1 1 1 1 2 2 3 3 2 4 11 25 33 31 29 30 30 31 35 35 30 21 12 9 8 10 12 12 12 12 14 18 22 24 33 74 103 77 45 38 34 32 31 31 31 30 30 30 30 31 29 26 22 11 3 2 2 0 0 1 2 1 1 
1 1 1 1 1 1 1 1 1 1 1 1 1 1 1 1 1 1 1 1 1 1 1 1 1 1 1 1 1 1 1 1 1 2 3 3 3 3 4 7 19 30 30 28 28 29 30 32 32 31 28 19 9 7 10 12 12 14 12 15 18 21 25 29 67 103 80 47 40 37 33 31 30 30 30 30 30 29 30 31 29 21 10 3 2 2 0 0 1 2 1 1 
1 1 1 1 1 1 1 1 1 1 1 1 1 1 1 1 1 1 1 1 1 1 1 1 1 1 1 1 1 1 1 1 1 2 3 3 3 3 4 5 18 29 30 28 28 28 29 31 32 35 40 31 13 9 9 11 12 12 14 15 17 18 24 28 64 113 85 51 40 37 35 32 31 31 30 30 30 29 31 31 31 23 9 3 2 2 0 0 1 2 1 1 
1 1 1 1 1 1 1 1 1 1 1 1 1 1 1 1 1 1 1 1 1 1 1 1 1 1 1 1 1 1 1 1 1 1 1 3 3 3 4 5 17 30 29 28 26 28 28 30 31 38 40 37 19 10 9 10 11 14 15 15 16 17 24 26 63 115 92 56 43 38 36 33 31 29 29 30 31 28 30 31 31 23 10 3 2 2 0 0 1 2 1 1 
1 1 1 1 1 1 1 1 1 1 1 1 1 1 1 1 1 1 1 1 1 1 1 1 1 1 1 1 1 1 1 1 1 1 1 2 2 3 3 5 17 29 30 28 28 28 29 30 32 39 49 47 24 10 9 9 11 14 15 16 17 17 23 28 60 114 94 60 42 38 35 32 31 30 28 30 31 26 29 32 31 22 11 4 1 2 1 1 1 2 1 1 
1 1 1 1 1 1 1 1 1 1 1 1 1 1 1 1 1 1 1 1 1 1 1 1 1 1 1 1 1 1 1 1 1 1 1 1 1 3 3 3 15 29 31 29 31 31 32 32 33 43 56 52 31 14 8 7 10 14 15 16 17 17 23 28 59 110 105 71 43 38 36 33 32 30 29 29 30 28 28 31 31 23 10 4 1 2 1 1 1 1 1 1 
1 1 1 1 1 1 1 1 1 1 1 1 1 1 1 1 1 1 1 1 1 1 1 1 1 1 1 1 1 1 1 1 1 1 1 1 1 1 3 2 13 28 32 31 35 36 39 39 40 50 59 56 38 17 9 7 9 14 15 16 18 18 22 28 54 107 108 71 43 39 37 35 32 30 30 30 30 30 29 30 31 23 11 3 1 1 1 1 1 1 1 1 
1 1 1 1 1 1 1 1 1 1 1 1 1 1 1 1 1 1 1 1 1 1 1 1 1 1 1 1 1 1 1 1 1 1 1 1 1 1 2 2 13 28 36 35 37 40 44 45 45 50 56 58 44 19 9 7 9 14 15 16 18 19 22 25 50 104 109 68 43 42 38 36 35 35 35 35 35 36 36 37 35 25 12 5 1 1 1 1 1 1 1 1 
1 1 1 1 1 1 1 1 1 1 1 1 1 1 1 1 1 1 1 1 1 1 1 1 1 1 1 1 1 1 1 1 1 1 2 2 1 1 1 1 13 29 43 38 41 46 49 49 49 52 56 60 49 20 11 8 9 11 14 15 17 18 21 21 42 92 101 72 51 48 47 46 47 47 48 48 49 50 51 51 46 33 17 7 2 2 1 1 1 1 1 1 
1 1 1 1 1 1 1 1 1 1 1 1 1 1 1 1 1 1 1 1 1 1 1 1 1 1 1 1 1 1 1 1 1 1 2 2 1 1 1 2 14 32 50 42 44 51 53 54 53 56 59 63 51 24 11 8 9 12 14 15 17 19 21 19 38 84 104 91 71 66 66 66 65 65 64 65 65 66 67 67 65 50 25 9 2 2 1 1 1 1 1 1 
1 1 1 1 1 1 1 1 1 1 1 1 1 1 1 1 1 1 1 1 1 1 1 1 1 1 1 1 1 1 1 1 1 1 2 2 1 1 2 2 16 41 54 53 54 60 59 58 62 68 67 72 70 39 14 11 9 11 12 15 18 19 21 21 31 76 119 107 78 75 75 77 78 79 79 80 80 85 84 84 82 66 36 12 2 2 1 1 1 1 1 1 
1 1 1 1 1 1 1 1 1 1 1 1 1 1 1 1 1 1 1 1 1 1 1 1 1 1 1 1 1 1 1 1 2 2 2 2 1 1 2 9 30 51 64 66 71 73 73 73 76 81 80 82 77 46 21 14 11 11 12 16 19 21 22 22 22 62 119 115 93 90 90 90 91 91 91 94 95 100 99 96 95 78 43 13 2 2 1 1 1 1 1 1 
1 1 1 1 1 1 1 1 1 1 1 1 1 1 1 1 1 1 1 1 1 1 1 1 1 1 1 1 1 1 1 1 2 2 2 1 1 1 2 7 32 78 86 90 85 84 87 89 89 90 90 92 85 64 50 23 7 11 12 15 19 21 22 24 27 60 115 121 103 101 102 100 100 99 98 98 97 101 104 103 100 88 49 17 3 3 1 1 1 1 1 1 
1 1 1 1 1 1 1 1 1 1 1 1 1 1 1 1 1 1 1 1 1 1 1 1 1 1 1 1 1 1 1 1 2 2 1 1 1 1 3 12 49 87 97 95 95 99 101 96 95 100 101 102 95 81 67 26 2 11 12 15 18 19 23 24 32 66 110 118 106 103 104 103 103 104 104 105 106 107 109 110 106 88 50 18 3 3 1 1 1 1 1 1 
1 1 1 1 1 1 1 1 1 1 1 1 1 1 1 1 1 1 1 1 1 1 1 1 1 1 1 1 1 1 1 1 1 2 1 1 1 2 5 31 76 93 105 104 103 107 108 106 103 106 108 108 103 93 75 35 6 11 14 15 17 19 23 26 31 55 103 120 108 107 107 106 106 104 106 104 104 106 107 108 106 87 50 19 4 3 1 1 1 1 1 1 
1 1 1 1 1 1 1 1 1 1 1 1 1 1 1 1 1 1 1 1 1 1 1 1 1 1 1 1 1 1 1 1 2 2 2 1 2 6 18 61 100 103 104 107 106 106 107 107 107 106 106 106 104 100 85 43 11 11 12 15 17 18 23 26 27 51 94 115 110 107 104 103 103 104 104 104 106 106 107 108 104 87 50 19 4 3 1 1 1 1 1 1 
1 1 1 1 1 1 1 1 1 1 1 1 1 1 1 1 1 1 1 1 1 1 1 1 1 1 1 1 1 1 1 1 2 3 4 5 12 30 56 86 102 102 104 106 107 108 107 106 107 107 104 103 103 102 88 52 17 11 12 15 16 19 23 26 24 40 85 111 108 104 103 102 103 103 102 103 107 107 107 108 103 86 49 19 4 3 2 2 1 1 1 1 
1 1 1 1 1 1 1 1 1 1 1 1 1 1 1 1 1 1 1 1 1 1 1 1 1 1 1 1 1 1 1 1 2 5 8 21 38 68 89 96 100 100 102 103 105 105 104 104 105 104 102 102 104 104 93 63 26 10 13 15 16 18 22 25 24 31 65 102 107 101 100 99 100 101 100 101 104 105 103 104 100 82 45 18 4 3 2 2 1 1 1 1 
1 1 1 1 1 1 1 1 1 1 1 1 1 1 1 1 1 1 1 1 1 1 1 1 1 1 1 1 1 1 1 1 3 5 10 36 65 93 100 99 98 101 102 103 104 104 104 104 103 103 102 101 103 104 95 66 31 10 13 15 16 18 21 24 25 23 44 88 102 96 96 95 96 96 98 98 99 100 100 100 95 79 42 16 3 3 1 1 1 1 1 1 
1 1 1 1 1 1 1 1 1 1 1 1 1 1 1 1 1 1 1 1 1 1 1 1 1 1 1 1 1 1 1 1 3 3 8 51 87 101 101 100 101 101 100 100 101 100 101 101 101 101 99 97 99 101 93 67 29 10 15 15 16 17 19 22 22 24 39 68 90 94 92 93 93 94 94 95 95 97 97 97 92 75 40 15 3 3 1 1 1 1 1 1 
1 1 1 1 1 1 1 1 1 1 1 1 1 1 1 1 1 1 1 1 1 1 1 1 1 1 1 1 1 1 1 1 2 3 7 40 84 103 102 102 100 100 99 99 97 96 97 97 96 96 96 94 95 94 82 54 17 12 10 14 16 17 19 21 21 22 38 67 88 90 89 89 90 90 92 92 92 94 95 94 88 71 38 14 3 2 1 2 1 1 1 1 
1 1 1 1 1 1 1 1 1 1 1 1 1 1 1 1 1 1 1 1 1 1 1 1 1 1 1 1 1 1 1 1 2 3 5 42 89 104 102 102 100 100 97 97 96 97 96 96 96 97 97 93 93 92 85 71 26 9 10 15 16 17 18 19 19 23 38 65 83 87 86 87 88 88 89 89 89 90 90 90 85 67 35 13 3 2 2 2 1 1 1 1 
1 1 1 1 1 1 1 1 1 1 1 1 1 1 1 1 1 1 1 1 1 1 1 1 1 1 1 1 1 1 1 1 2 3 5 42 85 102 97 98 97 97 97 96 96 97 97 96 95 96 95 92 91 90 88 74 38 10 11 15 16 17 18 19 19 22 38 64 79 81 82 84 85 86 88 88 88 86 87 87 82 65 32 11 2 2 2 2 1 1 1 1 
1 1 1 1 1 1 1 1 1 1 1 1 1 1 1 1 1 1 1 1 1 1 1 1 1 1 1 1 1 1 1 2 2 3 5 33 74 97 93 94 95 96 97 96 97 97 97 95 95 96 93 88 89 89 90 76 46 12 12 15 17 18 18 21 22 19 33 63 75 75 77 77 80 84 85 85 85 85 86 86 80 63 31 10 2 3 2 2 1 1 1 1 
1 1 1 1 1 1 1 1 1 1 1 1 1 1 1 1 1 1 1 1 1 1 1 1 1 1 1 1 1 1 2 2 4 5 6 25 67 96 95 90 93 95 96 96 95 94 94 94 94 95 90 85 85 86 89 78 42 11 14 15 17 18 19 21 24 26 34 58 74 74 74 75 78 80 81 81 82 85 86 86 79 61 30 9 2 2 3 3 1 1 1 1 
1 1 1 1 1 1 1 1 1 1 1 1 1 1 1 1 1 1 1 1 1 1 1 1 1 1 1 1 1 1 2 3 4 5 6 22 60 90 94 89 92 94 95 95 95 93 93 92 92 93 88 84 85 85 87 76 33 10 15 17 18 19 21 22 25 31 38 55 72 72 72 72 73 75 78 79 80 82 85 85 79 61 30 9 3 2 2 3 1 1 1 1 
1 1 1 1 1 1 1 1 1 1 1 1 1 1 1 1 1 1 1 1 1 1 1 1 1 1 1 1 1 1 2 2 3 5 6 17 50 83 89 89 89 90 90 89 90 88 88 87 87 89 87 82 81 82 81 71 26 10 15 17 18 21 22 23 24 29 37 54 68 71 68 71 71 72 73 75 78 80 82 82 78 60 30 8 2 2 2 2 1 1 1 1 
1 1 1 1 1 1 1 1 1 1 1 1 1 1 1 1 1 1 1 1 1 1 1 1 1 1 1 1 1 1 2 1 3 6 6 12 41 75 83 87 86 86 86 85 84 84 84 82 82 81 81 81 80 78 75 63 23 10 14 15 19 22 22 24 24 28 31 45 62 72 74 74 70 70 72 73 75 78 80 80 75 58 29 8 2 2 2 2 1 1 1 1 
1 1 1 1 1 1 1 1 1 1 1 1 1 1 1 1 1 1 1 1 1 1 1 1 1 1 1 1 1 1 2 1 2 4 5 9 39 71 82 86 82 81 82 82 80 80 81 80 80 78 78 79 79 67 50 30 17 12 12 13 20 24 23 24 25 26 28 25 45 73 85 78 70 70 70 72 74 75 78 79 71 50 23 7 2 2 2 2 1 1 1 1 
1 1 1 1 1 1 1 1 1 1 1 1 1 1 1 1 1 1 1 1 1 1 1 1 1 1 1 1 1 1 1 1 2 3 3 5 33 67 81 83 80 79 80 79 78 78 78 78 76 76 75 75 72 57 38 23 13 12 13 13 18 22 21 23 24 26 25 19 34 74 93 82 71 70 71 72 74 75 77 78 71 51 23 7 2 2 1 2 1 1 1 1 
1 1 1 1 1 1 1 1 1 1 1 1 1 1 1 1 1 1 1 1 1 1 1 1 1 1 1 1 1 1 2 2 2 3 3 4 32 70 79 80 78 77 75 75 74 74 73 73 73 75 75 72 62 41 24 17 12 12 13 13 16 19 19 23 24 25 24 22 30 61 89 88 73 71 72 73 74 73 77 75 70 51 24 9 2 2 1 1 0 1 1 1 
1 1 1 1 1 1 1 1 1 1 1 1 1 1 1 1 1 1 1 1 1 1 1 1 1 1 1 1 1 1 2 2 2 2 2 3 28 67 80 74 77 74 72 73 73 73 72 72 72 75 77 68 52 29 15 15 14 12 13 13 15 18 21 23 24 24 24 23 28 52 81 87 77 74 74 74 73 73 74 75 70 51 24 8 2 2 1 1 1 1 1 1 
1 1 1 1 1 1 1 1 1 1 1 1 1 1 1 1 1 1 1 1 1 1 1 1 1 1 1 2 1 1 2 2 2 1 2 2 24 61 78 70 78 74 73 73 73 73 72 72 71 73 73 61 37 18 10 13 11 12 12 12 15 18 21 23 23 23 22 23 23 35 64 82 81 76 73 73 74 74 72 73 70 51 25 8 1 1 1 1 1 1 1 1 
1 1 1 1 1 1 1 1 1 1 1 1 1 1 1 1 1 1 1 1 1 1 1 1 1 1 2 2 1 1 2 2 2 1 2 2 21 53 72 73 74 73 73 73 73 73 72 71 71 73 71 51 26 15 9 11 11 11 11 12 16 18 22 23 22 21 22 24 22 25 52 75 80 76 74 74 75 74 72 73 70 51 25 9 1 1 1 1 1 1 1 1 
1 1 1 1 1 1 1 1 1 1 1 1 1 1 1 1 1 1 1 1 1 1 1 1 1 1 2 2 1 1 2 2 2 1 1 2 12 43 70 72 72 72 73 73 73 73 72 71 71 72 68 47 24 13 8 9 10 10 11 14 17 18 21 22 22 22 22 24 24 25 33 63 81 78 75 77 78 76 74 74 71 52 24 8 1 1 1 1 0 0 1 1 
1 1 1 1 1 1 1 1 1 1 1 1 1 1 1 1 1 1 1 1 1 1 1 1 1 1 2 2 1 1 2 2 2 1 2 2 10 47 70 66 68 72 72 72 72 72 71 70 70 70 67 50 25 13 7 8 10 11 12 15 17 18 19 21 22 22 22 24 26 26 31 60 82 79 77 77 79 79 78 75 73 54 26 9 1 1 1 1 0 0 1 1 
1 1 1 1 1 1 1 1 1 1 1 1 1 1 1 1 1 1 1 1 1 1 1 1 1 1 2 1 1 2 2 2 2 2 2 4 29 59 70 70 70 70 70 68 68 67 67 66 66 70 65 41 17 8 5 7 9 11 12 16 18 19 19 19 20 20 21 23 25 25 40 64 81 81 79 79 79 80 80 82 77 54 26 11 2 1 1 1 0 0 1 1 
1 1 1 1 1 1 1 1 1 1 1 1 1 1 1 1 1 1 1 1 1 1 1 1 1 1 2 2 1 2 2 2 2 2 3 9 30 65 71 70 70 70 70 68 68 68 66 66 66 67 64 40 18 8 5 7 10 12 14 16 18 19 19 19 20 20 19 22 23 26 40 61 79 80 79 79 79 80 81 84 78 54 26 11 2 1 1 1 0 0 1 1 
1 1 1 1 1 1 1 1 1 1 1 1 1 1 1 1 1 1 1 1 1 1 1 1 1 1 2 2 2 2 2 2 2 2 4 10 37 68 72 68 70 70 70 70 70 68 66 66 66 70 65 43 21 9 5 5 5 9 11 17 18 19 20 20 19 19 19 21 22 27 45 63 75 79 80 80 80 81 84 87 79 54 26 10 3 2 0 1 1 1 1 1 
1 1 1 1 1 1 1 1 1 1 1 1 1 1 1 1 1 1 1 1 1 1 1 1 1 1 2 2 2 2 2 2 3 2 1 14 46 68 68 68 68 68 68 68 68 68 66 66 66 71 66 44 23 12 11 12 12 11 12 15 17 19 20 20 19 19 19 21 23 31 51 67 78 79 81 83 84 85 88 93 82 56 25 10 3 2 0 1 1 1 1 1 
1 1 1 1 1 1 1 1 1 1 1 1 1 1 1 1 1 1 1 1 1 1 1 1 1 1 1 1 1 1 1 1 3 1 2 18 52 68 67 67 67 67 67 67 67 67 67 66 66 72 67 47 25 14 14 21 26 19 16 16 16 18 19 19 19 19 20 24 25 36 58 71 80 81 82 84 87 88 88 88 79 54 23 8 3 2 0 1 1 1 0 0 
1 1 1 1 1 1 1 1 1 1 1 1 1 1 1 1 1 1 1 1 1 1 1 1 1 1 1 1 1 1 1 1 2 3 2 22 57 70 66 66 66 67 67 67 67 67 66 66 66 71 70 51 28 15 11 31 43 28 10 13 17 18 19 19 19 19 22 27 31 44 66 75 79 81 82 84 88 88 82 80 72 50 21 8 3 2 0 1 1 1 0 0 
1 1 1 1 1 1 1 1 1 1 1 1 1 1 1 1 1 1 1 1 1 1 1 1 1 1 1 1 1 1 1 1 1 3 4 28 64 70 67 67 67 67 68 68 67 67 67 67 67 71 71 57 30 12 14 22 40 47 15 16 17 18 18 19 21 21 22 29 38 50 72 79 79 80 80 81 82 80 76 75 66 42 17 6 2 1 0 1 0 0 0 0 
1 1 1 1 1 1 1 1 1 1 1 1 1 1 1 1 1 1 1 1 1 1 1 1 1 1 1 1 1 1 1 1 1 5 10 40 73 70 67 68 68 67 67 68 67 67 66 67 67 71 71 58 33 12 16 24 45 60 25 14 16 18 19 21 22 22 23 33 46 58 75 79 78 78 77 74 71 67 64 62 54 32 11 5 2 1 0 1 0 0 0 0 
1 1 1 1 1 1 1 1 1 1 1 1 1 1 1 1 1 1 1 1 1 1 1 1 1 1 2 2 2 3 2 2 2 5 18 61 78 69 68 67 67 67 67 66 66 66 67 67 67 71 69 60 27 15 19 25 57 100 86 33 12 17 18 20 23 22 24 31 57 75 78 76 74 71 66 61 59 54 47 45 40 23 8 3 2 1 0 0 0 1 1 1 
1 1 1 1 1 1 1 1 1 1 1 1 1 1 1 1 1 1 1 1 1 1 1 1 1 1 2 2 2 3 2 3 2 4 26 61 72 68 66 67 67 67 66 66 66 66 67 66 66 68 68 61 37 25 29 37 102 168 160 67 21 17 17 22 20 17 26 33 58 71 69 67 65 63 53 43 42 37 32 28 23 12 5 3 1 1 0 0 0 1 1 1 
1 1 1 1 1 1 1 1 1 1 1 1 1 1 1 1 1 1 1 1 1 1 1 1 1 1 3 3 3 3 3 3 3 1 29 64 70 66 65 67 67 67 66 66 67 67 67 66 66 67 65 64 54 42 42 52 94 135 141 67 25 17 17 22 18 9 33 45 60 63 58 55 52 46 39 30 26 22 23 21 14 9 4 2 1 1 0 0 0 1 1 1 
1 1 1 1 1 1 1 1 1 1 1 1 1 1 1 1 1 1 1 1 1 1 1 1 1 1 3 3 3 3 3 3 3 1 29 66 70 65 60 65 66 66 65 66 67 67 67 66 66 66 64 65 63 51 52 53 45 42 44 44 26 16 23 28 17 12 31 39 52 51 40 39 35 31 29 22 19 17 21 21 14 8 3 2 1 1 0 0 0 1 1 1 
1 1 1 1 1 1 1 1 1 1 1 1 1 1 1 1 1 1 1 1 1 1 1 1 1 1 3 3 3 3 4 3 3 3 32 66 68 65 60 63 67 66 65 66 66 65 65 65 65 65 64 66 68 63 71 71 45 22 15 14 12 17 22 24 19 22 29 36 45 38 29 25 23 24 23 19 18 16 19 19 15 6 2 1 1 1 0 1 1 1 1 1 
1 1 1 1 1 1 1 1 1 1 1 1 1 1 1 1 1 1 1 1 1 1 1 1 1 1 3 3 3 3 4 3 1 11 39 66 68 64 60 63 66 65 64 64 64 64 63 64 65 65 64 65 70 71 77 73 49 31 28 12 16 17 21 23 27 31 30 30 39 29 20 19 18 21 21 18 17 16 18 18 15 8 1 1 1 1 0 1 1 1 1 1 
1 1 1 1 1 1 1 1 1 1 1 1 1 1 1 1 1 1 1 1 1 1 1 1 1 2 3 3 3 3 4 3 2 15 43 68 61 59 59 60 63 60 60 60 60 60 60 60 60 61 61 64 67 68 75 65 39 28 24 17 16 17 17 31 44 51 30 26 32 25 18 17 18 19 19 18 17 17 17 17 16 8 1 1 0 0 0 0 0 1 1 1 
1 1 1 1 1 1 1 1 1 1 1 1 1 1 1 1 1 1 1 1 1 1 1 1 1 2 3 3 3 3 3 3 4 14 42 59 54 54 52 53 54 56 56 58 58 58 57 56 57 58 59 63 65 64 69 59 36 22 9 5 12 18 23 39 52 61 28 24 24 20 17 17 17 18 18 18 17 16 17 18 16 8 1 1 0 0 0 0 0 1 1 1 
1 1 1 1 1 1 1 1 1 1 1 1 1 1 1 1 1 1 1 1 1 1 1 1 1 2 3 3 3 3 3 3 5 11 35 47 46 46 47 49 47 46 45 45 44 44 44 44 44 45 45 45 47 48 49 53 66 67 45 52 54 52 51 45 36 28 25 23 19 18 16 16 17 18 17 16 16 15 17 17 15 8 2 1 0 0 0 0 0 1 1 1 
1 1 1 1 1 1 1 1 1 1 1 1 1 1 1 1 1 1 1 1 1 1 1 1 1 2 3 3 3 3 3 2 10 12 31 39 40 38 42 43 37 36 35 35 35 33 33 33 33 35 35 32 31 40 51 60 74 71 62 62 62 53 48 40 30 24 23 20 19 17 16 16 17 18 16 16 16 16 17 17 16 9 2 1 0 0 0 0 0 1 1 1 
1 1 1 1 1 1 1 1 1 1 1 1 1 1 1 1 1 1 1 1 1 1 1 1 1 2 3 3 3 2 2 2 12 18 30 32 31 31 30 30 30 31 30 30 30 30 30 30 30 30 31 32 33 42 53 63 71 68 69 68 65 52 38 29 21 18 19 18 18 17 15 15 15 16 16 16 16 17 17 18 17 10 1 1 0 0 0 0 0 1 1 1 
1 1 1 1 1 1 1 1 1 1 1 1 1 1 1 1 1 1 1 1 1 1 1 1 1 2 3 3 3 2 2 2 12 24 37 39 38 39 36 33 33 33 35 35 35 36 36 36 35 35 35 37 39 46 56 61 65 65 64 61 52 42 29 19 12 14 16 16 16 17 16 16 16 17 17 17 17 17 16 18 17 10 2 1 0 0 0 0 0 1 1 1 
1 1 1 1 1 1 1 1 1 1 1 1 1 1 1 1 1 1 1 1 1 1 1 1 1 2 3 3 3 2 2 2 11 28 47 51 50 50 46 45 46 49 49 50 52 52 52 52 51 50 49 50 50 54 59 64 66 63 60 52 40 31 23 17 14 15 17 16 16 16 17 17 16 17 16 16 16 16 16 17 17 10 2 1 1 1 0 0 0 1 1 1 
1 1 1 1 1 1 1 1 1 1 1 1 1 1 1 1 1 1 1 1 1 1 1 1 1 2 3 3 3 2 3 3 11 33 59 64 60 58 57 59 60 61 63 63 64 64 63 63 61 61 60 59 58 60 64 66 66 64 55 40 35 26 23 18 18 19 20 18 16 16 17 16 15 16 16 16 17 16 16 18 16 9 2 1 1 1 0 0 0 1 1 1 
1 1 1 1 1 1 1 1 1 1 1 1 1 1 1 1 1 1 1 1 1 1 1 1 1 2 3 3 2 2 2 4 10 38 67 68 67 65 65 67 67 67 66 65 65 65 64 64 64 64 64 63 61 61 65 66 66 61 51 37 30 23 21 17 18 20 17 16 16 16 17 16 15 16 16 16 16 16 16 17 16 9 2 1 1 1 0 0 1 1 1 1 
1 1 1 1 1 1 1 1 1 1 1 1 1 1 1 1 1 1 1 1 1 1 1 1 1 2 3 3 2 3 2 5 9 43 67 68 68 69 65 66 67 67 66 66 66 66 66 66 65 65 65 64 63 64 65 64 63 57 46 36 25 18 17 15 17 16 16 16 16 17 16 16 15 16 16 16 16 16 17 17 16 10 2 1 1 1 1 0 1 2 1 1 
1 1 1 1 1 1 1 1 1 1 1 1 1 1 1 1 1 1 1 1 1 1 1 1 1 1 2 2 3 3 2 7 11 39 66 68 69 69 66 66 67 66 66 66 66 66 66 66 65 65 64 63 63 63 65 61 57 47 36 23 16 16 16 14 16 17 16 16 17 17 16 15 16 16 16 16 16 16 16 16 16 9 2 1 1 1 0 0 1 2 1 1 
1 1 1 1 1 1 1 1 1 1 1 1 1 1 1 1 1 1 1 1 1 1 1 1 1 2 2 2 3 3 2 7 13 48 66 68 69 69 66 65 66 65 65 64 64 65 65 65 64 64 63 63 61 63 63 58 51 40 30 21 15 15 16 15 17 17 17 17 17 17 16 15 16 16 16 15 16 16 17 18 16 9 2 1 1 1 0 0 1 1 1 1 
1 1 1 1 1 1 1 1 1 1 1 1 1 1 1 1 1 1 1 1 1 1 1 1 1 1 2 2 3 3 2 7 22 58 65 70 68 68 66 65 65 64 64 63 63 64 65 65 64 64 61 61 61 61 60 56 47 34 23 17 16 16 17 17 15 15 17 17 16 16 16 16 16 16 16 15 16 17 18 19 15 8 2 1 1 1 0 0 1 1 1 1 
1 1 1 1 1 1 1 1 1 1 1 1 1 1 1 1 1 1 1 1 1 1 1 1 1 2 1 1 2 2 2 9 30 59 65 66 66 66 64 65 63 63 63 63 63 63 64 64 63 61 60 60 61 61 57 49 40 31 21 16 15 16 17 17 15 16 17 17 17 17 16 16 16 16 17 17 17 19 21 22 17 9 2 1 1 1 0 0 1 1 1 1 
1 1 1 1 1 1 1 1 1 1 1 1 1 1 1 1 1 1 1 1 1 1 1 1 1 2 2 2 2 1 2 9 33 59 63 64 64 64 64 63 61 61 60 60 60 61 63 63 61 60 60 60 61 59 53 46 37 27 17 15 15 15 17 17 17 17 16 16 16 18 17 16 17 18 17 17 18 21 22 22 18 11 4 1 0 1 0 0 1 1 1 1 
1 1 1 1 1 1 1 1 1 1 1 1 1 1 1 1 1 1 1 1 1 1 1 1 1 2 2 2 2 2 2 10 38 59 60 61 63 64 64 63 61 60 60 59 59 60 61 61 60 60 59 59 60 56 50 43 33 26 17 14 14 15 16 17 17 17 16 16 16 18 17 15 16 18 18 19 21 21 22 22 18 11 5 3 1 1 0 0 1 1 1 1 
1 1 1 1 1 1 1 1 1 1 2 2 1 1 1 1 1 1 1 1 1 1 1 1 1 2 2 2 2 2 4 12 39 57 59 60 60 61 63 60 59 59 58 57 57 58 59 59 58 58 58 58 59 53 47 39 30 24 17 15 15 15 16 16 16 16 16 16 16 17 17 16 17 18 18 19 22 23 23 22 17 11 5 3 1 1 0 0 1 1 1 1 
1 1 1 1 1 1 1 1 1 1 2 2 1 1 1 1 1 1 1 1 1 1 1 1 1 1 2 2 2 3 5 14 43 56 58 58 58 59 60 61 54 56 56 56 56 56 57 57 57 57 57 57 56 49 44 37 29 24 15 15 15 15 16 16 17 17 16 16 16 17 17 18 19 19 21 21 24 24 23 22 18 11 4 2 1 0 1 1 1 1 1 1 
1 1 1 1 1 1 1 1 1 1 1 1 1 1 1 1 1 1 1 1 1 1 1 1 1 1 2 2 3 3 6 15 52 56 57 57 58 58 59 60 52 54 54 54 54 54 56 56 56 56 57 54 53 47 40 33 27 23 15 15 14 14 16 16 17 17 16 16 17 17 18 21 22 22 23 24 23 23 21 21 17 9 3 1 1 1 1 1 1 1 1 1 
1 1 1 1 1 1 1 1 1 1 1 1 1 1 1 1 1 1 1 1 1 1 1 1 1 1 2 3 4 3 7 26 61 57 57 54 56 56 57 58 53 53 53 54 54 54 56 56 56 56 57 54 52 46 39 29 25 22 16 15 14 14 15 15 16 18 16 17 17 17 18 22 23 24 24 22 21 21 18 17 16 8 3 1 1 1 1 1 1 1 1 1 
1 1 1 1 1 1 1 1 1 1 1 1 1 1 1 1 1 1 1 1 1 1 1 1 1 2 3 3 4 6 10 32 58 58 56 54 54 54 54 56 53 53 53 53 53 53 54 54 54 54 57 52 50 45 37 28 22 19 17 17 16 15 15 15 16 18 16 16 17 18 21 24 24 24 23 22 21 19 18 17 16 7 2 1 1 1 1 1 1 1 1 1 
1 1 1 1 1 1 1 1 1 1 1 1 1 1 1 1 1 1 1 1 1 1 1 1 1 1 3 3 3 4 12 33 54 57 53 53 54 54 54 54 53 53 53 53 53 53 53 53 53 53 54 51 49 43 33 26 20 18 16 16 15 15 16 16 16 17 16 17 18 19 22 24 25 23 22 22 22 19 17 17 15 7 2 1 1 1 1 1 1 1 1 1 
1 1 1 1 1 1 1 1 1 1 1 1 1 1 1 1 1 1 1 1 1 1 1 1 1 1 2 2 3 2 11 37 55 57 53 52 54 53 54 54 53 52 52 52 52 52 53 53 53 53 53 51 49 43 32 25 19 17 17 16 16 16 16 16 18 18 18 17 18 21 24 26 25 25 24 23 22 21 17 17 12 8 2 2 1 1 1 1 1 1 1 1 
1 1 1 1 1 1 1 1 1 1 1 1 1 1 1 1 1 1 1 1 1 1 1 1 1 1 2 1 2 3 11 37 55 55 53 50 53 53 52 52 53 52 51 51 51 51 51 51 51 52 52 50 49 43 32 25 19 17 17 16 17 17 16 17 19 19 18 17 18 22 27 32 31 30 29 26 24 21 19 16 14 9 4 2 1 1 1 1 1 1 1 1 
1 1 1 1 1 1 1 1 1 1 1 1 1 1 1 1 1 1 1 1 1 1 1 1 1 1 2 2 3 3 13 43 54 54 50 47 51 51 51 51 51 50 50 50 50 50 50 50 50 51 51 50 49 43 33 26 19 16 17 16 16 17 16 17 19 20 19 17 19 24 32 40 40 38 35 33 28 24 22 18 16 10 4 2 1 1 1 1 1 1 1 1 
1 1 1 1 1 1 1 1 1 1 1 2 2 2 2 2 2 2 2 2 1 1 1 1 1 1 3 3 4 6 16 45 54 53 49 47 50 50 50 49 49 47 49 49 49 50 50 49 50 50 50 50 49 44 33 26 21 17 17 16 16 17 17 17 19 22 21 18 21 26 38 48 49 49 46 43 36 30 28 25 19 10 4 2 1 1 1 1 1 2 1 1 
2 2 1 1 2 2 2 2 2 2 2 2 2 2 2 2 2 2 2 1 1 1 1 1 2 2 3 3 4 7 14 38 54 51 50 49 49 50 50 49 47 46 47 49 50 50 50 50 50 50 49 51 50 44 35 28 22 18 17 17 16 17 17 17 18 22 19 18 22 29 39 49 51 51 51 52 46 37 32 32 24 12 4 3 1 1 1 2 2 2 2 2 
2 2 1 1 2 2 2 2 2 2 2 2 2 2 2 2 2 2 2 1 1 1 1 1 1 2 3 3 3 4 12 33 50 52 50 47 49 50 51 50 49 47 49 49 50 47 47 48 50 50 49 51 51 44 36 28 23 18 18 17 16 16 17 17 18 21 18 17 23 31 40 46 48 51 51 52 48 44 42 38 29 15 5 4 1 1 1 1 1 2 2 2 
2 2 1 1 2 2 2 2 2 2 2 2 2 2 2 2 2 2 2 1 1 1 1 1 1 2 2 2 3 2 12 36 53 52 50 49 49 52 52 51 51 51 51 50 49 45 46 48 51 51 50 53 53 46 37 29 23 18 17 16 16 16 18 19 19 22 17 17 24 33 38 43 49 50 50 50 50 50 47 45 36 18 5 3 1 1 1 1 1 2 2 2 
2 2 1 1 2 2 2 2 2 2 2 2 2 2 2 2 2 2 2 1 1 1 1 1 2 2 3 2 3 2 14 44 61 57 54 53 52 53 54 53 53 53 53 53 52 50 47 47 52 52 50 55 55 48 39 31 24 19 17 17 16 16 18 19 19 19 17 19 23 30 35 40 46 49 50 49 49 49 47 46 36 18 5 3 1 1 1 1 1 2 2 2 
3 2 1 1 2 2 2 2 2 2 2 2 2 2 2 2 2 2 2 1 1 1 1 1 2 2 3 3 4 3 14 45 68 64 61 61 61 59 60 59 59 59 59 60 59 57 53 52 57 57 55 59 59 52 40 31 24 19 17 17 16 16 18 18 18 18 18 22 24 28 32 36 41 44 45 46 45 44 45 41 31 16 4 2 1 1 0 1 1 1 1 1 
3 2 1 1 2 2 2 2 2 2 2 2 2 2 2 2 2 2 2 1 1 1 1 1 1 2 2 3 5 4 12 42 72 72 67 68 71 70 66 65 66 66 67 68 66 67 67 67 67 65 65 67 65 55 44 33 24 19 17 17 16 16 18 18 18 20 19 23 24 26 29 30 34 37 38 39 40 39 41 37 25 12 4 2 1 1 1 1 1 1 1 1 
2 2 1 1 2 2 2 2 2 2 2 2 2 2 2 2 2 2 2 1 1 1 1 1 1 2 2 2 4 3 12 38 72 80 72 72 76 74 72 71 72 73 73 73 72 74 78 78 75 72 72 73 67 58 45 33 27 22 17 17 16 16 17 17 17 20 19 21 23 26 26 26 26 28 29 31 34 37 38 34 24 13 5 3 3 2 1 1 0 0 1 1 
2 2 1 1 2 2 2 2 2 2 2 2 2 2 2 2 2 2 2 1 1 1 1 1 1 2 2 2 4 3 11 35 72 87 76 74 79 79 76 78 78 79 79 79 73 75 81 81 78 73 78 78 71 61 46 35 29 22 17 17 16 16 17 17 18 19 19 22 24 26 26 24 24 23 24 26 30 32 34 33 26 18 9 6 8 4 1 1 1 1 1 1 
1 2 1 2 2 2 2 2 2 2 2 2 2 2 2 2 2 2 2 1 2 2 2 2 2 2 2 3 5 4 12 47 77 82 76 75 80 81 79 80 79 79 78 79 75 78 79 79 79 74 75 76 71 61 46 35 28 21 17 17 16 16 17 17 18 18 19 22 24 28 26 25 23 22 22 23 25 27 29 30 32 31 22 17 15 12 7 3 1 1 0 0 
1 2 1 2 2 2 2 2 2 2 2 2 2 2 2 2 2 2 2 1 2 2 2 2 2 1 2 3 5 4 16 53 73 67 68 68 67 71 72 71 70 70 66 67 69 69 67 68 72 65 65 68 63 52 43 35 25 21 16 16 16 16 17 18 18 19 19 22 25 29 29 27 24 22 21 21 22 24 25 30 38 39 33 28 24 19 11 4 1 1 0 0 
1 2 2 2 2 2 2 2 2 2 2 2 2 2 2 2 2 2 2 1 2 2 2 2 2 2 2 2 5 4 14 40 54 53 53 53 51 53 56 54 53 53 51 52 53 53 53 56 57 51 51 54 51 40 35 29 23 19 16 17 17 16 17 18 19 19 19 22 25 29 31 29 25 23 22 22 19 22 26 33 38 40 37 33 30 25 15 6 3 1 1 1 
1 2 2 2 2 2 2 2 2 2 2 2 2 2 2 2 2 2 2 1 2 2 2 2 2 2 2 2 5 11 19 35 39 38 40 39 38 39 43 43 40 39 38 37 36 40 40 39 42 38 37 42 40 31 28 25 22 19 17 17 17 16 17 18 18 18 17 21 24 29 32 31 26 25 24 22 18 22 28 35 40 42 39 36 35 30 17 6 3 1 1 1 
1 2 2 2 2 2 2 2 2 2 2 2 2 2 2 2 2 2 2 1 2 2 2 2 2 2 2 2 3 15 25 30 29 25 29 29 28 26 31 31 32 31 28 26 24 29 29 28 30 28 28 30 31 26 25 23 21 19 17 17 16 16 18 18 16 16 18 21 24 29 31 30 26 25 24 22 20 24 28 37 42 42 40 38 37 32 19 6 3 2 1 1 
