3 2 2 2 2 3 2 2 2 2 2 2 2 3 3 3 3 3 3 3 3 4 4 2 4 5 5 7 7 5 4 4 4 4 7 7 4 3 3 2 2 3 3 3 3 3 5 5 9 21 32 36 36 36 33 33 32 32 32 31 32 32 32 32 32 33 35 36 36 36 35 35 36 33 32 30 26 26 23 21 19 19 21 19 19 19 19 22 22 24 24 24 25 25 25 25 25 25 25 25 25 25 24 23 22 22 22 22 22 21 21 22 21 21 21 22 22 22 21 21 21 21 21 21 21 21 19 19 19 19 19 19 19 19 19 19 19 18 18 18 18 19 19 21 21 21 19 19 19 19 19 19 19 19 19 19 19 19 19 19 19 19 19 19 19 19 19 20 20 22 22 22 22 22 23 23 23 23 22 21 24 32 
2 2 1 1 2 2 2 2 2 2 2 2 3 3 3 3 3 3 4 4 4 4 4 4 5 5 7 5 8 8 7 7 5 5 7 9 7 5 5 5 4 4 5 5 4 4 6 7 11 21 31 35 36 36 34 34 32 32 32 31 32 32 33 32 32 33 33 35 35 35 36 36 36 36 33 32 30 27 26 24 22 22 19 19 18 18 19 19 21 22 22 24 24 24 25 25 25 25 24 24 23 23 22 22 21 21 21 21 21 21 19 19 21 19 19 21 21 21 21 21 21 21 21 21 21 21 19 19 19 19 19 19 19 21 19 19 19 19 19 19 19 19 21 22 22 22 21 21 21 19 19 19 19 19 19 19 19 19 19 19 19 19 19 19 19 19 19 19 20 22 22 22 22 23 23 23 22 20 19 21 23 26 
2 2 1 1 2 2 1 2 2 2 2 2 3 3 3 4 4 4 4 5 5 5 7 7 8 8 9 12 16 16 12 10 11 12 11 11 8 5 5 8 4 4 8 8 4 4 5 8 12 22 31 35 36 36 34 34 32 32 32 31 32 32 33 33 33 32 32 33 35 35 36 36 37 35 33 32 32 30 29 27 23 22 21 19 18 18 19 19 18 18 21 22 22 22 23 23 23 23 22 22 22 22 21 21 21 21 21 21 19 19 19 19 19 19 19 19 19 21 21 21 21 21 21 21 21 21 19 19 19 19 19 19 21 21 22 21 21 21 21 21 21 21 22 23 23 22 21 21 21 19 19 19 19 19 19 19 19 19 19 19 19 19 19 19 19 19 19 19 20 22 22 22 23 23 23 23 20 19 21 21 21 19 
2 2 2 2 2 2 1 2 2 2 3 3 2 4 4 5 6 6 9 11 13 13 18 22 19 21 32 51 57 41 25 16 14 16 20 20 20 16 9 12 18 19 19 21 15 7 8 10 14 21 30 32 34 36 36 34 33 32 32 32 32 32 33 35 35 32 32 33 33 35 35 36 37 35 33 32 32 31 30 29 26 25 23 22 19 19 19 19 19 19 19 20 20 20 19 19 19 19 20 22 22 22 22 22 21 21 19 19 19 18 18 18 18 18 19 19 19 21 19 19 19 21 21 21 21 21 21 19 21 21 21 21 21 22 22 21 21 21 21 21 21 21 22 22 22 21 21 21 19 19 19 19 19 19 21 21 21 21 19 19 19 19 19 19 19 19 18 18 19 19 20 22 22 22 23 23 23 23 21 19 17 11 
2 2 2 2 2 2 1 1 1 2 3 4 4 7 7 9 10 15 18 19 24 27 32 40 36 37 58 85 94 71 44 31 22 18 23 25 26 22 17 24 29 30 32 33 28 15 10 12 15 21 29 31 34 37 36 36 33 32 32 32 33 33 32 32 32 32 32 32 32 33 33 35 36 35 32 32 31 32 33 31 30 29 25 23 22 22 21 19 20 19 19 19 19 20 19 18 18 18 19 19 20 22 20 22 21 21 19 19 18 17 18 18 18 18 18 19 19 19 19 19 19 21 21 21 21 21 21 21 21 21 21 21 22 22 22 21 21 21 21 21 21 21 22 22 22 21 21 21 19 19 19 19 19 19 21 21 21 21 19 19 19 19 19 19 19 19 18 18 19 19 20 20 20 22 23 23 23 23 19 19 16 10 
3 2 2 2 1 1 2 2 2 3 4 5 9 10 11 15 14 16 18 21 28 39 46 54 56 58 75 101 116 109 100 90 78 64 52 49 47 38 32 35 38 44 43 37 28 18 15 16 17 21 26 30 33 36 37 36 33 32 32 32 33 32 32 31 33 35 34 34 33 32 33 33 33 32 33 33 33 36 36 33 33 31 29 25 24 23 23 22 20 19 19 19 18 19 18 17 17 17 17 19 19 21 20 22 21 19 19 19 18 17 17 18 18 18 19 21 21 21 19 19 19 21 21 21 21 21 21 21 21 21 21 21 22 22 22 21 21 21 21 21 21 21 22 22 22 21 21 21 19 19 19 19 19 19 21 21 21 21 19 19 19 19 19 19 19 19 18 18 19 19 20 20 20 22 22 23 23 22 19 21 17 9 
3 2 2 2 1 2 2 5 8 10 10 11 18 29 30 39 42 46 47 49 53 64 79 88 90 95 116 143 163 169 175 178 167 149 127 121 116 95 74 70 71 66 57 44 26 15 11 22 24 22 28 31 33 37 37 37 35 33 32 32 33 32 32 32 33 33 34 33 32 32 32 32 32 32 33 33 33 36 36 33 35 35 32 30 28 24 23 23 22 20 19 19 18 19 18 18 18 18 17 19 19 19 20 20 21 19 19 18 18 18 18 18 18 19 19 19 19 19 19 19 19 21 21 21 21 21 21 21 21 21 21 21 22 22 22 21 21 21 21 21 21 21 22 22 22 21 21 21 19 19 19 19 19 19 21 21 21 21 19 19 19 19 19 19 19 19 18 18 19 19 20 20 20 20 22 22 22 22 21 21 17 9 
2 2 1 2 1 1 7 12 16 16 22 38 64 87 80 100 110 118 121 125 128 129 137 143 139 151 186 211 226 226 229 241 243 230 212 206 196 179 164 159 156 135 108 81 50 28 16 24 31 31 35 35 37 38 37 36 36 34 33 33 33 33 34 34 33 33 32 33 32 32 32 32 32 32 32 32 34 36 35 33 35 35 34 34 32 29 28 25 24 22 19 19 19 19 20 20 20 20 19 19 18 19 20 20 20 20 20 19 19 19 18 18 18 19 19 21 19 19 19 19 19 21 21 21 21 21 21 21 21 21 21 21 22 22 22 21 21 21 21 21 21 21 22 22 22 21 21 21 19 19 19 19 19 19 21 21 21 21 19 19 19 19 19 19 19 19 19 18 20 20 20 20 20 22 22 22 22 22 21 21 16 9 
2 2 1 2 1 1 8 16 19 35 57 90 131 163 157 180 193 201 205 205 203 203 201 200 199 214 237 245 249 247 248 253 254 253 250 247 245 241 241 241 233 210 179 143 103 77 49 49 56 52 56 52 47 43 38 38 37 36 34 34 33 33 34 36 35 33 33 33 33 33 32 32 31 31 32 32 34 36 33 33 35 35 34 34 32 32 32 31 29 26 24 22 20 20 20 20 20 20 19 19 19 21 20 20 20 20 20 19 19 19 18 18 18 19 18 19 19 19 19 19 19 21 21 21 21 21 21 21 21 21 21 21 22 22 22 21 21 21 21 21 21 21 22 22 22 21 21 21 19 19 19 19 19 19 21 21 21 21 19 19 19 19 19 19 19 19 19 18 20 20 20 20 20 22 22 22 22 22 21 21 16 9 
2 2 1 1 1 1 9 15 33 57 90 145 195 221 217 230 238 247 249 245 241 241 243 243 247 250 251 250 250 249 249 249 248 249 250 251 251 252 252 252 251 247 236 207 178 156 124 118 116 101 100 86 68 56 39 40 37 35 34 34 33 33 33 33 33 33 33 33 33 33 32 32 33 32 32 32 34 36 34 34 35 35 33 33 32 32 32 32 32 30 29 26 23 21 21 19 19 18 18 19 19 19 19 19 20 19 19 19 19 19 19 19 19 20 19 20 20 20 19 19 19 21 21 21 22 22 22 22 22 22 22 22 23 23 22 21 21 21 21 21 21 21 22 22 22 21 21 21 19 19 19 19 19 19 21 21 21 21 19 19 19 19 19 19 19 19 20 20 20 20 20 20 20 20 22 22 22 22 21 21 16 9 
2 2 1 1 1 1 1 4 20 58 106 167 217 235 237 244 249 249 250 249 249 249 251 252 252 250 250 250 250 250 251 249 247 247 247 247 247 248 248 249 249 249 248 242 228 216 196 193 187 165 150 118 87 68 49 43 38 36 34 34 33 33 33 33 33 33 33 33 33 33 33 32 33 33 33 32 34 36 34 34 35 35 32 33 33 33 32 32 32 31 31 30 26 24 22 21 21 18 18 18 18 19 19 19 20 19 19 19 19 19 19 19 20 20 20 20 20 20 19 19 19 21 21 21 23 23 22 22 23 23 23 22 23 23 22 21 21 21 21 21 21 21 21 21 21 21 21 21 21 21 21 21 21 21 21 21 21 21 19 19 19 19 19 19 19 19 20 20 20 20 20 20 20 22 22 22 22 22 21 21 16 9 
2 2 1 1 0 0 5 15 33 69 122 185 224 240 249 251 251 251 251 251 249 248 248 249 250 251 250 247 244 244 237 229 224 227 228 236 244 245 247 248 248 248 248 251 251 250 248 246 236 213 178 135 95 70 57 44 37 35 35 35 34 34 33 33 33 32 32 32 32 33 32 33 33 32 33 33 33 35 33 33 33 33 33 33 33 33 33 33 34 34 33 31 29 26 24 23 23 20 18 18 18 18 19 20 20 19 19 19 19 18 19 19 20 19 20 20 20 20 19 19 21 19 19 19 21 22 23 23 23 23 22 22 22 23 21 21 21 21 21 21 21 21 21 22 22 21 21 21 19 19 20 22 22 22 22 22 23 22 22 22 20 20 20 20 20 20 20 20 19 19 19 19 19 21 21 19 19 19 19 19 16 9 
2 2 1 1 1 3 16 30 57 110 172 221 245 251 252 252 251 250 251 250 249 248 249 251 251 251 249 238 226 214 195 178 172 174 178 198 219 226 238 247 247 246 247 250 251 252 252 252 251 238 203 152 101 68 57 45 37 35 35 35 34 34 33 33 33 33 33 33 33 33 33 33 33 32 33 33 33 33 33 33 33 33 32 32 32 32 33 32 33 34 33 32 30 29 26 25 25 20 18 18 18 18 19 20 20 19 19 19 19 19 19 19 20 20 20 20 19 19 18 19 21 19 19 19 21 22 23 23 23 23 22 22 22 22 21 21 21 21 21 21 21 21 21 21 21 21 21 21 19 19 20 20 22 22 22 22 23 22 22 22 20 20 20 20 20 20 20 20 19 19 19 19 19 21 21 19 19 19 19 19 16 9 
2 2 1 1 8 22 56 82 130 186 227 248 252 252 249 249 249 249 250 249 249 250 249 249 248 246 238 215 187 163 139 127 125 127 132 153 176 193 214 230 235 237 240 242 245 248 249 248 247 243 229 188 132 87 61 45 36 35 35 35 33 33 34 34 33 33 33 33 33 33 33 33 33 33 33 33 34 34 33 33 33 33 32 32 32 32 33 33 33 33 33 33 33 33 30 28 25 23 21 21 20 20 19 20 20 20 19 19 19 19 20 20 20 20 20 20 19 19 19 20 21 19 19 19 22 23 23 23 23 23 22 22 22 22 22 22 21 21 19 19 19 19 21 19 19 19 19 19 19 19 20 20 20 22 22 22 22 22 22 22 22 22 22 22 22 22 20 20 19 19 19 19 19 21 21 19 19 19 19 19 16 9 
2 1 0 1 15 44 106 159 210 240 250 250 250 248 244 243 245 247 247 248 247 244 242 238 231 226 208 178 145 120 99 90 90 92 97 113 129 144 166 185 194 196 195 198 214 233 241 242 241 241 244 229 187 132 84 50 37 36 36 35 33 33 34 34 33 33 33 33 33 33 33 33 33 33 33 33 34 34 33 33 33 33 32 32 32 32 33 33 33 33 35 35 36 34 33 31 29 28 24 23 23 23 22 22 20 20 19 19 19 20 19 20 20 20 20 20 20 19 20 20 21 21 19 19 22 23 23 23 23 23 22 22 22 22 22 22 21 21 19 19 19 19 19 19 19 19 19 19 19 19 20 20 20 20 22 22 22 22 22 22 22 22 22 22 22 22 22 20 19 19 19 19 19 21 21 19 19 19 19 19 16 9 
1 1 0 2 23 70 151 213 244 253 251 247 243 241 236 233 231 231 231 229 222 215 210 205 189 182 163 131 104 87 71 64 61 61 65 74 85 93 110 123 128 128 124 132 160 190 212 223 230 234 237 237 222 180 117 64 43 38 37 35 33 33 34 34 35 35 35 35 35 35 35 33 33 33 33 33 33 33 33 33 33 33 33 33 33 33 32 32 32 32 35 35 35 35 33 33 32 31 29 28 25 24 23 22 20 20 19 20 20 20 19 20 20 20 20 20 20 20 21 21 22 22 19 21 21 22 22 22 22 22 21 21 22 22 21 19 19 19 19 19 19 19 19 19 19 19 19 19 19 19 20 20 20 20 22 22 22 22 23 23 23 23 23 23 23 23 22 20 20 20 20 20 20 22 22 20 20 20 19 19 16 9 
1 1 0 5 26 77 166 229 248 252 250 242 233 227 221 214 206 203 199 184 170 158 150 142 127 120 105 86 72 65 54 47 46 46 47 52 59 61 70 73 75 75 75 82 103 132 157 178 197 206 210 223 233 215 157 95 55 41 38 36 35 35 36 36 35 35 35 35 35 35 35 33 33 33 33 33 33 33 33 33 33 33 33 33 33 33 32 32 32 32 33 33 33 35 33 33 33 33 32 31 29 26 25 24 23 22 20 22 22 22 20 22 22 22 22 22 22 22 21 21 22 22 21 21 22 22 22 22 22 22 21 21 20 20 19 19 19 18 18 18 18 18 18 18 18 18 18 18 18 18 19 20 20 20 20 22 22 23 23 23 23 23 23 23 23 23 22 20 20 20 20 20 20 22 20 20 20 20 19 18 16 9 
1 1 0 8 28 78 169 229 245 248 245 229 218 210 198 188 178 169 156 130 110 97 92 86 77 71 63 52 47 44 39 36 35 36 37 39 42 43 45 49 51 52 54 57 64 82 103 124 145 158 175 199 221 226 192 139 87 64 50 39 37 36 35 35 35 35 35 35 35 35 35 33 33 33 33 33 33 33 33 33 33 33 33 33 33 33 32 32 32 32 32 32 34 34 32 32 32 33 32 32 30 30 28 26 24 23 22 22 23 22 22 22 21 21 22 22 21 22 22 22 22 22 22 22 22 22 22 22 22 21 21 21 22 20 19 19 18 18 18 18 18 18 18 18 18 18 18 18 18 18 19 19 20 20 20 20 22 23 23 23 23 24 23 23 23 23 22 20 20 20 20 22 20 20 20 20 20 20 19 19 16 9 
1 1 0 11 36 94 187 234 242 241 227 200 186 176 163 153 143 127 109 84 65 57 54 51 46 44 40 35 30 28 28 28 28 30 31 31 32 35 36 38 39 40 40 43 45 56 71 86 103 117 139 164 191 212 208 182 138 99 63 42 39 37 36 36 36 35 35 35 35 35 35 35 35 35 33 33 33 33 33 33 33 33 33 33 33 33 32 32 32 32 31 31 34 34 32 32 32 33 32 32 32 32 31 30 29 28 26 24 24 24 23 23 22 21 23 23 22 22 23 23 23 23 22 22 21 21 21 21 21 21 19 21 22 20 19 19 19 18 18 18 18 18 18 18 18 18 18 18 18 18 19 19 20 20 20 20 20 23 23 23 24 23 23 23 23 23 22 20 20 20 22 20 22 22 20 20 20 20 19 19 17 10 
1 0 1 18 57 131 206 229 227 216 189 158 139 130 120 111 101 84 66 50 38 33 32 29 25 25 22 21 20 19 20 23 25 27 30 30 29 30 30 30 30 28 30 35 37 43 54 63 75 88 109 130 155 182 208 205 172 120 67 45 40 38 36 36 36 35 35 35 35 35 35 35 35 35 35 35 35 35 35 35 35 35 34 34 34 34 34 34 34 34 32 32 32 32 32 32 32 33 34 34 33 33 33 32 33 31 26 25 25 25 24 24 23 24 23 22 22 22 22 22 24 24 23 23 23 22 21 19 21 21 19 21 22 20 20 20 19 19 19 19 19 19 19 19 19 19 19 19 19 18 19 18 18 19 19 19 19 21 22 22 23 23 23 23 22 21 21 18 20 20 20 22 22 22 22 22 22 22 21 21 17 10 
1 1 5 31 88 163 205 212 204 180 148 118 100 89 82 74 66 51 39 32 26 22 18 16 15 14 12 12 15 16 17 19 22 24 25 25 24 24 25 25 25 24 26 31 31 36 42 46 56 65 81 101 124 151 187 200 179 143 88 50 44 40 37 35 35 35 35 35 35 35 35 35 35 35 35 35 35 35 35 35 35 35 34 34 34 34 34 34 34 34 32 32 33 32 32 32 32 32 33 34 33 33 35 33 33 33 30 28 28 24 23 24 23 23 23 23 23 23 23 23 24 24 23 22 22 22 19 18 19 19 19 19 20 20 20 20 19 19 19 19 19 19 19 19 19 19 19 19 19 19 18 18 18 19 19 19 19 21 22 22 23 23 23 23 22 21 19 18 20 20 20 22 22 22 22 22 22 22 21 21 17 10 
2 4 10 51 127 187 208 199 179 152 120 92 75 63 57 54 46 36 30 29 24 18 14 12 12 11 10 9 11 14 15 17 19 21 21 21 21 23 23 23 25 25 26 29 28 29 33 38 43 47 59 79 102 129 162 180 178 169 125 73 51 43 38 35 35 35 35 35 36 36 35 35 35 35 35 35 35 35 35 35 35 35 33 33 34 34 33 33 33 33 33 33 33 32 32 32 32 32 32 33 34 36 35 35 35 36 36 33 31 27 27 27 24 24 24 23 23 23 23 23 23 22 22 22 22 20 19 19 19 19 19 19 20 20 20 20 19 19 19 19 19 19 19 19 19 19 19 19 19 19 18 19 19 19 19 19 19 21 21 22 23 23 23 23 21 21 19 18 20 20 20 22 22 22 22 22 22 22 21 21 17 10 
5 8 17 75 155 200 208 185 159 132 100 75 59 49 45 42 35 31 29 25 21 15 11 10 10 10 8 7 8 11 14 15 16 18 19 19 19 19 22 23 25 26 25 25 25 25 30 35 39 39 46 63 87 109 134 167 196 201 164 106 63 43 38 37 36 35 35 35 36 36 35 35 35 35 35 35 35 35 35 35 35 35 33 33 34 34 33 33 33 33 33 32 32 32 32 32 32 32 32 32 33 34 33 33 35 35 36 36 34 31 31 30 25 25 25 23 23 24 23 23 23 22 22 22 22 20 19 19 19 19 19 19 20 20 20 20 19 19 19 19 19 19 19 19 19 19 19 19 19 19 18 19 19 19 19 19 19 19 21 22 23 23 23 22 21 21 19 18 20 20 20 22 23 23 23 23 23 23 21 22 18 10 
5 11 37 102 173 203 200 173 141 106 75 57 49 43 37 32 30 29 25 22 15 10 8 8 7 7 7 5 7 9 9 10 12 15 18 18 16 18 22 25 26 26 26 25 23 25 30 33 36 38 44 52 66 82 114 162 207 223 194 139 86 50 38 38 37 36 35 35 35 35 36 36 36 36 35 35 35 35 35 35 35 35 33 33 34 34 33 33 33 33 33 33 33 32 32 32 32 32 32 32 32 32 33 33 35 33 34 37 36 34 32 31 29 28 27 26 24 24 23 23 23 23 23 22 22 20 19 19 19 19 19 19 20 20 20 20 19 19 19 19 19 19 19 19 19 19 19 19 19 19 21 21 21 21 21 21 21 21 21 22 23 23 23 22 21 19 18 18 20 20 20 23 23 23 23 23 23 23 23 22 17 9 
0 7 44 117 184 202 186 157 116 81 58 46 42 36 30 26 30 25 19 17 12 10 8 7 5 4 5 5 7 7 8 8 9 11 15 13 11 15 21 25 29 29 27 25 22 22 26 30 33 36 40 45 53 67 96 144 196 229 217 175 121 72 47 40 38 36 35 35 35 35 36 36 36 36 35 35 35 35 35 35 35 35 33 33 34 34 33 33 33 33 33 33 33 31 32 32 32 32 32 32 32 32 32 32 33 33 34 37 36 36 33 33 33 31 31 27 25 24 24 24 24 24 23 22 20 20 19 19 19 19 19 19 20 20 20 20 19 19 19 19 19 19 19 21 21 21 21 21 21 21 21 21 21 21 21 21 21 21 21 22 24 22 22 23 21 19 18 18 20 20 22 22 23 23 23 23 23 23 23 22 17 9 
0 8 45 127 184 186 165 134 93 66 49 37 31 26 24 25 26 23 17 15 14 11 9 8 7 5 7 8 8 8 8 8 10 11 11 10 11 15 19 25 30 29 27 24 22 20 23 27 29 30 34 38 46 58 79 122 180 224 231 203 156 100 59 44 39 36 35 35 36 37 37 36 36 36 36 36 36 36 35 35 35 35 33 33 33 33 33 33 33 33 32 32 32 31 32 32 32 32 32 32 32 32 31 31 33 33 33 36 34 34 33 33 33 32 32 30 30 29 26 26 24 23 21 19 19 19 19 19 19 19 18 18 18 19 19 19 19 19 19 19 19 19 19 21 21 21 21 21 21 22 22 22 22 21 21 21 21 21 22 23 23 23 24 23 20 19 18 18 19 19 19 21 24 24 23 24 24 24 23 22 18 9 
5 22 74 144 174 166 144 115 76 53 39 25 19 17 18 22 22 19 17 16 15 14 12 11 10 10 9 8 8 8 8 8 10 11 11 11 12 14 18 24 28 26 26 24 22 20 22 25 25 28 31 33 39 48 65 103 164 214 237 224 182 122 68 46 39 38 36 35 36 37 37 36 36 36 36 36 36 36 35 35 35 35 33 33 33 33 33 33 33 33 32 32 32 32 32 32 32 32 32 32 31 31 31 31 32 33 33 34 34 34 35 35 35 35 35 33 33 32 30 28 25 23 21 19 19 19 19 19 19 19 18 18 18 19 19 19 19 19 19 19 19 21 21 21 21 21 21 21 21 22 21 22 22 21 21 21 21 22 22 22 23 24 24 22 20 19 18 18 19 19 21 22 24 24 24 24 24 23 23 23 18 9 
1 32 96 149 160 142 118 90 57 38 29 18 16 15 15 17 18 17 16 16 15 14 14 14 14 12 11 9 9 10 8 8 9 11 13 15 13 16 19 24 26 26 25 24 21 21 22 24 25 26 28 30 36 44 53 80 135 193 229 233 198 141 82 49 39 38 36 36 36 36 36 37 36 36 36 36 35 35 36 34 36 36 34 34 34 36 33 33 32 32 32 32 32 32 32 32 32 32 32 32 32 32 32 31 31 31 32 33 34 34 36 36 36 36 35 35 34 34 33 30 25 23 21 19 19 19 19 19 18 18 18 18 19 20 19 19 19 19 19 19 19 21 21 21 21 21 21 21 21 21 21 21 22 22 21 21 21 21 21 22 22 22 22 22 19 20 18 18 19 21 21 23 24 24 24 24 22 22 23 22 17 9 
11 61 122 146 139 121 93 68 44 30 23 15 15 15 14 15 16 15 14 14 14 14 15 15 16 14 12 11 11 11 11 10 10 12 15 16 15 16 18 22 22 23 23 23 19 19 21 24 25 26 25 28 35 40 45 61 107 166 214 227 196 143 87 50 39 38 36 36 36 36 37 37 36 36 36 36 35 35 36 34 36 36 34 34 34 36 33 33 32 32 32 32 32 31 32 32 32 32 32 32 32 32 32 31 31 31 32 33 33 33 33 34 34 34 33 33 34 34 33 31 28 25 23 22 22 20 19 18 18 18 18 17 19 19 19 19 19 19 19 19 19 21 21 19 21 22 22 21 21 19 21 21 22 22 21 22 22 22 23 23 22 23 22 22 20 20 18 18 19 21 22 23 24 24 24 24 22 22 23 22 17 8 
25 86 134 138 123 106 73 53 38 25 18 14 12 13 11 11 11 11 12 12 12 14 14 15 18 18 16 15 15 15 14 12 13 15 15 15 16 17 18 18 18 18 20 20 19 19 21 24 29 27 26 29 31 36 39 50 79 134 189 215 196 150 94 52 39 38 38 37 36 36 37 36 36 36 35 35 35 35 36 36 36 36 36 36 36 36 33 33 32 32 32 32 32 31 33 33 33 33 33 33 32 32 32 31 31 31 31 31 32 32 32 33 33 33 34 34 33 35 33 32 32 30 26 26 23 21 19 17 19 20 20 18 17 18 18 18 18 18 18 18 18 19 19 19 21 23 23 22 22 22 21 22 22 22 23 23 24 25 24 24 24 24 23 22 19 19 18 18 19 21 21 23 24 24 25 24 23 23 23 23 17 9 
35 95 134 131 110 87 57 42 31 22 17 14 12 11 9 8 9 9 10 10 9 9 11 12 16 18 17 16 15 15 15 16 17 17 17 17 17 18 19 19 17 16 17 16 15 15 16 23 30 29 26 27 29 32 38 46 63 104 160 203 201 162 108 61 43 39 38 36 36 36 37 37 37 36 35 35 35 35 36 36 36 36 36 36 36 36 33 33 33 33 33 33 33 33 34 33 33 33 33 34 33 33 32 32 32 32 31 31 32 32 32 32 32 33 33 33 33 35 33 33 34 32 30 29 25 23 21 19 20 22 22 19 18 18 18 18 18 18 18 18 18 18 19 19 22 22 23 23 22 22 21 22 22 24 25 25 26 27 25 25 25 24 24 22 19 18 18 18 19 21 21 23 23 24 25 25 23 23 24 23 18 10 
37 89 121 117 95 72 45 33 25 19 16 12 10 8 8 8 8 6 6 8 7 7 9 11 14 15 16 15 15 17 17 18 20 20 20 20 19 20 22 20 19 17 16 12 12 12 12 22 29 29 25 25 28 31 35 43 54 80 135 192 206 171 120 72 45 39 37 36 36 36 36 37 37 36 36 37 36 36 36 36 36 36 36 36 36 36 35 33 33 33 33 33 33 33 34 34 33 33 33 34 34 34 32 32 32 32 31 31 31 31 32 32 32 33 33 33 33 35 35 33 34 34 34 31 29 25 22 21 19 23 22 19 19 19 18 18 18 18 19 19 18 18 19 22 22 22 23 23 23 22 23 23 25 26 27 27 29 29 28 26 26 26 24 22 19 18 18 19 19 21 21 22 24 24 24 24 23 23 23 23 18 10 
36 81 108 106 87 64 39 29 22 18 16 14 10 8 8 6 5 5 4 5 4 7 8 10 11 12 14 14 15 16 17 19 20 22 22 23 24 24 23 22 19 18 16 12 11 12 14 19 29 30 25 24 26 29 31 38 47 68 118 181 203 173 118 71 44 38 37 36 35 35 36 36 37 37 37 36 36 36 36 36 36 36 36 36 36 36 35 33 33 33 33 33 33 33 34 34 33 33 33 34 33 33 32 31 31 31 32 32 32 32 33 32 32 32 32 32 32 33 35 35 36 36 36 34 32 29 25 24 23 22 21 21 19 19 19 19 19 19 19 19 19 19 19 19 22 22 22 22 22 23 23 23 25 26 27 29 30 30 29 28 28 28 25 22 19 19 18 19 19 21 21 23 24 24 24 23 23 23 23 23 18 10 
32 78 113 111 87 63 37 26 21 17 15 12 10 8 7 5 5 5 5 6 6 8 9 10 9 10 12 14 14 15 17 18 19 21 22 23 24 23 22 21 19 18 17 14 11 11 14 19 27 29 25 25 26 28 29 32 40 60 107 167 198 178 122 68 42 36 37 36 36 36 37 37 38 37 37 37 36 36 36 36 36 36 36 36 36 36 35 35 35 35 35 35 33 33 34 34 33 33 33 34 33 33 32 32 32 32 32 32 32 32 32 31 31 30 30 30 31 32 33 33 36 34 34 34 33 31 28 26 25 23 21 19 19 19 21 19 19 19 19 19 18 18 18 19 21 21 21 22 22 22 23 23 24 25 26 28 29 29 30 29 28 26 25 22 19 18 18 19 19 21 23 24 24 24 24 23 23 23 24 23 18 9 
29 74 115 116 89 61 37 26 21 17 14 11 9 7 5 5 6 6 8 8 8 9 9 9 8 9 10 11 12 15 16 17 17 19 21 22 22 22 21 21 21 21 18 15 12 11 14 19 26 29 26 26 28 29 30 32 37 52 90 146 184 172 115 65 40 36 36 36 36 36 37 37 38 37 37 37 36 36 36 36 37 37 36 36 36 36 35 35 35 35 35 35 35 35 34 34 34 34 34 34 34 34 32 32 32 32 32 32 32 32 32 31 31 30 30 29 30 31 32 32 34 34 33 34 34 32 30 28 25 24 23 21 21 21 21 21 21 21 19 18 18 18 18 19 19 19 21 22 22 22 22 23 24 25 26 29 29 30 29 29 28 26 24 22 19 18 18 19 21 22 23 23 24 24 23 23 23 23 23 23 17 9 
24 71 109 124 103 63 37 25 21 18 15 11 8 7 5 5 5 7 7 7 9 10 9 9 9 9 8 9 10 12 14 14 15 17 18 19 19 19 21 21 21 21 18 15 11 11 16 20 24 25 26 29 30 30 31 33 36 45 77 129 169 151 102 64 40 36 37 36 36 37 37 37 37 37 36 35 35 36 36 35 35 35 36 36 35 35 35 33 33 35 36 36 36 36 35 33 33 33 33 33 33 33 33 33 33 33 33 33 33 33 33 33 32 32 32 31 30 30 31 31 33 33 33 33 33 32 31 31 30 29 27 25 24 24 23 22 21 21 21 19 18 18 19 19 19 21 22 22 23 23 24 24 25 26 28 29 29 29 28 29 28 25 24 22 18 17 18 21 22 22 23 23 23 24 24 23 23 23 23 22 17 9 
17 65 120 148 125 75 38 24 21 19 15 11 8 5 5 7 8 8 9 8 9 10 10 9 9 9 7 7 8 10 11 12 14 15 17 18 18 19 19 21 19 19 18 17 14 14 17 22 24 24 26 27 30 31 33 35 32 39 66 113 146 129 90 60 40 37 37 36 36 37 38 38 38 38 36 35 36 36 36 36 35 35 37 36 35 35 35 33 33 35 36 36 36 36 35 33 33 33 33 33 33 33 33 33 33 33 34 33 33 33 33 33 32 32 32 32 31 31 30 30 31 32 32 31 32 31 31 32 32 32 31 30 29 27 25 24 23 22 22 19 18 18 18 18 18 21 22 22 22 23 23 24 25 26 28 29 29 29 28 29 28 26 25 22 19 18 19 19 21 22 22 23 23 24 23 23 22 22 23 22 17 9 
12 59 121 153 128 77 38 24 19 18 14 10 8 5 7 7 9 10 9 9 10 10 11 10 9 7 5 5 7 8 9 10 12 15 16 17 17 17 18 19 18 18 17 17 16 15 16 22 24 23 26 29 30 31 33 36 32 33 51 85 117 116 86 57 40 38 37 36 36 37 37 37 38 38 36 36 36 36 36 36 36 36 36 36 36 36 35 35 33 35 36 36 36 36 35 33 33 33 33 33 33 33 33 33 33 33 34 34 34 33 33 33 33 32 31 31 31 31 30 30 31 32 32 31 30 30 30 30 32 33 31 31 30 30 29 28 26 25 24 22 20 20 18 19 19 19 22 22 22 22 23 24 25 25 28 28 28 29 29 30 29 28 25 23 21 21 19 19 21 22 22 22 23 23 23 23 23 23 24 23 17 10 
8 47 108 137 115 70 36 24 19 17 14 11 8 7 8 8 10 11 11 11 10 10 11 11 10 8 5 4 4 5 7 9 12 15 16 16 16 16 17 17 17 16 15 14 11 12 16 22 23 23 26 29 29 30 33 37 36 33 45 73 104 110 85 54 39 37 38 36 36 36 36 36 37 37 36 36 36 37 36 36 36 36 36 36 36 36 35 35 35 35 36 36 36 36 35 33 33 33 33 33 33 33 33 33 33 33 34 34 34 34 33 33 33 33 32 31 31 31 31 31 32 32 31 30 29 29 29 29 30 32 31 32 31 31 31 30 31 30 27 24 23 22 21 19 18 21 21 21 22 23 23 23 24 26 28 28 28 30 30 30 29 28 25 25 23 21 19 21 22 22 22 22 23 22 23 23 23 23 24 23 18 10 
6 45 98 117 94 58 32 25 20 18 15 11 8 8 9 10 10 11 11 11 12 12 11 11 11 9 7 7 7 7 7 9 11 14 15 16 16 16 17 16 16 15 14 12 10 12 16 19 21 22 24 26 28 29 31 35 36 35 45 71 100 106 82 56 39 37 37 37 36 36 36 36 37 37 36 36 37 37 36 36 36 36 36 36 35 35 35 35 35 35 34 36 36 36 35 33 33 33 33 33 33 33 33 33 33 33 33 33 33 33 33 32 33 33 33 32 32 32 32 31 33 33 32 30 29 29 29 28 29 33 32 31 31 32 31 32 32 31 30 26 25 24 24 23 22 22 22 22 23 23 24 24 25 27 29 29 30 30 29 30 29 28 28 26 24 23 22 22 23 23 22 22 22 23 23 23 23 23 23 22 18 10 
5 39 87 104 84 49 27 24 22 18 14 11 10 10 9 11 12 12 12 14 13 12 11 12 12 10 9 9 9 9 9 9 10 12 14 15 16 16 16 15 14 12 12 12 12 12 14 16 18 22 25 28 26 26 29 33 36 35 39 58 85 94 80 57 42 38 38 38 37 37 36 36 37 37 36 36 37 37 36 36 36 36 36 36 36 36 35 35 35 35 34 36 36 36 35 33 33 33 33 35 33 33 33 33 33 33 33 33 33 33 33 33 33 33 33 33 32 32 32 31 32 32 31 30 28 26 28 26 30 32 31 32 32 32 31 32 32 32 31 29 27 26 26 25 24 23 22 22 23 24 25 25 26 29 29 29 29 30 29 29 30 29 30 28 26 25 23 23 24 24 23 22 23 23 23 23 23 24 24 22 18 10 
10 41 86 98 78 44 24 22 20 18 14 12 11 10 9 12 12 14 14 14 12 12 14 14 12 12 11 11 11 11 11 11 12 14 15 15 15 15 14 12 10 10 12 13 12 10 11 14 17 18 24 26 25 23 25 31 33 33 35 44 67 86 79 59 44 40 39 38 38 38 36 36 36 36 36 36 37 37 36 36 36 36 36 36 36 36 35 35 35 35 33 35 35 35 35 33 33 33 35 35 35 33 33 33 33 33 33 33 33 33 33 33 33 33 33 33 32 32 32 31 31 31 32 31 29 29 29 28 30 31 30 31 31 31 31 31 31 31 31 30 30 29 29 26 25 24 23 23 24 25 24 24 25 28 29 29 29 30 29 28 30 29 30 28 28 26 24 24 24 25 25 24 24 24 24 24 25 25 24 23 17 9 
13 47 85 90 68 40 24 19 18 17 15 14 12 11 12 12 12 12 14 14 12 14 14 15 14 12 12 12 12 14 15 15 15 15 15 14 14 12 11 10 10 10 11 12 12 10 9 11 14 16 21 23 22 19 22 28 31 32 31 35 57 84 82 61 46 40 39 38 39 39 37 37 37 37 37 36 37 37 36 36 36 36 36 36 36 36 35 35 35 35 35 36 36 35 35 35 35 35 35 35 35 35 35 35 35 35 35 35 35 35 35 35 35 33 33 33 32 32 32 32 32 32 33 32 30 30 29 30 31 31 30 30 30 31 31 31 31 31 32 31 31 31 30 27 26 25 24 23 24 25 24 25 25 28 29 29 30 31 30 29 31 30 30 29 29 28 25 24 25 26 26 26 26 25 26 25 25 25 25 24 18 9 
15 56 83 86 61 37 25 19 16 15 16 16 14 14 14 14 12 14 14 12 12 11 14 16 16 15 15 14 15 17 18 17 16 16 15 14 12 11 10 9 9 8 10 12 12 11 10 10 11 14 18 21 21 18 19 24 28 30 31 32 55 86 85 64 47 40 40 40 38 37 37 37 36 36 36 36 36 36 36 36 36 36 36 36 36 36 36 35 35 35 35 36 35 35 35 35 35 35 36 36 35 35 35 35 35 35 33 35 35 35 35 35 35 33 33 33 32 32 32 32 32 32 32 31 31 31 30 30 30 30 30 29 30 30 31 30 31 31 31 32 32 32 32 30 29 27 26 25 25 26 26 26 26 28 29 29 29 30 30 29 30 30 30 29 28 28 26 25 24 24 25 24 25 26 26 26 27 27 25 24 18 9 
12 46 79 85 61 37 25 19 16 15 16 15 16 15 15 15 15 15 14 11 11 12 15 17 15 15 15 15 16 18 17 17 16 16 15 15 14 11 10 9 8 8 11 13 15 15 12 10 11 12 16 18 18 18 18 22 25 28 31 37 62 89 88 68 52 42 39 40 38 37 37 37 36 36 36 36 37 36 36 36 36 36 36 36 36 36 36 35 35 35 35 35 36 36 35 35 35 35 36 36 35 35 35 35 35 35 35 35 33 35 35 35 35 33 33 33 32 32 32 32 32 32 32 32 32 31 30 30 30 30 29 29 29 29 29 28 29 31 32 33 33 33 33 32 31 30 29 27 27 27 27 27 26 28 29 29 30 30 29 29 30 30 31 29 28 28 25 24 23 24 24 25 26 28 28 28 27 27 26 25 18 9 
9 33 72 82 60 36 23 18 15 15 16 16 16 16 16 15 15 14 11 10 11 14 15 16 16 16 15 16 17 18 19 18 18 17 16 14 12 11 10 9 9 8 10 13 15 16 12 11 11 11 14 17 19 18 18 21 24 26 29 39 63 89 100 88 61 46 43 43 40 38 36 36 36 36 36 37 37 36 37 36 36 36 37 37 36 36 36 35 35 35 35 35 36 37 36 36 36 36 36 36 36 36 36 35 36 37 37 36 34 36 36 36 35 35 35 35 33 33 33 33 34 34 34 36 34 33 30 30 30 29 29 29 28 28 29 27 27 30 32 33 33 34 34 34 33 32 30 30 29 29 30 29 27 29 30 30 30 30 29 30 30 31 31 30 29 26 25 23 23 24 24 25 26 28 29 29 26 26 26 25 19 9 
10 32 69 81 63 39 24 16 12 14 16 16 16 17 16 15 12 11 10 10 11 14 15 16 16 15 15 16 17 18 19 19 18 16 12 10 9 9 9 9 8 8 10 16 18 18 16 12 11 11 12 15 16 17 17 19 22 23 25 36 65 100 116 110 100 94 84 65 50 41 36 36 36 36 37 37 37 38 37 37 36 37 37 38 37 37 37 36 36 36 35 35 36 37 37 37 37 36 36 36 36 36 36 36 37 38 38 37 36 37 36 36 36 36 35 36 35 33 33 33 34 34 34 36 36 36 32 31 31 30 29 30 29 29 29 30 30 30 31 32 32 33 33 33 34 34 32 31 30 30 31 30 29 29 30 30 31 31 29 31 31 31 29 29 25 24 22 22 22 24 24 25 28 29 29 29 26 26 26 26 21 9 
17 39 73 87 71 45 29 18 16 15 16 17 16 16 16 15 12 11 9 9 11 14 16 17 17 16 15 15 15 15 16 15 14 11 9 7 5 7 7 8 10 10 12 18 22 21 18 15 14 12 12 12 14 15 16 17 19 22 26 42 79 118 137 152 178 181 153 107 68 50 39 35 36 39 39 38 38 38 37 37 36 38 38 38 37 37 37 36 36 36 36 36 37 38 38 37 37 37 35 35 35 36 36 36 37 38 38 38 36 37 36 36 36 36 36 36 35 35 33 33 33 33 34 36 37 36 33 32 32 31 31 32 32 31 32 32 33 32 31 30 30 30 31 31 32 33 32 32 32 32 33 32 31 31 31 30 31 31 30 30 29 28 26 25 23 22 19 19 21 23 24 25 28 28 26 28 26 26 25 26 19 9 
25 54 87 101 84 50 31 23 19 16 17 17 15 16 15 14 11 10 9 9 11 14 15 17 17 16 14 12 12 12 11 11 10 9 8 7 5 5 7 9 11 12 15 19 21 21 18 16 15 14 14 14 16 16 16 18 18 24 33 54 97 143 170 199 228 230 203 152 97 66 43 36 36 40 40 40 39 38 38 37 36 37 38 38 37 37 37 36 36 36 36 38 38 38 38 37 37 37 36 35 35 35 36 36 38 38 38 38 37 37 36 36 36 36 36 37 36 35 33 33 33 32 34 36 37 37 36 35 33 32 32 32 33 33 34 34 36 33 31 29 29 29 30 30 31 33 33 33 33 33 34 33 33 33 32 32 31 31 30 30 28 25 23 22 21 19 19 19 21 22 24 26 28 28 26 28 28 26 26 26 19 10 
31 63 95 111 93 56 35 26 21 18 18 17 15 15 12 11 10 9 9 10 11 14 15 16 17 16 13 13 11 11 11 11 11 9 8 7 5 5 8 10 14 16 18 20 22 22 19 17 14 14 14 14 16 17 17 19 19 25 35 57 104 151 175 189 201 208 203 174 129 86 46 39 39 41 40 40 39 38 37 37 37 38 38 40 39 39 38 38 37 37 37 38 38 39 39 39 38 37 36 36 36 37 36 37 38 38 38 38 38 37 36 36 37 38 38 38 37 36 35 35 33 33 34 36 37 37 37 36 36 33 32 32 32 33 33 33 33 33 31 29 29 29 27 29 31 33 32 33 33 33 34 33 33 34 34 34 33 31 31 30 28 24 22 19 18 18 17 18 18 21 24 28 28 28 28 28 29 28 26 26 21 10 
37 72 116 131 106 67 43 30 22 17 16 16 14 12 12 10 10 9 9 11 12 15 15 16 17 15 13 12 12 12 15 15 14 12 10 10 11 11 14 16 16 17 20 22 20 22 20 18 16 16 15 15 16 17 18 18 19 24 32 52 87 117 126 126 131 146 158 162 142 100 51 43 41 41 42 42 40 39 38 38 37 38 38 40 39 39 39 38 37 37 37 38 39 39 40 40 39 38 37 37 37 37 36 38 40 40 40 39 38 36 35 35 36 38 38 37 36 36 36 35 33 33 34 36 37 37 37 37 37 34 33 31 32 32 33 33 33 33 32 31 29 27 27 29 30 32 32 33 33 33 34 34 36 36 33 34 34 32 32 30 28 25 21 18 18 18 18 17 17 21 25 28 28 28 28 29 29 28 26 26 22 11 
39 100 171 186 144 94 50 30 18 16 17 15 14 11 10 10 9 9 9 10 11 14 16 16 16 15 13 12 13 15 15 16 16 15 14 14 16 17 19 21 21 19 20 22 22 22 19 18 18 18 18 19 19 19 18 18 18 19 24 42 60 68 68 68 72 79 97 130 137 102 51 43 41 41 40 42 40 39 39 37 36 37 38 40 39 39 39 38 38 37 37 36 38 38 40 40 39 39 37 37 36 36 36 37 38 38 40 39 38 36 36 35 36 36 36 37 37 38 37 36 33 33 34 36 36 37 37 37 37 34 33 30 31 31 32 32 33 33 34 33 30 29 30 30 31 32 32 32 32 33 34 34 36 36 36 36 33 33 32 30 29 26 23 19 19 18 17 18 17 21 25 26 26 28 29 29 29 28 28 26 22 11 
43 106 178 189 146 99 52 30 16 16 17 15 12 11 10 10 9 9 8 9 11 12 15 16 16 15 15 13 15 16 16 17 18 17 16 16 18 21 23 23 23 22 23 23 22 22 19 19 19 19 19 19 19 20 19 19 19 18 21 29 37 40 43 49 51 50 70 107 121 94 51 44 41 40 40 40 39 39 38 37 36 36 37 39 39 39 39 38 38 37 36 36 38 38 39 39 40 38 38 37 36 36 36 36 37 38 40 39 39 37 36 36 36 35 36 37 37 38 37 36 35 35 34 34 36 36 36 37 37 34 34 31 31 31 31 31 32 33 34 34 32 32 32 31 31 32 31 32 32 33 34 34 36 36 36 36 33 33 32 30 29 26 22 19 19 18 17 18 17 19 23 25 26 28 29 29 29 29 28 28 23 11 
51 118 188 196 146 97 52 31 20 17 16 15 14 11 10 10 9 8 7 8 10 11 13 15 15 15 13 15 14 16 18 20 19 19 19 18 21 23 25 25 25 24 23 23 23 23 23 23 22 20 22 20 19 22 22 20 19 19 22 22 24 33 40 49 50 49 71 96 100 82 51 43 43 40 40 40 39 39 39 37 36 36 37 39 39 39 39 38 38 37 36 36 36 38 39 40 39 38 39 38 37 37 36 37 37 38 39 40 40 38 36 36 36 35 36 37 37 37 37 36 35 35 34 34 34 34 35 37 38 36 34 31 31 31 32 32 33 34 34 34 33 32 31 31 31 32 31 31 32 32 34 34 35 35 35 33 33 33 32 30 29 25 23 21 19 18 18 18 17 18 21 23 26 28 29 29 29 29 29 29 21 10 
54 128 188 191 146 96 50 31 23 17 16 15 14 12 10 9 9 9 8 8 8 10 12 15 14 14 15 15 15 16 19 22 22 23 21 21 22 24 26 26 27 26 25 25 25 25 25 25 24 24 24 22 22 20 20 20 19 19 22 24 26 37 45 50 47 45 68 89 87 70 50 43 40 38 39 40 40 40 39 37 35 35 36 38 38 39 39 38 38 38 36 35 36 37 38 39 39 39 38 37 36 36 36 36 36 37 39 40 40 39 38 37 35 35 35 35 36 38 37 36 35 35 34 34 33 34 33 36 38 36 34 31 31 31 32 32 33 33 34 34 33 32 31 30 30 31 30 31 31 32 33 34 35 35 35 35 35 32 31 31 28 25 24 22 19 17 18 18 17 19 22 24 26 28 29 29 29 29 29 26 21 10 
49 117 161 161 130 88 46 26 24 18 14 14 13 12 11 10 10 10 9 9 10 11 12 13 15 15 15 15 16 18 20 23 23 23 22 23 25 26 29 29 28 26 27 27 29 27 27 26 25 24 23 22 21 19 19 19 20 20 22 24 31 42 49 51 47 47 63 85 84 66 47 42 40 38 37 39 39 42 39 37 35 32 35 37 38 38 39 38 38 38 36 35 35 36 38 38 39 39 38 37 36 35 36 36 37 38 40 40 40 40 39 36 32 32 33 35 36 37 37 36 35 35 34 34 33 34 33 36 38 36 34 31 31 31 31 31 32 33 34 36 34 32 31 30 30 30 30 30 31 32 33 33 34 34 34 34 33 32 31 31 28 25 23 22 19 17 17 17 17 19 22 24 26 28 29 29 30 30 29 26 19 10 
28 81 116 123 106 74 39 23 25 18 12 14 12 11 10 10 10 10 10 10 10 11 12 12 13 13 13 15 16 18 20 22 22 22 22 23 25 28 30 30 29 28 29 29 29 29 27 27 26 25 25 23 21 22 22 20 22 22 22 25 33 43 52 56 50 46 60 87 88 70 49 39 40 38 38 40 40 40 39 37 35 32 33 33 36 38 38 37 37 37 36 33 32 33 36 37 38 38 37 37 36 35 36 36 36 37 38 40 39 40 38 35 32 31 32 35 35 36 36 35 35 35 34 33 33 34 33 35 37 36 34 32 31 30 31 31 32 33 33 33 33 32 31 30 29 30 29 30 30 30 32 33 34 34 34 34 32 32 32 30 28 24 22 19 18 17 17 17 17 19 22 24 26 28 29 29 30 30 28 26 19 10 
2 35 73 89 86 73 41 25 24 18 12 11 11 11 11 10 11 11 11 11 9 10 10 10 11 11 12 14 15 17 18 19 19 19 21 22 24 28 29 30 29 29 30 30 29 29 28 26 26 26 25 25 23 22 22 22 22 22 24 26 33 42 51 57 51 49 64 101 107 85 47 39 39 38 38 39 40 40 40 38 35 32 33 33 36 37 38 37 37 37 36 33 32 32 35 35 37 37 37 37 36 35 34 34 34 34 36 39 38 38 36 33 33 31 32 32 33 36 35 35 35 33 33 32 32 32 31 33 36 34 34 32 31 30 30 30 31 32 33 33 32 32 31 30 29 29 28 29 29 30 31 32 33 33 33 33 32 32 30 29 28 24 22 19 18 17 16 17 17 19 22 24 26 28 30 30 29 29 28 26 21 11 
0 11 49 68 85 80 46 26 20 17 14 11 12 12 12 12 11 11 11 10 9 9 8 9 10 11 12 14 15 16 17 17 18 19 21 22 24 28 29 30 29 28 30 29 27 29 28 28 28 26 26 26 24 23 23 23 24 23 25 28 33 40 48 52 50 50 74 113 121 96 45 38 39 38 37 39 40 39 40 38 35 32 33 33 36 37 38 37 37 37 36 33 32 32 33 33 36 37 38 37 36 33 34 34 34 33 36 37 38 38 36 33 33 32 31 31 32 33 35 35 36 33 33 31 31 31 30 32 36 34 34 32 31 30 30 30 30 31 33 32 32 32 31 30 29 27 28 29 29 30 31 31 32 32 32 32 32 32 30 30 28 24 22 19 18 17 17 17 18 19 22 24 26 28 30 30 30 30 30 28 22 11 
0 1 44 86 97 84 47 24 21 17 13 12 11 12 14 14 12 11 11 11 10 9 9 9 10 10 11 12 14 14 15 16 18 19 19 22 24 26 28 29 28 28 28 26 28 28 29 29 29 28 29 28 26 25 23 25 26 25 26 29 33 40 47 49 48 54 86 120 115 84 40 36 38 37 37 38 39 39 38 37 35 32 32 32 35 37 38 37 37 37 37 35 32 32 32 33 35 37 37 38 36 35 34 34 33 33 36 37 38 37 35 33 32 31 30 31 32 33 35 35 36 34 32 31 30 30 31 33 36 34 32 31 31 30 30 30 30 31 32 33 32 32 31 30 29 27 27 30 30 30 30 30 31 32 32 32 30 30 30 29 28 24 21 18 17 17 17 17 17 21 22 24 26 29 30 30 30 30 31 30 22 11 
0 0 28 63 92 87 51 30 26 17 12 12 11 12 14 15 14 12 12 11 11 10 9 9 10 10 11 12 12 14 14 14 16 17 19 22 24 25 28 28 28 28 28 29 29 29 29 29 29 29 29 29 28 28 25 25 27 26 28 29 33 37 45 46 49 64 95 118 104 73 38 36 36 37 37 38 39 39 38 37 35 31 32 32 35 36 37 37 37 37 37 35 32 31 32 33 35 37 37 37 36 35 34 34 33 33 36 37 37 37 35 33 32 31 30 31 32 33 35 35 36 34 32 30 30 30 31 33 36 34 33 31 31 30 30 30 30 30 32 32 32 32 31 30 29 27 27 29 29 30 29 29 31 32 32 31 30 30 30 29 25 23 21 19 18 17 17 17 18 19 21 24 26 29 30 30 30 31 32 30 22 11 
0 0 12 40 74 84 67 44 30 18 14 11 10 11 14 15 16 15 12 11 10 10 10 9 9 10 12 12 12 14 14 14 15 16 18 21 23 25 28 28 28 28 28 29 29 29 29 29 29 29 29 29 29 29 29 28 28 28 29 30 33 35 37 40 51 70 96 107 87 61 37 36 33 37 37 37 39 40 37 37 35 31 32 31 34 37 38 38 39 39 37 35 32 31 32 33 35 37 37 37 36 35 34 33 32 33 36 37 36 37 36 33 32 30 30 31 33 34 36 36 36 34 32 30 29 30 32 34 35 35 33 32 30 29 30 30 29 29 30 31 31 31 30 29 28 26 25 26 28 29 30 30 31 32 32 31 31 31 30 28 24 23 21 19 17 16 16 16 17 19 23 25 28 28 29 29 29 29 31 30 21 11 
1 0 5 30 61 79 71 50 36 25 19 17 14 14 16 17 18 17 15 12 11 10 10 10 11 11 11 11 11 11 12 12 14 15 17 21 23 25 28 28 28 28 28 29 29 29 29 29 29 29 30 29 29 30 29 29 29 29 30 31 35 37 38 43 52 72 93 96 73 53 37 36 36 36 37 36 38 40 37 36 35 32 32 32 34 37 37 38 39 40 38 35 32 32 31 32 35 37 37 37 36 35 33 33 32 33 36 37 37 36 36 33 31 30 29 30 32 34 34 34 36 34 33 31 30 30 32 34 35 35 33 32 30 29 30 29 28 28 30 31 31 31 30 29 28 28 26 26 28 29 30 30 31 31 31 30 31 30 30 26 24 21 21 19 17 16 15 17 18 21 23 25 28 28 29 29 28 29 32 30 21 10 
12 3 3 19 44 64 72 56 45 33 25 25 23 19 19 21 21 19 17 15 12 11 11 11 12 12 11 11 11 11 11 11 14 16 18 21 23 25 28 28 28 29 29 29 29 29 29 29 29 30 30 30 30 30 30 30 32 32 32 33 36 37 38 45 57 77 93 86 61 47 39 37 36 36 37 37 39 40 39 37 36 33 34 34 34 37 38 38 38 39 39 35 32 33 31 32 35 37 38 38 36 35 34 33 31 33 36 37 36 36 35 35 32 30 30 31 31 32 34 34 36 36 33 31 30 30 32 34 35 35 33 32 30 29 30 29 28 29 30 31 31 31 29 28 28 26 25 26 28 28 30 30 31 32 31 31 30 30 29 28 24 21 19 19 17 16 16 17 18 21 23 25 28 28 29 29 28 29 30 29 21 11 
23 14 12 20 31 42 64 54 45 39 33 33 32 26 23 22 22 22 18 16 15 14 11 11 12 11 11 11 10 11 11 11 14 16 18 21 22 24 26 28 28 29 30 29 29 29 29 29 29 29 30 30 30 31 31 31 32 32 32 33 34 37 40 52 70 85 92 77 53 44 40 38 36 36 38 38 38 39 38 39 37 35 34 33 36 37 38 37 36 38 39 36 34 33 30 32 35 37 38 38 36 35 34 33 31 32 34 37 37 36 36 35 33 31 31 31 32 33 36 36 36 36 32 31 29 30 32 34 36 36 33 32 30 28 29 27 26 28 29 31 31 30 29 28 26 26 25 25 26 28 30 30 31 32 31 31 30 30 29 28 24 21 19 18 17 16 16 17 18 22 24 26 28 29 29 28 28 29 30 29 21 11 
29 16 5 9 16 24 35 36 35 36 38 38 38 31 25 23 23 22 19 17 17 15 11 12 12 11 12 12 12 12 11 12 15 17 19 21 22 23 26 27 26 28 29 29 29 28 26 29 30 29 29 30 30 31 31 31 32 32 33 33 36 45 54 72 90 93 90 68 47 42 39 38 36 35 37 37 38 39 38 38 38 35 33 35 37 37 38 37 36 37 37 37 35 32 31 32 35 36 38 38 37 36 34 33 32 32 34 37 38 38 37 36 36 33 30 30 32 33 36 36 37 36 32 31 29 30 30 32 36 36 33 32 30 28 29 27 26 28 30 31 31 31 29 26 25 24 25 25 26 28 28 29 31 31 32 31 29 29 29 28 25 22 19 18 17 16 16 17 19 23 25 26 28 29 29 29 29 29 30 29 21 10 
25 8 0 0 2 10 15 18 19 22 27 31 32 27 24 23 22 22 21 18 17 16 14 14 12 12 13 13 13 15 16 16 18 19 21 21 22 23 25 26 26 26 26 26 26 26 26 29 30 30 29 29 30 31 31 32 34 33 35 40 50 63 84 102 108 96 79 57 42 39 38 37 36 33 36 37 39 39 38 39 38 36 33 35 37 38 37 37 36 37 38 37 35 33 31 33 35 36 38 38 37 36 36 34 32 33 34 37 38 38 37 36 37 33 30 29 31 33 36 36 37 37 33 31 27 29 30 32 35 36 33 33 31 30 30 29 26 28 30 32 32 31 30 28 26 26 25 26 26 28 28 29 30 31 32 31 29 29 29 28 24 22 19 18 17 16 16 17 19 23 25 28 29 29 29 29 29 29 30 29 21 10 
25 9 1 0 1 2 3 4 6 8 12 17 21 23 23 22 22 22 21 18 17 18 17 17 17 16 16 15 16 18 19 19 22 23 23 23 24 24 24 25 25 25 25 25 25 26 28 28 30 29 30 30 30 31 31 32 33 33 37 47 68 89 111 121 104 84 61 45 40 38 38 36 35 35 36 36 38 37 38 39 39 36 35 35 36 37 35 36 36 37 39 38 35 32 31 32 35 36 40 41 39 37 36 34 32 33 34 37 38 38 38 38 37 32 31 30 32 33 36 36 37 37 33 32 29 29 30 32 36 37 35 35 33 31 30 30 28 28 30 31 31 30 30 29 28 28 26 26 26 28 28 29 30 30 30 30 29 29 29 28 24 22 19 18 17 16 16 17 19 22 25 28 29 29 29 29 29 29 30 30 21 10 
25 12 3 1 1 2 1 2 2 3 6 10 17 23 23 19 21 21 21 18 19 19 18 19 19 18 18 18 18 18 19 20 23 24 24 24 24 24 24 25 25 24 25 25 25 24 24 25 29 29 30 30 30 31 31 32 33 33 43 60 88 110 120 111 90 67 50 40 38 38 37 36 35 36 37 36 38 38 39 39 39 37 36 36 37 37 36 36 36 38 39 38 35 32 31 32 35 36 39 39 38 37 37 34 32 32 34 36 38 38 39 38 36 33 31 31 31 32 33 34 36 34 33 32 29 29 30 32 36 37 35 35 33 32 31 30 28 28 30 31 31 30 30 29 28 28 26 26 26 28 28 29 30 30 30 30 29 29 29 28 25 22 19 17 16 16 16 17 19 22 25 28 29 29 29 29 29 29 31 30 21 10 
17 9 5 2 2 2 2 2 3 4 4 9 19 24 21 17 18 21 19 19 21 19 19 19 19 19 18 18 19 18 19 22 23 24 24 23 23 23 23 23 22 21 22 23 22 22 23 24 28 30 30 30 31 31 32 32 33 35 45 66 89 96 89 75 64 51 44 38 38 38 38 36 35 35 37 36 37 37 38 39 38 37 37 36 36 36 33 35 36 38 39 38 36 33 33 32 35 36 39 39 38 37 37 34 33 31 33 36 36 38 38 38 37 35 32 30 31 32 33 34 37 34 32 31 29 29 29 31 34 36 36 36 33 32 32 30 28 28 29 31 31 31 30 29 28 26 26 25 25 25 26 28 30 30 31 30 29 29 29 28 24 22 19 17 16 16 16 17 18 22 24 26 30 30 29 29 29 29 30 30 19 9 
4 3 4 2 2 2 1 3 4 3 3 10 19 24 19 17 17 18 19 21 21 21 21 19 19 19 18 18 19 20 22 24 23 23 24 23 22 21 21 18 17 15 17 18 17 17 21 23 26 30 31 31 31 31 32 32 33 35 44 71 93 87 66 51 47 40 38 38 38 38 37 36 35 32 36 36 37 37 37 38 38 37 36 36 36 36 35 35 36 37 39 38 34 34 33 32 35 37 39 39 38 38 37 36 33 32 33 36 36 38 39 38 37 35 32 31 31 32 33 34 37 36 33 31 31 29 27 30 34 37 37 36 33 32 31 30 28 28 29 31 31 31 30 29 28 26 26 26 26 28 28 29 30 30 31 30 29 29 29 28 25 22 19 17 16 16 16 16 17 21 23 25 29 30 29 29 29 29 30 28 19 9 
1 1 1 2 1 1 1 2 2 2 4 6 14 22 20 17 16 18 18 18 21 22 21 21 21 19 19 19 19 19 21 22 22 22 19 19 16 16 14 12 12 12 12 15 16 17 20 23 27 30 31 32 32 32 32 32 33 33 46 82 107 96 66 46 47 40 38 40 39 38 37 36 35 31 33 35 36 37 37 38 39 38 35 35 33 33 35 35 36 37 38 38 36 34 34 33 34 37 37 38 38 38 37 36 34 32 33 34 37 40 40 39 36 33 31 31 32 32 34 36 37 34 33 32 31 30 27 30 34 37 37 37 34 32 31 29 28 28 29 30 30 30 30 29 28 26 26 26 26 26 28 29 30 30 31 31 29 29 29 28 25 23 19 17 16 16 15 16 17 19 23 25 28 29 29 29 29 29 30 29 19 8 
1 1 0 1 1 1 2 2 2 2 4 3 11 21 22 16 15 17 18 18 19 21 21 21 21 21 19 19 19 21 21 21 19 18 17 15 11 8 8 5 6 9 10 12 15 18 22 23 25 30 31 32 32 32 32 32 33 32 52 94 122 117 84 57 47 37 37 42 42 36 35 35 35 32 35 35 37 37 38 38 39 39 36 33 33 33 35 35 36 38 40 40 37 34 34 34 33 34 37 38 37 37 37 36 34 31 33 34 37 40 40 39 37 33 32 31 32 32 34 36 37 36 33 33 31 31 29 30 34 36 37 37 34 33 32 30 29 28 29 30 30 30 30 28 26 26 25 25 25 26 26 28 30 30 31 31 30 29 28 26 25 23 21 18 17 16 16 17 18 21 23 25 26 28 29 29 29 29 30 27 18 8 
1 1 1 1 1 1 1 2 2 2 2 1 8 20 22 17 14 12 14 16 16 16 18 18 18 19 19 19 19 21 21 19 17 16 15 10 8 7 6 5 5 5 8 11 15 19 22 23 26 27 31 31 30 31 31 31 31 31 59 110 148 156 126 88 61 46 43 41 40 40 40 38 36 32 33 33 36 37 38 38 38 38 36 35 33 33 35 35 36 38 39 39 37 34 34 33 33 34 37 38 37 37 36 33 32 31 31 34 36 38 39 39 36 35 32 31 31 32 33 34 36 36 34 33 31 31 30 30 33 34 37 37 36 34 33 31 29 28 29 30 30 30 30 29 28 26 26 25 26 26 28 29 30 31 31 31 30 29 29 26 24 22 21 18 18 17 17 18 18 21 23 25 26 28 30 29 28 28 28 25 18 8 
1 1 1 1 1 1 2 2 2 2 2 1 6 18 22 17 14 11 11 12 14 15 17 16 17 17 17 17 19 21 19 18 17 15 12 10 8 7 6 6 8 8 9 12 16 19 23 24 26 27 31 31 30 30 30 31 33 32 60 116 163 178 163 136 103 82 72 59 56 47 43 39 35 31 33 33 36 37 37 38 39 39 37 35 35 33 35 35 36 38 39 38 37 34 34 33 33 34 37 38 37 37 36 33 32 31 31 33 36 37 37 37 37 35 32 31 31 31 32 34 36 36 34 33 32 31 30 31 33 34 37 37 36 34 32 31 29 28 29 30 30 30 30 30 29 28 28 26 26 26 28 29 30 31 31 31 30 29 29 26 24 22 21 19 19 19 18 18 18 21 24 26 28 29 30 29 28 28 28 25 18 8 
1 1 2 2 2 2 2 2 3 3 2 1 5 17 22 17 14 11 10 10 12 14 14 15 15 15 15 16 18 19 19 18 17 15 12 11 10 10 10 8 8 9 11 12 17 20 24 24 26 29 30 31 30 30 30 33 33 35 61 104 139 156 163 166 159 144 125 108 94 77 56 47 46 39 33 33 36 36 37 38 39 38 37 37 35 33 36 36 37 38 38 38 35 33 33 33 34 36 37 38 36 36 35 33 32 31 31 33 36 37 36 36 37 37 33 31 32 32 32 33 34 34 36 34 32 32 31 31 32 33 36 37 36 35 33 32 29 28 29 30 30 30 30 30 29 28 28 26 26 26 29 30 30 30 31 31 30 29 29 26 25 23 22 19 19 19 19 19 19 22 24 26 28 29 30 29 27 29 28 24 17 7 
1 1 2 2 2 2 2 2 2 3 3 2 5 15 19 19 16 12 9 8 11 11 12 12 12 12 14 16 17 17 17 18 17 16 15 14 14 14 12 11 11 11 13 16 18 20 24 25 27 27 31 31 30 29 30 32 32 33 51 79 106 120 135 158 183 185 169 157 149 135 111 93 76 54 38 33 36 36 37 39 39 38 37 36 35 33 36 36 37 38 39 38 35 32 33 33 34 36 37 37 36 36 35 33 32 31 31 32 34 36 35 35 37 37 33 31 32 31 31 33 34 36 36 34 33 32 31 31 32 33 36 36 35 35 33 32 29 28 28 29 29 30 30 29 29 28 28 26 26 26 29 30 31 31 31 31 30 29 29 26 25 23 22 21 21 21 21 21 21 23 24 26 28 29 29 27 27 27 26 24 17 7 
1 1 2 2 1 2 1 2 3 3 3 3 5 11 17 21 23 17 11 9 8 10 11 11 11 11 12 14 17 17 17 18 18 17 18 18 17 16 17 17 18 17 17 17 18 19 23 25 26 28 31 30 29 29 29 30 31 31 42 59 74 84 95 122 159 178 172 174 181 182 173 154 118 75 49 43 41 38 38 40 40 38 36 35 35 33 36 36 36 37 39 37 35 32 33 33 34 37 37 37 36 36 35 33 33 31 31 31 32 33 35 35 35 36 34 33 32 31 31 32 34 37 37 36 34 33 32 31 30 32 33 35 35 35 34 33 29 28 28 29 29 29 30 30 29 28 28 26 26 28 28 29 31 31 31 31 31 30 30 28 26 25 23 22 22 22 22 22 23 24 24 26 28 29 29 27 27 27 26 24 16 7 
2 2 1 2 1 2 1 1 2 2 3 4 3 8 12 18 25 19 16 14 11 12 11 11 11 11 11 14 16 17 18 19 19 19 22 20 20 19 19 19 18 19 17 16 19 21 23 25 26 28 30 30 28 28 28 29 31 29 33 42 49 59 66 81 102 128 138 142 166 189 202 199 179 143 102 64 50 48 45 42 40 38 36 36 35 35 36 36 36 37 38 39 35 33 34 33 33 36 36 37 36 36 36 35 34 32 32 32 32 35 35 35 35 35 34 33 32 31 30 32 34 37 37 36 34 34 32 31 30 32 33 35 35 35 34 33 29 28 28 29 29 29 30 30 29 28 28 26 26 28 28 29 31 31 31 31 31 30 30 28 26 25 24 23 23 24 24 24 25 25 26 29 29 28 29 27 27 27 25 23 16 8 
2 2 1 1 1 1 1 1 1 1 2 3 3 7 12 16 22 23 19 17 16 14 12 10 10 10 10 11 14 16 19 20 19 21 22 22 21 21 19 19 18 18 17 18 21 22 23 25 26 26 29 30 29 29 28 28 29 29 32 36 39 47 52 58 67 82 90 95 117 145 175 202 194 167 142 124 115 96 78 58 45 41 39 37 37 37 36 36 35 37 38 38 35 33 34 32 33 33 36 37 36 36 36 35 33 31 32 32 32 35 35 35 35 35 34 32 31 30 31 33 36 36 36 36 34 32 31 31 31 32 33 35 35 35 34 33 29 28 28 29 29 29 30 30 29 28 28 26 28 28 29 29 30 31 31 31 30 29 29 29 26 26 25 24 25 25 26 26 26 25 26 29 28 29 30 29 25 25 25 23 16 8 
1 1 1 1 1 1 1 1 1 1 4 5 7 8 10 15 19 22 21 22 18 16 14 11 11 11 12 14 15 16 19 22 21 22 22 22 22 19 19 19 18 19 19 21 22 23 24 25 25 26 29 29 29 27 28 28 28 29 33 37 40 44 46 49 53 57 59 61 68 88 124 158 157 152 164 189 198 172 143 111 78 50 42 43 40 38 37 36 35 36 38 38 36 33 34 32 33 33 36 37 36 36 35 35 33 31 32 32 33 36 36 36 35 35 34 32 31 30 31 32 34 37 37 37 36 33 32 31 32 33 32 33 33 33 34 33 29 28 28 28 29 29 29 29 29 28 28 26 28 28 29 29 30 31 31 31 30 29 28 28 26 26 26 25 25 26 26 26 26 26 26 26 26 26 27 26 24 23 23 22 16 6 
1 2 1 1 2 2 2 1 1 2 4 4 3 4 11 22 32 39 37 30 23 18 16 14 12 12 14 15 17 18 20 23 22 22 23 23 22 21 21 21 19 19 19 21 23 23 24 24 25 25 27 29 27 27 27 27 26 29 31 33 34 38 41 44 45 47 50 50 51 60 77 103 124 131 158 205 231 224 202 175 132 80 53 44 40 39 39 38 36 36 37 37 35 35 33 31 33 33 34 37 36 36 35 35 33 31 32 32 34 36 35 36 36 36 34 32 31 31 31 32 34 37 37 37 37 34 32 31 32 33 33 33 33 33 33 32 29 28 28 28 28 29 30 31 29 28 28 28 28 28 28 29 30 31 32 31 31 29 28 26 26 25 25 25 25 26 26 26 26 26 25 25 25 24 25 24 23 22 22 23 18 14 
1 2 1 1 1 1 2 2 1 1 2 4 10 22 40 57 73 76 58 39 26 21 17 16 14 14 15 16 17 18 20 22 22 23 23 23 22 22 21 21 19 19 19 22 23 23 24 24 25 25 27 27 27 29 29 27 26 28 30 31 32 34 36 39 43 45 44 45 46 52 63 75 88 104 135 178 209 218 217 206 173 124 87 71 50 35 37 38 37 35 37 37 35 36 32 32 33 33 34 37 36 36 35 35 33 30 32 32 33 36 35 36 36 36 34 33 32 32 31 33 34 38 38 37 37 36 32 31 31 32 32 33 33 33 33 31 29 28 26 26 28 29 31 31 30 29 28 26 26 26 28 29 31 31 32 32 31 29 28 26 25 25 25 25 25 26 26 26 26 26 25 25 23 23 24 24 23 23 24 24 26 33 
2 3 3 3 3 2 2 4 7 9 18 31 53 74 93 101 104 94 64 39 28 24 22 18 16 15 16 16 17 18 20 23 23 24 24 24 22 22 21 21 21 21 21 22 23 24 25 25 26 25 26 26 26 26 27 27 26 26 28 29 30 31 35 36 37 39 41 43 43 51 58 68 75 83 88 105 130 150 172 187 193 174 144 129 108 86 75 55 43 47 47 41 41 39 35 32 32 31 33 35 35 35 36 36 35 31 31 32 34 36 35 36 36 36 34 32 31 31 30 31 33 36 37 37 36 34 33 32 30 31 32 33 35 35 36 33 31 29 28 26 29 30 30 31 31 29 29 28 28 28 28 29 31 32 32 31 29 29 28 26 25 25 25 24 25 25 26 26 26 26 26 25 23 23 23 23 24 24 25 25 35 51 
3 3 4 3 3 3 3 10 17 38 62 82 100 112 114 104 92 72 47 33 26 26 24 22 18 17 16 16 17 17 20 23 24 24 24 23 22 22 21 21 21 21 22 23 23 24 26 26 26 26 26 26 26 26 27 26 24 24 25 26 28 30 33 33 33 36 38 40 40 46 54 64 72 74 71 73 73 78 100 132 161 171 173 172 160 150 143 118 90 78 72 62 52 45 39 35 33 33 35 36 36 35 37 37 36 31 32 32 33 36 35 36 37 36 36 33 32 31 29 31 34 36 37 36 36 34 33 32 30 30 32 33 35 35 36 34 31 29 28 28 29 30 30 31 30 29 29 28 28 28 29 30 32 32 32 32 29 26 28 28 26 25 26 25 25 25 26 26 26 25 26 24 23 23 23 24 24 25 25 29 40 56 
5 7 8 9 13 11 28 42 65 86 101 108 101 92 74 58 44 33 26 23 23 24 25 24 21 18 17 17 16 17 20 23 24 25 24 24 23 22 22 22 22 21 22 23 25 25 28 28 26 26 26 26 26 26 26 26 24 24 24 25 25 28 32 32 32 34 36 37 40 50 64 71 67 75 77 75 65 46 45 66 90 109 139 153 153 164 177 173 157 141 125 114 95 78 66 51 38 36 38 39 37 36 35 36 37 33 31 32 34 36 36 37 38 37 33 31 31 30 31 32 33 34 36 36 36 34 32 31 30 31 32 35 35 35 36 33 32 30 28 28 29 30 31 31 31 31 30 28 28 28 29 30 32 33 33 32 31 27 29 27 27 26 27 27 26 26 25 25 25 25 25 24 24 24 23 24 24 25 28 35 45 51 
7 7 12 29 47 57 80 89 99 94 89 76 58 42 28 17 12 11 12 14 18 23 24 23 19 18 17 15 16 17 19 22 24 25 24 24 23 23 22 22 22 21 21 24 25 25 28 28 28 26 26 26 25 25 26 25 23 23 24 24 26 29 32 32 32 33 33 35 40 51 68 72 67 68 68 65 56 46 26 19 33 53 77 100 118 133 153 169 174 172 163 151 141 124 109 92 70 54 46 44 39 37 36 37 38 34 33 33 34 40 35 36 38 37 35 32 32 31 32 32 33 36 36 36 36 34 32 31 30 31 32 35 35 35 36 36 33 31 28 28 29 31 31 32 32 32 30 28 28 28 28 30 32 35 35 32 31 29 29 27 27 25 27 26 26 26 25 25 25 25 25 24 25 25 23 24 25 25 28 37 43 38 
23 39 54 72 90 102 102 99 83 62 47 31 18 10 4 3 2 3 7 11 18 24 24 23 21 19 16 15 16 17 19 23 25 25 24 24 24 24 23 22 21 21 21 24 25 25 26 28 26 26 26 26 25 24 24 23 23 23 24 24 26 28 29 31 31 31 30 33 40 51 60 64 61 60 61 60 58 44 19 6 8 15 19 33 47 61 78 103 132 143 150 157 160 159 155 141 122 97 79 70 58 51 46 42 37 33 32 31 31 32 34 37 38 37 36 33 32 32 33 33 33 34 37 37 36 36 34 33 32 32 33 36 35 35 36 36 36 33 30 29 30 32 32 33 32 32 31 29 28 26 28 29 31 33 35 33 33 30 28 26 26 25 26 27 26 26 24 24 24 23 24 24 25 25 23 25 28 28 30 33 32 21 
41 67 85 102 111 105 78 60 44 24 12 4 1 0 1 1 1 1 8 11 16 23 24 24 24 21 16 16 16 17 19 23 24 25 24 24 24 23 23 22 22 21 21 23 25 25 26 26 26 26 26 25 24 23 23 22 22 23 23 24 25 26 29 29 29 30 30 35 40 51 56 52 51 47 49 51 48 37 17 6 4 4 4 6 11 19 21 37 61 77 92 108 125 138 151 162 159 144 131 121 109 97 59 51 49 47 42 37 35 36 37 38 39 37 36 33 32 32 33 33 33 34 36 36 36 34 36 34 33 33 34 36 35 35 36 34 34 33 31 30 30 32 32 32 32 32 32 30 29 26 28 29 31 32 35 35 33 31 29 28 26 25 26 26 25 25 24 23 23 23 24 24 25 25 25 28 30 31 31 26 17 8 
62 75 81 82 80 65 38 25 15 5 2 0 1 1 1 1 1 1 4 8 14 19 23 24 24 22 17 16 16 17 19 22 22 23 23 23 23 23 22 22 22 21 22 23 24 24 25 25 25 24 24 23 22 21 21 21 21 21 22 23 26 26 26 26 25 26 29 36 46 50 50 44 37 26 26 31 32 30 17 4 1 2 2 1 0 1 0 5 13 22 32 44 59 73 95 123 131 136 156 163 160 148 122 102 78 61 46 37 33 33 35 39 42 39 38 36 36 33 32 33 32 35 37 37 36 35 35 35 33 33 35 35 37 37 35 35 35 35 32 30 30 32 33 33 34 34 34 32 30 29 29 30 32 33 36 37 34 32 32 31 29 27 26 25 26 25 24 24 24 24 25 25 25 25 26 29 30 31 29 21 8 7 
82 73 58 40 30 23 11 9 4 3 3 1 1 1 1 1 1 1 2 4 9 16 23 24 24 23 18 16 17 18 19 22 22 22 23 23 22 23 22 22 22 22 22 23 23 23 24 25 25 24 23 22 19 19 19 19 19 19 21 23 26 26 25 25 23 24 26 37 49 50 43 36 26 16 18 23 23 16 7 3 2 2 1 1 2 2 0 0 1 3 4 5 12 20 31 53 66 84 117 138 152 156 156 143 121 97 79 58 46 44 42 43 44 43 40 38 37 33 32 32 31 33 36 38 38 37 37 37 36 36 37 37 39 38 36 36 35 35 32 31 31 32 34 34 36 37 36 34 32 30 30 31 33 36 36 37 36 33 33 32 30 30 28 25 27 26 24 24 25 25 26 26 25 25 28 29 30 30 30 22 9 7 
53 32 16 5 4 3 2 1 2 2 2 1 0 0 1 1 1 1 3 6 10 19 24 23 23 22 19 17 15 16 19 19 21 22 22 23 22 22 21 21 21 21 23 23 22 23 24 24 24 22 22 21 19 18 18 19 19 19 21 23 25 25 23 23 23 24 29 38 50 49 37 29 21 13 21 24 16 6 4 2 1 1 0 1 0 0 0 0 1 2 3 2 3 5 3 8 19 32 51 72 97 121 149 174 177 160 135 107 77 53 48 47 45 45 44 42 42 42 42 42 42 42 44 45 45 44 42 39 39 40 40 39 39 39 38 38 39 38 37 36 36 36 35 35 36 37 36 36 35 35 32 31 30 32 36 37 37 35 34 33 32 30 29 27 26 25 25 26 25 26 25 26 28 28 31 33 32 31 32 28 17 9 
30 12 6 3 2 2 1 1 2 1 1 0 0 0 1 1 1 1 2 5 9 17 23 22 21 21 18 17 15 16 18 19 19 19 21 21 21 21 21 21 19 21 22 22 21 22 23 23 22 21 21 19 19 18 19 19 19 19 21 22 25 25 23 23 23 27 35 46 52 51 40 32 23 24 35 30 16 6 3 2 0 0 0 0 0 0 0 0 0 1 1 2 2 2 1 1 2 5 11 26 50 86 122 173 203 205 193 167 128 89 60 52 50 47 50 50 50 50 50 49 47 46 46 46 47 46 46 46 46 45 45 45 45 45 45 44 44 44 43 42 42 40 39 38 38 38 39 39 39 40 40 39 39 42 42 43 42 37 37 36 33 31 29 27 26 26 25 26 25 26 26 29 30 31 36 40 49 65 78 67 34 11 
19 6 4 3 2 2 2 1 1 1 1 1 1 1 2 1 2 2 2 4 8 15 18 19 18 18 18 17 15 15 17 18 18 19 19 19 19 20 19 19 19 19 21 21 19 21 22 20 20 19 18 18 18 18 19 19 19 21 22 22 24 24 23 23 23 31 43 53 56 52 48 41 36 39 45 38 18 5 2 1 0 0 0 0 0 0 0 0 0 0 1 1 1 1 2 2 2 2 4 14 32 65 97 138 178 195 201 192 158 118 71 53 56 52 54 54 52 52 52 52 52 52 52 52 50 51 51 51 51 51 51 51 51 51 51 51 50 50 50 50 49 47 46 46 45 45 45 45 45 45 46 46 47 49 49 47 47 40 38 37 36 32 30 29 26 26 26 26 25 26 30 32 31 35 61 78 106 134 158 135 66 14 
12 6 5 3 2 2 2 1 1 1 1 1 1 1 2 2 2 2 1 2 5 10 14 17 16 17 18 16 14 15 15 15 16 17 16 16 17 18 17 17 18 17 18 19 18 18 20 20 19 17 17 17 17 18 18 19 21 19 20 23 24 24 23 22 26 38 51 58 58 53 48 43 39 45 45 31 15 5 2 1 0 0 0 0 0 0 0 0 0 0 1 1 1 1 1 1 1 3 7 16 36 66 89 106 127 146 163 170 157 129 89 61 56 54 55 54 52 52 52 53 56 57 56 56 56 57 57 57 57 57 57 56 56 56 54 53 53 53 53 52 52 51 51 50 50 50 50 50 50 50 50 50 51 51 51 51 50 46 42 39 39 36 32 30 26 26 26 26 25 26 30 24 30 52 124 160 189 215 229 195 102 22 
6 5 5 4 2 1 1 1 1 1 1 1 2 2 1 2 2 2 1 0 2 9 12 16 16 17 16 15 15 14 14 12 12 11 12 12 11 12 12 12 14 16 18 17 17 16 17 18 16 16 16 15 17 18 19 19 21 19 20 23 23 23 23 23 30 45 56 59 57 56 53 49 46 49 50 36 16 3 1 1 0 0 0 0 0 0 0 0 1 1 1 1 1 1 1 1 0 0 5 18 38 64 80 87 94 101 113 130 140 131 99 65 54 54 52 51 51 51 51 52 53 54 54 54 56 56 56 56 57 57 57 57 57 56 56 56 54 54 54 53 53 52 52 52 51 51 51 51 51 51 51 51 51 51 51 51 50 47 44 43 42 37 34 30 25 24 23 22 22 25 39 48 73 121 196 230 244 250 250 223 116 26 
3 4 4 3 1 1 1 1 1 2 2 1 2 3 2 2 3 2 1 2 5 12 16 19 16 15 16 15 15 15 14 14 12 10 10 10 8 8 8 8 8 14 16 16 15 17 17 15 14 16 15 15 16 18 21 19 21 19 22 23 21 22 23 25 37 54 60 57 52 50 47 45 43 42 43 33 15 2 1 1 1 0 0 0 0 1 0 0 1 1 1 1 1 1 1 1 0 0 4 18 40 60 70 72 72 68 68 88 122 144 127 87 60 53 50 50 49 49 47 49 50 50 51 51 51 51 51 52 52 52 52 53 53 53 53 53 52 52 51 51 50 51 51 50 50 50 50 50 50 51 50 50 50 50 50 50 47 45 44 43 39 37 34 37 28 19 19 24 42 56 80 116 162 214 234 244 249 249 249 219 114 23 
1 2 1 1 1 2 2 2 3 3 3 2 2 2 3 2 2 2 1 2 7 15 25 28 21 19 19 17 17 15 14 12 11 10 9 7 7 7 5 8 9 11 15 15 15 16 15 12 12 12 12 12 16 18 19 19 19 18 20 20 21 21 23 31 44 57 57 51 45 42 39 38 36 33 33 29 12 1 1 1 0 0 0 0 0 0 1 0 1 1 1 1 1 1 1 1 0 0 5 16 33 50 54 53 54 53 52 70 118 163 164 131 85 54 46 46 45 44 44 43 43 43 44 44 44 44 45 45 45 45 46 46 46 47 46 46 46 46 46 45 45 45 46 46 46 46 46 46 46 47 46 46 45 45 45 44 43 42 39 37 38 34 32 32 23 26 32 50 65 105 145 185 222 247 248 248 246 246 246 214 118 26 
1 0 1 3 3 4 4 3 3 4 3 2 2 2 3 3 2 3 2 2 8 18 31 35 30 28 23 21 19 17 14 10 10 10 10 8 8 8 7 8 11 12 15 14 15 13 11 11 11 10 10 12 15 17 17 18 18 19 20 20 19 21 28 39 46 47 44 39 30 28 26 28 28 28 27 20 7 0 1 1 0 0 0 0 0 1 1 1 1 1 1 1 1 1 1 1 0 1 4 12 26 36 39 37 38 45 52 74 120 165 185 166 114 63 44 43 40 39 38 38 37 37 38 38 38 38 39 38 39 39 39 39 40 40 42 42 42 42 40 40 39 40 40 39 39 39 39 39 39 40 39 39 39 38 39 38 35 33 32 31 32 31 30 22 16 29 35 77 126 175 209 228 247 245 247 248 238 234 223 188 104 23 
1 0 1 3 3 4 3 3 3 3 3 3 3 2 2 1 2 2 2 3 7 17 37 44 38 35 26 22 19 18 14 10 11 12 9 8 9 9 10 11 12 14 14 14 14 11 9 9 10 10 11 12 14 15 16 17 18 18 18 19 20 24 33 44 46 38 30 25 22 20 22 23 25 26 23 14 5 1 0 0 0 0 0 0 0 1 1 1 1 1 2 2 1 1 1 1 0 1 4 12 23 28 28 26 30 43 58 77 109 153 193 190 137 79 47 43 39 37 36 36 33 35 36 36 36 37 37 37 37 37 36 37 37 37 37 37 37 37 37 36 35 36 36 35 35 35 35 35 35 35 36 35 35 33 35 33 31 28 24 29 28 31 33 28 31 49 67 127 199 230 236 238 236 234 226 217 208 186 165 134 59 11 
2 0 1 3 3 3 3 3 3 3 3 4 3 2 2 2 2 2 2 3 5 15 32 43 44 38 30 23 21 19 15 12 13 13 10 9 9 10 10 11 11 12 12 11 10 9 8 7 8 9 10 11 12 15 15 16 18 17 17 18 20 29 39 46 45 34 24 22 19 18 18 24 29 26 19 11 4 1 0 0 0 0 0 0 0 1 1 1 1 1 2 2 2 1 1 1 1 2 8 17 24 24 22 23 29 42 63 79 100 136 179 192 153 96 54 42 38 36 34 34 32 33 35 35 36 36 36 36 36 36 35 35 35 35 35 33 35 35 33 33 33 33 32 32 32 32 32 32 32 32 33 33 33 33 32 33 32 29 29 29 25 23 23 28 38 78 104 179 208 227 231 233 235 224 189 170 151 123 93 61 33 17 
1 1 1 3 3 4 3 3 3 3 4 4 3 3 2 2 2 1 2 3 4 12 28 42 42 38 30 26 25 21 15 14 14 14 12 10 10 10 11 11 11 12 12 10 9 9 8 5 7 8 9 10 12 14 15 15 16 15 17 23 29 40 47 45 39 33 27 23 18 19 23 31 38 36 29 16 4 0 0 1 0 0 0 1 1 1 2 1 1 1 1 1 1 1 1 1 1 7 18 31 29 23 19 24 30 43 63 74 86 108 141 164 152 108 65 43 38 36 33 33 32 33 33 35 35 35 36 36 37 36 35 35 35 33 33 33 33 33 33 33 33 33 33 33 33 33 33 33 33 33 33 33 33 33 33 32 32 32 32 29 25 24 33 53 82 127 151 209 212 220 221 203 196 175 122 103 80 56 38 26 21 12 
1 1 3 4 3 3 3 3 4 4 4 3 3 2 2 2 2 2 2 2 4 11 24 36 38 37 33 31 30 25 20 16 16 16 12 12 11 10 9 10 10 11 11 10 9 8 7 5 7 7 8 10 12 14 15 16 18 17 20 31 40 49 52 46 42 38 31 27 29 32 35 42 46 44 31 16 4 2 1 1 0 0 0 1 1 1 2 2 2 2 2 1 1 1 1 0 2 14 31 40 31 22 22 25 32 45 60 66 70 77 99 124 133 109 73 46 38 37 35 36 36 36 37 37 37 37 37 37 37 37 36 36 35 35 35 33 33 33 33 33 33 33 33 33 33 33 33 33 33 33 33 33 35 33 33 32 31 31 28 28 29 36 58 102 153 179 194 223 220 196 179 142 123 104 57 47 33 22 17 16 11 7 
1 1 3 3 3 4 3 4 4 3 3 3 3 3 3 2 2 2 1 3 4 7 15 25 36 39 38 36 35 30 24 19 17 15 15 12 11 10 9 9 8 10 9 8 8 7 6 6 6 6 7 8 12 16 18 19 22 20 26 42 50 53 52 50 47 43 39 37 39 42 45 49 51 46 31 16 4 1 0 0 1 1 1 1 1 1 1 1 1 1 1 1 1 1 1 1 7 21 37 42 31 22 23 26 33 47 58 57 56 56 66 92 118 112 82 53 40 37 36 37 38 38 37 38 38 38 39 38 37 36 36 36 35 36 35 35 35 35 35 35 35 35 35 35 35 35 35 33 34 36 36 36 36 36 36 33 33 32 30 29 33 47 80 143 199 214 221 220 188 156 128 85 65 53 29 24 17 13 12 11 9 5 
1 1 2 2 3 4 4 4 4 4 3 3 3 3 3 2 2 2 1 3 5 8 15 25 35 39 40 38 37 32 28 21 16 16 15 12 10 9 8 8 7 9 7 7 8 7 5 6 6 8 7 9 12 17 22 23 26 30 38 51 54 53 54 52 51 47 45 41 40 42 43 46 47 43 30 16 4 1 0 1 1 1 1 1 1 1 1 1 1 1 1 1 1 1 1 3 9 22 37 38 28 22 24 28 33 44 49 45 44 40 44 67 104 119 101 68 44 39 38 38 38 38 38 38 39 38 39 39 37 37 36 36 36 36 36 35 35 35 35 35 35 35 35 35 35 35 35 35 36 36 36 36 37 36 36 33 34 34 32 30 33 46 84 165 212 222 222 202 149 111 80 52 39 32 20 17 13 12 10 9 8 8 
1 1 2 3 3 3 3 3 4 3 3 3 3 2 2 2 2 1 1 4 9 17 24 31 37 40 39 39 39 37 33 28 20 22 17 14 11 10 9 9 8 8 7 8 9 9 8 7 8 9 10 13 17 19 23 29 35 42 50 57 57 56 56 54 52 50 46 38 37 37 38 39 38 36 29 12 4 2 0 1 1 1 1 1 1 1 2 1 1 1 1 1 1 1 1 3 10 20 31 31 23 21 24 26 32 40 40 36 36 31 31 52 94 128 125 88 50 38 36 36 35 35 35 36 36 36 37 37 36 37 35 35 35 35 35 35 35 35 35 35 35 35 35 35 35 35 35 35 35 35 35 35 37 34 33 33 32 32 30 29 33 57 104 178 211 214 205 172 123 80 39 30 26 19 16 14 11 10 10 9 9 8 
2 1 2 3 3 3 3 3 4 3 3 3 3 2 2 2 2 1 2 5 13 23 31 33 37 39 40 43 43 42 39 32 26 27 22 18 18 15 12 12 10 9 8 8 9 9 11 10 11 12 15 19 26 31 32 37 43 50 52 54 54 52 51 50 47 44 40 33 32 31 30 31 29 26 21 10 3 2 1 2 1 1 1 1 1 1 2 1 1 1 1 2 1 1 1 3 6 13 22 22 19 19 23 25 30 38 37 32 33 31 30 50 92 132 143 110 63 37 33 33 32 32 33 33 33 33 34 36 36 36 35 35 33 35 35 35 35 36 36 36 36 36 36 36 36 36 36 36 36 36 35 35 36 36 36 34 32 32 31 30 45 92 149 189 201 192 177 136 79 53 25 18 16 15 12 11 10 10 10 9 9 8 
2 1 2 3 3 3 2 2 3 3 3 3 2 2 2 2 2 1 1 5 14 28 36 36 37 39 43 47 46 43 40 38 34 32 28 24 22 18 18 16 14 12 11 11 10 12 17 18 19 22 25 30 35 39 43 45 47 49 49 47 43 40 38 36 34 33 29 26 26 26 26 26 25 19 11 7 2 2 1 1 1 1 1 1 1 1 1 1 1 1 1 1 1 1 1 2 4 9 17 19 17 18 23 25 30 35 32 26 29 33 38 56 94 138 156 130 79 42 33 33 31 31 31 31 31 32 32 32 32 33 33 33 33 33 35 35 36 37 37 36 36 37 37 36 36 36 36 35 35 35 36 36 37 37 37 38 36 35 35 39 66 116 169 200 196 175 148 96 51 33 16 13 11 11 11 11 11 11 10 10 7 5 
3 2 2 3 2 2 2 2 2 1 2 2 2 2 2 2 1 1 2 4 11 22 31 36 38 40 45 47 45 42 39 39 38 36 32 29 25 23 24 23 21 21 20 19 19 22 27 29 30 32 36 40 43 45 46 43 40 39 38 33 29 28 25 23 23 24 23 23 23 23 24 23 22 16 8 6 2 1 1 1 1 1 1 1 1 1 1 1 1 1 1 1 1 1 1 3 5 9 13 16 17 19 23 25 28 30 30 24 24 35 43 58 89 127 152 141 88 46 33 33 32 31 31 30 30 30 31 31 31 32 32 32 32 32 33 35 36 37 37 37 37 37 37 36 36 36 36 36 35 35 36 36 37 38 39 40 40 43 47 60 97 150 184 196 171 137 109 52 27 20 15 15 11 11 11 10 11 10 10 9 7 5 
2 2 1 1 1 2 1 2 1 1 2 2 2 1 2 3 1 1 2 4 7 15 19 25 30 32 32 33 33 32 33 33 32 31 31 31 31 31 31 30 29 29 29 31 32 35 37 37 37 39 40 42 40 42 39 33 29 26 24 22 18 16 17 15 16 19 23 25 26 26 24 24 23 15 9 5 1 1 1 1 1 1 1 1 1 1 1 1 1 1 1 1 1 1 2 4 8 10 12 16 16 19 23 25 26 28 29 26 29 40 53 66 87 114 143 138 89 46 35 33 34 31 30 30 30 30 31 31 31 32 31 31 32 32 33 35 36 38 38 38 38 38 37 36 36 36 36 36 36 36 36 36 37 39 39 40 40 42 68 88 131 184 212 195 153 111 82 32 15 15 14 12 12 12 11 11 12 10 10 9 7 5 
3 2 2 3 2 2 1 1 1 1 2 2 1 1 4 3 1 2 2 4 5 7 9 11 14 15 16 18 18 19 23 23 25 26 28 31 30 30 30 30 30 30 31 35 37 39 38 36 36 36 35 35 32 30 26 24 19 17 17 15 11 11 11 12 14 18 26 35 38 36 33 31 26 16 10 5 1 1 1 1 1 1 1 1 1 1 1 1 1 1 1 1 1 2 5 8 12 14 13 15 17 21 23 25 28 28 28 30 38 50 61 70 81 103 129 125 88 52 36 32 33 32 29 29 30 30 30 30 31 31 31 32 33 33 35 35 36 38 38 38 38 38 37 36 36 36 36 35 35 36 36 36 38 40 40 41 44 40 71 117 172 216 227 185 138 90 52 20 9 10 10 11 11 11 11 11 10 10 9 9 7 5 
4 4 3 3 3 2 2 1 1 1 2 2 1 2 3 2 1 1 2 3 3 4 4 4 6 6 9 10 9 11 14 15 17 19 21 23 22 21 21 21 21 21 23 24 26 26 25 25 25 25 24 23 21 18 17 17 15 15 15 15 15 15 16 16 16 19 32 45 50 46 44 40 32 23 16 8 2 1 1 0 1 1 1 1 1 1 1 1 1 1 2 1 1 4 9 16 21 19 17 17 19 22 24 26 28 29 30 35 45 57 61 64 71 82 100 110 90 57 38 32 31 32 31 31 30 30 30 31 30 30 32 32 33 35 35 35 36 37 38 38 38 38 37 36 36 36 35 35 35 36 36 36 37 39 39 43 46 36 68 135 198 230 224 178 116 65 29 10 7 10 12 11 10 10 10 9 9 8 8 8 7 5 
4 3 3 4 3 2 1 1 1 1 2 3 2 3 3 1 1 1 2 3 5 7 7 5 6 6 6 9 7 9 11 11 12 11 14 14 14 15 15 15 16 16 17 17 18 17 15 16 17 18 17 17 16 15 17 17 17 19 21 23 23 22 23 23 22 25 38 51 53 54 53 50 44 35 22 9 2 2 1 1 1 2 2 1 1 1 1 1 1 1 1 1 1 7 16 25 28 24 22 22 22 24 26 28 29 33 38 43 52 59 60 60 59 57 74 96 87 58 40 36 33 33 32 31 31 31 31 31 30 30 32 32 33 33 35 35 36 37 37 37 37 36 36 36 36 35 35 35 35 36 36 36 36 37 39 43 47 40 78 148 212 236 224 172 101 52 20 11 10 11 12 12 11 10 10 9 9 8 8 7 5 5 
3 3 4 4 3 2 1 1 1 1 1 3 3 4 4 2 1 1 2 7 14 17 17 14 11 11 12 13 13 13 12 12 12 14 15 15 16 17 18 19 19 19 19 18 18 17 17 18 19 21 21 21 22 24 25 25 24 29 34 34 32 33 33 30 26 31 42 46 50 53 53 52 51 43 29 11 3 2 1 1 1 2 2 2 1 1 1 1 1 1 1 1 2 8 19 29 31 29 25 23 24 26 30 31 33 40 45 49 51 51 50 49 44 42 60 77 77 64 44 39 36 33 32 32 31 31 31 31 31 31 32 32 33 33 35 35 36 36 37 37 37 37 37 36 36 35 35 36 36 37 37 37 39 40 44 44 47 59 109 177 224 242 223 159 85 37 16 13 11 11 12 11 10 10 10 9 8 8 7 7 5 4 
2 3 4 4 4 2 1 1 1 1 1 3 2 4 4 1 1 1 2 14 24 26 25 23 21 22 21 22 23 23 24 24 23 26 26 25 26 28 30 30 29 29 29 26 26 26 28 29 30 31 29 29 31 33 34 33 32 38 43 41 40 42 39 32 26 29 31 36 43 46 49 47 45 40 29 11 2 1 1 1 2 2 2 2 1 1 1 1 1 1 1 1 2 8 18 28 32 33 30 25 25 28 32 36 40 45 47 47 46 43 40 37 35 39 58 72 80 73 51 39 38 33 33 33 31 31 32 32 31 31 32 32 32 33 33 35 36 36 37 37 37 37 37 36 36 35 35 36 36 37 37 37 39 40 43 44 50 73 144 215 240 250 228 158 77 28 15 14 11 11 11 11 10 10 10 9 8 8 7 5 4 4 
3 3 4 4 3 2 1 1 1 1 2 2 2 3 2 1 0 0 5 19 29 30 31 31 31 32 31 31 32 32 35 35 35 37 37 37 37 37 38 37 37 38 38 38 39 39 40 40 43 42 40 39 38 38 38 38 40 43 45 44 43 39 35 28 23 22 22 26 33 36 38 38 37 30 22 10 1 1 1 1 2 2 2 2 1 1 1 1 1 1 1 1 2 5 15 26 33 35 30 25 26 30 33 38 44 47 46 42 39 37 35 35 32 38 58 75 89 87 58 39 38 35 33 33 33 33 32 31 31 31 32 32 33 33 35 35 36 36 37 37 37 37 36 35 35 33 33 33 35 36 37 37 39 41 42 42 52 87 172 219 246 246 224 156 74 32 15 13 11 10 9 9 9 8 9 9 8 7 7 5 4 4 
3 3 3 2 2 2 1 1 1 1 2 2 2 2 1 1 1 1 8 23 32 35 37 38 40 40 40 43 43 42 39 40 40 42 42 42 42 42 42 40 40 42 43 44 44 44 44 46 47 46 45 44 40 38 37 37 37 38 38 37 33 29 24 23 23 19 19 21 24 26 30 32 31 22 12 6 2 2 1 2 2 2 2 2 1 1 1 1 1 1 2 2 3 8 17 26 32 33 29 26 29 35 38 42 44 44 40 35 31 29 31 32 32 42 61 85 106 104 72 47 39 37 37 36 34 34 33 33 33 33 32 32 33 33 35 35 35 35 36 37 36 36 35 33 33 32 32 33 33 35 35 36 38 40 40 42 75 137 200 228 243 243 213 155 74 31 17 15 10 10 9 10 10 9 9 8 7 7 5 4 4 4 
3 3 3 2 2 2 1 1 1 1 1 1 2 2 2 2 1 1 7 17 28 35 37 38 40 43 43 41 40 39 40 40 39 37 37 37 37 37 36 36 36 35 37 38 39 39 41 41 43 43 41 40 38 36 33 31 28 26 25 24 23 22 22 22 23 22 22 22 23 25 28 30 35 25 15 5 0 2 2 2 1 2 2 2 1 1 2 2 1 1 1 1 2 5 17 26 31 30 28 30 33 38 43 45 46 42 35 29 26 30 35 37 40 51 71 95 117 114 79 49 41 40 38 37 36 36 35 35 35 33 33 32 33 33 35 35 36 37 38 38 37 37 37 36 33 32 32 33 35 36 36 37 38 40 40 47 103 178 215 235 234 234 210 143 65 30 16 11 9 10 10 10 10 9 9 8 7 7 4 4 4 4 
3 3 3 2 2 1 1 1 1 1 1 1 2 2 2 2 1 1 4 11 21 28 29 29 31 33 32 30 28 29 31 30 29 28 26 25 24 24 24 24 24 24 26 28 28 30 31 31 32 31 31 31 30 29 25 23 19 18 15 15 17 19 22 25 28 25 28 29 30 30 32 35 37 30 17 5 1 3 2 3 3 2 2 2 2 2 2 2 2 2 2 1 2 8 18 25 30 30 30 36 42 44 44 46 43 37 30 26 28 35 44 52 57 64 77 95 113 113 84 46 38 41 38 37 36 36 36 36 36 33 33 33 33 35 35 35 36 37 37 37 37 37 36 36 35 33 32 33 35 36 36 37 39 42 39 61 128 198 222 234 233 228 200 128 58 26 14 10 9 9 9 9 9 9 9 8 7 7 5 4 4 5 
3 2 2 1 2 1 1 1 1 1 2 2 2 2 2 2 1 1 4 9 12 16 18 18 19 21 21 18 17 17 17 18 18 18 17 17 16 15 15 15 15 15 16 17 19 19 18 21 21 21 21 22 19 19 17 15 12 12 11 14 16 22 29 38 39 39 39 40 40 40 43 46 45 38 23 10 4 3 2 4 4 3 2 3 3 3 2 3 3 3 3 1 3 10 18 24 31 32 35 44 47 46 43 40 35 26 22 23 30 38 46 56 64 66 73 85 97 103 90 54 38 40 37 36 36 36 36 36 36 35 33 35 35 36 36 37 37 37 37 37 37 36 37 37 35 33 32 33 35 37 37 38 40 43 40 71 147 213 227 235 233 223 181 114 53 25 14 9 10 10 9 9 9 9 9 8 7 7 5 4 4 5 
3 2 1 1 1 1 1 1 1 1 2 2 2 2 2 1 0 1 3 8 9 10 10 10 11 11 11 11 10 10 9 10 9 8 7 8 8 8 8 8 8 8 8 9 11 13 14 16 17 17 17 17 16 15 14 11 9 10 10 12 16 25 36 46 51 52 51 52 52 52 52 52 51 44 29 14 5 1 1 4 4 3 3 3 3 3 3 3 4 4 3 2 4 12 21 29 33 34 39 46 46 40 35 31 26 21 21 25 37 45 50 53 59 59 60 68 79 88 88 61 40 40 38 36 36 36 37 37 37 35 35 36 36 36 36 37 37 37 37 36 36 34 36 37 35 33 33 35 37 38 39 39 41 43 41 75 160 228 227 237 234 215 166 97 44 24 11 9 10 9 9 9 9 8 8 7 7 7 4 4 4 4 
3 2 2 2 1 1 1 1 1 1 2 2 2 3 3 2 1 1 4 9 11 11 11 10 10 10 9 9 8 8 8 7 8 6 4 6 7 7 8 8 9 9 10 10 9 12 15 16 16 16 15 15 14 15 14 12 11 10 11 12 15 23 33 43 51 54 54 55 54 54 54 54 52 44 29 15 5 2 1 3 4 4 3 3 2 3 3 3 3 3 3 2 5 16 25 32 37 40 44 45 42 35 28 24 21 21 26 35 40 46 51 53 54 52 49 51 64 79 81 60 39 38 38 36 36 36 37 37 37 35 36 36 35 35 35 35 36 36 36 35 35 33 33 33 33 32 33 35 37 38 39 39 41 43 47 80 165 234 229 241 233 206 152 80 37 20 10 9 9 8 10 9 8 7 7 7 7 7 4 4 4 4 
4 2 2 2 1 1 1 1 1 1 2 2 3 3 3 2 2 4 10 16 18 17 15 15 15 13 11 11 11 10 10 10 10 9 6 7 8 9 11 11 11 11 12 13 12 18 22 22 22 19 18 18 17 16 17 16 16 15 14 14 14 18 25 35 42 46 48 51 50 50 52 51 50 44 31 17 5 1 1 2 3 4 4 3 2 2 3 2 2 2 2 3 8 17 25 35 43 46 45 42 36 28 23 19 19 22 30 36 39 42 43 44 44 40 38 39 55 75 80 61 38 36 37 35 35 35 36 36 36 35 35 36 35 35 35 35 35 35 35 33 33 32 31 30 30 29 30 32 33 36 36 38 40 43 56 80 165 231 231 235 228 186 125 63 31 17 10 9 9 8 10 9 8 7 7 7 7 7 5 4 4 4 
4 2 1 1 1 1 0 0 1 1 1 2 2 4 3 3 4 8 14 21 23 25 22 19 17 15 15 15 15 13 13 13 10 8 9 10 11 12 13 13 13 13 12 12 15 22 26 29 30 29 28 24 18 17 17 17 16 17 15 14 13 15 21 28 36 41 43 42 42 42 40 39 39 38 30 16 5 2 1 1 4 5 5 4 1 1 2 2 1 1 2 3 8 16 26 34 43 45 43 37 31 24 21 18 18 22 29 35 37 37 35 35 35 35 35 38 54 79 85 70 50 45 43 39 38 37 38 38 38 39 40 41 41 41 39 40 40 40 41 40 40 39 38 37 36 34 36 37 37 39 39 39 40 45 58 105 188 232 233 229 202 151 89 50 27 16 9 9 9 8 8 8 8 7 7 7 5 5 4 4 4 4 
3 2 1 1 0 0 0 0 1 1 1 1 2 4 3 4 9 12 18 24 26 28 25 23 19 18 17 17 17 15 15 15 12 10 10 11 12 12 13 15 17 15 12 12 12 21 25 28 30 32 30 23 18 17 15 15 14 15 15 14 13 16 19 23 29 36 36 32 32 32 31 29 30 31 24 14 5 2 1 1 3 4 4 3 1 1 2 1 1 1 2 4 8 16 26 33 37 40 37 30 24 19 18 17 19 22 25 30 30 29 28 28 28 29 32 36 57 88 101 95 73 61 59 56 54 54 54 54 54 52 51 51 51 51 51 50 50 50 51 51 50 50 50 48 47 46 46 46 45 45 45 44 44 46 98 172 213 235 233 224 189 132 80 42 20 16 10 8 8 8 8 8 7 7 7 7 7 7 4 4 4 4 
2 1 1 1 1 1 0 1 1 1 1 1 2 4 4 8 17 19 22 26 25 25 25 24 23 22 22 20 20 18 17 16 16 12 11 12 13 13 13 13 14 14 12 11 12 16 21 22 23 26 24 18 17 15 12 12 12 15 15 14 13 15 19 19 23 28 28 25 26 26 25 24 24 24 21 12 6 3 1 1 2 4 4 2 1 1 2 2 0 0 3 4 8 16 25 28 30 31 26 19 17 15 16 18 21 23 25 26 26 25 22 24 25 26 30 42 67 102 120 111 87 74 68 67 67 68 67 66 64 61 61 61 61 63 63 63 64 64 64 64 63 63 61 61 60 59 59 59 58 58 56 54 57 65 104 174 227 229 228 216 171 108 66 38 18 15 11 9 8 10 9 9 7 7 8 8 8 8 4 4 4 4 
2 1 1 1 1 1 0 0 1 1 1 1 2 3 4 10 14 17 22 26 26 28 29 26 25 25 26 26 26 25 25 25 24 23 19 21 20 19 18 18 16 15 14 14 14 16 18 19 19 22 18 15 14 11 11 11 12 12 13 12 11 15 18 17 19 23 22 23 24 24 22 21 22 22 18 12 6 3 1 2 3 3 3 3 1 1 2 2 2 2 2 3 8 16 23 24 23 21 16 13 14 14 15 17 21 23 25 25 26 25 24 29 33 38 47 60 75 103 127 122 101 84 78 78 79 79 77 74 72 72 72 72 72 72 72 72 73 73 73 73 72 72 72 71 70 70 70 70 68 68 65 57 70 81 103 158 222 234 229 205 152 95 55 40 31 21 12 9 8 11 13 11 8 7 8 6 8 8 7 7 5 4 
2 1 0 0 0 1 0 1 1 1 1 2 3 6 8 11 16 21 24 26 26 28 28 25 25 27 27 27 26 25 25 26 26 25 23 24 22 22 21 19 18 17 15 12 12 14 15 15 15 16 14 12 11 10 11 11 11 10 11 11 11 13 14 14 18 22 24 26 26 23 21 19 23 25 24 17 8 4 2 2 3 1 2 3 2 2 3 3 2 2 3 4 10 15 18 18 17 15 13 13 14 16 18 19 22 23 23 24 26 28 33 39 45 56 65 71 77 93 127 131 111 89 84 85 84 82 82 82 81 81 79 79 79 79 81 81 81 81 81 81 80 80 80 79 78 78 78 78 75 77 74 70 79 86 97 143 196 208 213 188 139 92 52 45 46 31 18 10 5 9 12 11 8 8 7 5 7 7 7 7 4 3 
1 1 0 0 0 1 0 0 1 1 1 1 3 8 10 15 19 23 24 25 25 26 25 25 26 27 27 27 29 29 29 29 30 29 27 26 25 24 22 21 19 17 15 14 14 15 15 14 14 14 12 11 9 9 11 11 11 11 12 12 12 12 12 14 18 23 30 33 31 23 18 19 26 31 31 22 9 5 2 1 1 1 1 1 1 2 2 1 1 1 3 5 12 15 15 17 16 12 12 12 13 15 17 21 24 25 28 32 35 39 49 56 61 67 68 73 72 86 120 135 121 94 88 89 88 88 88 86 86 86 84 84 84 84 86 86 86 86 86 86 85 85 85 83 82 82 82 82 81 82 82 84 86 88 86 101 147 179 193 180 141 93 64 64 64 43 32 15 5 9 10 9 7 8 7 7 7 8 7 5 4 3 
1 1 0 0 1 1 1 1 1 1 2 2 2 4 8 13 18 20 22 24 24 24 25 25 26 26 28 29 31 31 29 30 31 31 31 31 31 30 29 25 23 20 17 16 16 16 19 18 19 19 15 11 12 12 12 12 13 17 17 15 15 12 12 13 17 24 33 38 35 25 18 21 28 35 33 22 10 5 3 1 1 1 1 2 2 1 2 1 0 1 2 5 11 12 14 16 16 14 13 12 14 17 21 28 32 37 39 44 46 52 61 65 66 67 67 66 63 74 104 123 120 95 87 86 87 88 87 87 86 87 87 87 87 87 87 87 87 87 87 86 86 86 86 86 85 85 85 85 87 87 87 88 90 86 84 96 125 156 177 178 144 108 95 97 88 55 40 23 15 18 15 10 8 9 7 7 7 8 7 5 4 4 
1 0 0 1 1 1 1 1 1 1 2 2 2 3 5 8 11 12 13 16 16 17 18 19 22 23 25 26 27 26 28 30 30 31 31 32 33 34 32 30 29 26 24 23 22 22 26 26 29 26 20 17 15 13 13 13 16 22 21 19 19 16 12 13 16 23 35 42 39 29 21 21 28 32 30 21 10 5 3 1 1 1 2 3 3 2 1 1 1 2 3 5 10 12 14 15 15 16 19 21 24 32 35 43 47 51 53 53 56 59 63 63 60 59 58 56 50 54 82 107 115 99 88 86 87 88 88 88 88 88 89 88 88 88 88 88 88 88 88 87 87 88 88 88 87 87 87 87 88 89 88 89 91 88 87 94 108 129 152 158 146 139 142 139 114 71 47 24 18 17 14 11 9 9 7 7 8 7 5 5 4 4 
3 1 1 1 1 1 1 1 2 2 2 2 1 1 3 4 3 4 3 4 5 8 10 14 15 17 19 22 23 22 25 29 30 30 31 33 33 34 32 33 33 32 30 30 30 32 31 31 33 30 27 22 18 16 15 16 17 21 26 29 23 15 12 13 15 19 32 41 37 29 23 23 28 30 28 19 11 6 2 1 1 1 3 3 3 3 2 2 2 2 3 4 10 15 15 17 18 21 28 33 40 46 49 51 53 54 53 52 52 52 51 50 46 40 38 38 38 43 67 94 108 100 92 89 92 90 92 90 90 90 90 89 89 89 89 89 89 89 89 88 88 88 88 88 88 88 88 88 88 88 88 89 92 89 92 94 97 103 112 130 149 153 169 177 155 93 61 35 22 12 7 8 8 8 8 8 9 8 5 4 4 4 
4 2 1 1 1 1 1 1 2 2 2 2 1 1 2 2 2 2 2 2 3 3 4 8 11 15 16 18 19 18 22 23 25 27 29 30 31 33 32 33 35 35 35 35 36 37 36 37 38 38 36 29 22 17 16 16 16 23 29 29 21 14 12 12 13 18 26 32 30 26 23 23 25 29 26 18 10 5 2 1 1 2 3 3 3 3 2 2 1 1 2 3 9 16 19 23 26 30 37 45 50 52 52 51 50 49 46 44 44 43 39 38 35 30 28 26 31 40 60 85 103 104 97 92 93 93 93 93 93 92 92 92 92 90 92 90 90 90 90 90 90 90 90 92 92 92 92 92 90 90 90 90 90 90 93 94 94 89 107 125 155 179 193 192 163 103 61 43 36 24 8 8 5 7 8 8 8 8 5 5 4 4 
4 2 2 1 1 2 1 1 1 1 1 1 1 1 1 1 1 2 2 2 2 2 2 5 10 12 15 17 17 19 20 20 23 24 25 25 28 29 31 31 33 33 36 36 36 38 40 43 45 45 39 33 25 17 16 15 16 23 26 23 17 14 12 11 13 16 22 24 23 23 24 24 24 25 24 17 9 6 3 2 2 3 2 2 3 4 4 3 1 2 1 2 9 17 24 30 32 38 44 47 47 46 46 44 42 37 35 35 35 32 30 30 31 30 28 25 30 42 63 89 109 109 102 94 94 94 95 95 94 94 94 93 93 93 92 93 93 92 92 92 92 92 93 94 94 94 94 93 93 93 92 92 90 92 92 92 93 93 114 130 164 202 212 202 163 116 72 56 38 18 10 8 9 8 8 8 8 8 5 5 4 4 
4 2 1 1 1 1 1 1 1 1 1 1 1 1 1 1 1 1 2 2 1 1 1 3 8 11 12 15 15 16 17 17 19 20 21 22 23 24 26 28 30 31 34 34 35 36 40 40 43 41 38 35 25 17 13 15 18 22 23 21 15 13 12 11 13 15 16 17 18 18 19 20 22 21 19 16 10 8 3 2 2 2 2 2 4 4 3 3 2 2 2 5 14 18 26 32 33 37 42 42 39 37 37 35 31 28 28 28 28 25 23 24 26 29 30 29 38 45 73 102 118 114 104 95 93 93 94 95 93 93 92 92 90 90 90 89 89 89 89 89 89 89 89 90 90 90 90 89 89 90 89 89 89 89 89 89 89 90 105 123 166 207 209 198 163 123 110 80 43 17 10 7 8 8 8 8 8 6 4 4 4 3 
3 1 1 1 1 2 2 1 1 1 1 1 1 1 1 1 1 1 2 1 1 1 2 5 9 11 12 15 19 22 20 20 17 17 17 18 19 21 23 24 26 28 30 31 32 33 35 36 37 37 36 31 24 16 11 13 17 18 19 17 14 11 11 12 12 12 15 16 14 15 18 18 17 16 16 16 12 8 4 2 1 1 2 2 2 2 3 3 1 1 3 8 16 22 26 30 31 31 31 28 25 24 23 23 23 24 25 26 26 26 26 29 30 33 36 42 52 59 82 111 128 120 104 92 88 88 88 88 89 89 87 87 86 86 85 85 85 85 85 84 84 84 84 85 85 85 85 84 84 84 82 84 84 84 84 84 85 84 90 109 160 203 207 184 153 134 124 81 43 20 9 8 5 5 6 6 6 6 4 4 3 3 
2 1 1 1 1 2 2 1 1 1 1 1 1 1 1 1 1 1 2 2 2 2 3 8 11 11 12 15 20 23 23 20 17 15 14 16 16 17 18 21 24 25 28 30 31 33 32 33 35 32 31 26 18 11 11 13 14 15 16 15 12 11 12 12 12 12 15 15 13 14 16 17 15 16 18 19 15 9 5 2 1 1 2 2 3 3 4 4 1 1 4 12 22 24 23 22 23 24 21 16 15 14 15 16 23 26 28 29 29 32 36 40 44 45 50 58 64 71 86 111 132 121 100 87 84 82 80 79 80 80 79 79 78 78 78 77 77 77 75 74 75 75 75 77 77 77 77 75 75 75 74 74 74 75 75 75 77 74 79 99 149 191 195 172 152 137 120 70 35 17 9 8 5 5 6 6 6 5 4 4 3 3 
2 2 1 1 2 3 3 2 2 2 3 4 4 5 3 3 3 3 5 6 5 5 8 8 9 12 15 15 17 18 19 19 18 16 15 15 16 17 21 22 24 25 29 31 31 33 35 35 35 31 29 24 14 9 12 13 13 15 15 15 15 14 13 13 13 15 14 14 14 14 16 16 18 22 24 24 18 11 6 4 1 1 2 3 3 4 3 2 2 2 5 15 23 22 19 17 19 18 15 14 15 15 16 21 29 31 32 36 40 44 51 57 59 59 63 66 68 73 85 107 131 123 97 80 75 73 71 71 72 72 71 71 71 69 68 67 66 66 66 66 65 66 67 67 68 68 68 68 68 68 67 68 67 67 67 68 70 67 79 95 141 178 180 167 159 144 102 56 33 20 10 5 5 4 5 5 5 5 5 5 3 3 
3 2 1 2 3 4 3 3 2 3 5 6 8 9 9 9 9 9 11 11 11 12 13 13 15 16 18 18 20 20 22 22 22 22 21 21 22 22 24 24 25 26 30 33 33 36 37 37 35 33 32 28 16 11 12 13 14 18 19 19 17 15 14 14 16 17 15 15 15 15 17 17 19 24 30 27 18 11 8 4 2 1 2 3 3 3 2 2 2 4 7 12 17 19 18 17 16 15 16 19 22 23 24 29 39 43 44 51 54 58 64 67 67 68 67 66 66 66 75 96 122 120 93 77 74 70 68 68 68 68 66 66 66 65 64 64 64 64 64 63 63 63 64 64 64 65 65 65 65 66 65 65 64 64 65 64 65 64 77 95 139 174 179 172 165 139 89 47 35 26 14 5 5 4 5 5 4 5 5 5 3 4 
2 2 1 3 5 5 3 3 3 4 6 8 9 11 11 11 12 13 13 15 15 16 16 17 18 19 19 21 22 23 24 24 24 24 25 25 25 26 25 26 28 29 31 33 33 35 38 37 36 36 35 31 21 15 12 15 17 23 30 31 24 16 14 16 18 17 17 17 16 17 19 19 22 26 30 27 19 12 9 5 3 2 1 1 2 2 2 2 2 4 7 11 15 18 19 18 19 19 23 26 34 37 40 49 52 53 56 58 60 61 61 61 64 65 64 60 60 59 64 82 108 113 93 76 73 66 68 67 66 66 65 65 64 63 63 63 64 61 61 61 60 61 61 61 61 61 63 61 63 63 63 61 63 64 64 64 64 64 73 95 143 172 171 164 166 129 86 50 42 35 17 5 8 5 4 4 3 3 3 3 3 4 
2 1 0 4 8 6 4 3 4 6 9 10 10 13 12 12 15 15 16 16 16 17 17 18 19 18 21 21 22 23 24 25 25 25 26 26 26 28 26 26 28 29 29 31 31 32 37 37 38 39 37 35 28 21 18 18 21 32 39 38 31 18 14 18 23 24 23 19 18 19 21 21 22 26 31 27 21 14 9 5 3 2 1 1 1 1 2 2 2 4 8 12 17 22 24 24 26 30 35 39 44 46 47 52 56 56 58 58 58 56 54 53 54 57 56 51 46 42 47 61 88 102 96 81 73 64 68 67 66 65 65 64 64 63 64 64 64 63 61 59 60 60 60 60 61 63 63 64 65 61 61 63 65 66 66 65 65 64 63 95 149 165 185 174 167 100 63 60 53 50 22 7 8 5 4 4 3 3 4 4 3 3 
9 8 10 11 10 9 7 4 5 7 9 10 11 14 15 15 15 15 15 14 15 15 16 16 18 18 18 19 21 21 23 23 24 25 25 26 26 28 28 28 28 28 28 29 30 30 36 37 40 39 38 37 37 30 24 22 24 35 43 40 31 22 17 20 26 30 26 22 19 18 21 19 18 23 28 26 21 14 10 6 3 3 1 1 1 1 2 2 2 4 10 15 21 25 30 32 35 37 42 45 46 47 49 49 50 52 52 51 50 46 44 43 43 43 45 43 39 37 37 47 78 95 97 85 73 74 71 66 65 64 64 61 61 61 64 65 64 64 61 61 61 60 61 61 63 63 63 65 66 60 60 64 66 68 69 67 65 77 103 132 169 185 201 199 162 94 57 57 52 39 19 10 7 5 5 4 3 3 4 4 3 3 
14 12 15 15 14 12 11 9 8 10 11 12 11 12 15 15 12 12 10 8 9 10 10 11 12 12 14 15 16 17 18 19 21 22 23 23 24 24 25 25 25 25 24 26 29 30 33 35 38 39 39 39 36 31 25 24 29 30 40 40 33 24 17 20 26 26 24 20 17 16 16 16 17 22 24 23 19 14 9 6 3 2 1 1 1 1 2 2 2 5 12 18 23 26 32 39 43 42 43 43 43 43 42 42 40 42 42 40 39 38 33 31 31 31 31 33 38 38 39 47 79 99 101 88 83 81 73 66 65 64 63 61 61 64 65 65 66 67 67 67 66 66 66 66 65 65 65 67 68 63 63 67 68 70 76 88 107 137 177 195 212 221 214 216 157 89 45 42 40 20 12 10 8 7 4 4 3 3 4 4 3 3 
12 15 17 17 17 17 16 15 14 15 15 15 12 11 11 10 8 8 5 4 4 4 5 4 4 5 8 10 11 11 12 16 16 16 17 19 19 19 21 21 21 22 22 25 26 28 30 33 37 38 41 40 37 33 27 29 30 31 33 33 28 19 16 18 24 24 20 16 13 12 13 13 13 16 18 19 17 14 11 8 4 2 0 1 0 0 1 1 2 9 18 25 30 33 39 43 43 42 38 36 35 35 35 33 32 31 31 30 29 28 26 25 26 26 28 30 36 40 46 58 88 111 114 99 87 74 66 68 66 67 67 67 67 66 67 67 68 70 70 68 71 69 69 71 68 68 67 67 68 71 72 71 73 84 113 153 192 214 224 213 209 210 197 176 125 59 19 29 30 15 8 9 8 7 5 5 4 3 4 4 3 3 
14 15 18 18 18 18 16 16 16 16 16 15 12 10 10 8 5 5 4 3 3 3 3 3 3 4 4 5 5 7 8 9 10 11 14 15 15 15 16 17 18 19 22 23 24 26 30 31 35 37 39 40 38 37 34 32 33 33 31 25 21 18 17 18 22 20 18 15 12 12 11 12 12 14 16 17 16 15 12 10 4 2 0 0 0 0 1 1 3 12 22 30 36 39 40 39 37 36 32 29 28 28 28 26 25 26 26 24 23 23 25 26 26 28 32 36 43 50 59 68 99 130 142 117 91 83 71 71 68 70 70 70 68 68 67 68 68 70 71 71 72 71 71 71 70 70 70 70 68 72 71 73 94 127 170 206 220 212 180 148 139 143 152 129 82 37 18 26 26 10 5 9 8 7 5 5 4 3 3 3 3 4 
15 15 18 17 17 17 17 17 16 16 15 14 11 9 8 7 3 3 4 4 3 3 2 2 3 4 4 5 7 7 7 8 9 11 14 14 15 16 16 16 17 18 23 24 24 26 29 29 31 33 36 38 39 40 38 37 35 32 29 25 21 19 18 18 19 18 17 16 13 12 11 12 12 14 16 16 16 15 13 10 4 2 0 0 1 1 0 1 4 12 23 31 36 38 36 32 30 28 24 23 23 24 24 25 26 28 28 25 24 25 28 33 33 33 44 52 56 61 71 79 115 151 165 137 106 93 72 71 70 71 71 72 70 68 67 68 68 68 71 71 67 68 67 68 69 71 73 75 72 71 74 92 135 179 200 189 162 132 97 86 88 90 99 92 57 31 23 26 24 12 8 9 8 7 5 5 5 4 4 4 4 4 
15 15 18 16 16 16 16 16 16 14 11 9 9 8 5 4 4 4 7 7 7 7 5 7 8 9 11 11 12 12 12 12 15 15 16 16 17 18 19 19 21 22 25 25 26 29 28 29 31 33 35 36 38 40 39 38 37 31 28 25 23 19 17 18 19 19 19 16 14 12 12 12 11 12 15 17 17 15 15 12 7 3 1 0 0 0 0 1 4 12 21 26 29 30 28 24 23 22 21 23 25 28 29 31 35 36 36 35 33 35 39 44 45 46 52 59 63 70 77 84 122 159 177 148 110 92 70 70 70 70 70 70 68 67 67 67 67 67 69 69 67 67 66 67 68 71 68 73 73 77 101 141 182 194 164 117 85 71 63 68 72 77 71 63 43 33 32 28 22 15 11 8 7 8 8 8 8 8 8 7 5 5 
18 16 15 15 14 14 12 12 11 10 7 7 7 8 8 7 7 8 10 11 11 11 11 11 12 14 16 16 16 16 18 18 19 18 19 18 19 21 21 21 22 23 25 26 28 29 29 30 31 31 31 33 35 35 37 37 37 32 30 27 23 19 18 16 17 21 21 18 14 13 12 11 10 12 16 19 19 18 17 17 10 4 1 0 0 0 0 1 4 10 15 19 22 23 22 19 21 22 24 26 30 33 36 40 43 45 45 46 44 46 53 56 57 58 58 58 60 66 64 70 96 121 144 129 103 86 69 73 70 67 67 67 67 67 66 67 67 66 67 68 66 65 65 66 67 68 68 71 75 102 153 194 192 150 97 67 60 60 61 68 71 75 64 54 38 29 32 31 23 19 17 12 11 11 9 9 9 10 10 9 8 6 
23 18 14 14 12 11 10 9 8 5 4 5 8 8 10 10 10 10 10 11 11 11 11 12 15 14 15 16 16 17 18 21 21 21 21 21 21 21 21 21 22 23 25 26 26 29 29 29 30 30 31 31 32 35 36 37 36 32 27 25 19 17 16 12 14 18 23 22 17 18 16 11 10 12 17 21 22 21 19 17 11 4 2 0 0 0 0 1 4 8 12 16 18 19 21 21 24 26 30 33 39 45 47 51 52 54 56 53 53 56 57 57 57 58 57 54 52 54 54 58 71 95 114 117 106 86 69 74 70 66 67 66 65 65 65 66 67 68 67 68 67 65 64 66 67 67 79 71 84 131 209 214 154 94 61 58 58 57 56 64 66 66 62 59 50 39 34 34 29 26 31 22 20 19 17 15 12 11 11 11 9 8 
22 17 14 12 11 9 8 5 3 3 4 5 8 10 10 10 10 10 10 10 10 10 10 11 12 12 12 14 14 15 16 17 17 17 17 18 19 19 21 21 21 22 23 25 28 29 30 30 30 30 31 31 32 32 33 35 36 31 25 23 18 15 14 10 10 17 23 28 26 23 18 14 12 14 17 22 24 23 22 17 11 5 1 0 0 1 0 1 5 14 18 19 22 24 26 29 33 37 39 44 49 53 56 56 57 56 56 53 52 52 50 49 49 46 46 45 42 44 47 46 58 87 97 107 106 82 68 72 67 68 67 66 67 67 68 72 74 71 70 70 67 64 64 65 67 66 68 67 103 173 213 164 97 64 56 56 54 52 54 61 63 60 60 59 56 51 45 40 40 38 37 27 30 27 26 24 19 16 20 12 8 5 
17 15 14 11 10 9 7 5 3 3 5 8 10 10 10 10 10 10 10 9 10 10 11 11 11 11 12 14 14 15 15 16 15 15 16 17 17 18 18 18 18 21 21 23 25 29 30 31 30 31 31 31 30 30 31 32 34 31 26 22 19 16 14 9 8 16 24 29 31 25 19 17 17 15 16 22 25 23 22 18 11 7 2 0 0 0 0 0 4 15 23 23 26 26 29 35 40 44 46 49 49 49 47 47 46 47 46 43 40 40 40 39 38 38 37 37 39 43 44 49 63 82 99 106 100 84 73 70 69 69 67 67 75 72 67 77 77 72 72 68 67 65 64 67 65 65 71 111 164 184 146 97 72 60 53 52 53 56 58 59 61 61 59 58 57 54 51 50 53 51 43 36 38 33 30 31 29 26 25 15 6 5 
14 14 12 12 11 10 9 8 5 5 8 10 10 10 10 9 9 10 10 10 11 11 12 12 12 12 15 15 14 14 15 15 15 16 17 17 17 18 18 18 18 21 22 23 25 26 29 30 31 31 30 30 30 30 31 32 32 30 27 24 18 15 11 8 8 12 18 24 24 23 22 22 21 18 17 23 24 22 19 16 10 5 2 0 0 0 0 1 5 15 23 24 26 29 30 33 37 42 44 44 40 38 37 35 32 33 31 30 30 31 31 33 38 40 39 40 47 52 54 64 77 94 118 132 117 92 82 77 73 68 66 66 69 67 65 68 70 71 72 65 67 68 69 69 66 81 116 189 213 165 100 71 60 54 52 51 53 56 58 60 64 62 60 58 57 54 52 54 54 54 50 44 42 42 39 38 37 35 33 22 10 6 
12 14 14 14 14 14 11 10 9 9 11 12 12 12 12 11 10 11 11 11 12 12 14 15 16 17 18 18 17 17 17 17 17 17 19 19 19 19 19 19 19 21 24 24 25 26 26 28 29 29 30 30 30 30 31 31 31 31 27 22 18 15 10 5 6 9 10 14 18 22 20 20 21 17 17 18 18 17 16 11 7 4 1 0 0 0 0 2 4 10 16 21 23 29 28 28 29 31 32 31 30 29 29 28 26 28 29 33 36 36 36 40 46 46 49 56 63 67 71 79 88 95 117 139 125 97 86 81 74 68 68 70 71 71 70 71 72 70 68 70 68 71 69 65 79 117 182 227 199 135 84 65 53 53 53 51 53 56 58 60 64 64 60 59 57 56 54 53 53 53 52 46 46 46 46 46 47 46 46 30 7 5 
14 15 15 15 15 15 14 12 12 11 12 15 14 12 11 10 10 11 11 11 12 12 12 14 16 17 18 19 18 19 19 21 21 19 21 21 21 22 22 22 23 24 25 25 25 26 26 28 28 28 28 29 29 29 28 28 29 29 23 18 16 13 7 2 3 4 6 8 13 17 17 17 15 14 14 12 12 11 10 9 5 4 1 0 0 0 0 1 3 6 11 14 17 21 22 23 22 23 24 24 25 26 30 30 29 35 40 45 47 47 49 51 52 53 57 66 78 85 87 93 94 93 110 132 123 96 79 73 72 73 74 67 68 71 71 70 71 71 67 67 67 68 65 59 73 122 196 200 153 109 74 61 54 53 52 50 52 54 57 59 61 61 60 59 58 57 56 54 55 55 54 51 49 47 47 49 51 51 51 32 8 4 
15 15 16 16 16 16 16 15 15 14 15 15 14 12 9 9 10 11 11 11 12 12 12 14 15 17 17 17 18 19 21 23 23 23 23 22 23 24 24 24 25 26 25 26 25 26 26 28 28 28 26 28 28 28 26 25 26 24 19 16 12 9 3 1 1 2 3 4 8 10 11 11 12 11 11 11 10 10 9 6 5 4 1 0 0 0 0 1 2 5 9 14 15 14 17 19 18 19 22 24 28 33 38 39 39 45 49 52 54 53 53 53 54 57 58 66 82 95 100 102 99 97 108 115 106 88 77 70 71 72 66 66 71 67 67 68 69 69 66 65 67 68 67 65 72 116 170 153 107 87 66 58 57 54 52 49 51 53 56 59 61 61 60 59 59 58 56 56 55 55 54 53 51 50 49 47 49 47 46 32 12 5 
16 16 16 17 16 16 16 16 15 14 14 12 11 11 9 9 10 11 11 12 12 11 12 12 12 15 16 16 17 17 19 21 22 23 23 23 23 23 24 24 24 25 26 26 26 26 26 26 28 28 26 28 26 25 24 24 22 21 18 15 10 5 1 0 1 1 1 2 4 7 9 10 10 10 11 11 10 10 8 6 4 4 1 1 0 0 0 1 2 4 5 14 23 19 18 23 26 30 32 35 42 45 49 50 51 52 53 54 54 51 45 43 43 39 37 45 68 90 100 109 108 101 92 85 79 79 73 68 71 71 68 66 70 67 67 68 69 71 68 67 66 67 69 69 75 111 140 123 86 67 60 57 57 54 51 50 51 53 56 58 60 60 60 58 58 58 58 57 56 56 54 53 51 50 49 47 45 43 43 32 14 6 
17 17 16 17 16 16 16 15 14 12 12 11 11 10 10 10 11 11 11 12 11 10 11 12 12 14 15 15 15 16 17 18 18 19 21 21 21 22 23 23 24 24 25 25 25 26 26 26 28 26 26 26 25 24 24 23 21 19 17 12 6 3 0 0 1 1 1 2 3 5 8 14 14 12 11 11 11 11 8 6 4 3 1 1 0 0 0 1 2 3 4 12 23 26 28 31 35 39 42 44 46 47 49 49 49 49 47 46 44 38 30 30 31 25 22 31 50 71 88 96 92 84 77 73 71 71 71 71 69 64 65 65 67 67 68 69 69 72 69 71 66 66 67 68 72 101 123 105 71 57 56 57 54 52 51 51 51 52 54 58 59 59 59 58 58 58 57 57 56 56 54 54 52 50 49 46 44 39 42 33 15 4 
18 18 17 17 16 16 16 15 14 12 10 10 10 11 11 11 12 12 12 12 11 11 10 11 12 12 12 12 12 14 15 15 15 16 18 19 19 21 21 21 22 23 24 24 25 26 26 26 28 26 28 26 25 24 23 22 19 17 15 8 2 1 0 0 0 0 1 1 1 3 8 16 18 17 14 14 11 10 10 6 4 3 1 1 0 1 0 1 2 4 5 10 18 28 33 35 37 39 42 42 40 40 40 42 40 38 37 33 32 30 25 25 25 21 20 27 35 50 72 80 80 75 71 71 69 69 70 70 66 63 64 65 66 66 67 68 70 72 73 71 67 65 65 67 70 96 122 101 64 52 57 57 53 51 51 51 51 52 53 57 58 58 57 57 58 58 57 57 57 57 56 56 53 51 50 47 43 40 42 35 16 3 
18 17 18 17 16 16 15 15 14 12 12 12 12 14 14 14 14 12 12 12 11 10 10 10 11 11 11 12 12 12 12 11 11 12 14 15 17 18 19 19 21 23 24 24 25 28 28 28 28 28 28 28 25 24 22 21 18 15 10 4 2 0 0 0 0 0 0 1 1 1 6 16 24 26 23 18 12 10 9 5 4 3 1 1 0 0 0 0 1 2 4 9 14 19 25 28 29 31 31 32 32 32 32 33 33 32 31 30 29 29 28 26 26 25 25 27 32 42 65 72 72 68 66 68 67 67 67 65 65 66 66 65 65 65 66 67 70 73 73 67 67 68 67 64 75 110 135 103 60 52 57 54 52 52 52 51 51 52 53 56 56 56 57 56 57 57 57 57 58 58 56 56 53 50 48 46 41 43 45 37 16 4 
17 17 17 16 16 16 16 15 15 16 16 16 16 16 16 15 14 14 12 12 11 10 11 11 11 10 11 12 12 12 11 9 9 9 10 11 12 15 16 17 18 21 22 22 24 25 26 28 28 28 28 26 24 23 21 18 16 12 7 3 2 1 0 0 0 0 0 1 1 1 5 15 26 34 33 30 19 10 8 6 4 4 1 1 0 0 0 0 0 0 2 3 8 11 15 18 21 23 24 26 28 29 30 30 32 32 30 30 29 28 29 29 29 28 26 29 33 42 61 68 68 66 65 66 64 64 65 64 65 65 64 65 66 65 65 66 69 73 71 69 71 66 54 68 96 129 137 95 58 56 53 53 52 51 51 51 51 51 53 54 54 56 56 56 56 57 56 57 57 57 58 57 53 51 46 44 44 48 51 41 18 5 
17 17 17 16 16 17 17 17 17 18 18 18 17 16 15 15 15 15 12 12 12 11 12 12 14 12 13 13 13 12 12 12 11 9 9 9 10 14 15 16 18 19 21 22 24 25 25 28 28 26 28 26 23 21 19 17 15 9 4 2 2 1 0 1 1 1 1 1 1 1 7 17 27 37 39 37 25 12 8 6 4 4 1 1 0 0 0 0 0 0 2 3 7 10 14 15 17 21 23 23 25 26 29 29 31 31 29 29 29 29 29 30 30 29 30 32 35 42 59 64 65 66 65 66 64 63 64 64 64 64 64 65 66 66 66 66 68 69 67 65 66 65 68 101 136 148 130 86 57 53 52 52 52 51 51 51 51 51 52 53 56 56 56 57 57 57 57 57 57 57 58 58 55 51 44 41 45 52 57 43 18 5 
17 17 17 17 17 17 17 17 18 19 18 17 16 15 15 15 14 14 15 14 14 15 15 15 17 20 21 21 21 21 18 17 18 16 14 15 16 17 17 17 18 18 19 21 21 22 24 26 26 26 26 26 23 22 19 17 14 7 3 2 1 0 0 0 1 1 1 1 1 1 5 17 29 38 41 40 38 26 12 7 4 3 3 2 0 0 0 0 0 0 1 2 5 9 12 15 17 18 22 23 23 25 29 29 29 29 29 29 29 28 29 29 30 31 31 36 38 43 58 64 64 66 64 63 63 63 63 63 63 63 63 64 64 65 65 65 66 65 66 65 66 80 106 144 174 163 121 81 59 53 51 51 50 50 51 51 51 51 52 54 56 56 56 57 57 57 58 58 58 58 57 56 53 43 39 42 47 53 58 44 18 5 
17 17 17 18 18 18 19 19 19 19 19 18 16 15 14 15 15 15 17 16 17 19 19 19 20 22 23 26 28 26 24 23 22 19 19 22 21 19 18 17 17 17 17 18 18 19 23 24 24 24 25 26 23 21 18 16 9 4 2 1 0 0 0 0 1 1 1 1 1 1 7 17 27 36 39 39 41 38 24 14 9 7 4 3 1 0 0 0 0 0 1 2 5 9 11 14 15 17 20 22 23 25 27 27 28 28 28 28 28 28 29 29 30 30 32 38 40 45 59 65 65 65 61 63 63 61 61 61 63 63 63 63 63 63 63 63 64 64 65 69 72 95 131 162 174 149 103 80 66 53 51 49 47 47 46 47 49 51 52 54 56 56 56 57 57 57 58 58 58 58 57 52 49 40 42 47 50 54 58 44 19 5 
17 17 18 19 19 19 21 21 21 19 19 18 16 16 15 16 16 17 19 19 21 22 23 22 19 22 24 26 28 28 26 24 22 19 21 22 19 17 17 16 16 16 17 18 18 19 19 20 18 19 21 21 17 14 12 9 4 2 1 0 0 0 0 0 1 1 1 1 1 1 7 17 25 32 35 35 35 35 33 28 21 15 8 4 3 2 1 1 0 1 1 2 4 7 10 12 16 18 19 21 24 25 26 26 26 28 28 28 28 28 29 29 29 30 34 41 44 47 59 65 67 66 61 61 61 60 60 61 61 63 63 63 64 64 64 62 61 61 63 67 70 96 136 153 146 122 92 80 71 57 52 50 49 46 44 45 46 51 53 54 54 54 56 57 57 57 57 57 58 57 53 49 46 43 43 49 49 53 59 45 19 7 
17 17 17 18 19 19 21 21 21 19 18 17 17 17 16 16 17 19 21 21 21 22 22 23 22 21 23 24 23 23 22 18 16 15 15 17 17 17 17 16 16 16 16 16 18 17 16 16 12 12 12 10 8 5 4 3 1 2 1 0 0 0 0 0 1 1 1 1 1 1 5 19 25 30 32 32 32 33 36 36 31 23 14 7 3 2 1 1 0 0 0 2 4 7 10 11 15 17 18 21 23 24 25 25 26 26 26 26 28 28 29 30 29 31 36 43 46 47 59 66 67 66 61 61 61 59 60 60 59 60 60 61 62 62 62 61 60 61 63 64 63 82 117 137 127 102 86 77 73 64 58 53 52 49 46 46 47 51 52 54 54 54 56 57 57 57 57 58 57 52 47 44 45 45 45 49 50 54 59 46 19 9 
16 17 17 19 19 21 21 21 22 19 17 17 17 17 18 17 17 19 21 19 19 21 21 16 12 11 15 21 25 24 19 15 13 12 13 15 17 18 18 16 15 16 16 17 18 17 14 12 10 9 7 4 2 2 2 1 1 0 0 0 0 1 1 0 0 0 1 1 2 3 12 22 25 29 29 31 33 35 36 36 34 31 21 14 7 3 3 2 1 0 0 1 4 6 10 12 15 17 18 21 21 23 24 25 25 25 26 26 28 28 29 30 30 31 36 43 46 50 59 65 66 66 61 59 58 59 59 59 59 59 59 59 61 62 61 61 60 61 64 62 61 71 92 110 102 79 66 61 71 74 67 58 55 52 49 47 49 50 53 55 56 56 57 56 56 57 57 56 52 45 42 40 45 47 48 50 52 58 59 47 32 30 
16 17 18 19 21 21 22 21 21 19 18 17 17 17 18 17 16 17 17 17 17 18 16 11 7 4 9 15 22 22 18 16 16 16 14 14 15 15 15 14 12 14 15 16 16 17 16 15 12 8 3 2 2 2 2 1 1 0 0 0 0 1 1 0 0 0 1 1 2 8 18 24 25 28 29 29 31 33 34 34 36 36 31 23 14 7 5 2 1 1 1 1 3 5 8 11 13 16 18 19 22 23 24 24 24 25 25 26 28 28 29 29 30 31 36 43 46 50 60 65 66 65 63 59 58 59 59 59 59 59 59 59 60 61 60 60 59 60 61 61 60 64 70 80 78 53 43 45 57 67 62 55 53 50 46 46 49 51 54 57 56 56 56 54 54 56 56 52 47 40 39 42 46 48 50 52 54 60 61 53 49 52 
17 17 18 19 22 22 23 22 21 19 19 18 16 16 16 15 14 16 15 15 15 15 14 10 7 4 7 10 12 13 14 17 17 17 17 15 14 14 14 12 11 10 12 14 13 15 16 15 10 8 3 1 1 2 1 1 0 0 0 0 0 0 1 1 1 1 2 2 3 9 19 25 25 28 29 29 31 31 32 35 36 37 38 34 28 17 12 5 3 1 1 1 2 4 8 10 13 15 16 19 22 23 24 25 24 25 25 26 28 28 29 30 30 31 33 42 47 50 60 66 66 65 60 59 59 59 58 59 60 60 60 60 60 60 59 59 59 59 60 59 58 58 59 67 64 40 33 37 40 43 44 45 47 47 45 46 47 50 52 54 57 55 54 54 54 54 53 50 43 38 39 43 46 47 49 51 55 60 61 61 63 66 
17 18 18 21 22 22 22 22 21 19 19 18 16 15 15 15 12 14 14 14 13 12 10 9 8 5 7 7 8 10 11 16 18 19 19 17 14 12 10 10 9 9 10 11 13 15 16 16 14 11 10 5 5 4 3 2 0 0 0 0 0 0 1 1 1 1 2 2 4 12 23 25 28 28 28 29 29 30 32 33 36 38 39 39 35 24 18 10 5 3 2 1 2 3 6 9 12 15 16 18 20 23 25 25 25 25 25 26 28 28 29 30 30 31 35 42 47 50 60 66 66 64 60 59 59 59 58 58 59 59 60 60 59 59 59 59 59 59 58 58 57 56 57 64 57 39 33 36 35 32 34 38 40 43 44 44 45 49 52 54 55 54 54 54 53 53 51 46 42 39 42 46 50 50 49 51 54 58 64 73 74 60 
16 17 19 22 22 22 19 19 20 20 22 20 18 17 17 17 17 17 16 16 14 12 10 7 5 5 6 8 8 9 10 16 18 18 18 16 12 11 9 9 9 9 11 14 18 21 19 19 22 19 16 17 16 11 8 6 3 2 1 0 0 1 1 1 1 2 4 6 11 18 24 26 28 28 28 29 29 30 31 31 33 36 37 37 37 32 24 16 9 4 2 1 2 3 5 9 11 13 16 18 19 22 25 25 25 25 25 26 26 28 28 29 29 30 34 41 47 50 59 64 63 60 60 59 58 59 58 59 59 59 59 59 58 59 59 59 59 58 57 56 56 56 58 61 50 36 33 36 34 34 35 35 36 39 42 42 45 46 51 54 54 54 54 54 53 53 50 44 40 42 46 50 51 51 50 52 53 57 63 65 58 35 
17 18 19 20 20 22 19 19 20 20 22 23 22 22 21 21 20 19 18 19 18 17 15 10 7 5 6 6 9 9 11 17 18 18 17 16 14 12 11 11 11 11 15 23 28 26 24 24 29 30 26 29 27 22 17 11 7 4 2 1 2 1 1 1 2 3 8 12 16 21 25 28 29 29 29 29 30 30 30 30 32 35 36 37 38 39 29 24 17 10 5 2 2 2 5 8 11 13 15 18 19 22 25 25 25 25 25 26 26 28 28 28 29 30 34 41 47 50 57 61 61 58 59 58 58 59 58 59 59 59 59 58 58 59 59 59 59 59 56 54 54 56 60 60 49 36 33 34 34 33 32 33 33 37 39 42 43 43 47 51 54 54 53 53 52 52 49 44 39 43 50 53 52 51 51 52 53 58 54 39 22 11 
17 18 19 19 21 21 19 19 18 21 22 24 24 25 24 23 23 22 21 21 22 21 19 15 10 6 6 8 8 10 15 18 18 18 17 16 16 15 17 17 15 15 21 30 31 28 28 29 31 35 36 38 35 28 26 20 9 5 3 2 1 1 2 3 4 8 9 14 18 23 26 29 29 29 29 30 29 30 30 30 32 33 35 33 37 37 32 31 26 21 17 11 8 5 5 6 9 12 15 17 19 22 23 23 24 25 25 25 26 26 28 28 28 30 34 40 46 50 54 59 59 56 57 57 58 58 58 58 58 59 58 58 58 59 59 59 59 59 58 54 54 59 62 60 46 34 32 32 32 32 31 31 33 37 38 39 38 40 47 52 53 53 54 53 50 46 45 43 43 46 52 56 53 52 52 53 56 58 52 30 9 6 
17 18 18 18 19 19 19 19 21 23 23 25 28 29 29 30 30 29 26 25 28 28 25 22 16 8 6 9 10 17 22 21 17 17 17 19 24 25 25 24 22 23 29 32 31 28 30 32 33 36 38 40 39 35 33 29 10 8 7 3 3 3 4 5 8 11 12 16 22 24 28 29 29 30 29 30 29 30 30 30 31 32 33 33 36 36 35 33 31 28 25 19 13 10 9 10 11 12 15 16 19 22 23 23 24 24 25 25 25 26 26 26 28 29 33 40 47 49 56 60 59 57 56 57 57 58 57 58 58 58 58 58 58 59 59 59 58 59 57 57 58 64 65 55 41 34 32 33 32 31 31 31 33 36 37 38 37 39 46 52 53 53 54 55 50 45 43 40 44 50 56 57 53 52 52 53 57 58 50 28 9 6 
17 18 18 18 19 19 19 21 21 24 29 31 33 33 33 32 32 31 30 30 31 32 32 29 20 11 8 10 14 21 25 23 17 16 18 23 29 30 29 28 26 29 31 31 30 29 29 30 30 31 33 36 36 32 26 21 13 11 9 7 5 5 8 9 10 12 15 18 25 28 30 30 30 31 30 30 29 30 30 30 31 30 32 32 32 31 31 32 34 33 31 26 20 17 16 15 13 12 13 16 18 20 23 23 25 25 26 26 25 26 26 26 28 28 33 41 51 50 56 61 60 57 54 57 56 56 56 56 58 58 58 58 58 58 59 59 59 59 58 58 63 67 63 49 37 33 32 33 33 32 31 31 31 33 36 37 37 39 45 51 53 54 54 54 50 45 43 44 50 57 57 54 53 52 52 54 58 59 49 26 10 6 
