48 44 43 43 43 44 44 44 43 37 30 22 18 18 19 19 19 19 18 17 15 15 18 17 16 18 17 17 17 19 21 22 22 22 23 21 21 21 19 16 14 15 16 17 17 18 17 17 16 17 17 17 18 18 17 17 17 17 17 17 17 17 17 17 17 18 18 18 18 18 18 18 18 18 18 19 19 19 19 19 19 19 19 18 18 17 17 17 18 20 20 22 22 22 22 20 20 20 19 18 18 17 17 18 18 18 18 17 17 17 17 17 17 17 17 17 17 17 17 
48 44 43 43 43 44 44 44 43 37 30 21 18 18 19 19 19 19 19 19 19 22 22 18 16 17 18 19 22 23 23 22 24 24 24 23 19 16 12 11 11 15 18 21 19 19 19 18 17 17 16 16 17 17 17 17 17 17 17 17 17 17 17 17 17 18 18 18 18 18 18 18 18 18 18 19 19 19 19 20 20 19 19 18 18 18 17 17 19 19 20 22 22 22 20 20 20 19 18 19 19 18 19 19 18 18 18 18 17 17 17 17 17 17 17 17 17 17 17 
47 44 43 43 43 44 44 44 41 36 29 22 19 17 18 20 20 20 20 22 24 29 22 15 16 18 19 22 25 24 24 23 23 23 23 23 22 21 21 26 33 36 29 30 16 22 25 23 21 19 17 17 17 17 17 17 17 17 17 17 17 17 17 17 17 18 18 18 18 18 18 18 18 18 18 19 19 19 19 20 20 19 19 20 19 18 19 19 19 20 22 22 20 20 20 20 19 20 20 19 19 19 19 19 19 18 18 18 17 17 17 16 16 17 17 17 17 17 17 
47 44 43 43 43 44 44 44 41 36 28 22 19 17 18 22 23 24 26 31 35 31 23 22 25 30 37 36 38 39 44 49 46 43 42 39 40 44 58 72 88 82 61 60 36 30 29 25 22 20 18 18 18 17 16 17 17 16 17 17 17 17 17 17 17 18 18 18 18 18 18 18 18 18 18 19 19 19 20 20 20 20 20 22 20 19 19 19 19 20 20 22 22 22 22 20 20 20 20 20 20 19 19 19 19 18 18 18 17 17 17 16 16 17 17 17 17 17 17 
46 43 42 43 43 42 42 42 40 37 30 22 19 18 21 20 20 24 29 38 42 34 33 40 49 56 71 77 85 88 94 101 104 100 95 89 86 94 115 122 125 113 90 72 51 39 32 29 24 22 19 19 19 17 17 17 17 16 17 17 17 17 17 17 17 18 18 18 18 18 18 18 18 18 18 17 17 18 18 18 19 20 20 19 19 18 18 19 19 19 19 21 21 21 21 19 19 19 19 19 19 19 19 19 18 18 18 17 16 16 16 16 16 17 17 17 17 17 17 
45 43 42 43 43 42 42 42 39 36 30 23 21 21 21 19 19 23 26 35 44 52 62 85 99 103 125 131 141 151 162 167 173 177 172 166 157 153 152 139 122 104 85 65 54 40 34 30 25 23 20 20 19 18 18 18 18 17 17 17 17 17 17 17 17 18 18 18 18 18 18 18 18 18 18 17 17 18 18 19 19 22 20 20 20 19 19 21 21 21 21 21 21 21 19 19 19 21 21 19 19 19 19 19 19 19 18 16 16 16 16 16 16 17 17 17 17 17 17 
45 43 43 43 42 42 40 40 38 33 28 23 21 21 21 19 19 24 37 49 61 86 120 155 165 178 191 181 192 206 220 224 224 228 226 221 216 196 160 132 104 77 68 43 44 39 28 23 21 22 22 19 21 20 18 17 17 16 17 17 17 17 17 17 17 17 17 17 17 17 17 17 17 17 17 17 17 17 18 18 18 19 19 20 22 19 19 21 21 21 19 19 19 19 19 19 19 19 21 21 21 21 21 21 19 19 19 18 18 17 17 17 17 17 17 17 17 17 17 
45 43 43 43 43 42 42 42 38 33 28 24 21 21 23 20 19 28 49 64 88 130 173 195 205 219 217 227 243 238 242 248 249 250 248 240 238 229 196 161 125 88 68 56 47 42 37 33 29 25 23 19 18 19 17 17 17 17 17 17 17 17 17 17 17 17 17 17 17 17 17 17 17 17 17 17 17 18 18 19 19 21 21 22 22 21 21 22 22 21 21 21 19 19 19 19 19 19 21 21 21 21 21 21 19 19 19 18 18 17 17 17 17 17 17 18 18 18 18 
46 44 44 45 43 42 40 39 37 33 29 26 22 23 27 22 18 32 53 80 125 171 196 210 219 222 223 244 250 245 246 250 250 251 251 250 247 246 240 220 193 150 106 94 77 55 39 33 29 25 23 19 17 16 17 16 16 17 17 17 17 17 17 17 17 17 17 17 17 17 17 17 17 17 17 16 17 17 17 18 18 19 21 22 22 21 21 22 22 22 21 21 21 21 21 21 21 21 21 21 21 21 21 21 19 19 19 18 18 17 17 17 17 17 17 18 18 18 18 
46 44 44 44 41 39 38 36 33 32 29 28 26 26 27 30 33 52 77 111 164 198 215 232 234 232 228 241 248 247 248 249 249 248 249 248 247 245 244 241 236 213 175 156 131 90 59 47 39 39 38 31 24 20 18 16 16 16 17 17 17 17 17 17 17 17 17 17 17 17 17 17 17 17 17 16 17 17 17 18 18 19 21 22 22 21 21 22 22 22 21 21 21 21 21 21 21 21 21 21 21 21 21 21 19 19 19 18 18 17 17 17 17 17 17 18 18 18 18 
43 44 43 39 37 37 36 32 30 30 28 29 26 29 46 67 74 94 120 158 196 214 226 235 239 241 238 241 245 245 246 248 248 249 249 247 246 247 246 237 231 227 217 199 181 149 117 94 75 63 52 40 32 26 21 16 16 17 17 17 17 17 17 17 17 17 17 17 17 17 17 17 17 17 17 16 17 17 17 19 19 20 22 22 22 21 21 21 21 21 21 21 19 19 19 19 21 21 21 21 21 21 21 21 19 19 19 18 18 17 17 17 17 17 17 18 18 18 18 
38 38 38 37 37 36 36 32 30 30 28 29 30 56 100 131 143 164 184 207 224 229 229 230 237 243 241 242 243 245 247 248 248 248 246 238 230 230 229 215 202 202 210 208 206 193 174 149 118 87 64 51 42 32 24 19 18 18 17 17 17 17 17 17 17 17 17 17 17 17 17 17 17 17 17 17 17 17 17 19 19 20 22 22 22 21 21 21 21 21 19 19 19 19 19 19 19 19 21 21 21 21 21 21 19 19 19 19 18 18 18 18 18 18 18 19 19 19 19 
32 32 32 31 29 29 26 24 25 28 28 49 72 111 156 186 206 230 236 240 243 241 237 237 240 242 245 245 245 243 238 235 231 222 217 209 198 184 174 171 159 165 178 179 195 206 208 198 179 150 115 77 47 42 30 22 21 19 19 18 17 17 17 17 16 18 18 17 17 17 17 17 17 17 17 18 18 18 18 19 19 20 20 22 22 21 21 21 21 21 19 20 20 20 20 20 20 20 22 21 21 21 21 21 19 19 19 19 18 18 18 18 18 17 17 19 19 19 19 
24 25 25 24 24 24 23 23 26 29 30 83 122 160 195 214 236 246 246 247 246 244 242 242 240 242 242 236 227 215 200 187 178 167 159 145 128 118 111 114 118 125 127 165 182 203 219 224 224 211 182 136 97 79 50 31 28 20 18 17 17 17 17 16 15 17 20 17 17 17 17 18 17 17 17 18 18 18 18 19 19 20 20 22 22 21 21 21 21 21 19 20 20 20 20 20 22 22 20 19 19 19 19 19 19 19 19 19 18 18 18 18 18 17 17 19 19 19 19 
21 22 22 23 23 24 24 26 33 46 89 136 170 202 222 230 242 245 244 247 244 243 243 241 239 237 233 220 201 171 144 123 109 100 81 74 65 52 58 63 73 95 117 153 178 196 219 229 237 235 216 186 150 118 86 53 49 43 38 36 33 26 18 17 17 17 17 22 19 18 19 18 18 17 17 18 17 17 18 18 19 19 19 20 20 19 19 19 19 20 20 19 19 19 19 19 20 20 20 19 19 19 19 19 19 19 19 19 19 18 18 18 18 18 18 19 19 19 19 
19 21 22 23 26 31 37 45 67 96 143 192 208 222 234 236 239 244 244 244 241 233 233 236 231 229 219 198 165 130 104 88 71 56 42 42 44 39 51 53 75 111 146 184 208 222 234 239 239 238 230 220 202 175 139 103 100 95 86 70 60 38 24 21 23 21 12 32 22 18 19 18 18 17 17 18 18 18 18 19 19 19 19 20 20 19 19 19 19 20 20 19 19 19 19 19 19 19 19 19 19 19 19 19 19 19 19 19 19 18 18 18 18 18 18 19 19 19 19 
19 22 22 23 29 35 46 75 119 148 181 219 224 227 236 240 238 237 233 228 226 209 200 209 208 217 207 170 125 89 72 63 46 28 32 35 32 32 45 61 87 144 187 216 233 241 243 244 242 240 238 239 234 219 199 174 165 156 146 117 92 61 50 46 51 43 14 39 24 20 19 18 18 18 18 18 18 18 18 19 19 19 19 20 20 19 19 19 19 20 20 18 18 18 18 18 18 18 18 19 19 19 19 19 19 19 19 18 18 18 18 18 18 18 18 18 18 18 18 
19 22 22 22 30 33 58 97 149 181 202 221 228 231 233 237 228 206 189 173 163 153 153 157 163 178 166 130 89 60 49 42 28 12 31 28 28 30 44 71 94 143 191 217 234 240 242 245 243 243 242 241 239 229 219 207 200 184 177 151 115 94 89 80 78 64 39 44 26 22 19 18 18 17 17 18 18 18 18 19 19 19 19 20 20 19 19 19 19 20 20 18 18 18 18 18 18 18 18 19 19 19 19 19 19 19 19 18 18 18 18 18 18 18 18 18 18 18 18 
22 22 22 23 29 44 80 122 167 195 210 217 221 225 216 207 187 151 123 96 82 78 86 88 91 110 108 86 63 40 32 26 16 8 21 19 25 30 38 54 82 106 151 179 210 231 235 240 241 237 236 236 236 229 224 219 212 195 184 160 123 110 116 102 97 78 61 36 24 22 19 18 18 18 18 18 18 18 18 19 19 19 19 20 20 19 19 19 19 20 20 18 18 18 18 18 18 18 18 19 19 19 19 19 19 19 19 18 18 18 18 18 18 18 18 18 18 18 18 
22 21 21 24 33 58 101 152 195 207 214 216 201 194 184 160 131 97 67 45 37 29 32 44 41 56 59 47 39 24 18 19 18 18 18 19 24 25 28 30 44 53 88 118 150 189 212 218 217 209 212 214 216 224 233 233 222 214 205 175 142 116 114 109 101 86 65 29 21 22 19 17 17 17 18 18 18 18 18 19 19 19 19 20 20 19 19 19 19 20 20 18 18 18 18 18 18 18 18 19 19 19 19 19 19 19 19 18 18 18 18 18 18 18 18 18 18 18 18 
18 23 24 25 44 81 131 174 201 205 201 194 169 156 141 107 81 51 31 18 18 17 18 25 23 33 33 32 19 14 16 15 15 16 14 16 18 21 24 22 22 25 36 65 87 118 149 159 156 157 167 178 198 220 228 230 229 230 226 188 148 111 95 93 86 74 50 25 22 19 18 17 17 18 19 18 18 17 17 18 18 18 18 19 19 19 19 19 19 20 20 18 18 18 18 18 18 18 18 19 19 19 19 19 19 19 19 18 18 18 18 18 18 18 18 18 18 18 18 
17 24 26 33 60 103 153 181 184 179 170 148 124 108 84 58 39 18 14 7 9 15 17 16 16 23 26 26 18 11 12 11 11 8 10 11 10 10 12 12 15 19 7 22 38 49 72 88 87 92 117 139 170 199 214 225 230 234 233 199 143 92 66 67 63 47 31 26 22 19 19 18 18 19 19 19 18 17 17 18 18 18 18 19 19 19 19 19 19 20 20 19 19 19 19 19 19 19 18 19 19 19 19 19 19 19 19 18 18 18 18 18 18 18 18 18 18 18 18 
16 23 28 43 79 120 155 161 145 118 104 86 73 52 36 24 17 9 10 9 7 12 16 15 18 17 18 21 16 10 10 10 11 7 8 11 12 9 3 5 9 9 8 12 19 24 35 45 48 52 77 107 138 171 198 214 223 231 234 221 175 125 95 82 63 37 22 24 21 19 18 18 18 19 19 19 19 18 18 18 18 18 19 19 19 19 19 19 19 19 19 20 20 20 20 20 20 20 20 19 19 19 19 19 19 19 19 19 19 19 19 19 19 19 19 19 19 19 19 
19 24 24 54 92 136 148 135 103 64 44 40 36 26 22 15 13 11 9 9 10 12 14 14 16 15 14 16 12 9 9 9 9 7 7 9 10 9 6 5 8 7 8 9 10 14 22 26 30 33 49 74 107 142 179 203 214 226 236 228 201 162 123 88 67 46 21 22 19 21 21 19 19 19 18 18 18 18 18 18 18 18 19 19 19 19 19 19 19 19 19 20 20 20 20 20 20 20 20 19 19 19 19 19 19 19 19 19 19 19 19 19 19 19 19 19 19 19 19 
21 26 33 63 94 130 125 99 64 37 25 23 19 18 11 5 5 7 9 8 10 12 12 12 13 15 12 12 10 8 8 6 6 6 6 6 5 5 8 6 9 9 6 4 5 8 14 17 19 18 26 49 79 113 150 180 195 211 233 233 214 179 145 109 82 54 21 21 21 24 24 21 21 20 19 18 19 18 18 18 18 18 19 19 19 19 19 19 19 19 19 20 20 20 20 20 20 20 20 19 19 19 19 19 19 19 19 19 19 19 19 19 19 19 19 19 19 19 19 
19 29 45 58 87 114 96 59 31 18 18 17 15 11 6 2 3 4 8 8 8 10 10 10 11 12 12 12 10 8 5 4 4 6 6 5 3 3 5 6 6 6 8 7 8 9 10 12 15 12 14 31 49 74 111 144 167 185 210 228 227 209 189 165 125 75 29 25 25 27 24 21 21 20 19 18 19 18 18 18 18 18 19 19 19 19 19 19 19 19 19 22 22 22 22 22 22 22 22 19 19 19 19 19 19 19 19 19 19 19 19 19 19 19 19 19 19 19 19 
18 26 43 64 82 97 73 37 17 11 11 10 8 10 5 2 2 4 6 9 9 10 11 10 11 11 11 9 9 8 5 3 3 4 4 3 3 3 5 5 5 5 8 8 8 6 8 9 11 11 9 19 26 40 72 95 115 138 165 196 228 233 223 221 186 118 50 30 23 23 20 18 18 19 19 18 19 18 18 18 18 18 19 19 19 19 19 19 19 19 19 22 22 22 22 22 22 22 22 19 19 19 19 19 19 19 20 19 19 21 21 21 21 21 21 19 19 19 19 
19 28 45 73 83 79 50 23 11 5 6 7 5 7 4 3 3 4 6 9 9 9 9 7 8 8 8 6 5 5 6 4 4 4 4 4 4 6 6 5 4 5 5 5 5 4 4 4 7 9 8 12 18 25 38 51 63 87 130 169 221 236 235 241 217 145 61 29 16 19 19 18 18 18 18 18 18 18 18 18 18 18 19 19 19 19 19 19 19 19 19 22 22 22 22 22 22 22 22 19 19 19 19 19 19 19 20 19 19 21 21 21 21 21 21 19 19 19 19 
23 34 53 77 84 71 38 15 6 2 2 1 3 1 3 3 3 4 5 8 6 5 4 3 3 5 5 5 5 4 5 3 3 5 5 4 4 5 5 4 4 5 4 4 3 2 2 3 4 5 5 7 14 17 19 28 35 57 104 145 199 232 239 242 220 153 73 39 22 23 22 19 19 18 18 18 18 19 19 19 19 19 20 19 19 19 19 19 19 19 19 22 22 22 22 22 22 22 22 19 19 19 19 19 19 19 20 19 19 21 21 21 21 21 21 19 19 19 19 
25 39 55 87 89 68 31 9 6 4 2 1 2 1 2 4 3 4 5 6 5 5 4 3 3 4 4 4 4 4 4 3 3 6 5 5 5 5 5 4 5 5 4 4 3 2 2 2 3 3 4 5 10 12 12 19 25 43 81 115 171 219 237 241 223 169 90 52 25 25 26 22 19 19 19 18 19 19 19 19 19 19 20 19 19 19 19 19 19 19 19 22 22 22 22 22 22 22 22 19 19 19 19 19 19 19 20 19 19 21 21 21 21 21 21 19 19 19 19 
24 36 73 101 106 81 29 9 5 3 1 1 1 1 2 4 3 5 5 5 5 4 4 4 4 3 3 4 5 2 2 4 5 6 5 5 5 5 5 4 5 5 4 3 2 2 2 2 2 3 3 6 9 9 14 19 23 30 45 78 121 173 208 223 219 173 106 50 26 25 25 22 21 18 18 17 17 18 18 18 18 18 18 18 18 18 18 18 18 19 19 21 21 21 21 19 19 19 19 19 19 19 19 19 19 19 19 19 19 19 19 19 19 19 19 19 19 19 19 
24 38 75 101 117 96 33 10 4 2 1 1 1 1 2 4 3 4 4 4 4 4 3 3 3 3 3 4 4 2 3 4 5 6 5 5 5 5 5 4 4 4 3 2 2 3 2 2 2 2 3 4 6 7 12 16 17 21 29 50 77 130 173 201 209 171 115 64 33 25 24 21 19 18 17 16 17 17 17 17 17 17 18 18 18 18 18 18 19 19 19 21 21 21 21 19 19 19 19 19 19 19 19 19 19 19 19 19 19 19 19 19 19 19 19 19 19 19 19 
25 42 72 97 114 96 39 10 2 1 1 1 2 2 3 3 2 4 4 2 2 3 3 3 2 3 4 4 3 3 4 4 5 6 5 5 5 6 5 4 3 3 3 3 3 3 1 1 1 3 3 2 5 6 10 12 14 15 24 38 51 90 125 162 189 175 130 81 49 33 24 19 18 18 16 16 16 17 17 17 17 17 18 18 18 18 18 18 19 19 19 21 21 21 21 19 19 19 19 19 19 19 19 19 19 19 19 19 19 19 19 19 19 19 19 19 19 19 19 
24 39 73 95 109 99 49 10 1 1 1 2 2 2 3 3 2 3 3 1 1 2 2 3 2 2 3 3 3 3 4 4 5 6 4 5 5 6 6 4 4 3 4 3 3 2 2 1 1 3 3 3 3 5 8 10 12 14 19 25 35 66 94 124 164 173 146 102 65 42 29 22 19 17 17 16 17 17 17 17 17 18 18 18 19 19 19 19 19 21 21 19 21 21 21 19 19 19 19 19 19 19 19 19 19 19 19 19 19 19 19 19 19 19 19 19 19 19 19 
22 37 66 96 120 106 52 11 0 0 1 2 1 1 2 2 1 2 2 2 2 2 2 2 2 2 3 2 2 3 4 4 5 4 3 4 4 5 6 4 3 3 3 3 2 3 3 2 4 6 5 3 5 6 8 8 8 10 12 17 24 51 74 102 145 170 158 114 70 43 26 22 22 18 18 17 18 18 18 17 17 18 18 18 19 19 19 19 19 21 21 19 21 21 21 19 19 19 19 19 19 19 19 19 19 19 19 19 19 19 19 19 19 19 19 19 19 19 19 
22 36 61 93 115 99 44 10 0 1 1 1 1 2 2 2 1 2 2 2 2 2 2 2 1 1 2 2 2 3 4 4 5 3 3 3 3 4 5 3 3 3 2 2 2 3 3 2 3 5 4 4 7 8 8 7 5 7 9 11 15 30 50 86 135 170 169 124 79 49 25 19 23 19 18 18 18 18 18 17 17 17 18 18 18 18 18 18 19 19 19 21 21 21 21 19 19 19 19 19 19 19 19 19 19 19 19 19 19 19 19 19 19 19 19 19 19 19 19 
24 32 54 76 91 78 32 9 1 1 1 1 2 2 2 1 1 1 1 1 1 1 1 2 2 2 2 2 2 3 4 3 3 3 3 3 3 3 3 4 5 5 4 2 3 4 3 3 3 5 3 4 8 7 7 6 6 7 5 7 8 16 38 82 131 173 184 148 95 56 28 21 25 21 17 20 19 19 19 18 18 18 19 19 19 19 19 19 20 20 20 21 21 21 21 19 19 19 19 19 19 19 19 19 19 19 19 19 19 19 19 19 19 19 19 19 19 19 19 
23 30 51 64 75 54 18 6 1 1 1 2 2 2 2 0 0 0 0 1 1 1 1 2 2 2 2 2 2 2 4 2 2 3 2 3 3 3 3 4 4 5 5 3 4 4 3 4 4 5 3 4 5 5 5 5 6 7 4 4 4 10 30 71 124 178 203 178 122 64 33 28 25 22 18 22 20 19 19 18 18 18 19 19 19 19 19 19 20 20 20 21 21 21 21 19 19 19 19 19 19 19 19 19 19 19 19 19 19 19 19 19 19 19 19 19 19 19 19 
21 31 49 59 64 41 13 3 1 2 2 1 1 1 1 1 1 1 1 1 1 1 1 2 2 2 2 2 2 2 2 2 2 4 4 4 4 3 4 4 4 4 3 3 4 3 3 4 4 5 4 4 4 5 5 5 4 4 5 4 5 9 23 58 110 166 201 196 146 78 40 30 24 22 22 19 19 18 18 18 18 19 19 17 17 17 17 17 18 18 18 19 19 19 19 21 21 21 21 19 19 19 19 19 19 19 19 19 19 19 19 19 19 19 19 19 19 19 19 
21 31 49 65 60 39 13 2 0 2 0 0 0 1 1 1 1 1 0 1 1 1 1 2 2 3 3 2 2 2 2 2 3 4 4 5 5 5 7 8 7 3 5 4 3 3 3 3 4 5 4 3 4 5 5 4 2 1 3 4 5 8 17 40 77 129 174 191 155 94 49 25 21 22 22 19 19 18 18 18 18 19 20 18 18 18 18 18 19 19 19 19 19 19 19 21 21 21 21 19 19 19 19 19 19 19 19 19 19 19 19 19 19 19 19 19 19 19 19 
23 31 51 67 60 39 13 3 0 0 1 1 1 1 1 2 2 2 2 2 2 2 2 2 3 2 2 3 3 3 3 3 3 4 4 7 9 9 10 11 8 5 5 5 4 3 3 3 4 4 3 3 4 6 6 4 4 3 3 4 7 9 14 26 52 100 147 172 158 108 55 25 19 19 21 19 19 19 19 19 19 20 22 19 19 19 19 19 19 19 19 19 19 19 19 21 21 21 21 19 19 19 19 19 19 19 19 19 19 19 19 19 19 19 19 19 19 19 19 
22 32 40 56 57 41 16 3 0 0 1 1 1 1 1 2 2 2 2 2 2 2 2 2 4 3 3 3 3 3 3 4 4 4 5 9 11 11 14 12 9 8 8 7 7 4 3 3 4 4 3 4 4 6 6 6 6 4 4 4 7 8 9 18 42 83 126 157 156 108 58 31 19 19 21 19 19 19 19 19 19 20 22 19 19 19 19 19 19 19 19 19 19 19 19 21 21 21 21 19 19 19 19 19 19 19 19 19 19 19 19 19 19 19 19 19 19 19 19 
18 32 32 47 56 45 17 3 0 0 1 1 1 2 2 2 2 2 2 1 2 2 2 3 3 3 4 4 4 5 5 7 7 7 9 12 13 14 15 14 11 11 10 9 7 4 3 3 3 2 2 3 4 5 5 5 4 2 3 4 7 6 6 15 37 78 119 150 148 101 53 32 24 23 21 21 19 20 20 20 20 19 21 19 19 19 19 19 19 19 19 19 19 19 19 21 21 21 21 19 19 19 19 19 19 19 19 19 19 19 19 19 19 19 19 19 19 19 19 
19 29 39 53 60 49 19 4 0 1 2 1 1 2 2 2 2 2 2 3 3 3 3 4 7 7 5 7 8 9 9 9 10 11 14 15 15 16 17 16 14 12 12 11 9 5 3 3 3 2 1 1 2 3 5 4 3 2 3 3 7 8 9 15 35 74 112 141 138 93 47 33 28 25 23 22 22 22 20 20 20 19 21 19 19 19 19 19 19 19 19 19 19 19 19 21 21 21 21 19 19 19 19 19 19 19 19 19 19 19 19 19 19 19 19 19 19 19 19 
22 26 45 63 72 57 22 4 0 1 1 2 2 3 3 2 2 3 3 3 3 4 7 8 9 9 9 9 11 14 14 14 15 15 15 16 16 18 21 18 16 16 15 15 14 10 8 5 3 3 2 2 2 2 3 2 2 2 3 4 5 9 10 18 40 73 104 127 121 84 46 37 37 32 26 24 22 19 18 18 18 18 19 19 19 19 19 19 19 19 19 19 19 19 19 21 21 21 21 19 19 19 19 19 19 19 19 19 19 19 19 19 19 19 19 19 19 19 19 
22 30 47 70 87 73 32 8 0 1 2 3 3 3 3 2 3 4 4 4 5 8 10 11 11 12 14 14 15 16 16 16 17 17 17 18 19 21 21 21 19 19 19 19 17 15 12 7 5 4 4 2 2 2 2 2 2 2 2 4 8 11 12 24 49 81 107 125 120 102 80 75 77 61 39 25 23 19 18 17 18 18 19 19 19 19 19 19 19 19 19 19 19 19 19 21 21 21 21 19 19 19 19 19 19 19 19 19 19 19 19 19 19 19 19 19 19 19 19 
22 28 44 72 86 74 36 10 0 1 2 2 3 4 5 3 5 5 5 7 8 10 11 12 14 15 16 16 16 17 17 17 19 19 19 19 22 22 22 21 21 21 22 22 19 18 17 15 10 8 5 4 3 3 3 2 2 3 3 4 10 18 24 37 67 110 146 171 169 164 148 131 117 88 44 24 23 19 18 17 17 18 18 19 19 19 19 19 19 19 19 21 21 21 21 21 21 21 21 21 21 21 21 19 19 19 19 22 22 21 21 21 21 19 19 19 19 19 19 
22 23 38 53 64 63 35 9 0 0 1 2 3 4 5 5 5 8 10 9 9 11 12 14 15 16 16 18 18 18 19 19 21 21 19 21 22 22 22 22 22 22 23 22 22 22 22 21 17 14 11 8 5 4 4 3 3 4 4 8 18 29 40 61 90 137 186 212 212 193 157 121 97 72 36 23 22 19 18 17 17 18 18 19 19 19 19 19 19 19 19 21 21 21 21 21 21 21 21 21 21 21 21 21 21 21 21 22 22 21 21 21 21 19 19 19 19 19 19 
19 18 25 36 46 50 35 11 0 1 1 1 2 4 6 8 8 9 10 11 12 14 15 16 17 18 18 19 19 19 21 21 21 21 19 21 22 22 22 22 22 23 24 24 24 24 24 25 23 18 16 12 9 9 9 9 9 10 10 18 30 35 54 79 97 135 174 194 191 152 102 68 56 46 26 19 19 18 17 17 17 18 18 19 19 19 19 19 19 19 19 21 21 21 21 21 21 21 21 21 21 21 21 21 21 21 21 22 22 21 21 21 21 21 21 19 19 19 19 
18 18 21 31 40 47 36 16 3 2 1 1 2 5 9 10 10 11 14 15 15 15 16 17 18 19 19 21 19 19 21 21 21 21 21 21 22 22 23 23 22 23 24 24 24 25 25 25 25 22 19 17 14 15 16 15 16 19 21 32 45 59 75 81 81 88 104 114 104 72 50 32 28 24 21 19 19 18 17 17 18 18 18 19 19 19 19 19 19 19 19 21 21 21 21 21 21 21 21 21 21 21 21 21 21 21 21 22 22 22 22 22 22 21 21 21 19 19 19 
19 18 21 30 39 53 42 25 10 1 1 1 3 5 10 11 14 15 17 18 17 18 18 19 20 21 21 21 21 21 21 21 21 19 21 22 23 23 23 23 22 23 25 25 25 25 26 27 26 25 25 22 19 19 21 19 19 25 29 50 74 107 121 96 66 43 45 46 40 33 33 23 19 19 19 19 19 18 18 18 18 18 18 19 19 19 19 19 19 19 19 21 21 21 21 21 21 21 21 21 21 21 21 21 21 21 21 22 22 22 22 22 22 21 21 21 19 19 19 
20 21 23 29 39 53 51 39 16 2 2 2 4 8 12 14 15 17 17 18 18 18 19 20 22 21 22 22 22 22 23 22 22 22 22 22 23 23 23 23 22 23 25 25 25 25 26 27 26 25 26 23 22 21 23 24 25 24 31 58 93 130 145 114 74 36 21 24 28 30 27 19 17 18 19 19 19 18 18 18 18 18 18 19 19 19 19 19 19 19 19 21 21 21 21 21 21 21 21 21 21 21 21 21 21 21 21 22 22 21 21 21 21 21 21 19 19 19 19 
18 21 21 25 37 51 57 45 19 3 3 3 5 9 14 15 16 18 18 18 17 18 19 19 20 21 22 23 23 23 23 22 22 22 22 22 22 23 23 23 22 23 25 24 24 24 25 25 24 24 24 23 23 23 24 25 26 24 31 47 74 101 110 96 66 35 19 24 24 22 21 17 17 16 17 18 18 18 19 19 19 18 18 19 19 19 19 19 19 19 19 19 19 19 19 19 19 19 19 21 21 21 21 21 21 21 21 22 22 21 21 21 21 21 21 19 19 19 19 
18 18 18 18 29 43 51 45 22 3 4 4 7 10 14 15 16 18 17 17 17 18 18 18 20 21 22 22 22 22 22 23 22 22 22 22 22 23 23 23 22 23 24 23 24 25 25 25 24 24 24 24 24 25 25 26 29 30 32 37 47 57 59 52 42 31 25 23 16 17 18 17 17 17 17 19 19 19 19 21 19 18 19 19 19 19 19 19 19 19 19 19 19 19 19 19 19 19 19 21 21 21 21 21 21 21 21 22 22 21 21 21 21 19 19 19 19 19 19 
18 18 18 21 28 37 44 38 21 5 5 7 9 10 15 15 16 17 16 16 16 16 16 19 20 20 20 21 21 21 21 22 21 21 21 22 22 23 23 21 22 22 21 22 22 23 23 23 23 23 23 24 24 24 24 25 28 32 34 35 37 39 46 42 32 25 22 19 16 18 18 16 17 18 19 18 18 18 19 19 19 19 19 19 19 19 19 19 19 19 19 19 19 19 19 19 19 19 19 20 20 20 20 20 20 20 20 22 22 22 22 22 22 22 22 20 20 20 20 
18 18 21 32 52 68 70 64 36 9 5 7 10 11 15 15 16 17 17 16 16 17 18 18 17 18 20 21 21 22 23 23 23 22 22 22 22 21 22 22 23 22 21 21 19 21 21 21 18 18 19 19 19 19 23 23 26 31 33 35 37 44 50 46 32 23 19 19 18 17 17 17 17 18 19 18 18 18 18 19 19 19 21 19 19 19 19 19 19 19 19 19 19 19 19 19 19 19 19 20 20 20 20 20 20 20 20 22 22 22 22 22 22 22 22 20 20 20 20 
19 21 25 50 87 125 130 106 53 14 3 7 11 10 15 15 17 17 17 16 16 18 18 15 12 15 18 19 20 22 22 21 21 19 19 18 19 21 19 21 21 19 19 19 17 16 16 14 12 13 13 14 14 15 18 21 21 30 34 37 40 52 57 52 37 23 19 18 17 16 17 18 18 18 19 18 18 18 18 19 19 21 21 19 19 19 19 19 19 19 19 19 19 19 19 19 19 19 19 20 20 20 20 20 20 20 20 22 22 22 22 22 22 22 22 20 20 20 20 
19 19 33 64 103 140 153 115 56 18 3 3 8 9 14 16 17 17 17 16 16 17 15 11 8 10 12 13 15 15 15 15 15 15 15 15 17 19 19 19 19 18 18 16 14 11 9 9 8 10 11 10 11 14 16 18 22 31 36 38 40 55 62 53 36 24 19 17 17 16 17 19 19 19 18 18 18 18 18 19 19 21 21 19 19 19 19 19 19 19 19 19 19 19 19 19 19 19 19 20 20 20 20 20 20 20 20 22 22 22 22 22 22 22 22 20 20 20 20 
19 19 36 59 84 106 97 77 51 23 7 3 5 8 14 17 18 17 17 16 15 15 12 9 7 8 8 8 8 7 8 9 9 11 11 11 14 17 18 18 19 18 17 16 11 7 7 8 9 9 9 11 12 15 17 18 21 29 36 38 41 57 59 48 33 25 21 18 16 17 19 19 19 18 18 18 18 18 18 19 21 21 21 19 19 19 19 19 19 19 19 19 19 19 19 19 19 19 19 20 20 20 20 20 20 20 20 22 22 22 22 22 22 22 22 20 20 19 19 
20 21 35 52 58 63 46 37 32 15 10 7 5 5 14 17 18 16 16 14 14 12 12 10 9 9 9 8 8 7 8 7 6 8 8 8 10 14 15 17 18 17 16 12 10 5 5 6 6 8 10 12 14 15 17 19 23 30 36 40 45 56 56 46 34 24 19 17 17 18 20 19 18 17 18 18 18 18 18 19 21 21 21 19 19 19 19 19 19 19 19 19 19 19 19 19 19 19 19 20 20 20 20 20 20 20 20 22 22 22 22 22 22 22 22 20 20 19 19 
21 24 38 53 52 45 31 24 24 15 13 5 5 5 12 15 16 17 17 16 16 14 14 11 10 10 10 10 9 9 9 6 6 5 5 7 10 12 14 17 18 16 12 11 8 5 5 4 4 5 9 10 12 14 17 21 24 31 38 43 46 51 50 43 31 23 19 19 18 18 19 19 18 18 19 18 18 18 18 21 21 21 21 19 19 19 19 19 19 19 19 19 19 19 19 19 19 19 19 20 20 20 20 20 20 20 20 22 22 22 22 22 22 22 22 20 20 19 19 
22 26 40 54 53 44 30 24 23 16 11 3 4 5 10 15 16 18 17 17 16 14 14 14 12 11 11 10 9 10 9 8 8 6 6 7 9 12 14 16 16 16 14 12 7 4 4 4 3 4 7 8 10 12 18 22 25 33 39 43 45 48 50 44 31 23 20 20 19 19 19 19 18 18 19 18 18 18 18 21 21 21 21 19 19 19 19 19 19 19 19 19 19 19 19 19 19 19 19 20 20 20 20 20 20 20 20 22 22 22 22 22 22 22 22 20 20 19 19 
23 29 38 56 58 51 37 22 22 14 10 5 5 5 9 12 16 18 19 17 17 16 16 15 13 10 9 8 8 7 7 7 5 5 5 5 8 10 12 15 16 18 17 14 8 5 5 4 4 3 5 8 11 14 17 22 28 33 40 45 49 52 53 44 28 21 19 20 19 19 19 18 17 17 18 18 18 18 18 18 18 18 18 19 19 19 19 19 19 19 19 19 19 19 19 19 19 19 19 19 19 19 19 19 19 19 19 22 22 22 22 22 22 22 22 19 18 18 18 
19 29 38 66 79 71 46 23 19 14 11 10 6 5 8 10 15 19 19 19 18 17 16 15 13 10 8 5 5 4 5 4 4 4 4 5 8 9 11 14 17 19 18 16 11 8 7 7 8 5 5 10 14 16 17 23 29 35 40 45 49 53 54 40 25 21 21 20 19 19 19 17 17 17 18 18 18 18 18 18 18 18 18 19 19 19 19 19 19 19 19 19 19 19 19 19 19 19 19 19 19 19 19 19 19 19 19 22 22 22 22 22 22 22 22 19 18 18 18 
25 45 63 107 136 122 73 29 12 12 11 10 7 7 8 11 15 18 18 20 20 18 16 15 12 10 8 6 6 5 5 8 8 7 5 5 7 9 10 13 18 20 20 19 17 12 11 10 10 9 10 15 18 21 22 26 32 36 40 45 50 57 58 46 26 22 23 21 18 17 17 17 17 18 19 18 18 18 18 18 18 18 18 19 19 19 19 19 19 19 19 19 19 19 19 19 19 19 19 19 19 19 19 19 19 19 19 22 22 22 22 22 22 22 22 19 18 18 18 
43 81 114 172 192 167 101 42 17 16 14 11 9 8 8 10 15 18 18 20 19 17 17 16 12 10 9 8 8 7 8 10 10 8 7 7 7 9 10 13 19 23 24 23 23 17 15 15 14 14 15 18 21 23 26 29 32 36 40 45 52 63 67 51 28 22 24 21 18 18 18 18 18 19 19 18 18 18 18 18 18 18 18 19 19 19 19 19 19 19 19 19 19 19 19 19 19 19 19 19 19 19 19 19 19 19 19 22 22 22 22 22 22 22 22 21 19 19 19 
58 113 155 205 205 164 95 38 18 18 19 14 8 8 8 9 12 17 19 19 17 18 18 15 12 11 12 12 12 11 11 12 12 10 9 10 10 11 13 14 19 23 24 25 24 21 19 19 17 18 19 22 24 26 29 29 31 37 41 46 56 67 66 45 25 21 22 19 18 19 19 19 18 18 19 18 18 18 18 18 18 18 18 19 19 19 19 19 19 19 19 19 19 19 19 19 19 19 19 19 19 19 19 19 19 19 19 22 22 22 22 22 22 22 22 21 21 21 21 
70 124 163 191 174 125 67 32 18 18 19 14 9 8 8 10 12 18 19 19 18 18 18 16 14 16 17 19 17 15 15 15 15 12 12 13 13 15 15 16 19 23 24 25 26 25 25 24 23 23 23 23 25 26 27 29 31 37 43 47 58 68 60 37 23 21 22 19 18 19 19 18 18 18 19 18 18 18 18 18 18 18 18 19 19 19 19 19 19 19 19 19 19 19 19 19 19 19 19 19 19 19 19 19 19 19 19 22 22 22 22 22 22 22 22 21 21 21 21 
70 112 142 156 125 72 38 28 19 19 17 14 12 10 10 9 10 17 20 19 18 18 19 18 17 18 18 19 18 18 18 18 17 16 15 15 15 15 15 17 19 22 25 26 27 26 26 25 25 25 24 26 26 26 28 29 31 36 42 49 58 65 52 32 23 22 20 22 22 20 20 20 19 19 19 19 19 18 18 18 18 18 18 19 19 19 19 19 19 19 19 19 19 19 19 19 19 19 19 19 19 19 19 19 19 19 19 22 22 22 22 22 22 22 22 21 21 21 21 
56 83 101 109 77 31 18 22 19 18 17 16 14 11 9 7 8 13 19 19 18 19 20 19 18 18 18 19 19 21 19 18 17 16 15 15 15 15 15 16 17 21 24 26 27 26 26 25 25 25 25 27 27 26 29 29 31 37 43 50 56 53 43 29 23 22 20 22 22 22 20 19 19 19 19 19 19 18 18 18 18 18 18 19 19 19 19 19 19 19 19 19 19 19 19 19 19 19 19 19 19 19 19 19 19 19 19 22 22 22 22 22 22 22 22 21 21 21 21 
43 58 74 75 51 23 16 19 17 15 16 15 12 10 9 8 8 11 17 18 18 18 19 19 18 18 18 19 19 19 18 17 15 16 15 15 15 14 15 15 17 19 23 25 26 27 27 25 25 26 25 24 25 28 29 30 31 37 42 47 50 46 33 24 22 22 22 20 22 20 18 18 19 19 19 19 19 19 19 19 19 19 19 19 19 19 19 19 19 19 19 19 19 19 19 19 19 19 19 19 19 19 19 19 19 19 19 21 21 22 22 22 22 22 22 20 20 20 20 
32 43 58 61 49 26 20 21 15 15 14 12 10 11 9 8 8 10 16 16 17 17 19 19 19 19 19 19 19 19 18 17 15 16 15 13 13 12 15 15 17 21 23 25 26 27 26 25 25 24 25 24 26 28 28 30 33 36 40 44 45 39 26 23 23 22 22 22 19 19 19 18 18 19 20 19 19 19 19 19 19 19 19 19 19 19 19 19 19 19 19 19 19 19 19 19 19 19 19 19 19 19 19 19 19 19 19 21 21 22 22 22 22 22 22 20 20 20 20 
28 39 49 55 45 25 18 17 15 14 11 11 11 11 9 7 7 10 13 16 17 17 18 19 19 19 19 19 21 22 19 17 17 15 12 12 11 12 12 15 17 22 24 25 25 25 24 24 24 25 24 26 28 28 28 30 32 36 38 40 39 30 24 22 22 22 22 20 19 19 18 18 18 19 20 19 19 19 19 19 19 19 19 19 19 19 19 19 19 19 19 19 19 19 19 19 19 19 19 19 19 19 19 19 19 19 19 21 21 22 22 22 22 22 22 20 20 20 20 
29 39 46 51 47 30 18 15 14 12 12 11 10 11 9 7 8 10 11 14 16 17 18 19 19 19 21 21 21 22 19 18 17 15 14 12 12 12 14 15 18 21 23 23 23 22 22 22 24 25 25 26 28 29 29 30 32 36 38 37 33 25 23 21 21 22 22 19 19 17 18 18 19 19 20 19 19 19 19 19 19 19 19 19 19 19 19 19 19 19 19 19 19 19 19 19 19 19 19 19 19 19 19 19 19 19 19 21 21 22 22 22 22 22 22 20 20 20 20 
26 31 40 51 53 37 26 21 16 16 17 12 9 9 8 8 8 7 9 12 16 17 17 17 19 21 21 22 22 22 22 21 19 17 14 12 11 11 14 16 16 18 19 21 18 16 18 21 22 26 26 26 29 29 30 31 33 36 37 38 32 25 23 22 20 20 20 20 18 18 18 17 18 18 19 19 19 19 19 19 19 19 19 19 19 19 19 19 19 19 19 19 19 19 19 19 19 19 19 19 19 19 19 19 19 19 19 21 21 22 22 22 22 22 22 20 20 20 20 
22 24 33 48 53 48 37 24 19 18 17 14 11 10 8 7 5 7 8 11 15 17 18 18 21 21 21 22 22 23 23 21 19 19 15 12 11 11 14 14 16 16 15 15 15 14 14 18 22 26 26 29 31 30 32 32 35 36 38 39 33 26 23 23 20 20 20 18 18 18 18 17 18 18 19 19 19 19 19 19 19 19 19 19 19 19 19 19 19 19 19 19 19 19 19 19 19 19 19 19 19 19 19 19 19 19 19 21 21 22 22 22 22 22 22 20 20 20 20 
19 22 31 39 50 58 48 31 21 16 15 15 12 11 8 8 6 8 8 9 14 16 18 19 21 21 21 23 23 23 23 22 22 19 17 15 14 12 12 11 12 12 12 12 12 14 16 20 24 27 27 30 32 33 33 34 36 37 38 37 32 26 24 22 21 22 20 19 19 17 17 18 19 19 19 19 19 19 19 19 19 19 19 19 19 19 19 19 19 19 19 19 19 19 19 19 19 19 19 19 19 19 19 19 19 19 19 21 21 22 22 22 22 22 22 20 20 19 19 
19 21 26 32 44 59 55 39 26 19 14 15 12 10 9 8 6 7 7 10 12 14 18 19 21 21 21 23 23 23 23 22 21 18 16 15 14 12 12 12 12 14 14 15 16 18 21 25 26 27 27 30 32 33 34 36 37 37 38 36 30 26 24 22 22 22 20 19 19 17 18 18 18 18 19 18 19 19 21 19 19 19 19 19 19 19 19 19 19 19 19 19 19 19 19 19 19 19 19 19 19 19 19 19 19 19 19 21 21 22 22 22 22 22 22 20 20 19 19 
18 21 25 30 40 57 57 45 32 24 14 14 12 10 8 6 6 5 7 9 12 16 18 19 19 22 22 23 23 23 23 23 22 19 17 16 15 14 15 15 15 16 17 18 21 22 24 25 25 25 26 29 31 32 33 36 37 38 40 36 30 27 25 23 22 22 20 19 18 18 18 18 18 19 19 19 19 19 19 19 19 19 19 20 20 20 22 22 22 21 21 21 21 21 21 21 21 21 21 19 19 19 19 19 19 19 19 21 21 21 21 21 21 21 21 21 21 21 21 
18 22 24 26 36 50 59 57 44 35 19 15 12 10 8 5 3 5 5 8 11 16 18 19 19 22 22 23 23 23 23 23 23 21 19 17 16 15 16 17 15 16 18 21 21 23 25 25 25 25 26 28 30 32 33 36 38 42 42 36 29 26 24 23 22 20 20 18 18 18 17 18 18 18 19 19 19 19 21 21 21 21 19 20 20 20 22 22 22 21 21 21 21 21 21 21 21 21 21 19 19 19 19 19 19 19 19 21 21 21 21 21 21 21 21 21 21 21 21 
19 22 22 24 30 44 61 64 53 39 22 17 15 12 9 3 2 4 4 5 9 11 15 17 19 22 22 22 22 23 23 23 22 21 19 18 16 17 17 17 16 17 19 21 22 23 25 26 26 26 27 29 31 32 35 35 38 43 42 35 28 24 24 23 22 22 20 19 19 17 18 18 18 18 19 19 19 19 21 21 21 21 19 20 20 20 22 22 22 21 21 21 21 21 21 21 21 21 21 19 19 19 19 19 19 19 19 21 21 21 21 21 21 21 21 21 21 21 21 
19 22 21 23 24 37 57 64 58 42 22 18 16 15 10 3 2 3 4 4 7 9 12 16 18 21 22 22 22 22 23 22 22 21 19 17 16 17 17 17 16 18 18 19 21 21 23 25 25 25 26 29 31 32 35 37 39 44 42 35 26 24 24 23 22 22 20 19 18 17 18 18 18 18 19 19 19 19 21 21 21 21 19 20 20 20 22 22 22 21 21 21 21 21 21 21 21 21 21 19 19 19 19 19 19 19 19 21 21 21 21 21 21 21 21 21 21 21 21 
19 19 19 21 19 30 47 57 58 45 22 17 17 15 9 3 2 2 3 3 5 8 11 15 17 21 22 22 22 22 22 22 22 19 19 17 17 15 14 15 15 15 15 15 16 15 18 21 18 21 23 26 30 33 37 38 43 46 43 36 26 23 23 23 23 23 20 19 19 17 18 18 18 19 19 19 19 19 21 21 21 21 19 20 20 20 22 22 22 21 21 21 21 21 21 21 21 21 21 19 19 19 19 19 19 19 19 21 21 21 21 21 21 21 21 21 21 21 21 
18 18 18 18 17 25 39 47 53 45 23 18 18 15 8 3 2 2 2 3 5 8 10 14 17 19 21 22 22 22 22 22 21 19 16 14 12 11 10 10 10 10 9 10 10 9 12 14 14 17 21 25 30 34 37 39 45 47 43 36 26 23 23 24 23 23 20 19 19 18 18 18 18 19 19 19 19 19 21 21 21 21 19 20 20 20 22 22 22 21 21 21 21 21 21 21 21 21 21 19 19 19 19 19 19 19 19 21 21 21 21 21 21 21 21 21 21 21 21 
20 19 19 19 19 23 33 40 49 47 29 19 18 16 10 5 3 2 2 3 5 5 9 12 15 18 22 21 21 21 21 21 21 18 14 11 9 8 8 8 7 7 8 9 9 10 11 14 14 17 23 27 31 33 36 39 43 44 40 32 25 25 24 23 23 23 20 18 17 18 18 19 19 19 19 19 19 19 21 21 21 21 19 20 20 20 22 22 22 21 21 21 21 21 21 21 21 21 21 19 19 19 19 19 19 19 19 21 21 21 21 21 21 21 21 21 21 21 21 
22 21 19 21 21 22 32 39 45 46 32 24 19 17 11 8 4 4 4 3 4 4 8 10 12 16 19 19 19 19 19 21 19 16 12 10 9 8 8 8 7 9 10 10 11 12 16 17 17 21 26 30 31 32 34 36 37 37 35 29 24 24 24 23 22 22 20 18 18 18 18 18 18 19 19 19 19 19 21 21 21 21 19 20 20 20 22 22 22 21 21 21 21 21 21 21 21 21 21 19 19 19 19 19 19 19 19 21 21 21 21 21 21 21 21 21 21 21 21 
22 21 21 21 21 22 29 34 37 36 38 25 19 16 11 7 4 4 4 3 3 3 5 8 10 14 17 19 20 19 18 17 16 15 14 11 10 10 10 11 10 10 11 12 14 15 18 19 19 23 26 30 31 31 33 36 37 36 30 26 25 24 24 23 22 22 19 18 18 18 19 19 19 19 19 19 19 19 21 21 21 23 22 22 22 21 21 21 21 21 21 21 21 21 21 21 21 21 21 21 21 21 21 21 21 21 21 21 21 21 21 21 21 21 21 21 21 21 21 
20 19 21 19 19 22 22 25 29 29 33 24 21 18 14 9 7 5 4 3 3 2 3 5 9 11 15 16 18 18 17 17 17 16 15 12 12 12 12 14 15 14 14 15 16 17 18 19 22 23 26 30 32 32 37 38 38 34 27 25 25 24 22 22 22 20 19 18 18 18 19 19 19 19 19 19 19 19 21 21 21 22 22 22 22 21 21 21 21 21 21 21 21 21 21 21 21 21 21 21 21 21 21 21 21 21 21 21 21 21 21 21 21 21 21 21 21 21 21 
20 19 19 19 19 20 20 23 25 25 28 24 22 19 16 14 10 8 7 5 5 2 3 5 8 9 11 12 14 15 16 17 17 17 16 15 15 15 16 16 16 15 16 16 17 18 19 21 22 25 28 31 33 37 40 44 40 32 25 25 24 23 22 22 20 19 18 18 18 19 19 19 19 19 19 19 19 19 21 21 21 21 21 22 22 21 21 21 21 21 21 21 21 21 21 21 21 21 21 21 21 21 21 21 21 21 21 21 21 21 21 21 21 21 21 21 21 21 21 
19 18 19 19 19 20 19 20 22 23 25 22 21 18 17 15 12 10 8 8 4 2 2 3 5 7 8 9 10 10 11 15 16 16 16 16 16 17 18 18 17 16 17 17 18 19 22 23 24 28 29 31 34 39 44 47 41 31 24 24 24 23 22 22 20 19 18 18 18 18 19 19 19 19 19 19 19 19 21 21 21 21 21 22 22 21 21 21 21 21 21 21 21 21 21 21 21 21 21 21 21 21 21 21 21 21 21 21 21 21 21 21 21 21 21 21 21 21 21 
18 18 19 19 18 19 19 18 19 21 21 21 19 17 15 15 12 11 10 7 3 3 3 3 7 8 10 8 4 5 9 14 14 16 16 15 15 17 18 19 18 17 18 19 19 22 23 23 25 29 30 31 33 39 46 48 40 29 23 22 23 22 21 19 19 18 18 18 18 17 18 18 19 19 19 19 19 19 21 21 21 19 19 21 21 22 22 22 22 21 21 21 21 21 21 21 21 21 21 21 21 21 21 21 21 21 21 21 21 21 21 21 21 21 21 21 21 21 21 
18 18 19 19 19 19 19 18 20 21 19 19 17 15 15 16 15 12 11 9 9 11 12 15 19 21 18 10 9 9 10 14 14 16 16 15 16 17 18 18 18 19 21 21 22 23 24 24 26 29 30 31 33 39 46 48 40 29 23 23 23 23 21 19 19 18 18 18 18 17 18 18 19 19 19 21 21 21 21 19 19 19 18 21 21 22 22 22 22 21 21 22 22 22 22 22 22 22 22 21 21 21 21 21 21 21 21 21 21 21 21 21 21 21 21 21 21 21 21 
17 17 18 19 19 18 18 20 23 21 22 21 18 19 19 19 18 15 12 13 18 22 25 28 30 30 25 18 16 12 10 15 16 16 16 17 17 17 18 18 21 21 21 22 22 24 25 25 26 28 29 29 31 37 44 46 40 30 25 23 23 24 22 19 19 18 18 18 18 17 18 18 19 19 19 21 21 21 19 19 19 19 19 21 21 22 22 22 22 21 21 22 22 22 22 22 22 22 22 22 22 22 22 22 22 22 22 21 21 21 21 21 21 21 21 22 22 22 22 
18 18 19 19 19 18 18 23 26 25 24 22 22 23 20 20 19 16 15 17 20 24 26 28 28 29 27 21 17 15 14 16 18 17 17 17 17 17 18 21 22 21 21 21 23 25 25 26 26 26 28 28 30 35 43 44 38 29 24 23 22 23 22 19 18 18 18 18 18 17 18 19 19 19 19 19 19 19 19 19 19 21 21 22 22 22 22 22 22 22 21 22 22 22 22 22 22 22 22 22 22 22 22 22 22 22 22 22 21 21 21 21 21 21 21 22 22 22 22 
18 17 18 18 18 17 18 20 22 21 22 24 23 22 22 20 18 15 15 18 19 23 27 25 26 30 26 24 23 21 17 16 17 18 17 15 17 17 19 21 21 21 21 21 23 24 25 25 25 25 25 26 30 38 45 44 36 29 23 22 22 22 20 18 18 17 17 17 17 17 18 18 18 18 19 19 19 19 21 21 21 21 22 21 21 21 21 21 21 21 21 21 21 21 21 21 21 21 21 21 21 21 21 21 21 21 21 22 22 22 22 22 22 22 22 22 22 22 22 
19 18 18 18 17 17 18 23 25 24 23 24 22 23 22 19 17 18 18 18 22 26 27 30 31 30 25 23 24 21 18 16 15 16 16 14 16 18 18 19 21 21 21 21 22 23 24 24 24 23 24 26 29 34 40 43 34 26 23 22 22 22 20 17 17 17 17 16 16 17 17 18 18 18 19 19 19 19 21 21 21 21 21 21 21 21 21 21 21 21 21 21 21 21 21 21 21 21 21 21 21 21 21 21 21 21 21 22 22 22 22 22 22 22 22 22 22 22 22 
19 18 19 19 17 17 19 26 31 29 25 24 22 23 23 22 22 24 24 25 27 29 29 29 26 23 23 21 18 18 18 18 15 14 12 12 15 17 18 19 19 19 18 18 19 21 22 22 22 22 23 25 26 34 38 40 37 29 25 24 23 23 20 17 17 17 17 16 16 17 17 18 18 18 19 19 19 19 21 21 21 21 21 21 21 21 21 21 21 21 21 21 21 21 21 21 21 21 21 21 21 21 21 21 21 21 21 22 22 22 22 22 22 22 22 22 22 22 22 
19 19 19 19 19 19 23 32 36 30 29 22 19 22 24 24 25 26 27 27 27 29 27 24 19 18 18 17 14 16 19 18 16 14 11 11 12 14 15 17 17 16 17 18 18 21 21 19 22 22 22 24 26 34 41 44 39 29 25 24 23 23 20 17 17 17 17 16 16 17 17 18 18 18 19 19 19 19 21 21 21 21 21 19 21 21 22 22 22 21 21 21 21 21 21 21 21 21 21 21 21 21 21 21 21 21 21 22 22 22 22 22 22 22 22 22 22 22 22 
19 19 19 19 21 23 26 34 41 38 31 23 22 20 23 25 25 25 25 25 25 25 22 17 15 16 15 15 15 18 21 21 18 16 13 10 11 12 12 14 15 16 17 18 21 21 21 21 21 21 22 23 26 32 45 57 53 36 22 23 22 22 20 19 19 19 18 18 17 18 18 18 19 18 19 21 21 21 21 21 21 19 19 19 21 21 22 22 21 21 21 19 21 21 21 21 21 21 21 21 21 21 21 21 21 21 21 21 21 21 21 21 21 21 21 21 21 21 21 
18 18 19 19 19 23 25 31 39 43 33 26 23 23 25 25 25 25 24 24 24 22 17 15 15 16 16 18 22 22 24 26 22 17 12 9 8 10 11 12 15 16 17 17 19 21 21 21 21 21 21 23 25 32 47 67 75 61 33 24 21 22 20 19 19 19 19 18 17 17 17 18 19 18 19 21 21 21 21 21 19 19 19 21 21 21 22 22 21 21 21 19 19 19 19 19 19 19 19 19 19 19 19 19 19 19 19 21 21 21 21 21 21 21 21 21 21 21 21 
18 18 18 18 19 22 23 25 32 36 31 27 24 24 25 25 25 25 27 25 23 19 19 22 22 19 23 25 26 26 26 28 23 19 15 8 5 9 10 12 15 16 17 18 20 20 23 22 22 22 22 23 25 31 44 62 81 78 50 32 25 19 18 18 18 18 18 17 17 16 16 17 17 18 19 19 19 19 19 19 19 19 19 21 21 21 22 22 21 21 21 19 19 19 19 19 19 19 19 19 19 19 19 19 19 19 19 21 21 21 21 21 21 21 21 21 21 21 21 
18 18 18 18 19 22 23 25 28 29 28 27 25 25 25 26 26 26 27 25 26 25 24 26 26 24 26 26 26 26 25 25 25 22 17 10 7 8 10 12 15 17 18 20 23 23 23 22 22 23 23 24 26 29 36 50 69 79 67 57 40 26 19 18 19 19 18 17 17 17 17 17 18 19 20 19 19 19 19 18 19 19 19 21 21 21 21 21 21 19 19 19 19 19 19 19 19 19 19 19 19 19 19 19 19 19 19 21 21 21 21 21 21 21 21 21 21 21 21 
19 18 18 18 19 21 21 22 24 25 25 26 26 25 25 26 26 25 25 26 28 28 26 27 27 26 27 25 25 24 25 28 26 22 16 11 8 9 11 14 16 18 20 20 23 23 23 22 22 23 23 23 25 28 32 43 58 74 78 75 67 50 33 21 17 16 17 17 18 18 17 18 18 18 19 20 20 19 19 19 19 19 19 21 21 21 21 21 21 19 19 21 21 21 21 21 21 21 21 19 19 19 19 19 19 19 21 21 21 21 21 21 21 21 21 21 21 21 21 
19 18 19 19 21 22 23 23 23 24 25 25 25 25 24 25 26 26 26 28 28 28 26 27 26 26 26 25 25 23 25 26 24 19 13 11 10 11 14 15 16 19 20 22 23 23 23 22 22 23 23 23 25 25 26 33 43 54 68 77 84 79 65 44 29 19 18 21 19 19 19 18 18 19 19 20 20 19 19 19 19 21 21 21 22 22 21 21 21 19 19 21 21 21 21 21 21 21 21 19 19 19 19 19 19 19 21 21 21 21 21 21 21 21 21 21 21 21 21 
18 18 21 22 22 23 23 24 26 28 24 24 24 24 24 24 25 25 26 29 29 29 27 25 25 25 26 25 25 24 25 24 24 18 14 12 12 14 14 15 17 20 22 23 23 24 23 22 23 23 23 24 24 24 25 29 32 38 51 68 81 91 96 86 67 47 32 25 22 21 23 19 17 17 18 19 19 18 19 19 19 22 22 22 22 22 21 21 21 21 21 21 21 21 21 21 21 21 21 22 22 22 22 22 22 21 21 21 21 21 21 21 21 21 21 21 21 21 21 
18 19 19 19 21 29 31 31 31 29 24 23 23 23 24 24 24 25 26 26 29 29 29 26 28 28 29 28 28 28 26 24 24 21 15 15 15 15 15 16 19 20 23 24 25 25 23 23 23 23 23 25 26 26 26 28 32 35 42 53 64 79 98 110 111 95 68 44 31 29 28 23 21 19 21 21 19 17 18 19 19 21 21 21 21 21 19 19 21 21 21 21 21 21 21 21 21 21 21 22 22 22 22 22 22 21 21 21 21 21 21 21 21 21 21 21 21 21 21 
20 21 23 27 43 62 67 63 52 36 23 22 22 22 22 23 23 25 25 26 27 26 28 29 29 29 30 30 30 29 29 28 29 24 19 17 17 17 16 19 20 22 22 23 24 24 23 23 23 23 23 23 25 26 26 26 29 34 39 44 50 59 75 96 119 131 121 92 67 53 40 29 29 27 27 19 25 23 23 22 19 19 19 19 18 19 19 19 21 21 21 21 21 21 21 21 21 21 21 22 22 22 22 22 22 22 22 20 20 20 20 20 20 20 20 19 19 19 19 
23 25 31 44 68 95 103 96 72 43 23 22 20 20 20 22 24 24 24 26 27 26 29 30 30 30 31 32 31 30 29 29 29 26 23 18 18 18 17 19 23 22 22 23 24 24 24 23 23 23 24 24 24 24 24 25 28 32 37 39 41 48 57 67 89 119 139 135 117 100 82 64 50 45 36 25 27 22 22 21 21 21 21 21 18 18 18 19 19 19 21 21 21 21 21 21 21 21 21 22 22 22 22 22 22 22 20 20 20 20 20 20 20 20 20 19 19 19 19 
24 37 65 86 108 121 116 94 60 34 20 19 19 20 20 23 24 25 25 25 26 26 28 29 29 29 30 30 30 29 29 25 25 26 24 21 19 18 17 19 22 22 22 22 23 24 23 22 23 23 24 24 24 24 24 25 28 30 33 37 39 44 47 51 58 73 101 123 131 131 131 112 89 77 63 53 37 24 23 21 21 21 22 22 21 21 18 19 21 21 21 21 21 21 21 21 21 21 21 21 21 22 22 20 20 20 20 20 20 19 19 19 19 21 21 20 20 20 20 
46 79 111 137 148 133 94 59 32 20 19 18 18 20 20 23 23 25 25 25 26 26 28 28 29 29 26 25 24 24 23 19 22 25 24 21 18 17 19 22 22 22 22 22 22 22 23 23 23 23 23 23 25 25 24 24 26 29 32 37 39 43 45 46 47 50 61 78 96 113 125 116 105 111 110 121 87 65 41 24 24 23 21 22 22 21 21 21 21 22 21 22 22 22 22 22 22 22 22 21 21 22 22 20 20 20 22 20 20 19 19 21 21 21 21 20 20 20 20 
88 124 151 157 127 84 50 31 22 20 19 18 19 21 19 22 23 24 25 25 26 28 26 28 28 24 21 18 16 14 15 17 22 23 22 21 18 18 19 22 22 22 21 23 23 23 23 24 24 23 23 24 24 25 25 23 24 26 31 33 36 39 42 42 42 43 44 46 56 67 86 91 88 94 107 136 141 114 93 59 33 30 25 21 23 22 21 21 21 22 22 21 21 21 21 21 22 22 21 21 21 21 19 20 20 20 20 20 20 19 19 21 21 21 21 20 20 20 20 
131 152 153 134 89 43 18 10 12 17 19 19 19 21 21 23 23 24 25 25 26 29 29 28 28 19 15 11 9 7 8 12 17 21 21 19 18 21 22 23 22 22 22 22 23 23 23 23 24 23 24 25 25 24 25 24 26 28 31 33 36 36 36 37 38 38 39 39 40 43 47 52 53 51 64 96 120 127 122 90 64 52 36 24 25 23 18 22 22 23 22 21 21 21 21 21 22 21 19 19 19 19 19 20 20 20 22 20 22 21 21 21 21 22 22 22 22 22 22 
150 142 111 78 46 18 5 2 5 15 18 21 21 22 22 24 24 25 26 26 28 30 30 29 26 17 12 9 7 5 5 9 15 18 19 18 18 19 21 23 22 22 22 22 22 22 23 23 23 22 24 24 25 24 24 24 25 28 29 30 33 34 34 36 37 37 37 39 40 41 39 30 26 17 18 36 57 86 106 108 103 90 71 52 40 30 24 23 23 23 22 22 22 22 22 23 22 22 21 21 21 21 21 21 21 22 22 21 21 22 22 22 22 22 22 21 21 21 21 
129 95 56 31 15 4 4 8 12 15 17 19 21 23 23 24 25 26 26 28 28 30 30 29 26 17 11 9 7 5 5 7 11 16 17 18 18 18 19 21 21 20 20 20 20 20 22 23 23 23 23 24 24 24 24 24 23 25 26 30 31 34 36 37 36 39 39 40 41 41 39 30 23 17 4 0 8 29 52 82 112 125 117 98 74 51 37 28 23 23 22 21 21 21 22 23 23 23 22 22 21 21 21 21 21 22 22 22 22 22 23 23 23 23 23 22 22 22 22 
74 39 17 11 5 1 3 8 12 15 17 19 20 22 22 24 25 26 26 28 28 29 30 29 25 17 12 10 8 5 5 8 11 14 17 18 17 18 18 19 19 19 19 18 18 20 22 21 22 23 23 25 25 24 24 24 25 26 28 30 32 32 36 37 38 41 44 41 41 38 37 34 29 23 11 0 0 1 10 35 73 109 118 104 85 64 47 33 25 24 24 22 22 22 22 23 22 22 21 21 21 21 21 21 21 22 23 23 24 24 25 25 25 24 24 23 23 23 23 
25 4 1 0 1 1 3 9 12 15 17 20 20 21 22 23 26 26 28 28 26 29 30 30 25 17 14 12 9 5 5 9 12 15 17 17 17 18 18 19 18 18 19 18 18 20 22 21 23 23 23 25 25 25 25 25 26 29 29 31 35 33 36 38 39 41 44 41 40 38 36 33 29 18 11 3 0 0 1 5 22 50 61 57 51 45 39 33 26 25 25 24 23 22 22 23 23 23 22 22 21 21 22 22 22 23 23 23 26 28 28 28 26 26 26 25 25 25 25 
3 1 0 0 0 1 4 11 15 17 19 19 19 21 23 24 26 26 28 28 28 28 29 29 24 17 12 11 9 5 7 11 16 16 17 19 19 18 19 18 17 19 19 20 20 22 22 21 23 24 23 23 25 25 25 25 25 29 30 31 35 36 38 38 40 41 43 41 40 37 32 29 25 19 10 1 1 3 4 2 4 8 11 12 12 12 14 16 19 23 24 26 29 28 28 26 25 25 23 24 24 24 23 23 23 24 24 25 27 29 29 28 26 28 26 26 25 25 25 
1 1 1 0 1 1 8 16 18 19 19 21 21 22 23 25 26 26 26 28 28 28 28 28 23 16 11 8 8 5 9 11 14 16 17 18 19 18 18 17 17 18 19 19 20 22 22 21 22 24 24 23 25 25 25 25 28 30 31 32 35 39 38 38 40 41 40 39 38 32 29 19 17 9 4 2 1 3 3 1 1 1 0 0 0 0 1 3 5 10 15 27 39 47 44 36 29 24 23 25 24 24 24 24 23 24 25 26 29 30 30 30 29 28 26 26 28 28 28 
1 2 2 2 2 5 12 17 19 20 22 22 23 23 23 26 26 26 26 29 29 28 28 26 22 15 9 5 7 8 10 11 12 16 16 17 17 17 18 16 16 17 18 18 18 19 21 21 22 24 24 23 25 25 25 26 28 30 31 32 35 38 36 36 39 39 39 37 37 31 25 15 9 2 2 1 1 1 1 0 0 0 1 1 1 1 1 2 2 3 5 18 36 54 58 50 34 25 23 23 22 22 23 24 23 24 25 25 28 30 30 29 29 28 26 26 28 28 29 
1 1 1 1 1 3 9 17 22 22 22 23 24 24 25 26 26 26 26 29 30 28 28 26 22 14 7 5 8 9 11 12 15 16 16 17 17 17 16 16 16 16 17 17 18 19 19 21 22 24 23 23 24 24 25 26 28 29 30 31 33 33 33 36 36 36 36 33 33 29 22 11 4 2 2 1 1 1 2 0 0 0 0 1 2 2 2 2 2 2 3 5 15 30 41 41 33 26 24 24 24 24 24 25 23 24 25 26 28 28 28 26 26 25 26 28 29 29 29 
1 1 1 1 1 4 10 18 23 23 23 23 24 25 26 28 28 28 28 30 30 28 26 25 21 12 7 5 8 10 11 12 15 16 16 16 16 16 16 15 14 15 15 16 17 18 19 23 25 23 23 24 25 24 23 25 26 28 29 29 31 30 30 32 33 34 33 31 30 26 19 10 2 1 1 1 1 1 2 1 1 0 0 0 0 0 0 0 2 3 3 2 1 5 12 18 18 21 24 28 30 31 31 25 22 23 25 26 28 29 29 28 28 26 26 28 29 29 29 
1 1 1 0 1 8 17 23 24 24 24 24 24 25 26 28 29 29 28 30 29 26 26 24 19 10 7 5 9 11 12 12 15 15 15 16 16 16 15 12 11 14 15 16 16 16 18 23 25 24 23 25 25 24 24 25 25 25 26 28 29 28 28 30 33 34 33 32 30 23 12 5 2 2 1 1 1 1 2 1 1 0 0 0 0 0 0 0 2 3 3 2 2 2 3 5 5 8 14 19 24 29 32 28 24 24 25 25 28 29 28 28 28 25 26 28 29 29 29 
1 0 0 0 2 11 19 24 24 24 24 24 24 25 26 29 30 30 29 30 30 26 26 24 17 10 7 7 8 10 14 15 15 15 15 16 15 15 12 10 10 12 15 15 16 18 21 24 27 25 23 25 25 24 24 25 25 25 26 28 26 28 26 26 31 31 31 31 26 17 7 2 2 1 1 1 0 0 2 2 1 0 1 0 0 0 0 0 0 2 2 3 2 2 2 1 2 3 3 7 12 17 28 30 28 25 24 24 25 28 25 25 25 23 24 26 28 28 29 
1 1 1 1 3 16 25 26 24 24 25 26 26 28 29 30 30 30 30 31 30 26 25 22 16 9 7 7 8 10 12 16 16 16 16 14 14 14 12 11 11 12 15 16 17 18 21 24 27 25 24 25 26 25 24 25 25 25 26 25 26 25 24 25 28 29 29 28 23 12 3 1 1 0 0 0 0 1 1 1 1 0 1 1 0 0 0 0 0 1 2 1 1 1 2 1 1 2 1 3 5 9 21 26 26 25 25 24 24 24 23 23 23 21 22 23 25 25 26 
1 1 1 1 7 21 30 30 25 25 26 26 28 29 30 30 30 31 31 31 30 27 26 22 16 10 7 8 9 11 14 16 16 16 15 15 15 16 15 14 14 15 17 18 18 19 22 25 27 25 24 25 25 25 24 25 25 25 25 25 25 25 25 25 25 25 25 23 15 7 2 1 0 0 0 0 0 0 0 0 0 0 0 0 0 0 0 0 0 1 1 1 1 1 1 2 2 2 3 3 4 8 15 19 24 25 25 23 24 23 23 23 23 22 22 23 24 24 25 
1 1 1 1 10 29 38 34 27 26 27 28 28 30 31 31 31 31 30 31 31 29 26 21 15 10 8 9 10 14 15 16 17 16 15 16 15 16 17 16 15 18 19 19 19 19 23 26 26 25 24 25 25 26 25 25 25 25 25 25 25 25 26 26 25 23 19 15 8 2 2 2 0 0 0 0 0 0 0 0 0 0 0 0 0 0 0 1 1 1 1 1 1 1 1 1 1 1 1 2 3 7 10 16 25 28 23 23 24 23 23 23 23 23 23 24 24 25 25 
1 1 1 1 13 31 39 34 27 25 26 28 30 31 31 31 31 31 30 30 30 29 24 19 15 10 9 9 11 14 16 18 18 17 16 16 16 16 16 16 17 18 19 21 19 23 25 25 26 26 25 25 25 25 25 25 25 24 25 25 26 26 26 25 23 19 12 10 5 2 2 2 1 0 0 0 0 0 0 0 0 0 0 0 0 0 0 0 1 1 1 0 0 0 0 1 1 1 1 1 2 3 4 10 21 24 24 23 23 23 23 23 24 23 23 25 25 25 26 
1 1 1 1 13 29 34 33 27 26 28 28 30 32 32 31 31 30 30 29 28 25 22 17 11 10 9 8 10 14 16 18 18 17 17 17 17 17 17 17 17 19 21 22 22 24 25 25 26 26 26 26 26 26 25 25 24 24 25 25 25 25 24 23 18 12 5 5 3 2 2 1 1 0 0 0 0 0 0 0 0 0 0 0 0 0 0 0 0 0 0 0 0 0 0 1 1 1 1 0 1 2 5 11 21 25 25 23 24 23 24 23 24 24 24 26 26 26 28 
0 0 0 1 12 24 31 32 29 28 29 30 31 32 32 31 31 31 29 26 24 21 17 11 8 8 8 7 10 15 16 18 18 17 17 18 18 18 19 19 19 22 22 23 24 24 25 26 28 28 28 28 28 26 26 25 24 24 25 25 25 24 23 22 15 9 3 2 1 2 2 1 1 1 0 0 0 0 0 0 0 0 0 0 0 0 0 0 0 0 0 0 0 0 0 0 0 0 1 1 1 3 9 18 26 29 26 24 25 24 25 24 24 25 26 26 28 29 30 
0 0 1 1 9 18 26 30 29 28 30 31 32 32 32 32 31 30 28 23 19 15 10 7 5 5 5 7 10 15 17 18 19 18 19 19 19 21 21 21 22 22 22 23 24 25 26 26 28 28 28 28 28 28 26 25 25 24 25 25 24 23 18 13 9 4 1 1 1 2 1 0 0 0 0 0 0 0 0 0 0 0 0 0 0 0 0 0 0 0 0 0 0 0 0 0 1 1 1 1 1 4 17 29 35 33 25 27 26 24 24 24 24 25 26 28 29 31 33 
0 0 1 1 8 16 23 29 27 28 30 31 32 33 32 32 31 29 26 21 12 7 4 3 3 4 5 5 10 15 17 19 19 19 19 21 21 22 22 22 22 22 23 23 23 25 25 26 26 28 26 28 28 28 26 25 25 23 24 24 23 19 12 6 3 2 1 1 1 1 0 1 1 0 0 0 0 0 0 0 0 0 0 0 0 0 0 0 0 0 0 0 0 0 0 0 1 1 1 1 1 5 19 37 47 39 29 31 27 24 24 24 23 25 26 27 27 28 30 
0 0 0 2 10 17 24 26 26 28 31 32 32 32 32 31 31 29 25 17 9 2 2 2 2 2 3 3 6 10 14 18 19 19 19 21 23 23 22 22 22 22 23 23 24 24 25 25 26 26 26 28 28 28 26 25 24 23 22 21 16 12 8 4 2 2 1 0 1 1 1 1 1 0 0 0 0 0 0 0 0 0 0 0 0 0 0 0 0 0 0 0 0 0 0 0 0 0 1 0 1 3 15 38 57 53 37 34 30 25 25 24 24 25 25 26 26 25 26 
0 0 1 4 11 19 25 25 25 29 31 32 31 32 32 32 30 28 24 15 7 2 2 1 1 1 1 2 3 4 10 16 21 22 21 22 23 22 23 23 23 23 23 24 24 24 24 24 25 26 26 28 28 26 26 24 23 23 19 18 11 6 5 3 2 0 0 0 1 1 1 1 1 0 0 0 0 0 0 0 0 0 0 0 0 0 0 0 0 0 0 0 0 0 0 0 0 0 1 1 2 2 9 30 57 64 49 43 32 26 25 25 26 26 25 26 26 26 26 
0 0 1 8 15 22 25 24 26 29 31 31 31 32 32 32 30 25 21 10 3 2 2 1 1 1 1 1 1 2 5 12 21 24 23 22 22 23 23 23 23 23 24 24 24 24 25 25 25 25 25 25 26 25 24 24 24 23 16 13 6 4 4 2 1 0 0 1 1 1 1 1 1 0 0 0 0 0 0 0 0 0 0 0 0 0 0 0 0 0 0 0 0 0 0 0 0 1 1 1 2 2 2 11 36 58 58 47 32 25 25 25 26 25 25 24 24 24 24 
0 1 2 8 15 22 24 24 26 29 30 31 31 32 32 31 28 22 14 4 1 1 0 0 0 0 1 1 1 1 3 9 16 20 23 22 23 23 23 23 23 23 24 24 24 24 24 25 24 25 25 25 25 26 25 24 22 18 12 10 4 3 3 2 0 1 1 1 1 1 1 1 0 0 0 0 0 0 0 0 0 0 0 0 0 0 0 0 0 0 0 0 0 0 0 0 0 1 1 1 1 2 1 4 23 50 61 52 38 27 26 26 25 24 24 24 23 23 22 
0 1 4 10 16 22 22 24 26 29 30 31 31 32 32 31 28 21 11 4 1 1 0 0 0 0 0 0 1 1 1 4 8 12 17 19 23 23 23 23 23 23 24 24 24 24 24 23 24 24 25 26 26 28 25 19 12 8 7 5 3 2 1 2 0 1 1 1 1 0 0 0 0 0 0 0 0 0 0 0 0 0 0 0 0 0 0 0 0 0 0 0 0 0 0 0 0 0 0 1 1 2 2 3 17 40 57 54 45 29 26 26 25 24 24 24 22 20 22 
1 3 8 11 17 21 21 23 26 29 29 30 31 32 32 31 26 18 10 2 1 1 0 0 0 0 1 1 1 1 1 3 7 9 10 16 22 23 23 23 24 24 24 24 24 24 24 23 24 25 25 26 26 23 16 10 5 3 2 2 2 1 1 1 1 1 1 1 1 1 1 1 1 0 0 0 0 0 0 0 0 0 0 0 0 0 0 0 0 0 0 0 0 0 0 0 0 0 0 2 2 1 1 2 9 28 51 56 47 29 26 26 25 24 24 23 23 21 21 
1 5 8 11 17 21 22 24 26 28 30 30 31 32 32 31 26 18 10 2 1 1 0 0 0 0 1 1 1 1 2 3 4 5 6 10 17 19 20 23 24 24 24 24 24 24 25 25 25 25 24 21 17 10 7 4 3 2 2 2 1 1 1 1 1 1 1 1 1 1 1 1 1 0 0 0 0 0 0 0 0 0 0 0 0 0 0 0 0 0 0 0 0 0 0 0 0 0 0 2 2 1 1 1 4 16 42 54 50 31 26 25 25 24 24 24 23 21 19 
2 5 9 11 16 21 21 24 26 28 29 30 31 31 31 31 26 18 9 2 1 1 0 0 0 0 0 1 1 1 1 1 2 2 3 4 9 12 17 23 25 25 25 25 25 26 27 27 26 24 18 11 6 3 3 2 2 1 1 1 1 1 1 1 1 1 1 1 1 1 1 1 1 0 0 0 0 0 0 0 0 0 0 0 0 0 0 0 0 0 0 0 0 0 0 0 0 0 0 0 1 2 0 0 1 10 30 44 54 43 26 25 25 24 24 23 23 22 22 
2 5 11 12 16 18 21 23 26 28 29 30 30 31 31 30 25 17 8 2 1 1 0 0 0 0 0 1 1 1 1 1 1 1 1 1 3 8 12 18 22 24 25 25 24 26 25 24 20 16 9 4 2 2 2 1 1 1 1 1 1 1 1 1 1 1 1 1 1 1 1 1 1 0 0 0 0 0 0 0 0 0 0 0 0 0 0 0 0 0 0 0 0 0 0 0 0 0 0 0 1 1 0 0 0 4 22 37 51 46 29 25 25 23 23 23 22 22 22 
3 8 12 15 16 18 21 24 26 28 28 30 30 30 30 30 25 16 7 2 2 1 0 0 0 0 0 0 0 0 0 1 1 1 1 1 2 4 5 11 15 17 22 24 23 22 18 16 11 6 4 2 1 1 1 1 1 1 1 1 1 1 1 1 1 1 1 1 1 1 1 1 1 0 0 0 0 0 0 0 0 0 0 0 0 0 0 0 0 0 0 0 0 0 0 0 0 0 0 0 1 1 0 0 0 3 16 31 46 47 31 26 25 23 23 23 22 22 22 
4 8 13 16 18 19 22 24 25 28 29 31 31 31 31 29 23 15 5 2 2 1 0 0 0 0 0 0 0 0 0 1 1 1 1 1 1 1 2 4 6 9 13 17 17 13 10 8 4 2 1 1 0 0 0 0 0 0 1 1 1 1 1 1 1 1 1 1 1 1 1 1 1 0 0 0 0 0 0 0 0 0 0 0 0 0 0 0 0 0 0 0 0 0 0 0 0 0 0 0 1 1 0 0 0 2 14 28 43 50 37 27 25 24 24 23 23 23 22 
4 8 14 16 18 19 22 24 25 28 29 31 31 31 31 29 23 15 4 1 1 0 0 0 0 0 0 0 0 0 0 0 0 0 0 1 1 0 0 2 2 3 3 9 11 10 4 1 2 1 0 0 0 0 0 0 0 0 0 0 0 0 0 0 0 0 0 0 0 0 0 0 0 0 0 0 0 0 0 0 0 0 0 0 0 0 0 0 0 0 0 0 0 0 0 0 0 0 0 0 0 0 0 1 1 2 11 24 42 51 40 28 24 24 24 23 23 22 22 
4 8 15 17 18 19 22 23 25 28 29 31 31 32 31 29 21 12 4 1 1 0 0 0 0 0 0 0 0 0 0 0 0 0 0 0 0 0 0 1 1 2 1 1 4 4 0 0 0 0 0 0 0 0 0 0 0 0 0 0 0 0 0 0 0 0 0 0 0 0 0 0 0 0 0 0 0 0 0 0 0 0 0 0 0 0 0 0 0 0 0 0 0 0 0 0 0 0 0 0 0 0 0 0 1 2 6 15 40 50 46 26 24 25 24 22 22 22 22 
5 10 16 18 19 21 23 24 26 28 30 30 31 31 31 28 19 10 2 1 1 0 0 0 0 0 0 0 0 0 0 0 0 0 0 0 0 0 0 0 0 0 1 1 0 0 0 0 0 0 0 0 0 0 0 0 0 0 0 0 0 0 0 0 0 0 0 0 0 0 0 0 0 0 0 0 0 0 0 0 0 0 0 0 0 0 0 0 0 0 0 0 0 0 0 0 0 0 0 0 0 0 0 0 1 1 4 11 32 50 47 28 25 25 24 22 22 22 22 
8 14 17 19 19 21 23 24 26 28 29 30 31 31 31 28 19 9 2 1 1 0 0 0 0 0 0 0 0 0 0 0 0 0 0 0 0 0 0 0 0 0 0 1 0 0 0 0 0 0 0 0 0 0 0 0 0 0 0 0 0 0 0 0 0 0 0 0 0 0 0 0 0 0 0 0 0 0 0 0 0 0 0 0 0 0 0 0 0 0 0 0 0 0 0 0 0 0 0 0 0 0 0 0 0 0 2 9 26 43 47 33 25 25 24 22 22 22 22 
9 15 19 19 19 21 23 24 26 28 29 31 31 31 31 26 18 8 2 1 1 0 0 0 0 0 0 0 0 0 0 0 0 0 0 0 0 0 0 0 0 0 0 0 0 0 0 0 0 0 0 0 0 0 0 0 0 0 0 0 0 0 0 0 0 0 0 0 0 0 0 0 0 0 0 0 0 0 0 0 0 0 0 0 0 0 0 0 0 0 0 0 0 0 0 0 0 0 0 0 0 0 0 1 0 0 1 6 22 36 46 40 25 25 24 23 22 22 22 
12 17 19 19 21 22 24 25 26 28 30 31 32 31 31 25 16 7 2 1 1 0 0 0 0 0 0 0 0 0 0 0 0 0 0 0 0 0 0 0 0 0 0 0 0 0 0 0 0 0 0 0 0 0 0 0 0 0 1 0 0 0 0 0 0 0 0 0 0 0 0 0 0 0 0 0 0 0 0 0 0 0 0 0 0 0 0 0 0 0 0 0 0 0 0 0 0 0 0 0 0 0 0 1 0 0 0 4 16 32 47 45 28 25 23 22 22 22 22 
15 19 19 19 21 22 24 25 26 28 30 31 31 31 31 25 15 7 2 1 1 0 0 0 0 0 0 0 0 0 0 0 0 0 0 0 0 0 0 0 0 0 0 0 0 0 0 0 0 0 0 0 0 0 0 0 0 0 1 0 0 0 0 0 0 0 0 0 0 0 0 0 0 0 0 0 0 0 0 0 0 0 0 0 0 0 0 0 0 0 0 0 0 0 0 0 0 0 0 0 0 0 0 0 0 0 0 3 9 26 47 50 29 25 23 23 22 22 22 
16 19 19 19 21 22 24 25 26 28 29 30 31 32 31 24 15 5 2 1 1 0 0 0 0 0 0 0 0 0 0 0 0 0 0 0 0 0 0 0 0 0 0 0 0 0 0 0 0 0 0 0 0 0 0 0 0 0 0 0 0 0 0 0 0 0 0 0 0 0 0 0 0 0 0 0 0 0 0 0 0 0 0 0 0 0 0 0 0 0 0 0 0 0 0 0 0 0 0 0 0 0 0 1 0 0 0 1 5 23 44 50 32 24 23 23 22 22 22 
18 19 19 19 21 22 23 25 26 28 29 30 30 31 30 23 12 5 2 1 1 0 0 0 0 0 0 0 0 0 0 0 0 0 0 0 0 0 0 0 0 0 0 0 0 0 0 0 0 0 0 0 0 0 0 0 0 0 0 0 0 0 0 0 0 0 0 0 0 0 0 0 0 0 0 0 0 0 0 0 0 0 0 0 0 0 0 0 0 0 0 0 0 0 0 0 0 0 0 0 0 0 0 0 0 0 0 0 3 24 43 49 37 25 24 23 23 23 23 
21 21 19 19 21 22 23 25 26 28 29 29 30 30 28 19 9 4 2 2 1 0 0 0 0 0 0 0 0 0 0 0 0 0 0 0 0 0 0 0 0 0 0 0 0 0 0 0 0 0 0 0 0 0 0 0 0 0 0 0 0 0 0 0 0 0 0 0 0 0 0 0 0 0 0 0 0 0 0 0 0 0 0 0 0 0 0 0 0 0 0 0 0 0 0 0 0 0 0 0 0 0 0 0 0 0 0 0 2 20 38 49 40 28 25 23 23 23 23 
19 21 19 21 22 23 24 26 26 28 29 29 29 29 26 18 9 3 2 1 0 1 1 0 0 0 0 0 0 0 0 0 0 0 0 0 0 0 0 0 0 0 0 0 0 0 0 0 0 0 0 0 0 0 0 0 0 0 0 0 0 0 0 0 0 0 0 0 0 0 0 0 0 0 0 0 0 0 0 0 0 0 0 0 0 0 0 0 0 0 0 0 0 0 0 0 0 0 0 0 0 0 1 0 0 0 0 0 2 17 36 49 46 31 25 24 24 23 23 
18 19 19 21 22 23 24 26 28 28 29 29 29 30 28 19 9 3 2 1 0 1 1 0 0 0 0 0 0 0 0 0 0 0 0 0 0 0 0 0 0 0 0 0 0 0 0 0 0 0 0 0 0 0 0 0 0 0 0 0 0 0 0 0 0 0 0 0 0 0 0 0 0 0 0 0 0 0 0 0 0 0 0 0 0 0 0 0 0 0 0 0 0 0 0 0 0 0 0 0 0 0 1 0 0 0 0 0 1 10 31 49 52 40 26 24 23 23 23 
19 19 19 21 22 23 24 26 28 28 29 29 29 30 28 18 9 2 2 0 0 1 1 1 1 1 1 0 0 0 0 0 0 0 0 0 0 0 0 0 0 0 0 0 0 0 0 0 0 0 0 0 0 0 0 0 0 0 0 0 0 0 0 0 0 0 0 0 0 0 0 0 0 0 0 0 0 0 0 0 0 0 0 0 0 0 0 0 0 0 0 0 0 0 0 0 0 0 0 0 0 0 0 0 0 0 0 0 1 10 29 49 56 45 29 25 24 24 24 
19 19 19 21 23 23 24 26 26 28 28 29 29 29 25 17 9 2 1 0 0 1 1 1 1 1 1 0 0 0 0 0 0 0 0 0 0 0 0 0 0 0 0 0 0 0 0 0 0 0 0 0 0 0 0 0 0 0 0 0 0 0 0 0 0 0 0 0 0 0 0 0 0 0 0 0 0 0 0 0 0 0 0 0 0 0 0 0 0 0 0 0 0 0 0 0 0 0 0 0 0 0 1 0 0 0 0 0 1 10 30 47 54 42 31 25 24 24 24 
19 19 19 21 23 24 25 26 26 28 28 28 28 28 25 17 9 2 1 0 0 1 1 1 1 1 1 0 0 0 0 0 0 0 0 0 0 0 0 0 0 0 0 0 0 0 0 0 0 0 0 0 0 0 0 0 0 0 0 0 0 0 0 0 0 0 0 0 0 0 0 0 0 0 0 0 0 0 0 0 0 0 0 0 0 0 0 0 0 0 0 0 0 0 0 0 0 0 0 0 0 0 1 0 0 0 0 0 1 8 26 46 60 50 32 25 24 24 24 
21 21 21 23 24 24 25 28 28 29 29 28 28 28 25 18 9 2 1 0 0 0 1 1 1 1 1 0 0 0 0 0 0 0 0 0 0 0 0 0 0 0 0 0 0 0 0 0 0 0 0 0 0 0 0 0 0 0 0 0 0 0 0 0 0 0 0 0 0 0 0 0 0 0 0 0 0 0 0 0 0 0 0 0 0 0 0 0 0 0 0 0 0 0 0 0 0 0 0 0 0 0 0 0 0 0 0 0 2 5 24 43 60 56 35 25 24 24 24 
21 21 22 23 25 25 26 28 29 28 28 28 26 28 25 17 8 2 1 1 0 1 0 1 1 1 1 0 0 0 0 0 0 0 0 0 0 0 0 0 0 0 0 0 0 0 0 0 0 0 0 0 0 0 0 0 0 0 0 0 0 0 0 0 0 0 0 0 0 0 0 0 0 0 0 0 0 0 0 0 0 0 0 0 0 0 0 0 0 0 0 0 0 0 0 0 0 0 0 0 0 0 0 0 0 0 0 0 2 4 19 43 58 58 35 26 25 24 24 
21 22 23 24 25 25 28 29 29 28 28 28 28 28 25 16 7 2 1 1 0 1 1 1 1 1 1 0 0 0 0 0 0 0 0 0 0 0 0 0 0 0 0 0 0 0 0 0 0 0 0 0 0 0 0 0 0 0 0 0 0 0 0 0 0 0 0 0 0 0 0 0 0 0 0 0 0 0 0 0 0 0 0 0 0 0 0 0 0 0 0 0 0 0 0 0 0 0 0 0 0 0 0 0 0 0 0 0 2 3 16 30 48 58 37 27 24 24 24 
22 22 23 25 25 28 28 29 29 28 28 28 28 28 25 14 5 2 1 1 1 1 1 1 1 1 1 0 0 0 0 0 0 0 0 0 0 0 0 0 0 0 0 0 0 0 0 0 0 0 0 0 0 0 0 0 0 0 0 0 0 0 0 0 0 0 0 0 0 0 0 0 0 0 0 0 0 0 0 0 0 0 0 0 0 0 0 0 0 0 0 0 0 0 0 0 0 0 0 0 0 0 0 0 0 0 0 0 2 5 11 26 45 53 39 29 24 25 24 
22 22 24 25 25 28 28 29 29 28 28 28 28 28 23 15 5 2 1 1 1 1 1 1 1 1 1 0 0 0 0 0 0 0 0 0 0 0 0 0 0 0 0 0 0 0 0 0 0 0 0 0 0 0 0 0 0 0 0 0 0 0 0 0 0 0 0 0 0 0 0 0 0 0 0 0 0 0 0 0 0 0 0 0 0 0 0 0 0 0 0 0 0 0 0 0 0 0 0 0 0 0 0 0 0 0 0 0 1 3 5 26 46 52 44 31 24 25 24 
23 24 24 25 28 28 28 30 30 29 29 28 28 28 23 16 5 1 1 0 0 0 0 0 0 0 0 0 0 0 0 0 0 0 0 0 0 0 0 0 0 0 0 0 0 0 0 0 0 0 0 0 0 0 0 0 0 0 0 0 0 0 0 0 0 0 0 0 0 0 0 0 0 0 0 0 0 0 0 0 0 0 0 0 0 0 0 0 0 0 0 0 0 0 0 0 0 0 0 0 0 0 0 0 0 0 0 1 1 1 3 22 44 58 46 33 23 25 25 
24 24 24 26 28 28 28 29 29 28 29 28 28 26 23 14 4 1 1 0 0 0 0 0 0 0 0 0 0 0 0 0 0 0 0 0 0 0 0 0 0 0 0 0 0 0 0 0 0 0 0 0 0 0 0 0 0 0 0 0 0 0 0 0 0 0 0 0 0 0 0 0 0 0 0 0 0 0 0 0 0 0 0 0 0 0 0 0 0 0 0 0 0 0 0 0 0 0 0 0 0 0 0 0 0 0 0 1 1 1 2 18 40 57 47 36 23 25 25 
24 24 25 26 28 28 28 29 29 28 29 28 28 26 21 10 3 1 1 1 1 0 0 0 0 0 0 0 0 0 0 0 0 0 0 0 0 0 0 0 0 0 0 0 0 0 0 0 0 0 0 0 0 0 0 0 0 0 0 0 0 0 0 0 0 0 0 0 0 0 0 0 0 0 0 0 0 0 0 0 0 0 0 0 0 0 0 0 0 0 0 0 0 0 0 0 0 0 0 0 0 0 0 0 0 1 1 0 1 1 1 15 34 52 50 40 23 24 24 
24 24 25 25 28 28 28 29 29 28 28 28 26 25 19 10 2 1 1 1 1 0 0 0 0 0 0 0 0 0 0 0 0 0 0 0 0 0 0 0 0 0 0 0 0 0 0 0 0 0 0 0 0 0 0 0 0 0 0 0 0 0 0 0 0 0 0 0 0 0 0 0 0 0 0 0 0 0 0 0 0 0 0 0 0 0 0 0 0 0 0 0 0 0 0 0 0 0 0 0 0 0 0 0 0 1 1 1 1 1 1 13 30 49 54 43 25 25 23 
22 24 25 27 29 29 29 29 29 28 29 28 26 24 19 10 3 2 1 0 0 0 0 0 0 0 0 0 0 0 0 0 0 0 0 0 0 0 0 0 0 0 0 0 0 0 0 0 0 0 0 0 0 0 0 0 0 0 0 0 0 0 0 0 0 0 0 0 0 0 0 0 0 0 0 0 0 0 0 0 0 0 0 0 0 0 0 0 0 0 0 0 0 0 0 0 0 0 0 0 0 0 0 0 0 1 1 1 1 1 1 12 29 49 58 44 26 24 23 
22 25 26 27 27 27 30 30 30 29 29 29 26 24 19 10 3 1 1 0 0 0 0 0 0 0 0 0 0 0 0 0 0 0 0 0 0 0 0 0 0 0 0 0 0 0 0 0 0 0 0 0 0 0 0 0 0 0 0 0 0 0 0 0 0 0 0 0 0 0 0 0 0 0 0 0 0 0 0 0 0 0 0 0 0 0 0 0 0 0 0 0 0 0 0 0 0 0 0 0 0 0 0 0 0 1 1 1 1 1 1 10 24 45 63 52 30 24 23 
22 25 26 29 29 29 30 29 29 29 29 29 26 24 19 9 2 1 1 1 1 0 0 0 0 0 0 0 0 0 0 0 0 0 0 0 0 0 0 0 0 0 0 0 0 0 0 0 0 0 0 0 0 0 0 0 0 0 0 0 0 0 0 0 0 0 0 0 0 0 0 0 0 0 0 0 0 0 0 0 0 0 0 0 0 0 0 0 0 0 0 0 0 0 0 0 0 0 0 0 0 0 0 0 0 0 1 0 0 0 1 8 18 38 62 59 37 26 23 
23 25 26 29 29 29 29 28 28 28 29 28 26 24 17 8 2 1 0 1 1 0 0 0 0 0 0 0 0 0 0 0 0 0 0 0 0 0 0 0 0 0 0 0 0 0 0 0 0 0 0 0 0 0 0 0 0 0 0 0 0 0 0 0 0 0 0 0 0 0 0 0 0 0 0 0 0 0 0 0 0 0 0 0 0 0 0 0 0 0 0 0 0 0 0 0 0 0 0 0 0 0 0 0 0 0 1 0 0 0 1 4 13 30 58 60 40 26 24 
23 25 26 29 29 29 29 28 28 28 28 28 25 24 17 8 2 1 1 1 1 0 0 0 0 0 0 0 0 0 0 0 0 0 0 0 0 0 0 0 0 0 0 0 0 0 0 0 0 0 0 0 0 0 0 0 0 0 0 0 0 0 0 0 0 0 0 0 0 0 0 0 0 0 0 0 0 0 0 0 0 0 0 0 0 0 0 0 0 0 0 0 0 0 0 0 0 0 0 0 0 0 0 0 0 0 1 0 0 0 1 2 9 19 45 52 38 28 24 
24 25 26 29 29 29 29 28 26 28 28 28 25 23 15 4 2 2 0 1 1 0 0 0 0 0 0 0 0 0 0 0 0 0 0 0 0 0 0 0 0 0 0 0 0 0 0 0 0 0 0 0 0 0 0 0 0 0 0 0 0 0 0 0 0 0 0 0 0 0 0 0 0 0 0 0 0 0 0 0 0 0 0 0 0 0 0 0 0 0 0 0 0 0 0 0 0 0 0 0 0 0 0 0 0 0 1 0 0 0 0 2 5 14 36 44 37 28 23 
24 25 26 27 29 29 27 28 29 28 28 28 25 22 14 4 2 1 0 1 1 1 1 1 1 1 1 0 0 0 0 0 0 0 0 0 0 0 0 0 0 0 0 0 0 0 0 0 0 0 0 0 0 0 0 0 0 0 0 0 0 0 0 0 0 0 0 0 0 0 0 0 0 0 0 0 0 0 0 0 0 0 0 0 0 0 0 0 0 0 0 0 0 0 0 0 0 0 0 0 0 0 0 0 0 0 1 0 0 0 0 0 2 10 30 42 38 29 23 
24 25 26 26 26 27 29 28 29 28 28 28 24 22 14 5 2 1 1 1 1 1 1 1 1 1 1 0 0 0 0 0 0 0 0 0 0 0 0 0 0 0 0 0 0 0 0 0 0 0 0 0 0 0 0 0 0 0 0 0 0 0 0 0 0 0 0 0 0 0 0 0 0 0 0 0 0 0 0 0 0 0 0 0 0 0 0 0 0 0 0 0 0 0 0 0 0 0 0 0 0 0 0 0 0 0 1 0 0 0 0 0 2 9 26 40 37 28 24 
24 24 24 24 25 26 28 28 29 29 29 28 25 22 12 4 2 1 1 1 1 1 1 1 1 0 0 0 0 0 0 0 0 0 0 0 0 0 0 0 0 0 0 0 0 0 0 0 0 0 0 0 0 0 0 0 0 0 0 0 0 0 0 0 0 0 0 0 0 0 0 0 0 0 0 0 0 0 0 0 0 0 0 0 0 0 0 0 0 0 0 0 0 0 0 0 0 0 0 0 0 0 0 0 0 0 0 0 0 0 0 0 1 7 24 38 39 33 25 
23 24 24 25 25 26 26 28 29 29 28 28 25 19 11 3 2 1 1 1 1 1 1 1 1 0 0 0 0 0 0 0 0 0 0 0 0 0 0 0 0 0 0 0 0 0 0 0 0 0 0 0 0 0 0 0 0 0 0 0 0 0 0 0 0 0 0 0 0 0 0 0 0 0 0 0 0 0 0 0 0 0 0 0 0 0 0 0 0 0 0 0 0 0 0 0 0 0 0 0 0 0 0 0 0 0 0 0 0 0 0 0 0 5 22 38 39 32 25 
24 24 24 25 25 26 26 28 28 28 28 28 25 19 11 3 0 0 0 0 0 0 0 0 0 0 0 0 0 0 0 0 0 0 0 0 0 0 0 0 0 0 0 0 0 0 0 0 0 0 0 0 0 0 0 0 0 0 0 0 0 0 0 0 0 0 0 0 0 0 0 0 0 0 0 0 0 0 0 0 0 0 0 0 0 0 0 0 0 0 0 0 0 0 0 0 0 0 0 0 0 0 0 0 0 0 0 0 0 0 0 0 0 4 21 38 39 32 25 
24 24 24 25 25 25 26 28 28 28 28 28 25 19 9 3 0 0 0 0 0 0 0 0 0 0 0 0 0 0 0 0 0 0 0 0 0 0 0 0 0 0 0 0 0 0 0 0 0 0 0 0 0 0 0 0 0 0 0 0 0 0 0 0 0 0 0 0 0 0 0 0 0 0 0 0 0 0 0 0 0 0 0 0 0 0 0 0 0 0 0 0 0 0 0 0 0 0 0 0 0 0 0 0 0 0 0 0 0 0 0 0 0 4 21 36 42 36 25 
24 25 24 26 26 25 26 28 28 28 28 28 25 18 9 2 0 0 0 0 0 0 0 0 0 0 0 0 0 0 0 0 0 0 0 0 0 0 0 0 0 0 0 0 0 0 0 0 0 0 0 0 0 0 0 0 0 0 0 0 0 0 0 0 0 0 0 0 0 0 0 0 0 0 0 0 0 0 0 0 0 0 0 0 0 0 0 0 0 0 0 0 0 0 0 0 0 0 0 0 0 0 0 0 0 0 0 0 0 0 0 1 0 3 18 36 44 36 24 
24 25 25 26 26 25 26 26 28 28 28 26 23 18 9 2 0 0 0 0 0 0 0 0 0 0 0 0 0 0 0 0 0 0 0 0 0 0 0 0 0 0 0 0 0 0 0 0 0 0 0 0 0 0 0 0 0 0 0 0 0 0 0 0 0 0 0 0 0 0 0 0 0 0 0 0 0 0 0 0 0 0 0 0 0 0 0 0 0 0 0 0 0 0 0 0 0 0 0 0 0 0 0 0 0 0 0 0 0 0 1 2 1 1 17 36 44 37 24 
26 24 25 26 26 26 27 27 29 28 28 26 23 18 9 2 1 0 0 0 0 0 0 0 0 0 0 0 0 0 0 0 0 0 0 0 0 0 0 0 0 0 0 0 0 0 0 0 0 0 0 0 0 0 0 0 0 0 0 0 0 0 0 0 0 0 0 0 0 0 0 0 0 0 0 0 0 0 0 0 0 0 0 0 0 0 0 0 0 0 0 0 0 0 0 0 0 0 0 0 0 0 0 0 0 0 0 0 0 0 1 2 1 1 16 35 43 39 26 
25 25 25 26 26 27 29 27 29 28 26 26 23 17 9 2 1 0 0 0 0 0 0 0 0 0 0 0 0 0 0 0 0 0 0 0 0 0 0 0 0 0 0 0 0 0 0 0 0 0 0 0 0 0 0 0 0 0 0 0 0 0 0 0 0 0 0 0 0 0 0 0 0 0 0 0 0 0 0 0 0 0 0 0 0 0 0 0 0 0 0 0 0 0 0 0 0 0 0 0 0 0 0 0 0 0 0 0 0 0 1 2 1 1 9 29 44 40 29 
24 24 25 26 27 28 28 28 28 28 28 26 23 16 5 2 1 0 0 0 0 0 0 0 0 0 0 0 0 0 0 0 0 0 0 0 0 0 0 0 0 0 0 0 0 0 0 0 0 0 0 0 0 0 0 0 0 0 0 0 0 0 0 0 0 0 0 0 0 0 0 0 0 0 0 0 0 0 0 0 0 0 0 0 0 0 0 0 0 0 0 0 0 0 0 0 0 0 0 0 0 0 0 0 0 0 1 1 0 0 1 2 1 2 8 26 45 42 30 
23 24 25 25 27 28 28 28 25 28 28 26 23 14 5 1 1 0 0 0 0 0 0 0 0 0 0 0 0 0 0 0 0 0 0 0 0 0 0 0 0 0 0 0 0 0 0 0 0 0 0 0 0 0 0 0 0 0 0 0 0 0 0 0 0 0 0 0 0 0 0 0 0 0 0 0 0 0 0 0 0 0 0 0 0 0 0 0 0 0 0 0 0 0 0 0 0 0 0 0 0 0 0 0 1 1 1 1 0 0 1 2 1 2 10 29 45 42 30 
23 22 24 25 25 26 26 25 26 28 26 26 22 15 6 1 0 0 0 0 0 0 0 0 0 0 0 0 0 0 0 0 0 0 0 0 0 0 0 0 0 0 0 0 0 0 0 0 0 0 0 0 0 0 0 0 0 0 0 0 0 0 0 0 0 0 0 0 0 0 0 0 0 0 0 0 0 0 0 0 0 0 0 0 0 0 0 0 0 0 0 0 0 0 0 0 0 0 0 0 0 0 0 0 1 1 1 1 0 0 1 2 1 3 11 25 43 43 31 
23 22 24 25 25 26 26 25 26 26 25 25 21 13 4 0 0 0 0 0 0 0 0 0 0 0 0 0 0 0 0 0 0 0 0 0 0 0 0 0 0 0 0 0 0 0 0 0 0 0 0 0 0 0 0 0 0 0 0 0 0 0 0 0 0 0 0 0 0 0 0 0 0 0 0 0 0 0 0 0 0 0 0 0 0 0 0 0 0 0 0 0 0 0 0 0 0 0 0 0 0 0 0 0 0 0 1 0 0 0 0 0 1 3 8 23 43 45 33 
23 24 24 26 27 26 26 26 26 25 26 25 19 10 3 1 0 0 0 0 0 0 0 0 0 0 0 0 0 0 0 0 0 0 0 0 0 0 0 0 0 0 0 0 0 0 0 0 0 0 0 0 0 0 0 0 0 0 0 0 0 0 0 0 0 0 0 0 0 0 0 0 0 0 0 0 0 0 0 0 0 0 0 0 0 0 0 0 0 0 0 0 0 0 0 0 0 0 0 0 0 0 0 0 0 0 0 0 0 0 0 0 0 1 7 21 43 47 36 
23 24 25 26 27 28 28 26 26 26 26 24 18 11 4 1 0 0 0 0 0 0 0 0 0 0 0 0 0 0 0 0 0 0 0 0 0 0 0 0 0 0 0 0 0 0 0 0 0 0 0 0 0 0 0 0 0 0 0 0 0 0 0 0 0 0 0 0 0 0 0 0 0 0 0 0 0 0 0 0 0 0 0 0 0 0 0 0 0 0 0 0 0 0 0 0 0 0 0 0 0 0 0 0 0 0 0 0 0 0 0 1 1 2 7 21 42 49 38 
24 24 25 26 27 28 26 25 26 25 25 24 18 12 4 1 0 0 0 0 0 0 0 0 0 0 0 0 0 0 0 0 0 0 0 0 0 0 0 0 0 0 0 0 0 0 0 0 0 0 0 0 0 0 0 0 0 0 0 0 0 0 0 0 0 0 0 0 0 0 0 0 0 0 0 0 0 0 0 0 0 0 0 0 0 0 0 0 0 0 0 0 0 0 0 0 0 0 0 0 0 0 0 0 0 0 0 0 0 0 0 0 1 2 5 18 40 50 42 
24 24 24 25 26 25 25 25 25 25 24 23 18 10 3 0 0 0 0 0 0 0 0 0 0 0 0 0 0 0 0 0 0 0 0 0 0 0 0 0 0 0 0 0 0 0 0 0 0 0 0 0 0 0 0 0 0 0 0 0 0 0 0 0 0 0 0 0 0 0 0 0 0 0 0 0 0 0 0 0 0 0 0 0 0 0 0 0 0 0 0 0 0 0 0 0 0 0 0 0 0 0 0 0 0 0 0 0 0 0 0 0 2 2 4 15 38 51 45 
24 24 24 25 26 27 27 26 25 24 24 23 16 9 3 0 0 0 0 0 0 0 0 0 0 0 0 0 0 0 0 0 0 0 0 0 0 0 0 0 0 0 0 0 0 0 0 0 0 0 0 0 0 0 0 0 0 0 0 0 0 0 0 0 0 0 0 0 0 0 0 0 0 0 0 0 0 0 0 0 0 0 0 0 0 0 0 0 0 0 0 0 0 0 0 0 0 0 0 0 0 0 0 0 0 0 0 0 0 1 0 0 1 2 4 12 36 51 46 
24 24 24 25 26 27 27 26 25 24 24 22 14 6 2 0 0 0 0 0 0 0 0 0 0 0 0 0 0 0 0 0 0 0 0 0 0 0 0 0 0 0 0 0 0 0 0 0 0 0 0 0 0 0 0 0 0 0 0 0 0 0 0 0 0 0 0 0 0 0 0 0 0 0 0 0 0 0 0 0 0 0 0 0 0 0 0 0 0 0 0 0 0 0 0 0 0 0 0 0 0 0 0 0 0 0 0 0 0 0 0 0 1 1 2 10 32 50 50 
24 24 24 25 26 27 26 25 25 24 23 21 12 4 1 0 0 0 0 0 0 0 0 0 0 0 0 0 0 0 0 0 0 0 0 0 0 0 0 0 0 0 0 0 0 0 0 0 0 0 0 0 0 0 0 0 0 0 0 0 0 0 0 0 0 0 0 0 0 0 0 0 0 0 0 0 0 0 0 0 0 0 0 0 0 0 0 0 0 0 0 0 0 0 0 0 0 0 0 0 0 0 0 0 0 0 0 0 0 0 0 1 2 2 2 8 30 47 47 
23 24 24 25 26 27 26 25 24 23 22 19 11 3 1 0 0 0 0 0 0 0 0 0 0 0 0 0 0 0 0 0 0 0 0 0 0 0 0 0 0 0 0 0 0 0 0 0 0 0 0 0 0 0 0 0 0 0 0 0 0 0 0 0 0 0 0 0 0 0 0 0 0 0 0 0 0 0 0 0 0 0 0 0 0 0 0 0 0 0 0 0 0 0 0 0 0 0 0 0 1 1 1 0 0 0 0 0 0 0 0 2 2 3 5 11 29 40 42 
23 24 24 25 26 26 26 25 24 22 22 18 9 3 1 0 0 0 0 0 0 0 0 0 0 0 0 0 0 0 0 0 0 0 0 0 0 0 0 0 0 0 0 0 0 0 0 0 0 0 0 0 0 0 0 0 0 0 0 0 0 0 0 0 0 0 0 0 0 0 0 0 0 0 0 0 0 0 0 0 0 0 0 0 0 0 0 0 0 0 0 0 0 0 0 0 1 1 1 1 1 1 1 1 1 1 1 1 0 0 0 1 2 3 8 15 31 40 39 
23 24 24 25 26 26 25 24 23 22 21 17 9 3 1 0 0 0 0 0 0 0 0 0 0 0 0 0 0 0 0 0 0 0 0 0 0 0 0 0 0 0 0 0 0 0 0 0 0 0 0 0 0 0 0 0 0 0 0 0 0 0 0 0 0 0 0 0 0 0 0 0 0 0 0 0 0 0 0 0 0 0 0 0 0 0 0 0 0 0 0 0 0 0 0 0 1 1 1 1 1 1 1 1 1 3 3 3 3 2 3 7 10 11 18 23 29 31 31 
23 25 24 23 25 25 25 24 22 22 21 15 8 2 1 1 1 1 1 0 0 0 0 0 0 0 0 0 0 0 0 0 0 0 0 0 0 0 0 0 0 0 0 0 0 0 0 0 0 0 0 0 0 0 0 0 0 0 0 0 0 0 0 0 0 0 0 0 0 0 0 0 0 0 0 0 0 0 0 0 0 0 0 0 0 0 0 0 0 1 0 0 0 2 2 1 1 3 3 3 2 2 2 2 2 5 10 9 12 10 10 16 18 17 22 24 28 28 25 
23 24 24 24 24 24 24 23 23 21 18 14 7 2 1 1 1 1 1 0 0 0 0 0 0 0 0 0 0 0 0 0 0 0 0 0 0 0 0 0 0 0 0 0 0 0 0 0 0 0 0 0 0 0 0 0 0 0 0 0 0 0 0 0 0 0 0 0 0 0 0 0 0 0 0 0 0 0 0 0 0 0 0 0 0 0 0 0 0 1 1 1 1 2 4 4 3 5 6 6 6 4 3 3 4 10 18 18 22 19 21 23 23 23 24 24 25 23 21 
