19 19 19 19 19 19 21 21 22 24 29 40 51 56 56 54 54 54 54 53 54 53 52 51 52 50 47 45 57 64 69 68 68 66 70 73 72 65 59 58 53 53 59 66 66 67 67 66 64 60 58 53 50 49 45 43 43 42 39 38 39 40 40 39 32 25 21 19 18 21 21 19 19 19 19 19 19 19 19 18 18 18 18 18 18 18 18 18 18 18 18 18 18 18 18 18 18 18 18 18 18 18 18 18 18 19 19 19 19 19 19 19 22 38 51 58 58 29 
19 19 19 19 19 21 21 22 22 24 29 39 50 56 56 54 53 52 53 54 54 54 52 51 53 59 71 93 115 134 142 144 145 151 160 160 151 123 100 79 63 54 56 61 65 65 65 66 64 59 57 53 50 49 45 44 43 40 39 39 39 40 40 39 32 25 21 19 18 19 19 19 19 19 19 19 19 19 19 18 18 18 18 18 18 18 18 18 18 18 18 18 18 18 18 18 18 18 18 18 18 18 18 18 18 19 19 19 19 21 19 20 23 38 49 57 55 26 
19 19 19 19 19 21 21 22 22 24 29 38 49 56 57 52 46 46 49 52 52 51 53 64 81 110 145 184 203 221 224 227 224 226 238 240 228 208 181 132 95 67 56 59 64 66 65 65 62 59 57 52 50 49 45 44 43 42 40 39 38 40 40 39 32 25 21 19 18 19 19 19 19 19 19 19 19 19 19 18 18 18 18 18 18 18 18 18 18 18 18 18 18 18 18 18 18 18 18 18 18 18 18 18 18 19 21 21 21 21 21 22 23 36 46 57 48 22 
19 19 19 19 19 19 21 22 22 23 29 39 50 54 56 49 42 40 45 47 47 52 53 115 153 191 224 247 252 252 250 251 248 244 249 251 244 244 241 206 156 101 72 60 58 67 65 63 61 59 57 52 50 47 45 44 43 42 40 40 40 41 40 38 31 25 21 19 18 19 19 19 19 19 19 19 19 19 19 18 18 18 18 18 18 18 18 18 18 18 18 18 18 18 18 18 18 18 18 18 18 18 18 18 18 19 21 21 21 21 19 21 23 36 46 55 44 19 
19 19 19 19 19 21 21 22 22 23 29 38 50 54 54 45 39 37 40 50 51 71 87 172 210 236 247 237 226 202 193 198 198 199 196 195 193 195 210 235 221 172 123 84 61 63 65 63 60 59 57 52 50 47 45 43 43 42 40 40 41 41 40 38 32 25 22 21 18 19 19 19 19 19 19 18 19 19 19 18 18 18 18 18 18 18 18 18 18 18 18 18 18 18 18 18 18 18 18 18 18 18 18 18 19 19 21 21 21 22 19 21 24 36 47 58 43 17 
19 19 19 19 19 21 21 22 22 23 28 36 47 54 54 46 39 38 40 59 86 141 187 219 238 236 217 181 137 102 88 96 96 97 97 99 99 97 115 167 200 213 179 123 85 68 66 66 63 59 57 52 51 47 45 44 43 40 39 40 41 41 41 37 31 25 21 19 19 19 19 18 19 19 18 18 18 18 18 18 18 18 18 17 17 17 18 17 17 17 17 17 17 18 18 17 17 17 18 18 18 18 19 18 18 18 19 19 21 22 19 19 25 36 49 57 43 16 
19 19 19 19 19 19 21 22 22 23 28 36 47 54 53 50 47 50 57 90 138 188 237 238 227 190 145 103 71 47 40 43 40 43 45 46 47 47 60 95 129 169 187 175 138 93 69 68 66 60 58 53 50 47 45 44 43 40 39 40 41 41 41 37 31 24 21 19 19 19 19 19 19 19 18 18 18 18 18 18 17 17 17 17 17 17 17 17 17 17 17 17 17 18 18 17 17 17 18 18 18 18 19 18 18 18 19 19 21 21 18 19 24 35 47 55 41 16 
19 19 19 19 19 21 22 23 23 23 26 36 46 59 64 67 79 103 128 160 210 227 237 208 171 130 90 60 44 33 32 31 28 29 30 29 30 31 36 48 62 94 142 181 179 142 90 68 71 63 57 53 50 46 45 43 42 40 39 39 40 41 41 38 31 24 21 19 18 21 19 19 19 19 18 18 18 18 18 18 17 17 17 17 17 17 17 17 17 17 17 17 17 18 18 17 17 17 18 18 18 18 19 18 18 18 19 19 21 21 18 19 24 35 47 53 40 15 
19 19 19 19 19 21 21 22 23 24 30 37 49 62 76 96 139 186 216 229 244 231 195 152 110 82 60 44 37 33 35 35 29 23 22 23 25 25 28 30 41 56 86 139 181 179 132 85 68 63 57 52 49 46 45 44 43 40 39 39 40 41 41 38 31 24 21 19 21 21 19 19 19 19 19 18 18 18 19 18 17 17 17 17 17 17 17 17 17 17 17 17 17 18 18 17 17 17 18 18 18 18 19 19 18 18 18 18 21 21 18 19 23 35 46 52 38 13 
19 19 19 19 19 19 21 22 23 25 32 40 53 60 85 150 200 234 254 253 240 196 143 101 71 57 46 38 32 30 29 29 25 24 23 22 22 21 22 22 26 40 56 90 151 192 177 116 73 65 57 53 48 45 43 43 40 39 37 39 40 41 41 38 31 24 21 19 19 21 19 19 19 19 19 18 19 19 19 18 17 17 17 17 16 16 16 17 17 17 17 17 17 18 18 17 17 17 18 18 18 18 19 19 18 18 18 18 19 19 18 17 21 35 44 47 37 13 
19 19 19 19 19 21 22 22 24 26 31 39 54 68 101 190 238 253 254 240 203 144 94 71 60 53 46 38 32 26 23 23 25 27 27 24 22 21 22 18 23 39 47 64 107 167 202 160 100 73 59 53 50 45 43 42 42 40 40 39 40 43 41 38 31 24 21 19 19 21 21 19 19 19 19 19 19 19 19 18 17 17 17 17 16 16 16 17 17 17 17 17 17 18 18 17 17 17 18 18 18 18 19 19 18 18 18 18 18 18 18 18 19 32 43 45 36 15 
19 19 19 21 21 22 22 21 24 30 31 37 54 81 131 206 237 242 235 202 150 96 66 64 60 54 43 36 32 28 24 26 28 26 25 25 25 25 27 25 26 36 39 45 75 131 185 194 150 95 67 56 50 47 45 43 43 43 42 42 42 43 41 37 30 24 19 19 19 21 21 19 19 19 19 19 19 19 18 18 17 17 17 17 16 16 16 17 17 17 17 17 17 18 18 17 17 17 18 18 18 18 19 19 18 18 18 18 18 18 18 18 19 31 40 44 35 16 
21 21 21 21 21 21 21 19 24 30 31 38 57 90 167 231 224 203 192 162 113 73 60 59 57 50 40 35 32 29 25 28 28 26 26 27 27 27 29 31 32 31 33 40 59 93 141 193 187 124 74 56 51 48 45 44 44 44 44 43 44 43 40 37 30 24 19 19 19 21 21 19 19 19 19 19 19 19 19 18 18 18 17 17 17 17 17 17 17 17 17 17 17 18 18 17 17 17 18 18 18 18 19 19 19 19 19 19 19 19 19 18 19 31 39 43 35 16 
21 21 19 21 21 21 21 19 25 36 36 42 73 124 197 231 201 165 139 112 74 53 58 54 52 46 39 33 31 29 26 26 26 26 28 26 26 26 26 23 24 31 31 36 51 70 108 166 193 159 92 53 52 50 46 44 45 46 47 49 46 43 39 37 29 23 19 19 19 19 19 19 19 19 19 18 18 19 18 18 18 18 17 17 17 17 17 18 18 17 17 17 17 18 18 18 18 19 19 19 19 19 19 19 19 19 19 19 19 19 19 19 21 28 37 40 33 17 
21 21 19 21 21 21 21 21 26 39 39 46 87 153 230 227 182 139 102 80 50 39 54 51 50 45 38 32 30 28 26 26 28 28 26 26 28 26 28 24 24 32 32 31 39 53 75 131 187 193 130 64 52 51 47 45 46 47 50 51 50 44 40 37 29 23 19 19 19 19 19 19 19 19 19 18 18 19 19 18 18 18 17 17 17 17 17 18 18 17 17 17 17 17 17 18 18 18 19 19 19 19 19 19 19 19 19 19 19 19 19 19 19 26 33 39 33 19 
21 21 21 21 21 22 23 23 26 31 35 58 116 180 245 227 176 125 82 65 46 45 53 49 46 42 36 32 29 28 28 28 28 28 26 26 28 26 28 25 25 30 33 33 34 40 52 94 158 203 173 90 53 51 49 50 50 50 52 54 51 45 40 37 31 25 20 19 18 18 18 19 18 18 18 18 18 19 19 18 18 18 17 17 17 17 17 18 18 18 18 17 17 17 17 18 18 18 19 19 19 19 19 19 19 19 19 19 19 19 19 19 19 26 34 39 33 17 
21 21 21 21 21 21 23 19 23 26 36 73 148 210 247 220 164 115 75 58 45 51 51 50 46 38 36 32 31 29 28 26 28 28 26 26 28 26 26 26 26 30 33 34 32 36 42 66 125 192 206 132 66 53 50 50 52 52 54 56 52 45 40 37 32 25 22 19 18 18 18 18 18 18 18 18 18 19 19 18 18 18 17 17 17 17 17 18 18 18 18 17 17 17 17 18 18 18 19 19 19 19 19 19 19 19 19 19 19 19 19 19 19 26 36 45 39 16 
21 21 21 21 21 22 22 20 24 32 47 93 175 237 251 208 152 99 68 52 43 54 53 46 42 38 36 33 31 29 28 29 29 29 28 28 28 28 28 28 29 31 34 34 34 31 34 52 99 164 208 174 99 59 46 46 46 46 49 54 49 43 39 36 31 25 22 18 17 18 18 18 18 18 18 18 18 19 19 18 18 17 17 17 17 17 17 18 18 18 18 17 17 17 17 18 18 18 19 19 19 19 19 19 18 18 18 18 18 18 18 18 21 29 40 51 45 19 
21 21 21 21 21 23 23 24 30 41 62 117 199 247 247 192 138 87 59 46 40 56 56 45 39 38 36 32 30 29 28 29 29 29 28 28 28 28 28 28 29 31 32 34 34 29 30 42 74 129 191 203 142 78 50 43 46 46 49 53 46 40 37 36 30 25 22 18 18 18 18 18 18 18 18 18 18 19 19 18 18 17 17 17 17 17 17 18 18 18 18 17 17 17 17 18 18 18 19 19 19 19 19 19 18 18 18 18 18 18 18 18 23 31 45 55 48 23 
19 21 21 21 21 23 24 26 39 68 101 165 229 244 228 171 110 81 57 44 44 54 56 45 40 39 35 29 28 27 27 27 29 30 30 29 29 28 28 28 29 30 31 33 34 29 30 34 59 104 169 210 181 113 64 47 46 45 46 50 45 40 37 35 29 24 21 18 18 19 19 18 18 18 18 18 18 19 19 18 18 17 17 17 17 17 17 18 18 18 18 17 17 17 17 18 18 18 19 19 19 19 19 19 18 18 18 18 18 18 18 19 25 32 46 57 50 22 
19 21 21 22 21 23 25 37 53 103 169 228 254 243 212 149 85 71 55 46 46 53 52 45 43 40 35 26 25 26 27 27 29 30 30 29 29 29 28 29 29 30 30 32 33 31 31 30 50 88 144 203 216 164 90 58 45 44 44 46 44 40 38 35 29 24 21 19 18 19 21 19 19 19 18 18 18 19 19 18 18 18 17 17 17 17 17 18 18 18 18 17 17 17 17 18 18 18 19 19 19 19 19 19 18 18 18 18 18 18 18 19 25 33 46 58 48 19 
19 22 21 21 11 17 39 65 116 172 219 243 249 243 209 150 90 66 57 47 47 50 47 45 43 40 33 25 24 26 27 29 30 30 30 30 29 29 29 29 29 28 29 32 33 32 31 28 44 75 127 189 219 182 114 55 46 43 42 45 44 41 38 36 30 24 21 18 19 19 19 19 18 18 18 18 18 18 18 18 18 17 17 17 17 17 17 16 16 16 16 16 16 17 17 17 17 17 18 18 19 19 19 19 18 18 18 18 18 18 18 18 25 34 47 57 45 17 
19 21 23 18 25 72 109 131 180 224 240 245 251 232 188 129 78 61 55 51 49 47 47 44 42 38 32 25 23 25 27 29 30 30 30 30 29 29 29 30 30 29 30 32 32 32 31 28 38 63 107 165 217 209 138 64 50 44 42 43 41 39 38 33 29 23 21 18 19 19 21 19 19 18 18 18 18 18 18 18 17 17 17 17 17 17 17 16 16 16 16 16 16 17 17 17 17 17 18 18 19 19 19 19 18 18 18 18 18 18 18 17 26 37 48 56 42 12 
21 19 25 30 60 142 200 213 235 248 251 251 250 220 166 106 67 57 54 54 51 47 46 44 40 37 31 25 23 25 27 29 30 30 30 30 29 29 29 30 30 30 32 33 32 32 30 26 33 51 85 142 200 217 169 87 52 45 42 39 37 36 36 32 27 23 21 18 19 19 21 21 19 18 18 18 18 18 18 18 17 17 17 17 17 17 17 16 16 16 16 16 16 17 17 17 17 17 18 18 19 19 19 19 18 18 18 18 18 18 18 17 28 39 51 52 32 9 
21 22 25 47 90 174 237 245 253 249 253 252 238 200 139 87 64 56 52 52 50 46 45 43 39 35 28 25 25 26 27 30 30 30 30 30 30 30 29 30 31 31 33 33 33 33 30 26 31 46 66 117 179 214 196 127 71 50 46 39 37 37 36 33 29 23 21 19 19 19 19 19 18 18 18 18 18 18 18 18 17 17 17 17 17 17 17 16 16 16 16 16 16 17 17 17 17 17 18 18 19 19 19 19 18 18 18 18 18 18 18 17 30 45 55 51 25 7 
21 22 24 40 89 173 238 239 253 251 252 242 211 163 105 75 63 57 52 51 47 45 43 42 38 36 29 26 26 29 30 29 30 30 29 29 29 30 30 31 31 32 36 36 34 31 28 26 30 40 54 92 151 201 210 164 102 68 54 43 38 38 36 35 28 23 21 19 19 19 19 19 18 18 18 18 18 18 18 18 17 17 17 17 17 17 17 16 16 16 16 16 16 17 17 17 17 17 18 18 19 19 19 19 18 18 18 18 18 18 18 18 35 50 58 53 22 4 
21 18 28 32 94 174 228 237 253 251 241 208 173 125 87 74 63 55 48 50 46 44 42 40 38 36 31 30 30 31 31 29 30 30 29 29 30 31 31 31 32 33 34 36 34 31 29 28 29 33 49 77 124 179 209 202 138 87 60 46 40 40 38 35 26 22 21 18 18 18 19 19 18 18 18 18 18 18 18 18 17 17 17 17 17 17 17 16 16 16 16 16 16 17 17 17 17 17 18 18 19 19 19 19 18 18 18 18 18 18 18 18 36 50 61 56 22 5 
22 26 55 99 169 219 241 244 252 238 205 162 131 92 75 76 65 57 51 51 47 44 41 41 39 36 33 32 33 32 31 30 31 31 30 31 31 30 30 31 32 33 35 34 34 31 29 27 26 26 43 65 100 150 202 223 176 114 72 53 44 40 39 36 28 23 21 18 18 18 19 18 18 18 18 18 18 18 18 18 17 17 17 17 17 17 17 16 16 16 16 16 16 17 17 17 17 17 18 18 19 19 19 19 18 18 18 18 18 18 18 18 31 48 62 57 24 7 
23 39 104 178 235 252 254 252 243 206 158 121 107 80 67 75 72 60 54 53 48 45 44 41 40 38 36 36 36 35 31 31 32 32 30 31 32 31 31 32 32 33 35 36 33 31 29 26 20 22 37 51 79 129 188 220 199 151 102 68 50 40 42 36 28 25 22 19 18 18 18 19 18 18 18 18 18 18 18 18 17 17 17 17 17 17 17 16 16 16 16 16 16 17 17 17 17 17 18 18 19 19 19 19 18 18 18 18 18 18 18 22 30 47 66 66 31 9 
25 75 163 230 252 240 237 243 210 150 107 86 70 56 64 66 58 59 55 51 45 43 40 40 39 39 37 37 37 37 39 36 33 33 32 32 33 33 33 33 33 33 35 33 32 32 30 24 18 22 38 46 67 108 156 197 220 181 111 75 52 42 42 38 31 25 22 19 18 18 18 19 19 19 19 18 18 18 18 18 17 17 17 17 17 17 17 17 16 16 16 16 17 17 17 16 17 17 17 18 18 18 19 19 18 18 18 18 18 18 18 24 32 47 65 65 39 11 
33 78 160 229 254 243 245 231 181 120 92 79 61 53 68 72 70 64 54 49 40 39 38 38 39 40 38 39 39 37 36 38 36 33 32 32 32 32 33 33 33 32 33 33 32 31 29 25 22 25 39 47 61 92 125 174 224 209 143 85 51 44 40 36 31 26 22 19 18 18 18 19 19 19 19 19 19 19 19 18 18 17 17 17 17 17 17 17 17 16 16 17 17 17 17 17 17 17 18 18 18 18 19 19 18 18 18 18 18 18 18 23 35 60 75 68 46 15 
38 56 118 206 246 250 241 214 155 102 89 82 68 68 80 97 90 80 65 53 48 40 39 44 43 44 44 43 40 36 32 37 36 33 31 32 33 33 33 33 33 33 34 33 32 30 28 25 24 29 40 45 58 84 108 149 203 216 171 108 70 53 40 33 30 28 23 21 18 18 18 19 19 21 21 21 22 21 21 21 19 18 17 17 16 17 17 17 17 16 17 17 17 17 17 18 18 19 19 18 18 18 19 19 18 18 18 18 18 18 19 25 39 67 87 80 54 19 
32 44 110 206 252 252 227 182 127 87 89 82 71 85 95 122 123 103 86 69 58 54 51 50 47 45 43 42 39 36 31 36 37 35 32 33 33 33 33 33 33 33 34 33 32 30 29 28 26 30 43 47 54 72 96 128 181 215 210 165 113 74 52 36 30 28 24 21 18 18 17 18 18 19 21 21 21 21 21 23 21 18 17 17 17 17 18 17 17 18 17 18 17 17 17 19 19 19 19 18 18 18 18 19 18 18 18 18 18 18 21 30 49 75 93 88 61 23 
25 36 101 200 255 250 221 169 118 93 94 84 74 97 114 138 138 117 101 81 64 61 59 56 51 45 40 38 37 36 32 35 38 36 32 31 32 32 32 32 32 32 32 32 31 29 28 31 31 35 45 53 56 68 84 109 159 208 237 220 165 103 64 38 30 31 23 19 18 18 18 18 19 21 21 21 21 21 21 18 18 17 17 18 18 18 18 18 18 18 19 18 18 18 18 19 19 19 19 18 18 18 19 19 18 18 18 18 18 19 23 32 51 80 96 87 46 29 
19 24 83 177 238 231 219 166 137 123 99 79 79 110 136 127 118 109 95 80 69 66 61 58 53 47 38 36 37 36 35 33 37 36 35 33 32 32 33 33 33 33 32 32 31 30 29 31 37 43 51 56 61 66 71 87 125 181 230 234 186 114 63 40 35 29 21 17 17 17 18 18 19 21 19 19 19 19 19 19 18 18 18 18 19 19 18 18 18 19 19 19 18 18 19 19 19 19 19 18 18 18 18 19 18 18 18 17 18 19 24 35 56 85 103 94 46 30 
19 19 48 111 175 220 241 209 182 151 108 73 61 99 121 99 100 93 87 81 78 71 64 59 56 51 42 36 37 39 38 36 36 36 36 33 33 33 33 33 33 33 32 32 31 29 31 33 40 49 57 59 60 65 74 79 106 156 205 223 186 116 66 52 35 26 21 18 18 19 20 19 19 19 19 19 19 19 19 19 19 19 19 19 19 19 19 19 19 19 19 19 19 19 19 19 18 18 18 18 18 18 19 19 18 18 18 17 18 21 25 39 64 93 110 104 67 45 
19 19 27 55 117 193 239 236 193 153 109 67 44 60 82 79 86 74 74 84 80 75 77 59 59 51 40 36 38 38 37 37 37 37 36 35 33 33 33 33 33 33 31 32 30 29 36 46 54 60 66 66 65 71 77 85 102 136 195 234 194 124 78 51 35 25 21 19 18 19 22 21 21 21 21 21 21 21 21 19 21 19 21 19 19 19 19 19 19 19 21 19 19 19 19 19 18 18 18 18 18 18 19 18 18 18 18 18 19 21 26 42 71 97 116 105 81 62 
19 19 23 33 58 110 172 170 124 88 67 53 44 61 71 79 78 83 85 84 74 66 61 60 58 47 39 38 40 40 40 40 39 37 36 35 33 33 33 34 34 33 32 31 32 32 42 40 59 70 67 67 66 73 79 82 95 128 186 233 208 143 79 52 36 24 21 19 18 19 22 21 21 21 19 19 21 21 19 19 19 19 19 19 18 18 19 19 19 19 19 21 21 21 21 19 19 19 19 19 19 19 21 19 19 18 18 18 19 22 26 43 70 97 122 109 89 73 
19 19 23 26 36 66 103 85 58 44 43 45 44 57 65 67 65 74 78 80 77 70 63 64 61 50 40 39 40 44 43 41 40 37 36 35 32 32 33 34 36 36 35 32 35 35 44 37 57 78 84 93 90 88 86 81 92 111 161 223 228 175 103 53 36 22 21 19 19 20 22 21 19 19 19 19 19 19 19 18 18 18 18 18 18 18 18 19 19 19 19 21 21 21 21 19 19 19 19 19 19 19 21 19 19 18 18 17 18 22 28 43 70 103 131 121 108 87 
19 19 22 23 25 36 49 35 30 32 35 43 51 58 61 67 67 78 81 79 77 77 68 63 56 45 38 39 42 44 40 39 39 35 33 33 32 33 34 33 36 38 40 43 44 42 51 46 63 82 95 110 112 108 100 88 90 102 144 208 235 205 135 61 36 19 21 18 19 21 22 21 21 19 19 19 19 19 19 18 18 18 18 18 18 18 18 19 19 19 19 19 19 21 21 19 19 19 19 19 19 19 19 19 19 19 18 17 18 21 29 43 74 104 128 114 101 77 
19 19 21 22 22 23 23 24 24 25 30 43 55 59 61 64 66 68 74 79 84 85 74 63 51 42 36 35 38 40 37 37 36 32 32 31 31 32 33 32 35 39 51 67 72 67 71 74 88 99 103 116 129 129 120 100 91 95 141 206 237 202 125 44 26 23 21 18 19 21 21 21 19 19 19 19 19 19 19 18 18 18 18 18 18 18 18 18 19 19 19 19 19 19 19 19 19 19 19 19 19 19 19 19 19 19 19 19 18 23 29 43 75 94 118 114 86 59 
20 21 21 22 22 22 23 23 24 25 30 36 47 54 59 63 64 64 66 73 84 83 76 65 52 38 29 31 35 32 31 31 31 31 30 31 30 31 31 30 30 39 53 81 101 110 116 116 125 129 124 125 128 141 151 115 115 109 145 209 229 175 97 33 28 26 23 21 19 19 21 21 19 19 19 19 19 19 19 18 18 18 18 18 18 18 18 18 18 19 19 19 19 19 19 19 19 19 19 19 19 19 19 19 19 19 19 19 19 23 29 45 85 104 118 107 64 42 
20 21 21 22 22 22 23 23 24 26 31 36 43 52 58 61 63 59 61 65 71 73 72 56 43 33 28 28 30 28 28 29 28 29 29 30 30 31 32 31 31 35 51 86 129 163 179 174 165 150 121 113 117 142 169 165 161 158 176 214 207 135 67 37 30 25 23 21 21 21 21 21 19 18 19 19 18 19 19 17 17 17 17 17 17 17 17 18 18 18 19 19 19 19 19 18 18 18 18 18 18 18 19 19 19 21 19 19 22 23 30 54 85 109 112 79 39 23 
18 18 19 22 22 21 21 21 22 25 31 37 47 55 61 63 63 66 68 67 61 56 51 43 31 25 25 26 26 23 24 29 30 30 30 30 30 30 30 31 31 31 43 75 127 172 189 181 155 125 94 93 108 143 172 210 208 186 186 200 172 96 40 35 31 26 24 21 19 19 21 19 19 18 18 19 18 18 18 17 17 17 17 17 17 17 17 18 18 18 19 19 19 19 19 18 18 18 18 18 18 19 19 21 21 21 19 19 19 25 32 59 79 101 97 66 40 21 
17 17 18 20 20 19 18 19 21 28 32 41 50 58 66 68 78 87 82 68 49 31 23 21 23 18 18 22 24 23 24 26 26 27 27 27 27 25 25 25 25 26 31 45 84 130 159 156 123 88 66 75 92 126 154 217 215 191 157 133 105 65 40 31 33 28 24 21 19 19 19 18 19 19 19 18 18 18 18 17 17 17 17 17 17 17 17 18 18 18 18 18 18 18 18 18 18 18 18 17 17 18 19 19 19 19 19 19 15 25 37 68 74 89 75 43 37 17 
17 17 18 19 19 19 19 19 21 30 39 45 59 58 64 64 63 61 50 36 20 10 8 11 16 9 6 9 11 11 13 16 16 18 19 18 18 18 19 19 21 22 22 23 40 67 100 117 101 78 66 67 66 72 88 173 159 137 99 71 56 44 38 35 32 28 24 21 19 19 21 19 19 19 18 18 18 18 18 18 18 18 18 18 18 18 18 18 18 18 18 18 18 18 18 18 18 17 18 18 18 18 18 19 18 17 19 20 16 25 40 70 80 81 58 28 28 15 
18 17 18 19 21 21 21 24 31 40 51 53 67 64 56 40 33 24 16 13 9 6 5 5 7 6 5 5 5 5 5 5 5 8 9 8 9 10 11 12 12 14 14 11 15 25 42 61 67 67 66 72 65 58 58 96 88 70 50 44 47 40 37 35 30 25 23 19 18 18 18 18 18 18 18 18 17 17 18 18 18 18 18 18 18 18 18 18 18 18 18 18 18 18 18 18 17 17 18 18 18 18 18 18 18 17 17 20 17 28 42 61 85 68 39 22 16 15 
18 18 19 21 23 26 31 40 51 57 58 52 51 46 31 13 10 8 8 6 6 5 4 4 4 4 4 5 5 5 4 3 3 3 4 4 5 7 7 8 8 9 9 7 7 9 14 19 25 36 47 58 60 58 58 58 54 46 38 38 46 38 36 35 30 25 23 19 18 18 18 17 17 17 17 17 18 17 17 18 18 18 18 18 18 18 18 18 18 18 18 18 18 18 18 18 17 17 17 17 18 18 18 18 18 18 17 19 19 32 50 65 69 51 28 16 16 15 
23 24 24 25 28 36 45 44 46 49 42 36 31 24 15 8 6 7 8 6 6 5 5 4 4 4 4 5 5 5 4 3 3 3 3 3 3 3 4 4 4 5 5 5 4 4 5 4 2 2 10 30 38 49 58 58 53 49 39 39 44 36 29 36 29 25 23 19 17 17 17 17 17 17 17 18 17 18 18 18 18 18 18 18 18 18 18 17 17 17 17 17 17 17 17 17 16 16 16 16 17 17 18 18 18 18 18 22 23 39 61 75 62 39 18 15 15 15 
26 36 39 41 44 38 35 32 26 23 17 13 12 10 9 8 6 4 4 4 4 4 4 4 4 4 4 5 4 3 3 3 3 3 3 3 3 4 4 3 3 4 4 5 4 3 5 5 3 2 2 12 20 34 53 67 66 62 60 50 46 42 31 31 30 25 22 18 17 17 17 17 17 17 17 17 18 18 17 17 17 17 17 17 17 17 17 17 17 17 17 17 17 17 17 16 16 16 16 16 16 17 18 18 18 18 18 21 26 49 72 87 66 38 17 14 14 14 
38 57 67 61 50 32 19 10 6 5 5 4 4 4 5 4 4 4 4 4 4 4 3 3 3 3 3 4 4 3 3 3 3 3 3 3 3 4 4 3 3 3 3 4 4 4 3 4 4 4 5 8 9 16 36 63 86 75 71 60 54 52 44 31 30 24 21 17 17 17 17 16 17 17 17 17 17 17 17 17 17 17 17 17 17 17 17 17 17 17 17 17 17 17 17 16 16 15 16 16 16 16 17 17 17 17 18 23 36 63 85 85 62 36 17 14 14 14 
60 73 77 60 33 16 8 6 5 4 4 2 2 2 3 3 3 3 4 4 3 3 3 3 3 3 3 3 3 3 3 3 3 4 4 3 3 3 3 3 3 3 3 3 3 3 3 3 3 3 4 5 8 7 14 37 62 61 60 60 56 54 51 36 32 26 22 19 19 17 17 18 17 17 17 17 18 17 17 17 17 17 17 17 17 17 17 17 17 17 17 17 17 16 16 15 16 15 16 16 16 16 16 16 16 15 18 30 47 78 111 106 66 31 12 13 17 15 
71 73 57 37 20 10 6 5 5 4 4 2 3 3 3 3 3 3 4 4 3 3 3 3 3 3 3 3 3 3 3 3 3 4 4 3 3 3 3 3 3 3 3 3 3 3 3 3 3 3 4 4 5 5 5 9 18 18 21 36 58 68 66 48 44 36 31 29 26 24 24 23 22 20 20 22 20 18 18 17 16 16 17 17 17 17 17 17 17 18 17 17 16 16 16 15 15 15 16 15 16 16 16 16 14 12 18 32 60 93 124 120 73 29 10 13 17 15 
71 53 30 15 11 9 6 4 4 3 2 2 2 3 3 3 3 3 3 4 3 3 3 3 3 3 3 3 3 3 3 3 3 3 3 3 3 3 3 3 3 3 3 3 3 3 3 3 3 3 3 4 4 4 4 5 7 9 10 21 36 57 71 68 58 49 42 38 39 39 39 38 37 36 36 35 33 31 29 26 25 23 23 21 19 19 19 19 18 18 17 17 17 16 16 15 16 15 15 16 15 15 16 15 15 13 19 29 56 86 116 109 64 25 9 13 16 14 
65 32 12 8 8 7 6 4 4 3 3 2 3 3 3 3 3 3 3 3 3 3 3 3 3 3 3 3 3 3 3 3 3 3 3 3 3 3 3 3 3 3 3 3 3 3 3 3 3 3 3 4 4 4 4 5 7 8 9 12 16 37 53 68 75 71 63 59 58 58 58 57 57 56 56 53 51 46 44 42 40 38 37 35 29 26 25 24 23 22 21 21 19 18 18 18 18 17 16 16 17 16 16 16 15 16 22 29 49 74 101 93 51 22 10 13 16 14 
52 19 7 6 6 5 5 4 4 3 3 3 3 3 3 3 3 3 3 3 3 3 3 3 3 3 3 3 3 3 3 3 3 3 3 3 3 3 3 3 3 3 3 3 3 3 3 3 3 3 3 3 3 3 3 4 5 6 8 8 8 15 25 44 61 79 85 82 80 79 79 80 80 80 79 78 73 70 63 63 63 63 57 53 51 47 44 39 33 30 25 24 22 22 21 22 22 21 16 17 18 17 15 17 17 18 23 28 39 61 79 68 37 16 9 11 14 14 
32 10 6 6 5 4 4 4 3 3 3 3 3 3 3 3 3 3 3 3 3 3 3 3 3 3 3 3 3 3 3 3 3 3 3 3 3 3 3 3 3 3 3 3 3 3 3 3 3 3 3 3 3 3 3 4 4 5 5 5 5 6 10 22 44 71 87 95 96 95 94 94 94 94 94 95 93 90 86 84 85 87 82 77 74 73 72 66 60 54 49 42 37 33 31 29 30 25 17 17 16 16 15 17 19 19 19 19 26 43 54 44 22 11 9 11 12 14 
18 5 5 5 5 3 3 3 3 3 3 3 3 3 3 3 3 3 3 3 3 3 3 3 3 3 3 3 3 3 3 3 3 3 3 3 3 3 3 3 3 3 3 3 3 3 3 3 3 3 3 3 3 3 3 3 3 3 3 4 4 5 9 14 30 53 76 93 97 96 96 95 95 95 96 95 97 98 98 97 98 98 100 97 94 93 90 88 84 79 74 68 63 60 55 49 44 38 29 22 17 17 17 17 21 19 21 21 25 30 35 38 23 9 9 11 12 14 
13 5 5 4 5 3 3 3 3 3 3 3 3 3 3 3 3 3 3 3 3 3 3 3 3 3 3 3 3 3 3 3 3 3 3 3 3 3 3 3 3 3 3 3 3 3 3 3 3 3 3 3 3 3 3 3 3 3 3 4 5 6 8 10 17 32 55 75 84 85 86 85 85 85 86 86 87 90 90 94 94 95 96 96 100 102 101 99 95 93 90 86 85 85 82 74 65 56 50 39 30 23 19 18 19 19 21 23 24 29 33 34 19 10 10 11 12 14 
11 5 3 3 3 3 3 3 3 3 3 3 3 3 3 3 3 3 3 3 3 3 3 3 3 3 3 3 3 3 3 3 3 3 3 3 3 3 3 3 3 3 3 3 3 3 3 3 3 3 3 3 3 3 3 3 3 3 3 3 3 4 4 7 7 17 33 49 61 65 66 66 65 64 66 67 70 73 75 75 78 80 81 81 87 93 96 99 99 100 100 102 102 99 97 92 86 79 71 64 55 42 31 19 19 19 21 22 24 26 30 28 18 11 12 12 12 14 
7 5 3 3 3 3 3 3 3 3 3 3 3 3 3 3 3 3 3 3 3 3 3 3 3 3 3 3 3 3 3 3 3 3 3 3 3 3 3 3 3 3 3 3 3 3 3 3 3 3 3 3 3 3 3 3 3 3 3 3 4 4 4 5 6 12 21 33 47 51 50 50 49 47 49 51 51 52 51 56 54 57 63 67 65 70 73 78 81 85 89 95 98 100 101 104 107 101 95 91 85 73 60 19 19 21 21 21 23 24 26 24 19 15 14 12 12 12 
6 4 4 3 3 3 3 3 3 3 3 3 3 3 3 3 3 3 3 3 3 3 3 3 3 3 3 4 4 4 4 4 4 4 4 4 4 4 4 3 3 3 3 3 3 3 3 3 3 3 3 3 3 3 3 3 3 3 3 3 4 3 4 5 5 10 18 32 45 46 49 47 46 45 46 45 45 44 43 45 44 44 46 51 50 52 53 56 59 64 68 75 82 88 94 102 107 107 109 107 102 99 90 71 57 46 37 28 22 23 23 23 22 17 15 15 15 14 
7 4 4 2 3 3 3 3 3 3 3 3 3 3 3 3 3 3 3 3 3 3 3 3 3 3 3 4 4 4 4 4 4 4 4 4 4 4 4 3 3 3 3 3 3 3 3 3 3 3 3 3 3 3 3 3 3 3 3 3 3 3 3 5 4 7 14 30 42 50 52 53 52 51 49 49 47 49 50 49 47 47 49 47 47 47 47 50 51 53 57 60 65 71 77 88 90 99 106 106 106 107 104 94 83 71 57 45 33 24 22 22 22 18 16 17 16 15 
7 5 3 2 3 3 3 3 3 3 3 3 3 3 3 3 3 3 3 3 3 3 3 3 3 3 3 4 4 4 4 4 4 4 4 4 4 4 4 3 3 3 3 3 3 3 3 3 3 3 3 3 3 3 3 3 3 3 3 3 3 3 3 3 3 5 12 24 39 51 56 56 56 57 57 54 54 54 54 54 53 53 53 51 51 50 49 48 48 48 50 49 51 53 57 68 75 86 94 100 104 108 109 107 102 95 81 67 54 44 32 23 21 18 18 19 18 17 
7 5 3 2 2 2 3 3 3 3 3 3 3 3 3 3 3 3 3 3 3 3 3 3 3 3 3 4 4 4 4 4 4 4 4 4 4 4 4 3 3 3 3 3 3 3 3 3 3 3 3 3 3 3 3 3 3 3 3 3 3 3 4 4 4 5 10 20 37 49 54 56 56 58 58 58 59 58 58 58 58 59 56 56 57 53 52 51 51 50 48 47 47 47 50 53 61 67 74 81 94 104 109 111 109 107 101 90 78 67 53 39 31 26 22 20 19 17 
6 4 3 2 2 2 3 3 3 4 3 4 4 4 4 4 3 3 3 3 3 3 3 3 3 3 3 4 4 4 4 4 4 4 4 4 4 4 4 3 3 3 3 3 3 3 3 3 3 3 3 3 3 3 3 3 3 3 3 3 3 3 3 4 4 6 9 17 31 44 54 58 57 58 58 57 58 60 60 59 60 60 58 58 59 57 57 54 53 52 51 52 51 50 49 50 49 50 54 60 72 87 98 107 111 114 113 108 100 90 78 63 52 39 26 23 21 18 
9 5 3 2 2 2 3 3 3 3 4 4 4 4 4 4 3 3 3 3 3 3 3 3 3 3 3 4 4 4 4 4 4 4 4 4 4 4 4 3 3 3 3 3 3 3 3 3 3 3 3 3 3 3 3 4 4 3 3 3 3 3 3 3 3 5 6 12 25 42 53 60 58 60 61 59 59 59 60 60 61 61 59 58 59 59 59 58 58 57 57 57 55 53 51 49 45 43 40 43 50 64 78 89 100 109 114 116 111 107 100 88 75 60 45 37 29 19 
18 12 9 8 6 5 4 3 3 3 3 3 3 3 3 3 2 2 3 3 3 3 3 3 3 3 3 3 3 3 3 3 3 3 3 3 3 3 3 3 3 3 3 3 3 3 3 3 3 3 3 3 3 3 3 3 3 3 3 3 2 2 3 3 3 3 4 9 19 35 50 60 57 60 60 58 58 59 59 59 60 60 59 58 58 59 59 60 60 60 59 60 59 57 55 51 47 42 37 37 39 44 57 71 79 90 103 110 111 113 113 108 95 77 64 50 35 24 
26 23 18 16 13 10 6 3 3 3 2 3 3 3 3 3 2 2 3 3 3 3 3 3 3 3 3 3 3 3 3 3 3 3 3 3 3 3 3 3 3 3 3 3 3 3 3 3 3 3 3 3 3 3 3 3 3 3 3 3 2 2 3 3 3 3 3 6 16 32 46 61 58 61 59 59 58 59 59 59 60 61 61 59 59 59 60 60 61 61 60 60 61 59 57 52 47 42 39 37 38 39 43 52 61 72 85 96 104 109 110 114 108 94 85 61 45 30 
29 27 25 22 18 13 9 6 4 2 2 2 2 3 2 3 2 2 2 2 2 2 2 3 3 3 3 3 3 3 3 3 3 3 3 3 3 3 3 3 3 3 3 3 3 3 3 3 3 3 3 3 3 3 3 3 3 3 3 2 2 2 2 3 2 2 2 4 13 37 65 59 65 60 56 56 56 57 57 57 58 59 59 58 57 57 57 57 58 59 59 58 56 54 54 50 45 41 38 37 38 38 33 38 46 59 72 84 92 97 101 102 103 98 86 68 47 25 
30 29 29 26 24 19 15 10 5 2 2 2 3 2 2 2 2 2 3 3 3 3 3 3 3 3 3 3 3 3 3 3 3 3 3 3 3 3 3 3 3 3 3 3 3 3 3 3 3 3 3 3 3 3 3 3 3 3 3 3 2 2 3 3 3 4 4 4 12 32 55 54 57 56 51 50 50 51 52 52 53 54 53 53 53 52 51 50 51 52 52 50 50 49 49 46 42 39 38 35 35 33 31 32 37 45 51 59 67 76 81 83 85 85 80 71 57 37 
33 31 30 28 25 23 18 15 6 2 3 2 3 2 2 2 2 2 3 3 3 3 3 3 3 3 3 3 3 3 3 3 3 3 3 3 3 3 3 3 3 3 3 3 3 3 3 3 3 3 3 3 3 3 3 3 3 3 3 3 3 3 3 3 3 4 4 4 10 25 45 46 50 50 45 44 43 45 46 46 47 47 44 43 44 43 40 40 40 42 42 43 43 44 41 37 35 35 33 32 32 31 28 26 31 36 39 41 45 50 54 59 60 64 65 63 56 43 
36 32 31 29 29 26 22 18 10 4 4 3 3 3 3 2 2 2 3 3 3 3 3 3 3 3 3 3 3 3 3 3 3 3 3 3 3 3 3 3 3 3 3 3 3 3 3 3 3 3 3 3 3 3 3 3 3 3 3 3 3 3 3 3 3 4 3 4 6 17 33 37 39 40 40 37 37 38 40 42 43 40 36 33 33 32 31 31 32 35 36 37 37 37 34 31 32 31 29 29 30 28 25 24 28 30 31 33 33 35 37 39 42 46 51 53 49 42 
35 32 31 31 30 28 23 20 12 5 5 4 4 4 4 2 2 2 2 2 2 2 3 2 3 3 3 3 3 3 3 3 3 3 3 3 3 3 3 3 3 3 3 3 3 3 3 3 3 3 3 3 3 3 3 3 3 3 3 3 4 4 3 3 4 4 2 3 3 14 23 31 33 37 34 34 36 36 37 37 37 39 38 33 31 31 31 32 33 35 37 36 34 32 29 28 28 28 25 24 26 25 24 22 24 25 26 28 26 28 29 30 32 37 45 53 54 49 
32 31 31 29 30 28 23 20 13 8 5 4 4 4 4 3 4 3 3 3 3 3 2 3 3 3 3 3 3 3 3 3 3 3 3 3 3 3 3 3 3 3 3 3 3 3 3 3 3 3 3 3 3 3 3 3 3 3 3 4 4 4 5 5 7 7 5 3 8 21 29 36 36 37 34 37 39 38 39 38 39 44 45 38 35 35 36 36 37 39 39 39 37 32 30 28 26 26 25 24 24 24 24 23 23 23 26 26 26 25 26 28 30 35 45 58 65 63 
32 31 29 29 29 26 23 19 15 9 8 7 5 5 4 4 5 4 3 4 4 3 2 3 3 3 3 3 3 3 3 3 3 3 3 3 3 3 3 3 3 3 3 3 3 3 3 3 3 3 3 3 3 3 3 3 3 3 3 4 4 4 7 10 10 13 15 11 17 31 39 44 42 39 36 39 41 43 44 46 48 50 49 44 39 37 36 37 40 43 43 39 38 35 32 29 26 25 24 23 23 23 24 24 24 25 26 28 28 28 29 30 31 36 44 58 67 71 
32 30 29 29 29 26 22 18 18 17 16 15 12 6 4 4 5 5 5 4 4 3 2 3 3 3 3 3 3 3 3 3 3 3 3 3 3 3 3 3 3 3 3 3 3 3 3 3 3 3 3 3 3 3 3 3 3 3 4 4 4 4 8 14 18 22 23 21 26 43 56 56 52 44 38 40 43 45 47 53 55 56 54 49 40 38 35 37 40 44 44 42 38 35 32 29 28 24 23 22 23 23 24 25 26 28 26 28 28 29 30 31 32 35 39 49 60 70 
33 30 29 29 28 26 22 17 18 23 25 29 31 23 14 8 5 6 6 5 4 4 3 3 3 3 3 3 3 3 3 3 3 3 3 3 3 3 3 3 3 3 3 3 3 3 3 3 3 3 3 3 3 3 3 3 2 2 3 4 4 5 9 22 26 29 25 30 27 39 73 74 60 45 39 38 42 47 50 57 60 60 60 52 42 37 35 37 39 42 42 40 37 32 30 29 26 25 23 21 22 24 25 27 29 30 28 26 28 28 30 30 32 35 37 39 46 59 
33 30 30 28 28 25 22 18 21 29 35 41 47 42 31 19 9 5 5 5 3 3 3 3 3 3 3 3 3 3 3 3 3 3 3 3 3 3 3 3 3 3 3 3 3 3 3 3 3 3 3 3 3 3 3 3 3 3 3 4 5 8 12 27 23 32 30 30 27 38 68 75 62 46 39 39 42 47 51 55 57 59 59 52 43 38 36 37 39 42 43 37 35 32 31 30 26 25 23 22 22 24 26 29 30 30 29 28 29 31 32 31 32 32 32 33 36 44 
33 33 31 28 28 24 21 21 23 33 42 49 53 51 44 37 23 12 10 8 5 4 3 4 4 3 3 3 3 3 3 3 3 3 3 3 3 3 3 3 3 3 3 3 3 3 3 3 3 3 3 3 3 3 3 3 3 3 3 4 7 12 18 24 24 32 31 29 28 36 65 73 61 47 40 43 44 48 52 53 54 56 54 50 44 39 37 37 38 43 45 39 36 36 37 33 26 25 24 23 22 24 26 29 28 29 29 28 29 31 32 32 32 32 30 29 30 36 
34 33 31 30 26 23 21 22 25 35 46 52 57 56 53 52 43 32 23 13 10 6 4 3 4 3 3 3 3 3 3 3 3 3 3 3 3 3 3 3 3 3 3 3 3 3 3 3 3 3 3 3 3 3 3 3 3 3 3 4 9 15 20 24 27 33 30 29 28 32 60 69 61 49 42 43 44 47 52 52 52 52 52 50 44 39 37 37 38 41 41 39 38 39 40 35 28 24 22 20 22 22 25 28 28 29 28 28 29 31 32 32 32 32 31 29 31 36 
32 31 31 29 26 22 21 25 28 38 48 53 58 57 58 58 56 50 39 25 17 10 6 3 4 3 3 3 3 3 3 3 3 3 3 3 3 3 3 3 3 3 3 3 3 3 3 3 3 3 3 3 3 3 3 3 3 3 3 6 11 15 22 26 26 33 30 28 28 30 57 64 59 48 41 41 41 46 51 49 50 49 50 50 44 37 33 34 36 36 36 37 38 36 36 33 29 24 22 19 19 21 23 25 26 26 25 26 26 29 32 32 31 32 32 29 30 35 
32 32 30 29 25 19 21 26 33 45 52 56 59 59 60 61 61 58 52 42 32 25 16 4 3 3 3 4 4 3 3 3 3 3 3 3 3 3 3 3 3 3 3 3 3 3 3 3 3 3 3 3 3 3 3 3 3 3 3 6 11 15 22 26 26 32 30 29 28 27 51 57 53 47 40 37 38 43 45 46 49 47 47 47 43 35 31 30 31 30 30 32 33 31 30 29 26 23 21 19 18 19 21 22 22 23 23 23 25 28 32 31 30 30 30 29 30 37 
32 31 29 28 24 18 21 27 40 52 56 58 61 60 60 61 63 64 61 54 46 38 28 8 6 3 3 4 4 3 3 3 3 3 3 3 3 3 3 3 3 3 3 3 3 3 3 3 3 3 3 3 3 3 3 3 3 3 4 6 12 16 21 26 28 32 30 30 29 28 49 54 50 44 38 35 33 37 38 41 44 44 44 44 39 32 28 26 26 26 26 28 26 25 25 25 24 22 21 19 18 20 22 21 21 23 23 23 24 26 30 29 27 26 26 26 31 40 
32 30 29 26 24 18 21 30 46 57 59 60 61 61 63 63 63 64 61 52 45 40 32 15 9 4 3 4 4 3 3 3 3 3 3 3 3 3 3 3 3 3 3 3 3 3 3 3 3 3 3 3 3 3 3 3 3 4 5 9 15 18 22 26 28 31 31 30 29 29 45 52 47 44 37 33 32 36 36 39 38 39 40 37 33 29 26 25 25 24 24 24 24 23 24 23 22 21 21 21 19 20 23 21 21 22 23 23 23 24 26 27 26 24 23 24 31 43 
31 30 28 27 23 18 21 31 46 59 61 61 61 61 63 63 64 65 58 47 42 38 32 23 10 4 4 4 4 4 4 3 3 3 3 3 3 3 3 3 3 3 3 3 3 3 3 3 3 3 3 3 3 3 4 3 4 4 5 8 14 19 23 27 29 31 31 30 29 30 44 53 47 42 35 32 30 32 33 37 37 36 37 32 30 28 26 25 24 24 24 24 23 24 24 24 23 22 21 21 19 19 19 20 20 20 22 23 23 24 25 25 24 23 22 24 33 44 
31 28 26 25 22 17 23 37 52 60 61 61 60 61 61 63 61 57 47 43 39 37 32 24 8 4 4 4 4 4 4 3 3 3 3 3 3 3 3 3 3 3 3 3 3 3 3 3 3 3 3 3 3 3 4 3 4 4 5 8 14 19 23 27 29 31 30 31 31 31 46 53 47 38 35 31 30 30 31 33 34 33 33 30 29 28 26 26 25 25 26 26 25 26 28 28 26 24 23 23 21 19 18 20 20 22 24 24 23 23 24 24 24 22 23 25 32 45 
30 26 24 23 19 17 25 46 58 60 60 60 60 60 60 59 52 37 33 39 40 42 33 19 6 4 4 4 4 4 4 3 3 3 3 3 3 3 3 3 3 3 3 3 3 3 3 3 3 3 3 3 3 3 4 4 4 4 5 8 15 19 23 27 30 30 30 31 31 31 49 56 47 39 36 32 31 32 33 33 32 32 32 30 29 28 29 28 26 26 30 30 31 31 33 32 30 26 26 25 23 22 19 18 19 23 25 25 23 23 23 22 23 22 23 25 32 47 
30 25 23 20 17 17 30 51 59 60 61 59 58 58 58 54 43 30 38 45 44 44 29 14 6 4 4 4 4 4 4 3 3 3 3 3 3 3 3 3 3 3 3 3 3 3 3 3 3 3 3 3 3 3 4 4 4 4 5 8 15 19 24 27 30 30 30 30 30 33 50 58 50 43 38 35 35 36 36 36 36 35 32 32 31 30 31 30 30 31 36 38 38 38 38 37 35 30 29 26 24 24 23 22 23 25 27 27 25 24 24 23 24 24 26 30 38 52 
29 26 24 19 12 18 35 51 59 62 62 59 57 57 56 51 44 39 44 44 44 41 22 14 6 4 4 4 4 4 4 3 3 3 3 3 3 3 3 3 3 3 3 3 3 3 3 3 3 3 3 3 3 3 4 3 5 7 7 10 15 21 24 29 29 29 30 30 29 37 53 59 53 46 42 38 38 40 41 40 39 37 36 33 32 32 33 32 35 37 43 44 44 43 43 40 37 33 31 29 28 28 28 26 26 28 30 30 27 25 25 26 26 25 26 33 45 59 
29 27 24 18 11 21 38 52 60 61 61 59 58 56 53 50 49 50 46 42 42 36 20 14 6 4 4 4 4 4 4 3 3 3 3 3 3 3 3 3 3 3 3 3 3 3 3 3 3 3 3 3 3 3 3 4 7 10 10 14 17 21 23 27 29 29 28 31 29 39 54 59 54 49 43 42 44 47 47 46 44 39 38 36 33 33 33 35 36 39 44 46 46 46 46 45 39 33 31 31 28 29 29 30 30 30 31 32 29 26 26 29 29 28 30 38 52 64 
29 26 24 18 12 23 40 57 63 61 60 58 57 56 53 52 51 50 50 46 37 28 18 11 7 4 4 4 4 4 4 3 3 3 3 3 3 3 3 3 3 3 3 3 3 3 3 3 3 3 3 3 3 3 4 3 10 12 12 16 17 19 23 27 29 28 28 31 29 35 51 63 56 46 42 42 46 50 50 51 50 46 42 37 35 35 33 36 37 39 43 47 47 49 50 47 39 33 32 32 28 26 31 32 32 33 35 35 31 28 28 29 31 35 39 47 60 71 
28 24 22 17 15 25 44 64 64 62 61 58 54 54 53 53 53 51 51 44 29 21 16 11 8 4 4 4 4 4 4 3 3 3 3 3 3 3 3 3 3 3 3 3 3 3 3 3 3 3 3 3 3 3 3 3 11 18 17 18 17 19 23 27 27 28 28 29 29 32 50 61 56 45 40 39 40 44 50 51 52 52 47 43 39 37 35 36 37 39 44 47 47 47 47 49 42 35 32 32 32 33 39 40 39 38 40 40 38 31 30 33 39 46 57 64 71 78 
26 23 19 16 16 31 52 65 63 61 59 57 53 53 52 53 52 53 46 29 19 15 11 10 8 3 3 4 4 3 3 3 3 3 3 3 3 3 3 3 3 3 3 3 3 3 3 3 3 3 3 3 3 3 4 2 10 21 26 19 17 19 24 24 25 28 28 29 29 31 46 59 56 51 42 36 39 43 46 51 52 52 51 49 47 44 38 37 40 45 50 51 50 50 50 51 47 38 32 33 40 45 51 53 52 53 56 54 49 40 38 45 53 58 67 74 78 82 
24 20 18 16 23 42 60 64 60 59 57 53 53 53 52 51 53 52 36 18 12 10 9 8 8 4 3 4 4 3 3 3 3 3 3 3 3 3 3 3 3 3 3 3 3 3 3 3 3 3 3 3 3 3 3 1 10 24 36 25 16 18 23 24 25 25 25 29 25 29 45 63 60 57 45 37 38 45 52 54 58 58 57 54 53 51 44 40 44 51 57 59 60 59 59 59 56 45 36 39 49 57 64 66 68 72 72 70 60 51 49 57 66 72 80 87 89 92 
23 19 18 23 33 50 61 63 58 54 53 53 53 53 52 53 53 42 25 14 8 8 6 5 5 3 3 4 4 3 3 3 3 3 3 3 3 3 3 3 3 3 3 3 3 3 3 3 3 3 3 3 3 3 3 2 10 26 37 29 16 17 22 23 23 25 25 30 24 26 42 67 67 60 49 40 42 50 58 63 68 71 71 67 65 59 49 45 46 57 64 71 75 73 74 74 67 53 44 49 61 71 77 79 84 87 88 84 74 62 57 60 74 85 94 100 99 99 
23 19 19 26 40 53 58 59 56 53 52 53 52 51 52 53 50 33 16 8 8 6 5 4 4 3 3 4 4 3 3 3 3 3 3 3 3 3 3 3 3 3 3 3 3 3 3 3 3 3 3 3 3 3 3 2 11 28 36 29 16 17 22 23 23 25 24 29 25 26 38 72 79 71 58 47 47 57 66 73 80 83 82 82 79 68 56 49 52 65 77 84 87 86 87 87 78 63 53 56 71 85 92 94 95 95 96 92 81 67 58 60 79 93 101 103 103 103 
22 19 19 26 42 56 57 57 55 53 52 51 51 51 50 52 47 30 9 5 8 5 4 4 4 3 3 4 4 3 3 3 3 3 3 3 3 3 3 3 3 3 3 3 3 3 3 3 3 3 3 3 3 3 3 2 10 27 37 31 18 17 22 23 24 25 24 26 25 26 36 74 90 84 67 54 53 63 75 86 92 92 90 90 87 77 63 53 57 73 87 93 94 94 95 93 84 70 57 58 73 92 101 103 102 101 99 94 84 68 57 60 81 95 101 102 103 103 
22 19 19 24 42 57 54 53 51 53 54 51 50 50 49 47 37 17 6 5 5 4 4 3 4 3 3 4 4 3 3 3 3 3 3 3 3 3 3 3 3 3 3 3 3 3 3 3 3 3 3 3 3 3 3 2 10 29 39 31 18 17 22 23 25 26 25 25 25 26 32 72 95 89 73 59 57 66 80 92 95 95 96 95 89 79 66 56 59 74 89 95 97 99 100 94 85 72 57 57 73 90 100 100 101 102 100 96 85 68 57 61 84 95 99 102 102 100 
22 17 17 24 43 60 54 50 50 50 52 50 49 48 45 36 19 4 4 4 4 3 3 3 3 3 3 4 4 3 3 3 3 3 3 3 3 3 3 3 3 3 3 3 3 3 3 3 3 3 3 3 3 2 2 4 8 29 39 33 21 17 21 24 25 26 25 25 25 26 31 68 95 88 77 60 57 66 80 93 95 96 97 99 92 81 67 57 59 73 87 95 96 99 101 95 85 72 57 56 72 88 93 95 95 98 97 95 86 67 57 60 79 92 95 99 97 96 
19 17 17 28 44 54 52 49 50 49 49 50 50 44 36 22 5 3 3 3 4 3 3 3 3 3 3 4 4 3 3 3 3 3 3 3 3 3 3 3 3 3 3 3 3 3 3 3 4 3 3 4 4 3 3 4 19 33 39 35 23 17 21 26 25 26 25 25 25 26 30 52 82 88 77 60 54 67 82 92 96 97 99 100 94 82 68 59 60 73 87 95 96 97 99 95 85 72 57 54 70 85 90 92 93 95 95 93 85 67 58 61 77 89 94 94 93 93 
19 11 10 17 29 43 52 49 49 47 47 47 42 29 13 5 4 2 2 3 3 3 3 3 3 3 3 3 3 3 3 3 3 3 3 3 3 3 3 3 3 3 3 3 3 3 3 3 4 3 3 4 4 3 3 5 23 33 39 38 25 18 21 26 26 26 26 25 25 28 29 42 72 88 77 62 57 66 79 88 95 96 99 99 94 84 70 58 58 70 86 94 94 92 92 90 84 72 56 53 61 75 86 89 89 91 93 90 81 65 57 60 73 87 92 90 89 88 
23 19 21 25 32 45 56 49 49 47 47 40 30 17 4 3 3 2 3 3 3 3 3 3 3 3 3 3 3 3 3 3 3 3 3 3 3 3 3 3 3 3 3 3 3 3 3 3 3 3 3 4 3 2 3 7 24 36 42 41 27 19 21 25 26 26 26 25 25 28 29 38 70 89 79 62 57 61 73 87 95 96 97 96 90 81 68 58 58 66 81 89 89 87 86 86 82 70 56 50 56 68 81 86 84 86 87 84 75 63 54 54 66 81 86 82 82 82 
31 31 32 37 41 51 59 49 49 48 45 31 16 8 5 3 3 3 3 3 3 3 3 3 3 3 3 3 3 3 3 3 3 3 3 3 3 3 3 3 3 3 3 3 3 3 3 4 3 3 3 4 3 2 4 9 29 39 45 44 30 21 21 24 26 26 26 25 26 28 28 38 69 91 80 56 52 61 70 86 95 95 95 94 89 79 68 58 56 63 77 85 85 84 84 84 79 67 54 50 55 67 76 80 80 78 79 73 66 58 48 50 64 75 79 78 79 79 
40 42 42 45 50 59 65 50 47 39 29 18 8 5 4 4 3 3 3 3 3 3 3 3 3 3 3 3 3 3 3 3 3 3 3 3 3 3 3 3 3 3 3 3 3 3 3 3 3 3 3 3 3 2 4 10 29 40 46 44 32 22 22 26 25 25 26 26 25 28 29 40 74 98 83 54 50 58 66 82 89 89 89 89 86 79 68 57 50 58 74 81 80 81 81 79 73 65 53 48 53 65 74 77 75 74 73 67 61 54 46 47 58 68 74 77 75 74 
49 51 51 51 57 63 68 46 35 23 11 5 4 3 2 2 3 3 3 3 3 3 3 2 2 3 3 3 3 3 3 3 3 3 3 3 3 3 3 3 3 3 3 3 3 3 3 3 3 4 4 3 3 2 4 9 25 38 46 44 33 25 23 24 26 26 26 26 26 28 30 40 80 111 98 64 52 57 65 78 84 82 82 81 79 75 64 51 44 54 68 75 75 77 75 74 71 61 50 45 49 60 70 75 75 73 71 68 61 52 44 45 54 65 70 72 70 68 
54 53 57 59 59 63 64 30 18 8 3 2 2 1 1 2 3 3 3 3 3 3 3 2 2 3 3 3 3 3 3 3 3 3 3 3 3 3 3 3 3 3 3 3 3 3 3 3 3 3 3 3 3 3 4 9 23 37 45 44 34 28 24 24 25 26 26 26 26 28 30 39 86 125 110 66 48 53 61 73 78 75 78 77 73 68 57 44 39 50 64 72 73 72 71 71 67 58 47 43 45 56 65 71 71 68 67 66 59 49 40 40 49 59 64 65 65 64 
58 54 56 54 53 59 57 9 4 3 3 3 2 1 1 1 2 3 3 3 3 3 3 2 2 3 3 3 3 3 3 3 3 3 3 3 3 3 3 3 3 3 3 3 3 3 3 3 3 3 3 3 4 4 4 8 21 36 45 44 37 30 26 24 25 25 26 26 26 29 29 37 92 141 120 64 42 49 56 66 71 68 70 70 67 63 53 42 37 44 57 65 66 65 65 66 63 54 46 40 43 51 60 66 64 61 60 61 56 46 39 38 44 53 57 59 59 60 
64 63 56 50 51 51 48 3 3 3 4 3 3 1 1 1 1 2 2 3 3 3 3 2 2 3 3 3 3 3 3 3 3 3 3 3 3 3 3 3 3 3 3 3 3 3 3 3 3 3 3 3 4 4 4 8 19 34 45 44 38 32 26 23 24 25 28 28 26 29 28 32 84 142 127 71 45 45 52 61 66 65 65 65 64 60 53 44 37 44 53 58 61 63 61 63 59 53 45 40 40 50 58 61 60 57 57 58 54 47 39 38 42 47 52 55 55 57 
68 67 54 47 49 38 16 2 2 2 3 2 2 2 1 2 2 2 2 3 3 3 3 2 2 3 3 3 3 3 3 3 3 3 3 3 3 3 3 3 3 3 3 3 3 3 3 3 3 3 3 3 4 4 4 7 19 34 44 44 39 35 28 22 23 26 27 28 26 29 28 28 72 138 135 81 50 42 47 58 66 64 64 63 63 60 54 45 40 45 53 58 60 60 60 60 58 52 46 40 41 51 58 59 59 58 57 57 54 46 37 39 43 46 52 54 54 54 
71 66 53 45 44 32 18 1 2 2 3 2 2 2 1 2 2 2 2 3 3 3 3 2 2 3 3 3 3 3 3 3 3 3 3 3 3 3 3 3 3 3 3 3 3 3 3 3 3 3 3 3 4 4 4 7 19 34 44 44 40 36 28 23 23 25 29 29 28 31 29 24 63 136 142 82 46 42 44 53 62 61 61 61 60 57 50 43 40 42 50 57 57 56 58 58 56 50 44 40 40 48 55 58 59 58 57 57 54 46 36 37 41 45 52 54 54 55 
70 64 52 43 36 23 12 2 2 1 3 2 2 2 2 2 1 1 2 3 3 3 3 2 2 3 3 3 3 3 3 3 3 3 3 3 3 3 3 3 3 3 3 3 3 3 3 3 3 3 3 3 4 4 4 5 18 33 44 45 43 36 28 23 23 26 29 29 28 31 30 23 51 120 138 84 43 39 45 51 57 59 59 59 59 54 46 39 39 42 49 54 54 56 57 57 54 47 41 38 39 47 55 57 58 59 58 58 55 46 36 35 42 45 53 54 52 56 
72 64 54 42 30 15 7 2 3 2 3 2 2 2 2 2 1 1 2 3 3 3 3 2 2 3 3 3 3 3 3 3 3 3 3 3 3 3 3 3 3 3 3 3 3 3 3 3 3 3 3 3 4 4 4 5 18 33 43 45 44 38 30 23 24 26 29 29 28 31 30 25 42 101 135 85 40 38 45 50 54 57 55 57 58 53 45 38 39 42 46 53 54 57 57 57 54 47 39 37 39 47 55 57 57 59 57 58 55 46 37 36 42 46 53 57 56 58 
78 69 59 44 31 16 6 3 3 2 2 2 2 2 2 2 2 2 2 2 2 2 2 2 2 3 3 3 3 3 3 3 3 3 3 3 3 3 3 3 3 3 3 3 3 3 3 3 3 3 3 3 4 3 4 5 17 31 44 44 43 38 31 25 24 26 30 29 29 31 31 28 43 96 132 88 42 38 44 50 54 56 53 56 56 52 44 38 39 41 47 54 57 57 56 55 53 47 39 36 38 45 53 56 56 56 53 55 54 46 37 36 40 46 53 57 59 61 
78 69 57 43 32 18 5 3 3 2 1 2 2 2 2 2 2 2 2 2 2 2 2 2 2 3 3 3 3 3 3 3 3 3 3 3 3 3 3 3 3 3 3 3 3 3 3 3 3 3 3 3 4 3 4 4 16 30 42 44 43 39 33 28 24 26 30 29 29 31 30 28 44 93 124 89 46 37 42 50 54 56 54 56 57 52 44 38 38 41 47 53 57 54 54 53 53 47 39 36 37 45 53 56 56 56 53 53 54 46 37 36 42 46 53 57 59 60 
74 62 51 42 31 17 6 4 4 2 1 2 2 2 2 2 2 2 2 2 2 2 2 2 2 3 3 3 3 3 3 3 3 3 3 3 3 3 3 3 3 3 3 3 3 3 3 3 3 3 3 3 3 3 4 4 17 26 38 44 43 40 36 29 24 27 30 30 29 31 31 29 39 84 117 90 51 36 39 50 56 54 54 56 56 52 44 39 39 40 45 51 54 55 53 51 51 47 41 37 37 44 52 56 56 54 53 52 53 46 38 37 42 46 53 57 58 59 
72 65 51 38 26 12 7 5 5 2 2 2 2 2 2 2 2 2 2 2 2 2 2 2 2 3 3 3 3 3 3 3 3 3 3 3 3 3 3 3 3 3 3 3 3 3 3 3 3 3 3 3 3 4 4 4 16 28 37 42 42 40 37 31 25 27 29 29 30 31 31 29 37 74 110 96 56 35 38 50 56 56 54 56 56 52 44 40 39 41 45 51 55 55 53 51 51 48 41 37 37 44 52 56 56 54 53 53 53 46 39 38 43 47 53 56 57 58 
71 64 51 36 24 10 6 5 5 2 2 2 2 2 2 2 2 2 2 2 2 2 2 2 2 2 2 2 2 2 2 2 2 2 2 3 3 3 3 3 3 3 3 3 3 3 3 3 3 3 3 3 3 3 4 4 11 26 38 42 40 39 37 32 29 29 29 29 29 30 31 30 35 75 116 95 52 35 38 50 56 57 55 57 57 53 46 40 38 39 43 50 53 53 52 51 52 47 40 36 35 42 50 54 56 54 52 53 52 46 39 40 43 48 54 58 58 60 
70 59 47 36 22 9 6 5 5 2 2 2 2 2 2 2 2 2 2 2 2 2 2 2 2 2 2 2 2 2 2 2 2 2 2 3 3 3 3 2 2 3 3 3 3 3 3 2 2 2 2 2 3 3 3 4 7 19 36 42 42 39 37 32 29 29 29 29 29 30 31 30 33 71 113 96 52 37 39 47 54 57 55 57 57 53 46 40 39 38 42 49 53 53 51 50 51 46 40 36 33 40 50 54 56 54 52 53 53 46 40 39 41 48 54 60 59 60 
67 54 43 37 26 12 8 5 5 2 2 2 2 2 2 2 2 2 2 2 2 2 2 2 2 2 2 2 2 2 2 2 2 2 2 3 3 3 3 2 2 2 2 2 2 2 2 2 2 2 2 2 3 3 2 4 5 15 30 39 42 39 37 31 28 28 28 29 29 31 31 31 35 71 111 95 52 39 43 44 54 57 55 57 57 52 46 40 39 37 40 47 52 52 50 49 50 47 41 36 34 39 49 54 57 55 53 54 53 48 43 38 39 48 55 62 61 60 
66 56 46 42 35 18 5 5 4 2 2 2 2 2 2 2 2 2 2 2 2 2 2 2 2 2 2 2 2 2 2 2 2 2 2 3 3 3 3 2 2 2 2 2 2 2 2 2 2 2 2 2 2 2 2 4 5 11 24 37 39 39 38 33 29 28 29 29 30 31 32 31 35 70 108 90 49 39 41 43 53 57 55 55 55 52 46 41 39 37 40 47 52 52 50 49 49 46 40 36 34 38 47 53 57 54 52 54 53 50 44 39 39 46 55 62 61 59 
60 57 54 52 44 23 5 5 4 3 3 2 2 2 1 2 2 2 2 2 2 2 2 2 2 2 1 2 2 3 3 3 2 3 3 3 3 3 3 2 2 2 2 2 2 2 2 2 2 2 2 2 2 2 2 4 5 12 24 36 39 39 38 36 31 29 29 30 30 30 31 32 36 68 103 87 49 37 42 43 52 55 54 55 55 52 46 41 39 37 40 47 52 52 50 50 48 45 40 36 34 38 46 53 57 55 52 54 54 50 44 39 39 47 54 60 62 60 
59 59 57 53 44 22 6 5 4 3 3 3 2 1 1 1 1 1 1 1 1 1 2 2 2 2 2 2 2 3 3 3 3 3 3 3 3 3 3 2 2 2 2 2 2 2 2 2 2 2 2 2 2 2 3 4 5 14 25 36 39 39 37 36 33 31 30 30 31 30 30 32 36 72 102 84 47 37 43 40 51 54 54 54 54 52 46 43 39 37 40 47 52 52 50 50 47 44 40 36 34 38 45 51 53 55 52 54 54 48 44 38 39 47 54 60 62 60 
55 55 52 43 30 14 8 5 6 3 2 3 3 3 2 2 2 2 2 1 1 1 2 2 2 2 3 3 2 3 3 3 3 3 3 3 3 4 4 2 2 2 2 2 2 3 3 3 3 3 3 3 3 2 2 4 5 14 26 38 39 39 38 38 36 32 30 31 31 30 30 31 37 73 97 79 45 36 42 42 47 53 54 54 54 51 45 42 38 38 41 48 53 53 50 48 46 44 39 36 36 39 45 49 52 55 53 54 53 47 43 38 38 46 54 60 61 59 
47 51 45 31 19 8 6 5 5 3 4 4 4 4 4 4 4 3 2 2 1 1 1 2 2 3 4 4 3 3 3 3 3 3 3 3 3 3 4 2 2 2 1 1 1 2 2 3 3 3 3 3 2 2 3 4 5 16 28 36 40 39 38 38 37 33 30 30 31 30 30 31 39 75 95 73 45 36 39 40 45 50 53 54 53 50 45 40 38 38 41 47 53 53 51 48 46 44 39 36 36 39 45 46 49 53 54 54 51 47 42 37 38 46 52 57 59 57 
43 47 44 23 5 5 9 10 8 6 8 8 10 11 12 6 6 4 3 4 3 3 3 2 2 3 3 3 1 1 1 2 2 2 2 3 3 3 3 2 2 1 1 1 1 2 2 2 2 2 3 3 3 3 3 4 10 22 32 35 40 41 40 39 37 35 31 30 31 30 30 30 39 75 93 71 44 36 38 39 44 49 51 52 50 46 43 39 38 38 41 44 48 50 50 47 43 39 36 33 33 36 40 44 46 50 52 52 49 45 39 36 39 44 47 53 56 54 
39 51 49 28 10 14 23 19 18 20 23 25 26 27 29 19 16 16 14 12 10 8 6 4 4 4 3 2 1 1 1 2 2 2 2 3 3 3 3 2 2 2 2 2 2 2 2 3 3 3 3 3 4 3 4 3 12 25 37 40 39 39 40 39 39 37 33 32 33 31 31 31 40 74 88 65 41 36 37 38 42 45 49 50 47 44 40 39 38 39 40 40 43 45 48 47 40 38 35 32 32 36 38 40 45 47 50 50 46 42 38 37 38 40 45 50 50 50 
39 65 66 47 35 38 43 43 44 45 47 50 50 51 50 43 39 37 35 32 29 25 23 20 17 15 11 9 7 6 4 3 3 3 1 3 4 3 3 3 3 3 3 3 3 3 3 3 3 3 3 3 4 4 3 4 10 23 38 42 40 39 40 40 42 40 36 33 35 33 32 32 43 72 83 61 39 36 36 38 39 43 44 45 44 42 39 38 38 38 40 38 39 39 43 44 38 36 32 30 30 33 36 37 40 44 46 47 45 39 37 35 36 38 43 44 42 44 
46 79 84 65 57 60 63 64 63 61 61 61 60 59 57 56 53 50 47 46 46 46 42 37 38 37 34 29 17 14 11 9 8 7 5 4 5 4 4 3 2 2 2 2 2 2 2 2 2 3 3 3 4 4 3 4 8 18 34 40 40 39 40 42 44 43 38 35 35 35 35 35 44 71 76 58 38 36 36 37 38 40 42 42 42 39 39 38 38 38 39 39 39 37 39 40 37 36 32 31 30 32 35 35 37 40 42 43 42 39 36 33 35 37 40 40 39 40 
63 90 89 70 64 67 68 67 65 63 59 56 53 49 46 50 46 43 40 42 43 43 45 47 50 51 52 51 40 36 33 30 28 25 22 16 8 5 5 5 4 3 4 3 2 2 3 3 3 2 2 3 3 3 3 5 9 18 33 39 40 40 43 45 45 45 40 37 37 36 35 37 43 61 70 53 37 37 37 37 38 39 39 40 40 40 38 38 37 37 38 38 39 37 37 37 37 35 31 30 29 30 32 32 33 35 36 38 38 38 36 33 31 33 37 37 37 37 
75 97 82 63 66 68 70 68 61 56 47 42 38 33 31 32 31 29 25 26 26 25 26 53 60 58 58 58 58 57 54 52 51 49 44 40 25 24 24 17 15 11 9 7 5 7 5 5 4 4 3 3 2 2 2 4 8 20 33 38 42 40 43 46 48 46 42 39 39 37 36 36 40 54 60 51 38 38 37 38 38 39 39 38 39 39 38 37 37 36 37 37 38 38 36 36 35 31 29 26 25 28 29 30 31 32 35 35 35 35 33 31 29 31 32 33 33 33 
88 99 84 68 67 68 68 71 61 45 37 36 35 35 36 33 37 39 34 36 37 36 36 45 59 59 59 60 62 65 64 60 59 58 56 52 44 43 43 38 36 31 29 26 22 15 14 14 14 15 11 10 7 6 5 5 8 22 37 45 42 39 40 46 49 49 45 42 39 37 36 37 40 51 57 47 38 38 39 38 39 38 38 38 39 38 37 37 37 36 37 37 37 37 36 36 33 31 28 26 25 26 26 28 28 29 30 30 30 30 30 29 29 29 30 31 31 31 
97 93 82 77 68 70 68 67 61 57 56 56 54 56 58 57 57 58 59 59 57 54 52 53 59 60 60 62 61 60 60 59 59 59 59 59 59 58 57 53 51 49 47 49 47 35 36 36 35 36 31 28 24 22 19 18 26 42 58 57 43 38 39 44 47 51 49 44 40 37 36 38 40 47 51 45 39 39 40 39 39 37 37 38 38 37 36 37 37 37 38 37 37 37 37 37 33 30 28 26 25 25 25 25 25 26 28 28 28 28 28 28 29 28 29 29 29 29 
85 82 79 68 70 68 68 65 61 59 61 63 63 63 63 66 66 66 65 64 64 62 62 62 60 61 61 61 61 59 59 60 59 60 60 60 60 60 61 61 63 63 57 45 35 31 33 36 40 46 47 50 48 45 41 37 51 67 61 44 43 36 36 40 47 52 51 45 39 36 36 37 39 43 47 44 39 39 42 38 37 37 37 37 36 36 36 36 37 37 37 38 37 37 37 36 31 29 28 26 26 26 26 25 25 25 25 26 26 28 28 28 28 28 29 29 29 30 
80 74 74 68 70 68 68 66 65 65 65 64 64 63 64 65 65 64 64 62 62 62 64 64 61 61 61 61 60 59 59 60 60 59 59 59 60 60 61 61 63 64 59 47 38 29 25 23 25 32 37 43 45 46 48 72 103 122 84 41 41 37 36 38 45 54 54 46 39 35 35 37 39 42 44 43 38 38 39 38 37 37 37 37 36 36 36 36 36 36 37 37 36 36 36 35 31 29 28 28 26 26 26 25 25 25 25 26 26 26 26 28 28 28 28 28 29 29 
