14 14 15 15 15 15 15 15 15 16 16 16 12 9 5 2 2 0 1 1 1 1 1 1 1 1 1 1 1 1 1 1 1 1 1 1 1 1 1 1 1 2 5 10 15 16 17 18 18 19 21 25 25 25 23 22 22 22 21 18 14 10 9 8 5 6 5 4 4 4 4 4 4 4 3 3 
15 16 16 16 15 15 15 15 15 15 16 15 11 8 4 2 0 0 0 1 1 1 1 1 1 1 1 1 1 1 1 1 1 1 1 1 1 1 1 1 1 1 1 3 7 8 9 11 12 14 15 19 23 24 22 21 19 21 18 15 11 9 8 4 4 5 4 4 4 4 4 4 4 4 3 3 
17 17 16 16 16 15 15 15 18 16 16 11 8 5 1 1 1 1 1 1 1 1 1 1 1 1 1 1 1 1 1 1 1 1 1 1 1 1 0 0 0 0 0 0 1 2 2 3 4 7 11 14 14 17 16 15 19 17 18 10 9 7 6 4 4 4 3 3 4 4 4 4 4 4 3 3 
18 18 18 17 16 15 15 15 17 17 17 18 11 4 1 1 1 1 1 1 1 1 1 1 1 1 1 1 1 1 1 1 1 1 1 1 1 1 1 1 1 0 0 0 1 1 1 1 2 3 3 7 8 8 8 8 12 15 15 12 9 5 4 4 3 3 2 2 4 4 4 4 4 4 4 4 
20 20 20 19 16 15 14 14 18 18 17 33 35 15 3 1 1 1 1 1 1 1 1 1 1 1 1 1 1 1 1 1 1 1 1 1 1 1 1 1 1 1 0 0 1 1 1 1 1 0 0 1 2 2 2 3 5 8 9 10 9 6 3 3 2 2 2 2 3 3 3 3 3 4 4 4 
20 19 19 18 15 12 11 14 17 18 19 39 45 24 8 2 1 1 1 1 2 2 2 2 1 1 1 1 1 1 1 1 1 1 1 1 1 1 1 1 1 1 0 0 0 0 0 0 0 0 1 1 1 2 2 2 2 3 3 3 4 5 3 2 1 2 1 2 2 2 1 1 2 2 3 3 
20 19 19 17 13 12 10 12 18 16 23 49 59 35 14 3 1 1 1 2 2 2 2 2 1 1 1 1 1 1 1 1 1 1 1 1 1 1 1 1 1 1 0 1 1 1 0 0 0 0 0 0 0 1 1 1 1 1 2 2 2 3 2 1 1 1 1 1 1 1 0 0 1 1 2 2 
20 19 19 17 13 12 12 15 23 24 26 53 70 45 17 3 2 2 3 2 2 2 2 2 1 1 1 1 1 1 1 1 1 1 1 1 1 1 1 1 1 1 1 1 1 1 0 0 0 0 0 0 0 0 0 0 1 1 0 1 1 1 1 1 1 1 1 1 0 0 0 0 0 1 1 1 
20 19 18 16 12 12 17 22 28 31 34 38 47 46 21 3 2 3 2 2 2 2 2 2 2 2 2 2 2 2 2 2 1 1 1 1 1 1 1 1 1 1 1 1 1 1 1 1 1 1 1 1 1 1 0 0 1 1 0 0 0 1 1 0 0 0 0 0 0 0 0 0 0 0 1 1 
20 19 17 16 12 14 19 25 31 43 41 41 56 56 25 4 2 3 2 2 2 2 2 2 2 2 2 2 2 2 2 2 1 1 1 1 1 1 1 1 1 1 1 1 1 1 1 1 1 1 1 0 0 0 0 0 0 0 0 0 0 0 0 0 0 0 0 0 0 0 0 0 0 0 0 0 
20 19 17 17 15 17 23 27 33 47 43 44 60 60 33 7 2 3 3 3 2 2 2 2 2 2 2 2 2 2 2 2 1 1 1 1 1 1 1 1 1 1 1 1 1 1 1 1 1 1 1 0 0 0 0 0 0 0 0 0 0 0 0 0 0 0 0 0 0 0 0 0 0 0 0 0 
19 18 16 17 17 20 25 31 39 52 44 46 58 66 44 15 4 4 3 3 2 2 2 2 2 2 2 2 2 2 2 2 1 1 1 1 1 1 1 1 1 1 1 1 1 1 1 1 1 1 1 0 0 0 0 0 0 0 0 0 0 0 0 0 0 0 0 0 0 0 0 0 0 0 0 0 
19 17 16 17 19 25 29 34 43 56 46 47 59 75 60 23 5 5 3 3 2 2 2 2 2 2 2 2 2 2 2 2 1 1 1 1 1 1 1 1 1 1 1 1 1 1 1 1 1 1 1 1 1 1 0 0 0 0 0 0 0 0 0 0 0 0 0 0 0 0 0 0 0 0 0 0 
19 18 16 16 22 29 33 41 49 49 43 43 58 75 66 24 3 2 2 2 2 2 2 2 2 2 2 2 2 2 2 2 1 1 1 1 1 1 1 1 1 1 1 1 1 1 1 1 1 1 1 1 1 1 1 0 0 0 0 0 0 0 0 0 0 0 0 0 0 0 0 0 0 0 0 0 
19 18 15 17 25 32 38 47 52 49 40 42 56 75 75 38 6 3 1 2 2 2 2 2 2 2 2 2 2 2 2 2 1 1 1 1 1 1 1 1 1 1 1 1 1 1 1 1 1 1 1 1 1 1 1 1 1 1 0 0 0 0 0 0 0 0 0 0 0 0 0 0 0 0 0 0 
20 18 16 18 29 37 45 54 52 37 38 40 54 75 80 51 15 3 3 3 2 2 2 2 2 2 2 2 2 2 2 2 1 1 1 1 1 1 1 1 1 1 1 1 1 1 1 1 1 1 1 1 1 1 1 1 1 1 0 0 0 0 0 0 0 0 0 0 0 0 0 0 0 0 0 0 
19 18 22 38 46 44 49 57 51 38 39 43 53 74 74 44 8 3 2 2 2 2 2 2 2 2 2 2 2 2 2 2 2 2 2 2 2 2 2 2 1 1 1 1 1 1 1 1 1 1 1 1 1 1 1 1 1 1 0 0 0 0 0 0 0 0 0 0 0 0 0 0 0 0 0 0 
22 23 46 60 64 58 53 57 53 44 45 45 52 68 71 49 13 1 2 2 2 2 2 2 2 2 2 2 2 2 2 2 2 2 2 2 2 2 2 2 1 1 1 1 1 1 1 1 1 1 1 1 1 1 1 1 1 1 0 0 0 0 0 0 0 0 0 0 0 0 0 0 0 0 0 0 
26 29 59 73 74 64 56 57 57 56 54 54 56 65 69 55 20 1 1 1 2 2 2 2 2 2 2 2 2 2 2 2 2 2 2 2 2 2 2 2 1 1 1 1 1 1 1 1 1 1 1 1 1 1 1 1 1 1 0 0 0 0 0 0 0 0 0 0 0 0 0 0 0 0 0 0 
24 29 53 65 66 56 54 57 57 56 55 55 57 65 72 59 20 1 1 1 2 2 2 2 2 2 2 2 2 2 2 2 2 2 2 2 2 2 2 2 1 1 1 1 1 1 1 1 1 1 1 1 1 1 1 1 1 1 0 0 0 0 0 0 0 0 0 0 0 0 0 0 0 0 0 0 
24 30 36 45 47 47 52 52 52 51 51 51 55 67 77 59 19 2 1 1 2 2 2 2 2 2 2 2 2 2 2 2 2 2 2 2 2 2 2 2 1 1 1 1 1 1 1 1 1 1 1 1 1 1 1 1 1 1 0 0 0 0 0 0 0 0 0 0 0 0 0 0 0 0 0 0 
22 30 31 35 39 43 49 49 49 49 50 50 54 66 80 65 26 4 1 1 2 2 2 2 2 2 2 2 2 2 2 2 2 2 2 2 2 2 2 2 1 1 2 2 2 1 1 1 1 1 1 1 1 1 1 1 1 1 0 0 0 0 0 0 0 0 0 0 0 0 0 0 0 0 0 0 
26 35 55 51 47 47 46 46 47 47 47 49 53 62 75 65 32 5 2 2 1 1 1 1 2 2 2 2 2 2 2 2 2 2 2 2 2 2 2 2 1 1 1 1 2 2 1 1 1 1 1 1 1 1 1 1 1 1 0 0 0 0 0 0 0 0 0 0 0 0 0 0 0 0 0 0 
33 42 80 72 59 54 47 47 49 50 46 49 53 61 70 65 36 7 2 2 1 1 1 1 2 2 2 2 2 2 2 2 2 2 2 2 2 2 2 2 1 1 1 1 2 2 1 1 1 1 1 1 1 1 1 1 1 1 0 0 0 0 0 0 0 0 0 0 0 0 0 0 0 0 0 0 
109 137 152 109 63 53 44 43 40 38 45 46 51 57 61 66 38 9 2 2 1 1 1 1 1 1 2 2 2 2 2 2 2 2 2 2 2 2 2 2 2 2 1 1 2 1 1 1 1 1 1 1 1 1 1 1 1 1 0 0 0 0 0 0 0 0 0 0 0 0 0 0 0 1 1 1 
164 200 202 151 95 78 67 66 52 46 46 46 46 53 60 66 47 16 3 2 1 1 1 1 1 1 2 2 2 2 2 2 2 2 2 2 2 2 2 2 2 2 1 1 2 1 1 1 1 1 1 1 1 1 1 1 1 1 0 0 0 0 0 0 0 0 1 0 0 0 0 0 0 0 1 1 
210 230 233 203 148 99 67 60 52 49 49 47 46 53 58 67 52 18 4 3 2 1 2 2 1 1 2 2 2 2 2 2 2 2 2 2 2 2 2 2 2 2 2 2 2 2 1 1 1 1 1 1 1 1 1 1 1 1 0 0 0 0 1 0 0 1 3 1 0 0 0 0 0 0 1 1 
244 253 253 241 199 141 83 59 52 51 51 47 46 53 57 68 54 19 3 3 2 1 2 2 1 1 2 2 2 2 2 2 2 2 2 2 2 2 2 2 2 2 2 2 2 2 1 1 1 1 1 1 1 1 1 1 1 1 0 0 0 0 0 0 0 5 9 3 1 1 0 0 0 0 1 1 
252 252 250 249 233 185 116 72 56 54 53 50 48 53 57 69 57 21 2 2 1 1 1 1 2 2 2 2 2 2 2 2 2 2 2 2 2 2 2 2 2 2 2 2 2 2 1 1 1 1 1 1 1 1 1 1 1 1 0 0 0 0 1 1 1 11 14 8 3 1 0 0 0 0 1 1 
248 248 247 247 247 221 155 96 65 60 54 50 48 51 57 68 59 26 3 2 2 1 1 1 2 2 2 2 2 2 2 2 2 2 2 2 2 2 2 2 2 2 2 2 2 2 1 1 1 1 1 1 1 1 1 1 1 1 0 0 0 1 1 1 3 17 22 11 4 1 0 0 0 0 1 1 
245 245 247 247 247 237 193 134 84 68 57 51 46 46 57 67 63 32 5 3 3 1 2 2 2 2 2 2 2 2 2 2 2 2 2 2 2 2 2 2 2 2 2 2 2 2 1 1 1 1 1 1 1 1 1 1 1 1 0 0 1 1 1 1 7 33 33 5 1 1 1 0 0 0 1 1 
243 247 245 247 248 241 219 177 117 78 57 50 46 46 57 67 67 38 9 3 3 2 2 2 2 2 2 2 2 2 2 2 2 2 2 2 2 2 2 2 2 2 2 2 2 2 1 1 1 1 1 1 1 1 1 1 1 1 0 0 0 0 1 2 11 38 31 5 1 1 1 0 0 0 1 1 
244 249 247 247 248 233 229 217 175 122 81 60 53 49 58 67 72 44 11 3 3 2 2 2 2 2 2 2 2 2 2 2 2 2 2 2 2 2 2 2 2 2 2 2 2 2 1 1 1 1 1 1 1 1 1 1 1 1 1 1 0 0 0 1 16 45 30 7 0 1 0 0 0 0 1 1 
245 249 248 248 248 244 245 245 229 185 123 91 68 53 57 67 76 50 14 3 3 2 2 2 2 2 2 2 2 2 2 2 2 2 2 2 2 2 2 2 2 2 2 2 2 2 1 1 1 1 1 1 1 1 1 1 1 1 1 1 0 1 0 0 23 53 38 12 0 0 0 0 0 0 1 1 
248 249 249 249 249 249 249 251 248 229 179 137 99 64 54 68 79 57 17 4 2 2 2 2 2 2 2 2 2 2 2 2 2 2 2 2 2 2 2 2 2 2 2 2 2 2 1 1 1 1 1 1 1 1 1 1 2 2 1 1 0 1 0 2 36 64 51 17 1 0 0 0 0 0 1 1 
249 250 250 250 250 250 250 249 245 245 227 189 141 94 59 64 75 59 25 5 2 2 2 2 2 2 2 2 2 2 2 2 2 2 2 2 2 2 2 2 2 2 2 2 2 2 1 1 1 1 1 1 1 1 1 1 2 2 1 1 0 1 0 7 39 64 54 18 1 0 0 0 0 0 1 1 
250 250 250 250 250 249 250 250 245 251 247 230 198 144 75 59 70 49 32 9 4 2 2 3 3 3 2 2 2 2 2 2 2 2 2 2 2 2 2 2 2 2 1 1 2 2 1 1 1 1 1 1 1 1 1 1 2 2 1 1 1 1 1 14 43 66 54 18 1 0 0 0 0 0 1 1 
249 249 250 250 250 250 250 250 250 251 250 243 235 200 129 84 80 73 46 15 4 3 2 3 3 3 2 2 2 2 2 2 2 2 2 2 2 2 2 2 2 2 1 1 2 2 1 1 1 1 1 1 1 1 1 1 2 2 1 1 1 1 1 16 50 68 52 17 1 1 0 0 0 0 1 1 
249 249 248 247 248 248 249 250 251 251 248 244 246 237 155 90 67 74 50 17 4 2 2 2 2 2 2 2 2 2 2 2 2 2 2 2 2 2 2 2 2 2 2 2 2 2 1 1 2 2 1 1 1 1 1 1 1 1 1 1 1 1 1 23 59 68 52 17 2 2 0 0 0 0 1 1 
249 248 247 247 245 247 248 250 251 252 247 247 246 249 165 117 88 73 49 18 7 3 2 2 3 3 2 2 2 2 2 2 2 2 2 2 2 2 2 2 2 2 2 2 2 2 1 1 2 2 1 1 1 1 1 1 1 1 1 1 1 1 1 25 61 70 52 17 4 2 0 0 0 1 1 1 
248 248 247 245 244 243 247 249 250 250 247 242 221 177 65 65 64 64 40 17 5 3 3 3 2 2 3 3 3 3 3 3 3 3 3 2 2 2 2 2 2 2 2 2 2 1 1 1 1 1 1 1 1 1 1 1 1 1 1 1 1 2 1 10 47 68 49 14 4 3 0 0 0 0 1 1 
249 248 247 247 245 243 248 249 251 250 249 233 184 138 54 54 59 64 42 19 5 2 2 3 2 2 3 3 3 3 3 3 3 3 3 2 2 2 2 2 2 2 2 2 2 1 1 1 1 1 1 1 1 1 1 1 1 1 1 1 1 2 0 9 42 66 39 10 4 2 0 0 0 0 0 0 
249 248 247 248 249 251 250 250 243 241 224 178 100 64 32 37 54 63 46 24 5 2 2 2 2 2 3 3 3 3 3 3 3 3 2 2 2 2 2 2 2 2 2 2 2 1 1 1 1 1 1 1 1 1 1 1 1 1 0 0 1 2 1 9 40 66 37 9 3 2 0 0 0 0 0 0 
250 248 248 249 252 252 252 250 238 234 194 136 53 26 21 31 52 65 48 26 4 2 2 2 2 2 3 3 3 3 3 3 3 3 2 2 2 2 2 2 2 2 2 2 2 1 1 1 1 1 1 1 1 1 1 1 1 1 1 0 1 2 1 11 47 71 37 9 4 2 0 0 0 0 0 0 
250 248 242 245 252 253 253 245 223 199 115 77 36 29 33 39 47 60 51 29 5 3 2 2 2 2 3 3 3 3 3 3 3 3 2 2 2 2 2 2 2 2 2 2 2 1 1 1 1 1 1 1 1 1 1 1 1 1 1 1 1 2 3 15 50 77 38 9 3 1 0 0 0 0 0 0 
241 223 235 241 252 253 252 229 193 152 72 40 22 21 23 26 42 51 52 33 7 3 2 2 2 2 3 3 3 3 3 3 3 3 2 2 2 2 2 2 2 2 2 2 2 1 1 1 1 1 1 1 1 1 1 1 1 1 1 1 2 3 4 16 54 82 40 8 3 1 0 0 0 0 0 0 
208 175 176 193 222 225 210 171 126 83 31 14 22 32 22 32 56 72 54 38 10 4 2 2 3 3 2 2 3 3 3 3 3 3 2 2 2 2 2 2 2 2 2 2 2 1 1 1 1 1 1 1 1 1 1 1 1 1 1 1 2 2 2 18 66 91 39 9 3 3 0 0 0 1 0 0 
137 103 126 139 163 166 152 112 72 44 30 18 29 38 38 52 78 97 57 39 11 4 5 4 4 3 2 2 3 3 3 3 3 3 2 2 2 2 2 2 2 2 2 2 2 1 1 1 1 1 1 1 1 1 1 1 1 2 1 1 2 1 1 25 73 96 34 8 1 3 1 0 0 1 0 0 
61 46 88 63 58 47 45 45 43 40 38 38 28 51 18 57 111 141 145 60 16 10 8 5 4 4 2 2 3 3 3 3 3 3 2 2 2 2 2 2 2 2 2 2 2 1 1 1 1 1 1 1 1 1 1 1 1 1 1 1 1 0 1 46 74 85 39 9 0 3 2 0 0 1 0 0 
84 75 99 88 85 78 76 76 74 73 71 69 80 89 83 98 159 196 173 89 24 11 7 5 4 3 3 2 3 3 3 3 3 3 2 2 2 2 2 2 2 2 2 2 2 1 1 1 1 1 1 1 1 1 1 1 1 1 0 1 1 1 2 60 115 123 43 11 0 3 2 0 1 1 0 0 
181 180 178 175 172 171 171 170 169 169 169 174 179 157 185 200 226 224 182 107 30 11 6 6 4 3 3 2 2 2 2 2 2 2 2 2 2 2 2 2 2 2 2 2 2 1 1 1 1 1 1 1 1 1 1 1 1 1 0 1 1 2 15 98 177 181 73 23 4 4 3 1 1 1 1 1 
241 241 238 236 234 234 235 235 234 233 233 234 235 222 247 241 235 234 208 123 40 7 5 6 4 4 3 2 2 2 2 2 2 2 2 2 2 2 2 2 2 2 2 2 2 1 1 1 1 1 1 1 1 1 1 1 1 1 0 0 0 1 33 146 216 215 109 29 10 4 2 2 1 1 1 1 
252 252 251 251 251 251 250 250 251 251 250 250 250 251 251 251 244 252 231 117 30 6 5 8 5 4 4 3 2 2 2 2 2 2 2 2 2 2 2 2 2 2 2 2 2 1 1 1 1 1 1 1 1 1 1 1 1 1 0 0 0 4 42 173 235 234 121 33 12 4 2 1 1 1 1 1 
249 249 248 248 248 249 249 249 248 248 248 248 248 247 245 247 243 249 214 104 31 6 5 9 5 4 3 3 2 2 2 2 2 2 2 2 2 2 2 2 2 2 2 2 2 1 1 1 1 1 1 1 1 1 1 1 1 1 0 0 0 15 58 191 234 229 115 31 11 3 2 2 1 1 1 1 
250 250 250 251 251 251 251 251 249 249 249 249 248 248 247 247 245 249 212 114 36 6 6 8 4 3 3 3 2 2 2 2 2 2 2 2 2 2 2 2 2 2 2 2 1 1 1 1 1 1 1 1 1 1 1 1 1 1 0 0 0 16 65 198 237 226 103 19 7 4 2 2 1 1 1 1 
251 251 252 252 252 252 252 252 251 251 249 249 248 248 248 248 247 248 226 143 40 7 10 8 4 3 3 3 2 2 2 2 2 2 2 2 2 2 2 2 2 2 2 2 1 1 1 1 1 1 1 1 1 1 1 1 1 1 1 0 0 15 70 198 237 223 101 16 4 4 3 2 1 1 1 1 
250 251 251 251 252 252 252 252 251 250 249 250 250 250 249 249 248 249 212 114 40 15 10 7 4 3 3 2 2 2 2 2 2 2 2 2 2 2 2 2 2 2 1 1 1 1 1 1 1 1 1 1 1 1 1 1 2 2 1 1 2 25 75 201 246 231 97 15 4 4 1 1 1 1 1 1 
249 250 250 250 250 250 251 251 250 250 249 249 250 250 249 249 247 248 219 124 45 16 11 7 4 3 3 3 3 2 2 2 2 2 2 2 2 2 2 2 2 2 1 1 1 1 1 1 1 1 1 1 1 1 1 1 2 2 1 1 2 26 87 213 246 219 94 16 4 4 1 1 1 1 1 1 
249 249 249 249 249 249 249 249 249 249 249 249 250 251 251 251 248 249 223 131 50 21 12 8 5 4 3 3 3 2 2 2 2 2 2 2 2 2 2 2 1 1 1 1 1 1 1 1 1 1 1 1 1 1 1 1 2 2 1 1 2 26 102 220 242 201 99 16 4 3 2 1 1 1 1 1 
249 249 249 249 249 249 249 249 249 249 249 249 250 250 251 251 249 249 226 135 52 22 12 8 5 4 3 3 3 2 2 2 2 2 2 2 2 2 2 2 1 1 1 1 1 1 1 1 1 1 1 1 1 1 1 1 2 2 1 1 2 27 113 226 240 189 89 10 3 4 1 0 1 1 1 1 
249 249 249 249 249 249 249 249 249 249 249 249 250 250 251 251 249 249 233 141 58 30 11 8 5 4 4 3 3 2 2 2 2 2 2 2 2 2 2 2 1 1 1 1 1 1 1 1 1 1 1 1 1 1 1 1 2 2 1 2 3 27 120 227 240 201 71 10 3 4 1 1 1 1 1 1 
249 249 249 249 249 249 249 249 249 249 249 249 250 250 251 251 249 249 229 138 56 28 11 8 5 4 4 3 3 2 2 2 2 2 2 2 2 2 2 2 1 1 1 1 1 1 1 1 1 1 1 1 1 1 1 1 2 2 1 2 3 36 130 228 242 195 68 9 4 4 1 1 1 1 1 1 
249 249 249 249 249 249 249 249 249 249 249 249 250 250 251 251 250 249 215 127 44 15 9 8 6 5 4 4 3 2 2 2 2 2 2 2 2 2 2 2 2 2 1 1 1 1 1 1 1 1 1 1 1 1 1 1 1 2 1 2 4 42 149 231 243 191 65 11 5 5 1 1 1 1 1 1 
249 249 249 249 249 249 249 249 249 249 249 249 250 250 251 251 250 249 206 120 35 9 9 7 6 5 4 4 2 2 2 2 2 2 2 2 2 2 2 2 2 2 1 1 1 1 1 1 1 1 1 1 1 1 1 1 1 2 2 2 7 45 152 231 241 205 66 11 5 5 1 1 1 1 1 1 
249 249 249 249 249 249 249 249 249 250 249 250 250 250 250 249 249 247 198 100 30 7 9 5 5 4 3 2 2 2 2 2 2 2 2 2 2 2 2 2 2 2 1 1 1 1 1 1 1 1 1 1 1 1 1 1 1 2 2 3 15 81 178 240 240 210 125 31 6 4 1 1 1 1 1 1 
249 249 249 249 249 249 249 249 249 249 249 249 250 250 250 249 249 247 202 111 33 9 10 5 5 5 3 3 2 2 2 2 2 2 2 2 2 2 2 2 2 2 1 1 1 1 1 1 1 1 1 1 1 1 1 1 2 2 2 5 25 97 202 249 241 208 121 28 5 5 1 1 1 1 1 1 
249 249 249 249 249 249 249 249 249 249 249 249 250 250 250 250 248 246 209 122 36 10 10 5 4 3 3 2 2 2 2 2 2 2 3 3 2 2 2 2 2 2 1 1 1 1 1 1 1 1 1 1 1 1 1 1 2 2 5 9 32 121 223 252 242 207 111 22 5 5 1 1 1 1 1 1 
249 249 249 249 249 249 249 249 249 249 249 249 250 250 250 250 248 247 215 128 38 10 10 5 4 3 3 2 2 2 2 2 2 2 3 3 2 2 2 2 2 2 1 1 1 1 1 1 1 1 1 1 1 1 1 1 2 3 5 8 40 143 231 250 242 208 109 19 5 5 1 1 1 1 1 1 
249 249 249 249 249 249 249 249 249 249 249 249 250 250 250 250 247 249 215 121 36 9 9 4 4 4 3 2 2 2 2 2 2 2 3 3 2 2 2 2 2 2 1 1 1 1 1 1 1 1 1 1 1 1 1 1 2 2 3 8 54 163 241 251 242 208 108 18 5 5 1 1 1 1 1 1 
249 249 249 249 249 249 249 249 249 249 249 249 250 250 250 250 248 247 201 103 31 9 7 5 5 4 3 2 2 2 2 2 2 2 3 3 2 2 2 2 2 2 1 1 1 1 1 1 1 1 1 1 1 1 1 1 1 1 5 18 82 185 247 249 242 208 108 17 6 5 1 0 0 1 1 1 
249 249 249 249 249 249 249 249 249 249 249 249 250 250 249 248 247 243 180 78 23 10 5 4 4 3 3 3 3 3 2 2 2 2 2 2 2 2 2 2 1 1 1 1 1 1 1 1 1 1 1 1 1 1 1 2 2 1 8 26 104 208 248 249 245 219 108 16 5 4 2 1 0 1 1 1 
249 249 249 249 249 249 249 249 249 249 249 249 249 250 248 247 247 243 173 67 18 11 5 4 4 3 3 3 3 3 2 2 2 2 2 2 2 2 2 2 1 1 1 1 1 1 1 1 1 1 1 2 2 1 2 3 3 1 9 38 134 226 250 249 248 230 146 60 7 3 2 1 1 1 1 1 
249 249 249 249 249 249 249 249 249 249 249 249 250 250 249 248 246 213 117 35 15 11 4 4 3 3 2 2 2 2 2 2 2 2 2 2 2 2 2 2 2 2 1 1 1 1 1 1 1 1 1 1 2 2 1 3 5 5 10 57 165 237 249 248 249 248 157 72 11 3 2 2 1 1 1 1 
249 249 249 249 249 249 249 249 249 249 249 249 250 249 248 248 244 195 97 30 13 9 5 4 3 3 2 2 2 2 2 2 2 2 2 2 2 2 2 2 2 2 1 1 1 1 1 1 1 1 1 1 2 1 1 3 9 10 17 96 194 240 249 248 249 249 171 86 24 5 2 1 1 2 2 1 
249 249 249 249 249 249 249 249 249 250 249 250 250 249 248 248 239 174 70 24 14 5 6 5 3 3 3 3 2 2 2 2 2 2 3 3 2 1 1 1 1 2 1 1 1 1 1 1 1 1 1 1 2 2 1 2 9 17 27 132 224 242 250 249 249 250 201 117 40 7 4 3 2 2 3 2 
249 249 249 249 249 249 249 249 249 249 250 250 250 250 248 248 239 179 79 25 11 5 6 5 3 3 3 3 2 2 2 2 2 2 3 3 2 1 1 1 1 2 1 1 1 1 1 1 1 1 1 1 2 2 1 2 10 19 53 172 238 245 252 251 249 248 227 138 54 11 5 4 3 3 3 3 
249 249 249 249 249 249 250 249 249 249 250 250 250 250 248 248 239 203 119 31 6 7 4 3 4 4 3 2 2 3 2 2 2 2 3 3 2 1 1 1 1 2 2 2 1 1 1 1 1 1 1 1 1 1 1 4 10 24 85 208 243 250 252 250 250 247 246 167 66 17 6 6 4 4 3 3 
249 249 249 249 249 249 250 249 249 249 250 250 250 249 249 250 245 205 110 31 7 8 5 4 4 4 3 3 3 3 3 2 2 2 3 3 2 1 1 1 1 1 2 2 1 1 1 1 1 1 1 1 2 2 3 6 14 32 114 222 243 251 252 250 250 247 241 182 84 23 8 7 5 3 2 2 
249 249 249 249 249 249 250 249 249 249 250 250 250 249 249 252 245 199 97 32 14 8 5 3 3 2 3 3 3 3 2 2 2 2 3 3 2 1 1 1 1 1 2 2 1 1 1 1 1 1 1 1 3 3 3 4 12 39 131 231 249 249 251 250 250 247 235 174 86 26 9 8 5 2 2 1 
249 249 249 249 249 249 250 249 249 249 250 250 250 249 249 252 243 188 77 30 18 7 5 3 3 2 3 2 2 2 2 2 2 2 3 3 2 1 1 1 1 1 2 2 1 1 1 1 1 1 1 2 3 4 4 4 9 56 145 238 251 247 250 249 249 249 228 162 66 16 11 9 5 2 1 1 
249 249 249 249 249 249 249 249 249 249 250 250 250 249 249 249 240 182 90 28 13 9 5 3 3 2 4 4 3 2 2 2 2 2 3 3 2 1 1 1 1 1 2 1 1 1 1 1 1 1 1 1 3 4 4 3 10 77 186 254 251 249 249 250 250 250 229 150 50 10 10 8 4 2 1 1 
249 249 249 249 249 249 249 249 249 249 250 249 250 249 249 248 240 178 86 26 13 9 4 3 3 2 4 4 3 3 2 2 2 2 3 3 2 1 1 1 1 1 2 1 1 1 1 1 1 1 1 1 3 3 3 2 26 108 210 255 252 249 248 250 250 250 235 171 70 12 8 7 3 2 1 1 
249 249 249 249 249 249 249 249 249 249 250 249 249 249 248 248 238 173 81 25 12 8 5 4 3 2 3 2 2 2 2 2 2 2 3 3 2 1 1 1 1 1 2 1 1 1 1 1 1 1 1 1 2 2 3 3 43 141 222 249 251 249 249 249 249 250 241 196 96 23 6 6 2 0 0 1 
249 249 249 249 249 249 249 249 249 249 249 249 249 249 248 248 241 178 86 29 14 9 6 5 3 2 2 2 2 2 2 2 2 2 3 3 2 1 1 1 1 1 2 1 1 1 1 1 1 1 1 1 2 3 2 9 59 156 241 252 249 250 249 250 249 249 242 219 128 38 8 7 0 0 0 1 
249 249 249 249 249 249 249 249 249 250 250 250 249 249 248 245 241 184 90 29 14 9 8 5 3 2 3 3 2 2 2 2 2 2 2 2 2 1 1 1 1 1 2 1 1 1 1 1 1 1 1 1 3 4 4 14 72 173 251 252 249 251 250 250 250 250 240 224 151 54 11 5 1 0 0 1 
249 249 249 249 249 249 249 249 249 250 250 250 249 249 247 245 241 179 84 24 11 8 6 4 2 2 3 3 2 2 2 2 2 2 2 2 2 1 1 1 1 1 2 1 1 1 1 1 1 1 1 1 2 5 7 26 110 207 252 251 251 251 250 250 250 250 242 220 149 54 11 5 1 0 0 1 
249 249 249 249 249 249 249 249 249 250 250 250 249 249 248 246 238 177 86 29 11 8 5 3 2 2 3 3 2 2 2 2 2 2 2 2 1 1 1 1 1 1 2 1 1 1 1 1 1 1 1 2 3 7 11 50 152 241 250 250 251 251 250 251 250 250 244 219 135 46 12 5 2 1 0 0 
249 249 249 249 249 249 249 249 249 250 250 250 249 250 248 247 235 182 94 32 12 9 7 4 3 2 3 3 2 2 2 2 2 2 2 2 1 1 1 1 1 1 2 1 1 1 1 1 1 1 1 2 4 8 23 75 186 254 250 250 251 251 250 251 250 251 247 220 136 52 12 5 3 1 0 1 
250 250 249 249 249 250 250 250 250 250 249 249 249 250 248 244 234 181 103 33 11 9 7 4 3 2 2 2 2 2 2 2 2 1 2 2 1 1 1 1 2 2 1 1 1 1 1 1 2 2 1 4 5 9 29 122 221 252 249 249 251 250 250 250 251 251 247 226 175 78 15 5 3 1 1 1 
242 244 248 249 249 250 250 250 250 250 249 249 249 250 248 244 232 192 114 33 10 7 4 3 2 2 2 2 2 2 1 1 1 1 1 1 1 1 1 1 2 2 1 1 1 1 1 1 2 2 1 4 4 6 26 124 224 250 250 250 250 250 250 250 251 251 249 229 189 99 24 5 3 1 1 1 
241 244 245 248 248 249 249 249 249 250 249 249 249 250 249 244 234 205 118 32 9 5 3 3 2 2 1 2 2 2 1 1 1 1 1 1 1 1 1 1 2 2 1 2 2 2 2 2 3 3 2 4 3 3 28 124 225 250 250 250 250 250 250 250 251 251 250 236 186 103 30 5 3 1 1 1 
244 248 247 248 248 249 249 249 249 249 249 249 249 250 249 244 238 209 117 32 8 4 3 3 2 2 1 2 2 2 1 1 1 1 1 1 1 1 1 1 2 2 1 2 2 2 2 2 2 3 3 4 3 3 26 115 220 252 250 250 250 250 250 250 251 251 250 247 201 113 33 5 3 1 1 1 
249 249 249 248 249 249 249 249 249 249 249 249 249 249 248 247 242 219 138 52 9 5 4 3 3 3 2 2 2 2 1 1 1 1 1 1 1 1 1 1 2 2 1 1 1 1 1 1 2 3 3 4 4 4 25 102 207 252 251 251 250 250 251 251 250 250 248 244 213 131 45 5 2 2 2 2 
249 249 248 249 249 249 249 249 249 250 249 249 248 249 249 247 245 228 152 64 14 6 5 3 3 3 2 2 2 2 1 1 1 1 1 1 1 1 1 1 2 2 1 1 1 1 1 1 1 3 3 4 5 4 24 96 202 251 251 251 250 250 251 251 250 250 249 244 220 146 59 7 3 2 2 2 
249 249 248 248 249 249 249 249 249 249 249 249 249 249 249 249 249 236 167 74 19 8 5 4 3 3 2 2 2 2 1 1 1 1 1 1 1 1 1 1 2 2 1 1 1 1 1 1 1 2 1 2 5 5 19 90 199 250 250 250 251 251 250 251 250 250 249 250 227 152 59 7 3 2 1 1 
249 249 249 249 249 249 249 249 249 249 249 249 249 249 249 249 249 241 175 82 23 9 5 4 3 3 2 2 2 2 1 1 1 1 1 1 1 1 1 1 2 2 1 1 1 1 1 1 2 2 1 2 5 8 16 87 197 249 251 250 251 251 250 251 250 250 249 250 233 160 60 8 3 2 2 1 
248 248 249 249 249 249 249 249 249 249 249 249 249 249 249 249 249 242 182 88 26 10 8 5 2 2 2 2 2 2 1 1 1 1 1 1 1 1 1 1 2 2 1 1 1 1 1 1 1 2 2 2 6 8 13 82 194 248 251 250 251 251 250 250 250 250 248 247 198 104 32 6 3 3 1 1 
248 248 249 249 249 249 249 249 249 249 249 249 249 249 248 248 249 245 193 95 30 11 10 5 2 2 2 2 2 2 1 1 1 1 1 1 1 1 1 1 2 2 1 1 1 1 0 0 1 1 1 2 8 10 10 74 186 247 251 250 251 251 250 250 250 249 247 242 202 114 32 5 3 2 2 1 
248 248 249 249 249 249 249 249 249 249 249 249 249 249 249 249 249 247 203 109 35 16 9 6 3 2 2 2 2 2 1 1 1 1 1 1 1 1 1 1 1 1 1 1 1 1 0 0 0 1 1 1 10 12 8 71 181 245 251 250 250 250 250 249 249 247 243 240 209 124 33 3 1 2 1 1 
248 248 249 249 249 249 249 249 249 249 249 249 249 249 249 249 249 249 211 126 40 17 11 6 3 2 2 2 2 2 1 1 1 1 1 1 1 1 1 1 1 1 1 1 1 1 1 0 0 1 2 2 8 10 10 73 180 243 249 249 249 250 250 249 249 247 245 243 217 132 39 4 2 2 1 1 
247 248 249 249 249 249 249 249 249 249 249 249 249 249 248 248 247 247 226 148 65 26 11 5 4 3 2 2 3 3 1 1 1 1 1 1 1 1 1 1 1 1 1 1 1 1 0 0 1 1 2 2 6 9 14 77 181 241 248 249 249 250 250 249 249 249 247 247 221 138 46 5 3 2 1 1 
247 248 249 249 249 249 249 249 249 249 249 248 248 248 249 249 248 243 235 164 85 37 11 7 4 3 2 2 3 3 1 1 1 1 1 1 1 1 1 1 1 1 1 1 1 1 1 0 0 1 2 3 5 8 16 79 182 238 249 249 250 250 250 250 249 249 248 249 223 137 51 10 4 3 2 2 
248 248 249 249 249 249 249 249 249 249 249 248 248 248 249 249 249 248 247 180 92 42 13 8 5 4 3 3 3 3 1 1 1 1 1 1 1 1 1 1 1 1 1 1 1 1 1 0 0 1 1 2 4 6 17 81 184 238 249 250 250 250 250 250 250 250 249 250 223 135 56 12 4 2 2 2 
249 249 248 249 249 249 249 249 249 249 249 249 249 249 249 250 248 247 246 188 103 45 15 9 7 4 4 4 3 3 1 1 1 1 1 1 1 1 1 1 1 1 1 1 1 1 1 0 0 1 1 2 4 6 16 82 185 237 250 251 250 250 250 250 251 250 249 249 223 151 59 12 4 2 2 2 
250 249 248 249 249 249 249 249 249 249 249 249 249 249 249 249 247 250 243 208 132 50 14 8 5 5 4 3 1 1 1 1 1 1 1 1 1 1 1 1 1 1 1 1 1 1 1 0 0 1 1 1 3 6 17 83 185 238 250 251 251 251 250 250 250 249 247 247 223 153 60 9 5 3 3 3 
249 249 248 248 249 249 249 249 249 249 249 249 249 249 249 249 247 247 237 212 141 61 16 9 7 5 4 4 1 1 1 1 1 1 1 1 1 1 1 1 1 1 1 1 1 1 1 0 0 1 1 1 4 6 17 86 188 240 249 250 251 251 250 249 250 250 248 247 223 150 54 9 5 3 3 3 
245 248 248 248 248 249 249 249 249 249 249 249 249 249 249 249 249 247 233 217 148 68 18 11 8 5 5 4 1 1 1 1 1 1 1 1 1 1 1 1 1 1 1 1 1 1 1 0 0 1 1 1 4 6 17 87 192 241 249 249 251 251 250 249 249 249 247 246 220 138 50 9 5 3 3 3 
240 247 249 249 249 249 249 249 249 249 249 249 249 249 249 249 249 245 240 235 180 82 23 12 8 4 4 4 2 1 1 1 1 1 1 1 1 1 1 1 1 1 1 1 1 1 1 1 1 2 3 1 6 10 18 101 212 248 249 250 251 251 250 249 249 249 246 246 216 129 40 8 5 3 3 3 
242 247 249 249 249 249 249 249 249 249 249 249 249 249 249 249 249 247 246 241 192 96 30 12 8 4 3 3 2 2 1 1 1 1 1 1 1 1 1 1 1 1 1 1 1 1 1 1 1 2 3 3 7 10 28 118 224 251 250 250 249 250 250 249 249 248 247 245 207 122 39 9 5 3 3 3 
248 248 249 249 249 249 249 249 249 249 249 249 249 249 249 249 249 248 248 244 200 111 37 14 9 4 4 4 2 2 1 1 1 1 1 1 1 1 1 1 1 1 1 1 1 1 1 1 1 2 3 3 5 11 43 137 228 251 250 250 249 249 249 249 248 248 248 244 200 110 36 10 7 3 3 3 
249 248 249 249 249 249 249 249 249 249 249 249 249 250 249 249 249 249 248 247 212 124 44 16 9 4 3 3 2 2 1 1 1 1 1 1 1 1 1 1 1 1 1 1 1 1 1 1 1 2 2 3 3 11 46 148 238 250 250 250 249 248 248 249 248 248 248 244 192 99 29 9 5 3 3 3 
247 248 249 249 249 249 249 249 249 250 249 249 249 250 249 249 249 249 248 248 219 160 72 22 9 4 3 3 2 2 1 1 1 1 1 1 1 1 1 1 1 1 1 1 1 1 1 1 2 2 2 4 3 14 72 175 242 249 250 250 249 248 248 249 248 248 248 243 188 86 25 9 5 3 3 3 
248 249 249 249 249 249 249 249 249 250 249 249 249 250 249 249 249 248 248 246 227 179 84 26 11 5 4 3 2 1 1 1 1 1 1 1 1 1 1 1 1 1 1 1 1 1 1 0 1 1 1 2 0 6 77 185 244 248 250 249 248 248 248 248 248 248 247 243 199 105 24 8 4 2 2 1 
248 249 249 249 249 249 249 249 249 250 249 249 249 249 249 249 249 248 248 245 237 189 85 29 12 7 3 3 2 2 1 1 1 1 1 1 1 1 1 1 1 1 1 1 1 1 1 1 2 2 1 4 0 18 106 209 248 250 250 249 248 248 248 249 248 248 247 243 195 97 24 8 4 2 2 1 
248 248 249 249 249 249 249 249 249 250 250 250 249 250 250 250 249 248 248 247 240 198 87 31 12 7 4 3 2 2 1 1 1 1 1 1 1 1 1 1 1 1 1 1 1 1 1 1 2 2 1 7 10 38 125 222 252 252 250 249 248 249 248 249 248 248 247 245 194 94 24 8 4 2 3 2 
248 249 249 249 249 249 249 249 249 250 250 250 249 250 250 250 250 249 248 248 244 194 109 32 12 7 4 3 2 2 1 1 1 1 1 1 1 1 1 1 1 1 1 1 1 1 1 1 2 2 2 9 15 50 146 235 252 252 250 250 249 249 248 248 248 248 247 242 192 90 23 8 4 2 3 2 
247 248 248 249 249 249 249 249 249 249 250 250 250 249 249 250 250 249 248 248 247 206 142 49 15 7 4 4 2 2 1 1 1 1 1 1 1 1 1 1 1 1 1 1 1 1 2 2 2 3 5 11 19 73 171 238 250 250 250 249 249 249 248 248 248 248 247 235 179 80 20 6 3 2 3 2 
248 248 249 250 249 249 250 249 249 249 250 250 250 249 249 250 250 249 249 249 247 224 172 68 17 7 4 4 2 2 2 2 1 1 1 1 1 1 1 1 1 1 1 1 2 2 2 3 2 3 8 11 26 103 201 248 249 250 249 249 249 249 248 248 247 249 247 223 160 68 18 6 3 2 3 2 
248 249 249 250 250 250 250 250 249 249 249 249 249 249 249 250 249 249 249 249 247 229 178 75 22 8 6 5 3 3 2 2 2 2 2 1 1 1 1 1 1 1 1 1 2 2 2 3 3 5 8 12 30 115 216 252 250 249 249 249 249 248 248 248 247 248 246 222 146 59 15 4 4 3 2 2 
248 249 249 250 250 250 250 250 249 248 248 248 248 249 249 250 249 249 249 249 247 233 179 89 26 9 8 6 4 3 2 2 2 2 2 2 1 1 1 1 1 1 1 1 2 2 2 3 3 5 9 12 31 119 217 250 250 249 249 249 249 248 248 249 248 248 245 216 132 48 14 4 4 3 2 2 
248 248 249 249 249 249 249 249 249 249 248 248 248 249 249 249 249 249 249 249 247 236 201 122 30 12 7 5 3 3 2 2 2 2 2 2 2 1 1 1 1 1 1 1 1 2 3 3 4 6 9 15 62 154 230 250 248 248 248 248 249 249 249 248 248 247 246 222 142 54 12 4 3 2 1 1 
248 249 249 250 250 250 250 250 249 249 248 248 248 249 249 249 248 248 249 251 250 241 217 149 52 17 5 5 3 2 2 2 2 2 2 2 2 1 1 1 1 1 1 1 2 2 3 3 4 6 10 20 85 186 245 251 249 248 248 248 250 249 249 249 248 247 246 213 127 44 11 4 2 2 1 1 
249 249 248 248 248 248 249 249 249 249 248 248 248 249 249 248 247 248 249 252 252 247 230 162 59 22 5 4 3 2 2 2 2 2 2 2 2 1 1 1 1 1 1 1 2 2 3 3 4 8 10 22 89 195 250 251 249 248 249 249 249 248 249 249 249 247 245 203 104 28 9 5 3 1 1 1 
249 249 247 247 245 247 248 248 248 249 248 248 248 248 248 248 248 248 251 252 252 250 227 155 66 25 4 3 3 2 2 2 2 2 2 2 2 1 1 1 1 1 1 1 2 3 3 3 6 6 10 22 93 196 247 250 249 249 249 249 249 248 249 249 249 245 245 202 100 24 8 5 3 1 1 1 
248 249 245 245 247 247 248 248 248 249 248 249 249 249 248 248 248 248 250 252 252 252 235 171 93 31 5 4 2 2 3 2 2 2 2 2 2 1 1 1 1 1 1 1 2 3 3 4 6 8 8 23 99 202 249 252 250 249 249 248 248 248 250 249 249 245 245 205 104 29 10 4 3 2 1 1 
248 248 247 248 248 248 249 249 249 249 248 249 249 249 249 248 248 248 249 250 250 252 241 195 123 38 7 4 2 2 3 2 2 2 2 2 2 1 1 1 1 1 1 1 2 3 3 3 4 6 8 22 95 195 248 251 250 249 249 248 248 249 250 249 248 247 245 205 103 28 9 4 2 1 1 1 
249 249 249 249 249 249 249 249 249 249 248 249 249 249 249 248 248 249 249 249 247 248 243 221 157 47 11 6 5 4 3 3 3 3 3 3 3 2 2 2 2 2 1 1 1 2 3 3 3 5 9 19 80 180 242 249 249 249 249 249 250 250 251 250 248 247 245 208 104 25 9 5 3 2 1 1 
249 249 249 249 248 248 248 248 248 248 249 249 249 249 249 249 249 249 249 249 247 248 244 224 164 56 12 9 6 4 4 3 3 3 3 3 3 2 2 2 2 2 1 1 2 2 3 3 2 4 10 17 69 168 237 250 248 249 252 249 250 250 251 251 247 245 244 200 99 24 9 5 4 3 1 1 
248 248 248 249 248 248 248 248 248 249 249 249 249 249 249 249 249 249 249 249 248 249 244 227 179 68 14 8 6 4 4 3 3 3 3 3 3 2 2 2 2 2 1 1 1 1 3 2 1 4 9 20 75 187 251 253 248 248 251 251 251 250 251 252 247 243 231 171 71 17 7 5 3 1 1 1 
248 248 248 248 248 248 248 248 248 249 249 249 249 249 249 249 249 249 250 249 248 249 244 212 149 66 17 8 6 3 3 3 3 3 3 3 3 2 2 2 2 2 1 1 1 2 3 2 1 4 9 20 82 182 237 242 245 252 251 251 245 241 244 252 248 233 219 146 58 11 4 5 3 2 1 1 
248 248 248 248 248 248 248 248 248 248 249 249 249 249 249 249 249 249 250 249 248 243 233 189 106 44 16 7 5 3 3 3 3 3 3 3 3 2 1 1 2 2 2 2 1 2 2 1 0 4 8 15 61 160 229 248 253 253 253 252 252 252 253 253 241 198 173 97 39 8 3 4 3 2 1 1 
248 248 248 248 248 248 248 248 248 248 249 249 249 249 249 249 249 249 249 247 245 241 222 169 86 25 17 8 6 5 4 3 3 3 3 3 3 2 1 1 2 2 2 2 2 2 2 2 2 4 8 13 38 101 173 202 208 221 205 216 235 238 230 215 184 127 117 59 23 7 3 4 3 2 1 1 
248 248 248 248 248 248 248 248 248 249 249 249 249 249 249 249 249 249 249 247 244 241 219 155 72 17 17 7 5 4 4 3 3 3 3 3 3 2 2 2 2 2 2 3 3 2 2 5 7 5 4 9 26 57 116 137 133 143 132 137 149 144 143 135 116 92 86 52 16 7 4 4 3 3 1 1 
248 248 249 249 249 249 249 249 249 249 249 249 249 249 249 249 248 248 248 244 242 238 217 152 61 11 17 8 5 5 4 3 3 3 3 3 3 2 2 1 1 2 2 3 4 4 3 7 9 8 2 2 27 57 85 90 93 85 91 83 81 77 82 81 71 74 77 52 17 7 4 4 3 3 1 1 
248 248 249 249 249 249 249 249 249 249 249 249 249 249 249 249 248 248 248 245 243 243 221 157 68 12 16 7 5 4 3 2 2 2 2 2 3 3 2 1 2 3 2 3 6 6 6 8 9 8 5 7 25 36 68 80 76 73 78 73 75 72 77 72 64 62 77 49 17 9 3 4 2 2 2 2 
248 248 249 249 249 249 249 249 249 249 249 249 249 249 249 249 249 248 247 247 244 249 240 174 87 16 11 7 4 3 2 2 1 2 2 2 3 3 3 2 3 3 3 4 8 8 8 9 9 8 9 15 22 42 72 90 86 81 79 79 91 89 88 85 79 81 90 60 23 5 2 3 2 2 2 2 
248 248 249 249 249 249 249 249 249 249 249 249 249 249 249 249 248 248 248 247 245 249 248 198 113 44 11 6 5 4 3 2 2 2 2 2 2 3 2 1 2 4 4 5 8 7 8 8 9 9 7 9 18 39 95 144 156 157 156 157 158 165 158 157 163 166 150 106 53 9 3 3 3 3 2 2 
248 248 249 249 249 249 249 249 249 249 249 249 249 249 249 249 249 248 248 247 247 249 252 213 128 49 11 8 6 5 4 3 3 3 3 3 3 4 3 3 4 5 5 7 9 9 9 9 11 10 9 10 19 58 137 191 208 220 235 229 230 232 234 236 242 245 227 174 91 22 4 5 4 3 2 2 
248 248 249 249 249 249 249 249 249 249 249 249 249 249 249 249 249 249 248 248 248 249 250 219 148 70 24 12 8 8 7 5 5 5 5 5 5 5 5 5 7 8 8 9 10 11 12 12 12 11 12 16 33 83 187 241 253 254 249 248 247 250 250 251 250 253 246 203 116 37 10 8 5 4 3 3 
248 248 248 249 249 249 249 249 249 249 248 248 248 248 249 249 249 249 249 249 248 249 248 236 184 102 39 19 12 11 9 8 7 7 7 7 7 7 7 7 8 8 9 9 10 11 12 13 15 15 15 21 50 122 212 251 253 251 250 250 251 249 247 247 247 247 240 210 132 45 14 9 5 3 3 3 
247 248 248 249 249 249 249 249 249 249 249 249 249 249 249 249 249 249 249 249 249 249 250 243 210 137 56 29 17 11 10 10 8 8 8 8 8 8 9 9 10 10 11 11 12 12 11 12 14 16 19 24 67 164 227 245 251 250 249 250 251 251 249 248 248 248 242 212 130 40 11 9 5 4 3 3 
248 248 248 249 249 249 249 249 249 249 249 249 249 249 249 249 249 249 249 249 249 248 248 245 227 174 78 36 19 10 11 12 10 9 9 10 10 9 10 10 10 10 11 11 11 11 11 12 14 17 26 50 110 193 236 244 247 250 250 250 251 251 250 250 250 249 243 210 125 38 10 9 5 4 3 3 
247 248 249 249 249 249 249 249 249 249 249 249 249 249 248 248 248 248 248 248 248 248 247 245 242 217 123 54 26 16 12 14 11 10 10 10 11 11 10 10 10 11 10 10 10 10 10 12 16 22 48 109 178 217 241 247 248 249 251 251 251 251 251 251 249 248 247 219 137 44 11 9 5 3 2 2 
245 247 248 249 249 249 249 249 249 249 249 249 249 249 248 248 248 248 248 248 247 248 248 248 247 241 171 84 37 23 16 14 11 10 10 10 10 11 10 10 10 10 10 10 10 10 11 14 17 25 68 153 216 230 243 249 249 250 251 250 250 251 251 251 249 248 248 221 128 44 14 9 5 3 2 2 
244 247 247 248 248 248 248 248 248 248 248 248 248 248 248 247 247 248 248 248 248 248 248 248 248 247 213 123 58 36 22 15 13 12 11 10 11 11 11 10 10 11 11 11 11 11 11 14 18 26 91 194 255 251 247 249 249 249 248 249 249 249 248 248 248 248 248 221 134 56 17 8 4 3 2 2 
247 247 248 248 248 248 248 248 248 249 248 248 248 248 248 248 248 248 248 248 248 248 248 248 248 249 242 180 107 65 36 19 15 13 11 10 11 11 11 10 10 10 10 10 11 11 10 12 18 28 102 203 254 252 250 249 249 249 248 248 247 247 247 247 249 248 246 223 153 66 16 8 4 2 2 2 
248 248 248 248 248 248 248 248 248 248 248 248 248 248 248 248 248 248 249 249 249 249 249 249 249 250 246 226 189 129 62 25 14 11 10 10 11 11 10 10 10 10 10 10 11 11 10 12 20 30 94 173 238 247 250 249 249 249 249 247 245 245 247 248 249 247 246 224 142 59 16 7 4 3 2 2 
249 249 249 249 249 249 249 249 249 249 248 248 248 248 248 248 248 248 249 249 249 249 249 249 249 249 249 242 229 169 81 27 14 12 11 11 11 11 11 10 10 10 10 10 11 11 11 14 20 30 88 156 217 233 250 251 249 249 247 247 247 247 247 248 247 245 246 227 151 60 15 8 4 3 2 2 
249 249 249 249 249 249 249 249 249 249 249 249 249 249 249 249 249 249 249 249 249 249 249 249 249 250 248 244 234 179 87 29 14 12 11 11 11 10 10 10 9 9 9 9 10 11 14 12 23 26 65 108 170 203 249 251 249 248 247 248 248 248 247 247 245 245 245 229 168 68 16 8 5 3 2 2 
248 248 249 249 249 249 249 249 249 249 249 249 249 249 249 249 249 249 249 249 249 249 249 249 249 249 248 247 239 182 90 37 18 12 12 11 10 10 10 10 9 9 9 10 11 11 14 18 24 32 46 74 136 189 248 250 248 247 247 247 248 248 247 247 247 244 243 235 171 74 18 7 4 4 2 2 
248 248 249 249 249 249 249 249 249 249 249 249 249 249 249 249 249 249 249 249 249 249 249 249 249 249 248 249 239 175 84 39 21 14 13 12 10 10 9 9 10 10 11 12 14 14 16 26 33 50 44 52 117 187 245 249 248 248 249 249 250 250 249 249 248 244 246 240 181 83 21 6 3 3 2 2 
248 248 249 249 249 249 249 249 249 249 249 249 249 249 249 249 249 249 249 249 249 249 249 249 249 249 248 249 237 163 65 23 17 15 13 12 10 10 9 9 10 10 12 15 16 16 19 25 30 47 45 64 135 191 243 248 249 249 248 249 250 250 249 249 248 243 246 242 183 86 22 6 4 3 2 2 
248 248 249 249 249 249 249 249 249 249 249 249 249 249 249 249 249 249 249 249 249 249 249 249 248 248 247 244 217 132 48 17 16 15 13 11 10 9 9 9 10 10 11 14 16 17 19 23 26 31 44 33 80 174 242 248 248 248 249 249 250 250 250 251 247 242 246 241 180 87 22 6 3 3 2 2 
248 248 248 249 249 249 249 249 249 249 248 249 249 249 249 249 248 248 248 249 249 248 248 248 248 249 248 235 193 113 45 24 17 12 12 10 9 9 8 8 9 9 11 14 16 17 19 22 25 30 58 38 79 177 242 247 248 249 249 249 250 250 251 251 248 245 248 237 180 88 23 6 4 4 3 2 
248 248 248 249 249 249 249 249 249 249 248 249 249 249 249 249 248 248 248 249 249 248 248 248 247 248 247 229 166 90 38 19 14 11 10 9 8 8 8 8 8 9 11 14 17 18 19 21 24 26 50 39 100 191 242 247 248 249 249 249 250 250 251 251 249 249 249 235 174 81 21 10 8 5 5 4 
248 248 247 247 247 247 247 247 247 247 248 249 249 249 248 249 249 249 249 249 249 249 249 249 249 249 246 213 129 61 31 15 8 8 9 6 5 5 6 8 8 9 10 14 16 17 19 22 28 31 39 46 101 192 244 245 248 249 249 250 251 249 250 250 251 250 250 230 158 67 21 14 9 7 5 4 
247 247 247 248 248 248 248 248 248 248 248 249 249 249 248 249 249 249 249 250 250 249 249 249 249 249 241 196 109 44 21 10 7 5 5 5 5 5 5 5 7 8 9 12 17 17 21 25 30 35 42 58 100 191 247 241 243 245 248 248 249 249 250 250 249 249 252 226 135 53 22 15 10 5 5 4 
245 247 248 248 248 248 248 248 248 248 248 248 248 248 248 249 249 249 249 250 250 249 248 249 248 248 221 158 78 29 14 7 4 3 3 4 4 4 4 4 5 7 9 11 16 16 22 29 31 42 39 63 109 202 247 237 242 247 248 248 249 248 250 250 248 247 247 209 115 43 21 14 9 4 4 3 
245 247 248 248 248 248 248 248 248 248 248 248 248 248 248 249 249 249 250 249 249 249 249 249 248 247 203 123 49 17 10 5 4 5 4 5 4 5 5 5 7 8 10 11 15 15 22 29 28 36 36 71 132 223 252 249 249 249 249 248 248 249 251 250 247 247 240 185 89 28 15 10 5 3 2 2 
247 247 245 245 247 247 248 248 248 248 248 248 248 248 248 249 249 249 250 249 249 249 249 249 249 244 196 121 52 18 11 5 5 6 6 6 5 5 5 5 8 9 11 12 15 16 22 29 25 31 41 95 177 243 252 251 250 250 250 249 248 250 251 251 247 245 233 159 64 19 11 6 3 3 1 1 
247 245 245 245 245 247 247 248 248 248 248 248 248 248 248 249 249 249 249 248 248 248 249 250 251 246 192 101 35 18 11 5 4 5 5 5 8 6 5 5 8 10 11 12 14 16 19 26 25 31 63 138 224 242 242 245 248 249 249 249 249 250 251 251 247 247 228 146 58 16 8 5 3 3 3 2 
245 245 245 245 245 247 247 245 245 247 247 248 248 248 248 249 249 249 249 248 248 247 249 251 250 242 170 74 24 18 14 7 7 7 7 7 8 6 7 7 8 10 9 9 10 11 16 22 22 46 85 169 241 245 249 250 249 249 250 249 248 251 251 251 249 250 227 144 60 16 5 5 3 3 3 3 
245 245 245 245 245 245 245 244 243 245 247 248 248 248 249 249 248 248 248 248 248 247 249 249 245 227 142 47 24 16 12 8 5 5 5 5 6 6 5 7 7 8 7 7 7 8 11 9 13 60 115 180 240 243 245 250 249 249 248 245 243 247 249 249 247 247 220 132 44 7 4 4 3 2 1 2 
243 244 245 247 248 248 247 245 245 245 247 247 248 248 249 249 248 248 247 247 247 247 248 247 241 209 109 39 28 18 10 7 5 5 5 5 6 6 7 7 7 7 5 5 5 9 10 12 27 81 146 205 242 241 241 249 249 249 245 243 238 238 238 238 237 236 207 121 37 7 4 4 3 2 1 1 
243 244 245 247 248 249 249 248 248 248 247 247 248 248 249 249 247 245 245 245 245 247 248 242 235 185 84 37 30 18 9 9 5 5 5 5 5 7 7 7 7 5 5 5 7 11 16 23 44 106 164 237 243 242 245 249 248 247 245 243 241 238 241 242 243 234 200 116 35 9 5 4 3 2 2 2 
247 247 247 247 248 249 249 249 249 249 248 248 248 248 249 248 245 244 243 243 244 245 247 241 215 152 65 29 22 15 11 9 5 5 4 4 5 7 5 7 7 8 7 9 11 16 21 28 53 125 203 243 245 244 247 249 248 248 248 247 245 247 248 248 248 236 201 116 36 15 9 5 5 5 4 4 
247 247 247 247 248 249 249 249 248 248 248 248 248 248 249 249 247 245 245 245 245 245 245 242 187 118 51 23 16 12 9 7 6 5 3 4 4 5 5 8 9 10 10 12 17 24 28 33 75 150 233 248 248 250 249 249 249 248 248 248 248 248 247 247 247 235 196 106 32 15 11 8 9 10 8 7 
248 248 248 248 249 249 249 249 248 248 248 248 248 248 249 250 248 247 247 247 248 244 248 234 165 94 40 21 15 9 8 7 6 5 3 3 4 5 5 8 10 11 14 16 21 25 31 39 87 174 249 251 250 251 250 249 249 248 248 249 249 249 248 245 245 227 169 86 31 16 11 11 12 12 10 9 
248 247 248 248 248 248 248 248 248 248 249 249 249 249 248 249 249 247 248 248 247 245 243 205 138 68 35 19 14 9 8 7 4 3 3 4 4 4 7 9 13 16 16 18 21 25 22 35 89 193 253 251 250 251 251 250 249 247 248 249 249 249 248 245 244 229 165 81 32 16 12 11 10 10 10 9 
248 248 248 248 248 248 248 248 248 248 249 249 249 249 249 249 249 248 248 248 247 247 237 180 108 51 26 19 14 10 8 7 4 4 3 5 5 5 8 10 15 17 16 18 21 24 24 38 86 170 236 250 248 249 249 249 248 247 248 249 249 249 247 247 243 230 170 84 29 15 14 12 11 10 9 9 
248 248 248 248 248 248 248 248 248 248 249 249 249 250 249 249 249 249 249 248 246 248 221 150 80 37 25 18 15 12 9 8 4 4 3 7 7 5 9 11 16 18 18 19 21 24 36 57 103 166 222 250 247 245 248 248 248 247 248 249 249 248 247 246 242 214 148 73 26 15 15 12 11 10 9 9 
248 248 248 248 248 248 248 248 248 248 249 249 249 250 249 249 249 250 249 247 245 244 202 114 57 30 26 18 15 12 9 8 4 3 4 8 9 8 8 11 16 18 18 23 24 31 56 89 144 188 223 249 244 243 247 245 247 248 248 249 249 248 247 246 241 217 146 67 26 16 15 12 10 9 8 8 
249 249 248 248 248 248 248 248 248 248 249 249 249 249 249 249 249 250 249 245 243 229 177 82 40 25 24 17 14 10 8 5 4 3 4 8 8 7 9 11 16 19 19 23 29 39 75 135 195 215 228 250 244 243 247 248 248 248 248 247 247 248 247 242 238 213 138 60 25 17 16 12 9 8 8 7 
249 249 248 248 248 248 248 248 248 248 249 249 249 249 249 249 249 250 248 243 236 206 128 53 30 24 19 17 14 10 8 5 4 3 4 5 7 8 9 12 16 18 19 25 39 50 107 189 238 241 241 252 249 248 249 249 249 249 249 248 248 249 247 244 242 203 124 52 20 16 15 12 9 8 7 7 
249 249 248 248 248 248 248 248 248 248 249 249 249 249 249 249 249 249 248 241 216 158 81 35 26 22 18 16 12 10 8 5 5 4 4 5 7 9 11 14 16 18 19 29 44 61 136 219 247 247 249 251 247 248 249 250 250 250 249 248 249 249 247 247 244 195 111 43 18 14 13 12 9 8 7 8 
249 249 248 248 248 248 248 248 248 249 249 248 247 247 247 249 249 250 245 237 192 115 61 28 25 21 18 15 11 9 7 5 5 4 4 5 7 9 11 12 17 21 21 29 35 68 151 240 253 245 249 250 247 248 250 250 250 250 249 249 250 250 249 248 240 184 101 36 16 12 13 12 10 9 8 9 
249 249 248 248 248 248 248 248 248 249 249 247 245 244 245 247 249 249 248 224 162 86 45 28 25 19 17 15 12 10 7 5 7 5 5 5 7 8 11 15 18 19 21 29 39 71 155 236 248 244 249 249 247 249 249 249 249 250 250 250 249 249 249 248 213 141 58 24 17 10 11 11 9 8 8 8 
248 248 248 248 248 248 248 248 248 249 248 247 245 245 247 247 247 248 248 213 132 71 36 26 21 17 15 12 11 10 7 5 4 4 4 7 8 10 12 15 18 22 23 28 42 84 186 251 253 247 249 249 248 249 250 250 250 250 249 250 249 249 249 244 207 135 56 26 19 10 12 12 10 9 8 8 
247 247 248 248 248 248 248 248 248 249 248 248 248 248 249 251 245 250 231 173 96 54 30 24 20 17 15 12 10 9 7 5 5 5 7 8 9 11 12 15 19 23 25 30 49 111 195 252 250 248 249 248 249 249 249 249 249 249 249 250 250 250 248 244 210 146 86 45 29 18 14 14 13 11 9 8 
247 247 248 248 248 248 248 248 248 248 249 249 249 250 251 251 245 248 208 127 61 35 25 19 19 16 14 12 10 8 7 7 5 7 7 8 9 11 14 18 23 23 25 32 52 122 209 248 248 248 248 248 249 249 249 249 249 249 250 250 250 250 248 244 224 191 144 86 44 21 15 14 13 11 9 8 
248 248 248 248 248 248 248 248 248 248 249 249 250 251 251 250 242 236 182 99 53 30 23 18 17 14 12 11 10 8 7 7 5 5 5 7 10 12 15 18 22 24 26 35 67 149 219 247 249 247 248 248 249 249 250 250 250 250 248 249 250 250 248 244 242 235 198 132 66 30 15 14 14 11 10 9 
248 248 248 248 248 248 248 248 248 249 249 249 250 251 251 245 237 213 136 65 35 26 21 17 15 14 11 10 8 8 7 7 7 7 5 7 10 11 15 17 22 23 32 37 78 162 230 250 247 249 249 248 249 249 250 250 250 250 248 249 250 250 248 246 242 237 233 172 81 35 17 15 14 10 10 9 
249 248 248 248 247 247 247 247 247 248 249 249 250 251 250 243 224 175 95 44 24 24 19 16 12 11 10 9 8 7 7 7 5 7 8 8 10 12 13 17 19 23 38 47 85 169 238 250 249 250 250 249 249 249 250 249 248 249 249 250 249 249 248 247 244 247 243 175 80 33 21 18 14 9 10 10 
249 249 248 248 247 247 247 245 245 247 249 249 250 250 250 242 203 123 66 35 25 22 18 15 11 10 9 9 8 7 7 7 5 5 5 7 10 12 15 18 21 24 31 51 96 173 240 251 249 250 251 250 249 249 250 250 249 248 250 250 249 249 248 247 248 252 230 156 73 35 24 22 14 9 10 10 
250 248 242 233 223 226 230 235 240 245 249 249 250 251 248 240 227 140 63 25 25 22 17 13 11 10 9 8 7 5 5 5 5 5 7 8 11 12 16 19 23 24 26 42 91 178 241 250 250 250 250 249 249 249 249 249 250 250 250 249 248 248 248 247 251 250 205 129 68 31 25 22 15 9 7 5 
244 243 231 223 220 224 230 234 238 245 248 249 251 251 245 233 197 119 52 23 22 19 16 13 11 11 9 8 5 4 5 7 5 5 7 8 11 13 16 19 24 24 26 39 90 186 244 250 250 250 249 249 249 249 249 249 250 251 250 250 248 249 247 247 252 243 167 88 52 25 23 21 12 10 8 8 
243 245 237 237 242 243 243 244 245 248 248 249 250 250 242 214 148 92 44 19 18 17 14 12 12 11 10 8 3 2 5 7 7 7 8 10 12 15 17 20 22 24 26 39 93 189 247 250 250 250 249 249 249 249 250 250 251 251 250 250 248 250 247 249 248 220 124 57 39 22 19 17 12 10 9 8 
247 250 248 248 251 250 249 248 249 249 249 249 249 250 241 195 111 61 31 21 17 15 11 12 12 11 10 7 4 4 7 8 7 7 8 10 13 16 17 20 21 23 26 39 93 188 243 249 249 250 249 249 249 249 249 250 251 251 251 250 248 250 247 246 237 184 93 43 31 19 13 11 11 11 9 9 
251 250 249 247 248 248 250 250 250 249 250 249 249 250 235 184 109 40 18 21 16 12 12 12 11 11 11 10 9 9 11 12 9 9 9 12 16 18 18 23 19 22 28 37 90 181 238 250 250 250 249 249 249 249 250 250 251 251 250 249 245 250 248 241 223 157 71 37 30 16 10 9 9 10 9 8 
251 249 247 245 245 245 248 249 249 249 250 250 250 249 228 167 92 35 19 18 15 12 12 12 11 11 12 12 13 13 16 16 10 10 10 13 17 19 20 23 22 23 30 43 100 192 243 249 249 250 249 249 249 249 250 250 251 251 251 250 245 250 248 238 213 139 61 36 27 16 10 8 8 9 9 7 
248 248 248 248 248 248 248 249 249 250 249 250 251 250 230 160 86 35 21 17 16 13 14 12 13 13 14 14 16 17 18 17 12 11 12 15 16 19 22 24 24 26 35 58 104 185 243 248 248 249 249 249 250 250 250 250 251 251 251 251 247 249 247 233 201 123 57 35 21 16 12 10 9 9 8 7 
248 248 249 249 249 249 249 248 249 249 249 250 251 250 231 159 84 35 21 18 18 16 15 15 16 16 15 16 18 19 21 18 16 14 15 16 16 21 23 25 28 29 37 51 111 199 245 247 247 248 248 249 249 250 250 250 251 251 251 251 247 250 244 224 184 99 43 25 18 17 15 12 9 8 5 5 
248 248 249 249 249 249 249 249 249 249 249 249 251 250 231 169 87 37 24 22 19 17 15 15 15 16 18 18 18 19 23 20 18 16 16 16 18 23 25 26 30 30 22 60 152 222 242 243 245 247 248 248 250 250 250 250 251 251 251 251 247 249 246 227 181 96 32 18 18 17 17 15 9 7 5 5 
248 248 249 249 249 249 249 249 249 249 249 249 250 248 237 181 85 39 26 24 21 18 17 16 16 16 18 19 21 21 23 22 19 17 17 17 19 23 28 31 31 31 35 74 163 230 242 243 247 248 248 249 250 251 251 251 251 251 251 250 244 248 249 240 192 110 35 19 19 16 15 12 8 7 5 5 
248 248 249 249 249 249 249 249 249 249 248 248 248 247 241 187 84 42 28 25 23 21 20 19 19 19 19 21 22 22 22 22 20 18 17 18 19 23 29 33 35 32 47 88 166 241 251 251 250 249 250 250 251 251 251 251 251 251 243 235 230 236 249 246 208 120 44 23 21 16 12 9 8 7 6 6 
248 248 249 249 249 249 249 249 249 249 248 247 248 247 242 209 118 39 29 26 25 24 23 20 20 20 21 22 23 22 22 22 20 18 17 18 19 23 29 35 35 35 51 101 188 250 252 252 251 251 250 251 251 250 251 251 248 236 221 203 203 219 242 245 207 117 45 25 21 15 11 9 8 7 6 6 
248 248 249 249 249 249 249 249 249 249 249 249 248 247 243 235 162 45 28 25 27 26 24 22 20 22 22 23 24 23 22 22 21 19 18 19 21 24 30 33 42 47 79 149 216 252 252 252 252 252 251 251 251 251 247 241 231 204 194 185 194 219 242 243 201 110 45 27 21 15 12 10 8 7 6 6 
249 249 250 250 250 250 249 249 249 249 249 249 250 248 243 241 181 67 28 24 27 26 26 24 23 23 22 23 24 23 23 22 21 19 19 21 22 26 30 34 45 56 98 186 241 249 252 252 251 251 250 250 250 251 245 233 217 200 198 198 212 234 248 243 199 110 50 30 21 15 13 13 9 8 6 6 
249 249 250 250 250 250 249 248 248 249 249 250 250 248 243 236 189 90 40 23 29 29 29 25 23 22 23 23 24 23 22 21 19 18 18 21 25 30 36 38 45 67 132 209 245 249 251 252 251 251 250 250 250 251 248 241 231 227 226 227 234 245 249 243 200 114 51 29 21 15 15 13 9 8 7 7 
248 248 248 248 249 249 249 248 248 248 249 250 252 248 243 229 212 117 52 25 32 32 31 27 22 21 23 23 24 22 19 18 18 18 18 21 27 36 44 46 54 100 174 230 250 248 250 250 250 251 250 251 251 251 251 250 247 247 246 246 245 248 249 243 200 114 51 29 22 16 16 13 9 8 7 7 
249 249 248 249 249 249 248 249 249 249 250 251 252 249 244 240 224 151 72 32 32 33 31 26 24 20 22 22 23 19 18 18 18 18 18 23 32 43 49 43 57 113 173 240 250 249 250 250 250 250 250 250 251 251 251 251 251 251 250 250 251 251 250 243 199 112 49 28 22 16 15 12 10 8 7 7 
251 251 249 249 249 249 249 249 249 250 251 252 249 249 246 247 230 156 89 46 33 36 32 28 25 22 23 22 22 19 19 19 21 21 22 26 38 46 52 58 101 162 210 244 250 249 250 249 249 250 250 250 250 250 250 250 250 250 249 250 251 251 250 245 196 109 49 28 23 18 16 14 11 9 8 9 
249 250 250 250 249 249 249 249 247 247 245 245 248 249 248 248 234 184 129 77 45 39 33 30 26 23 23 22 22 21 21 22 24 24 28 35 46 53 58 88 150 212 237 248 250 250 250 249 249 249 250 250 250 250 250 250 250 250 250 251 251 251 250 247 193 104 47 29 25 22 17 15 12 10 8 9 
241 241 242 238 234 235 243 248 247 247 245 242 249 249 248 248 243 227 173 108 61 44 38 33 29 26 24 24 24 24 24 25 29 30 35 44 54 56 68 129 191 228 243 248 249 250 250 249 249 249 250 250 250 250 250 250 250 250 250 250 250 249 249 244 186 92 45 30 26 23 18 17 14 10 9 9 
233 229 230 227 220 222 236 244 247 250 252 252 251 250 247 247 247 242 208 148 86 52 45 40 35 30 30 29 27 27 28 31 36 38 44 54 60 73 120 188 224 235 249 249 251 249 250 250 250 250 249 250 250 249 250 250 251 251 251 251 251 248 247 234 175 84 44 30 28 22 21 19 17 13 11 11 
236 234 236 236 230 231 242 247 248 250 250 251 251 250 248 247 246 244 228 181 134 84 50 37 39 32 31 32 32 33 35 36 37 39 50 61 77 116 177 221 235 243 249 248 250 250 250 250 250 250 250 250 250 250 251 251 251 251 251 251 251 251 249 236 177 92 45 30 28 22 22 19 18 16 14 12 
244 247 247 248 247 247 249 248 249 250 250 250 251 250 249 248 247 246 243 210 185 123 67 36 38 38 37 38 39 39 40 44 50 43 51 80 132 180 219 239 243 245 248 248 250 249 250 250 250 250 250 250 250 250 251 251 251 251 251 251 251 250 252 243 189 101 44 29 30 22 22 19 18 17 17 16 
249 250 249 249 249 249 249 248 249 250 250 250 251 250 249 248 248 248 249 237 222 175 134 88 64 37 33 39 40 42 45 51 66 71 101 158 215 230 242 250 248 246 248 248 249 249 250 250 251 251 250 250 250 250 251 251 251 251 251 251 251 250 252 245 186 88 36 28 30 23 21 21 20 19 19 20 
250 250 249 249 249 249 249 250 250 250 251 251 250 249 248 249 248 249 251 250 244 235 207 173 134 64 61 68 68 71 77 79 101 139 174 208 239 244 246 247 249 249 248 249 250 249 249 251 250 250 250 250 249 250 250 250 250 251 251 250 249 250 252 230 163 75 28 25 28 23 24 24 23 23 23 25 
249 249 248 249 249 249 250 250 250 250 249 249 249 249 249 249 248 249 248 250 250 249 242 236 196 142 151 156 156 158 166 171 187 224 236 233 245 246 245 246 248 249 249 250 251 251 251 251 250 250 250 250 250 250 250 250 251 251 251 251 250 249 247 207 127 58 29 28 28 25 26 26 25 25 25 28 
249 249 250 249 250 250 250 249 249 249 248 248 248 249 249 249 249 248 248 248 248 248 248 249 240 226 231 231 233 234 235 236 241 247 249 249 250 249 248 247 248 249 250 250 251 251 251 251 250 250 250 250 250 250 250 250 251 251 251 251 249 248 242 191 104 45 34 31 28 25 27 30 30 30 29 29 
249 249 250 250 249 249 249 250 249 249 249 248 248 249 249 249 248 247 247 245 245 246 244 244 245 246 247 246 245 245 244 244 245 245 247 248 250 249 248 247 248 248 250 250 251 252 251 251 251 251 251 250 250 250 250 250 251 251 251 250 249 248 240 181 96 43 36 31 28 26 27 30 30 30 29 29 
249 250 250 250 250 249 249 250 250 250 249 249 249 249 249 249 248 247 245 244 243 242 242 242 241 241 241 241 242 242 242 242 243 243 244 244 244 243 242 243 244 245 245 248 250 250 248 247 247 247 248 248 249 248 250 250 249 249 250 250 249 245 230 172 93 43 31 29 28 26 26 26 26 26 25 25 
249 250 249 249 250 249 249 250 250 250 249 249 249 249 249 249 247 245 244 243 242 243 243 243 243 243 242 242 242 242 243 243 242 241 241 240 240 238 237 237 237 238 236 233 228 220 214 213 216 222 233 241 244 243 247 249 248 247 245 243 242 239 213 153 78 33 29 28 25 23 24 23 20 20 19 18 
249 248 249 249 250 249 249 250 250 250 248 248 248 249 249 249 245 243 242 242 242 243 243 243 243 243 242 243 243 243 243 243 240 238 235 233 229 228 228 228 229 229 214 199 188 175 165 167 175 180 221 235 237 237 240 240 234 227 224 222 219 219 180 121 63 25 25 26 22 19 19 18 15 16 15 12 
248 249 250 251 250 249 249 248 248 248 248 247 248 249 249 248 245 243 242 243 243 244 245 245 244 243 242 243 243 243 243 242 238 236 227 223 221 220 219 219 219 219 185 162 157 153 149 145 150 156 193 206 212 213 210 207 201 194 191 191 192 182 131 80 52 23 25 26 21 17 15 13 11 10 8 7 
248 249 248 248 248 245 246 245 243 243 244 244 244 245 245 241 236 233 233 234 234 227 221 219 216 214 196 196 203 199 191 185 181 179 179 179 179 177 172 162 151 145 145 143 140 142 139 138 139 143 149 151 152 151 155 159 159 158 156 153 150 144 106 54 38 25 25 24 17 14 10 9 8 6 5 5 
242 240 238 238 237 237 239 239 236 237 237 236 235 233 229 226 217 209 206 205 199 195 192 184 179 170 165 163 165 160 148 138 131 128 127 124 121 120 122 121 121 120 121 123 125 128 128 127 128 129 129 129 129 129 132 135 135 136 135 132 130 129 109 64 40 26 22 16 14 11 9 8 6 6 4 4 
229 224 227 225 224 227 233 233 231 231 229 224 219 213 209 205 200 185 153 146 141 136 131 125 113 93 113 113 117 125 114 96 93 89 88 89 82 84 92 103 123 127 142 148 152 155 158 163 166 169 171 172 175 177 175 172 173 173 174 173 160 156 150 116 67 37 19 10 10 8 6 5 3 3 1 1 
226 221 224 224 227 229 235 237 235 233 224 217 212 209 207 206 206 186 145 136 134 125 121 113 96 75 95 88 87 100 92 79 77 73 74 78 79 84 96 107 129 144 174 184 191 196 205 212 214 216 217 221 226 222 226 223 226 228 228 227 215 209 196 156 93 49 23 9 9 5 4 5 3 3 2 2 
238 235 239 239 240 242 242 244 242 241 236 228 224 227 230 234 237 223 211 206 206 196 172 161 137 118 114 86 70 64 66 65 61 58 54 60 71 80 92 101 115 123 167 187 209 224 229 234 236 236 240 247 247 244 247 247 247 247 245 243 243 245 235 188 121 66 30 14 13 6 5 5 5 5 4 4 
248 249 248 247 246 246 246 246 245 244 243 243 243 243 245 246 246 243 242 240 240 236 230 222 209 188 164 113 72 53 52 50 45 40 37 40 44 47 53 58 70 77 120 135 164 181 184 194 207 215 228 247 252 251 248 247 247 247 245 243 242 244 238 207 149 92 47 24 24 16 10 9 9 8 6 6 
248 250 248 250 250 249 249 249 247 246 247 248 249 251 251 251 246 241 243 248 248 249 248 245 234 234 198 128 82 57 50 45 36 30 32 36 36 30 26 28 36 39 58 68 84 99 102 114 146 172 200 236 247 247 247 245 247 247 247 245 244 245 243 224 171 124 78 38 29 19 19 19 17 16 15 14 
248 249 249 250 250 250 249 249 248 247 249 251 251 251 248 247 240 240 243 246 244 242 241 238 216 199 153 101 72 50 46 41 32 27 31 34 35 31 28 28 31 34 31 35 38 46 54 58 84 122 177 224 238 245 248 248 247 245 247 247 247 245 246 237 206 165 114 66 42 28 27 27 26 25 23 19 
247 247 248 249 250 250 248 248 248 248 249 251 251 248 245 243 237 234 228 217 196 177 160 148 131 117 93 63 46 43 41 38 29 26 30 32 32 29 28 28 29 31 31 31 33 33 38 47 72 96 126 194 242 244 250 250 248 247 247 247 247 247 248 250 229 187 135 89 53 37 29 27 26 25 25 24 
244 245 247 248 250 250 248 248 248 247 249 251 251 246 241 235 222 220 210 185 151 120 93 79 72 61 52 44 42 38 37 33 28 25 29 30 29 28 26 26 26 28 28 28 28 26 32 37 50 67 114 185 226 243 250 250 245 245 243 244 247 248 250 248 222 172 111 69 46 39 32 30 29 28 28 28 
240 245 247 249 250 250 249 248 248 248 249 252 252 243 221 191 162 148 128 88 71 59 46 43 40 39 38 36 33 32 31 26 26 25 26 25 25 25 25 25 24 24 24 24 24 24 28 25 30 54 95 152 191 228 250 244 242 241 238 240 247 248 244 231 199 145 92 54 41 37 33 32 30 29 29 28 
240 245 249 249 250 250 249 248 248 250 251 252 237 212 170 124 99 85 70 54 54 51 44 43 40 39 38 35 31 29 29 26 26 25 26 25 25 25 25 25 24 23 23 23 23 24 25 26 32 30 46 87 124 181 213 220 229 230 222 228 238 230 214 188 151 107 64 42 36 32 31 31 30 30 29 29 
247 247 250 249 251 251 249 245 247 250 250 247 228 194 138 97 67 60 52 45 46 43 38 38 37 37 35 32 30 28 28 26 26 25 26 26 26 26 26 26 25 24 23 23 22 22 23 25 29 24 30 51 78 119 132 155 180 194 182 198 206 196 175 132 92 65 42 38 36 33 32 32 31 30 28 28 
249 250 251 250 250 250 250 244 243 249 241 229 206 170 114 75 51 52 51 47 46 41 37 35 33 33 32 30 28 28 28 26 26 28 28 28 28 28 28 28 25 25 23 23 23 23 23 24 27 29 31 40 53 67 70 92 114 134 139 155 158 145 130 93 56 42 37 35 35 33 32 31 30 29 29 29 
241 242 243 243 242 242 247 233 226 219 219 195 168 135 80 59 45 43 43 44 42 39 36 35 33 32 32 31 30 30 30 30 30 30 30 30 30 30 30 29 27 27 26 26 26 26 25 26 28 29 31 37 43 47 52 59 67 82 106 120 118 106 99 71 46 38 35 33 32 32 31 30 31 31 29 29 
200 202 206 209 209 208 196 187 175 157 175 150 121 97 57 52 43 40 39 39 38 38 36 35 32 31 31 31 32 31 31 31 31 30 31 31 31 30 30 30 29 30 29 29 27 27 29 28 29 30 30 33 37 39 42 45 40 47 73 88 86 82 73 51 39 34 32 32 31 31 31 31 30 31 31 29 
124 132 136 137 128 123 110 106 97 95 97 73 61 53 50 46 41 39 37 37 37 37 36 35 33 32 31 32 32 32 32 31 31 30 30 30 30 30 30 29 29 29 29 29 29 29 30 31 30 30 31 32 35 33 33 31 32 32 73 88 86 77 67 51 35 32 31 31 30 31 31 31 31 31 32 31 
