0 0 0 0 0 0 2 1 0 0 0 1 1 1 1 1 1 1 3 3 2 1 2 3 3 1 1 1 1 1 1 1 1 1 1 1 1 1 1 1 1 1 1 1 1 1 1 1 1 1 1 4 10 15 16 18 24 25 22 26 30 32 39 47 51 53 56 58 59 56 54 55 55 47 38 31 19 6 2 3 1 0 0 1 1 1 1 1 0 1 1 1 1 1 1 1 1 2 2 2 2 4 15 31 24 10 8 8 9 9 11 12 11 11 12 12 11 14 16 18 18 18 20 23 22 23 22 25 36 73 85 44 13 20 29 28 24 21 18 19 21 21 18 18 20 23 23 23 25 25 25 24 24 30 30 35 37 26 11 5 5 5 5 5 5 5 5 5 5 5 5 7 7 7 7 8 7 7 7 7 5 7 7 
0 0 0 0 0 0 1 0 1 1 1 1 1 1 1 1 1 1 2 2 2 1 1 2 1 1 1 1 1 1 1 1 1 1 1 1 1 1 1 1 1 1 1 1 1 1 1 2 2 1 1 5 23 44 50 61 68 73 74 72 80 87 90 93 94 96 99 100 100 97 89 71 57 51 53 51 38 11 1 2 1 0 1 1 1 1 1 1 0 1 1 1 1 1 1 1 1 2 2 2 2 4 15 30 28 14 10 8 9 10 11 12 11 11 12 12 12 15 16 18 18 18 20 23 23 23 24 25 34 72 85 42 12 22 30 29 24 21 18 19 19 19 19 19 23 25 26 24 25 25 25 25 25 31 31 36 38 26 11 5 7 7 5 5 5 5 5 5 5 5 5 7 7 7 7 8 7 7 7 7 5 7 7 
0 0 0 0 0 0 1 1 1 1 1 1 1 1 1 1 1 1 1 1 1 1 1 1 1 1 1 1 1 1 1 1 1 1 1 1 1 1 1 1 1 1 1 1 1 1 1 2 2 1 0 10 58 115 128 147 149 156 159 155 162 173 175 178 179 179 176 174 172 171 158 122 82 77 94 95 67 19 1 1 0 0 1 1 1 1 1 1 0 1 1 1 1 1 1 1 1 2 2 2 2 4 12 28 30 17 10 8 9 10 11 11 11 11 13 13 14 15 16 18 18 18 20 23 23 23 25 25 33 72 84 39 12 22 29 26 22 18 17 19 19 19 19 19 23 25 26 25 25 25 24 24 26 31 33 38 39 26 10 5 7 7 5 5 5 5 5 5 5 5 7 7 7 7 7 8 7 7 7 7 5 7 7 
0 0 0 0 0 0 1 1 1 1 1 1 1 1 1 1 1 1 1 1 1 1 1 1 1 1 1 1 1 1 1 1 1 1 1 1 1 1 1 1 1 1 1 1 1 1 1 2 2 2 0 22 103 177 206 213 213 214 214 213 217 217 214 217 221 214 207 202 196 194 187 169 156 155 175 171 117 46 7 2 0 0 1 1 1 1 1 1 0 1 1 1 1 1 1 1 1 2 2 2 2 4 12 26 31 19 11 8 10 10 11 11 11 12 13 13 14 15 16 18 18 19 22 24 23 24 25 25 33 72 84 39 12 23 28 24 21 19 17 19 19 19 19 19 22 24 24 24 25 25 24 24 26 32 33 39 40 26 10 4 5 5 4 5 5 5 5 5 5 5 7 7 7 7 7 8 7 7 7 7 7 7 8 
1 1 1 1 1 1 1 1 1 1 1 1 1 1 1 1 1 1 1 2 1 1 1 1 1 1 1 1 1 1 1 1 1 1 1 1 1 1 1 1 1 1 1 1 1 1 1 2 2 2 0 29 111 198 226 221 219 216 213 208 202 202 203 205 203 195 192 195 188 184 186 213 229 229 245 224 129 24 0 0 0 0 0 0 1 1 1 1 1 1 1 1 1 1 1 1 1 1 1 2 2 2 10 17 32 21 11 8 10 11 11 11 11 11 15 15 15 16 16 17 18 19 21 22 23 24 25 24 32 72 81 37 12 24 26 23 21 18 17 18 18 18 19 18 21 21 23 23 23 24 24 24 26 31 33 38 39 26 10 4 4 4 4 4 4 4 4 5 5 5 5 5 5 5 5 7 7 7 7 5 5 7 7 
1 1 1 1 1 1 1 1 1 1 1 1 1 1 1 1 1 1 1 1 1 1 1 1 1 1 1 1 1 1 1 1 1 1 1 1 1 1 1 1 1 1 1 1 1 1 1 2 2 2 1 39 120 203 221 210 207 207 209 200 187 185 187 189 189 188 187 188 182 179 190 241 242 242 242 201 103 14 1 2 0 0 0 0 1 1 1 1 1 1 1 1 1 1 1 1 1 1 1 2 2 1 9 21 35 21 9 7 10 11 11 11 10 11 15 15 15 16 16 17 18 19 21 22 23 24 25 23 33 71 78 36 13 22 23 21 19 18 17 17 18 18 19 18 19 21 22 22 23 23 24 24 26 30 32 38 39 25 9 3 4 4 4 4 4 4 4 5 5 5 5 5 5 5 5 7 5 5 5 5 5 5 7 
1 1 1 1 1 1 1 1 1 1 1 1 1 1 1 1 1 1 1 1 1 1 1 1 1 1 1 1 1 1 1 1 1 1 1 1 1 1 1 1 1 1 1 1 1 1 1 2 2 3 1 46 118 187 188 181 178 179 178 168 159 153 148 145 143 149 162 175 179 180 203 244 242 244 236 173 75 16 2 2 2 1 0 0 1 1 1 1 1 1 1 1 1 1 1 1 1 1 1 2 2 1 8 21 36 22 8 5 10 11 11 11 10 11 15 16 16 16 16 17 18 21 22 22 23 24 25 23 33 71 76 36 13 19 21 18 19 17 17 18 17 18 18 18 19 19 21 21 22 23 24 25 26 30 32 38 38 24 9 4 4 4 4 4 4 4 4 5 5 5 5 5 5 5 5 5 5 5 5 5 5 5 7 
1 1 1 1 1 1 1 1 1 1 1 1 1 1 1 1 1 1 1 1 1 1 1 1 1 1 1 1 1 1 1 1 1 1 1 1 1 1 1 1 1 1 1 1 1 1 1 2 2 3 3 35 85 137 129 117 106 102 101 88 75 75 67 75 71 99 135 175 191 199 216 235 240 247 239 167 61 12 3 2 1 1 0 0 1 1 1 1 1 1 1 1 1 1 1 1 1 1 1 2 2 2 7 18 36 24 7 4 11 11 11 11 10 11 15 16 16 16 16 17 18 21 22 22 22 24 25 23 32 69 76 36 12 18 21 19 18 17 18 18 17 17 17 17 18 18 18 21 22 24 24 25 26 28 30 38 38 23 8 4 4 4 4 4 4 4 4 5 5 5 5 5 5 5 5 5 5 5 5 5 5 5 5 
1 1 1 1 1 1 1 1 1 1 1 1 1 1 1 1 1 1 1 1 1 1 1 1 1 1 1 1 1 1 1 1 1 1 1 1 1 1 1 1 1 1 1 1 1 1 1 2 2 3 4 10 34 76 61 43 38 33 26 14 12 18 24 30 44 85 144 202 216 223 227 234 238 242 243 195 91 17 3 3 2 2 1 0 1 1 1 1 1 1 1 1 1 1 1 1 1 1 1 2 3 3 5 15 35 25 9 7 10 11 11 11 10 11 15 16 16 16 16 17 18 21 22 22 22 23 24 23 31 68 78 37 12 18 21 19 18 18 18 18 17 17 17 17 17 18 18 19 22 23 24 26 29 29 32 39 37 23 8 4 4 4 4 4 4 4 4 5 5 5 5 5 5 5 5 5 5 5 5 5 5 7 5 
1 1 1 1 1 1 1 1 1 1 1 1 1 1 1 1 1 1 1 1 1 1 1 1 1 1 1 1 1 1 1 1 1 1 1 1 1 1 1 1 1 1 1 1 1 1 1 2 2 3 4 9 17 24 15 8 5 8 11 10 11 19 31 33 39 80 151 216 229 230 235 241 245 244 245 222 140 46 7 4 4 3 1 0 1 1 1 1 1 1 1 1 1 1 1 1 1 1 1 2 3 3 3 10 32 29 12 7 11 11 11 11 10 11 15 16 16 16 16 17 18 21 22 22 23 23 25 24 32 70 79 39 13 18 19 18 18 18 19 18 17 16 16 17 17 18 18 19 21 22 23 25 29 29 35 42 38 23 8 4 4 4 4 4 4 4 4 5 5 5 5 5 5 5 5 7 7 7 7 7 7 7 7 
1 1 1 1 1 1 1 1 1 1 1 1 1 1 1 1 1 1 1 1 1 2 2 2 1 1 1 1 1 1 1 1 1 1 1 1 1 1 1 1 1 1 1 1 1 1 1 2 1 2 1 4 5 0 4 7 8 16 28 39 42 37 44 44 37 78 156 221 238 241 245 245 249 248 249 243 182 89 21 4 2 2 1 0 1 1 1 1 1 1 1 1 1 1 1 1 1 1 1 2 3 3 2 8 30 30 16 8 11 11 11 11 10 11 15 15 15 16 16 17 18 19 21 22 23 24 25 23 31 70 83 41 12 17 21 19 18 18 18 18 17 16 16 16 16 17 17 18 19 21 21 24 28 30 37 44 38 22 8 4 4 4 4 4 4 4 4 5 5 5 5 5 5 5 5 7 7 7 7 7 7 7 7 
1 1 1 1 1 1 1 1 1 1 1 1 1 1 1 1 1 1 1 1 2 2 2 2 1 1 1 1 1 1 1 1 1 1 1 1 1 1 1 1 1 1 1 1 1 1 1 2 1 1 1 1 5 12 25 24 26 45 59 85 93 75 67 60 57 97 175 234 251 250 248 248 251 249 247 249 215 129 40 3 2 2 1 0 1 1 1 1 1 1 1 1 1 1 1 1 1 1 1 2 3 3 3 8 24 30 18 9 11 11 11 12 10 11 13 15 15 16 16 17 17 19 21 22 23 24 25 23 31 71 88 45 14 17 22 19 19 18 18 18 17 16 16 16 17 17 17 17 17 19 21 23 29 31 39 46 39 22 8 4 4 4 4 4 4 4 4 5 5 5 5 5 5 5 5 7 7 7 7 7 7 7 7 
1 1 1 1 1 1 1 1 1 1 1 1 1 1 1 1 1 1 1 1 1 1 1 1 1 1 1 1 1 1 1 1 1 1 1 1 1 1 1 1 1 1 1 1 1 1 1 1 1 1 1 1 8 12 22 54 100 124 118 121 135 136 120 100 98 140 205 248 249 248 248 249 251 251 247 252 231 135 42 3 2 2 1 1 1 1 1 1 1 1 1 1 1 1 1 1 1 1 1 1 3 4 2 9 23 29 22 11 10 10 11 11 11 11 13 15 15 15 16 17 17 18 21 22 22 23 25 23 30 70 88 46 15 18 21 19 21 19 18 18 17 16 16 16 16 16 17 17 18 18 19 23 28 32 39 46 39 22 7 3 4 4 4 4 4 4 4 5 5 5 5 5 5 5 5 5 5 5 5 5 5 5 5 
1 1 1 1 1 1 1 1 1 1 1 1 1 1 1 1 1 1 1 1 1 1 1 1 1 1 1 1 1 1 1 1 1 1 1 1 1 1 1 1 1 1 1 1 1 1 1 1 1 2 1 2 9 26 51 90 136 160 149 145 170 185 178 162 145 176 227 249 243 248 249 250 251 251 247 247 215 122 31 3 2 2 1 1 1 1 1 1 1 1 1 1 1 1 1 1 1 1 1 1 3 4 3 10 24 31 29 14 10 10 11 11 11 11 13 13 14 15 16 16 16 18 19 22 23 23 24 24 31 70 90 50 15 18 21 19 18 18 17 18 17 16 16 16 16 16 16 17 18 19 19 22 26 30 38 46 38 21 7 3 4 4 4 4 4 4 4 5 5 5 5 5 5 5 5 5 5 5 5 5 5 5 5 
1 1 1 1 1 1 1 1 1 1 1 1 1 1 1 1 1 1 1 1 1 1 1 1 1 1 1 1 1 1 1 1 1 1 1 1 1 1 1 1 1 1 1 1 1 2 1 1 1 3 9 9 22 52 92 129 160 171 166 181 209 227 220 206 198 216 242 249 249 250 250 250 250 251 250 230 170 78 16 4 3 2 1 1 1 1 1 1 1 1 1 1 1 1 1 1 1 1 1 1 3 4 4 11 24 37 32 16 10 10 11 12 10 11 12 12 14 15 15 16 16 17 18 21 23 23 25 24 31 68 94 54 17 19 21 19 18 18 17 17 16 16 16 16 16 16 16 17 18 19 19 21 24 29 38 45 36 18 7 3 4 4 4 4 4 4 4 5 5 5 5 5 5 5 5 5 5 5 5 5 5 5 5 
1 1 1 1 1 1 1 1 1 1 1 1 1 1 1 1 1 1 1 1 1 1 1 1 1 1 1 1 1 1 1 1 1 1 1 1 1 1 1 1 1 1 1 1 1 2 2 2 3 6 12 19 35 61 102 151 179 177 187 216 238 248 245 236 231 243 250 249 249 250 251 251 249 249 251 234 151 46 3 4 4 3 1 1 1 1 1 1 1 1 1 1 1 1 1 1 1 1 1 2 3 5 4 9 23 37 36 21 11 11 11 12 11 11 12 12 12 14 15 16 16 17 18 21 23 23 25 24 28 66 99 63 20 19 19 19 18 18 17 17 17 16 15 15 16 16 16 17 18 18 18 21 24 29 38 44 35 16 5 4 4 4 4 4 4 4 4 5 5 5 5 5 5 5 5 5 5 5 5 5 5 5 5 
1 1 1 1 1 1 1 1 1 1 1 1 1 1 1 1 1 1 1 1 1 1 1 1 1 1 1 1 1 1 1 1 1 1 1 1 1 1 1 1 1 1 1 1 1 2 3 3 4 10 22 36 36 57 99 124 139 162 182 221 251 251 249 247 247 248 250 250 250 251 251 251 251 251 252 234 139 37 3 4 5 3 1 1 1 1 1 1 1 1 1 1 1 1 1 1 1 1 1 2 4 7 5 7 17 36 39 24 11 10 11 12 10 11 12 12 12 14 15 15 15 17 18 21 23 23 25 23 26 61 95 68 23 16 18 18 18 17 17 17 17 16 16 15 15 16 16 16 17 17 18 21 24 29 37 44 33 15 5 4 4 4 4 4 4 4 4 5 5 5 5 5 5 5 5 5 5 5 5 5 5 5 5 
1 1 1 1 1 1 1 1 1 1 1 1 1 1 1 1 1 1 1 1 1 1 1 1 1 1 1 1 1 1 1 1 1 1 1 1 1 1 1 1 1 1 1 1 1 2 2 2 4 9 26 42 43 57 70 75 88 124 166 217 251 251 248 248 247 248 249 251 251 251 251 251 251 251 252 230 135 39 7 5 5 3 1 1 1 1 1 1 1 1 1 1 1 1 1 1 1 1 2 3 4 8 5 4 14 36 43 24 11 10 11 11 10 10 12 13 12 14 14 15 16 17 18 21 22 23 24 22 24 55 92 74 28 15 17 18 18 17 17 17 16 16 16 16 16 16 16 17 18 18 17 19 24 29 37 42 32 15 5 4 4 4 4 4 4 4 4 5 5 5 5 5 5 5 5 5 5 5 5 5 5 5 5 
1 1 1 1 1 1 1 1 1 1 1 1 1 1 1 1 1 1 1 1 1 1 1 1 1 1 1 1 1 1 1 1 1 1 1 1 1 1 1 1 1 1 1 1 1 2 2 2 3 11 28 47 49 63 65 67 78 111 166 217 250 251 250 249 248 249 249 251 251 251 251 251 250 250 252 230 132 40 8 5 4 3 1 1 1 1 1 1 1 1 1 1 1 1 1 1 1 1 2 3 4 7 5 4 10 30 39 29 14 10 11 11 10 11 13 15 14 14 14 15 16 17 18 21 22 23 23 23 25 53 94 78 31 16 18 19 18 17 17 17 16 16 15 15 15 15 15 16 18 19 18 19 23 29 37 42 31 15 5 4 4 4 4 4 4 4 4 5 5 5 5 5 5 5 5 5 5 5 5 5 5 5 5 
1 1 1 1 1 1 1 1 1 1 1 1 1 1 1 1 1 1 1 1 1 1 1 1 1 1 1 1 1 1 1 1 1 1 1 1 1 1 1 1 1 1 1 1 1 2 2 2 2 13 30 50 54 74 89 103 116 154 190 221 241 250 251 251 249 250 250 251 251 251 251 250 249 249 253 230 132 38 9 5 4 3 1 1 1 2 1 1 1 1 1 1 1 1 1 1 1 1 2 3 5 7 7 5 8 22 38 33 16 9 12 11 11 11 15 15 14 14 14 15 16 18 19 22 23 23 23 24 27 52 96 86 37 17 19 19 18 18 18 16 16 16 15 15 15 15 15 16 18 21 19 21 23 29 38 42 31 15 5 4 4 4 4 4 4 4 4 5 5 5 5 5 5 5 5 5 5 5 5 5 5 5 7 
1 1 1 1 1 1 1 1 0 0 1 1 2 1 1 1 1 1 1 1 1 1 1 1 1 1 1 1 1 1 1 1 1 1 1 1 1 1 1 1 1 1 1 1 1 1 3 4 1 16 37 82 103 99 114 124 171 207 220 223 236 247 248 250 250 250 250 251 250 250 251 250 249 249 252 222 117 33 9 5 3 2 1 1 1 1 1 1 1 1 1 1 1 1 1 1 1 1 2 4 5 5 5 5 5 17 36 35 18 10 10 10 11 12 13 13 14 14 14 15 16 17 19 22 23 23 23 23 27 50 94 93 38 14 19 21 18 18 17 17 18 17 16 16 16 16 15 16 18 20 22 22 24 29 39 43 32 15 9 4 4 4 4 4 4 4 4 5 5 5 5 5 5 5 5 5 7 7 7 7 7 7 7 
1 1 1 1 1 1 1 1 0 0 1 2 2 1 1 1 1 1 1 1 1 1 1 1 1 1 1 1 1 1 1 1 1 1 1 1 1 1 1 1 1 1 1 1 1 2 3 4 2 18 38 85 103 109 123 142 175 203 215 223 234 247 248 250 250 250 250 251 250 250 251 250 251 251 249 203 95 23 6 4 3 2 1 1 1 1 1 1 1 1 1 1 1 1 1 1 1 1 2 4 7 5 5 5 7 14 28 36 22 11 10 10 11 12 13 13 14 14 14 15 16 17 19 22 23 23 23 23 25 46 90 93 39 12 18 21 18 18 18 17 18 17 16 16 15 15 16 16 17 20 23 24 24 29 39 43 31 15 9 5 4 4 4 4 4 4 4 5 5 5 5 5 5 5 5 5 7 7 7 7 7 7 7 
1 1 1 1 1 1 1 1 1 1 2 2 2 1 1 1 1 1 1 1 1 1 1 1 1 1 1 1 1 1 1 1 1 1 1 1 1 1 1 1 1 1 1 1 1 1 3 4 3 17 32 56 69 81 108 133 153 180 192 207 229 244 247 249 250 250 250 250 250 249 252 252 252 253 231 158 61 8 5 3 2 2 1 1 1 1 1 1 1 1 1 1 1 1 1 1 1 2 3 5 8 5 5 5 7 9 22 37 30 14 11 10 11 12 12 12 15 15 14 15 16 17 19 22 22 22 22 22 23 40 81 89 42 11 18 22 18 18 18 17 18 18 17 16 15 15 16 15 16 19 24 26 25 29 39 43 30 15 9 7 5 5 4 4 4 4 4 5 5 5 5 5 5 5 5 5 7 7 7 7 7 7 7 
1 1 1 1 1 1 1 1 1 2 2 2 2 1 1 1 1 1 1 1 1 1 1 1 1 1 1 1 1 1 1 1 1 1 1 1 1 1 1 1 1 1 1 1 1 1 3 4 5 11 22 42 48 54 78 101 114 146 169 193 224 244 248 250 250 250 250 250 250 248 250 249 251 252 205 111 30 4 3 3 2 2 1 1 1 1 1 1 1 1 1 1 1 1 1 1 1 2 3 7 7 5 4 5 5 7 21 38 33 14 11 11 12 12 12 12 13 13 14 15 16 17 19 22 22 22 22 22 22 35 77 92 50 15 18 22 19 18 18 18 18 17 18 17 13 16 17 15 16 20 23 24 24 27 38 43 30 15 9 7 5 5 4 4 4 4 4 5 5 5 5 5 5 5 5 5 7 7 7 7 7 7 7 
1 1 1 1 1 1 1 1 2 2 2 2 2 1 1 1 1 1 1 1 1 1 1 1 1 1 1 1 1 1 1 1 1 1 1 1 1 1 1 1 1 1 1 1 1 1 3 5 5 10 16 16 17 26 43 64 80 122 155 187 226 244 249 250 250 250 251 250 250 249 248 247 247 238 172 72 16 5 3 2 2 2 1 1 1 1 1 1 1 1 1 1 1 1 1 1 1 2 4 7 7 7 7 5 4 4 19 37 37 17 10 11 12 12 11 12 13 13 12 15 16 17 19 22 23 23 22 21 23 30 73 97 59 21 19 24 23 22 19 19 18 17 19 19 18 18 18 17 17 19 20 22 23 27 39 43 28 12 10 8 7 5 4 4 4 4 4 5 5 5 5 5 5 5 5 5 7 7 7 7 7 7 7 
1 1 1 1 1 1 1 1 1 1 1 1 1 1 1 1 1 1 1 1 1 1 1 1 1 1 1 1 1 1 1 1 1 1 1 1 1 1 1 1 1 1 1 1 1 1 3 4 4 10 14 7 10 20 38 61 90 137 171 201 233 248 250 250 251 250 251 251 251 250 250 251 249 223 130 32 10 5 3 2 1 2 1 1 1 1 1 1 1 1 1 1 1 1 1 1 1 2 4 7 9 9 7 5 4 2 14 37 42 22 9 10 12 12 11 11 13 13 12 15 16 17 19 22 23 23 23 23 24 29 71 101 66 26 28 32 30 30 29 26 24 22 23 23 23 23 24 25 23 23 23 25 27 36 50 50 31 14 10 8 7 5 4 4 4 4 4 5 5 5 5 5 5 5 5 5 7 7 7 7 7 7 7 
1 1 1 1 1 1 1 1 1 1 1 1 1 1 1 1 1 1 1 1 1 1 1 1 1 1 1 1 1 1 1 1 1 1 1 1 1 1 1 1 1 1 1 1 1 1 3 4 5 10 11 8 11 27 50 95 146 187 212 227 241 250 251 251 251 250 251 251 251 250 251 252 248 202 92 11 5 3 3 2 2 2 2 2 1 1 1 1 2 1 1 1 1 1 1 1 1 2 4 7 8 8 6 5 4 1 14 39 43 23 11 10 11 11 11 11 12 12 12 14 16 17 19 22 24 23 23 23 24 28 68 101 71 30 33 42 39 38 38 35 31 29 29 29 31 32 32 31 30 30 30 32 38 48 64 67 44 18 8 7 5 5 4 4 4 4 4 5 5 5 5 5 5 5 5 5 7 7 7 7 7 7 7 
1 1 1 1 1 1 1 1 0 0 0 0 1 1 1 1 1 1 1 1 1 1 1 1 1 1 1 1 1 1 1 1 1 1 1 1 1 1 1 1 1 1 1 1 1 1 3 5 7 10 10 5 12 33 59 125 182 216 235 243 248 251 251 251 251 251 251 251 249 250 251 251 245 186 79 11 4 3 3 2 2 2 2 2 1 1 1 1 1 1 1 1 1 1 1 2 1 2 4 8 8 8 5 5 3 3 12 33 42 25 12 11 11 12 11 11 13 13 12 15 17 17 19 22 24 23 22 22 23 24 64 100 72 32 32 40 40 42 42 40 38 36 34 34 36 38 39 37 34 38 37 39 47 60 76 82 56 21 7 7 5 5 4 4 4 4 4 5 5 5 5 5 5 5 5 5 7 7 7 7 7 7 8 
1 1 1 1 1 1 1 1 1 1 1 1 1 1 1 1 1 1 1 1 1 1 1 1 1 1 1 1 1 1 1 1 1 1 1 1 1 1 1 1 1 1 1 1 1 1 3 3 5 10 10 5 13 32 60 122 170 212 234 245 249 251 251 251 251 251 251 251 249 251 251 252 242 171 71 12 4 3 2 2 2 2 2 1 1 1 1 1 1 1 1 1 1 1 1 1 1 2 4 7 7 7 4 3 2 3 9 28 39 26 12 11 11 10 10 10 13 13 15 17 17 18 18 22 24 24 23 23 23 23 60 89 67 37 35 38 38 40 42 40 38 36 36 35 32 31 37 39 40 40 39 39 47 62 85 88 59 21 7 5 5 4 4 4 4 4 4 5 5 5 5 5 5 5 5 5 5 5 7 7 7 7 7 
1 1 1 1 1 1 1 1 1 1 1 1 1 1 1 1 1 1 1 1 1 1 1 1 1 1 1 1 1 1 1 1 1 1 1 1 1 1 1 1 1 1 1 1 1 1 3 3 4 10 14 11 12 25 55 110 156 200 221 233 242 249 250 250 250 250 251 251 249 250 250 252 243 162 64 12 5 3 2 2 2 2 2 1 1 1 1 1 1 1 1 1 1 1 1 1 1 2 4 7 7 7 4 3 4 3 7 24 40 31 14 12 11 11 11 10 13 13 16 18 18 18 19 21 23 23 23 25 25 25 58 81 59 37 35 35 33 32 32 32 32 32 32 31 28 26 31 36 38 38 38 37 41 60 86 88 57 19 5 5 5 4 4 4 4 4 4 5 5 5 5 5 5 5 5 5 5 5 5 5 5 7 7 
1 1 1 1 1 1 1 1 1 1 1 1 1 1 1 1 1 1 1 1 1 1 1 1 1 1 1 1 1 1 1 1 1 1 1 1 1 1 1 1 1 1 1 1 1 1 2 2 3 10 17 15 11 20 59 117 160 202 220 230 240 247 249 250 250 250 250 250 248 249 250 252 242 174 73 15 4 3 2 2 2 2 2 1 1 1 1 1 1 1 1 1 1 1 1 1 1 3 5 7 5 5 4 3 4 3 5 24 45 37 14 11 11 10 10 10 10 12 16 18 18 18 18 18 20 22 23 24 23 23 57 86 58 25 22 23 19 19 18 19 22 23 23 24 22 22 22 24 26 28 29 30 35 50 72 73 45 15 7 5 4 4 4 4 4 4 4 5 5 5 5 5 5 5 5 5 5 5 5 5 7 7 7 
1 1 1 1 1 1 1 1 1 1 1 1 1 1 1 1 1 1 1 1 1 1 1 1 1 1 1 1 1 1 1 1 1 1 1 1 1 1 1 1 1 1 1 1 1 2 3 2 3 9 16 14 11 26 76 136 178 217 233 241 247 249 250 250 250 250 250 250 248 249 250 250 244 191 84 15 4 3 2 2 2 2 1 1 1 1 1 1 1 1 1 1 1 1 1 1 2 4 8 8 5 4 3 2 4 3 5 25 47 40 15 10 9 10 10 10 11 12 16 19 19 19 18 17 18 20 20 20 21 22 59 95 65 17 9 12 11 10 9 10 10 12 12 12 12 15 14 11 12 12 15 16 21 29 38 38 24 9 7 4 4 4 4 4 4 4 4 5 5 5 5 5 5 5 5 5 5 5 7 7 7 7 7 
1 1 1 1 1 1 1 1 1 1 1 1 1 1 1 1 1 1 1 1 1 1 1 1 1 1 1 1 1 1 1 1 1 1 1 1 1 1 1 1 1 1 1 1 1 1 3 3 4 11 21 19 18 32 74 142 192 230 247 250 251 251 250 250 250 250 250 250 249 250 251 251 249 196 82 14 5 3 3 3 2 2 1 1 1 1 1 1 1 1 1 1 1 1 1 1 3 5 10 9 5 3 3 3 3 2 4 23 45 40 18 8 12 10 11 13 12 12 16 18 19 19 19 18 19 20 20 20 21 22 57 98 78 21 3 9 7 5 5 5 7 7 8 5 5 7 7 7 5 5 5 5 5 9 11 10 9 4 4 4 4 4 4 4 4 4 4 5 5 5 5 5 5 5 5 5 7 7 7 7 7 7 7 
1 1 1 1 1 1 1 1 1 1 1 1 1 1 1 1 1 1 1 1 1 1 1 1 1 1 1 1 1 1 1 1 1 1 1 1 1 1 1 1 1 1 1 1 1 2 3 3 4 16 31 26 25 30 52 125 180 221 243 249 251 251 250 250 250 250 250 250 249 249 251 252 249 188 77 11 4 3 3 2 2 1 1 1 2 2 2 2 1 1 1 1 1 1 1 1 3 5 10 8 4 3 3 3 3 2 3 16 29 32 21 10 11 10 11 13 12 14 16 19 21 21 21 19 19 20 20 22 19 18 47 91 81 23 1 4 4 3 4 4 5 7 7 4 4 4 4 4 4 4 4 3 3 4 4 4 5 4 4 4 5 4 4 4 4 4 4 5 5 5 5 5 5 5 5 5 7 7 7 7 7 7 7 
1 1 1 1 1 1 1 1 1 1 1 1 1 1 1 1 1 1 1 1 2 2 2 1 1 1 1 1 1 1 1 1 1 1 1 1 1 1 1 1 1 1 1 1 1 1 1 1 3 14 30 23 25 30 38 94 137 187 220 237 249 250 249 249 249 249 250 250 248 249 248 249 236 156 55 8 4 3 2 2 2 1 1 1 2 2 2 2 1 1 1 1 1 1 1 1 1 7 11 9 4 2 3 3 4 3 3 9 15 22 23 12 9 10 11 13 12 14 16 18 18 21 21 19 19 20 20 22 19 17 43 85 72 23 2 3 4 3 4 4 5 5 5 4 4 4 4 4 4 4 4 3 3 4 4 5 5 4 4 4 5 4 4 4 4 4 4 5 5 5 5 5 5 5 5 5 5 5 7 7 7 7 7 
1 1 1 1 1 1 1 1 1 1 1 1 1 1 1 1 1 1 2 2 2 2 3 2 1 1 1 1 1 1 1 1 1 1 1 1 1 1 1 1 1 1 1 1 1 1 1 1 2 10 19 11 19 29 36 71 104 164 202 224 243 247 247 247 247 247 248 248 245 245 245 248 227 135 42 5 4 3 2 2 2 1 1 1 2 2 2 2 1 1 1 1 1 1 1 1 1 8 14 10 4 2 3 3 4 3 3 5 10 22 24 14 8 10 12 11 12 14 16 17 18 19 21 18 19 19 20 22 19 16 41 82 68 29 4 3 4 4 5 5 5 5 5 5 4 4 4 4 4 4 4 4 4 4 4 5 5 5 5 5 5 4 4 4 4 4 4 5 5 5 5 5 5 5 5 5 5 5 7 7 7 7 7 
0 0 0 0 0 0 0 0 0 0 0 0 1 1 1 1 1 1 1 1 2 2 1 1 0 0 0 0 0 0 1 1 1 1 1 1 1 1 1 1 1 1 1 1 1 1 1 1 2 7 18 30 30 33 40 52 94 163 199 221 241 242 243 244 244 243 244 243 237 234 238 244 224 130 36 4 4 3 2 1 1 1 1 1 1 1 2 2 1 1 1 1 1 1 1 1 1 8 14 11 4 2 3 4 4 2 2 4 12 30 28 17 10 9 10 10 12 13 14 14 18 19 18 17 18 18 16 17 18 16 37 75 78 34 5 3 4 4 5 5 5 5 5 4 4 3 4 4 4 4 4 4 4 3 4 4 5 5 5 5 5 5 5 5 5 5 5 5 5 5 5 5 5 5 5 5 5 5 7 5 5 7 8 
0 0 0 0 0 0 0 0 0 0 0 0 1 1 1 1 1 1 1 1 2 2 2 2 0 0 0 0 0 0 1 1 1 1 1 1 1 1 1 1 1 1 1 1 1 1 1 1 2 9 22 37 42 45 57 64 96 157 194 221 234 238 240 241 241 240 241 239 235 235 237 245 196 107 18 5 3 3 1 1 1 1 1 1 1 1 2 2 1 1 1 1 1 1 1 1 1 8 14 12 4 2 3 4 3 2 3 4 12 30 39 23 11 10 10 9 12 13 14 12 16 17 15 15 16 17 17 16 17 16 34 62 59 23 3 3 3 4 4 4 4 5 5 4 4 4 4 4 4 4 4 4 4 4 4 4 4 4 4 5 5 5 5 5 5 5 5 5 5 5 5 5 5 5 5 5 5 5 7 7 7 7 8 
0 0 0 0 0 0 0 0 0 0 0 0 0 0 1 1 1 1 1 1 2 2 4 3 0 0 0 0 0 0 1 1 1 1 1 1 1 1 1 1 1 1 1 1 1 1 2 2 3 10 28 44 45 49 63 77 100 145 194 229 227 231 234 236 236 236 236 236 236 234 237 242 177 77 6 5 4 3 1 1 1 1 1 1 1 1 2 2 1 1 1 1 1 0 1 1 2 8 15 14 5 3 3 4 3 2 2 3 10 29 39 25 12 9 11 9 11 13 12 12 13 15 15 13 15 16 16 15 15 16 29 43 34 12 3 3 4 5 4 4 5 6 5 4 4 4 4 4 4 4 4 4 4 4 4 4 4 4 4 5 5 5 5 5 5 5 5 5 5 5 5 5 5 5 5 5 5 5 8 8 8 8 9 
0 0 0 0 0 0 0 0 0 0 0 0 0 0 1 1 0 0 1 1 2 3 9 5 0 0 0 0 0 0 1 1 1 1 1 1 1 1 1 1 1 1 1 1 1 1 1 1 3 14 33 46 49 57 73 88 106 139 184 213 210 216 220 222 223 223 223 222 220 215 215 208 148 57 3 4 3 3 1 1 1 1 1 1 1 1 2 2 1 1 1 1 1 0 1 1 2 8 16 15 5 3 3 4 3 2 2 3 8 21 33 25 15 10 9 9 10 11 10 11 12 13 13 13 14 15 15 14 14 16 32 45 31 8 3 3 3 5 4 4 5 6 5 4 4 4 4 4 4 4 4 4 4 4 4 4 4 4 4 5 5 5 5 5 5 5 5 5 5 5 5 5 5 5 5 5 5 5 8 8 8 8 11 
0 0 0 0 0 0 0 0 0 0 0 0 0 0 1 1 1 1 3 5 7 7 4 3 2 0 0 0 0 0 1 1 1 1 1 1 1 1 1 1 1 1 1 1 1 1 2 2 1 12 35 47 53 66 82 95 106 130 155 173 184 192 194 196 196 195 194 193 188 183 180 177 113 37 3 2 2 2 1 1 1 1 1 1 1 1 2 2 1 1 1 1 1 1 1 1 3 10 22 21 9 2 3 4 4 2 2 3 5 12 23 24 17 11 8 8 8 9 8 9 11 12 12 13 12 14 15 14 12 14 38 66 50 17 3 3 3 5 4 4 5 6 5 4 4 4 4 4 4 4 4 4 4 4 4 4 4 4 4 5 5 5 5 5 5 5 5 5 5 5 5 5 5 5 5 5 5 5 8 8 8 9 10 
0 0 0 0 0 0 0 0 0 0 0 0 0 0 1 1 1 1 3 8 11 9 4 3 1 0 0 0 0 0 1 1 1 1 1 1 1 1 1 1 1 1 1 1 1 1 2 2 0 7 30 47 58 71 85 96 100 116 132 148 157 158 162 165 165 163 159 159 156 153 160 156 93 28 3 2 2 2 1 1 1 1 1 1 1 1 2 2 1 1 1 1 1 1 1 1 3 16 38 37 14 3 3 4 4 2 1 2 4 8 14 21 17 11 8 7 6 8 7 8 10 12 13 15 14 14 15 15 14 12 35 73 67 26 3 2 4 5 4 4 5 6 5 4 4 4 4 4 4 4 4 4 4 4 4 4 4 4 4 5 5 5 5 5 5 5 5 5 5 5 5 5 5 5 5 5 5 5 8 8 8 9 10 
0 0 0 0 0 0 0 0 0 0 0 0 0 0 1 1 1 4 9 15 17 10 3 2 1 1 0 0 0 0 1 1 1 1 1 1 1 1 1 1 1 1 1 1 1 1 1 1 0 9 24 44 56 65 86 96 99 121 136 148 150 149 151 152 152 150 149 147 144 146 156 142 70 21 3 2 1 1 1 1 1 1 1 1 1 1 1 2 2 2 1 2 2 2 1 1 5 29 63 54 22 7 3 3 4 3 2 3 2 5 9 17 18 11 7 8 8 9 9 9 11 11 12 13 15 16 17 16 16 15 30 61 67 33 3 2 4 5 5 4 6 6 5 5 4 4 4 4 4 4 4 4 4 4 4 4 4 4 4 5 5 5 5 5 5 5 5 5 5 5 5 5 5 5 5 5 5 5 5 8 8 9 10 
0 0 0 0 0 0 0 0 0 0 0 0 0 0 1 1 3 9 16 23 22 11 3 1 0 0 0 0 0 0 1 1 1 1 1 1 1 1 1 1 1 1 1 1 1 1 1 1 2 10 28 49 65 74 99 114 113 130 145 151 152 153 153 152 153 152 152 151 149 150 153 129 51 6 2 1 1 1 1 1 1 1 1 1 1 1 1 2 2 2 1 2 2 3 2 2 7 46 96 81 33 8 2 5 3 2 2 3 2 3 7 17 19 14 8 9 10 11 10 10 11 12 12 15 15 17 18 18 18 17 27 57 65 34 5 3 4 5 5 5 6 6 5 4 4 4 4 4 4 4 4 4 4 4 4 4 4 4 4 5 5 5 5 5 5 5 5 5 5 5 5 5 5 5 5 5 5 5 5 8 8 8 10 
0 0 0 0 0 0 1 1 0 0 0 0 1 1 1 1 4 15 24 25 30 28 9 1 1 1 0 0 0 0 0 1 1 1 1 1 1 1 1 1 1 1 1 1 1 1 2 2 5 15 51 72 78 90 96 117 135 138 146 150 151 149 151 152 153 152 152 152 150 149 152 124 41 7 1 0 1 1 1 1 1 1 1 1 1 1 1 1 1 1 1 1 1 1 3 1 7 63 123 103 45 12 2 4 3 2 1 3 2 3 7 15 21 15 7 8 10 12 12 13 11 12 12 13 15 17 18 18 20 20 27 57 75 46 8 3 4 5 5 5 5 5 5 5 4 4 4 4 4 4 4 4 4 4 4 4 4 4 4 5 5 5 5 5 5 5 5 5 5 5 5 5 5 5 5 5 4 4 5 7 8 7 11 
0 0 0 0 0 0 0 0 0 0 0 0 1 1 1 2 7 17 24 32 50 47 24 4 0 1 0 0 0 0 0 1 1 1 1 1 1 1 1 1 1 1 1 1 1 1 1 1 0 29 63 101 97 115 128 135 139 143 148 150 150 152 152 153 153 153 155 153 152 152 153 117 35 8 1 0 1 1 1 1 1 1 1 1 1 1 1 1 1 1 1 1 1 1 3 1 10 82 151 135 68 20 4 2 2 2 2 3 2 3 7 19 23 18 8 5 9 11 12 13 11 11 13 15 15 16 16 18 19 20 26 53 87 64 15 3 4 5 5 5 5 5 5 5 4 4 4 4 4 4 4 4 4 4 4 4 4 4 4 5 5 5 5 5 5 5 5 5 5 5 5 5 5 5 5 5 5 5 5 7 7 7 9 
0 0 0 0 0 0 0 0 0 0 0 0 1 1 1 5 14 16 23 43 70 68 31 5 0 1 0 0 0 0 0 1 1 1 1 1 1 1 1 1 1 1 1 1 1 1 1 1 0 30 74 114 117 131 137 150 153 152 150 149 150 153 153 155 155 156 158 157 157 158 153 107 27 8 1 0 0 0 1 1 1 1 1 1 1 1 1 1 1 1 1 1 1 1 4 2 22 104 174 159 95 36 4 3 2 2 2 2 2 2 7 25 33 28 11 5 9 10 11 11 11 11 12 12 16 17 17 18 17 18 23 44 75 55 16 3 4 5 7 7 5 5 5 5 4 4 4 4 4 4 4 4 4 4 4 4 4 4 4 5 5 5 5 5 5 5 5 5 5 5 5 5 5 5 5 5 5 7 7 8 8 7 7 
0 0 0 0 0 0 0 0 0 0 0 0 1 2 3 8 21 17 31 55 80 77 28 3 1 1 0 0 0 0 0 1 1 1 1 1 1 1 1 1 1 1 1 1 1 1 1 1 0 28 95 134 131 138 150 159 163 158 151 149 152 157 157 157 158 160 163 162 164 164 152 96 19 8 1 0 0 0 1 1 1 1 1 1 1 1 1 1 1 1 1 1 1 2 4 3 32 121 184 166 109 44 11 4 3 3 3 2 1 2 5 22 43 33 12 7 10 10 11 11 10 10 11 12 15 17 17 17 17 16 19 36 53 36 10 3 4 5 7 7 7 5 5 5 4 4 4 4 4 4 4 4 4 4 4 4 4 4 4 5 5 5 5 5 5 5 5 5 5 5 5 5 5 5 5 5 7 7 7 8 9 5 12 
0 0 0 0 0 0 0 0 0 0 0 1 2 2 2 15 28 30 40 65 89 86 46 10 0 1 0 0 0 0 0 1 1 1 1 1 1 1 1 1 1 1 1 1 1 1 1 1 3 37 123 152 146 150 157 162 162 157 151 151 157 159 159 160 160 162 164 165 167 167 152 88 13 7 1 0 0 0 1 1 1 1 1 1 1 1 1 1 1 1 1 1 2 2 3 1 50 135 181 176 130 59 19 10 2 2 3 2 3 3 3 17 36 30 12 7 10 10 11 11 10 10 10 11 14 15 18 18 16 16 21 37 48 30 8 3 4 5 7 7 7 8 5 5 5 4 4 4 4 4 4 4 4 4 4 4 4 4 4 5 5 5 5 5 5 5 5 5 5 5 5 5 5 5 5 7 7 7 7 7 9 4 22 
0 0 0 0 0 0 0 0 0 0 1 2 2 3 3 18 30 44 61 89 111 96 54 13 0 1 0 0 0 0 0 1 1 1 1 1 1 1 1 1 1 1 1 1 1 1 1 1 5 59 129 151 152 155 156 157 158 156 153 153 158 158 158 159 159 160 163 163 166 167 146 81 9 8 1 1 0 0 1 1 1 1 1 1 1 1 1 1 1 1 1 1 2 2 4 1 67 135 171 173 141 77 25 12 2 3 4 2 3 3 2 12 29 25 12 8 9 10 11 11 10 10 10 11 12 15 16 16 15 15 22 43 55 34 9 3 4 5 7 7 7 8 5 5 5 4 4 4 4 4 4 4 4 4 4 4 4 4 4 5 5 5 5 5 5 5 5 5 5 5 5 5 5 5 5 7 7 7 7 7 7 8 29 
0 0 0 0 1 1 0 0 0 0 1 3 2 5 8 23 38 53 77 110 136 118 68 18 0 1 0 0 0 0 0 1 1 1 1 1 1 1 1 1 1 1 1 1 1 1 1 1 7 59 130 155 155 160 159 158 157 156 157 158 158 158 158 159 158 158 158 159 164 161 129 69 9 6 2 1 0 0 1 1 1 1 1 1 1 1 1 1 1 1 1 1 1 2 4 7 81 144 173 168 149 94 33 13 4 3 3 3 3 3 2 12 29 29 15 9 9 9 10 10 10 10 11 11 12 15 14 15 15 15 23 45 59 39 11 4 4 5 7 8 8 8 7 5 5 4 4 4 4 4 4 4 4 4 4 4 4 4 4 5 5 5 5 5 5 5 5 5 5 5 5 5 5 5 5 7 7 7 10 10 9 15 32 
0 0 0 0 1 1 0 1 0 0 1 3 1 8 11 29 50 64 88 124 158 149 97 27 1 1 0 0 0 0 0 1 1 1 1 1 1 1 1 1 1 1 1 1 1 1 1 1 15 63 130 153 156 165 164 162 162 163 165 163 160 159 158 158 158 157 156 158 161 157 124 61 11 6 3 1 0 0 1 1 1 1 1 1 1 1 1 1 1 1 1 1 1 2 4 15 93 151 170 163 150 103 47 19 9 4 3 3 3 4 2 7 29 32 19 10 9 9 10 10 10 10 10 11 12 15 14 14 15 15 19 39 54 40 12 4 5 7 8 9 9 8 5 5 5 4 4 4 4 4 4 4 4 4 4 4 4 4 4 5 5 5 5 5 5 5 5 5 5 5 5 5 5 5 7 7 8 8 11 11 11 22 51 
1 1 1 1 1 1 1 1 1 1 2 4 10 15 21 37 59 72 88 110 130 142 111 40 1 0 0 0 0 0 0 0 0 0 1 1 1 1 1 1 1 1 1 1 1 1 0 0 20 72 135 158 157 166 165 165 167 169 168 165 162 158 157 156 155 153 153 156 158 153 118 52 8 6 3 1 0 0 0 0 1 1 1 1 1 1 1 1 1 1 2 2 2 3 5 25 98 149 165 160 152 118 64 23 10 5 3 3 4 5 3 5 23 31 21 10 9 9 9 9 9 9 8 9 10 12 13 15 15 16 16 31 47 36 14 4 4 5 7 9 10 9 7 5 5 4 4 5 5 4 4 4 4 4 5 5 5 5 4 5 5 5 5 5 5 5 5 5 5 5 5 5 7 7 8 8 10 11 12 11 12 39 106 
1 1 1 1 1 1 1 1 1 2 4 10 19 28 37 53 67 78 89 105 124 138 118 56 3 0 0 0 0 0 0 0 0 0 1 1 1 1 1 1 1 1 1 1 1 1 0 0 30 82 139 160 160 166 166 166 166 165 166 163 158 156 153 152 152 150 151 152 153 149 112 50 7 6 2 1 0 0 0 0 1 1 1 1 1 1 1 1 1 1 2 2 2 3 7 36 107 153 171 159 154 132 72 31 11 5 3 2 3 4 3 4 17 27 21 9 7 8 9 9 8 9 9 9 10 11 13 15 16 17 19 30 36 30 15 5 5 5 7 9 10 9 7 5 5 4 3 5 5 5 4 4 4 4 5 5 5 5 4 5 5 5 5 5 5 5 5 5 5 5 5 4 5 5 7 8 9 10 12 9 17 71 156 
1 1 1 1 1 1 1 1 3 4 8 17 26 35 49 64 72 80 93 116 136 142 130 68 12 1 0 0 0 0 0 0 0 0 1 1 1 1 1 1 1 1 1 1 1 1 1 1 37 89 135 157 163 164 169 167 165 164 163 160 156 153 152 150 149 149 151 150 146 141 110 50 6 5 2 1 0 0 1 1 1 1 1 1 1 1 1 1 1 1 2 2 2 4 9 44 116 163 155 132 143 130 82 40 13 6 4 3 2 4 3 4 13 24 22 14 7 7 9 9 8 8 10 10 10 11 11 14 16 17 19 26 30 29 19 12 10 7 8 9 9 8 8 7 5 4 3 5 7 5 4 4 4 4 6 6 5 5 5 5 5 5 5 5 5 5 5 5 5 5 5 4 5 5 7 9 10 11 12 8 30 110 197 
1 1 1 1 1 1 1 1 3 9 13 22 32 42 58 72 78 85 103 134 153 151 140 88 15 5 5 0 0 0 0 0 0 0 1 1 1 1 1 1 1 1 1 1 1 1 1 1 45 89 132 151 157 157 159 160 158 157 155 152 150 148 145 143 143 146 151 150 143 141 115 55 9 5 3 1 0 0 0 1 1 1 1 1 1 1 1 1 1 1 2 2 3 4 17 70 142 182 167 151 169 164 125 64 17 9 5 4 5 4 4 3 9 19 21 14 5 8 8 8 7 10 10 9 11 12 12 12 14 15 17 22 26 28 25 23 16 10 9 9 9 9 8 7 5 4 3 5 8 5 4 4 4 4 6 6 5 5 5 5 7 7 7 7 7 7 7 7 7 7 5 5 5 7 8 8 11 13 12 10 45 139 227 
1 1 1 1 1 1 2 2 4 10 15 25 42 56 73 86 100 104 121 142 146 163 163 121 26 12 4 0 0 1 0 0 0 0 1 1 1 1 1 1 1 1 1 1 1 1 1 1 49 102 141 150 148 153 162 162 162 159 158 155 152 150 145 141 137 141 151 153 150 151 127 66 17 6 3 1 0 0 0 0 1 1 1 1 1 1 1 1 1 1 2 2 3 5 36 108 167 199 202 212 210 214 191 115 39 12 9 5 4 4 3 3 5 11 14 11 9 9 9 7 8 10 10 10 10 11 13 13 14 15 16 15 15 18 23 23 15 11 10 10 10 8 7 6 4 3 4 5 7 5 5 5 6 6 6 7 7 7 7 7 9 10 9 9 9 9 9 9 9 8 8 8 8 8 10 11 13 16 13 13 54 136 214 
1 1 1 1 1 2 3 3 5 10 15 31 56 74 88 101 118 121 129 139 139 158 159 124 37 10 1 0 0 1 0 0 0 0 1 1 1 1 1 1 1 1 1 1 1 1 1 1 60 114 141 149 148 153 163 166 166 165 164 160 157 156 150 146 135 139 152 157 154 153 130 72 23 6 3 1 0 0 0 0 1 1 1 1 1 1 1 1 1 1 1 2 2 8 61 153 209 225 219 228 230 229 213 143 59 19 11 6 2 2 3 3 4 4 7 9 9 9 10 8 9 10 10 11 11 12 13 13 11 12 9 4 3 7 11 16 14 8 8 10 9 8 7 5 4 4 4 5 4 4 5 5 7 8 8 9 9 9 9 10 11 11 11 11 11 11 11 12 11 10 11 11 11 11 12 12 15 16 17 19 43 104 177 
1 1 1 1 2 3 3 4 8 11 15 30 54 74 85 96 129 130 130 131 128 145 143 109 28 4 0 0 0 0 1 1 0 0 1 1 1 1 1 1 1 1 1 1 1 1 1 1 73 125 149 151 146 151 161 164 160 157 149 146 142 141 136 135 136 136 145 147 132 123 110 68 24 4 1 1 1 1 1 2 2 1 1 1 1 1 1 1 1 1 1 2 1 11 77 167 217 216 192 192 200 204 186 121 46 21 15 5 4 3 2 2 3 5 5 7 8 9 9 8 9 10 10 10 10 11 12 12 11 8 5 1 1 2 5 18 22 15 9 7 8 9 8 7 6 6 8 8 8 9 7 7 10 10 10 12 12 14 14 14 15 15 15 15 15 15 16 15 15 15 15 15 15 16 16 17 17 21 21 19 28 63 110 
1 1 1 1 2 3 5 10 17 21 18 24 42 63 78 88 121 124 122 115 110 130 132 93 12 4 1 1 0 0 0 1 0 0 1 1 1 1 1 1 1 1 1 1 1 1 1 1 77 132 157 155 145 147 154 152 146 139 130 125 120 116 110 108 118 124 124 115 89 73 72 51 17 3 1 2 1 1 7 4 1 1 1 1 1 1 1 1 1 2 2 3 1 14 75 130 167 160 131 114 121 133 125 77 25 16 16 5 4 7 15 20 9 9 9 7 7 7 8 8 9 9 10 9 9 10 12 11 8 4 3 2 2 1 4 23 43 43 28 16 14 12 10 9 6 6 10 11 11 9 10 12 11 10 11 14 14 15 15 16 17 17 18 21 21 21 19 18 18 21 19 19 21 22 23 23 24 24 24 22 26 38 56 
1 1 1 1 2 2 10 26 36 38 30 21 33 63 86 92 103 116 112 96 87 93 74 45 7 4 2 2 1 1 0 0 0 0 0 0 0 0 0 0 0 0 0 0 0 0 1 2 40 82 128 140 115 99 106 106 110 115 106 93 78 71 64 59 79 89 85 67 46 35 28 17 7 2 1 1 1 1 1 1 1 1 1 1 1 1 1 1 2 2 2 1 1 16 51 65 80 80 68 53 46 50 51 30 18 12 16 8 5 11 40 63 40 18 10 5 5 8 8 8 8 9 8 8 8 8 9 8 3 2 2 2 2 2 2 15 42 52 47 44 31 14 12 15 12 10 10 11 10 10 8 11 12 10 10 12 17 19 19 18 21 19 17 19 19 19 21 23 21 23 23 22 23 22 23 23 25 30 30 28 29 36 37 
1 1 1 1 2 2 14 39 56 57 43 30 39 65 87 96 101 107 107 96 84 73 33 11 5 4 3 4 2 1 1 1 0 1 0 0 0 0 0 0 0 0 0 0 0 0 1 2 12 25 44 57 54 51 67 66 85 97 88 72 49 37 36 33 36 43 43 30 25 28 15 4 3 2 1 1 1 1 1 1 1 1 1 1 1 1 1 1 3 4 2 3 9 16 19 24 30 31 30 23 22 22 25 22 19 15 15 11 15 17 47 68 53 22 5 3 3 7 8 7 6 8 6 6 6 6 5 5 3 2 2 2 2 2 2 5 17 28 40 51 43 24 16 18 19 13 14 14 14 17 15 11 30 49 57 56 53 57 57 53 58 52 44 35 32 36 46 53 52 51 51 49 44 40 39 37 37 39 42 39 37 35 36 
1 1 0 1 3 7 22 46 65 68 65 60 59 64 79 96 103 97 96 97 72 43 11 4 2 3 3 4 3 3 2 1 0 0 0 0 0 0 0 0 0 0 0 0 0 0 0 1 0 0 7 24 24 26 30 29 53 65 66 63 42 29 28 28 28 28 29 30 28 24 11 2 1 1 1 1 1 1 1 1 1 1 1 1 1 1 1 1 7 8 1 4 16 21 23 23 21 19 22 23 23 21 19 25 22 21 18 17 24 29 45 55 43 17 1 2 3 5 7 5 5 5 6 5 5 5 4 3 3 2 2 2 2 2 2 3 4 9 19 31 38 38 33 29 24 17 19 24 25 32 43 55 101 146 163 155 150 148 144 140 145 136 121 106 101 108 122 131 132 132 132 128 121 115 108 100 90 87 82 79 78 78 85 
1 1 1 2 4 15 35 57 73 79 89 98 97 88 86 100 114 118 122 124 91 40 0 1 0 0 2 3 3 3 2 1 0 0 0 0 0 0 0 0 0 0 0 0 0 0 1 1 1 0 3 6 17 31 22 21 36 47 52 52 46 56 67 73 77 78 79 64 38 14 5 3 1 1 1 1 1 1 1 1 1 1 1 1 1 1 2 2 4 4 4 12 23 29 34 38 40 39 39 40 37 32 28 36 33 33 33 30 33 43 48 46 37 18 4 2 3 4 4 4 3 4 5 4 3 3 3 3 2 2 2 1 1 2 2 2 4 5 7 11 25 43 57 54 43 32 31 35 37 47 74 125 191 230 235 230 233 229 227 223 223 217 205 195 195 200 207 212 214 216 216 214 212 201 192 182 177 172 166 166 169 170 178 
2 1 1 3 9 26 50 71 84 87 101 116 122 117 109 116 142 158 180 174 122 54 8 1 2 2 1 1 1 1 1 0 0 0 1 1 1 1 1 1 1 1 1 1 1 1 0 0 4 0 1 1 4 17 26 32 51 61 71 81 95 122 152 169 169 172 144 92 42 5 1 2 1 2 1 1 1 1 1 1 1 1 1 1 1 1 4 4 1 4 9 25 37 54 77 93 114 120 110 89 61 45 42 44 42 38 36 35 38 47 46 33 23 11 4 3 3 4 3 3 3 3 3 3 3 3 3 3 1 1 1 1 1 2 2 2 3 4 5 5 14 35 58 69 69 60 49 45 47 57 89 149 209 238 242 243 248 249 249 249 248 247 243 242 243 244 244 245 245 246 247 247 245 238 234 230 230 231 231 234 235 236 238 
2 1 1 7 24 47 72 86 93 97 103 105 116 129 136 150 166 185 214 205 122 31 0 2 2 1 0 1 0 0 0 0 0 0 1 1 1 1 1 1 1 1 1 1 1 1 0 0 0 0 2 2 1 9 26 37 67 78 92 111 134 160 188 207 203 191 132 65 24 4 2 2 1 2 1 1 1 1 1 1 1 1 1 1 1 2 8 9 5 17 40 72 96 123 150 167 189 202 185 145 106 73 64 56 54 50 40 42 45 44 37 28 12 4 3 3 3 3 2 2 3 3 3 3 3 3 3 2 1 1 1 2 2 2 2 2 3 3 5 5 8 21 34 50 66 67 58 58 68 81 105 145 187 220 236 242 244 245 248 248 247 247 248 249 248 248 248 248 246 247 244 244 243 242 243 243 244 247 248 248 248 249 249 
3 2 2 12 45 83 104 110 115 118 114 113 128 151 173 193 196 208 226 206 125 33 0 3 2 1 0 0 0 0 0 0 0 0 1 1 1 1 1 1 1 1 1 1 1 1 1 0 0 0 0 0 1 8 33 58 65 86 97 115 143 166 164 158 142 110 60 18 5 3 1 1 1 2 1 1 1 1 1 1 1 1 1 1 1 5 11 5 28 60 108 152 170 182 199 207 217 217 210 189 163 135 122 111 110 110 99 87 82 72 56 38 14 5 5 3 2 2 3 3 3 3 3 3 3 2 2 2 1 1 1 2 2 2 2 2 3 3 3 4 7 10 11 18 33 42 43 54 82 121 150 173 195 220 239 249 249 249 248 249 248 249 250 250 250 249 249 249 247 248 245 245 244 245 247 249 247 248 250 249 249 250 250 
3 3 2 23 76 129 150 157 163 165 165 165 175 195 215 229 235 242 240 206 118 30 1 4 2 1 0 0 0 0 0 0 0 0 1 1 1 1 1 1 1 1 1 1 1 1 1 1 0 0 0 0 7 33 95 120 114 129 141 151 175 188 170 129 68 35 19 7 3 2 2 2 2 2 1 1 1 1 1 1 1 1 1 1 2 5 11 5 64 138 193 208 210 215 222 224 224 220 216 219 212 195 192 191 187 182 177 166 158 155 131 90 37 9 8 4 2 1 3 3 2 2 2 2 3 3 3 3 1 1 2 2 2 2 3 3 3 3 3 4 5 5 5 5 9 14 18 33 75 143 198 222 228 231 242 248 249 248 247 249 250 251 251 251 251 250 250 250 250 251 250 250 249 249 249 249 249 249 251 251 250 251 251 
4 3 12 58 128 177 193 203 210 214 215 214 221 231 235 237 236 233 226 194 117 42 3 3 1 0 0 0 0 0 0 0 0 1 1 1 1 2 2 2 2 2 1 1 1 1 1 1 0 0 0 2 29 95 163 179 169 177 179 195 210 186 142 72 33 22 9 4 2 2 1 2 1 1 1 1 1 1 1 1 1 1 1 1 3 3 12 97 168 210 217 217 219 227 234 237 236 236 234 237 238 234 231 231 228 223 222 221 215 217 208 151 60 12 9 5 3 2 2 2 2 1 1 1 1 2 2 2 2 2 2 2 2 3 3 3 3 3 3 3 4 4 4 4 5 6 9 20 57 125 199 243 243 238 242 247 247 242 245 249 250 251 251 251 250 250 250 250 251 251 251 251 250 249 249 249 249 250 251 251 251 251 251 
3 7 45 122 192 221 226 231 241 247 247 247 244 237 224 208 193 174 150 116 68 21 3 3 1 1 0 0 0 0 0 0 1 1 2 2 3 3 2 3 3 2 2 1 2 1 1 1 0 0 0 1 22 106 192 210 216 214 213 221 221 156 67 26 10 9 4 3 2 2 1 1 1 1 1 1 1 1 1 1 1 1 1 1 3 3 15 122 208 244 241 239 240 242 244 245 244 245 246 246 246 244 244 244 246 246 246 247 248 247 241 195 80 15 8 6 4 3 2 1 2 1 1 1 1 2 2 2 2 2 2 2 3 3 3 3 2 2 2 3 4 4 4 4 6 5 6 10 26 70 144 212 243 250 250 249 250 245 247 249 251 251 251 250 250 250 249 249 251 251 251 251 250 249 249 249 249 249 250 250 250 251 251 
2 21 103 198 241 246 248 251 250 248 244 230 207 184 162 137 122 103 74 49 31 12 7 3 2 2 1 0 0 1 1 1 1 2 4 4 6 6 5 5 4 3 2 2 2 2 1 1 1 0 0 0 26 113 200 215 215 216 210 222 209 130 44 9 5 3 2 3 2 1 1 1 1 1 1 1 1 1 1 1 1 1 1 2 3 3 17 101 201 251 246 245 245 247 248 248 247 248 248 248 247 247 247 248 247 247 248 248 248 247 246 207 92 19 5 8 6 5 2 1 1 1 2 1 1 1 1 2 3 3 3 3 3 3 3 3 2 2 2 2 3 3 3 3 4 4 5 7 12 29 67 120 174 212 227 235 243 248 251 251 252 252 251 251 250 250 247 247 251 251 251 250 250 249 249 249 249 249 250 250 250 250 250 
5 51 162 242 249 243 248 240 221 205 182 150 117 97 85 71 79 74 66 59 49 15 3 4 3 2 2 3 1 1 1 1 1 2 4 4 6 8 6 5 3 3 2 2 2 2 2 1 1 2 0 0 44 143 217 214 215 222 215 233 204 108 31 5 5 3 2 3 2 1 1 1 1 1 1 1 1 1 1 1 1 1 2 3 3 3 19 63 130 206 252 253 251 249 250 250 248 248 248 248 247 247 247 247 247 247 248 248 247 248 250 207 92 16 4 8 5 5 3 2 1 2 2 2 2 1 1 2 3 3 3 3 3 3 3 3 2 2 2 2 2 2 2 2 3 3 4 5 6 10 16 32 66 107 141 167 186 201 214 221 223 229 235 242 250 252 250 248 250 251 250 250 249 249 249 249 249 249 250 250 250 250 250 
4 56 151 212 216 207 198 178 160 145 122 96 79 75 77 79 117 126 123 123 123 108 65 15 1 1 4 4 2 1 1 1 2 2 4 5 6 6 5 4 2 2 2 1 2 2 3 2 3 5 1 18 89 178 227 223 223 226 224 238 206 107 24 4 3 3 2 2 1 1 1 1 1 1 1 1 1 1 1 1 2 2 2 2 2 5 15 25 49 104 190 232 247 250 251 251 250 250 249 249 249 249 249 248 249 249 249 249 249 250 248 196 85 18 7 8 4 4 4 3 2 2 2 2 2 2 2 2 2 2 3 3 3 3 3 3 2 2 2 2 2 3 3 3 4 5 8 6 6 7 6 5 11 28 49 71 90 107 118 130 129 139 151 167 194 221 241 250 251 251 250 250 249 249 249 249 249 249 249 249 249 249 249 
11 64 137 182 189 179 167 162 163 159 153 148 150 157 160 163 199 210 203 202 206 212 177 88 0 0 10 11 0 2 18 1 3 3 5 6 6 6 3 3 2 2 2 2 2 2 3 5 5 4 16 77 151 206 235 233 233 233 232 244 216 121 32 5 4 3 2 2 1 2 1 1 1 1 1 1 1 1 1 1 1 2 2 2 3 3 4 1 8 38 94 165 221 248 250 251 250 250 249 249 249 249 249 249 249 249 249 249 250 248 224 149 49 12 7 5 3 4 4 3 2 2 2 2 2 2 2 2 3 3 3 3 3 3 3 3 2 2 2 2 2 3 3 3 4 5 9 8 8 9 11 10 10 10 10 15 28 35 37 39 36 44 53 70 96 137 194 240 251 250 250 249 249 249 249 249 249 249 249 249 249 249 249 
37 118 187 209 211 209 210 214 220 226 227 230 234 236 238 240 242 247 247 247 251 251 242 206 64 25 10 8 0 0 3 2 3 3 5 5 5 5 3 3 1 2 2 2 2 2 3 4 8 11 43 109 180 221 240 238 240 240 241 243 235 175 68 14 7 3 0 2 2 3 1 1 1 1 1 1 1 1 1 1 1 1 1 2 3 4 5 3 8 15 27 90 173 231 245 249 250 250 250 249 249 249 249 249 249 249 249 249 251 240 185 89 16 9 7 5 5 6 3 3 3 2 2 2 2 2 2 3 3 3 4 4 3 3 3 3 3 3 2 3 3 2 2 3 3 5 9 8 8 8 9 9 11 12 7 7 12 12 11 11 12 12 17 25 35 59 121 203 244 251 251 250 249 249 249 249 249 249 249 249 249 249 249 
79 191 245 247 248 249 250 252 252 252 252 252 251 251 250 250 251 249 248 247 249 244 227 236 185 129 77 29 5 0 2 2 2 4 5 4 4 4 3 3 1 1 1 1 2 2 4 4 8 8 70 158 216 240 247 244 247 248 249 248 243 220 127 39 3 3 1 2 2 3 1 1 1 1 1 1 1 1 1 1 1 1 1 3 3 4 7 7 8 9 8 64 157 227 243 247 249 250 250 250 249 250 250 250 249 250 249 249 250 216 134 51 15 11 8 5 8 6 4 4 4 3 2 2 1 1 2 3 3 3 4 4 3 4 3 3 3 3 2 3 3 2 2 3 3 5 9 8 6 6 6 6 10 12 9 8 10 10 10 12 12 12 15 18 19 25 66 162 238 251 249 250 249 249 249 249 249 249 249 248 248 249 249 
127 223 252 249 251 251 239 218 209 215 230 244 249 248 248 248 249 250 248 247 249 249 248 252 251 215 102 36 6 0 1 2 3 3 4 3 3 3 3 2 1 1 1 1 2 2 3 3 5 14 86 192 248 247 247 247 248 251 250 249 248 243 199 95 19 7 3 2 3 2 1 1 1 1 1 1 1 1 1 1 1 1 2 2 3 5 7 7 8 11 16 72 171 238 244 247 248 249 250 250 250 250 250 250 250 249 249 250 240 181 82 19 14 12 8 6 7 7 4 4 4 3 3 3 2 2 3 4 4 4 4 4 4 4 4 3 4 4 4 4 4 4 4 4 4 5 9 9 5 5 5 7 8 11 11 8 8 8 9 9 9 10 12 15 18 17 39 146 240 251 249 249 250 250 249 249 248 248 248 248 245 242 241 
130 222 251 250 245 226 172 119 108 125 169 220 249 250 248 250 250 249 245 244 247 249 248 248 234 189 64 23 6 1 2 2 3 3 4 3 3 3 3 2 1 2 2 2 2 2 3 2 4 32 95 191 248 241 245 248 249 251 251 251 247 247 240 192 100 37 7 2 3 1 1 1 1 1 1 1 1 1 1 2 1 1 2 2 4 4 4 4 4 14 28 124 215 248 248 248 249 249 250 250 250 250 249 249 250 249 249 245 227 151 54 12 12 10 9 6 5 7 5 4 3 3 3 3 4 3 3 4 4 5 7 7 7 4 4 4 4 5 5 4 4 5 4 3 4 5 9 10 7 5 7 8 9 9 10 8 8 9 8 8 9 10 14 21 23 18 37 149 240 252 248 249 250 250 249 249 248 248 248 248 245 243 244 
113 203 243 246 233 187 111 59 52 72 129 201 244 250 248 247 250 247 242 242 244 243 245 240 194 101 3 2 3 1 2 3 3 3 3 2 2 2 2 1 2 3 3 4 5 4 2 4 3 74 153 217 250 247 249 251 251 251 251 251 248 248 243 242 160 61 9 3 3 1 1 1 1 1 1 1 1 1 1 2 3 3 3 3 5 3 2 3 2 26 77 172 238 249 248 249 249 249 250 249 249 249 249 249 250 249 249 242 205 121 36 7 10 8 11 8 5 8 7 5 4 4 3 2 4 7 5 4 4 5 8 8 7 7 5 5 5 5 5 5 6 6 4 4 4 5 9 8 8 8 8 7 8 7 7 7 10 11 11 12 12 12 12 17 23 33 79 183 247 252 247 247 249 249 250 250 248 249 249 249 248 248 248 
90 167 197 202 193 156 117 102 101 117 157 208 242 250 250 250 249 248 247 248 250 251 250 220 139 58 2 2 1 1 1 2 2 2 2 2 1 2 2 1 1 1 2 5 9 7 4 7 25 111 201 241 249 250 251 251 251 251 251 251 250 251 233 215 134 50 11 4 4 2 1 1 1 1 1 1 2 1 1 2 3 3 5 3 1 0 8 12 32 85 163 224 252 251 250 250 250 250 250 249 249 249 249 248 249 248 248 241 203 127 46 10 10 6 10 10 7 9 8 7 5 5 5 3 4 4 4 4 5 7 8 8 8 8 9 10 10 10 10 10 10 9 8 8 8 9 10 10 9 7 7 5 8 10 10 9 11 12 11 11 10 10 17 37 67 108 164 225 251 252 247 247 250 250 250 250 248 249 249 249 249 250 250 
59 104 121 124 128 125 124 125 135 152 174 195 209 216 220 224 222 223 231 241 242 245 240 175 70 1 3 2 1 1 1 1 1 1 1 1 1 2 2 1 1 1 2 5 12 11 7 5 57 153 234 250 251 251 251 251 251 251 251 251 250 250 219 145 60 16 9 5 3 2 2 2 1 1 1 1 1 1 2 2 3 4 5 1 4 32 68 87 125 177 233 252 252 252 251 251 250 250 250 249 249 249 249 249 250 248 247 244 228 181 121 81 66 39 21 15 11 10 8 5 4 4 4 3 4 5 7 8 8 8 9 9 9 11 11 11 11 11 11 11 10 9 11 11 11 11 12 14 11 8 8 10 14 17 16 14 12 12 19 26 33 48 78 119 166 208 230 244 251 252 249 248 251 251 249 249 248 247 244 241 242 248 249 
31 46 51 52 59 71 74 71 78 91 108 116 121 128 137 137 135 142 148 152 159 165 174 127 45 4 2 2 1 1 1 1 1 1 1 1 1 1 1 2 2 1 2 4 11 14 9 3 94 196 242 243 245 250 251 251 251 251 251 251 250 236 182 79 17 3 6 6 3 2 2 3 3 3 2 1 1 2 2 2 4 5 5 1 25 107 171 201 221 243 253 253 251 251 250 250 250 250 250 249 249 249 249 250 250 248 245 245 242 230 215 188 155 103 59 35 21 11 7 7 5 5 5 8 8 7 7 7 7 5 5 5 8 8 7 5 5 4 4 4 5 7 8 7 7 8 10 10 8 7 10 11 11 17 26 39 51 60 80 110 131 153 183 215 238 250 250 250 251 252 250 250 251 250 249 249 248 245 243 237 237 245 249 
17 17 14 14 18 24 24 18 16 23 32 37 40 45 47 49 49 51 53 54 53 57 69 51 23 3 2 2 1 1 1 1 1 1 1 1 1 1 1 2 2 2 2 3 11 15 16 9 104 199 245 251 248 248 249 249 250 251 251 251 250 241 170 66 12 2 2 4 3 3 5 8 8 7 5 4 4 5 4 3 4 5 8 3 39 143 227 254 248 248 252 252 251 251 251 251 251 250 249 248 248 248 248 248 248 247 247 248 244 245 245 222 184 127 74 43 29 15 9 11 12 10 12 15 16 13 10 8 8 10 14 18 22 23 24 29 33 32 33 37 38 40 39 38 32 33 36 34 36 42 47 44 40 53 78 108 139 163 186 214 227 235 244 249 248 248 249 250 251 252 250 250 250 249 249 249 248 247 245 241 242 247 249 
11 11 11 10 12 16 12 9 8 10 12 16 17 18 18 19 19 18 19 25 22 16 11 9 7 3 3 2 2 1 1 1 1 1 1 1 1 2 2 2 2 2 3 3 11 21 20 11 73 131 167 192 216 227 228 241 245 245 248 247 249 250 205 141 53 11 1 4 3 4 8 11 12 10 9 9 8 9 7 5 4 7 9 4 21 101 198 249 252 245 250 251 251 251 251 249 249 249 248 248 250 250 251 251 252 252 252 249 240 234 219 182 139 89 51 35 30 24 19 22 22 18 17 18 20 22 28 38 43 72 92 102 107 107 110 120 125 129 136 139 137 140 144 144 128 121 125 130 132 138 142 139 134 144 159 180 208 231 245 252 253 251 247 245 245 248 249 250 251 251 250 250 250 249 249 249 248 248 248 249 249 249 249 
9 9 9 9 11 11 10 10 11 10 11 13 14 14 14 15 16 15 14 10 10 7 5 4 1 2 2 2 1 1 1 1 1 1 1 1 1 1 1 2 2 2 2 3 12 25 31 19 36 56 81 104 115 137 163 193 217 216 224 230 240 248 248 207 165 73 20 4 4 4 10 13 16 13 11 10 11 11 9 6 6 8 10 5 25 102 187 238 251 245 248 251 251 251 250 251 251 250 249 248 251 251 251 243 231 224 214 202 193 185 160 118 85 58 45 38 31 32 33 32 35 36 39 47 57 67 93 132 165 193 209 215 213 214 219 220 221 226 231 230 228 230 230 233 229 223 227 231 231 230 230 227 222 221 221 224 234 244 245 247 247 245 247 245 244 247 248 250 250 250 249 249 250 249 249 248 249 249 249 250 251 249 249 
8 6 9 9 11 10 10 10 10 9 10 11 11 12 12 14 15 15 14 11 9 5 4 3 2 2 2 2 1 1 1 1 1 1 1 1 1 1 1 1 1 2 3 3 11 28 39 28 16 22 24 39 58 67 86 114 136 137 145 158 170 181 189 171 149 49 4 5 4 4 9 12 16 15 11 10 11 11 9 8 6 6 7 8 18 81 173 228 248 248 250 251 251 250 245 241 234 229 220 212 213 209 202 186 164 142 124 111 102 95 82 64 54 50 46 38 32 36 38 39 43 53 81 124 156 174 199 226 238 245 251 252 252 251 251 253 252 251 251 252 252 251 251 250 251 252 252 252 252 252 252 252 252 252 249 247 245 245 247 248 248 247 248 247 247 249 249 250 249 249 250 249 249 249 249 249 249 249 249 249 249 249 249 
12 11 11 11 11 15 12 11 11 12 15 14 16 16 15 15 16 17 17 14 9 8 4 3 2 2 2 2 2 2 1 1 1 1 1 1 1 2 2 2 1 2 3 2 11 26 48 53 34 26 23 29 23 32 39 50 57 55 62 69 77 90 96 79 75 10 0 6 4 4 8 10 18 17 12 11 11 11 11 10 8 6 5 13 29 73 136 173 189 194 199 199 195 193 186 177 160 151 139 134 137 136 124 110 99 84 79 78 74 73 76 78 78 74 66 60 58 65 72 71 71 79 117 179 213 228 234 237 241 241 243 243 243 243 243 242 243 243 245 247 248 248 249 249 249 249 250 249 251 250 250 250 250 251 250 251 251 250 250 250 250 249 249 249 249 250 250 250 249 249 250 249 249 249 249 249 249 249 249 249 249 249 249 
20 20 22 20 20 22 21 18 18 21 23 21 23 22 21 19 20 20 19 16 12 8 4 3 2 2 2 2 2 2 1 1 1 1 1 1 1 2 2 1 1 2 3 2 5 18 43 54 48 37 30 34 26 31 33 36 36 36 41 39 37 43 46 30 12 3 0 12 10 7 7 8 16 16 12 11 14 14 16 11 9 6 5 16 26 46 67 84 101 104 107 107 103 103 101 97 90 90 94 110 127 128 113 108 117 128 138 148 152 159 163 164 163 159 149 143 145 150 157 158 152 157 175 203 213 215 217 219 221 227 231 231 233 235 235 235 235 238 241 243 244 243 237 231 231 238 245 249 250 250 250 250 250 250 249 250 250 250 250 250 250 250 250 250 249 250 250 250 250 251 250 250 250 249 249 249 249 249 249 249 249 249 249 
23 19 18 19 18 19 19 18 18 17 18 16 18 17 19 20 19 19 19 12 11 10 5 2 2 2 2 2 2 2 2 2 1 1 1 1 1 1 1 1 1 1 2 2 4 10 27 39 40 36 37 40 35 36 35 33 35 38 43 44 38 30 30 17 10 4 2 4 8 7 5 5 9 12 10 9 11 14 13 11 10 10 9 19 25 33 47 56 61 68 72 71 72 82 85 85 94 111 129 155 175 177 166 170 186 201 210 215 222 228 231 232 231 231 226 224 230 235 237 238 236 235 233 233 231 229 229 229 230 233 235 235 235 236 236 236 235 238 238 238 238 238 230 212 203 216 233 247 249 249 250 250 250 251 251 250 250 250 250 250 250 250 250 250 249 250 250 251 251 251 250 250 250 249 249 249 249 249 249 249 249 249 249 
31 27 27 26 29 32 35 37 37 36 36 33 35 36 38 39 38 38 39 25 10 11 7 3 3 3 2 2 2 2 2 2 1 1 1 1 1 1 2 2 2 1 1 2 4 9 13 18 34 45 55 53 49 54 50 46 44 46 50 52 52 44 34 23 3 3 4 3 2 3 3 4 6 8 6 7 7 8 9 9 8 8 8 32 68 100 117 121 124 136 137 134 139 144 144 142 157 177 191 205 213 214 208 212 223 230 231 233 236 242 245 245 246 246 247 249 250 251 251 251 251 251 250 252 251 249 248 247 247 247 247 247 247 245 245 245 243 243 245 243 243 243 240 222 213 222 235 247 250 249 249 249 250 250 251 250 250 250 250 250 250 249 249 249 249 250 250 251 250 250 250 249 249 249 249 249 249 249 249 249 249 249 249 
74 82 95 100 112 122 125 128 130 132 136 134 134 132 130 134 135 122 135 112 79 16 12 5 3 3 2 2 2 2 2 2 1 1 1 1 1 1 2 2 1 1 1 2 4 5 4 7 56 110 150 144 139 142 143 136 120 132 131 128 136 124 92 37 5 10 5 3 1 1 2 3 4 3 2 4 4 4 5 5 8 9 10 54 128 185 202 207 211 214 214 213 215 214 213 213 222 226 229 232 230 229 231 234 238 243 243 245 247 247 247 247 248 247 247 249 249 248 249 249 249 249 249 251 251 249 249 249 248 248 248 249 250 250 249 250 248 248 248 248 247 247 244 243 242 244 247 249 250 250 250 249 249 249 249 249 249 249 249 249 249 248 248 249 249 249 249 249 249 249 249 249 249 249 249 249 249 249 249 249 249 249 249 
115 136 167 184 197 206 209 214 216 224 227 227 227 227 226 227 228 215 229 199 148 24 16 8 3 3 2 2 2 2 2 2 1 1 1 1 1 1 1 1 1 1 1 1 3 3 4 11 79 164 224 230 228 230 233 227 216 237 238 226 235 224 184 70 4 3 5 5 2 1 2 2 3 3 2 2 2 4 5 6 8 9 11 62 154 227 240 240 244 248 249 250 249 248 249 250 250 248 245 244 242 244 247 249 250 251 251 249 248 247 248 248 249 249 249 250 250 250 250 250 249 249 249 249 249 249 250 250 249 250 250 249 250 250 249 251 248 248 248 249 249 249 250 250 250 250 250 249 248 250 250 249 250 250 249 248 249 249 248 248 248 248 248 248 249 249 249 249 249 248 249 249 249 249 249 249 249 249 249 249 249 249 249 
114 136 163 171 177 178 186 194 193 198 196 199 201 205 219 220 220 220 222 185 121 25 16 8 4 4 2 2 2 2 2 2 1 1 1 1 1 1 1 1 1 1 1 1 2 2 4 8 71 165 241 245 253 253 253 243 238 253 253 244 251 249 216 108 17 1 4 4 2 1 2 1 1 2 2 2 2 4 5 7 9 10 13 65 174 245 251 248 249 250 251 251 250 251 252 252 249 249 247 244 245 247 248 248 248 249 250 250 250 249 249 249 249 249 250 250 251 250 250 250 250 249 249 249 249 250 250 250 250 250 250 250 250 249 249 250 248 249 249 249 249 249 249 248 249 250 251 249 247 248 248 249 250 251 250 249 249 249 250 251 250 249 247 249 248 248 248 248 248 248 248 248 248 249 249 249 249 249 249 249 249 249 249 
68 74 86 90 92 93 100 102 104 107 109 112 117 123 144 143 143 134 138 119 89 28 18 8 5 4 2 2 2 2 2 2 1 1 1 1 1 1 1 2 1 1 1 1 3 4 4 3 59 157 241 243 248 252 249 244 244 253 251 241 247 243 210 97 17 5 5 3 2 1 2 1 1 2 2 2 2 4 5 7 6 10 13 65 173 240 249 247 247 248 249 249 249 249 250 249 249 249 248 247 247 248 248 248 249 249 250 251 250 250 250 250 249 249 250 250 250 251 251 250 250 250 250 250 250 249 249 249 249 249 250 250 249 249 248 250 249 249 249 249 249 250 249 249 248 249 250 250 248 248 249 249 250 251 250 250 250 249 248 248 247 248 248 249 248 248 249 248 247 245 247 247 248 248 248 248 248 248 249 249 249 249 249 
37 40 40 45 46 47 45 45 45 46 50 53 56 63 68 72 72 52 68 66 51 26 17 10 8 5 2 2 2 2 2 2 1 1 0 0 0 0 1 1 0 1 1 2 3 4 5 5 47 157 243 244 247 248 248 248 249 249 249 243 249 245 209 92 17 5 5 4 2 1 1 1 1 2 2 2 3 3 3 3 5 10 14 65 170 240 252 249 249 251 251 251 251 251 250 251 251 249 249 249 249 249 249 249 249 250 250 251 251 250 251 251 250 250 250 249 249 249 250 250 250 250 250 250 250 250 249 249 249 249 250 250 249 249 248 249 250 250 250 250 250 251 249 249 249 249 250 250 250 249 250 250 251 251 251 250 251 241 230 230 231 236 242 247 248 248 249 248 248 248 248 247 247 248 248 249 249 249 249 249 249 249 250 
54 54 54 57 61 63 60 59 59 59 59 63 66 73 75 80 78 72 79 81 75 41 32 17 8 5 1 0 1 1 1 2 1 1 0 0 0 0 1 1 0 1 1 2 3 4 5 5 44 152 247 248 245 244 247 248 250 248 247 244 250 245 214 103 25 8 7 4 3 2 2 1 2 2 2 2 4 4 4 3 7 16 18 74 180 243 253 251 250 251 251 251 251 251 251 251 251 250 250 251 251 250 250 249 250 250 250 248 248 249 250 250 250 250 250 250 249 250 250 250 250 249 250 250 250 250 249 249 249 249 250 250 250 250 250 250 250 250 250 250 250 251 250 250 250 250 250 250 250 250 249 250 251 251 250 250 247 226 206 217 233 237 244 246 248 248 249 250 250 251 249 248 248 249 249 249 250 249 249 249 249 249 249 
108 111 114 118 125 124 124 123 123 124 124 128 132 137 139 141 143 146 150 159 157 113 70 8 12 6 1 1 0 1 2 2 1 1 0 0 0 0 1 1 1 1 2 2 4 5 7 7 46 141 244 253 250 249 249 250 250 248 247 245 251 244 221 127 30 10 7 4 3 2 2 2 2 2 2 2 4 4 7 8 10 15 22 82 187 245 252 250 251 252 251 251 251 251 251 250 250 250 251 251 251 251 250 250 249 248 247 247 249 251 251 250 250 250 250 249 250 250 250 250 250 249 249 249 250 250 250 250 250 250 250 250 250 250 250 250 250 250 250 250 251 251 250 250 250 250 251 251 250 250 250 250 251 251 250 248 238 217 205 227 243 244 244 243 244 247 248 247 247 247 245 247 248 248 248 249 249 249 249 249 248 248 248 
163 171 177 184 186 185 185 186 186 188 189 191 194 196 198 199 201 203 207 215 216 212 152 75 18 10 2 1 0 1 2 2 1 1 0 0 0 0 1 1 1 1 2 2 3 5 7 8 42 130 223 249 252 252 252 252 252 252 251 249 252 248 226 129 38 12 5 4 3 2 2 3 2 2 2 2 4 4 7 7 10 14 20 85 191 245 249 250 251 252 251 251 251 251 250 249 250 250 251 251 251 251 250 249 245 243 241 243 248 251 251 251 250 249 250 250 250 250 251 251 250 249 248 249 250 250 250 250 250 249 249 249 249 249 250 250 250 250 250 250 251 251 250 250 250 250 251 251 250 250 250 250 251 251 250 248 238 228 224 240 244 241 240 240 238 242 242 241 242 243 244 245 247 248 247 247 247 247 247 248 248 248 248 
165 177 180 184 185 187 186 184 183 183 182 184 184 185 186 187 187 191 195 207 213 224 193 138 20 16 12 11 6 5 4 3 1 1 0 0 1 1 1 1 1 1 2 3 4 5 8 9 31 103 193 236 244 249 248 248 249 249 248 251 253 252 228 128 38 12 5 3 3 2 2 3 1 2 2 3 4 4 8 8 9 13 19 86 191 240 248 252 252 251 251 251 250 250 250 250 250 250 250 250 250 249 250 250 249 249 248 245 247 249 251 251 251 249 249 250 250 249 251 251 250 249 249 249 250 250 249 249 249 249 249 249 249 249 249 250 250 250 249 249 249 250 250 250 250 250 250 249 250 249 249 249 250 250 250 250 247 243 244 245 245 244 243 244 243 244 245 244 245 245 245 247 248 248 248 248 248 248 248 248 248 248 248 
136 143 141 138 135 135 132 129 126 123 121 121 118 118 117 117 117 118 122 128 142 129 123 106 37 25 29 30 23 11 6 3 2 2 1 0 1 1 1 1 1 2 2 3 4 7 10 10 28 81 143 187 195 200 198 199 203 206 208 210 213 209 185 97 38 13 5 2 3 3 3 3 2 3 2 3 4 4 6 8 10 17 24 74 160 223 247 247 241 240 238 238 241 242 244 246 246 248 248 250 251 251 252 251 249 249 249 247 249 249 249 250 250 250 250 251 251 251 251 251 251 251 250 251 251 250 250 250 249 249 249 248 249 249 249 249 250 251 251 250 250 250 250 250 250 249 249 249 251 251 251 250 250 249 249 250 250 249 248 248 247 248 249 249 248 247 248 249 249 249 248 249 249 249 249 249 248 249 249 249 249 249 248 
97 96 94 93 87 82 82 79 77 73 70 68 68 66 65 62 59 57 56 56 56 53 52 39 44 30 21 15 7 10 7 3 1 1 1 2 2 2 2 2 2 2 3 4 5 7 10 18 26 31 71 101 95 94 96 97 99 101 104 103 99 108 84 39 17 10 5 4 4 3 2 1 2 2 3 4 4 5 7 8 9 17 25 67 138 193 189 173 171 173 170 174 179 180 185 193 201 206 213 222 233 235 229 226 222 213 203 200 207 217 223 229 221 220 224 233 237 242 243 244 246 248 247 245 244 245 245 247 247 247 248 245 245 249 251 250 248 249 250 250 249 250 250 250 249 249 250 249 249 249 249 249 249 248 249 248 248 247 247 247 248 249 250 249 249 249 250 249 249 249 248 249 249 249 249 249 249 249 249 249 249 249 248 
53 53 51 50 49 47 48 48 47 46 46 46 48 48 47 45 43 44 43 43 42 38 37 36 37 37 25 18 3 4 8 7 3 1 1 1 2 2 2 2 2 2 2 4 5 8 10 23 22 33 45 58 57 61 61 63 61 64 67 66 61 64 52 21 11 8 5 3 3 3 1 2 2 2 3 4 4 5 7 7 8 17 22 56 115 158 143 118 114 112 111 114 114 114 117 122 122 129 137 151 162 164 159 157 153 138 123 118 134 148 159 166 144 141 151 164 174 184 188 191 197 206 209 212 213 217 222 226 227 229 233 235 235 238 244 242 238 240 240 240 238 241 242 242 243 244 245 244 244 244 245 244 244 243 244 244 242 243 245 248 245 247 248 248 249 248 249 248 248 249 248 249 249 249 249 249 249 248 249 249 249 249 248 
30 32 36 38 42 44 46 46 46 46 46 47 50 50 48 47 45 45 46 45 45 43 43 32 32 44 38 30 10 1 0 0 0 0 1 1 2 2 2 3 3 3 3 4 5 9 12 15 18 26 43 61 59 65 66 66 62 66 71 72 73 77 66 38 8 5 3 2 3 2 1 2 2 2 3 4 5 5 7 5 9 13 13 44 75 103 116 123 132 143 143 138 137 137 137 139 139 139 144 150 150 150 151 148 143 136 128 129 138 144 144 137 136 129 131 138 143 150 157 163 167 174 180 186 188 189 195 200 200 201 202 206 209 212 213 222 224 226 222 216 213 210 215 217 222 229 230 229 230 230 232 234 234 235 235 234 234 234 238 244 244 244 245 247 249 249 249 248 248 249 249 249 249 249 250 249 249 248 249 249 249 249 249 
46 47 51 51 53 54 58 59 60 60 59 59 59 59 58 57 54 53 50 50 52 51 52 40 33 43 40 38 22 12 7 2 1 1 1 1 1 2 2 2 2 3 3 3 5 8 10 11 15 20 38 64 75 80 82 84 74 78 85 87 90 97 79 39 4 3 2 2 3 2 1 2 2 2 3 4 4 4 4 5 8 9 11 31 40 58 81 110 157 193 194 194 195 196 199 201 208 209 209 208 207 205 206 202 200 199 196 195 195 196 192 182 185 178 179 180 181 184 188 190 193 196 198 201 201 196 198 201 199 189 185 186 196 205 203 219 224 226 220 212 207 203 202 208 214 220 223 220 220 221 222 223 223 224 224 224 224 222 228 238 235 234 233 233 241 244 245 247 248 248 248 248 249 250 250 249 249 249 250 250 250 250 250 
79 79 77 74 73 72 71 71 70 67 66 64 60 58 56 53 52 51 47 44 46 46 49 35 31 32 32 35 29 18 5 5 2 1 1 1 1 2 1 2 3 3 3 4 7 9 11 12 16 22 35 65 72 73 74 76 75 79 83 87 91 97 76 33 5 3 2 2 2 2 1 1 1 2 3 4 4 4 5 5 8 9 9 15 12 19 34 66 132 178 193 196 198 199 199 191 191 203 207 208 212 212 210 209 213 215 215 214 215 217 217 216 214 210 214 215 215 217 219 221 222 221 220 219 219 210 208 213 213 207 201 202 209 220 222 236 240 238 235 234 233 233 230 230 231 233 234 234 230 226 223 222 222 223 222 223 224 228 230 231 233 230 231 230 237 242 244 247 247 248 249 249 249 250 250 250 249 250 250 250 250 250 250 
86 85 82 81 80 78 77 74 72 71 68 65 63 61 60 59 58 60 61 60 59 57 53 51 50 47 44 43 38 25 4 1 0 0 0 1 1 1 1 2 2 2 3 3 5 9 14 15 15 26 38 65 66 66 65 65 64 63 64 66 66 67 57 29 11 3 2 2 2 1 1 1 1 2 3 3 3 4 4 5 8 9 9 8 5 7 12 32 75 122 153 165 166 163 156 142 135 148 157 167 177 182 186 187 193 201 206 207 210 214 221 227 227 226 227 229 228 229 228 228 229 229 226 220 215 213 210 212 213 215 211 211 216 226 228 236 235 236 233 238 242 241 234 231 228 224 224 227 220 210 212 215 217 222 227 230 234 241 243 242 242 242 242 243 245 245 247 248 249 250 250 250 250 249 250 249 249 250 250 250 250 250 250 
76 78 78 78 78 79 80 81 84 85 87 90 95 98 101 102 104 108 113 117 118 116 115 116 116 110 99 87 78 65 33 16 2 1 0 0 0 0 0 0 1 1 1 1 5 10 15 21 14 35 61 103 110 115 115 115 109 109 106 103 96 89 65 36 18 5 5 4 3 2 1 1 1 1 2 2 1 3 4 5 6 7 9 9 7 7 12 20 58 113 153 167 169 163 158 152 146 150 160 172 179 187 192 193 195 200 202 208 213 217 223 224 222 219 219 221 220 220 220 219 221 222 221 217 213 209 209 208 209 208 206 205 206 212 215 217 216 220 220 223 227 219 207 189 182 173 174 180 179 177 186 202 206 213 222 233 236 240 245 249 251 250 250 250 250 249 249 248 248 249 249 249 248 249 248 248 248 249 249 249 249 249 249 
94 95 95 99 101 102 104 107 109 115 120 127 135 142 149 152 153 159 170 179 181 182 185 188 195 175 169 163 141 117 84 50 1 0 0 0 0 0 0 0 1 1 1 1 5 15 21 26 33 64 107 170 188 195 202 199 196 199 199 196 186 178 134 72 32 7 5 6 3 2 1 1 1 1 1 1 1 1 4 5 6 7 9 9 8 7 12 40 108 173 205 209 210 207 208 209 210 213 221 221 220 224 222 221 220 217 220 223 223 223 224 221 220 215 214 212 212 214 216 217 217 218 221 223 222 219 217 217 216 215 213 214 214 216 217 220 222 222 220 220 223 214 206 186 171 163 169 177 182 188 199 210 213 217 222 227 234 241 245 247 249 249 247 248 248 248 248 249 248 247 248 248 248 247 248 247 248 248 248 248 248 248 248 
142 143 143 146 149 151 148 144 144 148 151 153 155 156 156 153 155 159 178 190 187 191 203 216 208 214 216 198 186 178 151 115 8 5 1 0 0 0 0 0 2 3 1 0 8 19 27 29 1 29 82 151 187 198 208 213 212 231 236 242 241 224 174 75 23 5 5 5 4 3 2 2 1 1 1 1 1 2 3 4 6 6 8 9 10 9 14 58 166 223 236 237 240 237 237 238 243 246 245 242 242 242 242 242 242 243 243 243 240 237 237 236 238 237 236 234 234 235 235 235 236 237 238 240 240 240 239 238 238 237 235 237 238 238 238 241 242 242 238 238 241 240 235 231 226 220 222 224 228 233 235 236 235 236 235 235 239 244 245 248 248 248 247 247 248 248 247 248 248 245 247 249 247 247 247 247 248 248 248 248 248 248 248 
149 150 149 148 149 152 148 145 145 149 152 155 155 150 143 132 121 124 138 146 146 149 158 166 171 184 192 185 184 174 144 113 10 10 8 4 0 0 0 0 3 5 0 0 11 24 26 29 22 51 101 156 191 196 202 208 210 222 226 234 234 220 173 89 22 4 5 5 4 3 2 2 1 1 1 1 1 1 3 4 5 6 6 6 9 8 19 81 187 237 248 250 249 247 244 244 243 242 241 240 241 242 244 245 247 248 248 247 246 246 246 246 247 248 249 246 246 246 246 246 247 247 249 249 250 249 248 248 248 248 247 247 247 247 248 248 248 249 249 250 249 249 249 250 250 250 250 250 250 249 247 246 246 246 244 244 246 247 248 248 248 248 249 249 248 248 247 247 247 247 247 248 245 244 245 245 245 247 247 247 247 248 248 
97 97 95 94 92 94 94 95 94 94 94 96 98 97 89 82 80 84 87 92 93 93 95 96 101 112 111 107 111 117 108 82 32 20 19 18 19 23 31 37 39 38 37 43 63 75 78 89 95 121 159 192 212 212 216 218 222 223 221 222 221 216 181 93 26 7 5 5 4 3 3 2 1 1 1 1 1 3 4 5 5 5 5 5 6 3 15 50 152 223 249 251 249 247 247 247 245 243 243 242 243 244 247 247 247 247 248 249 249 249 250 249 250 250 249 250 247 247 248 248 249 250 251 251 251 251 251 251 250 250 250 250 250 250 250 250 251 251 251 251 251 251 251 251 251 251 251 251 251 251 251 250 250 250 250 250 250 250 250 250 249 248 249 250 250 250 250 250 250 249 247 244 242 241 243 244 245 247 248 248 248 248 249 
66 65 66 66 64 66 65 65 64 66 68 68 71 74 79 84 88 97 100 103 107 106 107 107 104 115 106 90 90 109 115 102 115 104 94 94 102 108 118 122 122 118 132 144 155 159 163 172 178 189 213 217 219 216 218 223 225 223 221 226 220 217 180 92 30 10 5 4 4 2 3 3 1 2 2 3 5 5 4 3 4 5 8 11 9 11 12 21 125 214 248 247 245 248 250 250 249 249 250 248 248 248 248 248 249 250 249 250 250 250 249 249 250 248 248 249 247 247 248 249 250 251 251 251 251 251 251 251 251 251 251 251 251 250 250 250 250 250 250 250 250 250 250 250 251 251 251 251 251 250 250 250 250 250 250 250 250 250 251 251 251 250 248 249 251 251 251 251 251 251 250 247 244 244 245 247 247 248 249 249 249 249 250 
82 86 92 94 95 99 101 109 117 125 128 128 131 136 143 151 158 167 170 172 177 179 180 180 181 185 179 169 159 160 166 170 177 181 178 181 192 195 200 205 206 206 211 218 215 209 204 202 196 193 199 207 221 216 214 213 208 202 199 195 181 166 135 71 25 12 8 6 3 4 4 5 4 4 4 7 8 8 6 3 1 11 33 48 71 98 107 109 163 223 245 245 245 247 247 248 249 249 248 247 247 248 248 248 248 249 249 249 249 249 250 250 250 251 251 251 249 250 250 251 251 251 251 251 251 251 251 251 251 251 251 251 251 250 250 250 249 249 249 249 249 249 250 251 251 250 250 250 250 250 251 251 250 250 250 250 251 251 251 251 250 249 248 249 249 250 249 250 249 248 250 248 247 249 250 250 250 249 250 250 249 250 250 
113 121 130 136 141 145 149 157 168 174 177 178 179 185 195 196 195 193 189 187 189 191 192 192 194 196 192 182 177 169 165 163 163 166 170 173 179 182 187 192 194 193 195 196 192 192 201 203 167 184 196 206 219 213 213 202 196 192 182 159 131 100 75 51 25 14 8 6 6 8 9 9 8 9 9 8 11 11 11 11 16 28 51 91 154 183 198 208 219 247 250 249 248 250 248 244 244 247 247 244 244 244 245 245 245 245 245 247 248 248 248 248 249 251 251 251 250 251 251 251 251 251 251 250 251 251 251 251 250 251 251 250 251 249 249 249 248 248 248 248 248 248 249 251 250 250 249 251 251 251 251 251 251 251 251 251 251 251 251 251 250 249 249 250 250 250 250 251 249 248 248 249 249 251 251 251 251 250 250 250 249 250 250 
109 117 128 135 136 138 139 142 144 145 150 151 149 153 163 160 155 144 131 124 123 122 123 124 124 124 124 116 109 101 96 92 90 89 88 87 86 86 89 92 95 98 101 103 113 123 132 151 158 172 181 200 207 203 208 203 199 196 191 164 139 117 97 63 41 25 16 12 14 15 15 15 15 15 15 16 19 19 21 25 23 36 52 80 123 152 180 199 219 236 242 242 243 250 251 250 249 251 249 247 247 247 247 248 247 248 249 252 252 250 250 250 250 250 251 251 250 250 249 249 249 249 249 249 249 248 249 250 249 250 251 251 251 250 250 250 249 249 249 249 249 249 249 249 250 249 248 248 248 248 248 248 248 248 248 248 248 248 248 249 248 248 247 248 248 249 249 249 249 247 247 247 247 247 247 247 247 247 247 247 248 248 249 
70 78 83 87 86 85 85 86 88 89 94 94 93 93 88 85 81 74 60 51 50 47 45 40 36 35 43 37 29 25 26 31 32 31 30 26 21 23 24 24 24 36 35 36 45 53 59 80 120 132 131 148 129 129 144 155 155 152 160 163 155 151 141 100 66 44 32 26 22 21 22 21 21 22 23 24 26 26 25 26 25 25 37 43 51 77 101 122 144 162 182 199 216 229 241 243 242 243 245 245 244 244 246 247 246 247 248 247 247 245 247 247 244 242 240 240 237 233 229 229 231 235 238 240 241 243 244 245 244 245 245 245 248 248 249 248 248 248 247 248 248 248 247 247 247 243 241 238 238 238 238 238 238 238 238 238 238 237 240 241 240 236 234 236 237 238 241 241 238 236 234 233 231 235 235 233 236 238 240 241 242 242 243 
38 40 42 43 46 46 50 53 59 62 63 60 58 54 49 42 36 31 26 22 25 25 21 16 15 17 17 15 15 17 17 18 19 21 22 24 21 18 21 24 29 38 46 47 43 47 50 51 48 55 63 68 68 68 70 74 87 92 97 94 99 90 74 63 60 45 33 25 24 23 23 23 24 26 25 26 28 29 29 28 26 32 36 38 38 38 44 54 80 82 106 134 161 188 207 220 226 222 219 216 212 210 209 209 208 212 215 215 214 212 207 205 196 195 193 192 187 179 170 169 184 200 213 215 217 220 222 226 229 234 240 235 234 237 241 240 237 236 234 231 230 231 233 234 235 238 237 233 233 233 233 230 231 234 234 233 233 233 231 233 229 223 223 227 229 231 233 231 229 224 222 220 220 226 224 223 224 227 230 233 235 240 241 
42 40 39 40 43 44 44 43 41 40 38 35 30 28 25 25 23 22 19 19 23 23 18 18 23 22 19 19 22 20 21 21 21 21 20 22 21 19 21 23 28 37 53 62 65 70 72 70 58 65 74 73 66 73 86 92 92 86 81 67 61 58 52 51 50 44 37 30 25 23 24 23 25 27 28 28 29 30 30 31 30 33 36 37 38 38 37 40 47 43 53 74 103 133 167 194 189 188 186 184 179 175 172 170 179 182 181 180 179 178 177 177 175 175 174 174 172 166 158 157 165 177 193 201 194 194 196 202 206 212 215 205 203 210 216 220 217 216 214 209 205 207 209 213 216 224 226 226 228 226 224 223 224 228 229 231 234 236 236 236 235 231 227 228 233 233 230 229 229 227 225 225 228 230 234 236 238 242 245 246 246 244 242 
39 40 42 42 44 46 44 38 36 35 33 30 26 24 22 21 19 18 18 17 19 19 19 19 18 19 20 19 20 20 19 19 19 19 20 20 22 23 23 24 26 31 43 52 60 63 70 74 70 82 92 96 94 104 110 102 97 84 70 60 51 45 42 40 39 38 36 32 28 25 25 25 26 30 30 31 32 32 32 32 33 35 37 39 40 43 46 47 49 49 51 57 67 90 121 150 158 169 173 175 177 177 177 178 187 187 187 185 184 185 187 187 191 191 189 188 186 179 171 169 166 160 160 171 166 166 167 171 173 173 174 167 167 180 188 201 201 202 203 202 199 198 198 198 199 199 199 200 199 195 195 195 195 193 191 193 201 212 222 227 228 229 231 233 236 239 240 239 240 241 242 241 242 246 245 244 246 245 245 245 244 242 237 
31 32 32 32 33 36 32 30 29 29 28 23 23 23 22 19 19 19 18 18 19 19 20 19 19 19 20 20 20 20 19 19 19 19 20 22 22 22 22 23 25 26 29 36 42 44 50 56 60 68 75 79 73 75 67 57 59 46 38 35 32 31 32 33 32 32 31 31 28 25 25 26 29 30 30 31 32 33 33 35 35 36 37 38 37 37 38 40 43 43 45 49 56 71 90 123 144 164 173 179 186 191 195 201 203 202 202 202 203 206 207 207 209 208 208 202 195 189 184 180 178 172 164 166 169 169 169 169 167 167 169 169 171 177 186 198 199 201 202 202 203 200 195 189 184 173 170 169 166 165 164 163 162 158 151 152 162 177 191 196 200 205 208 213 215 221 223 226 228 229 231 229 231 241 240 239 238 235 231 231 229 228 227 
35 35 36 33 33 30 28 26 26 25 23 21 21 22 22 20 19 19 19 19 18 18 20 20 19 21 21 21 21 21 22 22 22 22 22 22 23 23 23 24 24 24 25 28 29 32 36 39 42 47 47 46 45 43 38 35 32 30 29 29 29 29 31 32 31 31 31 29 26 25 26 26 29 30 30 31 32 33 36 36 37 37 38 37 36 35 32 33 34 38 38 43 57 81 107 135 155 170 178 182 187 193 198 202 202 200 201 202 205 208 210 214 216 217 220 217 206 206 207 207 207 208 208 208 208 208 207 203 201 202 202 205 205 205 206 206 207 208 208 206 206 202 193 182 175 169 165 164 164 166 165 164 163 159 156 156 161 171 176 178 177 180 184 184 186 188 189 190 188 188 187 185 187 196 210 219 212 213 213 209 210 214 221 
50 51 51 49 46 42 36 32 28 26 23 22 21 21 22 22 21 19 19 19 19 19 22 22 21 22 22 23 23 23 24 24 25 24 25 25 25 25 26 26 26 26 28 29 29 30 31 31 31 31 32 33 33 32 30 28 25 28 29 29 31 31 31 30 29 29 29 26 28 28 28 28 28 30 30 32 32 35 37 38 39 39 40 40 39 39 38 39 41 50 52 58 74 102 137 167 178 184 189 191 192 193 194 194 192 191 191 193 195 201 209 214 222 227 228 230 232 232 233 233 234 234 234 235 236 236 235 234 235 236 236 236 235 230 224 222 221 223 223 221 217 215 205 192 191 200 202 201 203 207 205 202 201 197 195 196 197 194 190 188 185 186 188 189 189 189 189 187 180 172 167 163 163 173 196 208 208 209 208 207 209 217 226 
64 64 65 64 59 55 47 40 32 29 26 24 23 22 22 23 25 24 23 23 23 23 23 23 23 24 24 25 26 26 27 29 27 29 29 29 30 30 30 31 31 32 33 33 34 33 32 32 29 28 25 26 28 31 31 30 30 31 33 33 33 33 32 31 30 30 29 30 31 31 30 30 30 32 33 35 35 35 36 37 37 38 39 39 39 40 40 43 43 56 62 72 87 112 145 173 188 202 208 214 209 208 208 209 208 207 209 214 219 223 227 233 237 241 243 244 244 246 244 244 243 242 242 242 242 242 242 242 242 245 246 248 246 243 241 238 240 241 243 242 238 236 230 223 228 240 244 244 244 244 243 242 239 238 237 235 232 228 227 225 223 223 223 227 228 227 226 224 221 216 213 207 207 215 227 233 235 235 234 235 238 242 240 
61 61 59 57 52 50 46 42 34 30 28 28 28 28 29 29 31 30 29 30 29 29 28 28 28 29 31 31 31 32 33 31 31 31 32 32 33 33 33 34 34 36 36 36 37 37 33 33 35 35 33 31 31 35 37 37 36 36 36 36 33 33 31 30 30 30 31 33 33 33 31 32 32 35 38 40 36 37 40 43 45 46 49 50 49 47 47 49 49 51 57 61 68 91 116 137 152 170 175 187 187 191 194 197 195 199 206 214 216 219 220 220 212 210 212 213 213 213 212 210 208 208 208 209 209 209 209 208 208 219 227 234 239 242 243 246 248 249 250 249 247 243 240 237 246 251 251 248 250 250 250 251 251 250 249 249 248 248 248 250 248 247 245 246 245 244 243 244 245 247 250 249 249 250 250 250 249 250 251 251 251 248 248 
64 63 57 51 47 46 50 50 46 41 38 37 39 39 38 38 37 36 35 30 26 28 30 31 31 29 30 32 33 31 30 28 30 31 32 33 33 33 34 34 34 36 35 36 36 36 36 36 36 37 36 35 37 36 34 34 32 35 39 39 33 35 33 33 32 32 31 31 31 32 32 37 37 33 39 43 36 33 40 47 50 48 48 46 44 44 42 45 51 60 65 70 74 84 99 109 121 129 131 143 138 141 141 142 143 146 146 148 148 149 151 153 149 148 145 145 144 143 141 137 137 138 143 150 158 162 163 166 162 189 201 213 229 241 246 247 249 251 251 251 249 241 226 223 236 244 245 247 248 249 249 249 249 250 250 249 250 250 250 250 249 248 248 249 249 249 249 249 249 249 249 249 251 251 250 250 250 250 251 251 251 249 249 
128 127 123 118 114 110 108 103 98 93 87 86 82 75 70 63 58 54 45 40 35 33 32 32 33 30 28 29 31 30 30 31 31 32 33 33 33 33 34 36 36 36 35 35 35 36 39 40 36 37 42 46 50 51 55 55 50 53 59 60 56 57 56 52 46 44 45 49 50 51 56 58 50 38 44 52 46 47 61 80 76 72 67 61 60 60 60 68 78 89 96 106 115 123 132 141 147 150 152 161 158 158 159 164 161 164 164 164 167 167 170 159 165 164 164 164 164 163 163 162 162 163 166 172 181 187 193 198 202 220 223 234 243 247 248 248 249 250 251 250 247 235 216 215 228 237 244 247 248 249 249 248 248 249 248 245 248 248 247 247 245 245 247 249 249 249 249 249 250 249 248 249 251 251 251 251 251 250 250 251 251 250 249 
206 205 203 202 200 195 185 175 173 167 157 150 139 130 119 98 83 67 51 45 39 35 33 32 34 36 33 33 33 33 36 37 35 36 37 35 33 33 36 37 36 36 36 38 43 48 53 58 51 60 71 78 93 102 110 117 121 123 121 118 113 116 116 114 103 101 103 107 110 113 116 110 100 94 104 116 122 120 128 142 136 136 131 127 129 128 131 139 147 150 153 159 165 171 174 177 186 195 200 205 206 206 206 206 206 209 210 212 210 212 212 209 215 217 217 219 220 221 222 222 224 228 233 236 235 234 234 235 234 228 223 226 224 227 238 243 246 246 246 244 242 235 228 228 235 242 245 244 244 244 245 244 243 244 245 245 245 245 245 245 244 245 245 247 248 248 248 249 249 249 249 250 250 250 249 249 249 250 251 251 251 250 249 
212 213 214 213 210 206 198 186 182 174 159 143 134 120 103 83 67 52 43 37 30 28 25 28 30 31 29 29 31 31 32 32 33 33 33 32 29 29 32 34 33 35 37 42 52 57 61 74 81 93 107 116 145 158 169 179 188 189 187 184 179 182 185 184 182 182 183 183 185 188 188 186 179 179 191 203 212 206 207 208 207 205 202 200 201 200 201 207 211 210 207 207 207 206 205 207 210 214 219 220 219 216 216 216 216 219 221 221 221 221 220 221 221 221 221 221 220 221 223 224 227 230 233 231 230 224 217 214 213 209 203 201 196 201 221 237 238 236 235 233 234 236 238 240 241 241 243 242 241 238 236 235 235 236 238 242 244 244 244 244 243 243 244 245 245 247 247 247 247 247 248 248 247 245 243 242 241 243 247 251 251 249 248 
195 195 196 191 182 177 170 163 151 139 128 111 102 92 82 79 74 73 71 66 59 57 57 56 57 57 58 57 59 61 63 61 61 60 57 56 54 54 58 60 57 60 64 67 80 87 96 109 128 138 150 158 176 185 188 192 196 202 207 213 218 221 222 223 224 226 227 229 230 233 235 236 234 231 235 241 241 240 240 240 241 241 240 240 240 241 241 242 243 242 241 238 237 235 235 235 236 237 238 237 236 236 235 235 235 234 235 235 236 235 236 234 234 231 229 227 222 220 220 222 222 219 214 210 208 207 207 206 207 208 208 206 203 209 223 230 230 228 226 227 231 235 237 239 239 239 241 241 238 235 234 234 234 235 237 240 243 244 243 242 242 242 243 243 243 244 244 244 245 245 247 244 242 241 233 226 226 230 240 249 251 250 249 
223 224 222 219 210 203 198 195 187 181 180 175 167 164 169 162 158 159 158 156 151 148 149 150 150 152 152 149 151 153 152 152 152 150 148 149 149 151 150 151 152 152 152 155 165 171 178 184 195 202 210 214 218 223 223 226 226 228 231 236 239 239 238 238 237 236 238 241 243 246 248 248 248 248 249 250 249 248 247 246 246 246 247 248 248 248 247 247 246 245 245 246 247 248 248 246 246 246 246 246 247 247 246 245 244 244 244 244 245 245 245 245 244 244 243 242 241 240 237 236 234 229 224 219 213 212 210 210 212 215 220 221 224 228 227 222 221 220 217 220 224 228 230 234 235 237 240 241 241 240 241 242 242 243 244 245 247 245 244 244 243 243 243 244 244 244 244 244 243 243 242 240 238 238 233 230 230 235 241 244 247 245 247 
252 251 249 247 245 244 241 238 240 241 241 240 236 237 241 234 235 235 235 234 234 232 234 236 236 235 231 228 230 230 230 231 233 230 227 227 227 230 231 233 234 233 233 234 234 237 241 243 244 247 248 248 240 241 243 243 241 238 241 242 242 243 242 241 240 236 237 242 245 248 249 249 249 248 250 250 249 249 248 248 249 249 249 250 251 252 251 251 249 249 251 251 251 251 250 248 248 248 248 249 249 249 248 247 248 247 249 248 248 249 249 249 249 249 249 249 248 248 246 245 242 238 234 230 226 224 227 229 229 231 234 236 241 241 231 221 219 219 218 220 221 222 226 230 233 236 241 243 244 244 244 247 247 247 248 248 248 249 248 247 245 245 245 247 247 245 246 247 246 243 241 241 241 243 244 247 247 245 244 242 243 241 242 
252 252 250 249 250 251 248 246 246 247 243 236 230 229 235 241 247 250 250 247 244 246 248 244 238 235 234 234 234 236 241 245 245 243 237 231 228 233 238 244 245 244 242 238 236 236 238 240 240 238 236 236 234 234 239 239 237 236 236 238 241 243 244 245 245 245 246 247 249 249 249 249 248 249 251 250 249 249 249 248 249 250 251 251 251 249 249 249 251 252 252 252 251 251 249 247 247 248 249 249 249 249 249 249 249 249 249 245 248 249 248 248 249 249 249 248 247 247 247 248 249 249 246 243 242 243 245 245 245 242 242 245 246 245 241 234 234 234 237 237 236 236 236 240 237 241 245 245 247 247 248 249 249 249 250 249 249 249 249 248 248 249 248 250 249 248 248 248 248 248 248 248 249 248 247 247 248 245 244 244 245 243 243 
