1 1 1 1 1 1 1 1 1 1 1 1 1 1 2 2 7 15 20 26 43 52 56 52 53 54 54 53 53 52 51 51 51 50 50 50 49 51 51 51 51 51 51 51 51 51 51 51 50 47 44 38 35 16 4 2 2 2 1 1 1 1 1 1 2 2 2 2 1 1 1 1 1 1 1 1 1 1 1 1 1 1 2 1 1 18 45 42 28 28 30 30 28 24 22 18 16 16 16 7 2 1 1 1 1 1 1 1 1 1 1 1 1 1 2 3 3 2 2 2 2 2 2 2 7 22 26 18 12 12 12 14 12 12 13 13 12 12 12 13 12 12 13 16 15 15 15 15 16 16 15 15 15 15 15 15 14 14 14 14 14 14 14 14 15 13 13 13 13 13 15 15 15 15 15 16 18 19 18 19 19 19 21 21 19 19 19 17 16 17 17 18 21 24 26 30 32 33 35 36 32 21 9 4 1 
1 1 1 1 1 1 1 1 1 1 1 1 1 1 2 3 7 14 19 27 43 52 56 52 53 56 54 53 53 53 51 51 52 54 56 53 51 51 51 51 51 51 51 51 51 51 51 51 50 47 44 40 38 21 4 2 2 2 0 1 1 1 1 1 2 2 2 2 1 1 1 1 1 1 1 1 1 1 1 1 1 1 2 1 2 16 44 49 39 38 39 37 33 31 28 24 18 15 16 7 2 1 1 1 1 1 1 1 1 1 1 1 1 1 2 3 3 2 2 2 2 2 1 1 10 25 30 21 12 11 11 12 12 12 13 13 13 13 15 13 15 15 16 15 15 17 16 15 13 13 12 12 12 12 12 14 14 14 12 12 12 12 12 12 15 15 16 16 16 16 16 16 15 15 15 16 18 20 21 22 22 22 22 22 21 21 21 18 18 16 16 18 21 22 24 28 30 30 32 33 29 19 9 4 1 
1 1 1 1 2 2 2 1 1 1 2 1 1 1 2 3 5 11 20 29 43 52 53 50 54 55 53 52 52 52 50 50 51 57 59 53 51 51 50 50 50 50 50 50 51 51 50 50 51 48 43 42 40 28 8 2 2 3 1 1 1 1 1 1 1 2 2 2 1 1 1 1 1 1 1 1 1 1 1 1 1 1 1 2 8 26 49 54 53 51 46 43 40 39 37 35 25 15 15 5 2 1 1 1 1 1 1 1 1 1 1 1 1 1 2 3 3 3 2 2 2 2 1 0 10 30 36 25 16 15 14 14 12 12 13 13 13 13 15 16 15 15 16 16 16 17 15 14 13 13 13 13 13 13 13 15 13 13 15 16 15 15 15 16 16 16 16 16 16 16 16 16 16 16 16 18 19 22 22 22 23 23 24 24 22 22 22 19 19 17 16 18 18 18 21 24 26 26 29 30 28 19 10 3 0 
1 1 1 1 2 1 1 1 1 1 1 2 1 1 2 3 7 12 23 31 43 51 51 46 51 54 52 51 51 50 49 49 47 51 52 50 49 49 50 50 50 50 50 50 51 48 47 47 50 48 43 42 42 32 12 3 2 2 1 1 1 1 1 1 2 2 2 2 1 1 1 1 1 1 1 1 1 1 1 1 1 1 1 3 7 25 47 56 55 54 51 50 47 45 45 45 32 22 18 5 1 1 1 1 1 1 1 1 1 1 1 1 1 1 2 3 3 3 2 2 2 2 1 1 11 33 38 30 20 18 16 16 15 15 16 16 16 16 16 16 16 16 17 17 18 19 17 15 15 15 15 15 15 15 15 16 15 15 15 16 17 17 17 17 17 16 16 17 17 16 16 17 16 18 18 18 22 23 24 25 26 25 25 25 23 23 21 21 21 18 16 16 16 17 19 23 24 25 26 28 26 18 10 5 1 
1 1 1 1 1 1 0 1 2 2 1 2 1 1 1 3 8 15 23 32 39 47 49 40 45 50 47 47 48 47 46 46 45 46 47 47 46 46 49 49 49 49 49 49 49 47 47 46 50 48 45 44 43 39 22 4 2 1 0 1 1 0 1 1 1 1 1 1 1 1 1 1 1 1 1 1 1 1 1 1 1 1 1 3 7 26 48 60 58 54 54 52 50 49 49 50 43 30 18 4 1 1 1 1 1 1 1 1 1 1 1 1 1 1 2 3 2 2 3 2 2 2 1 1 15 37 42 33 27 25 22 21 21 19 18 17 17 17 17 17 18 18 20 22 21 22 19 17 16 15 15 15 15 15 15 16 15 16 17 16 17 18 18 18 16 16 17 17 16 17 16 16 16 18 18 19 23 24 26 28 29 28 28 25 24 24 22 22 23 19 16 14 14 16 18 19 21 23 26 27 24 19 12 5 1 
1 1 1 1 1 1 1 2 3 3 1 1 1 1 2 5 11 17 24 33 44 49 46 40 42 44 44 44 45 44 42 42 39 42 43 43 46 46 46 46 46 46 46 46 46 45 45 46 48 48 44 43 40 38 27 9 2 1 0 0 0 0 1 1 1 1 1 1 1 1 1 1 1 1 1 1 1 1 1 1 1 1 1 2 5 26 53 64 59 56 54 53 52 52 52 53 51 36 18 3 1 1 1 1 1 1 1 1 1 1 1 1 1 1 2 3 2 2 3 3 2 3 3 1 18 45 51 42 34 33 30 28 26 25 24 23 24 24 24 23 23 25 27 26 23 24 22 19 18 17 16 16 16 16 16 16 16 17 18 17 18 19 19 18 18 18 19 18 17 17 18 18 19 21 23 23 26 29 29 30 29 29 28 25 23 22 19 21 22 19 17 16 16 17 17 18 18 22 24 25 24 21 12 5 1 
2 1 1 1 1 1 1 1 2 2 1 1 2 3 4 10 17 22 26 39 49 50 45 43 40 40 43 44 43 43 40 39 39 39 40 41 45 45 45 45 45 45 44 44 44 44 45 46 47 47 44 42 39 37 38 19 2 0 1 1 0 1 1 1 1 1 1 1 1 1 1 1 1 1 1 1 1 1 1 1 2 2 3 3 4 31 61 67 63 61 59 58 54 54 53 56 53 39 19 3 3 2 2 2 2 2 2 2 2 2 2 2 2 2 2 2 2 2 3 3 3 3 2 1 19 50 68 56 39 40 38 37 35 35 34 34 36 36 36 34 32 33 33 33 30 28 24 23 21 19 17 17 17 17 17 17 17 17 18 18 19 19 19 19 22 23 23 22 22 22 24 25 25 28 30 30 33 33 32 32 32 31 30 30 28 28 26 25 23 23 23 22 19 18 18 18 18 21 24 25 23 21 12 6 2 
2 1 1 1 2 1 1 1 1 1 1 1 2 4 8 12 19 22 29 43 53 52 46 42 40 40 44 44 43 43 41 40 40 40 40 41 44 44 45 45 44 44 44 44 44 44 45 46 48 48 46 46 46 46 48 30 10 5 3 3 1 1 1 1 1 1 1 1 1 1 1 1 1 1 1 1 1 1 1 1 2 2 3 3 10 38 63 63 58 63 61 60 54 53 53 56 53 40 21 3 2 2 2 2 2 2 2 2 2 2 2 2 2 2 2 2 2 2 3 3 4 3 2 2 21 52 71 58 45 45 45 46 45 42 40 40 41 41 41 41 40 40 43 40 37 33 30 28 26 25 23 23 23 23 22 22 19 19 21 21 22 21 22 23 25 29 32 35 35 35 35 35 37 36 37 39 39 39 39 39 39 38 37 37 37 37 35 35 35 32 30 28 25 25 24 23 22 23 25 25 25 22 12 5 1 
2 1 1 1 2 1 1 2 1 1 2 3 3 7 12 18 23 23 26 44 57 56 47 40 39 39 43 44 43 42 42 40 39 39 39 39 40 40 43 43 44 44 44 43 44 45 45 45 47 46 45 45 44 42 37 23 5 1 3 2 1 0 1 1 1 1 1 1 1 1 1 1 1 1 1 1 2 2 1 2 2 2 3 3 16 39 61 62 58 57 53 52 52 52 53 57 55 44 23 3 2 2 2 2 2 2 2 2 2 2 2 2 2 2 2 2 2 2 2 3 5 2 2 4 17 46 65 55 48 50 49 49 49 46 44 44 45 45 44 45 46 46 46 45 44 42 37 35 32 31 30 30 30 30 28 29 26 26 26 28 28 29 30 31 33 40 47 50 51 51 50 50 48 46 46 45 45 46 46 46 46 46 47 48 48 48 48 46 46 44 41 40 38 36 33 32 30 29 31 31 33 24 10 5 1 
2 2 2 2 3 3 3 3 2 2 3 4 7 10 17 20 23 22 24 45 65 61 49 43 44 44 44 44 44 44 43 43 43 43 43 45 49 47 44 43 42 40 43 45 40 43 44 44 45 51 57 64 66 68 73 71 47 18 1 0 1 1 1 1 1 1 1 1 1 1 1 1 1 1 1 1 2 2 1 2 2 2 3 5 21 60 103 119 115 102 93 82 74 64 59 58 53 43 23 5 2 2 2 2 2 2 2 2 2 2 2 2 2 2 2 2 2 2 2 3 4 3 2 3 15 43 60 53 51 52 50 49 49 49 49 47 46 47 46 46 47 49 49 47 49 47 44 42 39 39 38 38 38 38 38 38 37 37 38 38 37 38 39 40 43 51 59 61 61 60 60 58 54 54 51 50 50 51 51 50 51 52 54 54 54 54 54 55 55 55 54 52 48 46 44 41 38 38 39 40 40 30 12 5 1 
3 2 1 2 2 2 3 3 2 3 4 5 11 15 18 21 21 21 25 51 77 72 53 51 53 52 47 45 45 45 45 45 43 45 48 50 52 52 52 52 47 48 60 69 78 83 90 99 104 115 130 140 152 164 175 186 162 93 25 4 9 2 2 2 1 1 1 1 1 1 1 1 1 1 1 1 2 2 1 1 2 2 3 8 31 104 182 210 208 196 189 173 151 134 115 98 75 54 31 16 3 2 2 2 2 2 2 2 2 2 2 2 2 2 2 2 2 2 2 3 5 4 2 3 15 38 50 50 49 49 49 49 48 50 49 49 49 47 46 49 50 51 52 50 50 49 47 47 46 45 44 44 44 44 45 47 46 47 49 46 46 46 45 45 49 57 65 68 66 64 63 59 59 58 55 54 53 52 52 52 52 53 55 58 58 60 60 61 61 61 60 60 57 54 51 50 48 47 46 46 44 36 20 6 1 
4 2 1 2 2 2 3 3 3 4 4 8 13 16 18 21 21 21 25 53 80 72 50 46 50 50 49 47 50 51 53 54 61 67 75 79 86 93 102 110 117 121 138 154 174 185 198 208 219 223 231 237 237 242 248 251 235 170 79 26 14 3 1 1 1 1 1 1 1 1 1 1 1 1 1 1 2 2 1 1 1 2 4 9 40 139 234 252 249 248 244 242 236 228 208 182 144 101 61 32 4 2 2 2 2 2 2 2 2 2 2 2 2 2 2 2 2 1 1 2 4 3 1 3 17 43 51 50 51 51 50 50 51 51 51 51 51 50 49 50 50 52 53 53 52 52 51 51 51 50 50 50 50 50 50 52 51 51 52 50 50 50 47 49 49 57 64 66 66 63 60 57 58 57 55 55 53 52 52 52 53 54 55 58 59 59 61 62 62 62 62 62 60 59 54 53 51 50 47 46 45 38 22 6 1 
3 3 3 3 3 4 7 7 8 10 11 14 15 16 18 21 21 21 26 53 73 65 46 46 54 59 67 72 80 86 88 97 121 129 135 144 170 175 184 193 200 200 212 226 240 244 251 251 251 252 253 254 254 254 255 253 252 220 124 30 3 7 2 1 1 1 1 1 1 1 1 1 1 1 1 1 1 1 1 1 1 2 4 8 39 137 223 245 250 252 252 252 251 251 249 237 208 159 107 50 3 2 2 2 2 2 2 2 2 2 2 2 2 2 2 2 2 1 1 2 3 2 2 3 21 53 59 50 50 51 52 52 51 53 54 52 52 51 51 51 51 52 53 53 53 52 52 52 51 50 50 50 49 49 51 52 51 51 51 50 50 48 47 47 48 53 59 62 62 58 57 55 55 54 53 53 52 52 52 52 51 52 53 54 56 60 60 63 63 63 60 59 59 57 54 51 49 47 45 45 44 36 20 7 1 
3 4 4 4 4 7 9 10 12 15 16 16 16 18 19 21 21 21 26 48 65 71 75 87 102 109 117 125 129 131 134 139 156 162 160 164 173 172 169 171 174 170 169 171 177 180 184 187 188 192 196 207 206 214 217 224 227 200 110 18 1 8 2 1 1 1 1 1 1 1 1 1 1 1 1 1 2 2 1 1 2 2 4 8 33 106 180 216 227 228 224 222 219 214 208 206 190 158 115 62 5 2 3 2 2 2 2 2 2 2 2 2 2 2 2 2 2 1 1 1 2 2 2 3 22 53 61 49 49 52 54 54 53 57 58 54 54 53 53 53 53 53 54 54 54 53 53 53 52 51 50 50 49 49 51 52 51 51 50 48 48 48 47 47 47 50 53 55 57 55 54 54 54 53 52 53 52 52 53 53 52 52 52 53 56 59 59 60 60 60 58 57 57 54 52 51 49 47 45 45 44 36 22 8 1 
4 7 7 7 7 8 11 13 16 17 17 17 17 17 19 19 22 23 26 45 77 102 122 130 136 134 130 132 120 110 104 100 93 85 75 73 83 76 67 66 68 62 54 52 58 59 61 66 73 77 81 90 103 111 123 137 141 116 61 16 7 7 2 1 1 1 1 1 1 1 1 1 1 1 1 1 1 1 1 1 1 2 5 8 25 69 127 157 162 162 161 160 158 151 140 136 124 111 85 66 10 1 2 1 2 1 2 2 2 2 2 2 2 3 2 2 1 2 2 2 2 2 3 4 32 65 70 50 46 50 51 51 53 56 57 53 52 52 53 52 52 53 52 52 53 52 52 52 52 51 50 49 49 49 51 50 50 50 47 46 46 45 45 44 46 47 48 50 50 50 50 50 51 50 49 50 49 49 49 50 50 50 50 51 50 47 49 49 50 50 51 50 50 50 47 47 46 45 45 45 43 33 19 7 2 
8 10 11 12 11 11 13 15 17 18 17 16 17 18 18 21 22 23 25 40 71 94 101 95 87 81 68 65 52 40 37 32 27 20 17 15 16 15 12 11 11 9 9 9 12 13 17 18 19 20 21 25 29 37 44 49 51 44 30 16 9 4 2 1 1 1 1 1 1 1 1 1 1 1 1 1 1 1 1 1 1 2 4 7 17 45 81 94 95 96 97 98 96 89 88 86 85 78 58 49 10 3 3 2 3 1 2 2 2 2 2 2 2 2 1 2 2 2 2 2 2 2 3 5 37 72 80 51 47 47 48 48 49 51 53 51 49 50 49 50 49 49 49 49 50 49 49 49 49 47 47 47 46 46 48 47 47 47 45 43 43 43 43 43 44 44 44 45 42 42 42 43 45 45 44 43 43 40 42 43 43 43 43 42 40 39 40 40 40 40 42 40 40 40 40 40 40 39 41 41 40 31 17 7 2 
14 15 15 16 16 17 17 17 19 19 18 16 17 18 18 21 22 23 23 28 36 39 33 28 24 22 11 9 6 6 8 8 6 6 6 6 5 5 5 7 8 8 9 10 9 10 13 15 15 13 12 12 14 14 15 14 15 14 14 12 9 5 2 1 1 1 1 1 1 1 1 1 1 1 1 1 1 1 1 1 1 2 4 7 18 41 61 67 67 66 65 65 65 65 66 66 68 62 56 50 9 5 4 3 4 1 1 2 2 2 2 2 2 2 1 2 2 2 2 2 2 2 4 11 31 63 87 52 50 45 44 44 45 47 50 47 45 46 45 46 45 45 45 45 45 45 45 45 45 45 46 45 45 45 45 44 45 45 43 40 39 39 39 40 40 40 40 42 40 40 40 42 43 43 44 43 43 41 40 42 40 40 40 39 39 37 37 37 37 37 36 37 37 37 37 37 37 37 38 38 37 28 13 6 2 
19 19 18 18 18 18 17 18 18 18 17 16 17 18 19 19 23 24 25 23 14 8 5 5 6 6 4 4 4 5 4 4 4 4 5 6 7 8 9 9 8 8 9 9 8 8 10 10 9 11 10 10 10 10 10 10 9 8 10 10 9 7 2 1 1 1 1 1 1 1 1 1 2 2 2 2 2 2 2 2 1 2 5 5 25 59 88 96 94 93 94 95 101 104 106 110 116 114 102 85 39 9 7 3 2 1 1 1 3 2 2 2 2 2 1 2 2 2 3 3 3 2 3 5 9 39 73 44 48 44 42 40 41 43 44 43 42 42 42 42 42 42 42 43 43 43 43 43 42 43 43 43 43 43 42 42 43 41 39 39 38 39 39 40 40 40 40 40 40 40 40 42 43 43 44 43 43 41 40 40 39 39 38 39 38 36 36 36 36 36 36 36 36 35 35 36 35 35 36 37 33 24 12 5 1 
21 22 19 18 19 18 17 18 18 18 17 17 16 18 19 19 23 24 25 23 14 9 8 8 8 8 8 6 5 4 3 3 3 3 3 3 3 4 5 5 7 5 5 5 5 4 4 4 5 7 7 7 6 8 9 10 8 7 10 10 10 7 3 1 1 1 1 1 1 1 1 2 2 2 2 2 2 2 2 2 1 2 4 7 38 96 148 162 157 165 165 170 180 180 181 184 187 187 172 131 74 10 6 3 1 2 1 2 2 1 2 2 2 2 1 2 2 3 4 3 3 3 4 2 2 28 54 45 47 40 39 37 38 39 40 40 41 41 40 40 40 40 40 40 39 39 39 39 40 40 42 40 40 40 40 41 40 40 39 38 39 40 39 39 40 40 40 39 39 39 39 40 41 41 40 39 40 39 38 38 38 38 38 37 35 33 33 33 33 35 35 35 35 32 32 33 32 32 32 35 32 23 12 4 1 
19 22 21 19 19 18 16 18 19 19 17 17 16 17 19 21 24 24 26 23 14 9 6 6 6 6 6 6 4 4 3 3 3 3 3 3 4 3 3 4 5 5 5 4 4 4 4 4 5 7 7 7 8 8 8 8 7 5 9 11 10 7 2 1 1 1 1 1 1 1 1 2 2 2 2 2 2 2 2 2 1 2 4 9 59 143 200 212 212 217 217 217 220 221 222 223 226 224 213 169 86 11 6 4 3 3 2 1 2 1 2 2 2 2 1 2 2 3 4 3 3 4 5 7 10 17 37 50 44 28 32 36 38 38 39 39 39 39 39 39 40 39 40 39 37 38 38 39 39 39 39 39 38 39 39 39 39 39 38 38 39 38 37 38 38 38 38 38 37 37 38 39 40 39 38 38 38 37 36 37 37 36 36 33 32 32 32 33 33 33 32 32 32 32 31 31 31 31 31 30 30 22 11 3 1 
20 20 18 18 18 18 17 17 19 19 17 17 18 17 19 22 24 25 27 23 12 5 4 4 4 4 4 5 3 3 3 3 3 3 3 4 3 3 3 4 4 4 4 4 4 4 5 5 6 7 7 7 7 7 7 5 4 4 9 11 11 8 2 1 1 1 1 1 1 1 1 2 2 2 2 2 2 2 2 2 1 2 5 7 76 168 221 223 223 227 224 223 223 226 227 226 226 223 215 178 69 15 5 2 2 1 1 1 1 1 2 2 2 2 2 2 2 3 3 3 3 4 3 5 2 9 33 44 32 24 29 40 40 39 38 38 38 38 38 38 37 37 37 37 38 39 38 37 38 38 39 39 38 38 38 36 38 38 38 38 38 38 38 39 37 37 36 37 36 37 37 37 38 37 38 38 37 37 36 35 36 35 33 32 32 32 31 32 32 32 30 30 30 31 32 32 31 31 30 29 29 21 9 2 2 
22 20 18 18 19 18 18 17 19 19 19 18 18 19 19 22 24 26 29 24 12 5 4 4 4 4 4 4 3 3 3 3 3 3 3 3 3 3 3 3 4 4 4 4 4 4 5 5 6 7 7 7 7 7 7 7 3 4 9 11 10 8 3 1 1 1 1 1 1 1 1 2 2 2 2 2 2 2 2 2 1 2 5 7 79 172 216 216 217 220 217 217 219 215 212 208 202 199 192 163 48 17 5 0 2 1 1 1 1 1 2 2 2 2 2 2 3 3 3 4 3 3 2 3 4 8 43 41 37 38 40 43 41 39 37 37 37 38 37 37 37 37 37 37 37 39 38 38 38 38 39 38 38 38 37 36 37 36 36 36 37 37 37 38 36 36 35 36 36 36 36 36 37 36 38 38 37 37 36 35 33 32 32 31 32 32 31 31 30 30 30 30 30 29 30 31 31 31 30 29 28 21 8 2 2 
19 19 19 19 17 17 16 18 19 18 19 21 19 21 22 22 24 25 28 24 12 4 4 4 3 3 3 3 3 3 2 2 2 2 2 2 4 4 3 3 4 4 4 4 4 4 4 5 5 5 5 7 5 5 5 7 5 5 8 10 10 7 2 1 1 1 1 1 1 1 1 1 1 1 1 2 2 2 2 2 1 3 5 7 71 157 188 186 181 180 171 166 171 160 156 152 145 139 132 113 55 37 5 0 3 1 1 1 1 1 2 2 2 2 3 3 3 2 3 3 3 4 3 5 30 44 33 38 36 37 38 39 41 39 37 37 38 38 38 38 38 37 37 37 36 37 37 37 38 38 38 37 37 38 37 36 36 36 37 37 37 37 37 37 35 35 35 36 37 37 36 37 35 36 37 37 36 37 36 35 36 34 31 32 32 32 31 31 32 32 32 31 31 30 31 32 32 32 32 31 29 21 9 3 2 
18 19 19 19 18 18 18 18 19 18 19 21 21 19 22 22 23 28 29 23 10 4 4 4 3 3 3 3 2 2 2 2 2 2 2 3 4 4 3 3 4 4 4 4 4 4 4 4 5 5 5 5 5 5 5 5 5 5 4 12 12 5 2 2 1 1 1 1 1 1 1 1 1 1 1 2 2 2 2 2 2 4 7 7 50 103 118 109 105 101 94 86 81 78 73 72 71 64 64 59 45 32 8 0 5 3 2 2 2 2 2 2 2 2 3 3 3 3 3 4 3 4 5 10 18 35 42 36 26 31 33 36 39 37 37 38 38 37 39 39 38 37 36 36 36 36 36 36 36 36 37 37 37 38 38 38 38 38 39 38 38 38 39 39 37 37 37 37 38 38 38 37 35 36 37 37 35 36 36 37 37 36 33 33 33 33 33 33 36 34 34 33 32 32 32 33 33 33 33 32 31 23 10 5 2 
18 19 19 19 18 18 19 19 19 18 19 19 18 19 21 21 22 26 28 23 10 5 4 4 3 2 3 2 3 2 2 2 2 2 2 3 3 3 3 3 4 4 4 4 4 4 4 4 5 5 4 4 5 4 4 5 7 4 4 11 16 5 3 3 2 1 1 1 1 1 1 1 1 1 1 2 2 2 2 2 3 7 7 8 28 53 54 36 33 38 36 33 33 35 36 37 37 37 44 43 46 35 11 2 8 7 4 3 2 2 2 2 2 2 3 3 4 4 4 4 4 4 7 5 15 38 44 30 22 28 33 32 31 31 32 37 39 38 40 40 39 38 35 35 33 35 36 36 37 38 39 38 39 39 41 41 43 41 41 40 40 41 43 43 39 39 39 39 39 39 38 36 37 37 38 36 33 35 36 38 37 37 36 36 36 36 36 37 36 36 35 32 31 31 31 32 32 32 33 32 31 23 10 5 1 
18 18 18 18 17 18 21 22 21 19 18 19 19 19 21 21 22 28 28 22 10 5 4 4 2 2 3 3 3 3 2 3 3 3 3 4 4 4 4 4 4 4 4 4 4 4 4 4 5 5 4 4 5 4 4 4 4 5 5 11 12 7 3 3 2 1 1 1 1 1 1 1 1 1 1 2 2 2 2 2 4 8 5 8 23 44 38 17 25 47 54 59 64 72 78 78 79 82 81 68 104 65 19 9 12 9 7 4 3 3 3 3 3 2 3 3 4 4 4 3 4 7 5 5 28 52 46 42 38 42 44 38 35 36 38 44 44 43 42 38 38 38 37 36 36 36 37 38 38 39 40 39 39 39 41 44 44 44 44 43 43 43 44 44 42 42 42 42 40 42 40 40 39 40 40 37 35 35 37 39 39 38 38 38 37 38 38 38 37 37 37 36 36 36 36 37 37 36 35 36 35 23 11 5 1 
17 17 17 17 17 18 21 22 23 21 18 19 19 21 21 21 22 28 30 22 9 5 3 3 3 3 3 3 3 3 3 3 3 3 3 4 4 4 4 4 4 4 4 4 4 4 4 4 5 5 5 5 4 4 4 4 4 4 7 10 9 7 4 3 2 1 1 1 1 1 1 1 1 1 1 2 2 2 2 2 4 5 6 9 29 44 50 59 88 119 139 160 162 163 167 170 172 173 171 143 195 148 61 15 15 12 9 7 5 4 3 3 3 3 3 3 3 3 3 4 7 9 11 9 40 82 81 80 74 73 65 59 57 59 60 59 57 54 52 51 50 51 51 46 44 44 43 43 42 43 43 43 44 45 47 49 50 52 56 58 58 58 57 57 57 53 49 47 49 51 50 49 47 46 45 42 38 39 41 44 43 40 37 38 39 40 40 42 43 44 45 46 45 45 45 46 45 43 40 43 40 29 14 4 1 
17 17 17 17 17 17 18 21 23 21 19 19 19 22 22 22 23 28 30 23 9 5 3 3 3 3 3 3 3 3 3 3 3 3 3 3 3 3 3 4 4 4 4 4 4 4 4 4 5 5 5 5 4 4 4 4 4 4 5 8 8 5 4 2 2 1 1 1 1 1 1 1 1 1 1 2 2 3 3 3 7 8 11 15 40 65 105 152 196 211 217 237 238 231 235 237 240 243 238 210 242 193 94 22 16 12 9 7 5 4 3 3 3 3 3 3 3 4 5 4 4 8 8 3 65 140 157 148 136 132 122 116 112 110 106 103 100 96 93 89 87 85 81 77 71 70 66 65 64 65 70 68 68 73 80 86 93 100 107 111 114 116 116 111 109 105 93 87 87 88 86 86 84 80 72 66 63 61 64 65 73 62 54 53 53 54 56 57 58 60 64 62 61 61 62 64 64 61 60 63 61 43 21 7 1 
18 16 16 16 16 16 18 20 21 19 19 19 19 22 23 23 24 30 31 23 8 4 3 3 3 3 3 3 3 3 3 3 3 3 4 4 7 5 4 4 4 4 4 4 4 4 4 4 5 5 5 5 4 4 4 4 4 4 5 8 8 5 3 2 1 1 1 1 1 1 1 1 1 1 2 2 3 3 3 4 7 9 15 32 96 148 195 229 250 253 253 253 252 250 250 252 252 251 251 226 253 216 119 37 15 10 8 5 5 4 3 3 3 3 2 3 3 4 5 5 5 9 7 14 92 193 221 215 213 205 194 191 188 181 174 169 169 165 163 155 146 141 131 124 123 123 123 127 130 135 139 137 139 143 149 156 170 179 186 192 195 196 196 192 188 184 177 170 167 166 167 169 167 164 150 137 131 130 130 131 146 131 123 113 109 110 113 115 115 116 117 128 128 128 121 117 117 120 118 123 124 93 50 18 4 
17 17 16 16 16 16 18 19 19 19 19 21 21 21 24 25 26 32 32 23 8 4 4 3 3 3 3 4 3 3 3 4 4 4 4 5 5 7 4 4 4 4 4 4 4 4 4 4 5 5 5 5 4 4 4 4 4 4 5 8 8 7 3 2 1 1 1 2 1 1 2 1 2 2 2 2 3 3 3 4 8 9 24 88 192 236 245 253 251 252 252 251 250 249 249 251 250 250 251 236 254 211 102 34 15 9 5 5 7 4 3 3 3 2 2 3 3 4 5 7 7 9 12 30 108 210 238 241 247 244 243 240 236 234 230 230 230 228 226 219 209 203 202 199 202 203 195 194 214 219 220 220 221 221 222 226 229 236 240 242 243 243 244 243 241 240 240 237 236 236 237 237 235 234 224 216 212 212 212 213 223 217 210 203 200 199 199 200 200 202 205 215 216 215 205 199 199 206 207 207 207 177 108 46 11 
16 16 16 16 16 16 18 19 19 20 20 22 19 21 24 26 29 33 35 23 7 4 4 3 2 3 3 4 4 4 4 4 4 4 4 4 4 4 4 4 4 4 4 4 4 4 4 4 4 4 4 4 4 4 4 4 4 4 5 8 9 7 3 1 1 1 2 2 1 1 1 2 2 2 3 3 4 4 3 5 7 8 21 108 250 254 244 252 251 252 252 250 250 251 250 251 250 249 251 249 253 230 143 33 16 8 5 6 5 4 3 3 3 3 3 2 3 3 5 7 9 11 16 11 54 167 245 251 251 251 251 251 251 250 250 250 250 250 251 251 250 250 249 248 249 249 248 248 241 241 241 241 242 242 242 242 245 248 250 250 250 250 250 249 248 249 250 250 250 250 250 244 244 244 244 244 244 244 244 244 251 250 249 248 248 249 250 249 250 250 250 250 250 250 249 248 247 250 248 248 252 235 170 89 28 
16 16 16 16 16 16 18 20 22 20 20 22 21 21 24 26 31 37 36 23 7 4 4 3 2 3 3 4 4 4 4 4 4 4 4 4 4 4 4 4 4 4 4 4 4 4 4 4 4 4 4 4 4 4 4 4 4 4 4 7 10 8 3 1 1 1 1 2 1 1 2 2 2 2 3 3 4 4 3 5 8 9 23 88 214 249 248 250 251 251 251 251 251 251 251 251 250 250 251 250 253 234 153 53 19 13 6 8 7 4 3 3 3 3 3 2 3 4 5 7 9 13 19 14 50 153 241 251 250 251 250 251 250 250 250 250 250 250 251 251 251 251 250 250 251 251 250 250 249 249 249 249 249 249 249 249 250 250 250 250 250 250 250 250 250 250 250 250 250 250 250 250 250 250 250 250 250 250 251 251 251 250 250 251 251 251 251 251 250 250 250 250 251 251 251 251 251 250 247 250 252 251 227 155 57 
16 16 16 16 16 17 19 22 23 20 20 22 22 22 25 28 33 39 37 23 7 4 4 3 2 3 3 4 4 4 4 4 4 4 4 4 4 4 4 4 4 4 4 4 4 4 4 4 4 4 4 4 4 4 4 4 4 4 4 7 14 10 4 1 1 1 1 2 1 1 2 2 2 3 3 3 4 4 4 7 9 10 15 58 173 243 252 249 251 251 251 251 251 251 251 251 250 251 252 252 252 237 157 66 26 16 8 9 7 5 4 3 3 3 3 3 3 4 5 7 10 17 19 14 46 149 240 251 250 250 250 251 251 250 250 250 250 250 250 250 250 250 250 250 250 250 250 250 249 249 250 250 249 249 250 250 249 250 250 250 250 250 250 250 250 250 250 250 250 250 250 250 250 250 250 250 250 250 250 250 251 251 251 251 250 250 250 250 250 250 250 250 251 251 251 251 251 250 250 251 250 250 240 172 64 
16 16 15 15 15 16 19 22 23 20 20 22 22 20 23 28 33 39 37 23 8 4 4 3 2 3 3 4 4 4 4 4 4 4 4 4 4 4 4 4 4 4 4 4 4 4 4 4 4 4 4 4 4 4 4 4 4 4 4 7 16 14 5 1 1 1 2 2 1 1 2 2 2 2 3 3 3 3 5 7 9 10 10 31 129 225 252 249 251 251 251 251 251 250 249 251 251 251 252 252 252 238 164 70 21 14 10 9 7 5 4 4 3 3 3 3 3 4 5 8 12 19 19 14 61 167 244 251 250 250 250 250 250 250 250 250 250 250 250 250 250 250 250 250 250 250 250 250 250 250 250 250 250 250 250 250 250 250 250 250 250 250 250 250 250 250 250 250 250 250 250 249 249 249 249 249 249 250 250 250 251 251 251 251 251 251 250 249 250 250 250 250 250 250 250 251 251 251 252 252 250 248 217 129 43 
16 16 15 15 15 16 18 20 19 20 19 21 19 19 24 28 32 39 37 23 8 4 4 3 2 3 3 4 4 4 4 4 4 4 4 4 4 4 4 4 4 4 4 4 4 4 4 4 4 4 4 4 4 4 4 4 4 4 4 7 17 15 7 1 1 1 2 2 1 1 1 2 2 3 3 3 3 3 5 8 9 12 18 25 106 213 252 249 251 251 251 251 251 249 247 251 252 251 252 252 251 236 159 57 21 14 10 6 5 4 4 4 4 3 3 3 3 4 5 8 11 16 17 14 66 178 249 251 249 250 250 250 250 250 250 250 250 250 250 250 250 250 250 250 250 250 250 250 250 250 250 250 250 250 249 249 250 250 250 250 250 250 250 250 250 250 249 249 249 249 249 249 249 249 249 249 249 249 249 249 249 249 250 250 250 250 249 249 250 251 251 251 251 251 251 251 251 251 250 250 249 243 186 88 28 
16 16 16 16 15 17 19 20 20 22 19 19 19 19 24 28 32 38 36 22 8 3 4 3 2 3 3 4 4 4 4 4 4 4 4 4 4 4 4 4 4 4 4 4 4 4 4 4 4 4 4 4 4 4 4 4 4 4 4 7 16 14 7 1 1 1 2 2 1 1 1 2 2 2 3 3 3 3 5 7 8 11 17 23 94 202 251 249 251 251 251 251 251 249 249 251 252 251 252 252 250 231 145 43 29 14 9 6 4 4 3 3 3 3 3 3 4 4 5 7 10 15 17 14 68 184 251 249 249 250 250 249 250 250 250 250 250 250 250 250 250 250 250 250 250 250 250 250 250 250 250 250 250 250 249 249 250 250 250 250 250 250 250 250 250 250 249 249 249 249 249 249 249 249 249 249 249 249 249 249 248 248 249 249 249 249 248 249 249 251 251 251 251 251 251 251 251 251 250 250 252 238 176 86 25 
17 17 16 16 15 16 18 20 20 20 19 19 19 19 24 29 35 39 36 19 7 4 4 3 2 3 3 3 4 4 4 3 4 4 4 4 4 4 4 4 4 4 4 4 4 4 4 4 4 4 4 4 4 4 4 4 4 4 5 7 14 11 5 2 1 1 1 1 1 1 2 2 2 2 3 3 3 3 3 5 5 9 14 19 88 196 249 250 250 250 251 251 250 250 250 250 252 252 252 252 248 231 142 33 25 12 9 6 5 4 4 3 3 3 4 4 5 5 7 8 11 15 16 14 72 189 252 249 249 249 249 249 250 250 250 250 250 250 250 250 250 250 250 250 250 250 250 250 249 249 249 249 249 249 249 249 250 250 250 250 250 250 250 250 250 250 250 250 250 250 250 249 249 249 249 249 249 249 249 249 249 249 249 249 249 249 249 249 250 250 250 251 251 251 251 251 251 251 250 250 249 238 193 104 33 
18 18 16 16 16 16 18 18 18 20 19 19 19 19 24 29 36 42 36 19 7 4 4 3 2 3 3 3 4 4 4 4 4 4 4 4 4 4 4 4 4 4 4 4 4 4 4 4 4 4 4 4 5 4 4 4 4 5 5 7 11 9 4 2 1 1 1 2 2 2 2 2 2 2 2 3 3 3 3 5 5 8 11 19 90 204 252 250 251 251 251 251 250 251 250 250 251 251 252 252 248 235 137 29 19 11 9 6 4 4 4 3 3 3 4 5 5 7 8 9 12 15 14 19 87 201 252 249 249 249 249 249 250 250 250 250 250 250 250 250 250 250 250 250 250 250 250 250 249 249 249 249 249 249 249 249 250 250 250 250 250 250 250 250 250 250 250 250 250 250 250 249 249 249 249 249 249 249 249 249 249 249 249 249 249 249 249 249 250 250 250 251 251 251 251 251 251 250 249 249 245 238 209 128 42 
18 18 17 17 17 17 18 17 18 19 19 19 19 22 25 30 36 42 36 18 7 3 4 3 3 3 4 4 3 3 3 3 3 3 3 3 4 4 4 4 4 4 4 4 3 4 5 5 5 5 5 5 5 4 4 4 3 4 4 7 7 7 4 1 1 1 1 1 3 3 3 3 2 2 2 2 3 3 3 4 5 8 11 17 68 179 249 251 251 251 251 251 251 251 251 251 251 251 250 250 245 181 82 28 15 10 8 6 5 4 4 4 3 3 4 5 5 7 8 9 13 15 14 25 108 209 248 249 250 250 249 249 249 249 249 249 249 249 249 249 249 249 249 249 249 249 249 249 249 249 249 249 249 249 249 249 249 249 249 249 249 249 249 249 249 249 249 249 249 249 249 248 248 248 248 248 248 248 248 249 249 249 249 249 249 249 249 249 250 250 250 250 250 250 250 250 251 251 250 250 249 240 209 127 36 
18 18 17 17 17 17 19 17 17 18 19 21 21 23 26 31 37 42 36 19 5 3 4 3 3 3 4 4 3 3 3 3 3 3 3 3 4 4 4 4 4 4 4 4 3 4 4 5 5 5 5 5 5 4 4 4 3 4 5 5 7 7 4 1 1 1 1 1 3 3 3 3 2 2 2 2 2 3 3 4 7 8 9 15 64 175 249 251 250 250 251 251 251 251 251 251 251 251 251 251 238 172 71 25 15 11 9 6 5 4 4 4 4 3 4 5 5 7 8 9 12 15 11 28 123 220 245 249 250 250 249 249 249 249 249 249 249 249 249 249 249 249 249 249 249 249 249 249 249 249 249 249 249 249 249 249 249 249 249 249 249 249 249 249 249 249 249 249 249 249 249 248 248 248 248 248 248 248 248 249 249 249 249 249 249 249 249 250 250 250 250 250 250 250 250 250 251 251 251 251 252 243 208 124 36 
18 18 17 17 17 16 16 16 16 17 18 19 21 23 26 31 38 43 36 19 5 3 4 3 3 3 4 4 4 4 4 4 4 4 4 4 4 4 4 4 4 4 4 5 5 4 4 3 4 4 4 4 4 4 4 4 3 4 5 5 7 7 5 2 1 1 1 2 3 3 3 3 2 2 2 2 2 3 3 4 7 7 10 15 53 160 242 252 248 252 251 251 251 251 252 252 251 251 251 250 235 179 71 19 15 11 10 8 5 5 5 4 4 3 4 5 5 7 8 9 11 14 15 30 122 221 248 249 250 250 249 249 249 249 249 249 249 249 249 249 249 249 249 249 249 249 249 249 249 249 249 249 249 249 249 249 249 249 249 249 249 249 249 249 249 249 249 249 249 249 249 248 248 248 248 248 248 248 248 249 249 249 249 249 249 249 249 250 250 250 250 250 250 250 250 251 250 250 250 250 251 245 214 132 40 
19 19 17 17 17 16 16 16 16 17 17 18 21 23 26 30 37 43 35 18 5 3 4 3 3 3 4 4 4 4 4 4 4 4 4 4 4 4 4 4 4 4 4 4 5 5 3 3 3 3 3 4 4 4 4 4 3 3 5 7 7 7 7 3 1 1 1 2 3 3 3 3 2 2 2 2 2 3 3 4 5 7 11 15 40 136 229 253 247 252 251 251 251 251 252 252 250 251 250 251 236 181 63 8 15 12 10 8 5 5 4 4 3 4 4 4 5 7 8 9 11 12 17 33 135 226 248 249 250 250 249 249 249 249 249 249 249 249 249 249 249 249 249 249 249 249 249 249 249 249 249 249 249 249 249 249 249 249 249 249 249 249 249 249 249 249 249 249 249 249 249 248 248 248 248 248 248 248 248 249 249 249 249 249 249 249 249 250 250 250 250 250 250 250 250 251 250 250 250 251 250 247 213 127 40 
19 19 17 17 17 16 16 16 15 16 17 18 19 22 26 30 38 43 33 17 5 3 4 3 3 3 4 4 4 4 4 4 4 4 4 4 4 4 5 5 4 4 4 4 4 4 4 4 4 4 4 4 4 4 4 4 3 3 5 7 7 7 7 3 1 2 2 2 3 3 3 3 2 2 2 2 2 3 3 4 5 7 11 15 31 111 212 251 245 251 250 250 251 251 252 251 251 251 250 250 242 192 77 12 16 12 9 8 5 5 5 4 4 3 4 5 7 7 8 9 11 12 18 34 120 227 244 245 250 250 250 250 249 249 249 249 249 249 249 249 249 249 249 249 249 249 249 249 249 249 249 249 249 249 249 249 249 249 249 249 249 249 249 249 249 249 249 249 249 249 249 248 248 248 248 248 248 248 248 249 249 249 249 249 249 249 249 250 250 250 250 250 250 250 250 250 249 249 249 249 248 245 215 130 41 
19 19 17 17 17 16 16 16 16 16 16 15 18 22 24 29 38 44 32 15 5 3 4 3 3 3 4 4 4 4 4 4 4 4 4 4 4 4 5 5 4 4 4 4 4 4 4 4 4 4 4 4 4 4 4 4 3 3 5 5 5 8 8 4 2 2 2 2 2 3 3 3 2 2 2 2 2 3 4 5 7 8 12 16 26 95 198 244 245 250 250 250 251 251 252 252 251 251 250 249 248 202 92 19 15 13 9 8 7 5 5 4 4 5 5 5 7 7 7 8 11 12 19 31 113 234 244 245 250 250 250 250 249 249 249 249 249 249 249 249 249 249 249 249 249 249 249 249 249 249 249 249 249 249 249 249 249 249 249 249 249 249 249 249 249 249 249 249 249 249 249 248 248 248 248 248 248 248 248 249 249 249 249 249 249 249 249 250 250 250 250 250 250 250 250 250 249 249 248 248 248 247 219 139 43 
17 17 16 16 16 15 15 15 15 15 15 15 17 19 23 28 37 43 31 14 5 3 4 3 3 3 4 4 4 4 4 4 4 4 4 4 4 4 5 5 4 4 4 4 4 4 4 4 4 4 4 4 4 4 4 4 4 4 5 5 5 8 8 5 1 2 2 2 3 3 3 3 2 2 2 2 2 4 4 5 5 7 10 15 18 71 177 240 247 250 251 251 250 250 251 251 251 251 249 250 250 208 100 25 14 11 9 8 8 6 5 4 4 5 5 7 7 7 7 8 11 12 18 26 106 223 242 242 247 247 250 250 249 249 249 249 249 249 249 249 249 249 249 249 249 249 249 249 249 249 249 249 249 249 249 249 249 249 249 249 249 249 249 249 249 249 249 249 249 249 249 248 248 248 248 248 248 248 248 249 249 249 249 249 249 249 249 250 250 250 250 250 250 250 250 250 250 250 249 249 249 248 214 136 43 
17 16 15 15 15 15 15 15 15 14 15 16 17 18 22 26 36 42 31 14 4 3 4 3 4 4 3 4 4 4 4 4 4 4 4 4 4 4 5 5 4 4 4 4 4 4 4 4 4 4 4 4 4 4 4 4 5 5 7 5 5 8 7 4 1 2 2 2 3 3 3 3 2 2 2 3 3 3 4 4 5 7 9 12 11 44 144 233 248 249 251 251 250 251 251 251 251 251 250 250 250 212 113 28 14 11 10 8 8 6 5 5 5 7 7 7 7 7 7 8 11 13 18 25 106 220 242 242 247 247 250 250 249 249 249 249 249 249 249 249 249 249 249 249 249 249 249 249 249 249 249 249 249 249 249 249 249 249 249 249 249 249 249 249 249 249 249 249 249 249 249 248 248 248 248 248 248 248 248 249 249 249 249 249 249 249 249 250 250 250 250 250 250 250 250 250 251 251 251 251 251 249 201 115 33 
17 16 15 15 14 15 15 15 14 12 15 16 16 18 22 26 35 40 29 11 4 4 4 4 4 4 4 4 4 4 4 4 5 5 4 4 4 4 4 4 4 4 4 4 4 4 4 4 4 4 4 4 4 4 5 5 5 5 8 6 5 9 7 2 1 1 2 2 2 2 2 2 2 2 2 3 3 3 4 4 4 7 9 11 9 19 109 222 251 245 251 251 250 251 251 250 250 250 250 249 250 205 88 22 14 11 8 7 7 5 5 5 5 7 7 8 8 8 8 8 11 13 17 22 103 220 245 243 246 246 249 250 249 249 249 249 249 249 249 249 249 249 249 249 249 249 249 249 249 249 249 249 249 249 249 249 249 249 249 249 249 249 249 249 249 249 249 249 249 249 249 249 248 249 249 249 249 249 249 249 249 249 249 249 249 249 249 249 249 249 249 249 249 250 250 251 251 251 251 251 252 248 202 116 33 
17 16 15 15 14 15 15 15 15 12 15 16 16 17 22 26 36 39 26 10 4 4 4 4 4 4 4 4 4 4 4 4 5 5 4 4 4 4 4 4 4 4 4 4 4 4 4 4 4 4 4 4 4 4 5 5 5 7 9 8 7 33 56 37 5 1 3 2 1 1 2 2 2 2 3 3 3 4 4 4 4 5 8 10 10 21 96 206 251 248 251 251 250 251 251 250 250 250 250 249 249 205 90 24 12 11 9 7 7 5 5 5 5 7 7 7 8 8 8 9 11 13 17 24 114 221 245 243 246 246 249 250 249 249 249 249 249 249 249 249 249 249 249 249 249 249 249 249 249 249 249 249 249 249 249 249 249 249 249 249 249 249 249 249 249 249 249 249 249 249 249 249 248 249 249 249 249 249 249 249 249 249 249 249 249 249 249 249 249 249 249 249 249 249 249 250 250 250 250 249 251 247 201 115 33 
17 17 16 15 14 15 17 17 16 13 16 17 16 17 23 28 36 37 23 8 4 4 4 4 4 5 4 4 4 4 4 5 5 5 4 4 4 4 4 4 4 4 4 4 4 4 4 4 4 4 4 4 5 5 7 7 6 9 8 8 33 89 124 82 15 1 4 2 2 2 2 2 2 2 3 3 3 4 4 4 4 5 8 10 11 18 75 182 249 252 251 251 250 251 250 250 250 250 250 249 249 205 101 30 12 11 9 7 7 5 5 7 7 7 8 8 8 8 10 9 10 11 17 26 120 224 251 248 249 249 249 250 248 248 249 249 249 249 249 249 249 249 249 249 249 249 249 249 249 249 249 249 249 249 249 249 249 249 249 249 249 249 249 249 249 249 249 249 249 249 249 249 248 249 249 249 249 249 249 249 249 249 249 249 249 249 249 249 249 249 249 249 249 249 249 249 249 249 249 248 246 237 191 104 30 
17 17 16 15 15 15 17 17 15 13 16 17 16 16 22 29 37 37 23 8 4 4 4 4 5 5 4 4 4 4 4 5 5 5 5 4 4 4 4 4 4 4 4 4 4 4 4 4 4 4 4 4 4 5 8 8 8 9 9 25 86 170 208 142 38 3 5 3 3 2 3 2 2 2 3 3 3 4 4 4 4 5 8 10 12 21 68 172 249 252 250 251 250 250 250 250 250 250 250 249 249 208 111 30 11 10 9 7 7 5 5 7 7 7 8 8 8 8 10 10 10 11 15 33 135 227 251 249 249 249 249 250 248 248 249 249 249 249 249 249 249 249 249 249 249 249 249 249 249 249 249 249 249 249 249 249 249 249 249 249 249 249 249 249 249 249 249 249 249 249 249 249 248 249 249 249 249 249 249 249 249 249 249 249 249 249 249 249 249 249 249 249 249 249 249 249 249 249 249 250 249 236 186 100 26 
17 17 16 15 15 15 16 17 15 13 16 17 16 16 23 29 37 37 23 7 4 4 4 4 5 5 4 4 4 4 5 5 5 5 5 5 4 4 4 4 4 4 4 4 4 4 4 4 4 4 5 5 7 8 10 10 9 10 22 71 151 217 245 185 72 17 8 5 3 3 3 3 2 2 3 3 3 4 4 5 4 5 8 10 12 19 63 164 249 252 249 250 250 250 250 250 250 250 250 250 248 207 111 30 10 10 9 8 7 5 5 7 7 7 8 8 8 8 9 9 11 14 15 40 139 230 250 248 248 249 249 249 248 248 249 249 249 249 249 249 249 249 249 249 249 249 249 249 249 249 249 249 249 249 249 249 249 249 249 249 249 249 249 249 249 249 249 249 249 249 249 249 248 249 249 249 249 249 249 249 249 249 249 249 249 249 249 249 249 249 249 249 249 249 249 249 249 250 251 251 252 249 199 111 33 
19 17 16 15 15 15 16 17 16 13 15 16 15 18 23 28 36 37 22 7 4 4 4 4 5 5 4 4 4 4 5 5 5 5 5 5 4 4 4 4 4 4 4 4 4 4 4 4 4 4 5 7 7 9 11 11 9 13 51 135 223 249 249 203 105 33 9 6 4 4 3 3 3 2 3 3 3 3 5 5 4 5 8 10 12 16 50 156 249 252 248 250 250 250 250 251 251 250 249 249 248 207 109 28 11 10 9 7 7 5 5 7 7 7 8 8 7 7 8 8 12 15 14 46 149 236 250 248 248 248 248 248 248 248 249 249 249 249 249 249 249 249 249 249 249 249 249 249 249 249 249 249 249 249 249 249 249 249 249 249 249 249 249 249 249 249 249 249 249 249 249 249 248 249 249 249 249 249 249 249 249 249 249 249 249 249 249 249 249 249 249 249 249 250 250 250 249 250 251 251 252 251 206 118 36 
19 16 16 17 16 16 15 17 15 12 15 17 16 18 24 29 38 37 21 5 4 4 4 4 5 5 4 4 4 4 5 5 5 5 5 5 4 4 4 4 4 4 4 4 4 4 4 4 4 4 5 7 8 10 11 15 12 35 108 201 251 253 251 213 119 31 9 12 4 5 4 4 3 2 2 3 3 3 5 5 4 5 8 10 11 14 45 150 247 250 248 250 249 250 250 251 251 250 250 249 247 206 104 24 11 10 9 7 5 4 4 5 5 5 5 7 8 8 8 8 11 15 16 53 165 238 250 248 249 249 248 248 248 248 249 249 249 249 249 249 249 249 249 249 249 249 249 249 249 249 249 249 249 249 249 249 249 249 249 249 249 249 249 249 249 249 249 249 249 249 249 249 248 249 249 249 249 249 249 249 249 249 249 249 249 249 249 249 249 249 249 249 249 249 250 251 250 250 249 249 251 248 202 115 35 
22 19 19 19 18 17 16 17 16 15 16 17 16 18 25 32 43 39 19 5 4 4 4 4 5 5 4 4 4 4 5 5 5 5 5 5 5 4 4 4 4 4 4 4 4 4 4 4 4 4 5 8 9 10 12 16 32 99 188 243 251 251 254 226 136 36 10 15 5 5 4 4 2 2 2 2 3 3 4 5 4 5 8 11 12 12 38 130 231 251 247 250 249 250 250 250 250 250 250 249 247 206 104 24 11 10 9 7 5 4 4 5 5 5 5 7 8 8 8 7 11 16 18 59 180 251 249 248 249 249 248 248 248 248 249 249 249 249 249 249 249 249 249 249 249 249 249 249 249 249 249 249 249 249 249 249 249 249 249 249 249 249 249 249 249 249 249 249 249 249 249 249 248 249 249 249 249 249 249 249 249 249 249 249 249 249 249 249 249 249 249 249 249 249 249 250 250 250 248 248 248 246 200 114 33 
28 25 24 24 24 22 22 22 20 19 19 19 19 23 26 40 54 49 23 6 5 5 5 5 5 5 5 5 5 5 5 5 5 5 5 5 4 4 4 4 4 4 4 4 4 4 4 4 5 5 5 7 8 10 10 19 77 166 229 240 243 252 253 232 150 46 7 11 7 7 4 3 3 3 2 2 3 3 4 5 4 5 8 9 12 12 33 118 219 251 247 250 250 250 250 250 250 250 248 248 247 205 104 25 12 11 8 7 4 3 3 5 5 5 5 7 7 7 8 8 11 15 19 61 170 250 250 247 249 250 250 250 248 249 249 249 249 249 249 249 249 249 249 249 249 249 249 249 249 249 249 249 249 249 249 249 249 249 249 249 249 249 249 249 249 249 249 249 249 249 249 249 248 249 249 249 249 249 249 249 249 249 249 249 249 249 249 249 249 249 249 249 249 249 250 249 249 250 248 247 248 245 198 110 32 
35 31 30 29 29 26 26 27 27 26 26 26 26 30 36 52 68 64 32 8 5 5 5 5 5 5 5 5 5 5 5 5 5 5 5 5 4 4 4 4 4 4 4 4 4 4 4 4 5 5 7 8 10 12 10 51 143 222 245 243 245 250 252 239 167 61 8 11 9 7 5 4 3 3 3 2 3 3 3 4 4 4 7 9 12 10 20 96 202 251 248 248 250 250 250 250 250 249 248 248 247 205 101 24 12 11 8 5 4 3 3 5 5 5 5 7 7 7 8 9 12 16 16 60 181 253 249 248 249 250 250 250 248 249 249 249 249 249 249 249 249 249 249 249 249 249 249 249 249 249 249 249 249 249 249 249 249 249 249 249 249 249 249 249 249 249 249 249 249 249 249 249 248 249 249 249 249 249 249 249 249 249 249 249 249 249 249 249 249 249 249 249 249 249 250 251 250 250 248 247 248 242 195 108 33 
39 37 33 32 32 31 29 31 31 32 31 30 32 37 46 65 87 80 39 9 6 6 5 5 5 5 5 5 5 5 5 5 5 5 5 5 4 4 4 4 4 4 4 4 4 4 4 4 5 5 8 9 10 14 36 111 203 247 247 247 249 251 252 244 185 78 15 12 10 7 5 4 3 3 3 3 3 3 4 5 4 4 7 9 12 13 15 68 174 243 248 245 249 250 250 249 249 249 249 248 245 200 95 23 12 10 8 5 4 3 3 4 4 5 5 7 7 7 8 10 14 16 12 57 177 242 249 248 249 250 250 250 248 249 249 249 249 249 249 249 249 249 249 249 249 249 249 249 249 249 249 249 249 249 249 249 249 249 249 249 249 249 249 249 249 249 249 249 249 249 249 249 248 249 249 249 249 249 249 249 249 249 249 249 249 249 249 249 249 249 249 249 249 249 250 251 251 251 248 247 248 242 193 104 31 
38 38 36 35 34 34 33 33 35 35 33 32 36 40 47 69 95 86 40 9 6 6 5 5 5 5 5 5 5 5 5 5 5 5 5 5 4 4 4 4 4 4 4 4 4 4 4 4 5 5 8 11 15 23 78 177 240 247 247 247 250 250 251 248 199 92 20 13 11 8 5 4 4 4 3 3 2 2 4 5 5 4 7 9 11 12 11 40 137 224 249 245 249 250 250 249 249 249 249 248 245 198 93 23 11 10 7 5 4 3 3 4 4 5 5 7 7 8 9 10 15 15 10 71 186 236 247 248 249 250 250 250 248 249 249 249 249 249 249 249 249 249 249 249 249 249 249 249 249 249 249 249 249 249 249 249 249 249 249 249 249 249 249 249 249 249 249 249 249 249 249 249 248 249 249 249 249 249 249 249 249 249 249 249 249 249 249 249 249 249 249 249 249 249 250 251 251 251 247 247 249 241 187 102 32 
33 33 32 32 31 32 32 30 32 32 29 28 32 37 44 64 92 85 40 8 5 5 5 5 5 5 5 5 5 5 5 5 5 5 5 5 5 5 5 5 5 5 5 5 5 5 5 5 3 5 8 11 21 49 137 223 251 249 250 250 251 251 251 249 209 109 28 12 12 9 5 4 4 3 3 3 2 3 4 5 5 4 7 9 10 11 10 20 99 203 248 247 249 250 250 250 249 249 249 248 244 196 93 23 11 10 7 5 4 3 3 4 4 5 5 7 7 8 9 10 14 14 12 87 202 244 248 248 249 250 250 250 248 249 249 249 249 249 249 249 249 249 249 249 249 249 249 249 249 249 249 249 249 249 249 249 249 249 249 249 249 249 249 249 249 249 249 249 249 249 249 249 248 249 249 249 249 249 249 249 249 249 249 249 249 249 249 249 249 249 249 249 249 249 249 249 249 248 245 248 251 243 188 103 35 
25 25 24 23 23 24 26 25 25 25 23 22 24 29 33 53 79 72 34 8 5 5 5 5 5 5 5 5 5 5 5 5 5 5 5 5 5 5 5 5 5 5 5 5 5 5 5 5 4 5 9 11 29 90 192 245 249 249 250 250 251 250 249 250 222 124 33 11 11 9 5 4 3 3 3 2 3 3 4 5 5 4 7 8 8 8 12 13 63 179 238 248 249 250 250 250 249 249 249 248 245 194 86 19 11 10 7 5 4 3 3 4 4 5 5 7 7 8 9 10 14 12 12 81 198 249 248 248 249 250 250 250 248 249 249 249 249 249 249 249 249 249 249 249 249 250 249 249 249 249 249 249 249 249 249 249 249 249 249 249 249 249 249 249 249 249 249 249 249 249 249 249 248 249 249 249 249 249 249 249 249 249 249 249 249 249 249 249 249 249 249 249 249 249 249 249 248 248 247 249 251 243 188 104 33 
12 15 14 14 12 15 16 16 16 16 14 12 12 17 21 29 44 40 21 5 5 5 5 5 5 5 5 5 5 5 5 5 5 5 5 5 5 5 5 5 5 5 5 5 5 5 5 5 7 8 10 15 56 149 230 252 250 248 248 249 248 248 248 251 227 129 36 12 10 6 4 4 3 3 3 3 3 3 3 4 3 3 5 5 3 5 12 11 42 156 227 245 249 250 250 250 250 249 248 248 240 180 70 14 10 9 7 4 4 3 3 4 4 5 5 7 7 8 8 9 14 14 16 60 178 249 249 248 249 249 249 250 248 248 250 250 250 250 249 249 249 249 249 249 249 250 250 250 249 249 249 249 249 249 249 249 249 249 249 249 249 249 249 249 249 249 249 249 249 250 250 249 249 249 249 249 250 250 250 249 249 249 249 249 249 249 249 249 250 250 250 249 250 249 249 249 249 249 248 248 252 243 188 104 34 
8 9 8 7 7 5 5 7 7 7 5 5 5 8 8 8 12 12 8 5 4 5 5 5 5 5 5 5 5 5 5 5 5 5 5 5 5 5 5 5 5 5 5 7 7 7 7 7 8 10 12 16 102 195 250 253 250 248 248 248 247 248 248 251 221 124 37 12 10 6 4 4 3 3 3 3 3 3 3 3 3 3 3 4 3 5 15 12 28 127 223 249 249 250 250 250 250 249 248 248 233 177 70 8 10 9 7 4 4 4 4 5 5 5 5 7 7 8 8 9 12 14 18 74 194 250 250 248 249 249 249 249 249 248 249 250 250 250 249 249 249 249 249 250 250 250 250 250 248 249 249 249 249 249 249 249 249 249 249 249 249 249 249 249 249 249 250 250 250 250 250 249 249 249 249 250 250 250 250 249 249 249 249 249 248 249 249 249 250 249 250 250 250 250 249 249 249 249 248 247 252 244 186 104 34 
5 5 5 5 4 4 3 3 3 3 3 3 5 5 4 4 4 4 4 4 4 4 4 4 4 4 4 4 4 4 4 4 4 4 4 4 4 4 4 4 4 5 5 5 5 7 7 7 9 12 17 56 137 212 248 252 250 248 247 247 247 247 247 251 229 142 47 12 10 6 5 5 3 3 3 2 4 4 3 4 3 3 2 3 3 7 16 15 22 98 212 250 248 250 250 250 250 250 245 244 222 179 72 7 10 9 6 4 3 3 4 5 5 5 5 5 7 7 8 9 15 16 19 84 201 251 249 248 248 248 248 249 249 248 249 250 250 250 249 249 249 249 249 250 250 250 249 249 249 249 249 249 249 249 250 250 249 249 249 249 249 249 249 249 249 249 250 250 250 251 251 251 250 250 248 250 251 252 251 250 249 248 248 248 247 248 248 247 248 249 249 250 251 250 249 249 250 250 251 249 251 245 187 102 32 
5 7 5 5 4 4 3 3 3 3 3 3 5 5 4 4 4 4 4 4 4 4 4 4 4 4 4 4 4 4 4 4 4 4 4 4 4 4 4 4 4 4 5 5 7 8 9 9 11 14 32 106 188 235 248 250 249 248 248 248 247 247 245 251 231 149 53 12 9 6 4 4 3 3 3 3 3 3 3 3 2 2 4 4 3 4 12 11 18 79 189 249 248 249 249 250 250 250 245 244 210 172 70 8 10 8 6 4 3 3 4 5 5 5 5 5 7 8 8 9 15 15 23 101 213 248 247 248 248 248 248 249 248 248 249 250 250 250 249 249 249 249 249 250 250 250 250 251 250 249 249 249 249 250 251 250 249 249 249 249 249 249 249 249 249 249 249 248 248 249 251 252 252 250 245 247 252 252 252 250 249 248 247 247 247 247 249 249 249 248 248 249 249 250 250 249 247 248 250 248 247 241 187 93 29 
4 5 5 5 4 4 3 3 3 3 3 3 4 4 4 4 4 4 4 4 4 4 4 4 4 4 4 4 4 4 4 4 4 4 4 4 4 4 4 4 4 4 5 5 7 9 11 11 12 22 71 163 231 249 248 249 248 248 248 249 248 248 247 251 243 164 63 11 9 6 3 3 3 3 2 2 2 2 2 2 2 2 4 4 5 2 8 8 11 65 174 244 246 247 249 250 250 250 247 248 237 195 68 10 10 7 5 3 3 3 4 5 5 5 5 5 7 8 9 10 15 15 28 118 226 253 248 248 248 249 250 250 249 248 248 249 249 248 249 249 250 249 250 250 250 250 249 249 250 249 249 249 250 252 250 250 250 250 250 250 250 250 251 251 250 250 248 247 247 247 249 251 251 251 245 247 252 252 248 247 244 242 238 237 237 238 240 240 240 237 236 236 235 236 240 242 244 248 250 247 244 238 186 89 26 
4 4 4 5 4 4 3 3 3 3 3 3 4 4 4 4 4 4 4 4 4 4 4 4 4 4 4 4 4 4 4 4 4 4 4 4 4 4 4 4 4 4 5 5 7 9 11 11 15 45 127 216 251 251 248 248 248 248 248 249 248 248 247 251 248 178 78 17 9 6 3 3 3 3 2 2 2 2 2 2 2 2 3 5 8 2 4 5 6 51 160 241 246 247 249 250 250 250 249 249 237 180 75 11 11 9 6 4 3 3 4 5 5 5 5 5 7 8 9 10 15 16 29 130 230 249 250 249 248 249 250 250 249 249 249 249 248 248 249 249 249 249 249 249 250 248 249 249 250 250 251 251 252 252 250 251 251 251 251 250 251 251 251 251 251 250 248 245 234 231 237 238 243 249 249 248 242 235 229 227 222 216 213 213 214 214 214 213 212 210 210 210 209 208 208 221 238 248 249 250 250 237 175 82 23 
5 4 4 5 4 4 3 3 3 3 3 3 4 4 4 4 4 4 4 4 4 4 4 4 4 4 4 4 4 4 4 4 4 4 4 4 4 4 4 4 4 4 4 4 6 9 12 12 24 82 181 244 252 251 248 247 247 247 248 248 249 248 247 251 249 188 89 25 11 7 4 4 3 3 2 2 2 2 2 3 3 4 4 5 9 4 4 6 5 40 144 234 247 247 249 250 250 250 249 249 242 178 79 14 11 9 6 4 2 3 4 5 5 5 5 5 7 8 9 11 15 16 36 141 237 249 248 248 250 250 249 249 249 249 249 249 248 249 248 249 249 249 245 248 250 249 249 249 250 249 249 245 244 245 243 243 247 247 247 244 240 237 234 224 214 208 201 200 185 181 189 185 196 216 226 229 208 191 182 174 169 170 167 170 171 171 174 175 177 180 185 186 186 187 185 195 220 236 243 251 249 221 150 64 12 
5 4 4 5 4 4 3 3 3 3 3 3 4 4 4 4 4 4 4 4 4 4 4 4 4 4 4 4 4 4 4 4 4 4 4 4 4 4 4 4 4 4 4 5 6 9 12 11 40 129 219 249 250 250 249 249 249 249 249 249 249 248 244 248 252 210 104 28 10 7 4 3 3 3 2 2 2 2 2 3 3 3 4 7 8 7 4 13 10 32 127 223 247 247 249 250 250 249 247 247 243 187 73 15 12 10 5 4 2 3 4 4 5 5 5 5 7 8 9 11 16 16 47 153 244 252 247 248 249 250 249 249 249 248 241 241 242 241 241 241 240 240 236 236 237 237 235 230 216 208 204 201 201 201 199 198 202 203 203 200 187 177 166 150 126 121 115 111 106 106 109 108 113 132 158 173 152 125 110 108 104 111 113 115 118 120 125 131 136 141 144 144 143 143 143 152 171 184 200 209 199 160 95 33 6 
5 4 4 5 4 4 3 3 3 3 3 3 4 4 4 4 4 4 4 4 4 4 4 4 4 4 4 4 4 4 4 4 4 4 4 4 4 4 4 4 4 4 7 7 8 10 11 17 72 174 244 248 249 249 250 249 249 249 250 251 249 247 244 247 252 226 120 31 10 8 4 3 3 3 3 3 2 2 2 3 3 3 5 7 7 7 5 15 13 25 115 221 249 249 248 249 249 249 247 247 249 193 78 15 11 9 4 3 3 3 4 4 5 5 5 5 7 8 9 11 16 15 57 170 247 251 247 244 242 243 241 240 237 234 223 221 222 228 227 217 212 217 216 210 204 210 207 201 160 151 144 145 148 149 150 152 154 154 159 153 142 134 119 104 86 81 80 80 81 84 85 87 86 95 121 137 129 113 102 97 97 100 103 107 113 116 122 127 125 127 125 123 121 117 118 123 127 132 144 145 131 94 40 8 5 
3 3 4 4 5 4 3 3 3 3 3 3 4 4 4 4 4 4 4 4 4 4 4 4 4 4 4 4 4 4 4 4 4 4 4 4 4 4 4 4 4 4 7 7 8 10 10 27 103 201 249 249 249 248 249 249 249 249 249 250 248 245 243 248 252 227 127 35 10 6 4 3 3 3 3 3 2 2 2 3 3 3 5 7 7 7 7 15 15 18 94 206 245 249 248 249 250 250 248 245 237 181 87 14 12 9 4 3 2 3 4 4 4 5 5 5 7 8 9 11 16 21 78 198 252 251 248 247 246 246 245 244 240 235 226 221 220 224 221 213 208 210 209 206 200 207 205 194 177 169 170 179 178 178 181 186 183 187 186 184 179 180 175 166 153 149 150 151 153 157 156 155 157 160 170 175 177 174 172 171 171 174 178 180 182 185 187 185 184 181 178 177 175 173 175 175 165 166 170 166 145 110 58 18 9 
2 3 3 4 4 3 3 3 3 3 3 4 4 4 4 4 4 4 4 4 4 4 4 4 4 4 4 4 4 4 4 4 4 4 4 4 4 4 4 4 5 5 6 8 9 10 11 37 121 199 233 235 235 234 234 238 242 243 237 235 234 235 229 234 247 221 131 37 7 4 4 3 3 2 2 2 2 2 2 3 3 3 4 5 5 5 8 15 12 14 81 185 237 249 247 247 249 249 248 247 235 175 75 10 11 9 4 3 4 4 4 4 4 5 5 5 8 9 10 12 15 24 95 215 253 249 248 249 249 250 249 249 249 247 242 238 238 237 234 234 233 230 229 229 229 230 231 233 231 230 235 242 240 238 240 243 238 241 237 235 235 234 236 238 241 242 241 240 240 241 241 241 241 241 240 240 238 240 240 238 237 237 240 240 238 240 240 238 238 236 234 233 231 231 233 233 234 234 234 231 217 192 131 60 15 
3 4 4 4 3 3 3 3 3 3 3 4 4 4 4 4 4 4 4 4 4 4 4 4 4 4 4 4 4 4 4 4 4 4 4 4 4 4 4 4 5 5 8 9 11 11 14 50 125 182 199 198 199 201 205 212 217 218 216 213 210 211 206 203 215 203 129 37 7 4 3 3 3 2 2 2 2 2 2 2 2 4 4 4 5 5 7 12 12 12 60 158 216 242 248 248 248 247 242 238 219 144 44 9 9 9 4 3 4 4 4 4 4 5 5 5 8 9 10 12 16 28 108 222 253 248 247 248 248 248 248 248 247 248 248 248 249 248 247 247 247 247 246 246 247 247 249 249 250 250 250 251 251 250 251 251 247 247 247 246 246 246 248 249 251 251 250 250 250 250 251 251 250 249 250 250 249 249 249 249 250 251 252 251 250 250 251 251 251 251 253 253 251 251 250 250 250 250 249 247 249 237 174 85 19 
4 4 4 4 3 3 3 3 3 3 3 4 4 4 4 4 4 4 4 4 4 4 4 4 4 4 4 4 4 4 4 4 4 4 4 4 4 4 4 4 4 5 8 10 10 11 23 66 128 163 163 163 164 167 174 182 187 190 194 196 189 180 178 179 182 180 117 36 9 5 3 3 3 2 3 3 2 2 2 2 2 2 3 3 4 5 7 10 12 11 38 118 192 214 234 243 245 242 231 223 185 106 16 5 5 7 4 4 4 4 4 4 4 5 5 5 8 9 10 12 12 32 127 229 252 247 245 243 244 244 244 245 247 248 249 249 249 248 248 249 249 249 250 250 249 249 248 248 248 248 248 250 250 248 249 249 249 249 249 249 248 247 247 248 248 247 247 247 247 247 247 247 247 247 248 248 247 247 247 248 247 247 247 247 247 247 248 249 249 249 250 250 250 250 250 250 250 248 247 247 250 242 185 90 19 
4 4 4 4 3 3 3 3 3 3 3 4 4 4 4 4 4 4 4 4 4 4 4 4 4 4 4 4 4 4 4 4 4 4 4 4 4 4 4 5 5 5 8 11 12 16 37 87 136 151 149 149 149 150 157 164 166 170 174 179 170 160 162 166 169 165 116 38 9 4 4 3 3 2 3 3 2 2 2 2 2 3 3 3 3 4 7 9 12 10 26 97 174 195 206 220 227 221 209 198 134 65 21 5 5 4 4 4 4 4 4 4 4 5 5 7 8 10 11 14 16 43 146 238 247 242 243 242 242 242 237 238 242 244 245 248 248 248 249 249 249 249 249 248 247 248 248 249 249 248 248 249 248 248 248 248 248 248 248 249 249 248 248 248 248 248 247 247 247 247 247 247 247 247 248 248 248 248 248 249 248 247 247 247 248 248 249 250 250 249 249 249 249 249 249 250 249 249 248 248 249 240 184 90 22 
4 7 5 4 4 3 3 3 3 3 3 4 4 4 4 4 4 4 4 4 4 4 4 4 4 4 4 4 4 4 4 4 4 4 4 4 4 4 5 5 5 5 9 10 13 20 54 108 142 146 144 142 143 146 149 156 159 164 167 167 169 171 173 173 179 187 143 55 5 4 3 3 2 2 3 3 2 2 2 3 3 3 3 3 4 5 7 8 10 10 23 82 156 186 186 189 193 185 171 157 88 28 10 5 5 4 4 3 3 3 3 4 4 5 5 7 8 10 11 10 16 66 177 244 237 235 241 242 241 241 234 237 241 244 244 244 247 247 248 248 248 248 249 248 248 248 248 249 249 249 249 249 249 249 249 248 249 249 249 248 248 248 248 249 248 248 247 247 247 247 247 247 247 247 248 248 248 248 249 249 249 249 249 249 250 251 249 249 249 249 249 249 249 250 251 251 251 251 250 249 249 239 179 89 23 
5 7 5 5 4 4 3 3 3 3 3 4 4 4 4 4 4 4 4 4 4 4 4 4 4 4 4 4 4 4 4 4 4 4 4 4 4 4 5 7 7 8 9 10 12 27 72 122 143 145 142 139 142 151 158 166 179 188 193 194 199 203 207 207 216 227 185 91 15 4 4 3 3 3 3 3 2 2 2 3 3 3 3 3 4 5 7 8 10 10 19 73 150 181 187 185 182 172 149 121 35 1 1 4 4 4 4 3 3 3 3 4 4 5 5 7 8 9 10 10 26 108 212 241 235 237 241 238 237 238 241 243 244 244 245 247 247 247 248 248 247 247 248 248 248 248 248 249 249 249 249 249 249 249 249 249 249 249 249 249 249 248 248 249 248 248 247 247 247 247 247 247 247 247 247 247 247 247 248 248 249 249 249 249 250 250 249 249 249 249 249 249 249 250 251 251 251 251 251 251 250 237 177 88 24 
9 10 8 6 4 4 3 3 3 4 4 4 4 4 4 4 4 4 4 4 4 4 4 4 4 4 4 4 4 4 4 4 4 4 4 4 4 5 7 8 8 8 9 11 25 59 110 151 163 165 166 164 164 178 193 205 216 222 224 227 229 233 237 238 240 241 212 120 23 4 6 4 3 3 2 2 2 2 2 3 3 3 3 3 4 4 5 7 9 10 18 78 174 207 220 216 217 210 179 123 19 1 16 4 3 3 3 3 3 3 3 4 4 4 5 5 5 8 11 14 51 146 238 245 243 245 248 248 248 249 245 245 247 247 247 248 248 248 247 247 248 248 248 248 248 248 248 249 249 249 249 249 249 249 249 249 249 249 249 249 249 248 248 249 248 248 248 248 248 248 248 248 248 248 248 248 248 248 248 249 249 249 249 249 249 249 249 249 249 249 249 249 249 250 250 251 251 251 251 251 248 234 173 85 25 
8 10 8 6 5 5 3 3 3 5 5 4 4 4 4 4 4 4 4 4 4 4 4 4 4 4 4 4 4 4 4 4 4 4 4 4 4 5 8 8 8 8 9 11 39 98 164 192 194 202 213 209 210 216 221 222 221 215 214 210 206 219 231 231 224 213 178 101 29 8 9 3 3 2 3 3 3 3 2 3 3 3 3 3 4 4 5 7 8 11 18 79 216 234 246 250 251 245 189 106 17 9 10 4 3 3 3 3 3 4 4 4 4 4 5 5 3 8 11 24 93 198 253 249 248 249 250 249 250 251 249 248 248 248 248 248 248 248 248 248 249 249 249 249 249 249 249 249 249 249 249 249 249 249 249 249 249 249 249 249 249 249 249 249 248 248 248 248 248 248 248 248 248 248 248 248 248 248 248 249 249 249 249 249 249 249 248 249 249 249 249 249 249 250 250 251 251 251 251 251 247 233 169 82 25 
8 9 10 9 6 6 4 4 4 7 8 5 4 4 4 4 4 4 4 4 4 4 4 3 4 4 4 4 4 4 4 4 4 4 4 5 5 7 8 9 9 9 8 12 59 132 185 193 201 225 230 220 221 214 200 186 177 169 159 155 157 178 199 203 194 181 163 127 79 35 8 4 3 3 2 2 2 2 2 2 3 3 3 4 4 4 5 5 7 11 16 93 181 253 244 251 249 226 151 74 9 5 5 3 3 3 2 2 3 3 3 4 5 5 4 5 2 6 17 58 152 240 254 251 248 249 249 248 247 248 248 248 249 249 248 249 249 249 249 249 249 249 249 249 249 249 249 249 248 248 248 248 248 248 248 248 248 248 248 248 248 248 248 248 248 248 248 248 248 248 248 248 248 248 248 248 248 248 248 249 249 249 249 249 249 248 248 249 249 249 249 249 249 249 250 251 251 251 251 250 247 233 167 81 24 
9 11 11 10 8 8 4 4 5 8 9 5 4 4 4 4 4 4 4 4 4 4 4 3 4 4 4 4 4 3 4 4 4 4 4 4 5 7 8 9 9 9 10 17 59 113 150 165 187 215 219 207 198 187 178 172 166 158 152 156 188 199 209 217 217 212 212 195 148 70 19 4 5 4 2 2 2 2 2 2 3 3 4 4 4 4 5 5 8 9 10 63 170 250 242 251 243 202 118 50 2 4 4 3 3 3 2 3 3 3 3 3 4 4 4 5 1 6 31 100 193 249 250 250 245 244 244 243 243 243 245 248 249 249 248 249 249 249 249 249 249 249 249 249 249 249 249 249 248 248 248 248 248 248 248 248 248 248 248 248 248 248 248 248 248 248 248 248 248 248 248 248 248 248 248 248 248 248 248 248 249 249 249 249 249 249 248 249 249 249 249 249 249 249 249 250 251 251 251 250 248 234 167 81 24 
8 11 11 10 10 9 5 5 7 9 9 5 4 4 4 4 4 4 4 5 5 5 5 4 5 5 5 5 4 3 4 4 4 4 4 5 5 7 9 10 9 9 13 33 82 129 158 177 199 216 209 199 196 201 209 215 209 202 205 215 231 231 235 239 242 244 245 234 213 115 30 5 6 8 2 1 2 2 2 2 3 3 4 4 5 5 5 5 8 8 9 38 141 228 243 249 236 159 65 16 11 2 3 3 3 3 2 3 3 3 3 3 3 3 4 5 2 9 26 114 217 254 252 250 249 249 248 246 245 245 247 248 249 249 249 249 249 249 249 249 249 249 249 249 249 249 249 249 248 248 248 248 248 248 248 248 248 248 248 248 248 248 248 248 248 248 248 248 248 248 248 248 248 248 248 248 248 248 248 248 249 249 249 249 249 249 249 249 249 249 249 249 249 249 248 249 251 251 251 250 251 238 175 86 24 
8 10 11 9 9 8 5 5 5 7 7 5 4 4 4 4 4 4 4 5 5 5 5 4 4 4 4 5 4 3 4 4 4 4 5 5 7 8 9 10 11 10 25 73 143 188 209 217 229 231 206 186 195 222 244 249 247 244 247 248 249 248 248 249 251 251 248 242 236 158 68 17 2 5 4 2 2 2 2 2 3 3 3 4 3 4 4 5 8 9 11 29 116 228 250 247 228 143 37 10 9 2 2 2 3 3 3 3 4 3 3 3 3 3 4 4 3 10 20 94 199 254 254 253 252 252 251 251 250 249 249 249 249 249 249 249 249 249 249 249 249 249 249 249 249 249 249 249 248 248 248 248 248 248 248 248 248 248 248 248 248 248 248 248 248 248 248 248 248 248 248 248 248 248 248 248 248 248 248 248 249 249 249 249 249 249 249 249 249 249 249 249 249 249 248 249 251 251 251 250 251 242 182 90 25 
8 10 9 9 9 8 5 5 4 4 5 7 4 4 4 4 4 5 5 5 6 5 5 4 6 6 6 6 5 5 5 4 4 4 4 5 5 7 9 12 11 9 40 119 206 236 242 239 243 235 187 159 180 227 249 251 251 251 251 251 250 250 248 250 251 251 251 249 249 208 122 31 5 9 6 5 3 3 2 2 2 3 3 4 4 4 4 5 7 9 12 22 109 212 254 245 174 78 17 8 4 3 1 2 2 2 2 3 3 3 3 3 3 3 4 5 7 9 12 41 105 199 247 248 251 251 250 249 250 250 249 249 249 249 249 249 249 249 249 249 249 249 249 249 249 249 249 249 248 248 248 248 248 248 248 248 248 248 248 248 248 248 248 248 248 248 248 248 248 248 248 248 248 248 248 248 248 248 248 248 249 249 249 249 249 249 249 249 249 249 249 249 249 249 248 249 251 251 251 250 247 234 173 83 22 
8 9 9 9 8 8 5 5 4 5 7 7 5 5 5 4 5 5 5 7 8 6 5 6 8 8 8 6 5 5 5 4 4 4 5 7 7 8 10 14 9 11 64 165 240 250 249 248 248 233 177 152 185 236 247 248 250 248 249 250 250 249 249 250 251 251 251 251 252 237 174 72 20 11 6 4 3 2 2 2 2 3 3 4 4 4 4 3 4 8 11 16 81 191 252 230 139 43 10 6 4 3 1 2 2 2 2 3 3 3 3 3 3 3 4 5 8 9 3 10 43 103 179 230 238 248 250 248 249 249 248 249 249 249 249 249 249 249 249 249 249 249 249 249 249 249 249 249 248 248 248 248 248 248 248 248 248 248 248 248 248 248 248 248 248 248 248 248 248 248 248 248 248 248 248 248 248 248 248 248 249 249 249 249 249 249 249 249 249 249 249 249 249 249 249 249 250 251 251 249 244 224 153 66 18 
8 9 9 6 5 5 5 5 4 5 7 7 5 5 5 4 7 7 7 7 7 7 7 6 7 7 8 6 5 5 7 7 7 7 7 8 8 8 9 14 10 19 82 184 249 247 247 249 241 210 160 162 201 244 249 248 249 248 248 248 247 248 249 250 250 249 248 249 248 245 215 122 38 9 5 4 3 2 2 2 2 2 2 3 3 3 3 3 4 5 9 15 21 150 215 188 85 17 8 4 3 3 2 3 2 2 2 3 3 3 3 3 3 4 4 5 8 7 3 3 12 37 99 174 221 241 247 248 249 249 248 248 249 249 249 249 249 249 249 249 249 249 249 249 249 249 249 249 248 248 248 248 248 248 248 248 248 248 248 248 248 248 248 248 248 248 248 248 248 248 248 248 248 248 248 248 248 248 248 248 249 249 249 249 249 249 249 249 249 249 249 249 249 249 249 249 250 251 250 249 243 220 143 56 17 
9 9 8 6 5 5 7 7 7 7 7 5 5 5 5 5 5 5 5 7 7 7 8 7 9 9 9 8 5 7 7 7 7 7 7 8 7 8 9 11 9 23 82 178 236 240 235 229 208 166 121 143 198 244 248 247 248 249 248 247 247 247 248 250 250 248 248 247 245 248 229 165 72 14 3 5 3 2 2 2 2 2 2 3 2 3 3 3 4 5 8 12 0 101 171 136 32 9 7 3 3 3 2 3 2 2 2 3 3 3 3 3 3 4 4 4 8 8 2 3 6 15 46 120 200 239 248 247 249 249 248 249 249 249 249 249 249 249 249 249 249 249 249 249 249 249 249 249 248 248 248 248 248 248 248 248 248 248 248 248 248 248 248 248 248 248 248 248 248 248 248 248 248 248 248 248 248 248 248 248 249 249 249 249 249 249 249 249 249 249 249 249 249 249 249 249 249 251 250 249 244 219 137 53 17 
9 10 9 8 6 8 7 5 7 7 6 8 6 5 8 9 7 5 7 8 9 9 10 9 12 12 10 9 8 9 8 8 9 9 9 10 9 10 11 11 12 22 59 138 187 211 203 192 175 150 128 148 194 237 246 246 247 247 245 244 244 244 245 247 245 243 245 250 245 248 245 207 115 26 4 5 3 3 2 2 2 2 2 3 2 3 4 4 4 6 5 9 2 31 63 67 10 9 5 4 1 2 3 3 3 2 2 3 3 3 3 3 3 4 4 2 2 1 3 4 5 2 8 64 180 239 252 250 250 249 248 249 249 249 249 249 249 249 249 249 249 249 249 249 249 249 249 249 248 248 248 248 248 248 248 248 248 248 248 248 248 248 248 248 248 248 248 248 248 248 248 248 248 248 248 248 248 248 248 248 249 249 249 249 249 249 249 249 249 249 249 249 249 249 249 249 250 250 250 249 245 220 150 64 17 
9 9 10 10 9 9 7 5 5 5 8 9 9 8 11 11 11 14 14 15 15 15 16 15 17 17 15 15 14 14 12 12 14 15 16 16 15 16 16 18 22 22 30 73 112 143 145 148 156 169 181 198 212 233 243 244 244 243 243 244 244 244 245 247 244 243 248 251 244 248 245 207 117 35 8 5 4 3 2 2 2 2 2 3 3 3 4 4 4 4 4 4 0 10 25 32 1 8 5 2 1 2 3 3 3 2 2 3 3 3 4 3 4 5 4 3 4 3 4 8 9 6 18 80 187 234 250 252 251 250 249 249 249 249 249 249 249 249 249 249 249 249 249 249 249 249 249 249 248 248 248 248 248 248 248 248 248 248 248 248 248 248 248 248 248 248 248 248 248 248 248 248 248 248 248 248 248 248 248 248 249 249 249 249 249 249 249 249 249 249 249 249 249 249 249 249 250 250 249 249 243 217 148 61 17 
23 15 11 10 10 10 8 8 6 9 10 12 11 10 9 7 9 12 16 17 17 18 19 19 23 23 19 17 17 17 17 17 18 19 21 22 21 21 21 22 24 26 26 37 55 75 81 94 120 150 175 186 192 200 203 207 210 215 223 223 217 217 223 229 231 236 241 243 243 235 206 156 80 28 10 5 5 4 3 2 2 2 2 3 3 3 4 4 4 4 5 6 2 11 21 19 0 7 4 2 1 2 2 3 3 3 3 3 4 4 5 4 4 4 4 5 5 8 11 16 17 15 32 120 224 245 248 249 251 250 249 249 249 249 249 249 249 249 249 249 249 249 249 249 249 249 249 249 248 248 248 248 248 248 248 248 248 248 248 248 248 248 248 248 248 248 248 248 248 248 248 248 248 248 248 248 248 248 248 248 249 249 249 249 249 249 249 249 249 249 249 249 249 249 249 249 249 249 249 249 242 217 148 61 18 
49 43 28 16 13 13 13 12 12 13 13 12 12 11 9 12 15 14 17 18 18 18 18 18 22 23 21 18 16 17 18 19 18 21 21 22 23 22 21 21 23 25 28 28 34 39 40 46 61 81 96 107 111 115 116 118 124 134 143 145 128 135 140 150 162 175 187 186 180 162 121 74 32 12 8 4 4 4 3 2 2 2 2 3 3 3 4 4 5 5 6 9 4 11 16 11 9 7 2 1 1 2 3 3 4 3 3 3 3 3 4 4 5 5 4 4 4 5 8 10 10 12 52 146 246 253 251 251 251 251 249 249 249 249 249 249 249 249 249 249 249 249 249 249 249 249 249 249 248 248 248 248 248 248 248 248 248 248 248 248 248 248 248 248 248 248 248 248 248 248 248 248 248 248 248 248 248 248 248 248 249 249 249 249 249 249 249 249 249 249 249 249 249 249 249 249 249 249 249 249 245 221 152 65 19 
51 57 46 29 20 22 23 23 22 22 19 17 17 28 53 73 79 74 70 65 64 60 56 47 38 32 36 44 51 51 51 51 50 47 45 43 42 40 38 36 37 39 43 44 45 46 50 47 46 47 51 56 57 55 54 56 60 63 63 61 60 63 64 66 75 83 94 101 85 63 43 22 9 9 8 3 3 3 2 2 3 3 3 3 3 4 5 5 6 6 5 5 0 11 10 3 14 4 0 1 1 2 3 2 4 3 3 3 3 3 3 4 5 5 4 4 3 3 3 2 2 25 105 190 249 253 251 251 250 249 249 249 249 249 249 249 249 249 249 249 249 249 249 249 249 249 249 249 248 248 248 248 248 248 248 248 248 248 251 250 248 247 247 248 248 248 248 248 248 248 248 248 248 248 248 248 248 248 248 248 249 249 249 249 249 249 249 249 249 249 249 249 249 249 249 249 249 249 249 249 246 223 151 65 19 
24 33 41 43 40 34 30 29 27 30 31 35 49 89 144 178 185 180 174 170 160 154 150 135 110 97 99 121 148 145 145 144 138 132 128 117 107 102 99 97 99 99 100 102 107 115 124 123 116 109 103 101 94 80 68 64 64 63 60 65 87 95 94 89 87 80 73 75 46 22 14 14 11 10 7 3 3 4 3 2 3 3 3 4 4 4 5 5 6 6 8 8 12 10 8 9 12 16 8 1 3 3 3 2 3 3 3 3 2 3 3 4 5 7 5 5 4 4 8 14 38 101 173 221 253 252 251 251 249 249 249 249 249 249 249 249 249 249 249 249 249 249 249 249 249 249 249 249 248 248 248 248 248 248 248 248 248 248 250 249 248 247 247 248 248 248 248 248 248 248 248 248 248 248 248 248 248 248 248 248 249 249 249 249 249 249 249 249 249 249 249 249 249 249 249 249 249 249 249 249 246 224 152 64 18 
10 13 27 51 66 58 40 38 36 38 39 51 94 157 214 242 243 240 238 237 234 228 222 214 202 195 196 207 220 222 224 222 221 217 212 203 189 184 179 180 182 182 187 189 193 199 205 207 206 202 195 187 179 142 102 85 87 84 100 130 184 196 195 189 187 180 165 144 87 33 10 10 10 10 7 4 3 4 5 3 3 3 3 3 4 4 4 4 4 4 6 7 18 7 22 50 112 115 73 32 2 3 3 2 3 3 3 3 3 3 4 4 7 5 7 9 9 10 15 47 102 175 227 238 251 251 252 251 249 249 249 249 249 249 249 249 249 249 249 249 249 249 249 249 249 249 249 249 248 248 248 248 248 248 248 248 248 248 249 249 248 248 247 248 248 248 248 248 248 248 248 248 248 248 248 248 248 248 248 248 249 249 249 249 249 249 249 249 249 249 249 249 249 249 249 249 249 249 249 248 246 224 152 63 18 
5 5 10 30 66 72 64 54 51 53 53 67 113 172 215 237 243 243 245 247 246 244 243 243 243 243 245 243 241 242 241 241 242 242 238 236 235 233 229 230 233 235 237 238 240 240 241 243 245 247 244 240 237 207 159 128 125 123 152 200 242 248 247 245 246 245 241 226 163 72 15 12 14 10 7 4 4 5 5 4 3 3 3 3 4 4 4 4 4 4 5 6 5 0 37 86 202 195 123 58 2 3 3 2 3 3 4 4 4 4 5 5 7 5 5 7 24 16 25 96 179 224 238 243 250 250 252 251 250 249 249 249 249 249 249 249 249 249 249 249 249 249 249 249 249 249 249 249 248 248 248 248 248 248 248 248 248 248 249 249 249 249 248 248 248 248 248 248 248 248 248 248 248 248 248 248 248 248 248 248 249 249 249 249 249 249 249 249 249 249 249 249 249 249 249 249 250 250 249 247 245 226 155 63 18 
3 3 4 6 37 54 65 57 53 65 84 103 125 163 201 227 242 244 245 247 245 247 248 248 247 245 245 247 247 245 243 243 243 242 241 241 241 241 242 243 244 244 244 245 245 247 249 249 249 249 249 250 249 244 235 217 209 212 222 242 249 250 251 250 251 251 251 251 199 125 52 21 17 11 8 5 4 5 6 4 2 2 2 3 3 3 3 3 4 4 4 5 5 5 34 94 226 235 141 59 2 2 3 3 3 4 4 5 4 4 9 6 9 6 4 4 10 35 95 179 237 254 253 246 250 251 251 250 249 249 249 249 249 248 248 248 248 248 248 248 248 248 248 248 248 248 249 249 249 249 249 249 249 249 249 249 249 249 248 249 249 249 248 248 248 248 248 248 248 248 248 248 248 248 248 248 248 248 248 248 249 249 249 249 249 249 249 249 249 249 249 249 249 249 250 250 250 250 249 247 243 227 156 63 17 
3 3 5 9 12 22 33 37 37 61 111 156 172 188 215 234 243 245 248 248 249 249 250 249 248 247 248 249 249 250 250 250 249 248 246 245 245 244 244 245 246 246 247 247 249 249 249 249 249 249 249 249 249 249 249 249 248 249 249 250 248 249 250 250 250 250 249 247 234 196 135 77 30 14 15 10 7 8 6 3 3 3 3 3 4 4 4 3 4 4 4 5 4 3 16 54 134 148 79 15 2 3 4 3 3 4 5 5 5 7 11 10 9 9 8 8 8 16 107 230 254 251 252 250 251 251 250 249 249 249 249 249 249 248 248 248 248 248 248 248 248 248 248 248 248 248 249 249 249 249 249 249 249 249 249 249 249 249 249 249 249 249 248 248 248 248 248 248 248 248 248 248 248 248 248 248 248 248 248 248 249 249 249 249 249 249 249 249 249 249 249 249 249 249 250 250 250 250 249 248 246 227 156 63 17 
3 3 5 6 6 8 11 16 18 42 104 180 219 224 231 236 237 242 245 249 250 250 250 250 249 250 250 249 250 250 250 250 249 248 248 248 248 248 247 247 248 248 249 249 249 249 250 250 250 250 250 250 249 249 248 249 251 251 250 250 249 249 249 249 249 249 249 249 251 243 210 162 104 65 51 32 18 15 7 2 3 4 5 5 4 4 4 3 3 3 4 5 5 5 6 19 32 49 26 0 3 3 4 4 4 5 7 8 9 12 16 16 15 16 15 15 14 14 85 198 250 252 251 252 251 250 249 249 249 249 249 249 249 248 248 248 248 248 248 248 248 248 248 248 248 248 249 249 249 249 249 249 249 249 249 249 249 249 249 249 249 249 248 248 248 248 248 248 248 248 248 248 248 248 248 248 248 248 248 248 249 249 249 249 249 249 249 249 249 249 249 249 249 249 250 250 251 251 250 249 247 228 153 61 17 
3 3 3 5 5 5 6 7 9 22 66 150 221 244 248 248 245 244 244 244 245 247 249 250 249 250 250 250 250 250 249 249 248 248 248 248 249 248 248 247 248 248 249 249 249 249 250 250 250 249 249 250 249 249 248 248 247 247 250 250 249 249 249 249 249 249 249 249 250 251 242 229 206 164 144 113 74 36 10 5 5 7 8 6 5 5 3 3 3 3 4 4 5 5 5 12 40 51 44 19 10 3 4 4 4 5 7 9 11 14 18 19 20 18 17 17 24 15 50 153 225 246 249 250 249 249 249 249 249 249 249 249 249 248 248 248 248 248 248 248 248 248 248 248 248 248 249 249 249 249 249 249 249 249 249 249 249 249 249 249 249 249 248 248 248 248 248 248 248 248 248 248 248 248 248 248 248 248 248 248 249 249 249 249 249 249 249 249 249 249 249 249 249 249 250 250 251 251 250 249 243 219 144 58 16 
3 3 3 3 4 4 5 5 7 12 31 86 162 213 240 251 252 252 251 250 250 249 248 249 249 250 249 250 250 250 249 249 249 249 249 250 249 249 249 248 248 249 249 249 250 250 250 249 249 249 249 249 249 249 250 251 249 249 250 250 249 249 249 249 249 249 248 247 248 249 248 250 242 229 229 198 143 59 8 5 8 8 9 9 5 5 5 3 3 3 4 4 0 8 5 10 55 138 142 74 24 4 4 5 5 5 7 9 10 12 17 17 17 17 19 22 19 16 42 130 223 253 243 242 248 249 249 249 249 249 249 249 248 248 248 248 248 248 248 248 248 248 248 248 248 248 249 249 249 249 249 249 249 249 249 249 249 249 249 249 249 249 248 248 248 248 248 248 248 248 248 248 248 248 248 248 248 248 248 248 249 249 249 249 249 249 249 249 249 249 249 249 249 249 250 250 251 251 249 249 238 208 136 53 15 
3 3 3 3 3 3 5 5 7 9 15 31 66 114 158 193 222 239 247 251 251 251 251 251 251 250 249 248 248 248 249 249 249 249 249 250 250 250 250 250 250 250 250 250 250 249 249 249 249 249 249 249 249 249 250 251 249 249 250 250 249 249 249 249 249 249 249 250 249 249 247 251 251 249 249 230 164 52 12 16 12 10 10 9 8 7 5 3 3 3 4 4 9 39 58 97 156 227 217 149 46 7 7 8 7 8 9 9 10 11 13 15 15 15 17 19 18 44 96 166 238 254 241 241 248 249 249 249 249 249 249 249 248 248 248 248 248 248 248 248 248 248 248 248 248 248 249 249 249 249 249 249 249 249 249 249 249 249 249 249 249 249 248 248 248 248 248 248 248 248 248 248 248 248 248 248 248 248 248 248 249 249 249 249 249 249 249 249 249 249 249 249 249 249 250 250 251 251 249 249 240 209 136 52 15 
3 3 3 3 3 3 4 4 5 7 10 12 17 31 54 81 113 150 181 194 207 221 225 230 239 246 245 247 249 248 249 250 251 250 249 249 249 249 249 249 249 249 249 249 249 249 249 249 249 249 249 249 249 249 250 250 249 249 249 249 250 249 249 249 249 249 249 250 250 249 247 252 252 250 249 216 111 28 20 20 16 12 12 11 8 7 5 4 4 4 4 5 17 68 143 205 235 254 252 180 56 8 9 10 8 8 8 7 7 7 9 8 9 9 12 15 12 95 181 234 252 250 245 249 250 250 250 250 249 249 248 248 248 248 248 248 248 248 248 248 248 248 248 248 248 248 249 249 249 249 249 249 249 249 249 249 249 249 249 249 249 249 248 248 248 248 248 248 248 248 248 248 248 248 248 248 248 248 248 248 249 249 249 249 249 249 249 249 249 249 249 249 249 249 250 250 250 250 249 249 243 219 144 59 17 
3 3 3 3 4 4 4 4 5 7 8 10 11 11 13 18 29 50 78 90 100 115 130 139 151 173 201 230 249 251 249 250 251 250 249 249 249 249 249 250 250 250 249 249 249 249 249 249 249 249 249 249 249 249 250 250 249 249 249 249 250 249 249 249 249 249 249 249 249 248 248 249 249 249 250 212 99 23 16 18 14 11 11 11 8 8 7 5 4 4 4 5 8 74 187 253 252 253 224 139 42 9 9 10 9 8 7 5 6 6 8 8 7 8 11 13 5 112 210 237 249 249 249 251 251 250 251 250 249 249 248 248 248 248 248 248 248 248 248 248 248 248 248 248 248 248 249 249 249 249 249 249 249 249 249 249 249 249 249 249 249 249 248 248 248 248 248 248 248 248 248 248 248 248 248 248 248 248 248 248 249 249 249 249 249 249 249 249 249 249 249 249 249 249 250 250 250 250 249 249 241 213 139 57 17 
4 4 4 4 4 4 4 4 4 5 5 7 8 11 11 11 10 11 16 19 23 26 39 46 52 70 108 159 213 244 249 250 250 250 250 250 249 249 249 249 249 249 249 249 248 248 249 249 249 249 249 249 248 248 248 248 249 249 249 250 250 249 249 249 249 249 249 249 249 248 248 249 248 249 252 213 118 44 21 14 11 10 10 9 8 7 7 5 6 6 6 8 4 54 157 244 248 245 222 118 14 9 10 11 9 7 7 5 5 5 6 8 8 9 9 11 18 61 166 241 245 250 250 251 251 251 250 249 249 248 248 248 248 248 248 248 248 248 248 248 248 248 248 248 248 248 248 248 248 248 248 248 248 248 248 248 248 248 248 248 248 248 248 248 248 248 248 248 248 248 248 248 248 248 248 248 248 248 248 248 249 249 249 249 249 249 249 249 249 249 249 249 249 249 249 249 249 249 249 248 241 210 139 56 14 
4 4 4 4 4 4 4 4 4 4 5 4 4 6 7 9 10 9 9 9 9 11 14 16 21 25 35 71 145 219 249 250 250 250 250 250 249 249 249 249 249 249 249 249 248 248 249 249 249 249 248 248 248 248 248 248 248 248 248 249 250 249 249 249 249 249 249 249 249 248 249 249 249 249 251 221 145 56 18 14 12 10 10 9 8 7 7 5 6 6 6 9 9 24 81 165 238 242 209 117 15 11 11 11 9 8 7 5 5 5 6 8 8 8 9 10 8 28 113 215 246 251 250 251 251 250 249 249 249 248 248 248 247 248 248 248 248 248 248 248 248 248 248 248 248 248 248 248 248 248 248 248 248 248 248 248 248 248 248 248 248 248 248 248 248 248 248 248 248 248 248 248 248 248 248 248 248 248 248 248 249 249 249 249 249 249 249 249 249 249 249 249 249 249 249 249 249 249 248 248 242 215 142 58 16 
4 4 4 4 4 4 4 4 4 4 4 3 2 3 4 8 10 10 9 9 10 10 11 13 18 22 19 30 94 195 249 250 250 250 250 250 249 249 249 249 249 249 249 249 247 247 248 248 249 249 249 249 249 248 248 248 248 249 249 249 250 249 249 249 249 249 249 249 249 248 249 249 250 249 250 231 162 59 15 12 12 10 9 8 8 7 7 7 6 6 8 10 15 2 26 101 198 234 208 104 15 14 12 12 9 8 7 5 5 5 6 8 7 7 7 8 7 5 87 205 245 251 251 250 250 250 249 249 249 248 248 248 248 248 248 248 248 248 248 248 248 248 248 248 248 248 248 248 248 248 248 248 248 248 248 248 248 248 248 248 248 248 248 248 248 248 248 248 248 248 248 248 248 248 248 248 248 248 248 248 249 249 249 249 249 249 249 249 249 249 249 249 249 249 249 249 248 248 248 248 243 217 145 60 17 
4 4 4 4 4 4 4 4 5 4 4 4 3 4 7 9 10 10 9 8 9 9 10 10 15 24 24 22 77 184 247 250 250 250 250 249 249 249 249 249 249 249 249 249 244 245 247 248 249 249 249 249 249 248 248 248 248 249 249 249 249 249 249 249 249 249 249 249 249 248 249 249 250 249 249 233 166 60 14 10 10 9 8 8 7 7 7 7 8 8 9 10 9 5 12 72 152 226 207 96 16 15 11 9 5 7 5 5 5 5 6 6 5 7 8 9 8 3 85 203 244 249 250 250 250 249 249 249 249 248 248 248 248 248 248 248 248 248 248 248 248 248 248 248 248 248 248 248 248 248 248 248 248 248 248 248 248 248 248 248 248 248 248 248 248 248 248 248 248 248 248 248 248 248 248 248 248 248 248 248 249 249 249 249 249 249 249 249 249 249 249 249 249 249 249 249 248 248 248 248 245 219 144 58 16 
4 4 4 4 4 4 4 3 5 7 7 5 4 5 8 10 9 9 9 9 10 11 15 16 18 19 18 25 82 184 244 250 250 252 251 249 248 249 249 249 249 249 249 249 244 245 247 248 249 249 249 249 248 248 248 248 248 248 248 249 249 249 249 249 249 249 249 249 249 249 250 250 249 248 249 236 158 56 15 11 10 9 7 7 7 7 7 7 8 9 8 8 7 10 12 37 102 213 214 131 19 18 13 10 9 8 7 7 5 5 5 5 5 7 8 9 10 11 89 205 248 248 249 250 250 250 249 249 249 248 248 248 248 248 248 248 248 248 248 248 248 248 248 248 248 248 248 248 248 248 248 248 248 248 248 248 248 248 248 248 248 248 248 248 248 248 248 248 248 248 248 248 248 248 248 248 248 248 248 248 249 249 249 249 249 249 249 249 249 249 249 249 249 249 249 249 248 248 248 249 246 220 145 58 16 
5 4 5 5 7 7 7 3 7 9 9 8 7 8 9 10 10 9 10 11 12 15 18 18 17 17 26 60 128 205 245 249 250 251 250 249 248 249 249 249 249 249 249 249 247 247 248 248 249 249 249 249 248 248 248 248 248 248 248 248 249 249 249 249 249 249 249 249 249 249 250 250 250 247 245 237 163 61 15 12 11 9 7 7 7 7 7 7 8 9 9 10 9 10 11 12 84 200 226 123 21 19 15 10 10 9 8 7 8 7 7 7 5 7 8 9 15 30 106 207 252 248 249 250 250 250 250 249 249 249 248 248 248 248 248 248 248 248 248 248 248 248 248 248 248 248 248 248 248 248 248 248 248 248 248 248 248 248 248 248 248 248 248 248 248 248 248 248 248 248 248 248 248 248 248 248 248 248 248 248 249 249 249 249 249 249 249 249 249 249 249 249 249 249 249 249 248 248 248 248 246 221 144 56 15 
5 8 8 8 9 9 9 10 11 11 10 9 10 11 12 12 10 8 9 8 7 8 9 11 25 53 94 141 198 241 250 250 250 250 249 249 248 249 249 249 249 249 249 249 248 248 249 249 249 249 248 248 248 248 248 248 248 248 248 248 249 249 249 249 249 249 249 249 249 249 250 250 250 247 244 237 175 68 14 11 10 8 7 7 7 7 7 7 7 9 11 12 11 10 10 15 81 202 236 137 19 18 14 9 9 8 8 7 7 7 7 7 7 7 7 9 12 26 110 208 252 248 248 251 250 250 250 249 249 249 248 248 248 248 248 248 248 248 248 248 248 248 248 248 248 248 248 248 248 248 248 248 248 248 248 248 248 248 248 248 248 248 248 248 248 248 248 248 248 248 248 248 248 248 248 248 248 248 248 248 249 249 249 249 249 249 249 249 249 249 249 249 249 249 249 249 249 248 245 242 241 221 146 56 15 
7 9 10 10 11 12 15 16 16 16 14 12 12 11 12 10 5 7 11 14 18 30 40 64 106 151 194 223 238 250 250 249 250 249 248 248 248 248 249 249 249 249 249 249 248 248 249 249 249 249 249 249 249 249 249 249 249 249 249 249 250 250 250 250 250 250 250 250 249 250 251 251 250 248 244 238 173 65 14 11 10 8 7 7 7 7 7 7 8 10 12 13 14 9 9 15 73 202 240 158 17 16 12 10 9 8 8 7 7 7 7 7 8 7 7 9 14 25 102 207 251 248 246 251 250 250 250 249 249 249 249 248 249 249 249 249 249 249 249 249 249 249 249 249 249 249 249 249 248 248 248 248 248 248 248 248 248 248 248 249 249 249 249 249 248 248 248 248 248 248 248 248 248 248 248 248 248 248 248 248 249 249 249 249 249 249 249 249 249 249 249 249 249 249 249 249 249 248 244 237 229 210 144 54 15 
4 4 4 5 5 5 5 5 5 5 5 5 8 8 10 16 33 53 68 87 116 138 155 185 219 237 249 250 247 248 250 248 249 249 248 248 248 248 248 248 249 243 243 249 248 248 248 248 249 249 249 249 249 249 249 249 249 249 249 249 250 250 250 250 250 250 250 250 249 250 250 250 250 248 244 226 142 47 13 12 11 9 7 7 7 7 7 7 8 10 14 15 16 2 8 18 73 201 242 172 42 12 11 9 8 8 7 7 7 7 8 9 8 7 6 11 21 28 64 122 198 254 254 251 250 250 250 250 249 249 249 250 249 249 249 249 249 249 249 249 249 249 249 249 249 249 249 249 249 249 249 249 248 248 248 248 248 248 248 248 248 248 248 249 249 248 248 248 248 248 248 248 248 248 248 248 248 248 248 248 248 248 248 248 248 248 248 248 248 248 248 248 248 248 249 249 250 249 244 237 230 210 146 58 15 
32 37 42 40 38 31 30 31 33 36 37 39 42 45 50 77 120 151 180 207 224 237 240 247 251 251 250 249 249 250 250 248 249 248 248 248 248 248 248 248 245 242 242 245 248 248 248 248 249 249 249 249 249 249 249 249 249 249 249 249 250 250 250 250 250 250 250 250 249 250 250 250 250 248 244 209 112 32 13 12 11 9 7 7 7 7 7 7 8 11 16 18 22 10 18 23 78 205 242 181 50 14 14 10 8 8 8 7 7 7 8 9 8 7 9 15 4 23 49 94 169 220 249 249 249 249 250 250 248 249 249 249 249 249 249 249 249 249 249 249 249 249 249 249 249 249 249 249 249 249 249 249 248 248 248 247 247 248 248 248 247 247 247 247 248 248 248 248 248 248 248 248 248 248 248 248 248 248 248 248 248 248 248 248 248 248 248 248 248 248 248 248 248 248 249 249 249 249 248 247 244 224 156 64 16 
144 151 159 157 152 142 139 144 148 150 152 154 153 153 153 166 189 210 240 253 252 252 250 249 250 250 250 250 251 251 250 249 249 249 249 249 248 248 248 248 250 250 250 250 248 248 248 248 248 248 248 248 249 249 249 249 249 249 249 249 250 250 250 251 251 251 250 250 250 250 251 251 250 250 243 175 72 17 11 12 11 9 8 8 8 7 8 8 8 12 18 26 30 21 33 37 83 208 242 182 40 14 17 11 9 8 9 9 8 8 9 9 10 9 13 18 3 12 24 36 88 155 226 248 248 249 248 249 249 250 249 249 249 249 249 249 249 249 249 249 249 249 249 249 249 249 249 249 249 249 249 249 248 248 248 247 247 248 248 247 244 244 245 245 248 248 248 248 248 248 248 248 248 248 248 248 248 248 248 248 248 248 248 248 248 248 248 248 248 248 248 248 248 248 248 249 249 250 250 249 244 223 149 55 18 
237 240 243 243 242 237 234 236 238 241 242 242 238 234 233 231 233 238 249 250 247 245 244 245 247 248 249 250 250 250 249 249 249 249 249 249 249 249 249 249 248 250 250 248 248 248 248 248 247 247 248 248 249 249 249 249 249 249 249 250 250 250 250 251 251 250 250 251 250 250 251 251 247 241 219 137 46 14 10 11 11 9 7 7 7 8 8 8 8 12 19 32 35 35 52 50 74 192 235 182 64 24 17 12 9 8 9 9 8 8 9 9 9 10 11 13 12 13 16 9 46 99 181 227 247 250 249 249 249 249 248 249 249 249 249 249 249 249 249 249 249 249 249 249 249 249 249 249 249 249 249 249 248 248 248 247 247 248 248 247 244 243 244 245 248 248 248 248 248 248 248 248 248 248 248 248 248 248 248 248 248 248 248 248 248 248 248 248 248 248 248 248 248 248 248 248 249 249 249 248 238 209 133 48 19 
252 250 250 250 250 250 249 249 249 250 250 249 248 248 249 250 252 252 251 251 249 249 249 248 248 249 248 248 249 249 249 249 249 249 249 249 249 249 249 249 249 249 249 249 248 248 248 248 248 248 248 248 249 249 249 249 249 249 249 250 250 250 250 250 250 250 250 251 251 251 249 247 247 249 216 117 39 16 12 12 9 8 7 7 7 8 8 8 8 12 22 38 43 52 66 51 51 164 230 180 74 25 17 12 9 8 8 8 7 8 8 8 8 9 12 16 17 16 19 12 26 47 120 203 252 249 248 248 248 249 249 249 249 249 249 249 249 249 249 249 249 249 249 249 249 249 249 249 248 248 248 248 248 248 247 247 247 247 248 248 247 247 247 248 248 248 248 248 248 248 248 248 248 248 248 248 248 248 248 248 248 248 248 248 248 248 248 248 248 248 248 248 248 248 248 248 249 249 249 249 240 206 129 50 19 
248 248 247 247 248 249 250 251 248 247 245 245 244 244 244 248 249 250 251 251 250 250 250 249 249 249 250 249 249 251 250 249 249 249 249 249 249 249 249 249 249 249 249 249 248 248 248 248 248 248 248 248 249 249 249 249 249 249 249 249 250 250 250 250 250 250 249 249 250 250 249 244 244 234 188 96 36 16 11 10 7 7 7 7 7 8 8 8 7 11 22 45 54 54 51 31 35 155 228 180 78 18 16 12 9 8 8 8 8 8 8 8 8 8 11 17 22 21 25 30 35 15 72 184 252 250 247 248 248 249 249 249 248 249 249 249 249 249 249 249 249 249 249 249 249 249 249 249 248 248 248 248 248 248 248 248 247 248 248 248 248 248 248 248 248 248 248 248 248 248 248 248 248 248 248 248 248 248 248 248 248 248 248 248 248 248 248 248 248 248 248 248 248 248 248 248 249 249 249 249 242 207 131 53 19 
243 244 242 236 234 229 229 238 246 247 247 247 245 245 247 248 250 250 250 250 250 250 249 248 249 249 249 249 249 250 249 249 249 249 249 249 249 249 249 249 249 249 249 249 248 248 248 248 248 248 248 248 249 249 249 249 249 249 249 250 250 250 250 250 250 250 250 251 251 244 223 204 186 152 117 64 23 10 8 9 9 8 7 7 8 9 10 10 9 11 26 39 53 45 31 9 22 149 228 186 81 18 16 10 8 7 8 9 8 8 8 8 9 8 10 12 15 15 22 27 26 12 67 167 243 249 247 248 248 249 249 249 249 249 249 249 249 249 249 249 249 249 249 249 249 249 249 249 248 248 248 248 248 248 248 248 247 248 248 248 248 248 248 248 248 248 248 248 248 248 248 248 248 248 248 248 248 248 248 248 248 248 248 248 248 248 248 248 248 248 248 248 248 248 248 248 249 248 247 248 240 208 136 56 16 
243 243 238 227 217 200 194 209 230 242 243 244 245 247 248 249 250 249 249 250 250 249 249 248 249 249 249 250 250 249 249 249 249 249 249 249 249 249 249 250 250 250 250 250 248 248 248 248 248 248 248 248 249 249 249 249 249 249 249 249 250 250 250 250 250 250 251 250 238 194 146 108 83 57 45 24 9 8 8 9 9 8 8 8 8 8 10 10 10 10 22 31 41 25 18 8 16 144 227 185 75 19 17 10 7 7 9 9 9 8 8 9 9 9 7 5 4 3 17 18 21 24 67 163 251 250 247 248 249 249 249 249 249 249 249 249 249 249 249 249 249 249 249 249 249 249 249 249 248 248 248 248 248 248 248 248 248 248 248 248 248 248 248 248 248 248 248 248 248 248 248 248 248 248 248 248 248 248 248 248 248 248 248 248 248 248 248 248 248 248 248 248 248 248 248 248 248 248 247 247 238 203 134 54 18 
249 248 247 241 234 220 213 219 234 244 245 247 245 247 247 249 250 249 249 249 249 249 249 248 249 250 250 250 249 249 249 249 249 248 248 248 249 249 249 249 249 249 249 249 249 249 249 249 249 249 249 249 249 249 249 249 249 249 249 249 249 250 251 252 251 249 250 250 192 106 54 28 21 15 10 7 8 7 8 8 8 8 9 9 9 9 10 10 8 9 15 22 23 8 11 15 23 142 225 210 68 23 18 9 5 7 8 10 9 9 8 8 10 9 8 7 8 14 17 16 19 32 68 161 242 251 245 248 249 249 249 249 248 249 249 249 249 249 249 249 249 249 249 249 249 249 249 249 249 249 249 249 248 248 248 248 248 248 248 248 248 248 248 248 248 248 248 248 248 248 248 248 248 248 248 248 248 248 248 248 248 248 248 248 248 248 248 248 248 248 248 248 248 248 248 248 248 247 245 244 238 203 131 54 25 
250 250 250 251 250 249 248 247 250 250 250 249 247 248 248 249 250 249 249 249 249 248 247 247 247 248 249 250 249 248 248 248 248 248 248 248 249 249 249 249 249 249 249 249 249 249 249 249 249 249 249 249 249 249 249 249 249 249 249 250 249 249 249 250 248 245 250 233 141 53 22 8 9 11 9 10 9 7 8 8 8 8 9 9 9 9 9 9 8 8 11 15 16 4 8 16 32 137 223 223 91 29 16 8 7 7 8 9 9 9 9 9 9 9 8 5 5 12 19 17 17 32 69 161 253 253 245 249 249 249 249 249 249 249 249 249 249 249 249 249 249 249 249 249 249 249 249 249 249 249 249 249 249 249 248 248 249 249 249 249 248 248 248 248 248 248 248 248 248 248 248 248 248 248 248 248 248 248 248 248 248 248 248 248 248 248 248 248 248 248 248 248 248 248 248 248 248 247 245 244 239 213 151 84 53 
250 250 251 251 251 251 251 251 251 250 250 250 249 249 248 249 250 250 249 249 248 247 245 245 244 247 248 249 248 248 248 248 248 248 248 248 249 249 249 249 249 249 249 249 249 249 249 249 249 249 249 249 249 249 249 249 249 249 249 250 249 249 249 249 249 250 243 208 103 31 18 14 14 11 10 10 9 8 8 8 8 8 8 8 7 7 9 9 9 9 11 15 17 7 15 22 39 130 214 215 86 28 11 7 8 8 8 9 9 9 10 10 9 10 10 9 10 16 21 16 14 17 45 137 247 252 245 249 249 249 249 249 249 249 249 249 249 249 249 249 249 249 249 249 249 249 249 249 249 249 249 249 249 249 248 248 249 249 249 249 248 248 248 248 248 248 248 248 248 248 248 248 248 248 248 248 248 248 248 248 248 248 248 248 248 248 248 248 248 248 248 248 248 248 248 248 247 247 247 245 241 222 188 151 128 
250 250 251 249 249 249 248 247 248 248 248 249 249 249 250 251 251 251 251 251 250 248 245 242 244 247 248 249 248 248 248 248 248 248 248 248 249 249 249 249 249 249 249 249 249 249 249 249 249 249 249 249 249 249 249 249 249 249 250 247 243 245 250 250 249 249 238 192 85 21 17 16 14 11 9 8 8 8 8 8 8 7 8 8 7 7 9 9 9 9 12 16 16 12 23 30 40 125 194 188 88 35 11 4 8 9 8 8 9 9 9 9 9 8 9 9 14 22 22 17 4 10 29 96 209 240 249 248 249 249 249 249 249 249 249 249 249 249 249 249 249 249 249 249 249 249 249 249 249 249 249 249 249 249 248 248 249 249 249 249 248 248 248 248 248 248 248 248 248 248 248 248 248 248 248 248 248 248 248 248 248 248 248 248 248 248 248 248 248 248 248 248 248 248 248 248 248 248 248 248 244 238 228 215 205 
251 251 251 249 249 249 249 249 249 249 249 249 249 250 251 251 251 250 248 249 249 249 250 244 242 245 247 247 248 248 248 248 248 248 248 248 249 249 249 249 249 249 249 249 249 249 249 249 249 249 249 249 249 249 249 249 249 249 249 245 242 243 248 249 249 241 236 188 80 23 17 14 12 11 11 9 8 8 8 8 8 8 8 5 5 7 9 10 10 10 14 18 18 16 28 36 43 123 172 156 72 28 14 3 8 9 9 10 10 9 10 11 9 8 6 4 8 17 19 16 12 33 56 97 186 231 250 248 249 249 249 249 249 249 249 249 249 249 249 249 249 249 249 249 249 249 249 249 248 248 248 248 248 248 248 248 248 248 248 248 248 248 248 248 248 248 248 248 248 248 248 248 248 248 248 248 248 248 248 248 248 248 248 248 248 248 248 248 248 248 248 248 248 248 248 248 248 248 248 248 249 250 249 244 238 
251 251 251 249 249 249 249 249 249 249 249 249 250 249 249 250 250 248 237 224 234 234 238 241 243 244 245 248 248 248 248 248 248 248 248 248 249 249 249 249 249 249 249 249 249 249 249 249 249 249 249 249 249 249 249 249 249 249 249 249 248 247 249 250 249 248 247 180 69 22 16 10 9 9 10 9 8 8 8 7 8 9 8 8 8 8 12 15 15 15 17 19 21 17 32 39 50 121 168 151 53 30 23 16 19 22 24 28 29 29 31 37 37 37 36 38 36 51 65 66 88 108 116 157 203 236 248 248 249 249 249 250 249 249 249 249 249 249 249 249 249 249 249 249 249 249 249 249 248 248 248 248 248 248 248 248 248 248 248 248 248 248 248 248 248 248 248 248 248 248 248 248 248 248 248 248 248 248 248 248 248 248 248 248 248 248 248 248 248 248 248 248 248 248 248 248 248 248 248 248 249 250 249 248 243 
250 250 250 249 249 249 249 249 249 249 249 249 250 249 249 249 249 247 235 215 209 221 237 242 244 244 245 247 247 247 247 247 247 247 248 248 249 249 249 249 249 250 249 248 248 248 249 249 249 249 249 249 249 249 249 249 249 250 250 250 249 248 249 249 248 245 235 162 50 21 16 9 9 8 8 7 7 7 7 7 7 8 9 9 10 13 19 24 29 28 22 18 17 15 28 37 57 129 187 183 89 86 81 79 80 87 95 100 102 102 105 116 120 121 122 128 137 156 178 182 206 199 195 231 236 243 249 249 249 249 249 250 249 249 249 249 249 249 249 249 249 249 249 249 249 249 249 249 248 248 248 248 248 248 248 248 248 248 248 248 248 248 248 248 248 248 248 248 248 248 248 248 248 248 248 248 248 248 248 248 248 248 248 248 248 248 248 248 248 248 248 248 248 248 248 249 249 249 248 248 250 250 249 249 248 
250 250 250 250 250 250 249 249 250 250 250 250 250 249 249 249 247 247 236 226 220 230 241 243 244 244 245 247 247 245 247 247 247 247 248 248 250 249 249 250 250 251 250 248 248 248 249 249 249 250 250 250 249 249 249 251 250 251 251 251 251 249 250 248 251 244 207 122 40 19 15 11 5 4 5 4 4 3 5 7 7 8 9 9 11 15 19 24 31 30 25 22 19 17 28 39 61 137 213 211 200 198 191 189 190 199 209 214 215 212 210 213 209 208 210 213 233 249 254 253 253 252 248 251 251 249 248 248 249 249 249 249 249 249 249 249 249 249 249 249 249 249 249 249 249 249 249 249 248 248 248 248 248 248 248 248 248 248 248 248 248 248 248 248 248 248 248 248 248 248 248 248 248 248 248 248 248 248 248 248 248 248 248 248 248 248 248 248 248 248 248 248 248 248 249 249 250 249 248 248 250 250 249 249 249 
250 250 250 250 250 249 249 249 250 250 249 249 250 250 249 249 248 247 241 238 241 243 243 244 245 245 245 245 245 245 245 245 247 247 248 249 249 248 248 249 250 250 249 248 249 249 248 248 249 249 250 251 250 250 248 245 247 251 252 252 251 249 248 244 245 244 196 117 80 58 47 41 31 22 11 7 7 4 6 6 7 7 9 9 12 12 15 16 15 16 17 16 6 20 24 44 96 150 186 214 249 245 250 249 249 250 249 248 247 248 252 253 253 252 247 243 242 248 251 250 243 241 242 244 247 248 248 248 249 249 249 249 248 248 248 248 248 248 248 248 248 248 248 248 248 248 248 248 248 248 248 248 248 248 248 248 248 248 248 248 248 248 248 248 249 249 249 249 248 248 248 248 248 247 247 247 248 248 248 248 247 247 247 247 247 247 247 248 248 248 248 249 249 249 249 249 249 249 248 248 248 249 248 247 246 
250 250 250 250 250 250 249 249 250 250 249 249 250 251 250 250 249 249 249 249 247 247 244 245 247 245 245 247 245 245 245 245 247 247 248 248 249 248 248 249 249 249 249 248 248 248 248 247 248 249 249 249 249 251 252 252 252 252 251 252 252 250 252 252 247 252 236 175 156 144 126 103 87 67 35 15 12 14 10 6 4 4 10 16 20 25 29 31 33 40 42 39 43 59 73 108 164 202 215 235 247 247 249 249 248 249 247 245 245 248 251 252 253 252 250 249 248 245 251 251 249 245 243 244 247 248 249 249 249 249 249 249 248 248 248 248 249 248 248 248 248 248 249 249 248 248 248 248 248 248 248 248 248 248 248 248 248 248 248 248 248 248 248 248 249 249 249 249 248 248 248 248 248 248 248 248 248 248 249 249 248 248 248 248 249 249 249 249 248 248 248 249 249 249 249 249 249 249 248 248 248 249 249 249 248 
249 249 250 250 250 250 249 249 249 249 249 249 249 249 249 248 248 248 249 249 249 249 248 248 248 247 247 247 245 245 245 245 247 247 247 248 248 247 247 248 250 249 248 248 247 247 247 245 248 249 249 249 249 249 250 253 254 250 236 234 233 236 237 241 234 223 221 191 163 151 136 117 102 78 53 32 26 23 21 25 35 53 66 87 90 101 111 121 131 142 146 146 153 169 194 189 195 217 198 193 208 209 207 203 205 206 206 206 206 209 213 216 216 216 216 216 217 221 239 252 251 251 250 249 249 249 249 249 249 249 248 248 248 247 247 248 249 248 247 248 248 248 249 249 248 248 248 248 248 248 248 248 248 248 248 248 248 248 248 248 248 248 248 248 249 249 249 249 248 248 248 248 249 249 248 249 249 249 249 249 248 248 248 248 249 250 249 249 248 248 248 248 248 249 249 249 249 249 249 249 247 249 246 237 233 
252 252 252 252 252 252 252 252 252 252 251 251 249 249 247 247 245 245 247 248 248 248 249 249 249 248 247 247 245 245 245 245 247 247 248 248 250 250 250 249 252 251 251 252 250 250 251 252 252 251 250 251 249 245 238 233 231 213 193 176 162 166 160 161 156 135 127 117 87 73 67 66 58 50 45 40 61 85 101 117 135 159 173 191 195 205 210 219 227 235 236 237 240 245 253 241 208 187 144 108 134 128 118 110 114 116 120 121 124 127 131 134 135 135 132 131 148 184 222 249 251 249 249 249 249 249 249 249 249 250 249 249 249 248 247 251 250 245 248 249 248 248 249 249 249 248 248 248 248 248 248 248 248 248 248 248 248 248 248 248 248 248 248 248 249 249 249 249 248 248 248 248 249 249 249 249 249 249 249 249 249 249 248 247 247 248 248 248 248 248 248 249 249 249 249 249 249 248 247 245 244 237 221 188 156 
243 241 242 242 243 244 245 245 245 247 247 248 248 248 249 249 247 245 245 247 247 247 249 249 249 249 248 247 245 245 245 245 245 245 247 248 248 244 242 237 234 234 234 234 233 233 234 228 224 217 213 213 207 193 179 165 155 132 107 92 84 81 77 75 73 66 58 49 43 37 33 31 29 32 33 47 109 165 193 209 226 236 238 241 241 242 243 244 247 247 248 250 250 251 252 229 181 137 96 56 57 50 56 56 59 63 65 66 70 72 74 67 63 68 78 94 120 162 211 248 251 248 249 250 250 250 249 249 248 249 250 250 252 252 252 252 252 244 248 250 249 249 248 249 249 248 248 248 248 248 248 248 248 248 248 248 248 248 248 248 248 248 248 248 248 248 248 248 248 248 248 248 247 248 248 248 248 247 248 248 247 247 247 247 245 245 245 247 248 248 248 249 249 249 249 249 249 248 247 243 243 230 193 132 77 
198 198 199 203 209 214 216 216 215 216 219 220 222 226 228 229 229 228 230 233 236 238 240 243 245 247 245 244 244 243 242 242 242 241 238 228 213 194 186 177 167 162 158 157 152 151 150 140 137 134 122 127 123 106 89 80 78 65 50 49 54 51 46 42 43 51 43 35 39 40 38 38 37 37 37 49 89 136 166 179 185 186 184 181 180 179 178 178 178 180 181 182 182 184 185 156 110 81 61 44 45 46 52 57 57 57 54 53 53 53 58 60 59 84 115 155 167 189 222 238 247 251 251 251 251 251 250 249 247 237 230 223 223 225 226 228 224 221 228 238 248 249 248 249 249 248 248 248 248 248 248 248 248 248 248 248 248 248 248 248 248 248 248 248 248 248 248 248 248 248 248 247 248 245 245 245 245 247 247 247 248 248 248 247 247 247 245 245 248 248 248 249 249 249 249 249 249 249 249 245 245 235 190 109 47 
184 184 182 186 194 201 205 205 202 199 196 194 194 200 205 209 209 207 210 216 221 222 223 227 231 236 240 243 242 242 242 242 242 238 222 194 141 110 103 92 85 77 72 71 70 67 67 66 66 68 67 66 65 62 51 46 47 45 44 44 45 46 45 43 45 48 37 36 38 38 33 37 38 39 40 34 42 63 77 81 82 84 84 85 85 85 87 88 89 92 94 97 97 95 92 74 50 37 31 36 44 49 49 50 49 47 47 49 47 47 67 93 115 159 199 233 233 241 245 247 250 252 251 250 250 249 250 237 215 188 187 170 145 152 148 131 128 149 180 213 237 247 249 249 248 248 248 248 248 248 248 248 248 248 248 248 248 248 248 248 248 248 248 248 248 248 248 248 248 248 248 248 247 247 247 247 247 248 248 248 248 248 248 248 248 248 248 248 248 248 248 249 249 249 248 248 248 248 249 248 245 236 193 110 42 
223 221 217 212 209 210 209 209 209 208 208 208 209 214 219 222 223 221 223 227 227 229 229 233 236 240 242 244 243 242 240 236 229 212 182 149 93 66 56 47 46 43 43 45 46 45 46 47 50 50 50 50 50 48 46 46 46 45 39 37 37 40 43 44 47 45 36 37 37 37 37 38 39 40 41 38 40 42 40 43 46 49 49 50 50 51 53 54 53 54 58 59 65 59 49 47 45 43 35 30 30 32 35 36 38 43 45 43 51 67 86 116 156 201 229 245 249 251 251 252 249 248 247 245 242 233 218 195 164 130 110 92 78 80 86 94 124 165 198 224 241 247 249 249 248 248 248 248 248 248 248 248 248 248 248 248 248 248 248 248 248 248 248 248 248 248 248 248 248 248 248 249 249 249 249 249 249 249 249 249 248 248 248 249 249 249 250 250 248 248 248 249 249 249 248 249 249 249 250 249 246 236 187 106 36 
237 224 201 178 158 146 139 135 134 137 141 143 149 153 158 160 164 168 173 174 193 196 202 207 208 208 207 206 195 192 182 175 163 141 115 90 72 65 57 50 46 45 44 44 45 45 44 44 44 44 45 45 43 44 44 44 44 44 38 37 39 40 42 43 45 42 40 39 39 38 40 40 42 43 42 40 40 45 48 51 50 50 51 51 53 53 54 54 54 54 52 51 51 50 46 47 44 43 44 45 46 47 50 51 50 46 47 50 51 63 84 120 153 185 216 230 240 240 236 222 209 205 202 187 163 135 111 100 85 79 80 81 81 87 113 149 200 236 245 248 248 248 249 249 249 248 248 248 248 248 248 248 248 248 248 248 248 248 248 248 248 248 248 248 248 248 248 248 248 248 248 248 248 248 248 248 248 248 248 248 248 248 248 248 249 249 249 249 248 248 248 249 249 249 250 250 249 249 250 249 246 235 182 96 31 
207 194 155 122 106 87 74 65 59 58 56 56 57 58 60 61 66 69 76 79 95 97 103 106 108 109 109 110 100 97 89 82 74 64 58 54 53 51 50 50 47 49 50 52 52 50 46 44 44 44 46 47 45 44 43 44 43 43 43 43 43 43 44 45 44 44 44 44 43 43 44 44 45 46 46 46 46 47 47 48 50 51 51 51 52 52 52 53 52 52 52 52 53 53 52 54 54 56 56 57 57 56 57 58 57 54 57 61 61 64 71 93 128 164 191 208 194 186 174 165 153 145 152 141 137 127 116 116 120 130 143 156 164 178 196 214 234 245 247 247 248 247 249 249 249 248 248 248 248 248 248 248 248 248 248 248 248 248 248 248 248 248 248 248 248 248 248 248 248 248 248 248 248 248 248 248 248 248 248 248 248 248 248 248 248 248 248 248 248 248 248 249 249 249 249 250 248 248 249 248 247 234 175 87 29 
195 191 174 173 160 145 132 125 121 118 114 111 103 100 95 94 94 97 101 103 93 92 92 93 92 92 88 88 90 89 88 84 81 81 84 82 94 93 85 82 68 61 61 61 60 56 51 47 45 44 45 47 47 47 47 47 46 46 46 46 46 45 44 45 46 48 47 49 47 49 50 50 51 54 53 52 52 52 52 53 53 53 52 52 51 50 49 50 50 50 51 52 54 54 56 54 54 53 55 57 58 59 60 60 60 60 58 58 57 53 52 60 87 114 122 134 129 135 138 148 160 171 179 182 191 195 201 202 207 215 223 230 235 240 244 249 251 251 249 249 250 250 249 249 248 248 248 248 248 248 248 248 248 248 248 248 248 248 248 248 248 248 248 248 248 248 248 248 248 248 248 248 248 248 248 248 248 248 248 248 248 248 248 248 248 248 248 248 248 248 248 249 249 249 249 250 248 248 248 247 249 233 174 88 25 
224 226 228 231 230 227 223 222 217 216 212 212 203 200 193 192 191 193 198 199 187 186 187 186 184 182 181 180 179 180 179 177 177 173 172 162 177 166 152 143 124 111 100 87 77 71 64 58 53 50 51 52 52 51 50 46 46 46 47 47 45 45 43 42 44 45 46 49 49 49 50 51 56 63 72 78 85 92 103 108 109 110 109 109 116 116 117 115 115 114 113 111 113 111 111 109 107 104 104 103 103 102 102 102 103 107 106 107 106 104 102 110 123 128 136 149 155 174 189 207 221 231 238 242 243 244 246 247 247 247 248 248 248 248 248 249 251 251 250 249 250 250 250 249 249 248 248 248 248 248 248 248 248 248 248 248 248 248 248 248 248 248 248 248 248 248 248 248 248 248 248 248 248 248 248 248 248 248 248 248 248 248 248 248 248 248 248 248 248 248 248 249 249 249 249 250 248 248 247 245 249 235 179 91 23 
245 243 244 245 245 247 248 249 247 246 246 245 244 241 237 236 237 240 244 247 245 245 247 246 246 246 244 244 245 245 243 244 238 234 228 226 226 221 213 205 188 177 159 141 129 120 113 106 101 97 88 82 86 79 65 58 59 59 60 62 70 67 67 66 67 67 72 77 81 82 85 88 92 101 130 150 165 179 193 200 198 199 203 206 213 215 216 215 213 212 210 209 210 209 209 208 208 208 206 202 192 188 188 189 192 199 203 203 202 201 200 205 210 212 215 222 222 233 242 248 252 251 250 249 249 249 249 249 249 249 249 249 248 248 248 248 250 250 249 250 250 250 250 250 249 249 249 249 248 248 248 248 248 248 248 248 248 248 248 248 248 248 248 248 248 248 248 248 248 248 248 248 248 248 248 248 249 249 249 249 248 248 248 248 248 248 248 248 248 248 248 249 249 249 249 250 248 248 245 247 249 237 175 82 23 
245 243 244 243 244 245 246 246 245 246 246 246 246 245 245 245 246 247 248 248 249 249 249 249 249 248 249 249 250 250 249 249 247 245 243 242 241 240 238 237 233 228 219 209 203 195 191 186 182 181 172 162 146 136 128 124 123 122 123 124 145 143 143 143 144 145 149 158 162 165 169 173 178 186 203 215 224 234 237 240 235 233 241 245 246 246 245 245 245 246 246 246 248 248 249 248 249 249 247 247 247 246 244 245 245 247 247 247 244 243 242 241 242 244 245 245 246 247 247 248 249 248 248 248 248 248 249 248 248 249 250 250 249 249 249 249 250 250 249 249 250 250 249 249 249 248 248 249 248 248 248 248 248 248 248 248 248 248 248 248 248 248 248 248 248 248 248 248 248 248 248 248 248 248 248 248 249 249 249 249 248 248 248 248 248 248 248 248 248 248 248 249 249 249 249 250 248 248 247 247 245 230 164 70 22 
248 248 248 247 249 249 250 250 250 250 250 250 250 249 249 249 250 249 249 251 250 250 251 250 250 250 249 249 250 249 250 249 247 245 244 244 243 243 243 244 245 247 245 245 244 243 242 240 238 236 234 231 222 217 213 212 210 209 212 213 220 220 220 220 220 222 226 229 231 231 234 235 238 242 241 240 240 241 242 243 245 245 244 247 247 247 247 247 248 248 248 249 250 249 249 249 249 248 249 249 249 249 250 250 250 248 248 248 248 248 249 249 247 247 247 247 249 250 251 251 251 250 249 249 248 248 249 248 248 249 249 249 248 249 249 249 249 248 249 249 249 249 249 249 249 248 248 249 248 248 248 248 248 248 248 248 248 248 248 248 248 248 248 248 248 248 248 248 248 248 248 248 248 248 248 248 249 249 249 249 248 248 248 248 248 248 248 248 248 248 248 249 249 249 249 250 249 249 249 246 244 228 155 64 22 
249 249 249 249 249 249 250 249 250 250 250 250 249 249 249 249 249 249 249 251 252 252 252 251 251 251 250 250 250 249 249 249 247 247 247 247 247 247 248 248 247 245 247 248 249 249 250 250 249 249 249 249 249 249 248 248 248 247 247 245 243 243 244 244 247 248 248 249 249 250 251 250 249 248 248 247 245 247 245 247 247 247 247 247 247 247 248 248 249 249 248 249 249 248 247 247 247 247 248 248 247 247 248 248 248 248 248 248 249 249 249 249 249 249 248 248 249 250 251 251 251 251 249 249 248 248 248 248 248 248 248 249 248 249 249 249 249 248 249 249 249 249 249 249 249 248 248 249 248 248 248 249 248 248 248 248 248 248 248 248 248 248 248 248 248 248 248 248 248 248 248 248 248 248 248 248 249 249 249 249 248 248 248 248 248 248 248 248 248 248 248 249 249 249 249 250 249 249 250 248 249 231 156 66 21 
249 250 249 250 248 247 248 248 249 249 249 249 249 249 249 249 249 249 249 250 250 250 249 249 249 249 251 251 251 250 249 248 248 247 248 249 248 248 247 247 247 247 248 248 248 249 250 250 250 249 249 249 249 248 245 245 244 243 241 240 241 241 243 244 247 248 249 249 249 250 249 250 250 250 249 249 248 248 247 247 247 248 248 248 248 249 249 249 250 250 249 250 248 248 247 247 245 247 247 248 247 247 247 247 248 249 249 249 249 249 249 249 250 249 250 250 247 249 250 251 251 251 249 249 248 248 248 247 248 247 247 249 248 248 248 248 248 248 248 248 248 248 248 249 248 249 248 248 248 248 249 250 250 249 248 248 248 248 248 248 248 248 248 248 248 248 248 248 248 248 248 248 249 249 249 249 249 249 249 248 248 248 248 248 248 248 248 249 249 249 249 249 249 249 250 250 250 249 249 249 249 231 158 70 21 
