36 34 36 36 33 30 26 22 19 18 19 18 18 18 18 17 17 21 25 28 26 24 23 23 24 24 25 24 24 23 23 22 21 19 21 22 26 31 36 37 40 45 51 53 55 58 59 58 56 53 51 49 46 45 43 42 40 35 30 25 19 18 21 23 21 19 20 25 40 26 29 42 22 15 11 11 
38 34 36 36 35 31 26 20 18 17 18 18 18 17 17 16 17 17 22 25 28 25 24 23 24 25 25 24 24 24 24 23 21 18 21 22 25 31 36 37 40 45 50 52 55 55 54 53 53 52 50 49 47 45 44 40 40 35 30 25 21 19 21 22 22 19 18 25 29 34 49 73 30 16 12 11 
40 33 37 36 34 32 25 19 17 17 17 17 16 17 17 17 18 19 23 26 29 28 25 25 24 25 25 24 25 25 24 23 21 18 21 22 25 30 37 38 40 44 45 49 49 47 47 49 50 50 50 49 47 46 44 41 40 35 30 25 21 19 21 23 23 20 16 16 28 53 86 118 40 14 15 12 
45 39 39 37 34 33 26 18 16 16 16 16 15 16 16 17 17 19 24 28 30 28 26 25 25 25 25 24 25 25 24 23 21 21 21 23 26 30 37 39 38 39 40 42 42 42 44 45 47 47 47 47 47 47 45 40 40 36 31 26 22 21 22 23 24 24 22 18 53 99 132 159 57 19 15 11 
51 46 39 37 37 34 26 18 16 17 16 16 15 15 16 18 18 21 24 28 29 29 26 25 24 24 24 23 24 24 23 23 21 21 22 23 27 32 37 37 37 37 38 38 38 42 44 45 45 46 47 49 49 47 47 44 39 36 33 29 24 22 24 25 23 22 29 57 102 165 193 194 86 30 12 10 
64 50 37 36 33 31 25 18 16 17 18 18 16 15 16 17 18 21 24 28 28 28 26 25 24 24 23 23 23 22 22 22 21 22 22 23 26 33 37 38 38 38 38 39 39 42 44 46 45 46 49 49 47 47 46 44 40 37 34 30 24 22 23 23 35 46 79 130 186 234 228 205 88 29 12 10 
75 60 50 41 38 33 24 18 17 18 18 17 16 17 17 17 18 19 24 26 26 26 26 24 24 24 22 21 21 22 23 22 23 25 25 25 27 36 39 39 40 40 41 43 44 45 47 47 46 47 47 49 50 48 45 42 40 38 36 31 26 24 22 22 36 52 96 155 214 242 244 230 79 30 11 11 
86 75 62 45 38 32 23 19 18 18 18 17 16 17 17 17 18 19 22 24 24 24 24 23 23 22 21 21 21 22 22 22 23 24 25 26 30 34 38 40 43 44 45 47 46 47 47 47 46 46 47 47 48 48 45 42 42 39 37 33 28 25 21 21 37 66 124 188 237 244 241 228 82 32 14 12 
88 75 61 42 36 30 25 21 19 19 18 17 16 17 17 18 19 20 22 24 24 24 23 23 23 21 21 21 21 22 22 23 24 24 26 27 31 34 38 43 45 45 46 47 48 48 48 50 48 47 47 47 47 48 46 44 41 43 40 37 30 28 28 32 44 97 171 222 247 245 238 223 82 31 16 14 
73 61 53 39 33 30 25 22 21 19 18 18 17 17 17 17 19 20 22 23 23 23 22 21 21 21 19 21 21 22 22 23 24 24 26 27 31 34 38 44 47 47 50 52 52 50 50 50 48 48 46 46 46 46 44 43 41 41 42 39 35 32 38 46 67 124 188 227 241 246 234 213 78 26 18 14 
49 44 40 35 30 28 24 22 19 18 17 17 17 16 16 17 18 19 20 23 23 23 21 21 22 21 21 21 21 22 23 23 24 24 25 26 30 34 38 43 43 44 44 44 43 43 42 40 42 42 39 39 40 39 39 39 40 42 44 36 25 37 43 54 78 120 175 221 234 234 224 200 65 24 19 16 
31 31 30 29 28 25 23 22 19 18 17 17 17 16 16 17 18 19 20 22 22 22 21 22 22 22 22 22 22 22 24 23 25 26 26 26 30 32 36 38 37 38 39 39 38 37 35 33 36 35 32 31 31 32 33 35 36 38 39 36 26 33 39 54 82 130 181 221 239 239 227 187 51 24 19 13 
29 29 28 28 26 24 22 22 21 19 19 18 18 17 17 18 19 19 21 22 22 22 22 22 23 22 22 22 22 23 24 24 25 26 26 26 29 31 33 34 31 32 32 32 32 32 30 28 28 28 26 26 26 26 28 29 31 32 34 30 25 32 44 61 107 149 193 227 243 241 229 179 47 22 17 12 
33 31 31 31 29 26 24 23 22 19 16 17 18 18 19 21 21 21 21 22 21 22 22 22 23 22 22 22 22 23 24 24 24 25 25 25 26 26 29 29 25 25 26 26 26 26 25 23 21 21 22 22 22 22 23 24 25 26 27 25 21 36 57 77 139 176 210 237 244 239 214 165 46 17 12 10 
46 43 40 40 39 38 38 37 38 31 28 24 24 24 24 24 24 23 22 22 21 21 21 22 23 22 22 22 22 22 22 23 22 21 23 22 22 22 22 22 22 23 24 24 24 22 22 19 19 18 18 18 17 18 19 21 19 20 23 23 18 25 50 81 165 210 233 243 239 232 188 135 33 15 11 9 
66 61 58 57 54 54 56 56 57 51 47 44 36 36 35 33 32 31 30 29 28 25 23 22 22 22 21 19 21 19 19 19 19 18 19 17 17 17 18 19 18 18 19 21 21 19 18 17 17 17 16 16 15 16 17 17 16 16 19 19 19 25 43 78 182 229 238 243 233 222 170 107 26 14 10 9 
86 81 78 75 75 75 73 72 74 73 72 73 60 58 53 50 48 45 40 38 35 32 26 24 22 22 22 19 18 16 17 17 19 17 16 15 15 16 16 17 15 16 17 17 17 17 16 16 16 16 15 15 15 15 15 14 13 15 19 20 16 28 55 89 165 210 224 222 214 191 146 90 23 14 9 9 
94 95 94 92 93 93 90 90 92 90 88 87 88 82 77 73 69 66 61 58 57 52 46 45 37 36 33 30 25 22 18 22 20 16 15 14 15 17 16 15 15 15 15 15 15 15 15 15 16 15 15 16 16 15 14 14 13 16 22 26 28 38 75 122 184 219 224 212 198 155 101 57 18 14 10 8 
99 100 101 101 100 100 99 99 97 97 97 97 99 93 89 86 84 81 78 74 75 72 65 64 59 58 55 48 45 39 36 33 28 20 19 16 16 15 15 15 15 16 16 16 15 15 15 16 16 15 15 16 16 16 17 17 21 26 33 40 56 77 124 179 216 231 229 222 196 152 88 38 17 14 10 8 
99 100 101 100 99 99 97 97 95 96 97 97 101 97 94 93 90 90 87 84 82 81 80 79 75 75 74 67 64 58 57 50 40 31 26 21 18 14 15 15 16 16 16 16 15 15 15 16 16 16 16 17 17 17 18 19 26 32 38 47 72 106 166 219 238 243 233 216 167 128 79 34 16 14 10 8 
94 94 95 94 94 94 93 93 90 92 93 95 95 95 94 93 93 93 92 92 92 92 94 91 87 87 86 81 80 74 73 66 57 46 38 28 22 16 15 16 17 16 16 16 16 16 16 16 17 16 16 17 17 17 18 19 30 37 49 67 100 137 195 236 240 242 226 200 148 104 65 35 16 12 9 8 
86 87 87 87 88 88 87 87 84 85 86 86 87 87 87 88 89 89 89 89 89 89 90 90 90 89 89 86 85 81 79 77 68 61 51 39 31 21 16 17 17 17 17 17 17 17 17 17 18 17 17 17 17 17 18 17 30 38 66 87 108 152 209 238 237 235 213 185 141 93 52 38 15 12 10 9 
80 80 80 80 80 79 79 79 75 77 78 78 79 79 79 80 81 81 81 81 82 82 84 86 88 88 88 86 85 82 80 81 75 71 61 52 42 30 22 16 19 18 18 18 17 17 18 18 18 18 18 17 17 18 18 18 23 35 59 94 127 157 202 229 231 228 204 172 122 81 58 59 14 12 11 10 
75 74 74 74 74 74 73 73 72 71 71 72 74 74 74 74 75 75 77 77 78 78 79 80 84 84 85 84 86 83 82 81 79 75 70 59 49 36 25 17 19 19 19 19 18 18 18 19 19 18 19 18 18 19 18 19 23 36 59 95 142 177 207 227 226 214 193 154 101 74 77 81 14 12 11 10 
66 67 67 67 68 68 68 68 67 66 65 67 70 70 70 68 69 69 71 73 74 76 76 76 77 79 81 84 85 82 82 82 81 79 75 68 59 46 33 23 20 20 19 19 18 18 18 19 18 19 18 18 18 18 19 21 32 42 78 110 150 199 221 223 226 210 187 142 68 71 77 71 19 13 11 10 
60 60 61 63 65 62 61 66 64 63 64 65 63 64 65 64 65 65 66 69 71 74 75 75 77 79 82 84 85 82 81 81 82 80 78 73 65 52 37 24 22 22 21 21 19 19 19 21 19 19 19 18 18 19 22 24 29 39 63 93 121 160 196 219 224 201 158 121 85 99 104 87 19 12 11 10 
60 60 61 63 63 60 60 61 61 60 60 61 60 60 61 61 61 61 61 64 65 66 68 73 74 76 80 82 85 82 82 82 81 79 78 77 70 57 42 29 22 21 22 22 19 19 21 22 21 21 19 19 19 21 23 25 30 37 48 74 111 153 192 216 207 164 115 95 90 111 104 66 18 11 10 10 
64 64 63 64 63 63 63 63 63 63 64 64 64 63 63 61 61 60 60 60 61 61 64 71 72 72 75 81 84 81 78 82 81 79 80 79 73 59 46 31 23 22 23 22 21 21 22 23 22 22 21 21 19 19 23 25 28 32 37 60 115 162 200 209 182 143 94 91 86 89 84 50 18 11 10 11 
67 66 66 67 68 67 66 66 67 67 68 68 67 67 67 65 64 63 63 60 60 60 61 67 69 68 72 80 82 80 76 81 81 80 80 80 74 64 51 33 26 22 23 23 22 22 23 24 25 24 23 24 22 21 24 26 28 29 29 51 115 151 199 209 170 145 120 117 107 79 61 41 18 11 10 11 
73 71 72 72 71 71 70 70 68 70 70 68 68 68 68 67 66 65 65 63 63 61 61 64 67 68 72 78 81 79 78 80 79 79 79 80 77 68 54 35 29 23 23 24 23 22 23 25 25 25 25 25 23 22 25 26 26 28 30 43 92 121 164 187 163 153 151 149 116 69 44 32 17 10 10 11 
75 77 75 75 73 73 73 73 72 72 72 71 71 70 70 68 70 70 68 67 65 63 61 61 64 68 72 76 80 79 78 77 78 79 80 80 78 71 59 37 32 26 22 23 23 22 23 25 25 25 24 24 24 24 26 27 26 25 32 39 52 75 114 148 158 175 186 160 103 57 30 24 16 12 9 10 
75 75 75 74 74 74 74 74 73 73 73 72 72 71 70 70 71 71 71 67 67 63 63 63 64 68 74 75 78 78 78 77 77 79 80 80 78 72 63 44 34 29 23 22 22 22 23 24 25 25 24 24 25 26 27 30 25 19 28 38 43 72 111 159 180 195 192 146 85 47 26 21 15 11 9 10 
74 74 74 75 74 74 74 73 74 74 73 72 71 70 68 68 70 70 71 67 67 64 63 65 63 67 73 74 75 78 80 78 77 78 79 80 78 73 65 49 35 31 26 22 23 22 23 23 24 24 24 24 24 26 29 31 35 32 39 55 80 116 153 191 210 219 184 114 66 39 23 17 14 10 10 11 
74 73 73 73 73 73 73 74 73 72 71 70 68 67 67 67 65 66 67 67 66 65 65 64 65 66 71 74 75 78 80 80 78 79 79 80 77 74 68 52 40 30 25 22 23 22 23 24 24 24 24 23 23 28 27 33 46 72 121 149 164 187 227 238 214 202 162 86 50 35 19 10 18 9 10 12 
71 70 70 70 70 70 70 71 70 68 67 66 66 65 65 65 63 65 66 67 66 65 64 64 64 65 68 73 74 77 79 80 79 79 79 79 78 77 72 58 46 34 25 22 23 23 24 25 24 24 24 22 22 29 27 41 94 146 202 215 200 203 221 223 185 135 104 68 37 31 18 9 19 9 10 12 
67 67 67 67 67 67 67 67 67 66 65 64 64 63 63 63 64 64 65 66 66 65 64 64 63 64 67 71 74 75 78 80 79 78 76 79 78 77 74 59 50 38 26 23 24 24 26 26 24 24 23 22 17 24 54 95 151 175 182 178 156 149 151 148 123 87 75 61 40 36 23 17 17 11 10 11 
65 65 65 65 65 65 65 65 65 64 64 63 61 60 60 60 61 63 65 67 67 67 65 63 63 64 66 68 73 74 77 78 79 79 77 75 77 78 75 60 54 41 29 25 25 24 25 25 23 23 23 23 25 43 103 158 166 139 107 106 102 94 90 85 80 72 70 61 50 44 37 26 20 11 10 11 
63 63 63 63 63 63 63 63 63 61 61 61 60 60 60 60 61 63 65 67 67 67 65 61 60 64 65 67 71 74 75 78 78 79 78 75 77 78 75 64 57 46 32 25 24 24 25 24 23 23 23 25 50 96 159 182 143 102 74 80 79 75 68 66 67 72 72 67 53 44 40 37 22 11 10 11 
61 61 61 61 61 61 61 61 61 61 61 61 61 61 61 61 63 64 65 66 67 67 66 63 63 64 65 66 68 72 73 75 78 78 79 77 77 77 77 67 58 50 37 29 24 24 24 23 22 15 28 56 101 146 165 144 99 75 68 74 75 72 66 66 68 71 71 68 65 57 45 42 17 12 10 11 
61 60 61 61 61 61 61 61 61 61 61 61 63 63 64 64 65 65 66 66 67 67 66 65 65 65 66 65 67 70 72 74 77 79 79 78 79 78 77 71 60 52 39 31 25 24 24 23 18 16 38 92 166 174 146 102 73 68 69 69 72 71 66 65 67 70 70 66 65 60 51 45 16 12 10 11 
60 60 60 60 60 61 61 61 61 61 63 63 63 64 64 64 64 65 65 66 66 67 67 68 66 65 65 65 66 70 72 73 75 77 78 79 79 78 75 70 64 54 42 32 25 24 24 23 28 40 86 149 203 172 111 73 67 70 68 68 70 70 67 66 67 68 68 66 65 57 44 29 14 10 9 9 
60 60 61 61 60 60 60 61 61 61 63 63 63 64 64 64 64 64 65 65 66 67 67 68 66 65 64 63 66 68 70 72 73 71 78 78 79 78 74 72 68 58 43 36 26 24 24 24 44 71 132 196 175 118 73 56 67 68 68 68 70 68 67 66 66 67 68 66 65 56 43 28 12 10 8 9 
60 61 61 61 60 60 60 61 61 61 63 63 63 64 64 64 64 64 64 65 66 67 67 67 67 65 59 60 65 68 68 70 70 67 78 74 79 78 76 76 72 67 51 39 29 26 25 32 74 150 209 196 127 77 61 61 62 66 66 66 68 67 66 65 65 66 67 67 66 53 39 25 12 9 9 9 
60 60 61 61 60 60 60 60 60 60 61 61 63 63 63 63 64 64 64 64 66 67 67 67 68 68 67 63 66 70 71 72 74 77 79 65 70 81 80 78 79 73 53 50 31 26 26 47 118 193 209 149 89 66 62 60 60 62 65 65 66 67 66 64 65 66 67 67 67 53 39 25 12 9 9 9 
60 60 60 60 60 61 60 60 60 60 61 61 63 63 63 63 64 63 63 64 64 64 66 68 68 67 64 64 69 73 77 94 114 114 114 96 87 88 84 72 87 76 54 52 29 28 26 64 144 173 147 98 76 65 61 59 60 61 63 64 65 65 64 64 63 64 65 66 66 53 38 24 12 9 10 10 
60 60 60 60 60 60 60 60 60 60 60 61 61 61 61 61 61 61 60 60 60 60 63 68 70 66 63 66 80 91 109 146 178 181 192 175 151 132 117 97 95 78 54 51 29 32 43 103 162 151 107 76 71 59 59 59 60 60 60 63 63 63 63 63 61 63 63 64 65 52 37 24 14 9 9 10 
60 60 59 59 60 60 60 61 59 59 59 59 59 59 59 59 59 58 58 58 58 58 60 60 69 71 79 89 113 143 175 209 235 233 247 237 219 205 194 165 125 102 73 64 35 31 67 137 155 117 88 71 60 56 57 59 60 60 61 62 63 63 63 61 61 61 61 63 64 52 37 22 12 9 9 10 
59 60 59 59 60 60 59 59 58 58 58 58 58 58 58 58 58 58 58 57 56 56 59 63 68 82 106 124 153 196 226 241 242 241 249 248 248 248 237 219 184 157 117 92 45 42 88 149 144 101 71 60 57 54 57 59 59 60 62 62 63 63 63 61 61 60 61 63 64 53 37 19 12 9 10 10 
58 58 58 58 58 58 59 59 59 59 58 58 58 58 58 58 58 57 58 56 54 54 59 72 82 108 146 171 188 210 210 207 208 219 223 228 235 238 240 241 195 186 174 153 85 80 124 158 139 88 63 60 54 54 56 59 60 60 62 62 64 64 62 62 61 60 61 62 64 61 36 16 14 10 10 10 
57 57 57 57 58 58 59 59 58 59 58 58 58 58 58 58 58 56 57 56 53 53 62 75 93 121 147 156 150 142 132 129 145 144 153 167 176 187 195 194 196 200 199 159 150 130 157 159 124 75 58 68 54 54 56 59 60 60 62 62 62 62 62 61 61 60 62 62 61 59 36 14 14 10 10 10 
57 56 56 56 57 57 58 58 58 57 56 56 56 56 56 56 57 54 58 59 55 58 67 79 93 105 109 97 79 64 56 44 65 68 68 69 75 86 92 106 151 170 164 150 178 174 182 152 99 58 53 62 54 54 56 59 61 61 63 63 61 61 60 60 60 59 61 61 58 52 35 15 14 10 10 10 
56 56 56 56 56 57 58 58 58 57 56 56 56 56 56 56 54 54 59 58 58 61 68 71 75 68 61 53 42 36 33 19 33 32 24 31 38 39 39 49 59 67 84 118 149 172 171 123 85 57 51 53 53 53 56 58 60 60 61 61 61 61 60 60 60 59 60 59 53 50 36 19 14 10 10 10 
56 56 56 56 57 57 57 58 58 57 56 56 56 56 56 57 58 58 58 57 57 61 69 66 51 46 38 26 25 30 26 22 21 19 15 15 17 19 22 32 25 19 33 74 131 163 145 97 81 61 51 53 51 52 54 58 61 61 62 62 61 60 60 60 60 59 59 54 49 45 37 25 14 10 10 10 
56 56 56 56 57 57 57 58 58 57 54 54 54 54 54 57 58 57 59 57 57 66 71 62 43 44 34 25 30 31 22 21 21 24 19 16 23 15 13 24 22 18 29 51 115 135 112 86 74 63 56 53 51 52 54 57 59 60 61 61 60 60 60 60 59 59 58 53 49 45 39 30 12 10 9 10 
57 57 57 57 57 57 57 57 56 56 56 56 56 56 56 57 58 58 59 59 60 71 72 59 36 40 31 26 33 28 21 21 22 22 20 25 31 19 23 26 24 18 33 44 94 97 74 69 65 63 58 53 53 53 54 57 58 59 61 61 60 60 59 59 58 57 57 52 49 45 39 32 12 9 9 9 
58 57 57 57 57 57 57 57 56 56 57 57 57 57 57 57 58 58 58 60 64 74 74 57 35 36 30 26 31 24 21 22 22 21 22 25 29 23 26 31 27 26 37 44 64 68 50 48 52 58 58 52 52 52 52 56 58 59 62 61 60 61 59 57 56 56 56 52 50 46 39 31 14 9 9 9 
56 56 56 56 56 56 56 57 56 56 57 57 56 56 57 57 58 57 57 60 72 84 80 58 40 35 31 27 30 24 22 23 22 21 22 24 27 23 26 30 23 24 41 46 51 52 43 45 47 52 53 51 50 51 50 53 58 59 59 60 60 59 57 56 53 54 56 52 50 46 35 11 12 9 9 10 
56 54 54 54 54 54 54 54 56 56 57 57 56 56 57 57 55 57 56 60 84 95 82 60 43 36 31 27 30 25 23 23 22 21 22 24 27 25 26 25 18 33 51 46 53 46 34 38 38 40 44 46 48 48 50 53 58 58 58 59 59 58 56 53 52 53 54 52 50 49 33 12 12 9 9 9 
54 54 54 54 54 54 54 54 56 56 57 57 57 57 57 55 54 55 56 63 87 103 95 68 47 37 31 28 28 25 24 24 23 21 22 23 27 30 26 22 21 33 54 58 49 44 34 33 35 37 39 43 44 46 51 54 56 56 57 58 58 56 53 51 51 52 54 52 50 51 32 9 10 9 9 9 
54 54 54 54 54 54 54 54 56 56 57 57 57 57 57 57 55 55 54 63 92 117 110 75 50 36 30 28 26 25 25 25 25 24 24 23 31 27 26 23 29 43 61 64 42 40 34 31 35 37 38 39 42 44 50 53 56 56 56 57 57 56 50 49 50 52 56 52 51 50 36 16 9 10 9 9 
54 54 54 54 54 54 54 56 56 56 56 57 56 56 57 57 57 55 56 64 94 124 118 79 52 37 30 28 26 26 26 26 26 26 26 25 32 34 26 23 39 66 75 60 40 38 36 33 33 35 37 37 38 40 46 52 54 56 57 57 57 53 47 47 52 54 58 55 54 50 42 35 22 16 10 8 
54 54 54 54 54 54 54 56 56 56 57 58 56 56 58 57 57 57 57 66 96 129 129 88 55 34 29 28 28 26 28 29 28 28 28 30 32 37 26 23 54 77 74 57 37 38 37 36 35 35 35 37 37 39 45 52 54 54 57 57 54 49 46 49 52 54 59 55 54 47 43 44 39 23 11 6 
54 54 54 54 54 54 54 54 55 55 57 58 57 57 58 57 55 57 56 64 100 132 131 90 54 34 29 28 28 25 28 29 29 28 28 28 29 27 27 36 72 74 60 50 40 37 35 33 32 32 36 36 37 39 46 51 55 55 56 54 52 45 46 53 56 56 58 54 52 49 42 44 40 25 12 6 
54 54 54 54 54 54 54 54 55 55 57 55 57 57 57 55 54 53 54 63 95 131 131 91 58 36 29 29 26 23 25 26 26 25 26 26 24 24 41 65 87 67 47 50 39 37 33 32 30 31 33 36 37 38 46 51 54 54 53 51 51 41 45 55 58 57 55 51 49 50 40 31 39 22 10 8 
55 55 54 54 54 54 55 55 55 55 55 55 57 57 56 53 52 51 53 61 82 122 128 97 63 36 30 30 26 23 22 22 23 23 23 23 23 30 59 87 81 57 41 45 36 37 34 33 29 29 30 35 38 39 43 51 54 54 52 49 46 43 47 55 60 59 53 47 47 50 38 19 23 11 4 7 
55 55 54 54 54 54 55 55 55 55 55 55 57 57 56 53 52 52 53 59 74 108 111 85 56 32 29 29 25 20 19 18 17 17 17 18 28 43 77 92 64 46 40 38 37 36 36 33 29 26 30 32 36 38 43 49 53 54 52 49 45 43 50 59 61 59 52 47 49 52 39 16 8 9 8 8 
55 55 55 55 55 55 55 55 55 55 55 55 56 56 54 53 52 53 53 57 66 93 96 73 45 28 26 26 23 18 17 16 15 15 12 15 32 56 81 81 45 39 38 37 35 35 35 32 29 26 30 32 33 37 42 46 52 52 51 49 46 45 54 64 64 59 52 47 49 54 39 18 9 9 9 9 
54 54 54 54 54 54 54 54 55 55 55 57 56 57 56 54 52 53 54 53 57 75 79 59 37 25 26 26 22 18 17 16 16 13 11 16 44 66 71 56 36 35 36 36 35 35 33 32 29 26 29 33 35 37 40 45 52 52 50 47 46 47 57 66 62 58 52 48 51 57 39 15 9 9 9 10 
54 54 54 54 54 54 54 55 55 55 55 57 56 57 56 51 51 51 52 54 70 75 61 47 35 29 30 31 27 22 16 16 15 14 12 23 61 68 61 46 33 33 35 35 33 33 33 31 28 28 32 37 38 39 39 45 52 52 51 50 49 52 59 64 61 58 53 52 54 59 39 16 9 9 9 10 
54 54 54 54 54 54 54 54 54 54 55 55 56 57 53 50 50 51 51 59 87 89 67 49 38 35 37 36 31 23 16 16 15 14 14 26 68 61 52 43 33 33 33 32 33 33 33 31 28 28 39 44 47 44 40 44 50 52 50 50 51 57 63 63 62 59 54 53 56 60 39 16 9 9 9 10 
54 54 54 54 54 54 53 53 52 52 54 54 53 54 52 49 49 51 56 78 114 113 84 59 46 43 40 36 32 26 17 17 17 19 22 33 63 52 45 39 36 33 33 32 32 32 32 31 28 31 47 57 58 51 45 45 46 50 49 50 53 60 64 65 60 58 54 53 57 59 39 15 9 9 9 10 
54 54 54 54 54 54 53 53 52 52 54 54 52 52 51 49 50 54 66 103 151 143 96 66 54 45 42 37 34 30 24 23 21 26 30 44 56 45 39 37 37 34 32 32 31 31 30 29 31 44 65 78 75 66 48 46 46 50 50 51 56 63 64 64 59 58 56 54 57 58 38 15 9 9 10 10 
53 53 53 53 54 54 52 52 52 53 52 53 52 52 50 49 51 56 78 116 155 152 102 65 57 46 42 36 34 31 28 25 16 31 60 66 58 42 39 37 37 34 32 31 30 30 31 29 32 44 69 97 106 99 76 48 44 49 51 53 57 64 65 61 59 58 54 56 58 57 35 14 9 9 10 10 
47 49 52 54 52 52 50 50 50 50 50 51 50 50 50 50 51 53 78 127 160 148 94 61 57 45 40 33 33 30 28 26 15 38 68 60 50 38 36 36 36 34 32 31 31 31 33 36 39 47 74 111 120 103 78 51 45 51 53 54 57 64 65 60 57 58 56 54 57 54 32 12 10 10 11 11 
42 42 43 44 44 43 44 45 46 46 47 49 46 46 46 46 46 45 70 127 155 124 83 55 53 44 39 31 30 29 28 26 22 40 63 51 43 37 33 33 33 33 32 30 32 32 37 44 52 56 65 107 119 91 69 54 47 53 56 57 57 61 63 60 57 58 56 54 56 51 29 12 10 10 10 10 
37 37 37 39 40 40 40 40 40 40 42 43 42 40 42 43 43 43 68 121 144 114 80 55 51 43 38 29 26 25 25 24 32 46 54 44 39 37 35 33 32 32 32 31 31 32 36 39 47 56 66 103 107 74 53 48 50 54 56 57 57 59 60 58 58 58 57 54 53 49 28 11 11 11 10 10 
35 32 36 37 36 37 37 38 38 39 40 39 37 38 39 40 43 44 68 114 131 107 77 53 47 41 39 29 23 22 23 23 44 51 46 38 37 38 35 33 32 32 32 31 29 30 37 44 59 76 96 115 98 55 42 47 50 52 54 56 57 59 59 57 56 56 57 55 54 47 28 12 10 10 11 11 
33 33 36 39 38 39 39 40 39 39 39 39 37 37 36 35 37 39 66 114 127 104 71 46 44 38 37 26 21 21 23 24 59 57 39 32 32 37 35 33 32 32 31 30 29 26 38 71 107 129 151 139 95 50 42 54 51 53 54 56 57 57 57 56 54 56 58 57 54 46 26 12 9 9 10 11 
36 36 37 44 46 47 47 46 44 44 43 39 38 38 35 37 50 60 89 125 131 110 71 49 40 32 31 20 18 22 23 26 65 58 38 33 31 36 33 33 32 31 30 29 28 25 40 88 142 178 198 149 77 43 44 53 53 54 56 57 58 57 57 54 54 56 58 57 54 47 28 12 9 9 11 11 
35 36 39 49 53 54 52 51 50 49 46 43 42 42 53 73 104 117 135 152 149 116 72 49 37 28 24 16 16 22 23 29 53 39 37 33 33 34 33 33 32 31 30 28 25 25 38 75 128 174 184 130 63 42 47 54 56 56 57 58 58 57 56 53 53 56 58 57 54 47 28 12 9 10 11 11 
30 33 38 49 56 54 54 54 52 51 50 50 53 60 96 129 151 152 167 175 157 116 71 46 35 25 19 12 14 19 24 29 43 30 33 32 33 33 32 32 31 30 28 25 24 25 35 52 88 127 122 84 49 42 47 54 57 57 58 58 59 58 58 55 55 57 58 55 54 46 28 12 9 10 11 11 
29 31 38 46 54 56 54 54 52 54 54 65 75 100 141 159 169 159 165 159 139 110 70 45 29 22 15 11 14 21 26 31 34 34 33 32 33 33 32 32 31 30 28 25 23 24 30 43 63 84 73 47 36 44 49 54 57 58 59 59 59 59 58 57 55 57 57 55 54 47 26 12 9 9 10 10 
28 30 37 46 53 54 54 53 54 59 63 82 107 139 160 159 150 127 163 177 165 124 60 32 23 16 11 9 14 22 29 31 33 33 32 33 33 33 32 31 30 29 29 26 24 24 29 33 39 47 50 40 36 45 49 54 58 60 62 62 61 61 58 57 57 57 57 55 55 47 26 12 9 10 10 10 
28 30 38 46 53 54 54 53 59 71 84 103 124 141 141 122 110 115 164 184 161 111 46 24 23 17 11 12 19 26 31 32 33 32 31 33 33 33 32 31 30 29 27 26 25 25 28 28 30 37 39 39 42 46 51 57 59 60 62 62 61 61 58 56 57 58 57 55 57 48 25 11 9 9 10 11 
31 32 38 46 54 54 57 54 72 86 107 114 113 103 93 75 80 104 142 152 122 79 33 19 23 21 17 17 19 26 31 33 33 33 33 33 33 33 31 30 30 30 29 27 26 25 26 29 33 38 39 39 43 50 53 57 59 60 60 60 60 59 58 56 55 57 57 57 58 50 25 11 9 9 10 10 
33 33 37 46 56 57 58 57 96 113 123 109 90 73 59 50 59 75 101 109 86 53 25 22 21 18 17 18 20 27 32 32 33 33 33 33 32 31 30 29 30 29 27 27 25 26 28 30 34 38 39 41 44 50 54 58 59 60 61 61 60 59 57 56 55 55 55 57 58 48 24 11 9 9 10 10 
35 36 37 45 54 56 60 61 120 117 114 87 68 53 47 43 43 46 64 71 54 36 25 25 24 23 21 22 26 32 35 32 33 34 33 33 32 31 31 31 29 29 29 26 24 24 29 34 36 38 37 39 45 52 56 59 61 62 61 61 60 59 58 57 55 55 55 57 57 47 22 10 10 10 10 10 
37 38 39 44 52 54 60 63 123 107 98 73 53 43 44 43 42 42 45 50 43 35 31 30 27 29 28 30 30 32 33 33 33 34 33 32 32 31 31 30 29 30 29 27 23 21 30 36 37 37 37 39 45 52 57 60 62 62 61 61 61 59 57 55 55 54 55 55 55 46 19 11 10 10 10 10 
37 39 42 43 50 52 70 92 102 89 74 54 44 46 44 43 42 40 42 38 37 34 32 31 29 29 32 32 31 31 32 32 33 33 33 33 33 33 35 37 37 37 35 35 31 29 31 35 37 37 37 40 48 54 58 61 61 63 63 61 60 58 57 56 55 57 56 57 54 45 21 4 9 10 9 9 
36 38 40 44 50 50 56 68 73 64 54 47 46 46 43 40 39 39 37 32 30 32 32 32 30 30 31 32 31 31 32 32 33 34 33 32 35 40 45 50 52 50 47 46 45 43 39 36 37 37 37 40 48 54 57 60 61 63 63 61 60 58 57 58 60 61 61 61 58 47 23 10 9 10 9 9 
36 38 40 43 49 46 47 52 58 54 50 44 43 40 40 38 37 36 33 33 33 33 32 33 32 32 31 31 32 31 32 33 33 33 34 32 37 43 44 49 54 64 70 56 51 50 40 37 38 38 38 41 48 54 57 60 63 63 63 61 59 58 58 59 66 64 63 65 59 45 25 14 9 10 9 9 
33 36 38 43 47 46 46 46 46 43 40 42 40 42 40 39 36 33 33 32 33 34 33 33 33 33 33 32 33 33 33 33 32 33 34 32 32 31 28 31 56 94 111 77 51 53 42 38 37 38 38 44 51 55 58 61 61 61 61 60 59 58 58 60 61 58 59 64 57 42 19 10 9 10 9 9 
35 37 38 43 47 45 45 45 45 44 40 42 42 42 40 38 36 33 33 33 33 34 34 34 34 34 36 36 33 33 33 33 32 32 32 31 31 31 26 36 87 141 139 90 55 50 43 38 35 36 39 45 52 57 59 60 63 64 64 61 59 58 58 59 58 54 64 75 72 47 16 10 9 10 9 9 
36 37 39 44 49 44 39 40 43 43 43 43 42 40 40 37 36 33 34 33 34 36 36 36 34 36 36 36 33 33 33 33 32 32 32 31 30 33 33 66 139 174 135 76 52 48 40 36 35 36 39 45 54 59 61 63 64 66 65 63 59 58 58 58 59 59 72 85 85 57 23 15 11 11 9 9 
38 40 42 46 51 43 31 36 38 40 42 40 40 39 38 37 36 35 36 34 36 36 36 36 36 36 36 34 33 33 33 33 33 33 33 32 34 43 64 131 184 171 108 57 44 44 36 33 35 38 41 47 54 61 63 63 64 66 65 61 58 57 58 58 61 59 81 111 120 82 33 16 9 10 9 9 
40 43 45 49 56 42 26 32 36 38 38 39 39 38 38 37 36 35 36 36 36 37 37 37 36 36 34 34 33 32 33 33 33 33 34 33 37 57 113 193 189 132 77 44 39 42 33 33 35 38 43 48 57 63 64 64 64 66 65 61 58 56 57 58 60 59 106 164 192 137 39 6 9 10 9 9 
40 44 45 49 56 40 25 30 33 36 37 37 37 37 38 37 36 34 34 36 37 37 37 37 36 36 35 33 34 34 33 32 32 32 33 33 33 74 155 200 153 86 54 42 38 39 33 33 37 38 40 48 57 64 64 64 65 65 65 60 57 54 57 58 68 66 72 132 166 115 35 14 8 9 10 10 
40 44 45 49 57 39 24 29 32 34 36 36 36 36 37 37 36 36 36 36 37 37 37 37 36 36 35 35 34 34 33 33 33 33 34 32 31 86 163 156 103 60 46 43 39 39 36 36 37 38 40 50 58 63 64 65 65 65 63 60 56 54 57 58 62 60 60 82 88 63 29 11 8 9 10 10 
40 44 46 50 58 39 22 26 31 33 34 36 36 37 37 36 36 34 36 37 38 38 37 37 36 36 36 34 34 33 33 33 32 32 33 31 46 118 174 126 74 52 51 46 40 40 40 39 37 37 39 51 58 60 63 66 66 64 61 59 54 53 57 57 60 58 53 54 59 46 26 14 8 9 10 10 
40 44 46 52 59 42 23 26 29 32 34 36 36 36 36 36 34 34 36 37 38 38 37 37 37 36 36 34 34 33 33 33 32 32 32 36 86 173 187 110 63 49 52 51 43 43 43 40 37 36 38 50 58 60 64 67 67 64 61 58 53 53 57 58 61 58 54 51 49 39 21 12 9 10 10 10 
39 43 46 51 57 42 23 25 29 31 33 34 33 35 35 35 33 33 33 36 37 37 36 35 36 34 33 33 33 32 32 32 32 32 31 59 137 187 146 77 59 54 43 44 46 44 45 41 37 37 39 49 58 60 65 68 67 65 61 57 53 53 55 59 61 60 57 54 49 37 22 12 9 10 10 10 
40 44 45 50 56 42 24 25 29 31 34 34 33 35 35 35 33 33 33 36 37 37 36 35 36 34 33 33 33 32 32 33 33 33 43 101 155 135 87 67 67 80 54 39 46 45 46 39 35 38 45 52 59 61 65 68 67 64 59 57 53 51 55 59 61 60 57 56 53 38 17 10 8 9 10 10 
40 45 47 50 53 40 25 26 27 31 33 34 33 35 35 35 33 33 33 35 36 37 36 35 35 33 33 33 33 31 32 33 39 45 88 144 141 85 54 71 71 93 70 44 46 47 44 34 32 37 46 56 63 64 66 68 68 63 58 57 53 51 55 59 60 58 57 56 52 36 12 9 8 8 10 10 
40 45 49 50 52 40 25 26 27 31 33 34 33 35 35 36 33 33 33 35 36 37 36 35 36 35 35 33 32 29 32 31 46 87 150 163 110 59 47 64 64 81 72 52 51 49 44 33 29 37 49 58 66 66 67 68 67 63 58 56 53 52 55 59 58 57 56 57 51 32 10 8 8 8 10 10 
42 46 50 49 50 39 25 26 26 30 33 34 33 35 35 35 35 33 32 35 36 36 36 35 35 35 35 33 34 31 42 67 95 147 171 139 75 58 50 51 49 46 54 57 55 51 44 33 28 37 51 63 68 68 70 71 66 60 56 53 53 52 55 58 60 60 57 57 53 38 14 8 8 9 10 10 
42 47 51 47 41 33 28 28 26 30 33 34 33 35 35 35 35 33 33 33 35 35 35 35 35 35 35 33 34 34 49 108 156 163 124 74 46 51 44 46 40 36 39 51 52 47 40 29 28 39 54 65 71 71 72 71 65 59 53 53 52 52 55 59 59 59 58 57 53 36 14 8 8 9 10 10 
42 47 51 44 37 31 29 28 28 30 32 33 34 36 35 35 35 33 33 33 33 33 33 35 36 36 36 36 30 47 101 155 162 120 72 49 44 45 42 42 43 44 46 48 47 43 36 29 28 40 58 67 72 73 72 70 63 57 53 53 52 52 55 58 57 57 58 57 53 35 12 8 8 9 10 10 
42 45 47 40 33 29 28 28 28 30 31 33 34 36 35 35 35 33 33 33 33 33 33 33 36 36 36 43 40 74 149 163 120 73 54 44 41 40 42 44 46 46 50 50 45 40 33 28 28 40 58 67 72 74 73 70 61 56 53 52 52 52 55 58 57 57 58 57 53 35 12 8 8 9 10 10 
40 43 43 35 30 26 27 29 29 30 32 33 34 36 36 36 36 34 34 34 34 34 34 34 35 35 35 36 54 117 162 131 78 61 60 45 42 42 44 47 49 50 52 51 45 38 31 25 29 43 58 67 73 74 73 68 61 56 53 52 52 52 55 57 57 57 58 57 53 35 12 8 8 8 9 11 
40 43 40 31 28 26 27 27 27 30 31 32 33 36 36 36 36 34 34 34 34 34 34 34 33 32 31 39 85 167 162 103 65 66 69 52 49 49 50 51 51 51 53 53 45 38 31 25 29 44 60 68 74 74 71 66 61 56 52 52 52 52 54 55 56 57 58 57 53 35 12 6 6 8 9 11 
41 44 42 36 31 26 27 27 27 29 29 30 31 33 35 35 35 33 33 33 34 34 34 36 33 33 29 46 122 186 150 92 68 67 62 54 58 53 53 54 54 53 53 52 44 32 25 24 30 46 61 67 73 74 71 64 60 56 52 52 52 52 54 55 56 57 58 57 53 35 12 6 6 8 9 11 
43 44 46 40 33 26 27 26 27 29 29 30 30 32 35 35 35 33 33 33 34 34 34 36 33 35 35 68 146 174 137 96 69 69 71 62 60 57 56 56 54 52 51 47 38 25 19 23 32 50 63 67 72 72 70 64 60 56 52 52 52 52 54 55 56 57 58 57 53 35 12 8 6 8 9 11 
41 45 44 43 35 26 27 27 27 27 29 30 29 31 33 33 34 34 34 34 33 33 33 33 33 33 40 94 167 164 116 93 68 67 75 67 61 58 58 56 54 53 51 41 33 26 22 25 36 56 65 67 72 70 67 63 60 56 52 52 52 52 54 55 54 56 57 56 52 33 12 8 6 8 8 10 
43 48 51 44 35 28 26 25 25 27 28 30 31 31 33 33 33 33 33 33 32 32 32 33 32 32 46 110 177 153 88 68 65 66 72 66 65 59 59 56 54 52 50 38 31 29 28 30 38 60 68 68 70 70 67 63 60 56 52 52 52 52 54 55 56 56 57 56 52 33 12 8 6 8 8 10 
48 66 75 59 44 33 25 23 24 26 28 30 32 32 33 33 33 33 33 33 32 32 32 33 33 32 50 123 184 139 72 57 61 61 66 67 67 74 70 57 51 47 45 36 30 29 30 33 42 60 70 68 70 68 66 61 59 56 52 52 52 52 54 55 56 56 57 56 52 33 12 8 6 8 8 10 
66 89 96 72 52 37 25 23 22 24 25 30 32 33 34 34 34 33 33 33 32 32 32 33 33 31 50 129 180 118 59 54 64 67 69 72 73 78 72 57 51 42 40 34 29 29 30 35 44 61 68 68 70 67 64 59 59 54 53 52 53 53 55 57 56 56 57 56 52 33 12 8 6 8 8 10 
89 112 111 79 47 31 26 23 20 23 26 31 33 33 33 33 33 32 32 32 33 33 33 33 35 29 49 134 173 110 56 56 67 74 75 75 73 70 66 57 51 40 39 33 28 29 29 36 49 63 68 67 68 66 63 59 58 54 53 52 53 53 55 57 56 56 57 56 52 33 12 8 6 8 8 10 
82 107 103 70 40 29 26 23 20 22 25 30 32 33 33 33 33 32 32 32 33 33 33 34 35 25 45 130 166 109 59 56 64 65 68 67 64 61 59 56 50 42 40 33 28 28 29 37 51 64 68 67 67 65 60 58 56 54 52 52 53 53 55 55 56 56 56 56 52 33 13 8 6 8 8 10 
67 89 78 50 31 25 24 23 19 19 24 29 31 33 34 34 33 32 32 32 33 33 34 34 33 39 51 129 167 102 56 50 59 65 62 54 54 53 56 54 50 43 40 33 30 30 31 38 53 64 67 67 67 63 60 57 56 53 52 52 53 53 55 57 54 56 56 54 51 32 13 8 6 7 8 10 
72 86 61 36 23 21 22 22 21 21 23 26 30 32 33 34 33 33 32 32 34 34 34 34 31 37 49 120 163 107 61 50 57 68 61 50 52 53 53 53 50 44 40 33 30 32 33 42 58 66 67 67 66 63 60 57 56 53 52 52 53 53 55 57 54 56 56 53 50 31 15 6 7 8 9 10 
88 78 52 30 25 22 22 23 21 22 22 24 31 33 33 34 34 33 33 33 33 34 34 34 32 28 38 90 141 121 71 53 57 59 56 52 56 57 53 52 49 43 41 33 30 32 37 49 63 66 67 67 66 63 59 57 54 53 52 52 53 53 54 56 55 55 55 55 49 31 15 8 8 9 9 9 
70 67 49 28 25 22 23 23 22 22 21 24 31 32 33 34 34 33 33 33 33 34 34 34 33 35 30 58 108 116 75 57 57 57 54 54 57 56 53 52 49 43 41 34 29 35 43 56 68 67 66 66 64 61 58 56 54 53 52 53 54 54 54 56 55 55 57 55 47 31 17 9 8 9 9 10 
57 56 43 28 25 24 23 22 21 22 22 24 31 33 33 34 36 34 33 33 34 34 34 36 34 33 28 42 64 88 75 60 58 59 56 53 54 54 50 45 46 40 33 30 29 37 48 61 70 68 66 65 63 59 57 54 53 52 52 53 54 54 55 57 55 55 57 55 46 32 19 11 9 10 10 11 
54 53 40 30 27 25 23 22 21 22 22 24 31 34 34 34 36 36 34 34 36 36 36 36 36 33 31 35 42 61 71 65 59 60 58 56 57 56 51 46 44 42 29 26 31 39 51 64 70 70 67 64 61 59 56 52 52 52 53 54 54 54 55 55 55 55 57 55 46 31 18 12 10 10 10 11 
46 45 36 32 29 25 23 22 22 22 21 24 30 33 34 36 36 36 36 36 37 36 36 37 36 33 33 32 36 43 64 69 66 61 56 57 58 58 55 52 47 42 35 31 33 44 54 65 70 70 67 64 61 59 57 53 53 53 54 55 57 57 55 55 54 54 57 55 46 30 17 11 10 9 10 11 
37 35 31 33 27 25 23 22 22 22 22 24 31 33 34 36 37 36 36 36 36 36 36 37 36 36 36 33 35 30 51 65 71 71 65 60 60 59 59 54 49 45 40 39 39 51 61 68 71 70 66 61 60 58 55 53 52 53 55 57 57 57 55 55 54 54 57 55 46 30 17 10 9 9 10 11 
29 32 32 33 26 25 22 22 22 22 22 24 32 35 36 37 37 37 36 36 36 37 36 36 36 36 34 33 34 33 35 51 66 74 78 74 64 58 61 58 53 49 49 50 46 56 65 71 73 71 63 59 60 59 54 52 50 52 54 56 56 56 54 54 54 54 54 54 45 30 16 11 8 9 10 10 
26 31 33 31 26 25 23 21 21 21 21 25 33 36 37 37 38 38 37 37 37 38 36 35 36 34 33 32 36 37 35 42 52 63 73 79 67 57 67 66 60 56 53 53 54 60 67 71 72 70 63 59 60 59 57 53 52 53 56 57 57 57 56 54 54 54 54 54 46 29 16 10 8 10 11 11 
25 31 33 30 29 26 23 21 21 19 20 26 33 38 38 38 38 37 37 37 36 38 37 36 35 35 34 34 36 36 36 34 36 42 51 60 58 54 64 67 65 60 53 53 59 64 70 71 70 66 61 58 60 59 57 53 52 53 56 57 57 57 56 54 53 53 56 54 46 30 17 8 7 8 10 12 
23 29 32 31 32 31 24 22 21 21 22 25 33 38 39 39 38 38 37 37 37 37 36 36 36 36 36 34 34 33 33 33 31 32 39 40 40 50 57 67 68 64 63 63 68 71 71 71 70 65 61 58 60 60 58 54 52 54 56 56 56 56 54 54 54 54 54 54 47 31 17 10 8 9 10 8 
22 25 30 31 34 33 26 24 24 24 22 24 33 38 38 39 39 38 38 38 37 37 36 36 36 36 35 32 33 32 32 33 31 29 29 31 35 39 47 54 63 64 64 66 71 73 73 71 69 64 61 58 59 59 58 55 53 56 58 58 57 57 56 54 54 54 56 54 50 38 31 27 16 10 8 5 
18 24 28 31 36 36 30 26 24 24 22 24 32 39 39 40 40 39 38 38 37 37 36 36 36 35 33 32 31 32 32 33 31 27 28 29 31 31 36 42 46 51 57 67 73 75 74 71 67 64 60 58 58 58 57 55 54 56 58 58 57 57 56 56 54 56 56 56 53 47 43 40 19 10 7 6 
15 22 28 30 36 37 32 29 24 25 22 23 32 38 42 42 42 40 38 38 37 36 36 36 33 35 33 32 31 31 31 32 31 30 30 30 30 30 29 29 38 30 35 57 73 79 77 71 67 62 61 59 59 59 57 55 54 56 57 57 57 57 56 56 54 54 54 53 52 50 50 42 19 8 8 6 
16 21 25 30 34 36 32 31 25 26 24 26 33 40 44 43 40 39 38 37 36 36 36 34 33 32 32 31 31 31 31 32 31 30 30 30 30 29 28 28 28 25 25 46 71 81 79 72 67 62 61 59 59 59 57 55 54 56 58 58 57 57 56 56 54 56 56 53 51 47 44 39 17 8 9 6 
17 19 24 26 32 33 32 30 25 26 26 29 36 43 45 44 40 39 38 36 35 35 34 34 33 32 32 31 31 31 31 32 31 31 30 29 28 26 29 29 28 29 32 48 72 82 80 73 68 64 61 59 59 59 57 55 54 56 58 58 57 57 56 56 54 56 57 54 47 38 26 19 9 9 9 8 
18 19 21 23 30 35 35 32 26 28 28 31 38 45 45 44 40 39 37 35 33 33 34 36 33 33 32 32 31 32 32 32 31 32 31 28 28 26 27 29 29 32 38 57 74 82 81 75 69 64 61 59 59 59 57 55 56 57 58 58 57 57 56 56 54 56 57 56 45 29 15 6 9 11 10 9 
18 19 19 22 30 32 30 29 28 28 28 32 40 45 46 45 42 39 37 35 33 35 35 35 34 34 34 33 33 33 31 32 31 31 30 29 29 29 29 29 29 32 39 54 72 82 81 78 72 65 62 60 59 58 57 55 56 57 58 58 58 57 57 57 56 57 59 57 45 24 12 12 11 11 9 10 
18 18 19 22 23 25 29 31 32 31 31 37 43 46 46 44 40 37 37 35 35 35 35 35 34 34 34 33 33 33 31 31 30 30 30 29 29 29 28 28 28 29 40 60 77 84 84 80 73 65 62 60 59 58 57 55 56 57 58 57 58 57 57 56 56 57 59 55 44 24 12 12 11 11 10 10 
18 18 18 21 22 23 26 29 31 33 37 42 45 46 45 42 39 36 35 33 35 35 35 35 35 33 34 34 34 33 32 32 31 30 30 30 29 29 28 29 30 27 43 67 80 86 86 81 73 65 61 59 59 58 57 57 56 58 59 58 58 58 57 57 57 57 59 55 43 24 12 12 11 11 11 11 
18 18 18 18 19 21 23 25 28 33 37 42 45 44 44 42 37 35 33 35 35 36 36 36 35 35 34 34 34 32 32 32 31 30 30 29 29 27 28 28 30 30 47 75 82 88 87 80 72 65 61 59 58 58 57 55 56 57 59 59 59 58 58 58 57 58 59 55 43 24 13 11 11 11 11 11 
17 17 17 17 18 18 22 24 25 29 35 42 44 44 42 39 36 35 36 36 36 36 36 36 35 35 35 33 33 32 32 31 30 30 29 27 27 27 25 28 23 40 66 89 88 89 86 78 71 65 61 59 57 56 56 56 56 58 59 59 59 58 57 57 57 57 59 55 43 24 13 11 11 10 10 11 
17 17 17 17 18 18 21 22 24 26 30 39 44 43 42 38 36 36 37 36 36 36 35 35 33 35 35 33 32 32 32 31 30 30 29 29 29 26 30 26 26 50 80 102 94 88 84 75 68 64 61 58 57 54 54 54 57 58 59 59 59 59 58 57 57 57 59 55 43 24 12 12 11 11 11 11 
16 16 17 16 17 18 21 22 23 24 26 37 42 42 39 37 37 37 37 37 37 37 36 35 35 35 35 33 32 31 31 30 29 28 29 29 28 26 30 27 28 47 86 109 97 87 81 73 66 63 61 58 57 56 56 56 57 58 59 59 59 59 58 57 57 57 59 54 41 24 13 11 10 10 10 10 
15 16 17 17 17 18 21 22 23 22 23 33 40 39 38 37 36 37 37 37 37 37 36 35 35 35 35 33 32 31 31 30 29 28 29 29 29 28 27 27 35 59 97 111 97 85 78 71 66 64 61 59 57 56 56 56 56 58 59 59 59 59 58 57 57 57 59 54 41 24 13 11 10 10 10 11 
17 16 18 17 17 16 18 21 21 21 22 32 40 39 37 38 38 38 38 37 37 37 36 36 36 36 34 33 32 31 30 30 29 28 29 28 28 28 26 25 38 73 113 120 92 81 74 68 67 64 61 59 57 54 54 56 57 58 60 59 59 59 58 57 57 58 60 53 41 25 13 11 10 9 9 11 
18 19 18 18 17 17 19 22 22 21 19 30 38 39 37 38 39 38 38 37 37 36 36 36 37 36 34 34 32 31 30 30 29 29 29 28 28 26 25 25 40 74 111 115 88 79 72 67 66 64 61 58 56 54 54 54 57 59 60 60 59 59 58 57 58 58 60 53 40 25 13 11 10 9 9 10 
19 22 22 22 20 20 23 25 23 22 19 28 37 39 39 39 39 39 38 37 37 37 36 36 36 36 34 33 32 31 30 30 29 29 29 28 28 26 25 25 45 84 111 110 86 75 70 67 64 63 61 58 56 54 53 56 59 60 60 60 59 59 59 59 58 59 60 53 40 25 13 11 10 9 9 10 
20 23 23 23 23 24 25 26 25 23 22 29 39 42 42 42 42 40 39 37 37 37 36 36 36 36 34 33 32 31 30 30 29 30 30 28 28 26 26 25 54 94 113 108 85 74 68 66 64 61 60 58 54 53 53 56 59 60 60 60 59 59 59 59 58 59 60 53 40 25 13 11 10 9 9 10 
22 23 24 24 24 25 25 26 26 26 25 33 42 45 44 43 42 42 39 37 37 37 36 36 35 35 33 32 32 32 31 31 30 30 30 29 28 28 26 26 60 101 113 102 80 75 68 66 64 61 60 58 53 51 53 57 59 60 61 60 60 60 59 59 58 59 60 53 40 25 13 11 10 9 9 10 
23 25 25 25 24 25 25 28 29 30 30 36 42 45 45 43 43 40 40 38 37 37 36 36 35 35 33 32 32 31 31 31 30 30 30 30 29 29 28 29 68 108 111 96 77 74 68 65 63 61 60 58 53 51 53 57 59 60 61 60 60 60 59 59 59 59 60 53 40 25 13 11 10 9 9 10 
24 25 26 25 24 25 25 26 29 30 31 38 42 44 44 43 42 42 39 37 37 36 35 35 35 33 33 32 32 31 30 30 29 29 29 29 29 29 29 31 70 106 111 90 75 73 68 65 64 63 59 57 54 52 57 59 59 59 60 60 60 60 59 59 59 59 60 53 41 26 13 11 11 10 10 11 
25 26 26 26 25 26 25 25 26 27 30 37 40 44 44 42 40 42 39 35 35 36 35 35 35 33 33 32 32 31 30 29 29 29 29 29 29 30 32 35 75 106 109 86 74 73 68 66 65 64 59 56 54 54 58 59 60 59 60 60 60 60 59 59 59 59 60 54 43 26 15 12 11 11 11 11 
26 26 27 25 24 25 25 24 26 26 27 31 38 45 45 42 39 40 39 35 35 36 36 35 33 33 33 31 31 31 30 29 28 26 26 26 26 29 23 35 79 107 97 77 74 71 68 66 67 64 60 55 56 54 57 59 59 59 59 60 60 60 59 59 59 59 60 54 44 27 13 11 11 11 11 11 
25 25 25 25 23 24 24 24 25 25 25 29 39 50 46 42 37 38 39 36 35 36 36 33 33 32 32 31 31 30 29 28 26 26 25 25 26 25 14 33 84 106 94 73 74 71 67 67 68 65 59 55 54 54 57 58 59 58 59 60 60 60 59 59 59 58 59 54 44 26 13 11 11 11 11 11 
25 24 24 24 23 23 24 25 24 24 24 31 46 56 50 40 37 38 37 36 35 35 35 32 32 32 31 31 31 30 28 28 25 25 24 24 26 23 14 42 89 106 89 71 74 70 67 68 71 67 58 53 54 54 57 58 58 58 59 60 60 60 59 59 59 58 58 54 44 25 12 10 10 10 11 11 
24 24 24 24 24 24 25 25 23 24 24 33 50 58 53 43 37 36 37 35 33 33 32 32 31 31 31 30 29 28 25 24 23 24 24 23 24 22 23 60 95 104 84 67 73 68 67 68 70 66 58 53 54 54 57 58 58 58 59 59 59 59 59 59 59 58 58 54 43 24 11 10 10 10 11 11 
23 23 24 24 25 25 25 25 25 25 26 36 50 57 56 44 35 35 35 33 31 31 30 28 26 28 29 28 26 25 19 21 21 21 22 22 23 21 29 72 103 103 79 67 70 67 67 67 67 63 57 53 55 57 57 58 58 58 59 59 60 60 60 60 59 58 58 54 43 23 11 11 10 10 11 11 
23 25 26 26 25 25 25 26 25 26 27 33 43 52 52 43 35 31 30 28 26 24 24 23 21 21 22 22 22 21 19 18 18 18 19 21 21 18 33 82 107 96 77 67 67 66 65 66 64 59 54 53 55 55 56 57 58 58 59 59 60 60 59 59 58 58 59 54 42 23 12 11 10 10 11 11 
25 26 27 27 27 27 25 25 25 25 26 29 35 42 45 40 33 28 22 21 21 19 18 18 17 17 17 17 17 17 17 17 17 17 15 15 17 18 38 86 109 87 72 66 64 64 65 66 63 54 50 52 53 54 56 58 58 58 59 59 60 60 59 59 58 58 59 54 42 23 12 11 11 11 11 11 
25 26 27 27 27 27 26 25 26 26 26 28 32 35 36 33 30 24 19 18 18 17 17 17 17 17 16 17 17 18 19 17 17 15 14 12 12 18 44 93 110 79 68 65 63 63 65 66 63 54 49 52 54 53 56 58 58 58 59 59 60 60 59 59 57 58 58 53 40 23 11 10 10 11 11 11 
28 26 27 27 27 27 27 29 26 28 28 28 30 32 32 30 25 22 19 17 17 17 16 16 16 15 16 17 19 21 21 21 17 16 15 15 15 19 52 106 114 85 67 65 60 60 63 66 64 56 50 53 57 58 59 59 59 59 59 59 59 58 58 58 58 58 58 52 39 22 10 9 9 10 10 11 
28 28 29 29 29 29 29 29 28 28 28 29 29 31 31 30 26 24 19 17 15 14 15 15 15 15 18 19 22 22 22 22 19 19 19 18 18 24 59 110 109 84 65 60 59 57 60 64 65 54 58 60 59 60 61 62 60 60 60 60 59 58 58 58 57 57 57 52 38 21 9 9 9 10 11 11 
28 28 28 28 28 28 28 28 28 28 28 29 29 29 31 30 28 24 22 19 15 12 12 12 15 16 19 22 24 25 24 23 23 24 23 23 23 28 65 108 95 79 61 52 49 50 58 63 65 56 53 57 57 58 59 61 60 60 60 60 59 57 57 57 58 57 57 52 38 21 8 9 10 10 11 11 
28 28 28 28 28 28 28 28 28 28 29 29 29 29 30 30 30 28 25 22 17 12 11 12 15 16 19 23 28 28 25 24 24 25 25 26 26 35 72 102 85 73 60 51 44 47 60 63 70 53 40 46 51 51 53 56 58 58 59 59 59 57 57 57 58 58 59 52 38 23 11 10 11 11 11 11 
29 27 26 26 26 26 26 28 29 29 30 31 31 30 30 31 30 31 30 26 21 15 11 14 16 17 21 25 28 29 26 25 24 25 26 26 27 32 52 75 75 70 65 52 43 47 59 59 61 46 29 31 33 33 37 45 52 53 54 56 57 58 57 57 58 58 58 52 38 23 12 10 10 11 11 11 
29 29 28 28 28 28 28 28 29 29 30 31 33 31 30 30 31 33 32 31 24 18 14 15 17 18 23 28 30 30 28 26 26 25 26 26 26 27 37 44 72 75 73 59 47 50 54 52 50 35 21 19 19 19 24 32 36 38 42 46 52 53 53 53 54 54 54 50 37 21 11 9 10 10 10 11 
31 31 30 30 30 30 30 30 30 30 32 32 33 32 32 31 33 36 35 32 29 22 16 16 18 21 26 29 31 31 29 27 26 25 24 23 22 24 25 24 68 90 96 82 58 51 50 45 47 31 21 19 16 16 17 19 19 23 28 35 42 44 45 47 49 50 52 46 33 19 9 9 9 10 10 11 
36 36 35 35 35 35 33 33 32 33 34 34 34 34 33 33 34 36 35 33 32 25 19 16 19 25 29 30 31 31 29 27 26 25 24 21 21 21 19 21 51 93 107 94 67 56 51 44 45 28 21 18 16 15 15 15 15 16 19 24 29 30 31 33 38 44 47 43 30 16 9 9 9 10 11 11 
33 33 33 33 33 35 35 35 33 33 33 33 33 35 35 35 36 36 36 36 38 31 23 18 22 29 29 30 31 31 29 27 25 25 22 19 18 18 17 18 54 67 65 58 46 60 43 26 54 35 23 19 18 16 15 15 14 15 16 15 16 17 17 18 19 22 25 24 22 14 10 10 8 9 10 10 
36 36 36 36 36 37 37 36 35 35 35 35 35 36 36 35 36 36 37 37 38 33 26 22 22 27 29 30 31 31 29 27 26 23 21 18 16 16 16 17 42 54 56 43 23 30 30 25 57 36 23 19 18 16 15 15 15 14 14 12 12 15 14 14 12 15 17 17 18 15 10 10 9 9 10 10 
37 37 37 37 37 37 37 37 36 36 36 36 36 36 36 37 37 37 37 37 37 33 29 23 22 26 29 29 30 30 30 27 25 21 18 16 15 13 15 17 15 28 43 39 14 14 29 33 61 39 23 18 17 15 15 15 15 14 14 14 14 14 14 14 15 17 19 19 18 15 10 10 9 9 10 10 
