54 57 60 65 68 68 68 68 68 67 66 66 68 65 62 60 59 58 57 56 56 54 54 53 56 56 56 56 53 53 52 52 52 52 52 52 51 51 51 51 51 51 51 52 52 52 52 52 52 51 51 51 52 51 51 54 54 52 53 53 52 52 53 53 54 57 57 54 54 54 54 54 56 56 54 54 54 54 54 54 53 53 53 53 53 52 52 52 52 52 53 53 53 53 54 54 53 53 53 53 54 54 56 56 56 56 56 57 53 39 19 6 
49 52 55 62 65 68 68 68 68 67 66 66 68 67 65 64 61 58 57 56 56 54 54 54 56 56 56 56 53 53 52 52 52 52 52 52 51 51 51 51 51 51 51 52 52 52 52 52 52 52 52 52 53 53 53 57 56 52 52 50 50 53 54 54 56 58 59 56 54 54 53 54 56 56 54 54 54 54 53 53 54 54 53 53 53 53 53 52 52 52 53 53 54 54 56 56 54 53 53 53 54 54 56 56 57 57 57 58 54 40 19 6 
40 45 47 52 58 63 66 67 67 68 66 66 66 66 67 66 64 61 58 57 56 56 54 54 56 56 54 54 53 53 52 52 52 52 52 52 51 51 51 52 52 52 52 52 51 51 52 53 53 54 54 53 54 56 57 58 54 51 54 54 54 58 58 60 62 60 58 58 57 56 56 57 58 57 56 56 56 54 54 54 54 54 54 54 53 53 53 53 52 52 53 53 54 54 56 56 54 53 53 53 54 54 56 56 57 57 57 58 54 39 19 5 
32 37 40 46 52 56 61 65 67 70 68 68 68 67 67 67 67 64 60 59 58 57 56 54 56 56 54 54 54 53 53 53 53 53 52 52 52 51 51 52 52 52 52 52 52 52 52 53 53 53 53 54 54 56 58 58 57 56 61 60 52 51 52 60 65 62 61 63 64 63 61 59 59 58 57 56 56 56 56 56 56 56 56 56 54 54 54 54 53 53 54 54 54 54 56 56 54 54 54 54 54 54 56 56 57 57 57 58 53 39 19 5 
25 30 32 38 44 46 53 60 65 68 68 68 68 68 68 66 67 66 65 64 62 61 58 57 56 56 56 56 54 54 54 54 54 54 53 53 52 52 52 52 52 52 53 53 51 51 52 52 53 53 54 54 56 57 59 59 63 65 72 71 61 59 73 93 112 114 108 90 78 65 61 60 59 59 57 57 57 57 57 58 57 57 57 57 57 57 57 57 57 56 56 56 56 56 56 56 56 56 56 56 54 56 56 57 57 57 57 58 53 39 18 5 
18 23 25 30 35 37 44 52 58 63 66 68 68 68 68 68 67 68 68 66 65 64 61 59 58 57 54 54 54 53 54 54 54 54 54 54 53 53 52 52 52 52 53 53 51 51 52 52 53 54 56 57 57 59 61 58 66 87 97 110 129 145 163 184 201 201 193 168 138 103 82 73 72 67 60 59 58 53 53 53 54 54 56 58 58 58 59 59 58 56 56 56 54 54 56 56 56 56 56 56 54 56 57 57 57 57 57 59 56 39 17 5 
17 19 18 22 25 29 37 44 49 53 59 64 67 67 67 67 67 68 67 66 65 65 64 63 60 59 57 56 56 54 54 54 54 54 54 54 53 53 53 52 53 53 53 53 52 51 51 52 54 56 56 56 57 60 65 62 76 109 127 153 187 208 206 207 194 186 200 210 208 188 162 148 145 137 117 109 101 93 85 80 75 71 63 59 59 59 59 59 58 57 56 54 53 54 54 56 56 56 56 56 54 54 54 54 54 54 56 57 54 39 19 6 
17 17 16 18 21 23 28 35 39 45 51 55 64 62 67 67 67 67 67 68 67 67 67 65 64 61 59 57 56 56 56 56 56 56 54 54 53 53 53 53 54 53 53 53 52 52 52 52 53 56 57 58 53 61 69 74 98 128 138 141 143 139 120 103 84 73 88 128 165 200 206 203 210 213 200 188 169 166 164 152 141 131 108 81 58 59 59 58 57 57 56 54 54 54 54 54 54 54 54 54 54 54 54 54 54 54 56 56 53 40 19 6 
15 15 15 17 18 18 21 23 28 35 40 46 53 56 63 65 66 66 67 67 68 68 68 67 66 65 63 60 57 57 56 54 54 54 54 54 53 53 53 53 54 53 53 53 52 52 52 52 53 54 57 57 54 64 72 80 111 133 113 68 40 33 19 8 4 4 3 22 56 100 123 130 143 148 141 135 131 128 130 141 147 161 155 120 61 59 57 56 54 54 53 54 54 53 54 54 54 53 54 54 54 54 54 54 54 54 56 56 53 42 19 7 
15 15 15 15 15 16 18 18 21 25 33 40 45 50 53 60 65 66 67 68 68 68 68 67 68 67 66 63 61 59 57 54 53 53 53 54 53 54 54 54 54 54 54 54 53 52 52 52 53 53 57 57 54 65 81 89 83 71 42 14 2 0 0 0 1 2 1 1 3 14 25 28 33 37 35 32 33 35 32 42 66 101 120 118 111 89 71 63 58 56 54 53 53 53 53 53 53 53 54 56 56 54 54 54 54 54 56 56 53 45 30 16 
15 15 16 16 14 15 16 18 19 21 25 33 37 43 47 54 61 63 66 67 67 67 68 70 68 67 66 64 63 59 57 54 54 54 54 54 54 54 54 54 54 53 53 53 52 52 52 52 53 54 57 57 54 63 74 66 31 16 4 3 1 1 1 1 1 2 1 1 3 3 2 2 2 2 2 2 2 2 2 2 4 18 33 52 75 85 87 64 56 60 57 54 54 53 54 54 54 53 54 56 55 55 54 54 54 54 56 54 54 49 42 36 
15 15 16 16 14 15 16 17 16 18 18 23 25 32 38 45 51 54 59 64 66 68 70 68 68 68 67 66 64 61 60 58 57 56 54 54 54 54 54 54 54 53 53 54 53 53 53 53 53 56 57 57 57 61 68 47 12 6 3 2 1 1 3 2 2 2 2 2 2 2 2 2 2 2 2 2 2 2 2 2 2 2 5 15 30 53 78 85 88 80 64 58 56 56 54 54 54 54 54 56 57 55 54 56 56 56 56 56 54 54 52 52 
15 15 15 15 15 15 16 16 16 18 18 18 21 24 28 35 40 45 51 58 62 68 70 68 68 68 68 67 66 65 64 61 59 57 57 57 54 56 56 54 54 53 53 54 55 55 56 56 54 57 59 57 60 68 77 47 12 6 3 2 0 0 1 1 1 1 1 0 1 1 0 0 0 0 1 1 1 1 1 1 1 1 3 4 2 11 39 77 96 85 68 60 58 57 56 56 57 57 57 58 56 56 56 57 57 57 57 57 56 56 56 56 
15 15 15 15 15 14 14 15 16 16 16 16 17 18 19 26 35 40 47 52 57 61 65 67 67 67 68 70 68 67 67 66 63 61 60 58 56 56 54 53 54 54 54 56 57 57 57 57 57 59 60 54 56 66 85 68 29 7 2 2 0 0 1 1 0 0 0 0 1 1 0 0 0 0 1 1 1 1 1 1 1 1 0 0 1 0 11 35 63 71 66 60 56 54 56 56 57 55 55 57 56 56 56 57 57 57 57 57 56 57 58 58 
15 15 15 15 16 16 16 16 16 15 15 15 14 14 16 20 26 33 42 45 47 52 58 64 67 67 68 70 70 68 68 68 66 66 64 61 57 54 53 54 54 54 55 55 57 58 58 60 60 58 64 64 41 54 79 76 45 12 2 4 1 1 0 0 0 0 0 0 1 1 0 0 0 0 0 1 1 1 1 1 1 1 0 0 0 3 5 10 26 50 60 59 58 57 57 56 56 54 55 55 57 57 58 58 58 58 58 57 57 56 60 60 
15 15 16 16 17 17 17 17 16 16 15 15 14 14 13 16 18 25 32 33 42 49 53 60 64 67 70 71 68 70 68 67 67 67 65 61 59 57 56 56 54 54 55 55 54 57 59 60 59 57 51 47 31 51 64 57 34 13 4 4 1 1 0 0 0 0 0 0 1 1 0 0 0 0 0 1 1 1 1 1 1 1 0 0 0 4 5 3 12 41 57 59 59 57 56 56 56 54 55 55 55 55 57 57 57 57 57 57 56 56 59 60 
15 15 15 16 16 16 16 16 16 16 15 14 15 14 12 14 14 18 23 24 33 43 47 51 56 59 66 69 68 70 70 68 67 68 67 65 63 60 59 57 56 54 55 54 52 52 58 60 61 60 46 27 25 32 34 25 8 5 2 2 1 1 1 1 1 1 1 1 0 0 0 0 0 0 0 1 1 1 1 1 1 1 1 0 1 3 3 1 15 47 67 64 61 57 54 54 54 54 54 53 54 54 55 55 55 57 56 56 56 56 56 51 
15 15 15 16 16 16 16 16 16 16 15 15 15 12 12 12 14 15 18 17 25 33 36 40 45 50 57 64 67 68 67 67 68 70 68 68 66 64 63 59 57 56 57 54 53 53 58 61 61 65 48 16 18 14 11 8 3 4 2 2 1 1 1 1 1 1 1 1 0 0 0 0 0 0 0 0 0 0 1 1 0 0 0 0 0 2 3 2 18 56 72 67 63 56 54 54 54 54 54 53 54 54 55 55 55 57 56 56 56 54 47 33 
16 16 15 15 16 16 16 16 16 16 16 17 16 14 14 12 15 15 15 15 19 25 26 31 40 46 51 58 64 66 69 69 68 68 67 67 67 67 64 61 58 56 56 56 54 54 58 60 58 49 29 12 11 6 4 3 2 2 1 1 1 1 0 0 0 0 0 0 0 0 0 0 0 0 0 0 0 0 1 1 0 0 0 0 1 2 2 2 21 58 71 65 60 57 54 54 54 54 54 54 53 53 53 53 53 54 56 56 56 52 41 24 
16 16 15 15 16 16 16 16 16 16 18 18 16 15 15 14 15 15 15 14 15 18 19 22 29 36 44 50 56 59 64 68 67 68 67 67 67 67 66 67 60 57 58 58 58 57 57 58 51 32 9 5 5 4 3 3 2 2 1 1 1 1 0 0 0 0 0 0 0 0 0 0 0 0 0 0 0 0 0 1 1 1 1 2 2 2 3 7 25 51 60 57 57 57 54 54 54 53 53 54 53 53 53 53 53 54 56 56 56 50 34 17 
16 16 16 16 16 16 16 16 16 17 17 18 18 17 16 15 15 16 14 16 16 16 16 16 20 25 31 39 46 53 56 59 64 66 67 68 67 69 70 68 64 58 61 64 63 60 58 58 52 28 8 1 3 3 2 2 2 1 0 0 1 1 0 0 0 0 0 0 0 0 0 0 0 0 0 0 0 0 0 0 0 0 0 3 5 6 9 18 36 52 54 54 56 56 54 54 54 54 54 54 54 53 53 53 53 53 54 54 54 46 28 11 
16 16 16 16 16 16 16 16 16 17 18 18 18 18 16 17 17 16 21 16 16 15 12 15 19 22 23 30 37 46 49 52 58 61 66 68 68 71 72 73 68 60 64 68 70 67 65 64 49 28 15 6 2 3 2 2 1 1 0 0 1 1 0 0 0 0 0 0 0 0 0 0 0 0 0 0 0 1 3 3 5 6 6 9 12 16 22 38 52 57 53 54 56 54 54 54 54 54 54 54 54 53 53 53 53 53 53 54 53 45 28 11 
17 17 17 17 16 16 16 16 17 18 19 19 18 18 17 19 22 15 23 19 16 14 15 15 16 17 20 23 25 33 39 45 50 54 60 64 66 66 72 74 68 60 61 71 85 82 73 67 50 24 10 4 1 3 2 2 1 1 0 0 0 0 0 0 0 0 0 0 0 0 0 0 0 0 0 0 0 0 1 25 30 35 33 31 32 37 42 51 57 57 54 54 53 53 53 54 54 54 54 54 54 53 53 54 54 54 54 54 53 46 30 11 
17 17 17 17 16 16 16 16 17 17 18 18 19 19 18 19 21 17 24 19 17 19 19 17 15 16 18 20 22 26 31 37 43 47 53 59 64 68 73 77 71 59 63 78 111 102 80 61 47 19 5 1 1 1 2 2 1 0 0 0 0 0 0 0 0 0 0 0 0 0 0 0 0 0 0 0 0 0 1 38 56 71 74 67 65 62 58 57 57 57 58 56 56 56 56 54 54 54 54 54 54 53 53 54 54 54 54 54 54 47 29 11 
17 17 17 17 16 16 16 16 17 17 18 18 19 19 18 19 19 18 20 19 18 20 18 17 15 16 16 18 19 21 23 28 35 40 47 54 57 61 72 77 68 57 63 81 116 107 80 61 46 18 5 4 2 2 1 1 1 0 0 0 0 0 0 0 0 0 0 0 0 0 0 0 1 1 1 1 1 1 1 26 58 85 97 91 74 65 60 58 57 57 58 57 56 56 56 54 54 54 54 54 54 53 53 54 54 54 54 54 55 48 30 12 
17 17 17 17 16 16 16 16 17 17 18 18 19 19 19 19 19 19 18 18 18 19 18 17 16 16 16 17 17 17 16 18 21 26 37 46 52 56 68 73 66 57 65 85 111 109 88 64 47 24 10 5 3 3 2 1 0 0 0 0 0 0 0 0 0 0 0 0 0 0 0 0 1 1 1 1 1 1 1 12 50 97 115 98 82 64 61 58 57 58 58 58 57 56 56 54 54 54 54 54 54 54 54 54 54 56 56 54 57 50 32 15 
16 16 16 16 16 16 16 16 16 16 17 18 19 19 19 19 20 19 18 18 17 17 17 16 16 16 16 16 15 15 16 18 21 23 26 33 50 59 65 68 64 57 64 68 67 66 66 51 42 28 22 8 3 3 1 1 0 0 0 0 0 0 0 0 0 0 0 0 0 0 1 1 1 1 1 1 1 1 1 11 59 118 131 109 89 74 63 60 58 58 58 58 57 56 54 54 54 54 54 54 54 54 54 54 54 56 56 54 57 50 32 15 
16 16 16 16 16 16 16 16 16 16 17 17 18 19 19 18 19 19 18 18 16 17 17 16 16 16 16 16 15 16 17 17 17 18 18 22 35 46 53 65 64 56 53 51 46 56 80 60 39 36 31 15 2 2 1 1 0 0 0 0 0 0 0 0 0 0 0 0 0 0 1 1 1 1 1 1 1 1 1 5 57 125 145 124 103 87 71 64 60 58 58 58 57 56 54 54 54 54 54 54 54 54 54 54 54 54 54 54 58 50 31 14 
16 16 16 16 16 16 16 16 16 16 16 16 18 19 19 18 18 18 18 18 16 16 16 16 16 16 16 16 15 16 16 16 16 16 16 16 23 36 46 64 68 63 55 47 37 51 81 77 65 59 40 17 1 1 2 1 0 0 0 0 0 0 0 0 0 0 0 0 0 0 1 1 1 1 1 1 2 2 2 2 46 100 121 116 111 102 85 72 63 59 58 58 58 56 53 54 54 54 54 54 54 54 54 54 54 54 54 54 59 50 30 14 
16 16 16 16 16 16 16 16 16 16 16 16 18 18 18 18 18 18 18 18 16 16 16 16 16 16 16 16 16 16 16 17 16 16 16 17 20 32 44 60 64 59 59 51 37 46 59 80 84 75 50 17 5 2 0 0 0 0 0 0 0 0 0 0 0 0 0 0 0 0 1 1 1 1 1 1 1 2 2 2 33 79 107 108 109 106 90 79 67 61 60 59 58 56 52 52 54 54 54 54 53 54 54 54 54 53 53 54 58 47 28 12 
16 16 16 16 16 16 16 16 16 16 16 16 18 18 18 18 18 18 18 18 16 16 16 16 16 16 16 16 16 16 17 17 17 18 17 18 24 33 45 53 56 50 50 49 45 40 39 57 58 56 39 15 3 1 1 1 1 0 0 0 0 0 0 0 0 0 0 0 0 0 0 0 1 1 1 1 0 1 2 1 21 66 100 103 106 107 93 82 72 63 61 59 58 56 53 52 53 54 54 54 54 54 54 53 53 54 54 56 59 47 28 12 
16 16 16 16 16 16 16 16 16 16 16 16 18 18 18 18 18 18 18 18 16 16 16 16 16 16 16 17 16 16 17 17 18 18 17 17 29 36 44 52 57 61 64 60 58 49 39 36 32 23 13 5 5 2 2 1 1 1 0 0 0 0 0 0 0 0 0 0 0 0 0 0 1 1 1 1 1 1 1 1 8 43 73 85 102 102 94 86 77 66 62 60 57 56 54 54 53 54 54 54 54 54 54 54 54 54 54 56 59 47 26 12 
16 16 16 16 16 16 16 16 16 16 16 16 18 18 18 18 18 18 18 18 16 16 16 16 16 16 16 16 16 16 17 17 18 18 17 17 29 36 48 52 54 67 85 89 81 70 54 26 14 10 3 2 3 2 2 2 1 1 0 0 0 0 0 0 0 0 0 0 0 0 0 0 1 1 0 0 0 1 2 2 4 16 30 40 72 79 80 87 82 73 66 61 57 56 56 54 54 54 54 54 54 54 54 54 54 54 53 54 58 47 28 12 
16 16 16 16 16 16 16 16 16 16 16 16 17 17 17 17 17 17 17 17 16 16 16 16 16 16 16 16 16 16 17 18 18 18 18 18 26 34 48 51 58 70 88 104 93 86 75 31 8 5 1 1 1 1 2 1 1 0 0 0 0 0 0 0 0 0 0 0 0 0 0 0 1 1 0 0 0 1 2 2 2 5 14 19 44 65 75 80 82 73 65 60 58 57 56 54 54 54 54 56 54 54 54 53 53 54 53 53 57 47 28 12 
16 16 16 16 16 16 16 16 16 16 16 16 16 16 16 16 16 16 16 16 16 16 16 16 15 15 15 16 16 16 16 17 17 17 17 17 24 32 48 50 61 74 88 95 101 108 90 46 14 4 1 1 1 1 1 1 0 0 0 0 0 0 0 0 0 0 0 0 0 0 0 0 0 0 0 0 0 1 1 2 1 2 9 10 28 54 67 72 74 71 65 61 58 58 58 57 57 56 56 56 56 54 54 54 54 53 53 56 57 47 28 12 
16 16 16 16 16 16 16 16 16 16 16 16 16 16 16 16 16 16 16 16 16 16 16 16 15 15 15 16 16 16 17 17 17 17 17 18 23 32 40 52 65 77 87 90 94 99 79 34 12 4 1 1 0 0 0 0 0 0 0 0 0 0 0 0 0 0 0 0 0 0 0 0 0 0 0 0 0 0 1 1 0 2 4 8 23 42 56 66 71 75 73 66 60 59 58 57 56 56 56 56 56 54 54 54 57 54 53 56 55 45 26 12 
16 16 16 16 16 16 16 16 16 16 16 16 16 16 16 16 16 16 16 16 16 16 16 16 15 15 15 16 16 16 17 17 17 17 18 19 23 24 24 38 56 68 83 93 99 92 68 23 7 2 1 1 1 0 0 0 0 0 0 0 0 0 0 0 0 0 0 0 0 0 1 1 0 0 0 0 0 0 0 1 1 2 4 6 15 27 43 65 78 85 87 79 58 58 58 57 56 56 56 56 56 56 56 54 57 56 54 54 55 45 26 11 
16 16 16 16 16 16 16 16 16 16 16 16 16 16 16 16 16 16 16 16 16 16 16 16 15 15 15 16 16 16 17 17 17 17 17 18 19 20 22 25 45 68 75 78 80 72 50 18 3 2 1 1 0 0 0 0 0 0 0 0 0 0 0 0 0 0 0 0 0 0 1 1 0 0 0 0 0 0 1 1 1 1 2 4 8 11 28 61 82 92 96 87 58 56 58 58 56 56 56 56 56 56 56 54 54 56 54 56 54 44 25 10 
16 16 16 16 16 16 16 16 16 16 16 16 16 16 16 16 16 16 16 16 16 16 16 16 16 16 16 16 17 17 17 17 17 17 17 17 19 20 22 20 30 52 51 50 49 39 23 9 2 1 1 1 0 0 0 0 0 0 0 0 0 0 0 0 0 0 0 0 0 0 1 1 0 0 0 0 0 0 1 1 1 1 1 2 3 4 12 45 76 90 93 85 68 59 58 58 57 56 56 56 57 57 57 56 53 53 52 56 53 42 25 10 
16 16 16 16 16 16 16 16 16 16 16 16 16 16 16 16 16 16 16 16 16 16 16 16 16 16 16 16 17 17 17 17 17 17 17 17 19 19 20 20 23 32 29 25 22 12 3 2 2 1 1 1 0 0 0 0 0 0 0 0 0 0 0 0 0 0 0 0 0 0 1 1 0 0 0 0 0 0 1 1 1 1 1 2 3 3 7 33 67 81 82 80 77 64 58 57 56 54 56 57 57 57 58 56 56 54 52 53 53 43 25 10 
16 16 16 16 16 16 16 16 16 16 16 16 16 16 16 16 16 16 16 16 16 16 16 16 16 16 16 16 17 17 17 17 17 17 17 17 19 19 20 22 29 29 26 23 16 9 2 2 1 1 0 0 0 0 0 0 0 0 0 0 0 0 0 0 0 0 0 0 0 0 0 0 0 0 0 0 0 0 0 0 1 1 1 2 3 2 8 31 58 72 72 72 80 65 57 56 54 54 54 54 56 56 57 56 57 56 53 53 52 43 24 11 
16 16 16 16 16 16 16 16 16 16 16 16 16 16 16 16 16 16 16 16 16 16 16 16 16 16 16 16 17 17 17 17 17 17 17 17 19 20 22 26 29 29 25 20 15 6 2 2 1 1 0 0 0 0 0 1 1 0 0 0 0 0 0 0 0 0 0 0 0 0 0 0 1 1 1 1 0 0 0 0 1 1 1 2 2 1 5 25 54 77 87 91 80 67 56 56 54 54 53 53 53 54 56 57 58 57 56 54 52 44 24 10 
18 18 18 17 17 17 17 17 17 17 17 17 17 17 17 17 16 16 16 16 17 17 17 17 17 17 17 17 17 17 17 17 17 17 17 18 19 20 21 29 32 29 23 16 12 5 2 1 1 1 0 0 0 0 0 0 0 0 0 0 0 0 0 0 0 0 0 0 0 0 0 0 1 1 0 0 0 0 1 1 1 1 1 1 1 1 3 23 54 77 93 105 96 67 56 56 54 53 52 52 51 53 56 57 57 56 56 53 51 40 22 9 
18 18 18 17 17 17 17 17 17 17 17 17 17 17 17 17 16 16 16 16 17 17 17 17 17 17 17 17 17 17 17 17 17 17 17 17 19 20 21 25 31 30 22 14 11 5 2 2 1 1 0 0 0 0 0 0 0 0 0 0 0 0 0 0 0 0 0 0 0 0 0 0 1 1 0 0 0 0 1 1 1 1 1 1 1 1 1 17 47 70 89 108 100 70 56 54 53 53 52 51 50 52 54 56 56 56 54 53 51 40 22 8 
18 18 18 17 17 17 17 17 17 17 17 17 17 17 17 17 16 16 16 16 17 17 17 17 17 17 17 17 17 17 17 17 17 17 17 17 18 18 18 25 32 31 25 15 9 3 2 2 1 1 0 0 0 0 0 0 0 0 0 0 0 0 0 0 0 0 0 0 0 0 0 0 0 0 0 0 0 0 1 1 1 1 1 1 1 1 0 6 33 63 87 98 88 66 56 54 53 52 51 50 49 51 52 54 54 54 53 53 51 38 21 8 
18 18 18 17 17 17 17 17 17 17 17 17 17 17 17 17 16 16 16 16 17 17 17 17 17 17 17 17 17 17 17 17 17 17 17 17 18 18 17 24 30 32 26 15 8 3 2 2 1 1 0 0 0 0 0 0 0 0 0 0 0 0 0 0 0 0 0 0 0 0 0 0 0 0 0 0 0 0 1 1 1 1 1 1 1 1 1 5 24 49 69 78 66 56 53 53 52 51 49 47 46 49 51 53 53 53 53 52 50 36 18 8 
18 18 18 17 17 17 17 17 17 17 17 17 17 17 17 17 16 16 16 16 17 17 17 17 17 17 17 17 17 17 17 17 17 17 17 17 17 18 18 22 27 32 26 13 8 3 1 2 1 1 0 0 0 0 0 0 0 0 0 0 0 0 0 0 0 0 0 0 0 0 0 0 0 0 0 0 0 0 1 1 1 1 1 1 1 1 1 3 20 37 53 64 61 58 53 52 52 51 49 46 46 47 49 51 52 52 52 51 49 35 16 6 
18 18 18 17 17 17 17 17 17 17 17 17 17 17 17 17 16 16 16 16 17 17 17 17 17 17 17 17 17 17 17 17 17 17 17 17 19 19 18 20 26 29 25 12 8 2 1 2 1 1 0 0 0 0 0 0 0 0 0 0 0 0 0 0 0 0 0 0 0 0 0 0 0 0 0 0 0 0 1 1 1 1 1 1 1 1 2 3 18 40 58 66 66 59 54 53 52 51 49 46 44 45 46 49 50 50 50 50 47 33 16 6 
18 18 18 17 17 17 17 17 17 17 17 17 17 17 17 17 16 16 16 16 17 17 17 17 17 17 17 17 17 17 17 17 17 17 17 17 18 22 23 24 29 27 24 15 10 2 2 2 1 1 1 1 1 1 1 1 1 1 1 1 1 1 1 1 1 1 0 0 0 0 0 0 0 0 0 0 0 0 0 0 1 1 1 1 1 1 2 3 15 46 68 71 69 62 56 53 52 51 49 46 44 45 46 50 50 50 50 50 47 35 17 8 
18 18 18 17 17 17 17 17 17 17 17 17 17 17 17 17 16 16 16 16 17 17 17 17 17 17 17 17 17 17 17 17 17 17 17 17 19 22 25 29 30 29 26 21 11 1 1 1 1 1 1 1 1 1 1 1 1 1 1 1 1 1 1 1 1 1 0 0 0 0 0 0 0 0 0 0 0 0 0 0 1 1 1 1 1 1 2 6 19 45 66 77 79 69 56 51 52 50 47 46 45 45 46 49 50 50 51 52 47 35 17 6 
17 17 17 17 16 16 16 16 16 16 16 16 16 16 16 16 16 16 16 16 17 17 17 17 17 17 17 17 17 17 17 17 17 17 17 17 22 30 33 32 32 31 31 30 25 5 0 1 1 1 1 1 1 1 1 1 1 1 1 1 1 1 1 1 1 1 0 0 0 0 0 0 0 0 0 0 0 0 0 0 0 0 0 1 1 0 1 11 31 60 73 82 86 74 57 51 52 50 47 46 44 45 46 49 50 50 50 51 46 33 16 6 
17 17 17 17 16 16 16 16 16 16 16 16 16 16 16 16 16 16 16 16 17 17 17 17 17 17 17 17 17 17 17 17 17 17 17 17 25 37 41 39 39 40 44 47 50 16 0 2 1 1 1 1 1 1 1 1 1 1 1 1 1 1 1 1 1 1 0 0 0 0 0 0 0 0 0 0 0 0 0 0 0 0 0 1 1 0 2 11 43 72 74 80 80 72 56 49 50 50 49 46 44 45 46 47 50 51 51 51 46 33 16 6 
17 17 17 17 16 16 16 16 16 16 16 16 16 16 16 16 16 16 16 16 17 17 17 17 17 17 17 17 17 17 17 17 17 17 18 18 24 37 36 33 39 45 53 57 46 15 1 1 1 1 1 1 1 1 0 0 0 0 0 0 0 0 0 0 0 0 0 0 0 0 0 0 0 0 0 0 0 0 0 0 0 0 0 1 1 0 2 16 50 69 66 68 70 64 51 49 51 51 49 46 45 44 45 47 50 51 53 53 48 32 15 5 
17 17 17 17 16 16 16 16 16 16 16 16 16 16 16 16 16 16 16 16 17 17 17 17 17 17 17 17 17 17 17 17 17 17 18 18 22 33 31 26 34 43 51 50 23 6 2 1 1 1 1 1 1 1 0 0 0 0 0 0 0 0 0 0 0 0 0 0 0 0 0 0 0 0 0 0 0 0 0 0 0 0 0 2 2 0 5 27 61 69 53 51 57 56 50 50 51 51 49 47 45 44 45 47 50 51 53 53 48 33 14 4 
17 17 17 17 16 16 16 16 16 16 16 16 16 16 16 16 16 16 16 16 17 17 17 17 17 17 17 17 17 17 17 17 17 17 17 17 20 30 37 44 49 59 56 38 17 4 2 2 2 1 1 1 1 1 1 1 0 0 0 0 0 0 0 0 0 0 0 0 0 0 0 0 0 0 0 0 0 0 0 0 0 0 1 1 2 1 11 47 82 74 52 52 53 53 50 50 51 51 49 47 45 46 47 49 51 51 51 52 48 34 15 5 
17 17 17 17 16 16 16 16 16 16 16 16 16 16 16 16 16 16 16 16 17 17 17 17 17 17 17 17 17 17 17 17 17 17 17 17 19 29 46 69 93 101 82 51 18 4 2 2 1 1 1 1 1 1 1 1 1 0 0 0 0 0 0 0 0 0 0 0 0 0 0 0 0 0 0 0 0 0 0 0 0 0 1 2 2 1 22 68 90 74 60 55 52 52 50 49 50 51 50 47 46 45 46 49 50 52 54 54 50 34 15 5 
17 17 17 17 16 16 16 16 16 16 16 16 16 16 16 16 16 16 16 16 17 17 17 17 17 17 17 17 17 17 17 17 17 17 18 18 19 23 47 88 101 93 77 47 18 5 3 2 1 1 1 1 1 1 1 1 1 0 0 0 0 0 0 0 0 0 0 0 0 0 0 0 0 0 0 0 0 0 1 1 1 1 1 2 1 1 27 67 77 64 53 51 51 51 51 50 51 50 49 47 46 45 46 47 49 51 53 53 48 33 14 5 
17 17 17 17 16 16 16 16 16 16 16 16 16 16 16 16 16 16 16 16 17 17 17 17 17 17 17 17 17 17 17 17 17 17 18 18 19 18 43 74 70 54 53 43 23 11 7 3 2 2 1 1 1 1 1 0 0 0 0 0 0 0 0 0 0 0 0 0 0 0 0 0 0 0 0 0 0 0 1 0 0 1 1 1 1 7 32 53 65 59 54 51 51 52 51 51 51 50 49 47 46 46 46 47 49 51 53 53 48 33 14 5 
16 16 16 16 17 17 17 17 17 17 17 17 16 16 16 16 16 16 16 16 17 17 17 17 17 17 17 17 17 17 17 17 17 17 17 18 19 17 41 65 59 59 64 39 23 14 10 6 3 2 0 0 0 0 0 0 0 0 0 0 0 0 0 0 0 0 1 1 0 0 0 0 0 0 0 0 1 1 1 1 0 1 2 3 8 16 36 48 61 55 52 51 51 51 53 52 53 51 48 47 46 45 45 47 49 51 52 52 48 34 14 4 
16 16 16 16 17 17 17 17 17 17 17 17 16 16 16 16 16 16 16 16 17 17 17 17 17 17 17 17 17 17 17 17 17 17 18 19 23 20 33 51 58 71 79 51 29 21 14 6 3 2 1 0 1 0 0 0 0 0 0 0 0 0 0 0 0 0 1 1 0 0 0 0 0 0 0 0 1 1 1 1 1 2 3 3 10 25 46 60 66 57 53 51 50 51 53 53 53 51 48 47 45 45 45 46 49 50 52 53 48 36 15 5 
16 16 16 16 17 17 17 17 17 17 17 17 16 16 16 16 16 16 16 16 17 17 17 17 17 17 17 17 17 17 17 17 17 17 17 18 19 19 39 63 71 77 77 53 31 24 19 14 6 5 1 1 1 0 0 0 0 0 0 0 0 0 0 0 0 0 1 1 0 0 0 0 0 1 1 1 2 3 3 2 3 8 9 7 10 29 59 79 74 60 53 50 49 51 54 54 54 51 48 47 45 44 44 46 49 50 53 55 49 35 15 5 
16 16 16 16 17 17 17 17 17 17 17 17 16 16 16 16 16 16 16 16 17 17 17 17 17 17 17 17 17 17 17 17 17 17 16 15 15 15 46 73 74 72 64 50 37 26 20 15 7 6 1 1 1 1 1 0 0 0 0 0 0 0 0 0 0 0 1 1 0 0 0 0 0 1 1 2 3 4 4 5 10 15 14 9 11 35 73 89 79 62 53 50 49 51 54 54 54 51 48 47 45 44 44 45 47 50 53 55 49 35 15 5 
16 16 16 16 17 17 17 17 17 17 17 17 16 16 16 16 16 16 16 16 17 17 17 17 17 17 17 17 17 17 17 17 17 17 16 15 12 12 37 57 59 59 56 51 40 26 23 19 10 9 2 2 1 1 1 0 0 0 0 0 0 0 0 0 0 0 1 1 0 0 0 0 1 1 1 1 2 4 7 11 17 21 18 12 15 44 85 93 75 53 51 51 50 51 54 55 54 52 50 48 46 45 45 46 47 47 51 54 47 35 15 5 
16 16 16 16 17 17 17 17 17 17 17 17 16 16 16 16 16 16 16 16 17 17 17 17 17 17 17 17 17 17 17 17 17 17 17 17 16 16 22 28 27 41 59 57 43 26 24 21 11 9 2 2 1 1 1 0 0 0 0 0 0 0 0 0 1 1 1 1 1 1 1 0 1 2 2 2 5 11 15 18 22 24 21 15 19 53 91 88 63 47 48 50 50 51 54 55 54 51 50 48 46 45 45 45 45 46 50 51 46 35 15 5 
16 16 16 16 17 17 17 17 17 17 17 17 16 16 16 16 16 16 16 16 17 17 17 17 17 17 17 17 17 17 17 17 17 17 17 17 15 16 19 23 18 32 53 50 37 25 25 22 11 9 3 3 3 2 1 1 0 0 0 0 0 0 0 0 1 1 1 1 1 1 1 1 1 1 3 5 12 19 23 23 24 25 24 21 31 64 87 74 57 50 49 49 49 50 52 54 54 51 50 49 46 45 45 45 45 46 50 52 46 36 17 5 
16 16 16 16 17 17 17 17 17 17 17 17 16 16 16 16 16 16 16 16 17 17 17 17 17 17 17 17 17 17 17 17 17 17 16 15 15 16 18 18 18 25 32 32 36 28 26 22 11 9 3 3 2 2 1 0 0 0 0 0 0 0 0 0 1 1 1 1 1 1 1 1 1 2 4 8 15 18 22 24 25 28 28 24 42 65 75 70 59 51 49 47 47 50 52 54 54 53 51 50 47 45 45 45 45 46 51 53 47 36 17 5 
16 16 16 16 16 16 16 16 16 16 16 16 16 16 16 16 16 16 16 16 16 16 16 16 16 16 16 16 16 16 16 16 16 16 16 16 14 15 17 17 20 23 26 31 33 35 31 22 12 9 4 4 2 1 0 0 0 0 0 0 0 0 0 0 1 1 1 2 2 2 2 3 4 6 7 12 17 19 23 24 27 29 28 29 43 60 72 72 64 57 53 48 46 49 51 54 54 53 50 49 46 45 45 45 45 46 50 51 45 32 13 5 
16 16 16 16 16 16 16 16 16 16 16 16 16 16 16 16 16 16 16 16 16 16 16 16 16 16 16 16 16 16 16 16 16 16 16 16 15 16 16 17 20 23 23 23 29 36 35 32 23 11 4 3 2 1 0 0 0 0 0 0 0 0 0 0 2 2 2 2 4 4 5 5 8 9 11 16 19 22 25 25 27 29 28 31 43 57 68 68 67 60 53 48 46 47 49 53 54 53 50 49 47 45 45 45 45 46 49 50 45 32 13 4 
16 16 16 16 16 16 16 16 16 16 16 16 16 16 16 16 16 16 16 16 16 16 16 16 16 16 16 16 16 16 16 16 16 16 16 16 16 16 16 18 19 19 19 22 25 32 38 38 31 11 3 4 3 2 1 1 0 0 0 0 0 0 0 2 1 3 4 4 6 6 8 10 11 12 14 17 22 25 28 29 28 29 30 36 47 58 63 60 61 57 52 48 45 46 47 51 53 52 51 50 47 46 45 45 45 45 49 50 45 32 13 4 
16 16 16 16 16 16 16 16 16 16 16 16 16 16 16 16 16 16 16 16 16 16 16 16 16 16 16 16 16 16 16 16 16 16 16 16 16 16 17 17 18 18 19 19 21 29 36 32 24 11 7 5 5 4 3 2 2 2 3 3 3 1 2 2 3 5 6 8 9 10 11 13 14 15 16 19 24 29 31 31 30 30 33 44 54 57 54 51 50 49 50 47 46 46 46 50 53 52 51 50 47 46 44 44 45 45 49 50 46 32 13 4 
16 16 16 16 16 16 16 16 16 16 16 16 16 16 16 16 16 16 16 16 16 16 16 16 16 16 16 16 16 16 16 16 16 16 16 16 16 16 17 17 17 17 17 17 19 22 24 23 18 12 8 4 3 2 2 3 2 3 5 6 5 3 4 4 6 8 11 11 13 15 16 16 17 18 19 24 28 31 32 32 33 33 43 51 57 54 51 47 47 49 48 47 46 46 46 50 53 53 52 51 47 45 43 42 43 45 48 50 47 32 13 4 
16 16 16 16 16 16 16 16 16 16 16 16 16 16 16 16 16 16 16 16 16 16 16 16 16 16 16 16 16 16 16 16 16 16 16 16 16 16 17 17 17 17 17 17 18 17 18 19 21 17 8 5 4 4 4 4 5 5 8 8 9 6 6 6 8 9 10 13 15 16 17 18 19 20 22 26 30 32 33 32 34 43 51 57 58 52 47 48 47 49 48 47 46 46 46 50 53 53 52 50 49 46 44 42 42 44 48 50 45 32 13 4 
16 16 16 16 16 16 16 16 16 16 16 16 16 16 16 16 16 16 16 16 16 16 16 16 16 16 16 16 16 16 16 16 16 16 16 16 16 16 17 17 17 17 17 17 18 16 18 22 23 17 9 5 6 6 5 5 8 9 10 11 11 10 10 9 9 9 11 15 16 17 18 19 20 22 23 26 30 32 35 35 39 51 52 56 62 55 47 47 49 49 47 46 45 45 45 50 52 53 53 51 49 46 44 42 42 44 47 49 46 32 12 3 
16 16 16 16 16 16 16 16 16 16 16 16 16 16 16 16 16 16 16 16 16 16 16 16 16 16 16 16 16 16 16 16 16 16 16 16 17 17 17 17 17 17 17 18 18 16 19 24 24 17 10 7 6 8 5 6 8 10 12 12 12 11 11 10 10 12 13 16 18 18 18 19 22 23 24 26 31 32 35 38 49 54 54 53 52 51 50 49 50 49 47 46 45 45 45 50 51 53 53 51 49 46 44 42 43 45 47 50 46 32 12 3 
16 16 16 16 16 16 16 16 16 16 16 16 16 16 16 16 16 16 16 16 16 16 17 17 17 17 17 17 17 17 17 17 17 17 17 17 17 17 17 17 17 18 18 18 17 16 17 23 26 19 9 5 5 5 4 5 6 9 11 12 11 11 12 11 11 13 16 18 18 18 18 19 21 23 25 28 31 34 37 46 54 56 54 52 49 49 50 51 50 50 49 46 45 44 45 47 51 52 51 49 48 46 43 40 43 44 47 50 45 32 11 5 
16 16 16 16 16 16 16 16 16 16 16 16 16 16 16 16 16 16 16 16 16 16 17 17 17 17 17 17 17 17 17 17 17 17 17 17 17 17 17 17 17 18 18 18 18 17 17 21 27 20 10 8 7 5 5 4 5 6 10 11 12 11 12 12 12 13 17 18 18 19 19 19 21 23 25 28 32 36 46 54 59 59 53 51 50 50 50 51 51 51 50 47 45 44 44 47 50 52 51 50 50 47 43 40 42 43 46 50 46 31 12 5 
16 16 16 16 16 16 16 16 16 16 16 16 16 16 16 16 16 16 16 16 16 16 17 17 17 17 17 17 17 17 17 17 17 17 17 17 17 17 17 17 17 18 18 18 18 18 17 19 28 21 10 9 10 10 7 5 5 7 9 9 11 11 11 11 12 15 16 17 18 19 21 21 22 24 27 30 32 38 53 60 64 59 51 49 47 50 52 53 52 52 52 49 47 45 45 47 51 53 52 50 49 46 43 40 42 42 46 51 45 30 12 5 
16 16 16 16 16 16 16 16 16 16 16 16 16 16 16 16 16 16 16 16 16 16 17 17 17 17 17 16 16 16 16 16 16 16 16 16 16 16 16 16 17 17 18 18 19 19 17 18 19 18 14 10 11 11 8 8 8 8 9 9 10 11 11 12 15 15 16 18 18 19 21 21 23 24 27 30 32 39 56 61 64 59 51 49 47 50 52 52 51 51 51 49 47 45 45 47 50 53 52 52 50 45 42 40 39 40 46 51 45 30 12 5 
16 16 16 16 16 16 16 16 16 16 16 16 16 16 16 16 16 16 16 16 16 17 17 17 17 17 16 16 16 16 16 16 16 16 16 16 16 16 17 17 17 17 17 17 17 17 16 18 21 19 16 10 9 8 8 7 5 7 8 9 11 12 12 12 14 15 18 20 19 21 22 22 24 25 26 29 32 40 57 62 61 57 52 49 50 50 50 51 51 51 51 47 45 44 44 46 49 51 53 56 52 45 42 42 39 40 46 47 44 30 12 4 
16 16 16 16 16 16 16 16 16 16 16 16 16 16 16 16 16 16 16 16 17 17 17 17 17 17 16 16 16 16 16 16 16 16 16 16 17 17 16 17 17 16 16 18 17 15 14 17 21 21 17 11 9 9 9 9 9 10 10 11 12 14 14 14 15 16 19 22 21 22 24 24 25 26 28 30 35 43 57 64 63 58 56 54 54 54 52 52 52 52 52 50 47 47 49 51 53 56 56 57 54 52 49 45 45 45 46 49 45 32 12 4 
16 16 16 16 16 16 16 16 16 16 16 16 16 16 16 16 16 16 16 16 17 17 17 17 17 17 16 16 16 16 16 16 16 16 16 16 17 17 16 16 16 16 17 18 17 18 17 17 18 19 18 15 12 11 13 13 13 13 15 15 15 16 16 17 18 19 21 23 23 24 26 26 28 28 30 33 37 45 59 66 66 64 60 59 57 57 56 56 58 58 55 55 54 53 56 58 59 60 60 60 60 58 56 54 53 52 52 54 49 33 12 4 
16 16 16 16 16 16 16 16 16 16 16 16 16 16 16 16 16 16 16 16 17 17 17 17 17 17 16 16 16 16 16 16 16 16 16 16 17 17 16 15 15 16 17 16 22 29 24 21 18 20 18 18 18 15 15 16 16 16 17 17 17 18 19 21 22 23 23 23 24 26 29 29 30 30 33 37 40 47 61 70 70 70 72 70 65 65 66 65 64 64 64 67 66 65 65 66 67 67 67 67 66 65 64 64 60 59 60 61 54 35 12 4 
16 16 16 16 16 16 16 16 16 16 16 16 16 16 16 16 16 16 16 16 17 17 17 17 17 17 16 16 17 17 17 17 17 17 17 17 17 17 17 18 18 17 18 25 38 38 29 22 15 17 17 17 17 14 14 15 16 17 18 21 22 23 23 23 23 23 25 26 25 26 29 30 30 29 31 36 40 46 60 71 71 72 74 77 77 74 67 68 71 72 72 70 70 70 71 73 74 74 75 77 76 75 74 73 71 69 70 72 63 37 14 5 
16 16 16 16 16 16 16 16 16 16 16 16 16 16 16 16 16 16 16 16 17 17 17 17 17 17 16 16 17 17 17 17 17 17 17 18 17 17 18 17 16 25 40 58 59 37 24 18 15 16 16 17 17 16 16 15 16 19 21 22 23 23 23 23 23 22 25 26 26 26 29 29 28 29 30 32 37 43 58 68 67 71 74 78 78 78 78 80 82 81 75 74 74 75 75 75 78 80 80 81 81 81 81 81 80 79 79 80 70 40 16 7 
16 16 16 16 16 16 16 16 16 16 16 16 16 16 16 16 16 16 16 16 17 17 17 17 17 17 16 16 17 17 17 17 17 17 17 17 17 18 19 14 24 60 85 81 52 24 16 16 15 16 16 17 18 21 21 16 16 18 19 19 21 21 22 23 23 23 25 25 25 25 25 26 28 26 28 29 30 33 50 56 65 81 88 81 81 83 85 85 87 86 81 80 79 80 80 81 81 81 81 82 81 81 81 82 81 81 80 81 71 42 16 7 
16 16 16 16 16 16 16 16 16 16 16 16 16 16 16 16 16 16 16 16 17 17 17 17 17 17 16 16 17 17 17 17 17 17 17 17 17 19 17 22 61 103 94 52 26 17 15 16 16 16 16 17 18 21 21 18 18 17 18 18 18 18 21 22 22 22 23 24 23 23 23 23 22 22 20 20 21 22 25 30 46 80 111 104 82 80 81 80 79 78 77 75 74 75 75 77 79 79 78 78 78 77 77 78 78 78 78 78 68 40 16 7 
16 16 16 16 16 16 16 16 16 16 16 16 16 16 16 16 16 16 16 16 17 17 17 17 17 17 16 16 17 17 17 17 17 17 17 17 19 15 16 52 95 101 58 21 17 16 16 16 17 17 16 16 17 18 18 17 18 17 17 17 18 18 19 21 21 21 19 19 19 18 17 17 16 16 15 13 13 12 14 14 20 47 114 114 106 86 79 72 65 61 62 64 64 65 66 67 68 71 70 70 70 70 71 72 72 72 73 72 61 37 14 6 
16 16 16 16 16 16 16 16 16 16 16 16 16 16 16 16 16 16 16 16 17 17 17 17 17 17 16 16 17 17 17 17 17 17 17 17 19 15 28 73 86 53 17 14 16 16 16 15 16 16 16 16 16 16 16 16 17 17 17 17 17 18 19 18 18 17 16 16 15 15 15 15 15 16 16 16 16 16 18 22 23 25 59 84 129 124 110 95 80 66 62 59 57 58 59 57 57 59 59 60 60 60 61 63 61 63 63 61 53 31 11 5 
16 16 16 16 16 16 16 16 16 16 16 16 16 16 16 16 16 16 16 16 17 17 17 17 17 17 16 16 17 17 17 18 17 17 17 17 16 21 45 71 53 19 10 12 14 15 15 14 15 16 16 16 16 16 16 16 16 16 16 16 17 18 18 18 17 18 17 16 16 16 16 15 18 22 24 25 25 24 25 28 32 35 31 40 97 142 142 121 100 75 64 60 58 52 51 50 47 46 47 47 49 49 49 49 50 50 50 52 45 25 9 4 
16 16 16 16 16 16 16 16 16 16 16 16 16 16 16 16 16 16 16 16 17 17 17 17 17 17 16 16 17 17 17 18 17 17 16 17 17 33 53 56 26 8 9 12 12 14 14 14 14 15 15 15 16 16 16 16 16 16 15 16 16 17 18 18 18 18 18 18 20 20 19 21 23 25 25 25 26 26 29 29 28 29 32 28 49 71 102 129 142 149 148 108 65 56 53 45 44 45 44 44 43 43 45 45 44 43 43 42 38 25 8 4 
17 17 17 17 16 16 16 16 16 16 16 16 17 17 17 17 17 17 17 17 18 18 18 18 18 18 17 16 18 18 16 17 16 15 17 21 22 45 52 40 19 10 10 12 12 12 13 14 14 16 16 16 16 16 16 16 16 16 16 16 17 18 21 19 21 21 21 22 23 23 23 23 25 26 24 25 25 26 28 28 28 29 31 30 32 38 51 71 103 142 167 171 149 108 77 63 52 44 42 39 40 42 43 43 42 42 39 32 36 23 9 4 
17 17 17 17 16 16 16 16 16 16 16 16 17 17 17 17 17 17 17 17 18 18 18 18 18 18 16 16 18 18 16 17 17 16 18 32 40 53 39 22 16 14 12 12 14 14 15 15 16 17 18 18 18 18 18 18 18 18 19 18 19 21 22 23 22 22 22 22 23 24 23 24 25 25 23 24 24 25 26 29 29 30 31 32 32 35 38 44 54 75 106 138 151 162 149 123 102 82 60 49 45 45 45 44 43 43 42 37 37 24 11 3 
17 17 17 17 16 16 16 16 16 16 16 16 17 17 18 18 18 18 18 18 18 18 18 18 18 18 17 17 18 18 17 18 19 22 33 50 54 39 21 11 14 17 16 13 15 15 17 18 18 20 22 22 23 23 23 23 23 23 23 23 23 23 24 23 24 24 23 23 22 22 23 23 23 24 23 23 24 24 26 28 30 30 32 32 33 35 36 38 38 43 54 72 92 123 152 170 167 157 135 109 80 66 51 44 44 45 50 45 39 26 15 2 
17 17 17 17 16 16 16 16 16 16 16 16 16 16 17 17 17 18 18 18 18 18 18 18 18 18 17 17 18 19 19 18 19 36 65 65 51 31 21 14 15 15 15 17 17 17 19 19 19 19 20 20 22 22 23 24 24 24 24 25 24 23 24 24 24 23 23 22 22 22 23 23 23 23 24 24 24 24 25 26 28 29 30 31 30 31 32 31 32 36 38 43 52 64 86 118 143 159 167 163 143 127 109 88 72 62 59 50 39 25 16 1 
17 17 17 17 16 16 16 16 16 16 16 16 16 16 17 17 17 18 18 18 17 17 17 17 17 17 16 17 22 23 22 20 31 59 79 60 33 22 24 22 21 21 21 21 23 23 22 24 23 22 22 23 22 23 23 23 23 22 24 24 24 24 24 23 22 21 21 21 22 22 23 22 22 22 23 24 24 24 24 24 25 26 26 28 28 29 29 29 29 31 35 39 42 44 50 59 77 96 125 145 157 163 164 159 150 135 116 86 67 39 18 1 
17 17 17 17 16 16 16 16 16 16 16 16 16 15 16 16 17 17 18 18 18 17 17 17 17 17 19 22 22 17 15 32 66 86 66 40 31 25 25 23 22 21 22 22 22 24 24 23 23 23 22 21 22 22 23 23 23 23 23 23 24 23 22 22 21 19 19 21 21 21 21 22 21 21 21 22 23 23 23 23 24 24 25 25 25 25 25 25 29 32 33 35 35 36 38 40 44 53 52 56 75 94 117 139 169 188 188 178 159 96 37 3 
17 17 17 17 16 16 16 16 16 16 16 16 16 15 16 16 17 17 18 19 19 18 16 16 17 19 19 17 17 26 44 76 107 95 54 29 26 24 23 23 24 23 22 23 22 23 23 23 22 21 19 19 19 21 22 23 23 23 23 23 23 22 22 21 21 19 19 19 21 21 21 21 21 21 21 21 21 22 23 22 23 24 24 24 24 23 23 24 28 30 31 31 31 31 29 28 30 34 36 37 40 48 52 60 89 134 173 205 196 136 60 14 
17 17 17 17 16 16 16 16 16 16 16 16 16 15 16 16 17 17 18 19 20 19 17 16 19 18 19 31 66 101 114 110 102 72 44 30 24 22 21 22 23 23 22 23 22 22 21 22 22 21 19 19 19 19 21 22 22 23 23 23 22 22 19 18 19 18 18 18 19 18 18 18 18 18 19 19 19 21 22 21 22 23 23 24 24 24 24 24 26 26 29 30 29 29 28 29 32 34 37 39 41 43 32 30 39 56 89 135 130 120 67 22 
17 17 17 17 16 16 16 16 16 16 16 16 17 16 16 18 18 18 19 22 21 17 15 18 25 40 59 99 154 166 131 82 48 27 21 19 21 21 21 21 22 22 21 21 21 21 21 21 21 21 21 19 22 22 21 21 23 23 24 24 23 22 19 18 17 17 18 18 19 18 18 18 18 18 18 18 19 19 19 21 21 22 22 23 24 24 24 24 25 26 28 29 29 30 28 30 32 34 35 36 39 37 36 35 33 38 43 57 39 29 13 3 
17 17 17 17 16 16 16 16 16 16 16 16 17 16 16 17 19 20 19 18 17 23 33 53 86 110 131 151 152 122 69 27 10 5 6 10 14 19 19 19 20 19 18 21 21 21 21 21 19 19 19 19 20 20 19 22 24 24 24 24 24 22 19 17 16 16 17 18 19 19 19 18 17 18 17 18 18 18 19 19 19 21 22 23 22 23 23 24 25 26 26 26 29 29 28 29 31 32 32 33 36 35 31 33 34 36 38 38 25 13 4 3 
17 17 17 17 17 17 17 17 17 17 17 17 17 17 19 23 20 18 25 39 64 87 118 150 156 139 131 115 78 40 17 6 3 4 5 4 6 12 18 18 18 17 20 22 21 21 21 21 19 19 19 19 19 20 20 23 24 24 24 24 23 21 19 17 18 17 17 17 18 18 19 19 18 17 18 18 18 18 19 18 19 19 22 23 23 24 24 24 25 25 25 25 26 26 28 28 30 30 32 33 32 32 32 34 36 36 33 36 29 15 4 4 
17 17 17 17 17 17 17 17 17 17 17 17 17 19 18 15 24 47 81 127 159 181 189 175 127 82 59 47 35 22 16 9 3 4 4 3 3 5 12 16 18 18 19 19 21 22 21 21 19 21 19 19 19 20 21 23 24 23 23 23 23 22 19 18 18 16 16 17 18 18 19 19 18 17 18 18 18 17 17 18 19 19 20 22 23 23 24 25 25 25 24 24 24 24 25 28 29 30 31 31 31 31 31 30 32 34 30 32 29 14 4 3 
17 17 17 17 18 18 18 18 18 18 17 17 17 23 35 50 85 126 163 180 160 158 123 74 50 32 28 28 28 25 23 16 5 5 3 3 4 4 8 12 17 18 18 18 22 23 22 21 21 21 19 19 18 19 22 23 23 23 22 22 22 21 19 17 16 16 17 17 18 18 19 19 19 18 18 18 17 18 17 17 18 18 19 21 21 22 22 22 24 25 25 25 24 25 25 26 26 26 28 29 29 29 29 31 32 32 29 30 29 14 4 3 
17 17 17 18 19 20 22 22 22 19 17 20 37 72 104 132 158 159 142 120 85 69 44 18 24 24 24 22 22 23 22 16 5 6 4 3 4 4 6 10 15 18 18 18 22 23 23 23 22 21 19 19 18 19 21 23 23 23 23 22 21 19 18 16 15 16 17 17 18 18 18 18 18 18 18 18 17 17 17 18 19 21 19 21 21 21 21 22 24 24 25 25 24 24 23 24 25 24 25 26 29 29 29 30 30 30 28 29 28 14 4 4 
17 17 17 17 17 19 23 19 12 12 23 56 100 139 154 138 117 87 52 43 24 23 23 21 24 19 17 18 19 19 19 16 10 9 6 4 3 3 4 8 11 16 18 19 19 21 23 23 21 19 18 18 18 19 21 22 23 22 22 22 21 19 18 16 16 16 18 19 19 19 19 19 18 17 17 17 17 17 18 18 21 21 19 21 21 21 21 21 22 23 23 23 23 22 24 25 24 23 24 25 26 28 29 29 29 30 27 29 22 13 4 4 
17 17 17 17 17 18 20 16 9 22 70 137 175 164 114 80 50 29 26 25 21 19 18 17 17 17 16 16 17 17 17 17 17 10 6 5 3 3 4 5 10 15 19 19 19 21 22 22 19 18 17 17 18 19 22 22 22 22 21 22 21 19 18 17 17 17 19 20 19 19 19 17 16 16 16 17 17 18 18 19 21 21 21 21 18 19 19 21 22 22 22 23 23 23 23 24 23 23 24 25 26 28 30 29 29 30 27 27 19 13 4 4 
17 17 17 17 17 18 19 18 18 46 106 135 132 86 37 26 19 12 18 18 17 16 16 16 14 15 15 16 17 17 17 18 18 12 8 5 4 4 4 5 9 14 17 18 18 21 21 19 19 19 16 16 18 21 22 22 21 19 21 21 19 18 17 16 17 17 20 20 20 20 17 15 15 15 16 17 17 18 20 20 22 22 21 19 18 19 19 21 22 21 22 23 22 22 22 22 22 22 23 24 25 26 30 29 28 28 26 28 22 12 4 4 
17 17 17 17 18 18 18 23 47 84 103 72 49 32 23 22 18 15 16 14 14 15 15 15 15 15 16 16 17 17 16 17 17 15 12 8 6 4 4 4 5 9 14 17 18 19 19 19 19 18 16 17 18 21 22 22 21 19 19 19 19 19 17 15 16 18 19 19 19 19 17 15 14 12 15 15 16 17 20 20 22 22 19 19 18 19 19 19 21 21 22 22 22 22 22 22 21 21 22 23 24 25 29 29 28 29 26 28 22 12 4 4 
17 17 17 18 18 18 18 37 68 73 47 31 28 24 23 21 17 15 15 15 15 15 15 15 14 15 16 16 15 15 15 15 17 16 15 11 9 6 3 3 2 4 10 15 17 19 19 19 19 17 16 17 18 21 22 22 19 18 18 18 19 19 17 15 15 17 18 18 19 18 17 15 14 14 15 15 17 17 20 20 22 22 19 19 18 18 18 19 19 21 22 22 22 22 22 22 21 21 22 22 23 24 26 26 28 29 28 28 19 12 5 4 
17 17 17 18 17 18 19 39 63 61 32 17 22 22 21 18 15 13 13 15 15 15 15 15 13 14 15 15 15 15 13 15 17 18 17 15 11 6 3 3 2 2 5 11 15 17 18 18 19 18 16 17 18 21 22 19 18 17 17 18 18 18 17 15 15 17 17 18 19 17 15 14 13 14 15 15 17 17 20 20 20 20 19 19 18 18 18 18 18 21 22 22 23 22 22 22 22 21 22 22 23 24 26 26 26 28 28 28 19 11 4 4 
17 17 17 18 18 19 21 33 44 40 19 18 18 18 17 16 16 16 15 15 15 15 14 14 12 14 15 16 15 15 15 16 19 20 21 19 16 10 4 3 2 2 3 8 12 18 19 18 18 17 16 18 20 23 23 20 18 18 17 18 18 18 17 14 14 16 17 18 17 16 15 14 13 14 15 15 17 17 19 19 20 20 19 19 18 18 18 17 19 22 22 22 22 23 22 21 21 21 21 22 22 23 25 25 26 28 28 28 19 12 4 3 
17 17 17 18 18 19 21 30 33 25 17 17 16 15 15 15 16 17 16 15 15 15 14 14 12 12 15 15 15 15 15 16 19 22 21 22 21 15 8 5 2 2 2 4 11 18 21 18 17 16 16 17 19 23 23 20 19 19 18 19 18 18 17 14 13 15 17 18 17 15 14 14 13 15 15 16 17 18 19 19 20 20 20 20 19 18 18 18 19 20 22 22 22 23 22 19 21 21 21 21 22 23 24 24 26 28 26 28 21 12 4 3 
18 17 16 17 18 29 45 46 33 21 17 16 15 14 13 14 14 15 16 15 13 13 13 13 12 12 14 14 14 14 15 16 18 22 21 22 21 18 11 7 3 3 2 3 7 14 18 18 17 16 15 16 18 22 24 22 19 19 18 19 19 19 17 15 13 15 16 16 16 15 15 15 14 15 17 18 19 19 19 20 20 20 20 20 20 19 18 18 17 18 22 22 23 24 22 19 19 21 22 22 22 22 23 24 25 26 26 26 21 11 4 3 
17 18 16 17 22 38 49 38 23 17 17 16 15 14 13 14 14 14 15 14 13 14 14 14 14 12 14 14 14 14 15 15 18 20 19 21 21 19 16 11 7 3 2 3 4 8 14 17 17 16 15 16 19 23 24 22 19 18 19 18 18 18 17 15 14 15 16 16 16 16 15 15 14 15 17 18 18 17 18 19 19 18 19 19 19 19 17 17 17 18 20 22 23 23 22 19 19 19 20 22 21 21 22 23 25 26 26 28 19 10 4 3 
12 17 15 22 32 52 50 33 16 17 16 15 14 12 11 12 12 14 14 12 12 12 12 12 14 14 12 14 14 14 14 15 17 18 19 19 21 21 21 16 11 5 3 3 3 5 9 15 18 17 16 17 19 23 23 21 18 18 19 20 20 19 18 17 15 15 17 17 16 15 14 13 12 14 15 16 16 15 15 15 17 16 17 17 18 17 17 18 18 18 20 20 21 21 20 20 18 18 18 19 21 21 22 23 24 25 25 26 18 10 4 3 
17 16 16 28 40 54 39 31 17 17 16 15 14 11 11 12 15 15 14 12 11 12 14 14 14 12 14 14 14 15 15 15 17 18 18 19 19 21 22 19 15 9 4 3 3 4 6 10 16 17 16 17 19 22 22 21 18 18 20 22 20 19 18 16 15 15 16 16 16 16 14 13 12 13 13 14 15 15 15 15 15 15 15 15 16 16 17 17 18 19 20 22 21 21 19 18 18 18 18 18 19 19 21 22 23 23 24 25 18 10 4 3 
16 15 18 35 58 52 32 26 18 17 14 12 12 11 11 11 14 14 14 12 12 12 14 14 14 12 14 14 14 14 15 16 16 16 17 18 22 23 24 23 19 15 8 5 3 3 5 8 10 15 15 16 18 22 23 21 18 18 22 22 22 19 17 16 15 15 16 16 15 15 13 12 11 13 13 15 17 17 16 18 15 15 16 16 16 17 19 18 19 19 20 22 22 22 18 16 16 16 17 18 18 19 22 22 22 23 23 24 18 10 3 3 
16 16 22 32 58 47 24 17 17 15 12 11 11 10 10 11 14 14 12 12 12 14 14 14 12 14 14 14 14 14 14 16 16 16 17 18 22 24 26 26 22 17 10 5 2 4 3 5 8 12 14 15 17 21 23 23 19 17 20 22 22 19 17 16 15 15 16 15 15 15 13 12 13 14 15 16 18 19 18 19 17 17 16 16 18 18 19 20 20 20 22 22 22 20 18 16 16 16 16 17 18 18 19 21 22 23 23 23 17 10 3 3 
21 17 26 42 39 24 14 15 14 12 11 10 10 9 10 12 14 14 12 12 12 14 14 14 12 14 14 14 14 14 13 14 15 15 16 16 18 22 24 24 22 17 12 8 4 3 3 5 6 9 11 12 14 18 21 21 18 16 17 19 19 17 16 16 15 16 15 15 15 15 14 15 16 17 17 17 18 19 19 22 23 22 18 18 21 21 22 23 23 23 24 24 23 23 21 16 17 18 18 18 18 18 19 19 19 21 22 22 16 9 3 3 
17 18 33 49 30 18 14 14 14 11 10 9 9 9 10 12 14 14 12 14 14 14 14 14 14 14 14 14 14 14 14 13 14 14 14 15 16 18 21 21 19 18 16 10 5 4 3 3 4 5 8 9 11 14 16 16 15 14 15 17 17 17 16 16 15 16 17 17 16 16 16 18 19 18 18 18 19 19 20 22 23 24 22 21 22 23 23 24 24 25 26 25 25 25 23 23 21 21 21 21 19 19 19 19 19 18 19 21 15 8 3 3 
17 22 45 47 23 19 11 14 12 11 11 9 9 9 10 10 12 12 12 14 12 12 12 12 12 12 12 12 12 12 13 13 13 14 14 15 16 17 19 19 17 16 16 14 7 5 3 3 3 3 5 6 11 14 15 15 15 14 15 18 18 17 17 17 16 17 17 18 18 17 20 20 19 19 19 19 20 19 20 22 22 21 22 21 22 24 24 25 25 26 25 25 25 25 24 24 24 22 22 22 19 21 21 21 22 21 19 18 15 8 3 3 
22 29 51 37 17 11 14 14 12 11 11 9 8 8 8 9 10 10 12 12 12 12 12 12 12 12 12 11 11 12 13 13 13 13 14 15 16 17 19 19 18 17 18 16 9 5 4 3 3 3 5 8 11 14 17 17 17 17 18 19 19 18 18 18 18 18 18 19 19 18 20 20 19 19 19 18 19 19 19 20 19 21 19 21 22 23 23 25 25 25 25 25 25 25 25 24 24 23 23 24 22 22 22 22 23 23 18 17 14 9 3 3 
19 38 46 33 29 15 15 14 12 10 10 9 7 6 6 7 9 9 10 11 12 12 12 12 12 12 11 11 12 12 13 13 13 14 15 16 16 18 19 18 17 21 21 21 16 11 5 4 3 3 4 7 11 15 17 17 18 18 18 19 19 18 19 19 18 19 18 19 19 19 18 18 18 18 18 17 19 19 19 19 17 18 19 19 21 23 23 24 25 24 25 25 25 25 24 24 23 23 23 24 23 23 23 23 24 25 21 18 15 10 4 3 
22 39 37 25 22 15 16 14 12 11 11 9 7 5 5 5 8 8 9 10 12 12 11 11 10 10 10 10 12 12 13 13 14 14 15 17 18 21 21 19 19 21 23 25 24 19 10 5 3 3 3 5 8 12 16 17 17 17 17 18 18 18 19 19 18 18 18 19 19 19 18 18 18 18 18 18 19 19 19 18 17 18 18 19 21 22 23 24 25 24 24 25 26 26 25 24 23 22 22 23 24 23 24 24 25 25 26 24 16 10 4 3 
32 45 25 14 14 16 15 14 12 11 11 9 7 6 5 6 8 8 9 11 11 11 10 10 9 8 10 10 11 12 13 14 15 15 16 18 18 21 23 22 22 23 25 28 29 25 16 10 5 4 3 3 4 10 14 16 15 16 17 18 19 20 19 19 18 18 19 19 19 19 18 18 18 18 18 18 18 18 18 18 17 18 18 19 21 21 23 23 24 25 25 26 28 28 26 25 23 22 22 23 23 24 24 25 26 26 26 24 17 10 3 3 
38 39 19 12 12 14 14 14 12 10 10 9 7 6 5 5 8 8 10 10 11 11 11 10 9 8 10 10 11 12 14 15 15 16 17 18 19 21 23 22 23 25 28 28 29 26 21 11 4 4 3 3 3 5 10 14 15 15 16 16 19 22 19 18 18 18 18 18 18 18 18 18 18 18 18 18 18 18 18 18 17 18 18 19 19 22 23 23 23 24 24 26 26 28 26 24 23 22 22 22 23 24 24 25 25 26 25 24 17 10 4 3 
42 31 17 11 11 12 11 12 12 10 9 8 8 6 5 5 7 8 8 11 14 14 14 12 12 10 11 10 11 12 14 15 16 17 17 18 18 19 20 23 24 24 24 28 28 28 26 17 7 4 3 3 3 4 7 11 13 15 15 16 18 21 20 19 18 18 18 18 18 18 18 18 18 18 18 18 17 17 17 17 17 18 18 19 22 23 22 23 23 23 24 25 26 25 25 24 23 22 21 21 21 22 23 24 25 25 25 24 17 11 4 2 
46 25 11 11 12 11 11 12 12 11 10 10 8 6 5 4 8 9 6 11 16 16 15 14 14 14 12 11 12 14 15 16 17 17 17 17 18 19 22 23 23 24 24 26 26 28 29 23 12 6 4 4 3 3 4 9 12 13 15 16 17 18 20 19 18 19 19 19 19 19 19 19 19 19 18 18 17 17 17 17 17 17 18 18 20 22 22 23 23 24 24 24 25 25 25 24 22 19 19 21 22 22 23 24 25 24 24 23 16 10 4 2 
40 17 14 10 10 10 11 12 12 11 11 10 8 7 6 5 8 11 6 12 16 16 16 15 15 14 14 12 14 14 15 16 17 18 18 18 18 19 22 23 23 24 25 25 26 28 28 25 18 10 5 4 2 3 8 11 12 15 16 16 18 18 22 20 19 18 19 21 19 19 20 20 20 20 19 19 17 17 17 17 17 17 18 19 19 21 22 23 23 24 23 25 25 25 25 22 19 19 19 21 21 22 23 24 24 24 23 22 15 9 4 2 
42 16 14 11 11 9 10 11 12 12 11 10 8 7 6 5 9 11 8 12 16 16 15 15 15 14 14 12 14 14 15 16 17 17 17 17 18 18 20 23 22 23 24 25 25 28 28 26 22 14 7 3 3 3 5 9 11 13 15 15 17 17 22 20 19 18 19 19 19 19 20 20 20 20 19 19 17 17 17 16 16 17 18 19 18 19 21 22 21 21 23 24 25 25 25 23 22 22 21 19 21 22 22 22 23 24 23 23 15 10 4 2 
32 12 14 11 11 10 11 11 12 12 12 11 10 8 5 5 8 10 8 13 16 16 15 15 15 14 14 14 15 15 15 16 17 17 17 17 17 18 19 21 22 23 23 24 25 26 27 29 25 19 13 6 3 3 2 4 8 11 12 14 16 17 19 19 18 18 18 18 19 19 20 20 20 20 19 19 17 17 17 17 17 18 17 18 18 19 21 23 23 25 28 28 28 26 25 24 23 23 21 21 19 21 22 22 22 23 23 22 15 10 4 2 
12 14 12 11 11 10 11 12 12 12 12 12 10 8 7 5 9 11 9 13 16 16 15 15 15 14 14 14 15 15 15 16 17 16 17 17 17 18 19 21 22 22 23 24 24 25 27 29 26 21 18 9 3 3 2 2 3 9 11 12 15 16 18 18 18 18 18 18 19 19 20 20 20 20 19 19 18 18 17 17 17 18 17 17 18 19 21 23 24 29 33 33 32 26 25 25 24 24 23 22 21 21 21 21 22 23 23 22 15 10 4 2 
11 12 13 13 12 12 12 12 11 12 11 10 9 8 7 6 9 11 8 12 16 16 15 14 14 14 14 14 14 14 15 15 16 16 16 17 17 17 18 19 22 22 22 23 23 24 24 25 26 24 22 15 10 4 2 2 2 5 8 11 14 15 17 17 17 18 18 18 20 20 20 20 19 19 18 18 18 18 17 17 17 18 17 18 18 19 21 23 25 30 35 35 31 26 25 25 24 23 23 22 21 19 19 19 21 22 22 22 16 10 3 2 
11 12 12 12 11 11 10 11 11 11 11 10 9 9 8 6 9 12 7 12 15 15 15 14 14 14 14 14 14 15 15 15 16 15 16 16 16 17 18 19 21 23 22 22 22 22 24 25 26 25 26 24 17 6 3 2 2 3 5 8 12 14 16 16 16 17 17 18 19 20 20 20 19 19 18 18 18 18 18 18 18 19 19 19 19 21 21 23 24 28 32 31 29 25 25 25 24 23 23 22 21 19 19 19 21 22 22 22 16 10 3 2 
11 11 11 11 11 11 10 10 10 10 10 9 10 10 8 6 9 12 7 15 15 15 15 14 14 12 12 12 12 14 14 15 15 15 15 15 16 16 18 19 22 24 22 22 22 22 23 24 24 24 25 24 21 10 7 3 3 3 3 6 10 11 15 15 16 17 17 17 18 19 20 20 20 20 18 18 18 18 18 18 18 19 20 20 20 20 19 22 23 25 28 28 25 23 25 25 24 24 23 22 22 21 19 21 22 22 23 22 16 9 3 2 
11 11 11 11 11 11 10 10 9 9 9 10 10 10 9 6 8 10 7 12 15 14 14 14 14 12 12 12 12 12 14 15 15 15 15 15 15 16 17 19 22 20 22 22 22 22 23 24 24 25 24 24 22 18 8 5 3 3 3 3 7 11 14 15 15 16 16 17 18 18 20 19 19 19 18 19 19 19 19 19 18 19 20 20 20 19 19 21 21 22 24 25 24 24 24 24 23 23 23 22 22 21 19 21 21 22 22 23 18 9 3 2 
11 10 11 11 10 10 9 9 9 9 8 9 10 9 8 5 7 10 7 11 15 15 14 12 12 12 11 11 11 12 12 14 15 15 15 15 15 15 16 17 18 17 20 22 22 22 23 24 24 25 25 24 22 19 10 6 4 3 3 3 5 10 12 13 14 15 15 16 17 18 18 18 19 19 18 19 19 19 19 19 19 19 19 19 19 18 18 19 19 21 23 24 24 24 24 23 23 22 23 22 21 21 21 21 21 22 23 24 21 7 3 2 
10 10 10 10 10 10 9 9 8 8 8 9 10 10 8 7 7 9 9 11 15 15 14 14 14 12 12 12 11 11 12 14 15 15 15 15 15 15 15 15 16 16 18 18 21 23 24 24 24 25 26 25 23 19 15 8 5 3 3 3 4 6 11 12 12 14 14 16 16 18 18 18 19 19 19 19 19 19 19 19 19 18 19 19 19 18 18 19 19 21 22 23 23 24 24 22 22 22 22 22 22 21 19 19 19 21 22 24 21 9 3 2 
10 10 11 11 11 10 10 9 8 8 10 10 10 10 9 8 7 8 9 11 15 15 14 14 14 14 14 12 11 11 12 14 14 15 15 15 15 14 14 14 14 14 15 15 19 22 23 24 24 24 24 24 22 21 17 11 8 4 3 3 4 5 9 12 13 15 15 16 17 17 18 17 17 18 19 19 19 21 22 22 21 18 19 19 19 18 18 18 18 19 22 22 23 23 23 22 22 22 22 22 21 21 19 19 19 21 22 23 22 9 3 2 
9 9 10 10 11 10 10 9 7 7 10 10 11 11 9 8 7 8 11 11 15 15 14 14 14 15 14 14 12 10 11 12 14 15 15 15 14 14 12 12 11 11 13 13 17 22 23 24 24 25 24 24 23 21 18 14 9 6 3 3 3 5 8 10 11 13 15 16 17 17 17 17 17 18 19 19 21 21 22 22 19 18 19 19 19 18 17 17 17 18 19 19 21 22 22 22 22 22 22 22 21 21 19 18 19 22 23 23 22 9 3 2 
9 9 10 10 10 10 10 9 8 9 9 12 12 11 10 8 7 8 11 11 15 15 14 14 14 15 14 14 11 10 11 12 14 14 14 14 14 12 12 12 11 11 11 12 17 23 23 24 24 24 24 24 23 21 18 16 11 8 4 3 3 4 6 8 9 12 15 16 17 16 16 16 17 17 17 19 21 21 21 21 22 20 18 18 18 17 18 18 17 18 17 17 19 21 22 22 22 22 21 21 21 19 18 18 18 22 22 23 21 9 4 2 
9 8 9 9 9 9 8 8 6 9 10 12 12 11 10 8 7 8 11 11 15 15 14 14 14 15 14 14 11 10 10 11 12 12 14 14 12 12 11 11 11 11 11 12 16 22 23 24 24 24 24 23 24 19 16 16 17 15 7 4 3 3 3 5 7 10 12 15 15 15 16 15 16 17 17 19 19 21 21 21 22 20 18 18 18 17 18 18 17 17 16 16 18 19 22 23 22 22 22 22 21 21 19 17 18 19 21 22 21 9 4 2 
10 9 9 9 9 9 8 8 6 9 10 12 12 11 10 8 7 8 10 11 15 15 12 14 12 14 15 15 11 10 10 10 11 12 12 11 11 11 11 10 9 9 11 12 17 22 23 24 23 23 23 22 24 19 15 15 18 21 19 12 4 3 3 3 5 9 11 13 15 16 16 15 16 16 18 19 22 22 23 23 22 19 19 19 17 17 17 17 16 16 16 16 16 17 19 22 22 21 21 22 21 21 21 18 18 21 22 22 21 9 3 2 
11 9 9 9 10 9 9 9 8 9 9 12 12 11 10 8 7 8 10 11 15 15 12 14 12 14 15 15 11 10 10 10 10 10 11 11 11 10 10 10 9 9 11 12 17 22 24 24 23 23 22 23 22 19 16 14 17 23 24 16 4 4 2 3 4 8 11 13 14 15 16 15 15 16 17 19 22 23 23 23 22 19 19 18 17 17 17 17 15 15 15 15 16 16 18 21 21 21 21 22 21 21 21 21 21 22 22 22 21 9 3 2 
11 9 9 9 10 10 10 10 8 9 8 10 11 11 9 8 7 8 10 10 13 13 12 12 12 14 14 14 11 10 9 9 10 10 11 11 10 10 10 10 10 11 11 12 19 24 23 24 23 22 22 21 23 18 15 14 17 23 24 16 8 4 2 2 2 4 6 12 12 14 16 15 15 16 17 19 21 22 23 23 23 20 19 19 17 17 17 17 16 15 15 15 15 15 16 18 21 21 22 22 22 22 22 20 19 21 22 23 21 9 3 3 
12 10 10 10 11 11 11 10 9 8 8 9 10 10 9 7 7 7 9 10 13 13 11 12 12 14 14 14 11 11 9 9 9 10 10 10 9 9 9 9 10 10 12 14 19 23 23 23 22 22 22 21 23 17 14 14 18 24 24 21 10 4 2 2 2 2 4 10 12 14 16 16 17 17 17 19 21 22 24 24 23 20 19 18 18 18 18 18 17 16 15 15 15 15 16 16 19 19 20 20 22 22 22 20 19 21 23 23 19 7 3 3 
11 9 10 10 11 12 12 11 9 9 8 8 8 9 8 5 5 5 9 10 12 13 11 12 12 14 14 12 10 10 9 9 9 9 9 9 9 9 9 9 10 10 12 15 20 23 23 23 22 22 21 21 19 16 14 12 17 24 25 22 16 8 4 3 2 2 4 7 11 13 16 17 19 18 17 18 22 23 23 23 24 22 19 19 19 19 19 19 18 17 17 16 15 15 16 17 17 18 18 19 21 21 22 20 22 23 23 23 18 14 8 6 
11 9 9 9 10 11 11 11 11 10 8 8 8 9 8 5 4 5 8 9 12 12 11 12 12 14 14 12 10 10 9 9 9 9 9 9 9 9 9 9 10 11 14 17 22 24 23 23 23 23 21 21 18 15 11 11 18 24 25 23 18 11 6 4 3 2 4 4 8 13 15 16 18 18 17 18 22 24 23 23 24 24 22 22 20 20 20 19 19 18 17 16 15 15 15 16 17 18 18 18 19 19 22 22 22 23 23 23 21 17 12 8 
12 10 9 9 10 10 11 12 13 12 9 8 9 9 7 5 4 5 8 9 12 12 11 12 12 14 14 12 10 10 9 9 9 9 9 9 9 9 9 9 10 11 14 19 23 24 24 23 23 23 22 19 17 13 10 10 18 24 25 25 21 16 9 8 5 4 3 4 6 11 14 15 17 17 18 20 22 23 23 24 25 24 23 23 22 21 22 20 19 18 17 17 15 15 15 15 15 16 17 18 18 19 22 22 21 22 22 22 23 19 16 12 
12 11 10 9 10 10 10 11 12 13 11 9 10 9 7 5 4 5 8 9 12 12 11 12 12 14 14 12 10 10 9 9 9 9 9 9 9 9 9 9 11 14 15 19 23 24 24 24 24 23 22 17 15 13 10 10 16 22 26 26 24 19 15 8 5 4 4 4 6 10 14 15 16 17 18 20 22 23 23 23 24 24 23 23 23 22 23 22 21 18 18 17 16 14 15 15 15 16 17 17 18 19 22 22 21 21 22 23 23 22 17 14 
14 12 11 11 11 11 11 11 11 12 12 10 11 10 8 5 4 5 8 9 11 12 11 12 12 14 14 12 10 10 9 9 9 9 9 9 9 9 9 9 11 14 16 19 23 24 23 24 23 23 21 17 15 13 10 10 16 22 26 26 25 23 18 12 6 5 4 4 5 9 12 15 16 16 18 19 22 22 22 21 21 21 22 22 23 23 22 22 21 18 17 16 15 14 13 13 15 15 16 17 18 18 19 21 19 21 22 23 24 24 19 17 
14 14 12 14 15 13 13 12 11 11 11 11 11 11 9 7 4 5 8 9 11 12 11 12 12 14 14 12 10 10 9 9 9 9 9 9 9 9 9 10 11 15 16 19 23 24 23 24 23 22 19 17 15 12 10 11 16 21 25 26 25 25 21 15 10 6 5 4 4 6 9 12 15 15 17 19 21 22 21 19 19 21 22 22 22 23 22 22 22 19 17 16 15 14 13 13 13 15 15 17 17 17 18 19 19 21 21 23 25 23 21 18 
11 12 12 14 14 12 13 12 11 11 12 12 12 11 9 7 4 5 8 9 11 12 11 11 11 12 12 11 10 10 9 9 10 10 9 9 9 9 9 10 11 15 16 18 22 22 22 23 22 22 19 17 15 11 9 11 17 22 24 25 24 24 22 17 15 11 5 3 4 6 8 11 14 14 15 18 21 21 19 18 19 22 22 22 22 22 22 22 21 19 17 17 15 14 13 13 13 13 15 16 16 16 17 18 18 19 21 23 24 21 19 17 
10 11 12 15 14 14 13 12 11 11 11 12 12 12 9 8 5 5 8 9 11 12 11 11 11 12 11 11 10 10 10 9 10 10 9 9 9 9 10 10 11 14 15 18 22 22 22 23 22 22 19 17 15 11 9 12 17 22 24 24 24 24 23 21 17 11 5 3 4 5 6 9 11 12 14 18 22 21 18 17 18 21 22 22 22 22 22 22 21 19 18 17 16 14 13 13 13 13 13 15 15 15 16 17 18 19 22 23 22 21 18 15 
10 11 12 14 14 12 11 11 11 10 12 12 12 10 9 7 5 5 8 9 9 10 11 11 11 11 11 10 9 9 9 9 8 8 8 8 9 9 10 11 12 15 16 18 21 22 22 22 22 22 19 17 15 11 9 12 18 23 24 24 24 23 25 24 19 12 5 3 3 4 5 8 9 11 15 17 19 18 17 18 19 21 22 22 22 22 23 23 21 21 21 18 16 15 14 13 13 12 12 13 15 15 15 16 18 19 21 22 20 11 5 2 
11 12 14 15 14 14 12 12 11 10 11 12 11 10 9 8 5 5 8 9 9 10 11 11 10 10 10 9 9 9 9 8 8 8 8 8 9 9 10 11 12 15 16 18 21 21 21 22 22 22 18 17 15 11 10 14 19 23 23 23 24 24 26 24 23 16 8 4 3 4 5 6 7 10 12 15 16 16 16 18 19 22 22 22 21 22 23 23 22 21 21 18 16 15 14 14 15 13 13 13 13 15 15 15 16 18 21 21 17 11 4 3 
12 15 15 15 15 14 14 14 11 10 11 12 12 11 11 9 5 5 8 9 9 10 12 11 10 9 9 8 8 8 8 8 8 8 9 9 10 10 10 11 14 16 17 19 21 21 21 21 20 20 18 17 16 12 11 16 22 23 23 23 24 25 26 25 26 23 14 9 4 4 5 5 5 8 10 14 17 16 16 17 20 23 22 22 21 22 23 23 22 21 19 18 17 16 15 15 15 14 12 12 12 12 14 14 14 17 21 18 14 9 3 2 
12 15 15 15 14 15 15 14 12 11 12 12 12 11 11 9 7 5 8 9 8 9 12 11 10 9 8 8 8 8 8 8 8 8 9 9 10 10 10 11 14 16 17 18 19 19 21 21 20 20 18 16 16 12 11 17 23 24 24 24 25 25 26 26 27 24 18 11 6 5 4 4 4 5 8 11 15 15 16 17 19 22 21 21 21 21 22 22 22 22 19 19 18 16 16 16 15 14 12 11 12 12 12 12 11 15 19 17 14 8 3 2 
11 14 14 14 14 14 15 15 14 12 11 11 11 11 12 10 7 6 7 8 8 9 11 11 10 10 10 9 8 8 7 7 7 7 8 9 9 10 11 12 14 15 16 18 19 19 21 21 20 20 17 16 15 12 12 17 22 24 24 25 25 25 26 25 25 22 18 17 11 7 5 4 4 5 5 5 8 11 14 16 16 17 19 19 19 21 21 21 21 21 21 19 18 17 16 16 15 14 12 12 12 13 12 11 10 15 18 16 12 6 2 2 
11 12 12 12 14 14 15 15 14 12 12 11 12 11 12 10 7 6 7 8 7 9 11 10 10 10 10 9 8 8 7 7 7 7 8 9 9 10 11 12 14 15 16 17 19 19 21 21 20 20 17 16 14 12 12 17 22 25 25 25 24 24 23 23 22 22 21 18 15 9 6 5 5 4 4 3 5 9 14 15 15 17 18 19 19 21 21 21 21 21 21 19 18 17 16 16 15 14 12 12 13 12 11 10 10 15 16 16 12 6 2 2 
12 12 12 12 14 14 15 15 15 14 14 12 14 12 12 10 9 6 6 7 7 7 8 9 8 8 7 7 7 7 7 7 7 7 8 9 9 10 11 11 14 15 15 17 18 19 21 19 20 20 16 15 14 13 12 17 21 24 25 25 24 23 23 23 22 22 20 19 17 13 10 8 5 4 3 3 4 7 11 14 15 16 17 18 19 22 21 21 21 21 21 19 18 18 17 16 15 14 12 12 12 11 11 10 9 14 15 15 11 5 2 1 
11 11 12 12 14 15 16 16 16 16 16 16 15 14 12 11 10 8 7 6 7 7 8 8 8 8 7 7 7 7 6 6 6 6 8 9 10 11 11 11 12 15 14 17 18 19 21 19 20 20 16 15 14 13 12 17 21 24 25 25 24 23 23 23 22 22 22 22 19 18 16 10 5 4 4 3 3 5 9 12 12 14 15 16 18 19 19 19 21 21 21 21 19 18 17 17 16 15 14 14 12 12 11 10 9 14 15 14 10 5 2 1 
