10 10 10 9 9 9 11 12 15 17 18 18 18 23 31 40 54 50 15 3 1 1 1 1 1 1 1 1 1 2 7 9 12 19 22 23 26 26 25 23 22 21 19 18 15 10 5 2 1 1 0 2 4 5 5 3 1 1 1 2 2 3 3 4 4 7 9 
11 10 10 9 9 9 11 12 15 17 18 17 21 26 38 49 68 72 26 5 1 1 1 1 1 1 1 1 1 1 2 4 7 15 19 19 25 25 24 24 23 22 19 18 16 9 5 3 3 2 2 4 6 6 5 4 3 3 3 3 3 2 2 2 2 4 7 
11 11 10 9 9 9 12 15 16 14 11 17 33 47 56 59 91 91 38 8 1 1 1 1 1 1 1 1 1 1 1 1 4 10 14 14 19 23 23 22 21 19 19 17 15 8 2 2 2 1 2 3 4 5 4 4 3 4 4 3 3 3 3 3 3 4 5 
11 11 10 11 9 7 12 16 17 17 19 27 44 57 78 93 130 110 44 10 3 1 1 2 3 2 2 2 1 1 1 1 1 3 7 8 12 15 18 18 18 16 17 16 13 6 3 3 2 2 2 2 3 3 3 4 3 4 4 3 4 3 3 3 4 4 4 
15 12 12 11 10 9 16 19 24 31 45 60 77 88 109 122 137 118 48 13 5 1 1 2 3 3 2 2 1 1 1 1 1 1 1 3 5 7 9 10 10 10 11 11 6 4 3 2 2 2 2 2 3 3 3 3 3 3 2 4 4 4 4 4 4 4 4 
18 18 17 16 12 15 25 32 37 44 65 85 99 111 118 121 125 125 63 15 4 1 2 2 2 2 2 2 1 1 1 1 1 1 1 1 1 1 1 1 1 1 3 3 2 1 1 1 1 1 1 1 1 2 2 2 2 2 3 3 2 3 3 3 3 3 4 
22 23 23 24 22 28 38 41 79 87 96 100 102 107 108 107 107 107 57 16 3 1 1 2 2 2 2 2 1 1 1 1 1 1 1 1 1 1 1 1 1 1 1 1 0 0 0 1 0 1 1 1 0 1 1 1 1 1 2 2 2 2 2 3 3 2 4 
23 25 32 29 28 38 57 72 89 89 90 92 93 89 90 92 93 95 54 17 3 1 1 2 2 1 1 1 1 1 1 1 2 1 1 1 1 1 1 1 1 1 1 1 1 0 0 1 0 0 0 0 0 0 0 0 1 1 1 1 1 2 2 2 2 2 1 
28 25 19 17 38 61 76 89 66 65 63 59 60 59 59 58 68 90 57 22 3 1 1 1 2 2 1 1 1 1 1 1 2 2 2 1 1 1 1 1 1 1 1 1 0 0 0 0 0 0 0 0 0 0 0 0 0 0 1 1 1 1 1 1 1 1 0 
32 32 22 23 38 57 57 55 53 50 47 45 45 46 46 45 59 85 59 21 5 3 1 1 2 2 1 1 1 1 1 1 1 1 1 1 1 1 1 1 1 1 1 1 1 1 0 0 0 0 0 0 0 0 0 0 0 0 0 0 0 0 0 0 0 0 0 
28 24 28 43 56 54 47 41 42 40 41 43 41 41 39 39 55 82 59 22 4 3 1 1 2 2 1 1 1 1 1 1 1 1 1 1 1 1 1 1 1 1 1 1 1 1 0 0 0 0 0 0 0 0 0 0 0 0 0 0 0 0 0 0 0 0 0 
25 26 42 44 48 48 45 44 43 42 41 41 41 40 38 38 52 78 60 25 5 3 2 2 3 2 1 1 1 1 1 1 1 1 1 1 1 1 1 1 1 1 1 1 1 1 0 0 0 0 0 0 0 0 0 0 0 0 0 0 0 0 0 0 0 0 0 
58 97 90 66 55 55 58 52 49 45 41 41 40 39 38 38 51 78 63 30 7 3 2 3 2 3 2 1 1 1 1 1 1 1 1 1 1 1 1 1 1 1 1 1 1 1 0 0 0 0 0 0 0 0 0 0 0 0 0 0 0 0 0 0 0 0 0 
135 195 167 108 58 46 58 54 47 44 40 40 38 37 36 36 49 75 64 33 9 3 3 3 2 2 2 2 2 2 1 1 1 1 1 1 1 1 1 1 1 1 1 1 1 1 0 0 0 0 0 0 0 0 0 0 0 0 0 0 0 0 0 0 0 0 0 
210 243 219 146 70 45 54 51 47 44 39 39 36 35 35 35 46 74 65 33 10 4 3 3 2 2 2 2 2 2 1 1 1 1 1 1 1 1 1 1 1 1 1 1 1 1 0 0 0 0 0 0 0 0 0 0 0 0 0 0 0 0 0 0 0 0 0 
247 248 230 169 91 60 52 49 46 43 39 37 37 36 37 37 46 73 65 29 10 5 4 3 2 2 2 2 2 2 1 1 1 1 1 1 1 1 1 1 1 1 1 1 1 1 0 0 0 0 0 0 0 0 0 0 0 0 0 0 0 0 0 0 0 0 0 
247 246 240 182 102 60 52 50 47 44 39 38 37 37 38 38 45 72 66 24 9 6 4 3 2 2 2 2 2 2 1 1 1 1 1 1 1 1 1 1 1 1 1 1 1 1 0 0 0 0 0 0 0 0 0 0 0 0 0 0 0 0 0 0 0 0 0 
248 247 243 201 125 72 53 51 49 45 40 38 38 38 39 39 45 70 70 30 9 7 4 4 3 3 2 2 2 2 2 2 1 1 1 1 1 1 1 1 1 1 1 1 1 1 0 0 0 0 0 0 0 0 0 0 0 0 0 0 0 0 0 0 0 0 0 
249 247 243 222 152 88 55 51 47 44 40 40 40 39 39 40 45 68 71 33 11 8 5 4 3 3 2 2 2 2 2 2 1 1 1 1 1 1 1 1 1 1 1 1 1 1 0 0 0 0 0 0 0 0 0 0 0 0 0 0 0 0 0 0 0 0 0 
249 247 245 238 180 106 60 50 50 45 42 42 40 39 39 39 44 67 74 43 17 8 4 3 3 2 2 2 2 2 2 2 1 1 1 1 1 1 1 1 1 1 1 1 1 1 0 0 0 0 0 0 0 0 0 0 0 0 0 0 0 0 0 0 0 0 0 
249 249 248 245 207 136 79 57 52 47 44 42 40 39 39 40 45 67 76 48 19 8 5 4 3 3 2 2 2 2 2 2 1 1 1 1 1 1 1 1 1 1 1 1 1 1 0 0 0 0 0 0 0 0 0 0 0 0 0 0 0 0 0 0 0 0 0 
251 251 250 251 233 173 104 66 54 50 45 43 43 41 39 40 45 65 74 52 23 10 5 4 3 3 2 2 2 2 2 2 1 1 1 1 1 1 1 1 1 1 1 1 1 1 0 0 0 0 0 0 0 0 0 0 0 0 0 0 0 0 0 0 0 0 0 
252 252 252 252 247 206 137 85 57 51 46 44 45 43 40 40 45 63 72 55 26 10 5 4 3 3 2 2 2 2 2 2 1 1 1 1 1 1 1 1 1 1 1 1 1 1 0 0 0 0 0 0 0 0 0 0 0 0 0 0 0 0 0 0 0 0 0 
252 252 252 252 249 234 181 113 60 53 47 45 44 43 42 42 44 59 71 57 26 10 4 4 3 2 3 2 2 2 2 2 1 1 1 1 1 1 1 1 1 1 1 1 1 1 0 0 0 0 0 0 0 0 0 0 0 0 0 0 0 0 0 0 0 0 0 
251 251 252 252 252 245 207 136 70 57 50 47 46 44 43 43 43 56 71 59 30 11 4 4 3 2 3 2 2 2 2 2 1 1 1 1 1 1 1 1 1 1 1 1 0 0 0 0 0 0 0 0 0 0 0 0 0 0 0 0 0 0 0 0 0 0 0 
250 250 251 251 251 249 233 179 102 64 51 50 50 45 44 44 41 54 73 62 33 12 4 4 3 2 2 2 2 2 2 2 1 1 1 1 1 1 1 1 1 1 1 1 1 1 1 1 0 0 0 0 0 0 0 0 0 0 0 0 0 0 0 0 0 1 1 
250 250 251 251 250 251 248 219 159 94 59 57 53 47 45 45 41 52 74 65 33 11 4 4 2 2 2 2 2 2 2 2 1 1 1 1 1 1 1 1 1 1 1 1 1 1 1 1 0 0 0 0 0 0 0 0 0 0 0 0 0 0 0 0 1 2 3 
250 250 251 251 251 251 251 241 200 137 85 63 51 47 45 45 40 51 73 63 32 10 6 4 2 2 2 2 2 2 2 2 1 1 1 1 1 1 1 1 1 1 1 1 1 1 1 1 0 0 0 0 0 0 0 0 0 0 0 0 0 0 1 1 0 3 10 
250 250 251 251 251 251 250 247 229 184 121 75 52 47 45 44 40 53 75 70 36 11 6 5 2 2 2 2 2 2 2 2 1 1 1 1 1 1 1 1 1 1 1 1 1 1 1 1 0 0 0 0 0 0 0 0 0 0 0 0 0 0 1 1 0 4 12 
251 251 251 251 251 251 250 248 242 222 172 110 64 52 47 46 43 52 76 82 49 15 6 5 2 2 2 2 2 2 2 2 1 1 1 1 1 1 1 1 1 1 1 1 1 1 1 1 1 1 0 0 0 0 0 0 0 0 0 0 0 0 1 1 1 7 15 
251 251 251 251 251 251 250 250 248 242 217 157 95 64 52 46 45 50 74 80 49 15 6 4 2 2 2 2 2 2 2 2 1 1 1 1 1 1 1 1 1 1 1 1 1 1 1 1 1 1 0 0 0 0 0 0 0 0 0 0 0 0 1 1 2 8 16 
251 251 251 251 251 251 251 251 249 248 234 198 132 82 60 51 45 51 75 79 45 13 5 3 2 2 2 2 2 2 2 2 1 1 1 1 1 1 1 1 1 1 1 1 1 1 1 1 1 1 0 0 0 0 0 0 0 0 0 0 0 1 1 1 2 11 18 
251 251 251 251 251 251 250 250 249 250 249 236 188 132 82 59 48 55 79 84 47 13 5 3 2 2 2 2 2 2 2 2 1 1 1 1 1 1 1 1 1 1 1 1 1 1 1 1 1 1 1 1 1 1 1 1 1 1 1 1 1 2 1 1 2 18 23 
251 251 251 251 251 251 251 251 250 250 249 247 223 188 134 85 64 54 80 89 53 17 5 3 2 2 2 2 2 2 2 2 1 1 1 1 1 1 1 1 1 1 1 1 1 1 1 1 1 1 1 1 1 1 1 1 1 1 1 1 1 2 1 1 2 21 24 
251 251 251 251 251 251 250 250 250 249 249 249 236 228 194 137 96 68 82 88 59 21 5 3 2 2 2 2 2 2 2 2 1 1 1 1 1 1 1 1 1 1 1 1 1 1 1 1 1 1 1 1 1 1 1 1 1 1 1 1 1 1 2 4 21 52 56 
251 251 251 251 251 251 250 250 250 249 249 248 250 251 241 202 147 103 90 89 60 22 5 3 3 2 2 2 2 2 2 2 1 1 1 1 1 1 1 1 1 1 1 1 1 1 1 1 1 1 1 1 1 1 1 1 1 1 1 1 1 1 3 14 50 77 69 
251 251 251 251 251 251 250 250 250 249 249 249 249 251 252 238 199 146 116 99 63 24 7 5 3 2 2 2 2 2 2 2 1 1 1 1 1 1 1 1 1 1 1 1 1 1 1 1 1 1 1 1 1 1 1 1 1 1 1 1 1 1 4 18 63 88 71 
249 249 251 251 251 251 250 250 250 250 249 249 249 249 251 250 236 207 171 123 64 24 10 7 4 3 3 3 2 2 2 2 2 2 2 2 1 1 2 2 1 1 1 1 1 1 1 1 1 1 0 0 0 0 0 0 0 1 1 1 1 1 8 31 90 115 72 
249 249 251 251 251 251 250 250 250 250 249 249 249 249 249 249 245 234 206 155 77 26 11 8 5 3 3 4 2 2 3 3 2 2 2 2 1 1 2 2 1 1 1 1 1 1 1 1 1 1 0 0 0 0 0 0 0 1 1 1 1 1 8 38 100 117 72 
250 250 250 250 250 250 250 250 250 250 250 250 250 250 250 251 250 247 230 175 82 30 15 9 7 4 4 3 2 2 2 2 2 2 2 2 1 1 2 2 2 1 1 1 1 1 1 1 0 0 0 0 0 0 0 0 0 0 1 1 1 1 8 42 136 124 70 
250 250 250 250 251 251 250 250 250 250 250 250 250 250 251 251 251 249 250 203 100 36 18 10 7 4 4 4 2 2 2 2 2 2 2 2 1 1 2 2 1 1 1 1 1 1 1 1 0 0 0 0 0 0 0 0 0 1 1 1 1 1 9 51 136 128 68 
250 250 250 251 251 251 250 250 250 250 250 250 250 250 251 251 251 249 250 221 134 49 17 11 8 4 4 4 3 3 3 3 2 2 3 2 1 1 1 1 1 1 1 1 1 1 1 1 0 0 0 0 0 0 1 1 1 1 1 1 1 1 14 65 134 127 71 
250 250 250 251 251 251 250 250 250 250 250 250 250 250 251 251 250 250 250 230 156 73 22 9 7 4 4 4 3 3 3 3 2 2 3 2 1 1 1 1 1 1 1 1 1 1 1 1 0 0 0 0 0 0 1 1 1 1 1 1 1 1 17 70 132 127 72 
250 250 250 250 250 249 249 250 250 250 250 250 250 250 250 251 250 249 248 241 186 96 29 11 8 5 4 5 4 3 3 3 3 3 2 2 1 1 1 1 1 1 1 1 1 1 1 1 0 0 0 0 0 0 1 1 1 1 1 1 1 1 23 71 130 127 77 
250 249 249 249 248 248 248 248 250 250 250 250 250 250 250 250 250 249 249 247 199 100 28 11 7 5 5 5 5 3 3 3 3 3 2 2 1 1 1 1 1 1 1 1 1 1 1 1 0 0 0 0 0 0 1 1 1 1 1 2 1 2 25 71 127 128 87 
249 249 250 250 250 248 245 248 250 250 250 251 251 251 250 250 249 250 252 244 181 80 13 10 7 4 4 4 4 3 3 3 3 3 3 2 1 1 1 1 1 1 1 1 1 1 1 1 0 0 0 0 0 0 1 1 1 1 1 2 1 3 35 75 127 131 100 
252 252 252 250 227 209 213 235 250 251 251 251 251 251 250 250 248 249 250 240 188 97 17 9 8 4 4 4 4 3 3 3 3 3 3 2 1 1 1 1 1 1 1 1 1 1 1 1 0 0 0 0 0 0 1 1 1 1 1 3 1 4 46 84 127 134 103 
249 237 232 209 164 134 143 180 215 227 235 238 237 240 242 244 247 249 249 230 145 47 12 9 9 6 3 3 3 3 3 3 3 3 3 2 1 1 1 1 1 1 1 1 1 1 1 1 1 1 1 1 1 1 1 1 0 0 1 3 0 0 39 109 131 136 103 
192 173 159 132 93 71 79 114 149 167 186 207 223 234 237 242 243 238 236 222 153 60 12 9 9 6 3 3 3 3 3 3 3 3 3 2 1 1 1 1 1 1 1 1 1 1 1 1 1 1 1 1 1 1 1 1 0 0 0 3 0 0 44 117 142 141 97 
135 121 103 89 80 71 82 113 134 148 172 203 229 243 243 243 243 240 237 221 157 68 14 9 9 5 5 4 2 2 3 3 3 3 3 2 1 1 1 1 1 1 1 1 1 1 1 1 1 1 1 1 1 1 1 1 1 1 1 2 1 1 46 111 152 144 93 
171 165 157 152 152 151 157 174 186 193 214 234 241 249 248 247 245 247 246 226 150 61 10 9 9 7 6 4 2 2 3 3 3 3 3 2 1 1 1 1 1 1 1 1 1 1 1 1 1 1 1 1 1 1 1 1 1 1 1 2 1 1 49 110 157 149 89 
230 233 235 233 230 231 231 234 239 242 247 250 247 249 249 248 248 248 248 230 153 57 6 10 9 8 5 3 2 2 3 3 3 3 3 2 1 1 1 1 1 1 1 1 1 1 1 1 1 1 1 1 1 1 1 1 1 1 1 2 1 2 49 107 157 149 89 
247 249 251 251 252 252 252 252 251 251 251 249 249 249 249 249 248 248 247 236 165 67 14 10 8 7 5 3 2 2 3 3 3 3 3 2 1 1 1 1 1 1 1 1 1 1 1 1 1 1 1 1 1 1 1 1 1 1 1 2 1 2 49 103 157 149 89 
248 249 250 250 250 250 250 250 250 249 250 249 249 249 249 249 248 249 248 237 177 82 29 10 8 5 4 3 2 2 2 2 3 3 2 2 1 1 1 1 1 1 1 1 1 1 1 1 1 1 1 1 1 1 1 1 1 1 1 1 1 3 49 100 157 149 90 
249 249 249 249 249 249 249 249 249 248 249 249 249 249 249 249 249 249 249 236 181 87 29 10 7 5 4 3 3 2 2 2 3 3 2 2 1 1 1 1 1 1 1 1 1 1 1 1 1 1 1 1 1 1 1 1 1 1 1 1 1 5 52 102 157 142 83 
249 249 249 249 248 248 248 248 248 249 248 249 249 249 249 249 249 250 248 235 166 79 26 10 8 5 4 3 4 4 3 3 2 2 2 2 1 1 1 1 1 1 1 1 1 1 1 1 1 1 1 1 1 1 1 1 1 1 1 1 1 15 73 122 113 129 67 
249 249 249 249 249 249 249 249 249 249 249 249 249 249 249 250 249 250 248 234 163 73 24 11 8 5 4 3 4 4 3 3 2 2 2 2 1 1 1 1 1 1 1 1 1 1 1 1 1 1 1 1 1 1 1 1 1 1 1 1 1 17 77 124 118 122 59 
250 250 249 249 249 249 249 249 250 250 250 250 250 250 249 249 250 250 250 234 160 69 23 12 9 7 4 4 3 3 2 2 3 3 3 3 1 1 1 1 1 1 1 1 1 1 1 1 1 1 1 1 1 1 1 1 1 1 1 1 1 21 82 125 128 124 60 
249 249 249 249 249 249 249 249 250 250 250 250 250 250 249 249 250 251 251 234 161 68 21 14 9 5 5 4 3 3 2 2 3 3 3 3 1 1 1 1 1 1 1 1 1 1 1 1 1 1 1 1 1 1 1 1 1 1 1 1 3 24 85 125 131 122 59 
249 249 249 249 249 249 249 249 250 250 250 250 250 250 250 250 250 251 250 235 163 67 21 14 9 7 4 4 3 3 2 2 3 3 3 3 1 1 1 1 1 1 1 1 1 1 1 1 1 1 1 1 1 1 1 1 1 1 1 1 8 26 77 113 120 122 65 
249 249 249 249 249 249 249 249 250 250 250 250 250 250 250 250 250 251 250 235 163 68 21 14 9 5 4 4 3 3 2 2 3 3 3 3 1 1 1 1 1 1 1 1 1 1 1 1 1 1 1 1 1 1 1 1 1 1 1 1 12 29 74 108 125 123 65 
249 249 249 249 249 249 249 249 250 250 250 250 250 250 250 250 250 251 251 236 163 67 21 12 8 5 4 4 3 3 2 2 3 3 3 3 1 1 1 1 1 1 1 1 1 1 1 1 1 1 1 1 1 1 1 1 1 1 1 1 12 49 113 132 142 137 63 
249 249 249 249 249 249 249 249 250 250 250 250 250 250 250 250 250 251 251 235 163 67 21 11 8 5 3 3 3 3 2 2 3 3 3 3 1 1 1 1 1 1 1 1 1 1 1 1 1 1 1 1 1 1 1 1 1 1 1 1 12 50 121 149 132 126 57 
249 249 249 249 249 249 249 249 249 249 249 249 249 249 249 249 250 250 249 233 164 67 21 11 8 5 4 4 3 2 2 2 3 3 3 3 1 1 1 1 1 1 1 1 1 1 1 1 1 1 1 1 1 1 1 1 1 1 1 1 14 66 140 147 150 123 49 
249 249 249 249 249 249 249 249 249 249 249 249 249 249 249 249 250 250 248 231 165 66 18 11 8 5 4 4 3 2 2 2 3 3 3 3 1 1 1 1 1 1 1 1 1 1 1 1 1 1 1 1 1 1 1 1 1 1 1 0 10 56 122 124 150 111 44 
249 249 249 249 249 249 249 249 249 249 249 249 249 249 249 249 249 249 246 226 148 54 18 14 12 7 3 3 2 2 3 3 3 3 2 2 1 1 1 1 1 1 1 1 1 1 1 1 1 1 1 1 1 1 1 1 1 1 1 1 14 56 107 104 145 100 36 
249 249 249 249 249 249 249 249 249 249 249 249 249 249 249 249 249 249 246 213 124 43 21 15 15 5 2 2 2 2 3 3 3 3 2 2 2 1 1 1 1 1 1 1 1 1 1 1 1 1 1 1 1 1 1 1 1 1 1 1 28 67 109 104 132 85 25 
249 249 249 249 249 249 249 249 249 249 249 249 249 249 249 249 249 249 246 224 143 49 22 11 10 5 4 3 2 2 3 3 3 3 2 2 2 1 1 1 1 1 1 1 1 1 1 1 1 1 1 1 1 1 1 1 1 1 1 1 17 56 72 45 73 70 39 
249 249 249 249 249 249 249 249 249 249 249 249 249 249 249 250 249 250 249 237 156 51 21 10 8 5 4 3 2 2 3 3 3 3 2 2 2 1 1 1 1 1 1 1 1 1 1 1 1 1 1 1 1 1 1 1 1 1 1 2 18 56 72 39 61 60 35 
249 249 249 249 249 249 249 249 249 249 249 249 249 249 249 249 249 250 252 241 166 70 19 10 8 5 5 4 2 2 2 2 3 3 3 3 3 2 1 1 1 1 1 1 1 1 1 1 1 1 1 1 1 1 1 1 1 1 1 3 31 68 61 32 56 59 45 
249 249 249 249 249 249 249 249 249 249 249 249 249 249 249 249 248 250 253 243 195 99 15 10 8 7 6 6 3 3 2 2 3 3 3 2 2 2 1 1 1 1 1 1 1 1 1 1 1 1 1 1 1 1 1 1 1 1 1 4 39 75 54 29 56 61 60 
249 249 249 249 249 249 249 249 249 249 249 249 249 249 249 249 249 250 252 238 186 96 23 10 8 7 6 6 4 4 4 4 2 2 2 2 2 2 1 1 1 1 2 1 1 1 1 1 1 1 1 1 1 1 1 1 2 2 1 6 51 83 47 21 35 65 74 
249 249 249 249 249 249 249 249 249 249 249 249 249 249 249 249 249 250 249 223 149 62 17 10 8 7 6 6 4 4 4 4 2 2 2 2 2 2 1 1 1 1 2 2 1 1 1 1 1 1 1 1 1 1 1 1 2 2 2 11 51 78 37 18 19 47 65 
249 249 249 249 249 249 249 249 249 249 249 249 249 249 249 249 248 248 235 200 118 34 10 9 8 7 6 5 5 5 5 5 3 3 3 3 1 1 1 1 1 1 1 1 1 1 1 1 1 1 1 1 2 2 1 1 2 2 3 16 46 61 23 18 9 35 59 
249 249 249 249 249 249 249 249 249 249 249 249 249 249 249 249 248 248 226 191 109 31 10 10 7 5 5 5 5 5 5 5 3 3 3 3 1 1 1 1 1 1 1 1 1 1 1 1 1 1 1 1 2 2 1 1 1 3 6 23 48 51 12 17 10 37 68 
249 249 249 249 249 249 249 249 249 249 249 249 249 249 249 249 248 248 237 202 109 37 15 12 4 4 4 4 5 5 4 4 4 4 3 3 1 1 1 1 1 1 1 1 1 1 1 1 1 1 1 1 2 2 1 1 1 3 13 36 52 48 10 21 11 45 85 
249 249 249 249 249 249 249 249 249 249 249 249 249 249 249 249 248 248 240 202 108 37 17 11 3 3 4 3 5 4 4 4 4 4 3 3 1 1 1 1 1 1 1 1 1 1 1 1 1 1 1 1 2 2 1 1 2 3 15 41 60 50 10 24 14 57 100 
249 249 249 249 249 249 249 249 249 249 249 249 249 249 249 249 249 248 241 205 114 40 18 9 2 3 3 3 5 4 4 4 3 3 2 2 1 1 1 1 1 1 1 1 1 1 1 1 1 1 1 1 1 1 1 1 2 0 11 60 64 42 9 18 16 60 100 
249 249 249 249 249 249 249 249 249 249 249 249 249 249 249 249 249 248 244 216 139 59 18 8 3 3 3 3 5 5 4 4 3 3 2 2 1 1 1 1 1 1 1 1 1 1 1 1 1 1 1 1 1 1 1 1 1 2 38 92 53 15 9 21 17 46 73 
249 249 249 249 249 249 249 249 249 249 249 249 249 249 249 249 249 250 250 228 157 68 18 12 9 5 3 3 4 4 3 3 3 3 2 2 1 1 1 1 1 1 1 1 1 1 1 1 1 1 1 1 1 1 1 3 0 21 100 128 59 12 9 5 18 33 48 
249 249 249 249 249 249 249 249 249 249 249 249 249 249 249 248 249 251 254 244 178 86 29 21 14 8 5 5 5 4 4 4 3 3 2 2 1 1 1 1 1 1 1 1 1 1 1 1 1 1 1 1 1 1 1 4 0 32 130 172 72 9 14 6 10 22 46 
249 249 249 249 249 249 249 249 249 249 249 249 249 249 249 249 249 251 253 243 196 109 32 10 12 8 7 4 5 5 4 4 3 3 2 2 2 2 1 1 1 1 1 1 1 1 1 1 1 1 1 1 1 1 1 3 1 44 153 201 86 10 20 15 11 22 47 
249 249 249 249 249 249 249 249 249 249 249 249 249 249 249 249 249 250 250 242 216 143 47 8 11 8 7 4 5 5 4 4 3 3 2 2 2 2 2 1 1 1 1 1 1 1 1 1 1 1 1 1 1 1 1 1 0 54 163 196 86 11 24 16 11 21 48 
249 249 249 249 249 249 249 249 249 249 249 249 249 249 249 249 249 249 249 244 228 164 70 16 8 8 8 6 4 4 5 5 4 4 2 2 2 2 1 1 1 1 1 1 1 1 1 1 1 1 1 1 1 1 2 1 0 48 164 205 104 4 4 4 10 18 44 
249 249 249 249 249 249 249 249 249 249 249 249 249 249 249 250 249 249 248 249 239 177 84 24 11 8 6 5 4 4 5 5 4 4 2 2 2 2 1 1 1 1 1 1 1 1 1 1 1 1 1 1 1 1 2 0 2 55 165 215 118 17 10 8 10 16 38 
249 249 249 249 249 249 249 249 249 249 249 249 249 249 249 249 249 249 248 251 247 195 97 37 23 10 6 5 4 4 4 4 4 4 3 3 3 3 3 2 2 2 2 2 1 1 1 1 1 1 1 1 1 1 1 0 8 48 149 222 145 38 15 10 11 12 30 
249 249 249 249 249 249 249 250 249 249 249 249 249 249 249 249 249 249 248 250 247 217 127 50 22 11 5 5 4 4 4 4 5 4 3 3 3 3 3 2 2 2 2 2 1 1 1 1 1 1 1 1 1 1 2 0 4 25 130 225 169 54 5 10 11 10 22 
249 249 249 249 249 249 249 249 249 249 249 249 249 249 249 249 248 248 248 248 248 229 134 42 17 10 5 4 3 3 3 4 4 4 3 3 3 3 3 2 2 2 2 2 1 1 1 1 1 1 1 1 1 1 2 1 3 2 89 183 173 79 9 10 10 9 16 
249 249 249 250 250 249 250 249 249 248 249 249 249 249 248 249 248 248 247 248 247 226 138 42 14 9 4 4 3 3 3 4 4 4 3 3 3 3 3 2 2 2 2 2 1 1 1 1 1 1 1 1 1 1 1 1 10 1 61 145 164 86 18 10 12 9 14 
248 248 247 245 245 247 249 249 249 248 249 249 249 249 249 249 248 248 248 248 248 223 150 49 10 8 4 4 4 4 3 4 5 5 3 3 3 3 2 2 2 2 2 1 1 1 1 1 1 1 1 1 1 1 1 2 12 3 28 96 150 102 34 12 15 8 11 
248 248 244 242 240 242 247 249 249 248 249 249 249 249 249 249 248 248 248 248 248 229 163 66 15 10 5 4 4 4 3 4 5 5 3 3 3 3 2 2 2 2 2 2 1 1 1 1 1 1 1 1 1 1 3 5 5 8 15 65 144 109 39 9 19 8 9 
247 248 247 243 240 241 245 249 249 249 249 249 249 249 249 249 248 248 248 248 247 234 181 84 22 9 8 7 4 4 3 3 3 4 3 3 2 2 2 1 1 1 1 1 1 1 1 1 1 1 1 1 1 1 2 2 3 5 8 36 111 111 53 8 26 8 9 
248 248 247 247 245 245 248 249 249 249 249 249 249 249 249 249 248 248 248 248 247 238 207 123 38 8 11 9 2 5 4 3 3 3 3 3 2 2 2 1 1 1 1 1 1 1 1 1 1 1 1 1 1 1 1 1 1 4 9 24 93 102 57 12 25 10 10 
248 248 248 249 249 248 248 249 248 249 249 249 249 249 249 249 248 248 248 248 248 242 220 152 58 10 11 11 1 4 4 4 3 3 3 3 2 1 1 1 2 2 2 2 1 1 1 1 1 1 1 1 2 2 2 1 1 3 9 10 54 84 67 26 24 13 10 
248 248 248 248 248 248 248 249 248 249 249 249 249 248 248 249 248 248 248 248 248 247 231 167 77 16 5 8 1 2 3 4 3 3 3 3 2 2 1 1 2 2 2 2 1 1 1 1 1 1 1 1 2 2 2 2 2 2 5 1 30 72 77 36 20 15 10 
248 248 248 247 247 248 248 248 249 249 249 249 249 248 249 249 248 248 249 249 248 243 243 220 145 59 12 9 10 2 2 3 4 3 2 2 2 1 1 1 2 2 2 2 1 1 1 1 1 1 1 1 2 2 3 4 4 2 2 5 34 65 57 37 18 13 8 
248 247 247 247 247 247 248 248 249 249 249 249 249 248 249 249 248 248 249 249 250 249 249 238 172 80 20 9 7 2 2 3 4 3 2 2 2 1 1 1 2 2 2 2 1 1 1 1 1 1 1 1 2 2 3 4 3 1 2 4 25 57 58 39 12 15 8 
248 247 247 247 247 245 245 247 248 248 248 248 248 248 249 249 248 249 249 249 250 249 250 249 200 106 35 16 8 3 2 3 3 3 2 2 2 1 1 1 2 2 2 2 1 1 1 1 1 1 1 1 2 2 3 4 3 1 1 4 9 48 61 47 6 15 11 
248 247 248 248 247 245 245 247 248 248 248 248 248 248 249 249 249 249 249 249 250 249 250 249 215 143 61 17 8 3 2 3 3 3 2 2 2 2 1 1 2 2 2 2 1 1 1 1 1 1 1 1 2 2 3 4 3 1 1 4 1 40 61 51 3 14 15 
248 248 248 247 248 248 248 248 248 248 248 248 248 248 249 249 249 249 249 249 250 250 250 250 237 180 87 25 9 4 3 4 3 3 2 2 2 2 1 1 2 2 2 2 1 1 1 1 1 1 1 1 2 2 2 3 1 1 1 6 0 30 57 46 9 9 18 
248 248 248 248 248 248 249 248 248 248 248 248 248 248 249 249 248 249 249 249 250 250 249 251 247 199 103 43 22 5 2 5 3 2 3 2 2 2 2 1 2 2 2 2 1 1 1 1 1 1 1 1 2 2 2 3 1 1 1 6 0 23 56 51 18 9 18 
248 248 248 248 248 247 248 248 249 249 248 248 248 248 249 249 248 249 249 249 249 250 250 251 245 214 132 57 25 8 4 4 3 3 3 3 1 1 2 1 1 1 1 1 1 1 1 1 1 1 1 1 1 1 1 1 1 1 2 6 0 17 58 65 40 10 6 
248 248 248 248 247 247 248 248 249 249 248 248 248 248 249 249 249 249 249 249 250 250 250 251 246 234 175 79 21 12 13 6 4 3 3 2 1 1 1 1 1 1 1 1 1 1 1 1 1 1 1 1 1 1 1 1 1 1 2 6 1 15 58 71 51 10 6 
247 247 247 247 248 247 248 248 249 248 248 248 248 249 248 248 249 249 249 249 249 249 250 250 249 247 200 107 30 7 8 7 4 3 2 2 1 1 1 1 1 1 1 1 1 1 1 1 1 1 1 1 1 1 1 1 2 2 3 6 2 16 64 120 49 4 16 
248 248 248 248 248 248 248 248 249 249 249 249 249 249 249 249 249 249 249 249 249 249 250 250 250 247 220 156 72 22 14 6 4 4 3 2 1 1 1 1 1 1 1 1 1 1 1 1 1 1 1 1 1 1 1 1 2 2 3 5 3 16 68 125 75 15 14 
248 248 248 248 248 248 249 249 249 249 249 249 249 249 249 249 249 249 249 249 249 249 251 251 251 250 242 198 100 29 16 8 6 6 2 2 1 1 1 1 1 1 1 1 1 1 1 1 1 1 1 1 1 1 1 1 2 3 4 4 4 18 86 145 94 19 4 
248 248 247 244 244 247 248 249 249 249 249 249 249 249 249 249 249 249 249 249 249 249 251 251 251 250 245 213 122 44 15 8 8 6 2 2 1 1 1 1 1 1 1 1 1 1 1 1 1 1 1 1 1 1 1 1 2 2 4 6 4 32 114 182 146 48 15 
247 245 241 237 238 243 247 247 249 249 249 249 249 249 249 249 249 249 249 249 249 249 250 250 250 250 246 230 170 73 15 8 8 5 3 2 2 2 1 1 1 1 1 1 1 1 1 1 1 1 1 1 1 1 1 1 2 3 5 8 4 34 135 214 185 71 24 
241 240 240 238 240 243 247 247 249 249 249 249 249 249 249 249 249 249 249 249 249 249 250 250 250 249 247 243 200 114 40 12 7 8 3 2 2 2 1 1 1 1 1 1 1 1 1 1 1 1 1 1 1 1 1 1 2 3 4 8 4 37 142 227 162 54 17 
231 241 245 245 247 247 248 249 249 249 249 249 249 249 249 249 249 249 249 249 249 249 250 250 250 249 249 252 224 146 67 22 7 8 5 3 2 2 1 1 1 1 2 2 2 2 1 1 1 1 1 1 1 1 1 1 1 1 2 7 4 40 149 231 159 52 9 
233 245 248 248 248 248 249 249 249 249 249 249 249 249 249 249 249 249 249 249 249 249 250 250 250 249 249 250 231 177 95 28 9 10 5 3 3 2 1 1 1 1 2 2 2 2 1 1 1 1 1 1 1 1 1 1 1 1 2 8 7 45 163 231 179 82 22 
247 248 249 249 249 248 249 249 250 249 249 249 249 249 249 249 249 249 249 249 249 249 249 250 250 249 248 247 240 207 127 50 17 11 7 4 3 1 1 1 2 2 2 2 2 2 1 1 1 1 1 1 1 1 1 1 1 1 0 9 11 81 187 247 217 125 44 
249 249 249 249 248 248 249 249 249 249 249 249 249 249 249 249 249 249 249 249 249 249 250 250 250 250 249 247 246 233 162 74 25 12 8 4 2 2 1 1 2 2 2 2 2 2 1 1 1 1 1 1 1 1 1 1 1 0 0 6 5 64 167 242 242 169 75 
249 248 248 248 249 249 249 249 249 249 249 249 249 249 249 249 249 249 249 249 249 249 250 250 250 251 250 249 252 251 194 106 39 15 9 3 2 2 1 1 2 2 2 2 2 2 1 1 1 1 1 1 1 1 1 1 1 0 2 8 2 49 153 240 249 226 152 
249 249 249 248 249 249 249 249 249 249 249 249 249 249 249 249 249 249 249 249 249 249 250 250 250 251 252 250 252 252 217 141 58 19 11 5 3 3 1 1 2 2 2 2 2 2 1 1 1 1 1 1 1 1 1 1 1 1 3 8 1 40 146 238 250 252 224 
249 250 251 249 248 249 249 249 249 249 249 249 249 249 249 249 249 249 249 249 249 249 250 250 250 251 250 250 252 247 231 179 88 35 15 7 4 4 2 1 2 2 2 2 2 2 1 1 1 1 1 1 1 1 1 1 1 1 3 8 3 31 136 235 249 254 244 
249 250 252 250 250 248 249 249 249 249 249 249 249 249 249 249 249 249 249 249 249 249 250 250 250 250 249 250 248 244 241 200 128 54 17 9 5 3 3 1 2 2 2 2 2 2 1 1 1 1 1 1 1 1 1 1 1 1 3 8 4 24 124 227 245 250 212 
249 249 249 249 249 248 248 249 249 249 249 249 249 249 249 249 249 249 249 249 249 249 249 250 250 249 249 249 247 240 246 234 163 74 21 12 7 4 4 2 1 1 2 2 2 2 1 1 1 1 1 1 1 1 1 1 1 1 3 8 4 17 117 217 240 215 143 
248 245 243 243 248 248 248 248 248 248 248 248 248 248 248 249 249 249 249 249 249 249 249 250 250 249 249 249 247 240 243 240 205 117 35 12 7 4 4 3 2 2 2 2 2 2 2 1 1 1 1 1 1 1 1 1 1 1 4 8 7 10 106 217 251 196 97 
247 243 238 240 248 248 248 248 248 248 248 248 248 248 248 249 249 249 249 249 249 249 249 249 249 249 248 248 247 248 249 249 212 127 57 25 8 5 3 2 1 1 1 1 2 2 1 1 1 1 1 1 1 1 1 0 1 1 4 9 8 18 85 201 215 103 44 
248 248 245 245 248 248 249 249 248 248 248 248 248 248 248 249 249 249 249 249 249 249 249 249 249 249 249 249 248 248 249 249 234 164 82 30 9 7 3 2 2 2 1 1 2 2 1 1 1 1 1 1 1 1 1 1 1 1 3 9 6 18 95 180 157 75 39 
249 250 250 250 249 248 248 248 247 247 247 247 247 248 248 248 248 249 249 249 249 249 249 249 249 249 249 249 249 249 248 249 251 203 114 39 10 9 4 3 2 2 1 1 2 2 1 1 1 1 1 1 1 1 1 1 1 1 1 3 4 10 46 85 101 46 31 
249 249 249 249 248 248 248 248 247 247 247 247 247 248 248 248 248 249 249 249 249 249 249 249 249 249 249 249 249 249 248 249 252 234 156 60 14 8 4 3 2 2 2 1 2 2 1 1 1 1 1 1 1 1 1 1 1 1 1 2 4 9 22 38 68 28 22 
249 249 249 249 248 248 248 248 247 247 247 247 247 248 248 248 248 249 249 249 249 249 249 249 249 249 249 249 249 249 248 248 251 241 153 58 26 5 4 3 3 2 3 2 1 1 1 1 1 1 1 1 1 1 1 1 1 1 1 1 2 8 12 26 48 25 19 
247 248 247 248 248 248 248 248 247 247 247 247 247 248 248 248 248 249 249 249 249 249 249 250 249 249 249 249 249 249 249 249 250 247 186 84 36 9 4 3 3 2 3 2 1 1 1 1 1 1 1 1 1 1 1 2 2 1 1 1 2 4 9 24 36 20 24 
247 247 247 248 248 248 248 248 247 247 247 247 247 248 248 248 248 249 249 249 249 249 249 249 249 249 249 249 249 249 249 249 250 248 213 122 54 14 4 4 4 3 2 2 2 2 1 1 1 1 1 1 1 1 1 2 2 1 1 1 2 3 5 16 33 22 24 
247 247 248 248 248 249 249 249 248 248 248 248 248 248 248 248 249 249 249 249 249 249 249 249 249 249 249 249 249 249 249 249 248 246 224 134 54 17 5 4 4 3 2 2 2 2 1 1 1 1 1 1 1 1 1 2 2 1 1 1 2 3 5 15 29 23 24 
247 247 247 248 248 248 248 248 248 248 248 249 249 249 249 249 249 249 249 249 249 249 249 249 248 248 248 249 249 249 249 249 249 243 207 109 28 16 8 5 3 3 2 2 2 2 1 1 1 1 1 1 1 1 2 2 1 1 1 1 2 3 8 19 27 31 26 
247 247 247 248 248 248 248 248 248 248 248 249 249 249 249 249 249 249 249 249 249 249 249 250 248 249 250 250 250 250 249 249 248 241 200 114 25 9 12 5 3 3 2 2 2 2 1 1 1 1 1 1 1 1 2 2 1 1 1 1 3 3 9 19 25 32 30 
248 248 248 248 248 248 248 248 248 248 248 249 249 249 249 249 249 249 249 249 249 249 249 250 249 250 250 250 250 250 249 249 248 242 209 129 33 9 12 8 3 2 2 2 1 1 1 1 1 1 1 1 1 1 3 3 2 2 2 2 4 4 11 20 25 30 30 
248 248 248 248 248 248 248 248 248 248 248 249 249 249 249 249 249 249 249 249 249 249 250 250 249 249 250 250 249 249 249 249 248 245 222 136 49 19 11 9 4 2 2 2 1 1 1 1 1 1 1 1 1 1 2 2 2 3 2 3 4 4 13 20 24 26 29 
248 248 248 248 248 248 248 248 248 248 248 249 249 249 249 249 249 249 249 249 249 249 249 249 248 248 248 249 248 248 247 248 247 244 210 121 43 9 10 9 5 3 1 2 1 1 1 1 0 0 1 1 1 1 2 2 2 2 2 3 5 6 15 20 23 24 25 
248 248 248 248 248 248 248 248 248 248 248 249 249 249 249 249 249 249 249 249 249 249 248 248 247 247 245 245 247 247 247 247 244 241 224 170 80 22 12 9 4 3 1 2 1 1 1 1 0 0 1 1 1 1 2 3 3 3 4 4 6 9 16 22 22 23 22 
249 248 248 248 249 249 248 248 248 248 248 249 249 249 249 249 249 249 249 249 249 249 249 248 244 242 244 245 247 247 247 245 244 241 242 216 123 43 19 11 3 2 1 1 1 1 1 1 2 2 2 3 2 2 3 3 5 7 7 7 9 10 15 20 22 23 21 
249 249 248 249 249 249 249 247 248 248 248 248 247 248 248 248 249 249 249 248 249 249 249 248 243 243 245 244 248 247 245 244 244 242 245 228 145 63 29 15 9 2 1 1 1 1 1 1 2 2 3 3 3 3 4 5 8 9 9 9 11 11 15 19 23 24 21 
249 249 245 248 250 251 249 249 248 247 247 245 244 245 245 245 245 245 248 249 250 251 250 250 248 249 250 251 248 248 247 247 244 243 247 242 181 99 37 14 11 4 3 2 2 2 3 3 3 3 3 4 4 4 5 5 9 10 11 11 11 11 14 19 22 24 20 
249 247 238 240 245 236 234 233 233 233 230 228 224 221 220 223 227 229 233 236 238 241 243 243 242 242 242 244 247 248 247 247 245 245 245 250 192 103 36 11 9 8 5 5 5 4 5 7 5 5 7 8 7 7 7 8 10 10 11 11 11 11 14 19 22 23 18 
238 230 215 201 194 166 152 152 153 155 153 152 146 142 142 146 149 150 155 160 165 167 173 177 179 179 181 184 192 200 208 211 210 210 214 220 184 106 39 19 4 12 11 11 10 9 9 9 10 10 11 11 10 10 10 11 12 12 13 13 12 12 14 19 22 22 15 
238 228 205 184 169 137 121 120 104 95 87 80 75 70 70 71 70 67 68 73 75 78 82 88 92 96 99 101 108 118 123 126 129 131 141 149 146 100 44 25 21 16 15 12 10 11 10 10 10 10 11 11 11 11 11 11 12 12 12 12 12 12 12 21 24 23 17 
247 247 241 228 217 207 199 192 173 159 142 127 99 90 84 81 79 77 74 70 74 73 71 73 75 75 77 72 68 75 77 75 80 85 93 100 99 73 39 26 29 22 17 14 12 11 10 10 11 11 11 10 11 11 12 12 11 11 12 12 12 12 14 22 28 24 18 
249 250 251 251 248 249 251 248 246 244 233 220 188 180 166 162 160 160 159 150 167 164 153 146 158 149 146 137 129 124 123 107 114 107 104 108 109 92 65 47 28 24 18 15 12 10 10 10 10 11 11 11 11 11 12 12 11 11 12 12 13 13 14 22 28 26 19 
248 249 249 249 247 248 248 248 249 252 252 250 242 234 229 227 226 228 231 234 236 236 234 233 231 229 227 221 217 207 193 194 196 189 181 179 182 166 128 92 50 31 18 15 13 11 10 9 10 10 11 11 12 12 11 11 11 11 12 12 12 12 15 21 29 29 20 
247 247 248 248 247 245 243 243 243 245 248 251 251 251 249 249 248 249 248 249 248 247 246 247 246 246 243 243 243 243 240 240 243 240 237 237 236 228 208 150 103 68 37 21 15 12 10 9 10 10 10 11 12 12 11 11 12 12 12 14 14 14 15 19 31 31 20 
247 248 247 248 247 247 247 247 247 248 250 250 247 247 247 248 247 247 245 245 245 247 247 248 249 249 249 249 249 249 249 250 248 247 247 247 246 244 243 246 123 103 68 37 21 11 9 10 11 11 10 12 12 12 12 12 13 13 16 16 15 16 17 22 33 31 22 
245 245 245 247 247 247 248 248 247 247 249 249 247 247 248 248 248 247 247 247 247 247 247 248 248 248 248 248 248 248 248 248 246 246 247 248 248 248 248 244 207 179 146 84 30 15 11 10 12 12 11 12 12 12 13 12 13 13 16 16 16 17 19 23 33 31 22 
245 245 247 248 248 248 249 249 248 249 249 249 248 248 249 249 248 248 247 247 248 249 249 249 249 248 248 248 248 249 249 249 248 248 248 249 248 248 247 247 241 229 214 130 45 19 16 12 12 12 14 12 12 12 12 14 14 15 15 16 17 18 20 24 31 29 20 
248 248 248 248 249 249 249 249 249 249 248 248 247 248 249 249 248 248 247 248 249 249 248 248 248 248 248 248 248 248 248 249 249 249 249 249 248 248 246 248 243 235 236 157 63 21 17 14 14 14 15 12 14 14 14 12 14 14 16 16 17 19 22 24 29 28 19 
249 248 247 247 248 249 249 249 248 248 248 248 247 247 248 248 249 249 249 249 249 249 249 249 249 248 248 248 249 249 248 249 249 249 249 249 249 249 247 250 240 229 227 157 67 15 12 13 14 14 15 12 15 15 15 13 15 15 16 17 19 22 25 25 29 28 18 
248 248 247 247 248 248 248 249 249 249 249 249 248 248 249 249 249 249 249 249 249 249 249 249 249 248 248 248 249 249 248 249 249 249 249 249 249 248 247 248 246 235 224 157 65 10 9 12 12 14 15 14 15 15 15 15 15 17 18 21 23 25 26 24 29 28 18 
248 248 247 247 248 248 248 249 249 249 249 249 249 249 249 249 248 248 248 249 249 248 248 248 249 248 248 248 248 248 248 249 249 249 249 249 249 248 248 248 247 238 224 142 57 16 9 11 13 13 14 12 12 12 12 14 15 17 19 21 22 24 25 19 33 27 18 
249 249 248 247 249 249 249 249 249 248 249 248 249 249 248 248 248 248 248 249 249 248 248 248 249 248 249 248 249 248 248 249 249 249 249 249 249 249 248 248 246 242 200 113 46 17 10 10 12 11 11 11 11 11 12 14 16 18 21 19 21 23 23 16 36 26 19 
249 249 248 248 248 249 249 249 249 249 249 248 249 249 248 248 248 248 248 248 248 248 248 248 248 248 249 249 249 249 249 248 248 248 249 249 249 249 249 248 245 244 206 108 36 17 10 9 9 9 8 9 10 10 12 14 16 18 21 21 22 22 23 22 23 24 20 
249 249 248 248 249 249 249 249 248 249 249 248 249 249 248 248 248 248 248 248 249 248 248 249 249 248 249 249 248 249 249 249 249 249 249 249 249 249 249 248 247 247 198 99 33 14 11 9 8 8 7 7 9 9 11 12 15 18 22 23 24 24 26 26 24 23 17 
249 249 249 250 250 249 249 249 248 249 249 248 249 249 249 249 249 248 248 248 249 249 249 250 250 249 249 249 248 249 249 249 249 249 249 249 250 250 250 249 248 236 182 89 36 15 8 8 7 7 5 7 7 8 10 12 14 18 23 26 30 32 31 32 29 23 15 
248 248 248 250 248 248 248 248 248 248 248 247 249 249 249 249 249 249 249 249 249 249 249 249 250 249 249 249 249 248 249 250 249 249 249 250 251 250 250 249 248 217 142 45 19 12 9 7 7 7 7 7 8 8 11 14 15 17 21 24 25 28 30 35 25 18 11 
247 247 247 248 245 245 245 245 245 247 247 247 248 248 248 249 249 249 249 249 249 249 249 249 249 249 249 249 250 250 244 245 248 250 251 250 251 250 249 247 247 200 108 26 10 8 8 8 7 7 7 8 8 9 11 12 14 15 17 18 21 29 29 35 23 14 6 
249 249 248 247 245 245 245 244 247 247 245 247 248 248 248 248 249 248 248 247 247 248 248 248 249 249 248 249 248 248 245 247 248 250 251 250 251 251 250 249 241 173 80 16 10 8 8 8 7 7 7 8 8 9 11 12 14 15 16 17 25 38 26 36 21 10 5 
249 248 247 245 245 245 245 247 247 247 245 247 248 248 248 249 249 248 247 247 248 248 248 249 249 249 248 248 245 249 249 249 249 249 250 249 249 250 249 250 231 142 59 14 9 8 7 7 7 7 7 8 8 9 10 11 12 14 16 18 25 39 24 31 19 9 5 
247 247 245 245 245 247 247 245 247 248 248 247 247 249 249 249 248 248 248 247 245 245 245 247 248 248 249 249 247 249 250 250 249 249 249 248 249 249 248 238 206 111 45 17 8 8 8 8 8 7 7 8 8 9 9 10 11 14 17 19 26 36 25 30 18 9 6 
248 248 248 248 248 248 247 245 247 248 248 249 249 249 249 249 248 248 248 247 243 243 244 247 248 248 249 249 248 249 248 248 249 249 249 248 248 248 248 246 212 129 52 19 9 7 8 8 7 7 7 7 7 7 9 11 10 12 16 18 26 32 26 28 19 10 7 
248 248 248 250 250 248 244 243 245 249 248 249 249 249 250 249 248 248 247 247 245 243 244 247 248 248 248 248 249 249 248 248 248 248 248 248 248 247 247 236 181 85 25 17 9 8 8 8 7 7 7 7 7 7 10 11 11 12 15 19 25 30 28 26 18 10 7 
248 249 248 249 250 249 245 243 244 247 248 247 247 247 247 248 247 245 247 248 248 248 248 248 247 247 247 248 249 250 249 249 249 248 248 249 248 248 244 228 155 53 11 11 10 8 8 8 7 7 7 7 7 7 10 12 12 13 15 19 28 32 30 30 16 8 8 
248 249 248 248 250 250 248 247 245 247 245 244 240 238 238 242 244 245 247 248 248 248 248 248 248 247 247 247 247 248 248 249 249 249 249 249 248 248 247 207 120 35 9 10 9 8 8 8 7 7 7 8 7 8 10 12 12 15 16 18 26 30 31 26 17 10 9 
247 247 245 243 243 247 245 245 248 248 244 243 241 238 240 242 243 245 248 248 248 248 248 248 247 247 247 245 247 247 248 248 249 249 249 249 248 248 253 167 80 28 9 9 8 8 7 7 8 7 7 7 8 8 9 10 11 14 17 19 26 28 26 24 17 11 9 
245 242 241 240 240 243 245 244 249 249 249 247 245 247 247 247 247 247 248 248 248 248 248 248 245 244 244 247 248 247 248 248 249 249 250 250 248 245 234 134 57 24 8 7 8 8 7 7 8 8 8 5 9 9 9 10 11 14 16 19 24 24 22 23 14 10 10 
247 244 243 244 244 245 247 247 248 249 249 248 248 248 248 248 249 248 248 248 248 248 248 248 248 248 247 248 248 249 249 248 250 250 251 250 248 242 198 107 38 17 8 8 8 8 7 7 8 8 8 7 9 10 10 11 12 15 16 19 23 20 20 23 15 11 9 
248 248 248 248 247 248 248 248 248 249 248 249 249 248 248 249 249 248 248 248 248 248 248 248 248 249 249 247 248 248 248 248 251 251 251 250 246 230 163 79 22 11 8 8 8 8 7 7 8 8 8 7 9 11 11 14 14 16 17 19 24 24 19 22 17 11 10 
248 248 249 248 248 248 249 248 248 248 248 248 248 248 248 248 248 248 248 248 248 248 248 248 248 248 248 247 247 247 248 249 249 250 252 249 237 199 118 51 12 9 8 8 7 7 7 8 7 7 7 8 10 11 12 14 15 17 19 21 25 33 16 0 19 11 9 
248 247 248 247 247 247 249 248 248 248 248 248 248 248 248 248 248 248 248 248 248 248 248 248 248 248 247 247 247 247 248 249 249 249 250 244 223 164 79 29 10 9 8 8 7 5 5 7 7 7 8 8 10 11 14 16 18 22 23 25 24 22 14 14 19 10 9 
248 247 247 247 247 247 249 249 248 248 248 248 248 248 248 248 248 248 248 248 248 248 248 248 248 247 247 247 245 248 248 248 247 244 241 235 206 120 53 18 8 8 7 7 5 5 5 5 7 7 9 9 10 12 17 19 21 24 29 26 23 19 10 21 19 12 16 
248 247 247 247 247 248 248 249 248 248 248 248 248 248 248 248 249 249 249 249 249 249 249 249 249 249 249 249 248 249 248 248 247 243 230 223 171 70 30 12 8 5 5 4 5 4 5 5 5 7 9 9 11 13 19 22 23 25 31 26 27 29 18 14 16 16 15 
244 245 247 248 248 248 248 248 248 248 248 248 248 248 248 249 249 249 249 249 249 249 249 249 249 249 249 249 250 248 247 247 247 243 236 200 139 52 14 4 8 5 4 4 4 5 5 7 7 8 10 10 11 15 18 22 24 26 38 38 46 115 113 84 40 25 11 
245 245 247 248 248 247 249 249 247 248 248 248 248 248 248 249 249 249 249 249 249 249 249 249 249 249 250 250 250 250 249 250 249 243 217 163 91 43 15 7 5 6 5 5 5 5 7 7 8 9 10 11 11 15 18 22 23 26 39 50 123 196 203 165 83 38 18 
248 248 248 248 248 248 249 249 248 248 248 248 248 248 248 249 249 249 249 249 249 249 249 249 249 249 250 250 249 249 249 248 250 237 174 112 49 28 18 16 12 11 8 7 5 7 7 8 8 9 11 12 12 15 18 21 23 29 43 61 163 229 233 198 123 50 26 
248 248 248 248 248 248 248 249 249 249 248 248 248 248 248 248 249 249 249 249 249 249 249 250 250 250 250 250 248 248 248 248 243 212 129 73 32 23 18 17 15 12 8 7 5 7 8 8 9 10 12 12 14 18 22 24 24 31 48 79 187 252 247 205 131 56 30 
248 248 248 249 249 248 248 248 248 248 248 248 248 248 248 248 247 247 247 247 248 248 249 249 249 249 250 250 247 247 247 246 236 189 106 54 31 19 18 16 11 10 8 7 5 7 8 9 9 11 14 15 15 17 19 23 23 33 49 118 223 241 254 249 145 65 32 
249 248 249 250 250 248 249 249 249 248 248 248 248 248 248 248 247 247 247 247 248 248 248 249 250 250 250 250 247 248 247 246 222 150 75 36 22 18 16 13 9 9 7 7 7 7 8 9 10 11 14 15 15 16 17 19 16 38 47 129 245 253 247 228 129 60 30 
250 250 250 250 250 249 249 250 249 248 248 248 248 248 248 248 248 247 247 248 248 249 249 249 250 250 249 249 251 250 247 243 201 114 56 26 18 15 13 11 10 9 7 7 7 7 8 10 10 12 15 15 15 16 18 19 19 40 61 151 247 249 220 167 95 46 23 
248 245 242 242 245 247 248 249 248 248 248 248 248 248 248 248 248 248 249 248 249 249 249 250 249 249 249 249 251 248 247 229 163 80 40 25 18 15 13 11 9 9 9 8 7 8 9 10 11 14 16 16 16 19 22 24 25 43 73 167 245 248 205 137 55 30 11 
244 237 229 227 235 238 247 248 248 248 248 248 248 248 248 248 248 248 249 249 249 249 249 250 250 249 249 249 248 247 240 191 112 51 32 24 18 16 13 11 10 9 8 8 5 8 9 10 11 12 15 15 17 22 26 30 30 41 54 134 245 254 166 81 40 21 11 
245 240 234 235 238 241 247 248 248 248 248 248 248 248 248 248 248 248 248 249 249 249 249 249 250 250 249 249 250 249 226 150 76 36 29 23 17 15 12 11 10 9 7 7 7 8 9 11 11 12 14 15 17 21 25 39 34 40 61 138 235 244 148 73 23 16 9 
248 247 244 247 245 247 247 249 248 248 248 248 248 248 248 248 248 248 248 248 249 249 250 249 249 249 249 249 249 241 199 114 52 26 24 22 17 16 12 11 11 10 8 9 9 10 9 11 11 12 15 16 17 19 22 38 38 38 61 146 217 206 113 56 12 11 5 
249 248 248 248 248 247 248 249 248 249 249 249 249 249 249 248 248 248 248 247 242 241 242 245 249 249 249 249 248 226 164 79 36 23 22 21 17 16 14 12 11 11 10 10 10 10 10 11 14 14 16 16 17 19 23 28 39 42 57 165 213 184 93 44 10 8 4 
248 249 248 249 247 247 247 249 249 248 248 247 247 247 247 247 248 248 248 245 237 235 237 244 247 248 249 249 248 234 164 77 35 28 23 19 18 17 15 14 12 12 12 11 12 11 11 12 14 14 15 15 17 19 24 30 39 38 102 172 209 143 47 15 8 7 4 
248 248 247 248 245 244 245 241 230 227 229 234 238 241 243 247 248 248 248 247 242 241 243 247 248 249 249 249 249 230 156 67 31 31 24 21 18 17 16 15 15 15 14 14 13 13 12 14 15 15 15 16 17 19 23 29 43 57 122 184 207 134 43 14 5 5 4 
247 247 247 245 244 242 237 222 208 207 213 225 234 238 241 245 248 247 248 247 248 248 249 249 250 249 249 249 249 228 145 64 31 31 26 22 20 18 17 17 18 18 17 17 16 16 16 15 15 15 16 16 18 21 25 31 41 85 160 205 202 116 33 11 2 4 4 
245 241 240 236 236 235 233 224 220 222 229 236 238 241 245 247 248 248 249 248 249 249 249 249 249 249 249 248 249 227 136 58 31 33 26 24 22 20 19 18 20 20 19 18 17 16 16 16 15 15 16 17 18 22 27 33 40 96 182 214 185 99 26 10 3 4 4 
242 231 229 231 234 237 241 243 243 245 247 246 246 247 248 249 249 249 248 248 249 249 250 250 249 249 249 249 250 228 138 57 29 35 26 24 23 20 19 19 20 20 19 19 18 17 16 16 17 17 18 19 20 24 30 37 47 113 204 207 148 70 17 9 7 5 5 
243 234 231 238 241 244 247 248 248 248 248 247 248 247 248 249 249 249 249 248 249 249 250 249 250 249 249 249 250 230 148 65 32 35 30 25 23 20 19 21 22 20 19 19 18 18 17 17 18 19 22 23 25 29 32 41 72 142 220 200 124 49 16 10 5 7 5 
247 245 245 247 245 247 248 249 249 249 249 249 249 249 249 249 249 249 249 249 249 249 249 249 250 249 249 249 250 230 150 67 36 35 29 25 23 21 21 21 21 19 20 19 18 18 19 19 19 21 25 27 26 30 36 49 101 180 224 172 89 40 18 9 7 5 5 
248 248 248 247 247 247 248 249 249 249 249 249 248 248 249 249 249 249 249 249 249 249 249 249 250 250 250 249 250 229 144 60 30 35 30 26 24 22 21 22 22 21 20 20 18 18 19 21 22 23 26 29 29 35 44 60 138 212 228 141 63 35 22 10 7 7 7 
249 249 249 248 247 248 247 248 248 248 248 248 248 249 249 248 249 249 249 249 249 249 249 249 250 249 250 248 250 242 169 72 33 36 29 25 24 23 21 21 21 21 21 19 19 19 21 21 22 23 27 32 33 40 53 81 155 172 178 120 65 28 22 12 7 7 7 
248 248 248 248 248 248 248 248 248 248 248 249 248 249 249 249 249 249 249 249 249 249 249 249 249 249 249 247 249 232 151 67 36 34 26 24 23 23 21 21 21 21 21 21 21 21 22 23 24 25 30 38 46 57 73 114 122 117 107 67 40 15 17 11 9 8 7 
248 248 248 248 249 249 248 248 248 248 248 249 249 249 249 250 249 249 249 249 249 249 249 249 249 249 249 245 248 235 163 81 35 30 24 24 23 23 23 22 21 21 21 22 23 24 24 25 27 30 31 38 59 71 97 152 102 85 60 28 18 10 14 11 10 9 9 
249 249 249 249 249 249 249 249 249 249 249 249 249 249 249 250 249 249 249 249 249 249 249 249 249 248 248 247 247 243 186 100 33 29 23 24 24 23 24 22 21 19 21 21 24 25 26 28 30 33 40 50 74 101 149 203 128 108 78 32 14 10 10 10 9 9 10 
249 249 249 249 249 249 249 249 249 249 249 249 249 249 249 249 249 249 249 249 249 249 249 249 249 248 248 248 247 247 199 111 39 30 23 25 26 25 26 23 20 19 19 19 19 21 28 31 37 43 51 64 103 151 205 241 201 192 150 80 35 22 10 8 8 9 11 
249 249 249 249 249 249 249 249 249 249 249 250 250 250 249 249 249 249 249 249 250 250 249 249 249 248 248 248 246 248 219 137 49 39 28 30 31 31 29 24 24 22 20 19 21 23 31 39 44 46 61 80 150 205 241 245 244 245 199 120 56 29 15 4 12 12 13 
249 249 249 249 249 249 249 249 248 249 249 250 250 250 249 249 249 249 249 249 250 250 249 249 249 248 249 248 247 248 229 155 63 44 32 33 32 31 30 25 24 23 23 24 28 31 40 48 44 60 89 136 205 241 247 249 253 253 222 142 68 39 25 14 18 19 18 
249 249 249 249 249 249 249 249 248 249 249 250 250 250 250 249 250 250 250 249 250 250 249 249 249 249 250 249 247 247 237 186 92 53 43 37 35 32 32 27 26 28 31 35 37 42 46 48 68 95 136 192 236 249 249 249 247 245 214 137 69 41 30 17 20 19 20 
249 249 249 249 249 249 249 249 248 249 249 249 250 250 249 249 249 249 250 250 250 250 250 250 249 249 249 249 249 248 243 212 162 90 52 32 35 35 34 31 29 30 36 40 42 45 51 53 90 128 181 231 249 250 250 248 249 249 236 174 80 39 31 18 18 22 23 
249 249 249 249 249 249 249 250 249 249 249 249 250 250 249 249 249 249 250 250 250 250 249 249 249 249 249 249 248 247 247 227 199 130 70 51 45 44 43 39 37 38 43 46 47 51 67 88 149 193 235 249 249 249 250 250 249 248 220 150 74 37 33 22 28 30 31 
249 249 249 249 249 249 250 251 251 250 250 249 250 250 249 248 249 249 250 250 250 250 249 249 249 249 249 249 248 247 248 237 222 172 112 82 50 47 46 43 43 44 49 46 64 79 109 144 201 236 252 248 250 251 251 251 249 247 206 124 60 35 36 29 33 36 36 
249 249 249 249 249 249 249 250 250 250 250 250 250 250 249 249 249 249 250 250 250 250 249 250 249 249 248 248 249 248 248 242 243 224 187 124 65 67 64 61 63 61 61 60 93 120 169 212 241 247 249 247 250 251 251 251 250 247 201 118 57 36 36 33 32 32 33 
249 250 250 250 249 248 247 245 243 243 243 247 249 249 249 249 249 249 250 250 250 250 250 250 249 249 248 248 250 250 248 247 252 250 228 179 136 131 117 108 101 102 109 115 142 164 213 244 249 249 250 249 250 250 251 252 250 245 188 108 50 37 35 31 28 28 27 
247 245 245 245 244 240 234 231 230 226 229 243 248 248 249 249 249 249 250 250 249 250 250 250 249 250 249 250 250 249 248 249 251 251 240 232 216 214 198 187 188 195 205 206 221 233 248 251 251 251 250 249 250 250 251 251 252 224 149 75 39 31 30 26 22 19 20 
241 240 236 237 241 235 229 228 228 221 226 241 249 247 248 249 249 249 250 250 249 250 250 250 250 250 251 251 250 250 247 247 244 246 247 252 249 247 235 228 236 242 247 249 250 252 252 252 251 250 250 250 250 250 250 249 247 205 121 52 30 24 22 19 14 11 12 
243 241 238 240 244 242 241 242 243 237 241 244 248 248 249 249 249 249 249 250 250 250 251 251 250 250 249 250 251 251 248 247 241 244 247 251 249 245 239 237 240 243 249 249 250 250 250 249 250 249 250 250 249 250 249 249 238 199 116 47 26 18 15 12 7 7 6 
245 245 247 247 247 248 250 250 250 249 249 248 248 249 249 249 249 249 250 250 250 250 250 250 250 250 250 250 250 250 248 248 244 245 248 250 251 247 244 243 244 246 248 249 250 250 250 250 249 249 249 249 249 248 248 247 250 202 115 44 24 17 11 8 7 5 3 
248 248 248 248 247 249 249 248 248 248 248 247 249 249 249 249 249 249 250 250 250 250 250 250 249 249 249 250 249 249 248 247 246 246 246 247 250 249 247 245 244 245 247 247 249 250 250 250 250 250 250 250 249 249 247 244 253 212 125 46 16 13 9 7 7 5 4 
249 249 249 249 248 248 249 249 248 248 248 249 249 249 249 249 249 249 250 250 250 250 251 251 250 249 248 247 247 245 245 245 245 244 242 242 242 247 246 246 244 244 247 249 252 251 252 252 251 251 251 251 249 249 245 242 253 214 123 42 11 11 7 5 6 5 5 
249 249 249 249 249 249 249 249 249 249 249 249 249 249 249 249 249 249 249 249 250 250 249 248 245 244 245 244 247 245 243 240 236 231 230 222 213 219 215 219 203 206 210 220 228 227 225 225 221 219 214 216 217 221 222 226 236 188 106 35 10 10 5 4 4 4 3 
249 249 249 249 249 249 249 249 249 249 249 249 249 249 249 249 249 249 249 249 250 248 242 238 236 236 236 241 245 245 244 244 212 209 208 206 198 185 173 171 146 135 124 125 134 142 146 145 135 129 124 130 135 139 148 169 155 114 71 28 4 5 4 4 5 4 2 
249 249 249 249 249 249 249 249 249 249 249 249 249 249 249 249 248 249 249 250 250 245 238 235 235 233 231 237 245 247 244 241 228 226 224 220 200 189 181 151 106 96 75 57 59 63 65 65 60 56 53 57 57 57 64 90 77 43 29 12 5 5 5 5 8 6 5 
249 249 249 249 249 249 250 250 249 249 249 249 248 248 248 248 247 247 247 249 247 247 242 240 241 239 241 244 244 245 244 243 241 241 238 231 228 226 231 198 132 106 64 39 38 37 40 44 42 40 38 40 36 31 30 31 29 26 24 11 9 9 9 10 9 10 11 
249 249 249 249 249 249 250 250 250 250 249 249 248 248 247 245 246 247 247 247 247 245 246 244 244 244 244 244 244 243 239 238 238 238 240 241 240 240 246 231 166 124 74 49 51 42 44 44 39 36 32 33 32 31 29 23 17 29 22 12 12 12 16 17 16 15 16 
249 249 249 249 249 249 250 251 249 250 248 247 247 245 245 245 246 245 245 246 247 245 245 244 242 243 245 245 245 240 233 231 237 226 223 212 193 191 191 165 136 87 76 52 39 38 38 36 33 31 31 31 30 29 28 22 17 16 16 14 15 16 19 21 19 18 17 
248 249 249 249 249 249 250 251 250 250 248 245 243 242 243 244 246 244 242 239 237 237 240 240 238 237 236 234 229 220 205 202 184 172 162 150 136 134 129 108 74 56 50 46 38 34 31 29 31 31 30 30 29 28 26 26 23 21 18 17 18 19 22 24 24 23 22 
