0 0 0 0 0 0 0 0 0 0 0 0 0 0 0 0 0 0 0 0 0 0 0 0 1 1 1 1 1 1 0 0 0 0 8 16 39 42 30 26 26 26 28 28 28 26 26 26 26 26 26 26 26 29 30 29 49 80 99 97 89 90 75 59 51 42 39 37 38 37 37 37 37 38 37 36 36 35 34 33 33 32 31 30 31 30 29 29 29 29 29 29 29 29 29 29 28 28 28 28 26 28 28 28 28 26 24 19 16 16 17 18 18 18 17 16 17 19 22 29 36 33 26 21 17 16 15 15 15 15 16 18 20 26 
0 0 0 0 0 0 0 0 0 0 0 0 0 0 0 0 0 0 0 0 0 0 0 0 1 1 1 1 1 1 0 0 0 0 21 46 59 42 29 26 26 26 28 28 28 26 26 26 26 26 26 26 28 30 27 32 65 107 131 136 122 125 112 88 70 53 44 38 39 39 38 37 36 37 37 36 36 33 33 33 33 32 30 30 30 30 29 29 29 28 29 29 29 29 29 29 28 28 28 26 26 26 26 26 28 28 24 20 18 17 17 18 18 18 17 16 17 19 22 29 36 33 26 19 17 16 15 15 15 15 16 18 20 26 
0 0 0 0 0 0 0 0 0 0 0 0 0 0 0 0 0 0 0 0 0 0 0 0 1 1 1 1 1 1 0 1 0 6 44 94 88 44 31 28 29 29 28 26 26 26 26 26 26 25 25 28 31 33 26 33 77 143 179 177 169 169 160 135 110 84 61 46 42 39 39 37 38 38 36 36 35 33 33 32 32 31 30 30 30 30 29 29 30 29 28 29 29 29 29 28 28 28 25 24 26 28 28 28 28 26 24 22 19 17 17 17 18 17 16 16 17 19 23 29 36 33 26 19 17 16 15 15 15 15 16 18 22 27 
0 0 0 0 0 0 0 0 0 0 0 0 0 0 0 0 0 0 0 0 0 0 0 0 1 1 1 1 1 1 0 1 3 17 72 135 110 48 35 30 30 30 28 26 26 26 26 26 25 25 25 28 32 33 26 42 97 174 207 205 206 206 201 185 163 129 95 66 49 42 42 39 38 37 36 35 35 35 33 32 32 31 30 30 29 29 29 28 30 30 28 28 28 29 29 26 28 28 25 25 25 28 29 28 28 28 27 23 19 17 17 17 18 18 17 17 17 19 23 31 36 33 26 19 17 16 15 15 15 15 16 18 22 27 
0 0 0 0 0 0 0 0 0 0 0 0 0 0 0 0 0 0 0 0 0 0 0 0 1 1 1 1 1 1 1 1 12 36 110 176 131 53 43 33 29 29 28 26 26 26 25 25 25 25 27 29 32 33 26 51 124 203 229 230 236 233 228 217 205 180 142 99 65 51 44 40 38 37 35 35 36 34 33 32 32 31 30 29 30 30 29 29 29 29 28 28 28 28 26 26 26 25 25 28 26 28 31 31 30 32 31 25 18 17 17 17 18 18 17 17 18 21 24 30 36 33 25 19 17 16 16 16 16 15 16 18 22 29 
0 0 0 0 0 0 0 0 0 0 0 0 0 0 0 0 0 0 0 0 0 0 0 0 1 1 1 1 1 1 1 2 12 62 159 200 128 57 45 33 28 28 28 26 26 26 26 25 26 26 29 29 31 33 28 63 153 227 244 244 242 241 241 238 234 223 194 146 97 66 49 40 38 37 35 35 36 34 32 31 30 30 29 29 30 30 29 29 29 29 28 28 28 28 28 28 28 26 25 28 26 25 29 31 33 36 32 24 19 18 17 17 17 17 17 17 19 21 24 31 36 32 25 19 16 16 16 16 15 15 16 18 22 26 
0 0 0 0 0 0 0 0 0 0 0 0 0 0 0 0 0 0 0 0 0 0 1 1 1 1 1 1 1 1 1 9 43 123 210 223 131 57 30 28 26 26 27 27 26 26 26 26 25 26 29 27 31 33 31 72 170 236 244 244 240 238 243 246 244 241 226 194 145 101 66 45 39 37 36 33 33 33 31 30 31 31 31 31 30 30 28 28 26 26 26 26 26 26 28 28 28 28 25 26 29 28 28 30 32 35 32 24 18 16 17 17 16 17 16 16 18 21 23 30 33 30 25 18 15 14 14 14 14 14 15 17 21 25 
0 0 0 0 0 0 0 0 0 0 0 0 0 0 0 0 0 0 0 0 0 0 1 1 1 1 1 1 1 1 1 9 68 156 236 220 119 53 30 25 24 25 27 26 25 25 25 26 25 25 26 27 30 31 33 71 165 235 243 247 244 241 242 242 241 238 235 226 198 157 109 70 49 40 37 35 35 35 32 30 30 31 31 30 29 29 26 26 25 25 25 25 24 25 25 25 25 25 25 26 28 26 28 31 33 35 31 23 17 16 17 17 17 17 16 16 18 21 24 32 33 30 26 19 14 14 14 15 15 15 15 17 19 25 
0 0 0 0 0 0 0 0 0 0 0 0 0 0 0 0 0 0 0 0 0 0 1 1 1 1 1 1 1 1 1 16 95 184 243 221 117 53 32 25 25 26 26 26 26 26 25 26 25 26 26 28 30 31 33 72 167 235 238 245 244 243 243 243 242 242 243 241 230 209 171 118 74 52 42 35 33 33 32 31 31 30 30 30 29 29 26 26 25 25 25 25 25 25 24 25 24 22 24 25 25 26 30 33 36 36 30 21 15 15 15 16 17 17 16 16 18 21 24 29 30 30 30 22 15 15 14 15 15 15 15 17 21 25 
0 0 0 0 0 0 0 0 0 0 0 0 0 0 0 0 0 0 0 0 0 0 1 1 1 1 1 1 1 1 1 40 117 208 237 212 115 53 35 29 27 27 26 26 26 26 26 28 26 28 28 30 32 32 33 78 171 231 235 243 243 242 243 245 245 246 247 246 239 232 215 172 118 78 53 40 32 33 32 32 30 30 29 29 29 27 26 26 25 25 25 25 25 25 23 24 24 23 25 25 25 29 39 44 40 36 28 18 15 15 15 16 17 17 17 17 19 22 25 30 35 39 39 29 19 15 16 17 16 16 15 17 22 26 
0 0 0 0 0 0 0 0 0 0 0 0 0 0 0 0 0 0 0 0 0 0 1 1 1 1 1 2 1 1 1 54 137 228 234 196 101 47 31 31 30 29 26 26 26 26 26 26 28 28 29 31 33 34 37 83 173 226 231 238 240 239 240 240 242 242 243 242 238 234 224 199 157 114 78 57 44 37 33 30 26 26 27 29 29 26 25 25 25 24 24 25 25 25 23 22 24 24 24 25 28 33 45 54 52 44 31 18 14 15 16 16 17 17 17 19 21 23 29 38 47 54 51 38 23 17 17 17 16 17 17 19 24 29 
0 0 0 0 0 0 0 0 0 0 0 0 0 0 0 0 0 0 0 0 0 0 1 1 1 1 1 2 1 1 2 70 153 220 229 184 99 43 29 29 30 27 25 26 26 26 25 26 26 28 30 31 32 36 39 88 174 222 229 233 231 228 227 227 227 228 229 228 227 222 215 201 178 151 115 86 63 45 36 31 29 28 27 30 26 25 25 25 24 24 24 24 24 24 23 22 22 24 24 24 26 32 43 54 58 49 33 18 14 15 15 16 16 16 17 19 24 24 29 45 58 63 58 39 24 18 17 16 15 17 18 21 28 32 
0 0 0 0 0 0 0 0 0 0 0 0 0 0 0 0 0 0 0 0 0 0 1 1 1 1 2 3 2 4 3 82 173 228 236 189 110 39 25 26 27 26 25 25 25 25 25 26 26 28 29 30 32 33 39 87 167 217 227 227 223 213 213 213 212 212 210 208 209 208 205 199 188 177 155 123 89 65 53 40 33 27 26 28 26 23 24 24 23 23 22 22 22 22 23 23 22 23 24 24 23 25 38 50 53 45 32 22 17 17 16 16 16 16 16 18 23 28 33 46 57 60 52 37 22 18 17 16 16 17 18 22 29 35 
0 0 0 0 0 0 0 0 0 0 0 0 0 0 0 0 0 0 0 0 0 0 1 1 1 1 2 4 3 9 24 92 205 254 237 200 113 36 24 25 26 26 26 25 25 25 25 26 26 28 29 30 32 31 36 86 169 213 220 223 223 220 215 213 212 208 205 203 203 203 201 201 195 193 186 170 146 124 106 86 62 45 35 30 28 24 23 23 22 22 21 19 19 19 22 23 22 23 23 23 22 23 33 45 51 42 31 24 21 18 16 16 15 15 15 16 21 30 44 56 57 46 32 25 19 17 17 17 16 17 19 24 29 36 
0 0 0 0 0 0 0 0 0 0 0 0 0 0 0 0 0 0 0 1 0 0 1 1 1 1 3 4 3 11 45 134 179 237 241 175 94 37 27 25 26 25 25 24 24 25 25 26 26 26 29 31 31 29 43 120 214 216 224 227 228 224 226 228 228 227 227 226 222 219 217 217 216 216 215 210 203 195 182 162 142 115 82 54 38 31 26 24 23 22 21 19 19 19 22 22 22 22 24 26 29 33 39 46 49 42 30 25 22 21 18 17 17 16 16 17 21 33 50 59 57 43 32 26 21 18 17 16 17 18 19 24 30 36 
0 0 0 0 0 0 0 0 0 0 0 0 0 0 0 0 0 0 0 1 0 0 1 1 1 1 3 4 5 12 56 162 213 254 245 191 100 42 31 26 26 26 25 24 25 25 25 26 26 26 29 31 31 28 47 134 224 229 237 238 238 235 237 240 240 240 240 240 237 236 235 235 236 236 236 236 233 230 224 215 203 181 148 107 70 44 32 25 24 23 21 19 19 18 19 20 21 23 26 35 42 45 50 52 50 42 32 28 25 24 22 22 21 21 21 21 26 40 57 61 56 47 40 32 26 24 23 22 21 23 23 28 31 33 
0 0 0 0 0 0 0 0 0 0 0 0 0 0 0 0 1 1 1 1 0 0 1 1 1 1 3 5 8 14 73 191 235 254 247 203 110 44 34 26 26 26 26 26 25 25 26 26 26 28 30 31 31 29 52 149 240 235 240 240 241 242 244 246 244 244 241 241 241 240 240 241 242 242 245 245 246 243 240 236 233 221 199 169 128 78 40 26 26 25 22 21 19 18 19 20 19 24 30 44 53 58 60 57 50 42 33 30 30 29 26 26 26 25 25 26 36 49 59 62 57 51 44 38 34 31 29 29 28 28 29 31 32 32 
0 0 0 0 0 0 0 0 0 0 0 0 0 0 0 1 0 0 0 0 0 0 0 1 1 2 3 5 8 18 106 212 237 253 245 209 118 44 34 26 26 26 26 26 25 25 26 28 28 28 30 30 32 30 61 173 248 244 244 243 244 244 246 247 246 246 242 241 241 241 241 242 242 242 242 244 244 244 244 244 242 235 223 202 163 104 53 31 27 24 22 21 18 17 18 18 19 25 38 56 66 66 60 51 43 36 32 31 31 31 30 30 30 30 30 31 39 51 58 58 54 48 41 39 39 34 33 33 32 32 32 32 33 33 
0 0 0 0 0 0 0 0 0 0 0 0 0 0 0 1 0 0 0 0 0 0 0 1 1 1 1 5 11 27 120 221 230 244 249 217 123 44 31 26 25 25 26 26 25 25 26 27 26 26 28 30 34 32 68 179 251 250 250 250 247 248 247 248 247 245 243 242 241 238 237 237 236 235 234 235 235 234 234 235 234 228 219 191 148 99 54 32 22 21 21 19 18 19 22 24 28 39 54 67 74 66 52 43 37 32 30 30 31 31 30 28 28 28 28 30 37 49 52 52 50 44 37 37 38 35 33 32 31 31 31 31 33 32 
0 0 0 0 0 0 0 0 0 0 0 0 0 0 0 1 0 0 0 0 0 0 0 1 1 2 2 8 10 38 142 228 236 241 244 222 131 46 31 26 26 25 25 25 25 25 27 29 26 28 28 30 34 34 72 183 250 249 250 249 248 249 248 247 243 238 231 229 227 220 213 211 208 206 203 203 202 202 200 198 202 185 158 130 99 64 42 31 22 22 24 26 29 35 40 43 47 60 71 72 68 60 49 39 35 32 30 30 31 30 28 26 26 26 25 25 31 39 43 45 44 39 35 35 36 31 30 27 26 26 26 28 31 30 
0 0 0 0 0 0 0 0 0 0 0 0 0 0 0 1 0 0 0 0 0 0 0 1 0 2 3 6 12 65 182 238 252 250 252 242 135 49 31 28 25 24 24 23 24 26 28 28 26 29 29 30 36 37 77 194 249 247 249 244 244 247 240 233 224 214 203 193 184 171 163 158 152 149 146 143 141 138 135 131 137 117 86 70 57 42 35 32 32 35 39 50 60 68 71 72 73 75 78 70 62 54 46 38 37 32 29 29 29 28 29 30 31 31 24 21 24 30 37 42 39 35 31 31 30 26 24 23 22 22 23 24 26 30 
0 0 0 0 0 0 0 0 0 0 0 0 0 0 0 0 1 1 1 0 0 0 0 1 1 3 4 5 27 96 206 251 252 252 230 193 110 58 43 36 30 26 24 23 23 25 26 28 28 29 31 35 36 31 72 185 238 244 238 230 222 213 191 174 170 157 145 130 117 110 103 95 82 77 78 74 73 72 73 75 74 67 52 46 44 43 39 39 39 43 54 77 99 108 103 95 85 77 72 65 55 45 35 35 35 30 28 28 25 25 27 29 28 26 21 17 19 28 38 42 36 30 29 26 25 22 21 19 18 18 19 19 23 29 
0 0 0 0 0 0 0 0 0 0 0 0 0 0 0 0 1 1 1 0 0 0 1 1 1 1 3 4 24 97 206 243 243 245 240 198 150 127 90 65 44 33 27 26 25 29 28 28 28 30 32 36 25 12 59 145 210 225 198 181 151 136 123 98 85 78 72 67 65 64 63 63 59 49 47 49 53 52 50 50 51 50 47 47 47 47 46 44 40 43 53 77 101 115 104 90 80 68 68 61 52 39 32 31 30 29 26 26 24 24 24 26 24 19 17 17 19 30 38 36 32 28 25 23 23 21 19 18 17 18 19 22 25 30 
0 0 0 0 0 0 0 0 0 0 0 0 0 0 0 0 1 1 1 0 0 0 1 1 1 1 2 3 17 93 191 222 215 231 242 227 219 208 174 122 57 44 37 30 30 36 35 32 32 46 53 60 61 51 88 138 193 176 142 121 89 72 68 64 64 66 68 70 70 68 67 67 66 65 63 70 71 71 68 66 64 62 61 63 61 60 60 57 51 44 45 53 66 75 68 53 52 52 58 57 49 40 35 33 31 29 28 25 23 22 24 24 23 21 18 18 23 30 33 32 31 30 28 25 23 21 20 20 21 21 23 26 29 36 
0 0 0 0 0 0 0 0 0 0 0 0 0 0 0 0 1 1 1 0 0 0 1 1 2 1 0 1 15 73 151 188 188 208 219 226 234 224 209 149 67 50 44 35 35 40 40 42 78 117 135 151 150 137 155 171 205 181 152 118 81 73 77 80 85 96 109 117 122 114 114 113 114 117 122 131 132 131 134 129 121 117 121 122 115 111 109 103 85 59 43 36 32 32 32 31 32 37 43 47 46 41 38 36 32 30 28 25 22 21 23 23 22 21 19 19 26 31 33 37 35 32 32 27 24 22 22 24 23 24 27 30 34 50 
0 0 0 0 0 0 0 0 0 0 0 0 0 0 0 0 1 1 1 0 0 0 0 1 1 1 0 4 24 86 158 194 201 213 222 230 233 231 226 159 74 53 47 40 40 44 42 56 162 208 222 224 217 224 219 223 241 223 195 163 136 131 132 137 132 145 164 179 189 182 184 185 187 189 194 197 202 210 216 212 198 196 200 201 193 189 182 170 142 97 61 39 27 27 30 31 32 36 39 43 44 47 48 50 47 45 42 39 38 38 38 39 39 38 37 39 43 44 44 44 40 38 37 32 26 23 24 26 28 29 31 32 47 82 
0 0 0 0 0 0 0 0 0 0 0 0 0 0 0 0 1 1 1 0 0 0 1 2 1 2 3 12 59 141 198 215 227 235 242 240 241 244 231 164 79 52 45 43 44 45 41 68 215 244 249 249 251 253 252 252 243 231 222 216 209 202 202 203 206 214 222 224 224 223 223 223 223 222 222 224 230 235 237 238 238 241 243 243 238 235 228 216 193 156 118 96 88 85 86 87 87 88 90 92 94 104 118 120 118 114 109 109 109 108 106 104 104 104 106 106 104 106 101 92 88 89 87 81 77 74 72 71 71 71 72 77 94 137 
0 0 0 0 0 0 0 0 0 0 0 0 0 0 0 0 1 1 1 1 0 0 1 1 2 3 6 30 101 193 231 242 248 252 252 250 249 249 236 169 80 50 45 43 42 44 41 75 224 233 244 251 248 240 249 251 247 241 237 238 235 233 234 235 237 242 247 247 247 245 244 243 242 242 242 242 243 243 243 244 245 246 249 249 247 243 238 235 228 215 201 194 191 186 187 187 188 189 191 189 191 199 212 212 207 202 200 201 201 200 200 200 199 199 201 201 199 198 193 188 186 185 182 179 178 175 172 169 167 165 163 165 173 202 
0 0 0 0 0 0 0 0 0 0 0 0 0 0 0 0 1 1 1 1 0 0 1 1 3 6 8 46 134 224 241 245 249 252 251 247 248 249 231 157 71 45 45 43 40 45 39 79 237 237 245 250 244 244 249 248 245 247 247 248 248 249 248 248 244 247 249 249 248 247 247 247 247 248 249 249 250 250 249 249 250 250 251 249 248 247 245 245 245 248 248 249 250 248 245 245 244 245 247 244 245 249 251 252 252 249 248 248 247 247 247 247 248 248 247 247 247 245 245 245 244 243 241 241 241 240 238 238 237 237 237 238 237 242 
0 0 0 0 0 0 0 0 0 0 0 0 0 0 0 0 1 1 1 1 1 1 1 1 3 10 19 54 152 238 244 244 244 246 247 244 248 241 189 110 57 43 45 41 40 49 53 100 240 243 248 248 242 248 250 245 249 250 250 250 250 249 249 248 248 249 249 250 248 248 249 249 249 250 250 251 251 251 251 251 251 250 250 249 248 249 249 249 248 248 249 251 251 251 251 252 250 251 251 250 251 251 252 252 251 251 250 249 249 249 249 249 250 250 251 250 250 250 250 250 249 249 249 249 249 250 250 251 250 251 252 252 252 252 
0 0 0 0 0 0 0 0 0 0 0 0 0 0 0 0 1 0 0 1 1 1 2 3 1 9 29 64 164 241 246 245 243 244 245 245 248 227 143 67 44 44 42 39 40 47 56 123 228 247 248 248 247 247 250 247 250 251 251 251 251 251 250 250 249 249 249 249 249 249 250 250 250 250 250 251 251 250 251 250 250 251 250 249 249 249 249 249 249 248 249 249 249 250 250 250 251 251 251 251 251 251 252 252 251 251 251 250 250 250 250 250 250 250 251 251 251 251 251 251 251 251 251 251 251 250 251 251 251 251 251 251 251 251 
0 0 0 0 0 0 0 0 0 0 0 0 0 0 0 0 1 1 1 1 1 1 2 3 3 8 35 97 187 245 249 250 247 247 245 249 248 212 121 55 47 45 43 42 42 45 45 113 227 250 249 248 247 248 250 249 250 249 251 251 251 251 251 251 249 249 249 250 249 249 250 250 250 250 250 250 250 250 250 250 250 250 249 249 249 249 249 249 249 249 249 249 249 250 250 250 250 250 250 250 250 251 252 252 250 250 250 250 250 250 250 250 250 250 250 250 250 250 250 250 250 250 250 250 250 250 251 251 251 251 251 251 251 251 
0 0 0 0 0 0 0 0 0 0 0 0 0 0 0 1 1 1 1 1 1 1 2 4 4 8 44 130 217 253 251 250 250 248 245 251 248 194 102 50 51 47 43 43 45 46 45 106 220 254 251 248 249 250 251 251 250 250 251 252 252 251 251 251 250 250 250 250 250 249 250 250 250 250 250 250 250 250 250 250 250 249 249 249 249 249 249 249 249 249 249 249 249 249 251 251 251 251 251 251 251 251 251 251 251 251 251 251 251 251 251 251 251 251 251 251 251 251 251 251 251 251 251 251 251 251 251 251 250 250 250 250 251 252 
0 0 0 0 0 0 0 0 0 0 0 0 0 0 0 1 1 1 1 1 1 1 1 2 5 14 54 155 236 252 251 251 249 247 250 252 234 170 94 59 60 52 46 43 45 47 47 95 198 245 250 250 250 250 251 251 250 250 250 250 251 251 250 250 250 250 250 250 250 249 250 250 250 250 250 250 250 250 251 251 250 249 249 249 249 249 249 249 249 249 249 249 249 249 251 251 251 251 251 251 251 251 251 251 251 251 251 251 251 251 251 251 251 251 251 251 251 251 251 251 251 251 251 251 251 251 251 251 250 250 250 250 251 252 
0 0 0 0 0 0 0 0 0 0 0 0 0 0 0 1 1 1 1 1 1 1 1 2 8 19 71 175 244 250 250 250 248 248 252 250 202 141 80 64 66 53 48 45 45 48 50 81 164 230 249 247 248 249 250 250 250 251 250 250 250 250 251 251 250 250 250 250 250 249 250 250 250 250 250 250 250 250 251 251 250 249 249 249 249 249 249 249 249 249 249 249 249 249 250 250 250 250 250 250 250 250 250 250 250 250 250 250 250 250 250 250 250 250 250 250 250 250 250 250 250 250 250 250 250 250 250 250 250 250 250 250 251 251 
0 0 0 0 0 0 0 0 0 0 0 0 0 0 0 1 1 1 1 1 1 1 1 3 8 18 79 193 249 250 250 250 249 250 250 232 185 120 68 62 56 51 48 45 45 51 51 63 129 215 249 245 248 249 249 249 250 251 250 250 250 250 250 250 250 250 250 250 250 249 250 250 250 250 250 250 250 250 251 251 250 249 249 249 249 249 249 249 249 249 249 249 249 249 250 250 250 250 250 250 250 250 250 250 250 250 250 250 250 250 250 250 250 250 250 250 250 250 250 250 250 250 250 250 250 250 250 250 250 250 250 250 251 252 
0 0 0 0 0 0 0 0 0 0 0 0 0 0 0 1 1 1 1 1 1 2 1 2 5 12 70 195 252 250 250 251 249 250 251 228 172 101 64 57 51 46 45 43 43 47 51 60 109 192 242 249 249 251 249 249 251 251 251 251 251 251 250 250 250 250 250 250 250 249 250 250 250 250 250 250 250 250 251 251 251 250 250 250 250 250 250 250 249 249 249 249 249 249 250 250 250 250 250 250 250 250 250 250 250 250 250 250 250 250 250 250 250 250 250 250 250 250 250 250 250 250 250 250 250 250 250 250 250 250 250 250 251 251 
0 0 0 0 0 0 0 0 0 0 0 0 0 0 0 1 1 1 2 2 2 2 3 4 5 19 84 199 250 249 249 250 250 250 251 222 146 81 53 47 44 43 43 41 41 46 50 50 85 166 234 251 250 251 250 250 251 251 251 251 251 250 250 251 250 250 250 250 250 250 249 250 250 250 250 250 250 250 251 251 251 250 250 250 250 250 250 250 249 249 249 249 249 249 250 250 250 250 250 250 250 250 250 250 250 250 250 250 250 250 250 250 250 250 250 250 250 250 250 250 250 250 250 250 250 250 250 250 250 250 250 250 250 250 
0 0 0 0 0 0 0 0 0 0 0 0 0 0 0 1 1 1 2 2 3 4 5 4 5 30 108 208 248 248 249 251 250 251 251 219 126 68 45 42 39 40 40 40 40 44 46 43 73 152 234 252 250 251 250 250 249 250 251 251 251 250 250 250 249 249 249 249 249 249 249 250 249 250 250 249 249 249 249 249 250 250 249 249 249 249 249 249 249 249 249 249 249 249 249 249 249 249 249 249 249 249 249 249 249 249 249 249 249 249 249 249 249 249 249 249 249 249 249 249 249 249 249 249 249 249 249 250 250 250 250 250 250 250 
0 0 0 0 0 0 0 0 0 0 0 0 0 0 1 1 1 1 2 2 3 5 5 4 5 31 115 214 247 247 249 251 250 250 251 219 138 71 36 37 38 38 38 38 37 40 41 39 61 135 220 249 250 251 250 249 249 249 251 251 250 250 249 248 249 249 250 249 249 249 249 250 249 250 250 249 249 249 249 250 250 250 250 249 249 249 249 249 249 249 249 249 249 249 249 249 249 249 249 249 249 249 249 249 249 249 249 249 249 249 249 249 249 249 249 249 249 249 249 249 249 249 249 249 249 249 249 249 249 249 250 250 250 250 
0 0 0 0 0 0 0 0 0 0 0 0 0 0 0 1 1 1 2 2 3 3 4 7 10 42 128 220 248 247 249 250 250 250 251 224 160 87 38 38 38 37 36 34 32 35 37 35 50 108 195 241 251 252 251 250 250 250 250 250 250 249 248 247 247 249 250 249 249 249 249 250 249 250 250 250 249 249 249 249 249 249 249 249 249 249 248 249 250 249 249 249 249 249 249 249 249 249 249 249 249 249 249 249 249 249 249 249 249 249 249 249 249 249 249 249 249 249 249 249 249 249 249 249 249 249 249 249 249 249 250 250 250 250 
0 0 0 0 0 0 0 0 0 0 0 0 0 0 1 1 1 1 2 2 3 4 5 8 12 50 144 234 249 248 249 250 250 250 251 238 186 111 49 38 40 39 37 32 30 31 35 36 43 85 179 240 249 252 252 252 251 251 250 250 250 250 249 248 248 249 250 249 249 249 249 250 249 250 250 250 250 250 249 249 249 249 249 249 249 248 250 250 250 249 249 249 249 249 249 249 249 249 249 249 249 249 249 249 249 249 249 249 249 249 249 249 249 249 249 249 249 249 249 249 249 249 249 249 249 249 249 249 249 249 250 250 250 250 
0 0 0 0 0 0 0 0 0 0 0 0 0 0 0 1 1 1 2 2 2 4 7 9 11 54 163 245 250 249 249 250 250 251 252 242 195 123 58 40 40 38 33 31 30 29 35 37 42 72 153 228 250 252 251 251 251 250 250 250 250 250 249 249 248 249 249 249 249 249 249 249 249 249 249 249 250 249 249 249 249 249 249 249 249 249 249 249 249 249 249 249 249 249 249 249 249 249 249 249 249 249 249 249 249 249 249 249 249 249 249 249 249 249 249 249 249 249 249 249 249 249 249 249 249 249 249 249 249 249 250 250 250 250 
0 0 0 0 0 0 0 0 0 0 0 0 0 0 0 1 1 1 1 1 2 2 5 10 15 67 172 242 251 250 250 250 250 250 251 244 212 145 75 47 43 38 35 33 33 32 40 46 51 61 108 198 245 250 250 251 251 250 250 250 250 250 249 249 249 249 249 249 249 250 249 249 249 249 249 249 249 249 249 249 249 248 248 248 247 247 248 248 249 249 249 249 249 249 249 249 249 249 249 249 249 249 249 249 249 249 249 249 249 249 249 249 249 249 249 249 249 249 249 249 249 249 249 249 249 249 249 249 249 249 250 250 250 250 
0 0 0 0 0 0 0 0 0 0 0 0 0 0 1 1 1 1 1 2 2 3 5 9 17 73 170 238 252 251 250 251 251 251 252 248 231 172 87 58 58 46 42 42 40 40 49 57 60 67 90 160 230 251 252 252 251 251 250 250 251 250 249 249 249 249 249 249 250 250 249 250 249 249 249 249 249 249 249 249 249 248 248 241 237 234 234 242 249 249 249 249 249 249 249 249 249 249 249 249 249 249 249 249 249 249 249 249 249 249 249 249 249 249 249 249 249 249 249 249 249 249 249 249 249 249 249 249 249 249 250 250 250 250 
0 0 0 0 0 0 0 0 0 0 0 0 0 0 1 1 1 1 1 2 2 3 5 8 18 75 167 233 253 252 250 251 251 252 252 248 230 165 89 78 74 60 58 54 51 53 59 60 71 81 90 132 202 238 252 253 252 252 250 251 251 250 249 249 249 249 249 249 250 250 250 250 249 249 249 249 249 249 249 249 249 248 248 242 238 235 234 242 249 249 249 249 249 249 249 249 249 249 249 249 249 249 249 249 249 249 249 249 249 249 249 249 249 249 249 249 249 249 249 249 249 249 249 249 249 249 249 249 249 249 250 250 250 250 
0 0 0 0 0 0 0 0 0 0 0 0 0 0 0 0 1 1 1 1 1 3 5 6 19 71 165 231 252 252 250 251 251 252 252 246 217 153 97 85 78 67 67 58 58 63 63 63 72 83 94 121 171 228 254 254 250 250 249 250 250 249 249 249 249 249 250 250 250 250 250 250 249 249 249 249 249 249 249 249 249 249 248 245 243 244 244 244 248 249 249 249 249 249 249 249 249 249 249 249 249 249 249 249 249 249 249 249 249 249 249 249 249 249 249 249 249 249 249 249 249 249 249 249 249 249 249 249 249 249 250 250 250 250 
0 0 0 0 0 0 0 0 0 0 0 0 0 0 0 0 1 1 1 1 2 3 4 6 22 82 181 238 253 252 249 249 251 249 249 242 194 122 81 80 75 61 63 58 56 59 60 63 78 89 97 101 138 203 238 245 249 248 247 248 248 248 248 248 249 249 250 250 250 250 250 250 249 249 249 249 249 249 249 249 249 249 248 248 249 249 249 249 248 249 249 249 249 249 249 249 249 249 249 249 249 249 249 249 249 249 249 249 249 249 249 249 249 249 249 249 249 249 249 249 249 249 249 249 249 249 249 249 249 249 249 249 250 250 
0 0 0 0 0 0 0 0 0 0 0 0 0 0 0 0 0 0 2 1 1 2 3 5 25 85 188 252 253 245 231 247 250 245 243 220 163 96 64 67 66 53 53 51 47 45 51 55 62 74 82 95 129 180 223 241 246 245 244 245 245 247 248 248 249 249 250 250 250 250 250 250 249 249 249 249 249 249 249 249 249 249 249 249 249 249 249 249 248 249 249 249 249 249 249 249 249 249 249 249 249 249 249 249 249 249 249 249 249 249 249 249 249 249 249 249 249 249 249 249 249 249 249 249 249 249 249 249 249 249 249 249 250 250 
0 0 0 0 0 0 0 0 0 0 0 0 0 0 0 0 0 0 2 1 1 2 3 1 23 90 188 249 253 251 242 252 252 249 244 219 167 109 79 68 50 37 39 38 35 32 33 43 65 86 109 143 177 205 236 251 248 248 247 247 248 248 249 249 250 250 250 250 250 250 250 250 249 249 249 249 249 249 249 249 249 249 249 248 248 248 248 248 249 249 249 249 249 249 249 249 249 249 249 249 249 249 249 249 249 249 249 249 249 249 249 249 249 249 249 249 249 249 249 249 249 249 249 249 249 249 249 249 249 249 249 249 250 250 
0 0 0 0 0 0 0 0 0 0 0 0 0 0 0 0 1 1 2 1 2 3 2 0 22 94 200 254 253 253 252 252 252 252 252 242 216 181 145 97 48 32 35 37 33 30 31 42 87 146 189 215 237 247 248 251 252 249 248 249 251 252 251 251 251 250 250 249 250 250 250 250 249 249 249 249 249 249 249 249 249 249 249 248 248 248 248 248 249 249 249 249 249 249 249 249 249 249 249 249 249 249 249 249 249 249 249 249 249 249 249 249 249 249 249 249 249 249 249 249 249 249 249 249 249 249 249 249 249 249 249 249 250 250 
0 0 0 0 0 0 0 0 0 0 0 0 0 0 0 0 1 1 2 1 1 1 3 9 22 79 180 234 238 242 243 244 247 252 252 252 250 243 208 141 72 50 43 45 44 39 37 52 100 160 203 215 220 231 235 236 244 241 240 250 252 252 252 252 251 251 250 249 250 250 250 251 249 249 249 249 249 249 249 249 249 248 248 248 248 248 248 248 249 249 249 249 249 249 249 249 249 249 249 249 249 249 249 249 249 249 249 249 249 249 249 249 249 249 249 249 249 249 249 249 249 249 249 249 249 249 249 249 249 249 249 249 250 250 
0 0 0 0 0 0 0 0 0 0 0 0 0 0 0 0 1 1 2 1 1 1 2 2 9 57 121 148 163 182 193 199 221 236 249 252 254 249 208 148 82 63 54 50 52 50 47 53 78 102 128 135 139 158 169 173 187 188 205 229 243 250 251 251 251 251 250 248 250 249 250 251 249 249 250 250 249 249 249 249 249 248 248 248 248 249 248 249 248 249 249 249 249 249 249 249 248 248 248 248 248 248 249 249 249 249 249 249 249 249 249 249 249 249 249 249 249 249 249 249 249 249 249 249 249 249 249 249 249 249 249 249 250 250 
0 0 0 0 0 0 0 0 0 0 0 0 0 0 0 0 1 1 2 1 1 3 3 3 14 47 70 75 96 89 108 136 189 214 224 234 242 234 207 164 107 79 67 60 58 54 53 54 54 54 58 61 60 72 81 93 109 123 146 174 213 235 245 249 250 250 250 249 250 248 249 251 249 249 249 249 249 249 249 249 249 248 248 248 249 249 249 249 248 249 250 251 250 249 248 248 248 248 248 248 248 248 249 249 249 249 249 249 248 249 249 249 249 249 249 249 249 249 249 249 249 249 249 249 249 249 249 249 249 249 249 249 250 250 
0 0 0 0 0 0 0 0 1 1 1 1 1 1 1 1 1 1 1 0 0 2 4 6 15 40 61 65 71 72 72 79 120 160 192 216 234 244 240 223 170 107 75 64 59 56 53 51 52 53 54 54 53 53 54 57 64 67 82 112 146 194 228 234 237 243 245 249 249 243 248 251 248 249 247 248 247 248 249 249 249 249 249 249 249 250 249 248 248 244 241 241 240 241 244 247 248 248 248 247 247 247 248 248 248 248 248 248 248 249 249 248 248 248 248 248 248 248 248 248 249 249 249 249 249 249 249 249 249 249 250 250 250 250 
0 0 0 0 0 0 0 0 1 1 1 1 1 1 1 1 1 1 1 1 1 1 2 10 31 53 68 75 75 73 71 68 86 115 138 160 177 188 187 169 131 90 71 65 60 58 57 57 57 58 58 57 57 59 58 58 59 59 68 86 102 118 155 169 180 202 215 227 226 224 234 247 249 249 250 249 250 250 250 250 250 250 250 251 250 250 245 241 247 231 219 215 216 228 242 244 244 243 243 243 244 244 244 245 245 247 245 247 247 248 248 248 248 248 248 248 248 248 248 248 249 249 249 249 249 249 249 249 249 249 250 250 250 250 
0 0 0 0 0 0 0 0 1 1 1 1 1 1 1 1 1 1 1 1 2 2 0 11 50 88 103 104 101 94 89 86 85 88 90 90 95 97 106 108 97 81 67 65 63 61 61 63 63 61 60 58 59 61 64 65 63 61 60 61 61 68 87 93 101 118 134 150 151 158 173 192 214 223 234 238 238 240 240 240 240 241 242 243 244 242 230 224 240 224 212 210 214 228 243 244 242 242 242 242 243 243 243 244 244 245 247 247 247 248 248 248 248 248 248 248 248 248 248 248 249 249 249 249 249 249 249 249 249 249 250 250 250 250 
0 0 0 0 0 0 0 0 1 1 1 1 1 1 1 1 1 1 1 2 5 4 0 29 99 158 179 175 169 160 159 160 156 145 132 113 103 92 82 79 73 71 67 64 65 66 66 66 66 64 63 63 64 66 67 67 64 61 61 61 63 64 65 65 70 78 84 94 100 104 122 143 167 184 201 214 219 223 227 229 230 233 235 236 238 235 223 217 234 233 230 230 234 241 248 245 245 244 244 245 245 245 245 247 248 248 248 247 248 248 248 248 248 248 248 248 248 248 248 248 249 249 249 249 249 249 249 249 249 249 250 250 250 250 
0 0 0 0 0 0 0 0 1 1 1 1 1 1 1 2 1 1 3 4 8 3 8 65 152 216 242 238 229 224 227 231 226 215 205 181 166 152 130 116 100 96 102 101 102 100 95 93 89 87 82 82 82 81 80 80 76 74 72 72 74 74 73 72 74 81 88 91 101 107 120 132 155 175 199 214 221 230 236 240 240 240 241 242 243 238 234 231 235 240 243 245 248 248 248 249 249 248 248 248 248 247 248 250 250 250 248 247 248 248 248 248 248 248 248 248 248 248 248 248 249 249 249 249 249 249 249 249 249 249 249 250 250 249 
0 0 0 0 0 0 0 0 1 1 1 1 1 1 1 2 1 1 3 6 12 7 14 85 181 242 253 251 248 249 248 249 247 244 241 235 226 215 202 192 184 181 184 181 179 175 166 156 151 146 142 143 143 138 135 132 130 126 121 116 114 114 114 114 112 116 118 121 125 130 142 156 179 194 216 231 237 243 248 248 247 247 245 247 245 241 238 238 241 243 247 248 247 247 247 248 248 248 249 249 248 248 248 248 250 245 242 243 245 248 248 248 248 248 248 248 248 248 248 248 249 249 249 249 249 249 249 249 249 249 250 250 250 250 
0 0 0 0 0 0 0 0 1 1 1 1 1 1 1 1 1 2 4 6 9 12 28 94 192 245 251 250 249 249 249 250 248 247 247 248 247 244 244 245 247 244 241 238 237 234 229 226 222 217 215 216 220 220 215 210 202 202 203 203 201 198 194 192 191 191 189 188 188 191 198 205 220 223 230 240 245 248 249 249 248 248 248 248 247 247 245 247 247 247 248 249 248 248 248 248 249 248 248 248 247 248 248 248 249 236 229 234 243 248 248 248 248 248 248 248 248 248 248 248 249 249 249 249 249 249 249 249 249 248 249 249 249 249 
0 0 0 0 0 0 0 0 1 1 1 1 1 1 1 1 1 2 4 8 4 1 37 134 220 249 250 250 250 250 250 250 250 250 250 248 247 247 248 251 252 252 251 250 248 247 247 247 247 245 245 246 248 249 248 245 243 242 247 252 252 250 249 248 247 247 246 244 243 244 244 243 244 243 245 245 248 249 250 250 248 249 249 249 249 248 249 248 248 249 249 249 249 250 249 249 249 249 248 247 247 248 248 249 248 240 234 235 243 247 248 249 249 248 248 248 248 248 249 248 249 249 249 249 249 249 249 249 249 248 247 249 249 249 
0 0 0 0 0 0 0 0 1 1 1 1 1 1 1 1 1 2 3 8 2 1 67 174 234 249 250 250 250 250 250 250 250 249 249 249 248 249 250 251 251 249 250 250 250 250 249 249 250 249 249 249 248 247 244 244 247 245 244 247 248 247 248 248 249 250 250 249 249 248 248 248 248 248 248 249 248 249 249 249 249 249 249 249 249 249 249 249 249 248 247 244 242 244 248 249 249 248 248 247 247 248 248 248 248 243 244 244 244 248 248 248 249 249 249 249 249 249 248 249 249 249 249 249 250 249 249 249 248 248 248 242 243 249 
0 0 0 0 0 0 0 0 1 1 1 1 1 1 1 1 1 1 2 5 5 21 95 192 243 249 250 250 251 250 250 250 250 250 250 249 249 249 249 250 251 249 249 249 248 249 249 249 249 250 250 250 248 248 248 249 249 249 249 248 248 249 249 248 248 248 249 249 248 248 248 249 248 248 248 249 249 249 249 249 249 248 248 248 248 249 249 249 249 249 242 230 221 224 236 245 248 248 247 247 247 247 248 248 247 244 245 245 245 248 248 248 249 249 249 249 249 249 248 249 249 249 249 249 250 249 249 249 248 249 250 250 251 248 
0 0 0 0 0 0 0 0 1 1 1 1 1 1 1 1 1 0 0 2 9 39 118 206 244 250 250 251 251 251 251 251 251 250 250 250 250 250 250 250 250 250 250 250 250 249 249 249 249 249 249 249 249 250 251 250 250 249 248 249 250 250 250 249 249 248 249 248 248 247 248 249 249 248 248 249 249 249 249 249 249 248 248 248 248 249 249 249 249 249 241 227 219 222 234 244 245 247 247 247 247 247 248 248 247 247 247 247 248 248 248 249 249 249 249 249 249 249 249 249 249 249 249 249 249 249 248 248 248 250 251 251 251 245 
0 0 0 0 0 0 0 0 1 1 1 1 1 1 1 1 1 2 3 2 10 56 148 227 249 251 252 250 251 251 251 251 251 250 250 250 250 249 250 250 250 249 249 249 249 249 249 249 249 249 249 249 249 249 249 250 249 249 249 250 251 250 247 242 242 245 249 249 247 245 248 248 248 248 248 249 249 249 249 249 249 249 249 249 248 248 248 248 248 250 248 243 242 244 247 249 249 249 250 248 249 249 249 248 247 247 247 247 248 248 248 249 249 249 249 249 249 249 249 249 249 249 249 249 249 249 248 248 248 249 250 250 247 243 
0 0 0 0 0 0 0 0 1 1 1 1 1 1 1 2 1 3 5 3 26 81 182 254 253 251 251 250 250 250 251 251 251 250 250 251 251 250 250 249 249 249 249 249 249 248 248 248 248 248 248 248 248 248 249 249 248 248 248 248 245 243 236 224 229 241 248 249 247 247 249 249 248 248 248 248 249 249 249 249 248 249 249 249 248 248 249 249 248 250 251 251 250 250 249 248 248 250 251 251 251 251 251 249 247 247 248 248 248 248 248 248 248 248 249 249 249 248 248 249 249 249 249 249 249 249 248 248 248 248 248 248 246 246 
0 0 0 0 0 0 0 0 1 1 1 1 1 1 2 2 2 7 9 11 39 100 195 249 249 250 250 250 250 249 249 249 249 249 250 250 250 250 249 249 249 249 249 249 249 249 249 249 249 249 249 249 249 249 249 249 247 244 243 242 242 242 236 228 226 236 243 245 245 245 248 249 247 247 247 247 247 247 247 245 247 248 249 248 248 248 248 249 249 249 251 251 250 248 245 243 243 247 250 250 249 249 249 248 247 247 248 248 248 248 248 249 249 249 249 249 249 249 249 249 249 249 249 249 249 249 249 249 248 247 245 247 246 248 
0 0 0 0 0 0 0 0 1 1 1 1 1 1 2 2 1 4 8 10 39 118 213 252 251 249 250 250 249 249 249 249 249 249 250 249 249 249 249 248 249 249 249 249 249 249 249 250 249 250 250 249 249 249 249 249 248 247 245 244 247 247 244 244 238 242 245 245 244 244 244 245 244 245 244 244 243 244 245 245 247 247 248 248 248 248 248 248 249 249 247 245 247 247 243 240 238 243 247 248 248 248 247 247 248 248 248 249 249 249 249 249 249 248 248 248 248 249 249 249 248 248 248 248 248 248 249 249 250 252 252 251 249 250 
0 0 0 0 0 0 0 0 1 1 1 1 1 1 1 2 1 3 5 8 40 123 216 254 253 248 250 249 249 249 249 249 249 248 248 249 249 248 249 249 249 249 249 249 250 249 249 249 249 249 250 249 249 249 249 249 250 250 250 250 251 251 248 249 249 248 248 248 247 247 247 248 248 248 247 247 247 247 247 248 248 248 249 248 248 248 248 249 249 248 247 243 243 244 242 241 241 243 247 248 249 248 247 247 248 248 248 249 249 249 248 248 248 247 247 247 245 244 244 245 247 248 248 248 248 248 247 245 244 247 250 243 230 236 
0 0 0 0 0 0 0 0 1 1 1 1 0 0 1 1 1 2 4 5 23 64 153 235 253 248 250 249 249 249 249 249 249 248 248 248 248 248 248 249 249 248 249 248 248 249 249 249 249 249 249 249 249 249 249 249 250 250 251 251 251 250 249 249 249 249 249 248 248 248 249 248 249 249 249 249 250 250 249 249 249 249 249 248 248 248 248 249 249 248 247 243 243 245 245 245 245 247 248 248 248 248 247 248 247 248 248 248 248 248 248 248 248 248 248 248 248 247 247 248 248 248 248 248 247 247 247 247 207 182 173 170 164 169 
0 0 0 0 0 0 0 0 1 1 1 1 0 0 1 1 1 2 4 5 14 30 100 191 241 248 249 249 250 249 249 249 249 248 248 248 248 248 248 248 249 248 248 249 248 248 248 249 248 249 249 249 249 249 249 249 249 249 249 251 251 249 249 249 249 249 249 249 249 249 249 249 248 248 249 249 249 248 248 249 248 248 248 248 248 248 248 248 248 248 248 247 247 248 247 247 247 247 248 248 248 248 247 248 248 248 249 249 249 249 249 249 249 249 249 249 248 248 248 248 248 248 248 248 247 247 247 247 182 126 87 72 73 75 
0 0 0 0 0 0 0 0 1 1 1 1 0 0 1 1 1 2 4 5 10 19 61 148 224 249 247 250 250 249 249 249 249 249 249 249 249 249 249 249 249 249 249 249 249 249 249 249 248 249 249 249 249 249 249 249 250 249 249 249 249 250 251 250 249 249 249 249 249 249 249 249 250 250 250 250 250 250 249 249 249 248 248 248 248 248 248 248 248 249 249 249 249 249 249 249 248 249 249 249 249 249 248 248 248 248 248 248 248 248 248 248 249 249 249 249 248 249 249 249 248 248 247 247 247 247 247 245 201 156 106 50 17 16 
0 0 0 0 0 0 0 0 1 1 1 1 0 0 1 1 1 2 4 3 10 18 38 95 188 237 243 248 250 249 249 249 248 248 248 248 248 248 249 249 249 249 249 249 249 248 248 249 249 249 249 249 249 249 249 249 250 249 249 249 249 251 251 250 250 250 250 250 250 250 250 250 250 250 250 249 249 249 248 248 248 248 248 248 248 248 248 249 249 249 251 251 250 249 249 249 249 249 249 249 249 249 248 249 248 248 248 248 248 248 248 248 249 249 249 249 248 248 248 248 248 248 247 248 248 248 248 247 238 228 200 128 51 22 
0 0 0 0 0 0 0 0 1 1 1 1 0 0 1 1 1 1 1 1 9 13 19 72 182 238 245 245 248 249 249 249 249 248 248 248 249 249 249 249 248 248 248 248 247 247 248 249 249 249 249 249 249 249 249 249 249 248 248 247 249 250 251 250 249 249 249 249 249 249 249 250 250 250 250 250 250 250 249 249 249 249 249 248 248 248 248 249 250 250 250 251 251 250 249 249 248 249 249 250 249 249 249 249 248 248 248 248 248 248 248 249 249 249 249 248 247 247 247 247 238 240 245 248 249 249 247 247 247 246 245 212 131 54 
0 0 0 0 0 0 0 0 1 1 1 1 0 0 1 1 1 0 0 0 6 11 8 72 192 244 247 248 248 249 249 250 249 249 249 249 249 248 248 248 247 247 245 245 245 245 247 248 248 248 248 248 249 248 248 249 248 248 248 249 250 250 250 250 249 249 249 249 249 249 249 249 249 249 249 250 250 250 249 249 249 249 249 248 248 248 248 249 250 245 242 243 247 249 249 248 249 249 250 250 249 250 249 249 249 249 249 249 249 249 249 249 249 249 249 249 248 247 247 247 235 237 243 244 249 249 247 247 245 244 245 241 175 71 
0 0 0 0 0 0 0 0 1 1 1 1 0 0 1 1 0 0 1 1 5 11 10 80 180 242 252 248 249 249 249 249 248 248 248 248 249 248 248 248 247 245 244 243 244 245 247 248 247 248 248 247 248 247 248 249 248 248 247 247 248 245 245 247 249 249 249 249 249 249 249 249 248 248 248 249 249 249 249 249 248 248 247 247 247 248 248 248 249 241 228 227 240 248 248 247 248 248 249 249 248 249 248 249 249 249 248 247 247 248 248 248 248 247 247 247 246 246 245 245 243 243 247 247 247 249 247 247 245 244 242 222 150 57 
0 0 0 0 0 0 0 0 1 1 1 1 0 0 1 1 0 0 1 1 5 11 15 98 189 240 249 245 249 249 249 249 248 248 248 248 249 248 248 248 247 247 244 243 244 245 245 248 247 248 248 247 247 247 248 248 247 247 247 245 240 235 240 244 247 247 247 247 247 247 247 248 248 248 248 248 248 248 247 247 247 245 245 244 247 248 248 248 248 243 237 236 244 247 245 247 247 247 247 247 245 248 248 248 244 240 241 247 249 247 247 245 247 244 244 242 243 243 243 243 244 244 247 247 244 247 247 247 245 231 202 153 88 32 
0 0 0 0 0 0 0 0 0 0 0 0 0 0 1 1 1 1 1 1 3 9 18 118 209 250 248 247 248 247 247 247 248 248 248 248 249 249 249 248 247 247 244 243 244 247 247 247 247 247 247 245 247 245 248 249 248 248 247 244 244 245 244 244 245 245 245 245 244 245 245 244 245 243 243 243 242 243 243 243 243 243 242 240 243 248 247 244 245 244 247 249 245 247 247 247 247 244 243 243 247 248 248 240 212 196 194 207 217 216 217 220 222 228 235 236 230 235 241 241 241 243 244 244 242 233 230 231 220 177 111 60 31 19 
0 0 0 0 0 0 0 0 0 0 0 0 0 0 1 1 1 1 1 2 2 9 22 110 199 245 252 247 247 247 247 248 247 248 248 248 249 249 249 249 248 245 243 243 245 248 247 247 247 247 245 243 244 247 248 249 248 249 248 242 234 235 242 244 244 244 245 245 243 243 242 240 238 237 237 238 237 241 242 243 243 243 240 234 238 244 244 241 242 244 248 250 247 247 247 248 248 248 248 247 247 248 248 237 209 179 148 137 157 180 189 194 206 219 234 237 233 234 237 240 240 240 240 240 238 219 191 182 174 141 81 36 22 21 
0 0 0 0 0 0 0 0 0 0 0 0 0 0 1 1 1 1 1 1 2 9 16 81 181 243 252 247 247 247 248 249 248 248 248 249 249 249 249 249 248 245 242 241 248 249 249 249 248 247 243 241 243 247 248 249 249 249 245 234 221 226 240 243 244 244 245 245 243 240 237 237 237 240 241 241 242 243 241 238 240 240 241 242 244 245 245 241 240 244 249 250 249 248 249 249 248 247 247 249 251 251 250 245 236 216 178 149 160 198 214 213 228 238 244 238 238 245 248 249 249 248 247 245 245 218 167 137 130 122 81 39 23 24 
0 0 0 0 0 0 0 0 0 0 0 0 0 0 1 1 1 1 1 1 3 8 10 73 184 242 248 245 247 247 248 249 249 249 249 248 249 249 249 249 250 248 244 243 248 249 249 250 250 250 248 244 244 247 248 248 247 247 245 240 234 236 242 247 247 245 245 248 245 240 234 237 241 241 240 236 235 233 223 214 221 230 237 238 238 237 237 236 236 238 241 241 238 238 241 234 220 206 212 230 241 241 242 242 243 244 231 215 214 226 228 228 231 236 228 207 202 214 213 208 208 209 212 213 208 185 142 110 104 94 66 32 15 16 
0 0 0 0 0 0 0 0 0 0 0 0 0 0 1 1 1 1 1 2 4 5 8 67 171 240 247 247 248 248 248 248 249 249 249 248 249 249 249 249 250 249 249 250 250 250 250 250 250 250 249 247 247 247 247 248 247 248 248 249 249 248 248 248 248 247 245 247 248 242 237 240 245 244 240 234 230 229 223 215 223 228 231 230 229 226 223 219 207 199 201 207 209 209 211 206 191 173 175 193 200 198 200 203 205 207 202 191 184 175 166 169 177 184 174 150 136 132 125 123 123 124 128 130 123 108 96 108 118 104 81 61 50 45 
0 0 0 0 0 0 0 0 0 0 0 0 0 0 1 1 1 1 1 1 8 7 7 65 164 236 248 244 248 248 248 248 248 248 248 248 249 249 249 249 249 248 249 251 250 249 249 249 249 249 249 248 248 247 247 249 248 249 249 250 250 249 249 249 249 249 248 247 249 248 245 247 248 248 245 243 243 241 242 243 243 242 241 240 235 233 229 220 205 195 199 208 212 214 216 218 216 207 202 200 196 194 192 191 191 184 166 152 149 145 143 148 158 164 160 148 134 122 123 129 131 134 134 132 128 124 131 159 184 182 172 163 153 146 
0 0 0 0 0 0 0 0 0 0 0 0 0 0 1 1 1 1 2 3 8 8 10 61 159 233 248 245 248 248 248 248 247 248 248 248 249 249 248 249 249 248 249 249 248 241 242 247 249 250 250 248 248 247 249 249 248 249 249 248 245 245 248 249 250 249 248 248 249 250 249 249 249 249 249 249 249 249 249 249 250 250 250 250 250 248 247 244 240 240 242 243 244 247 248 248 247 247 246 241 238 237 235 234 231 226 215 209 208 209 213 217 217 215 213 208 202 202 209 215 219 217 214 215 214 215 223 231 242 246 247 246 242 236 
0 0 0 0 0 0 0 0 0 0 0 0 0 0 1 1 1 1 2 3 8 9 9 53 143 230 248 247 249 248 248 247 248 248 248 248 249 250 249 249 249 247 248 248 248 242 244 248 249 249 249 248 248 248 249 249 249 249 249 249 248 248 248 248 249 249 249 249 250 250 250 249 249 249 250 249 249 248 247 245 247 248 250 250 250 249 249 248 248 249 251 249 249 250 249 249 248 248 248 249 250 250 249 249 249 250 251 251 250 249 250 250 249 249 248 247 246 247 246 246 247 246 245 246 245 245 247 248 248 249 250 251 251 250 
1 1 1 1 1 1 1 1 1 1 1 1 1 1 1 1 1 1 2 2 8 9 8 57 156 233 248 248 250 248 248 248 248 248 248 248 249 250 248 244 243 244 245 249 248 248 248 248 248 248 248 248 248 249 249 249 249 248 249 250 249 249 248 248 248 248 249 249 249 250 250 249 249 250 250 249 250 250 248 247 247 249 249 247 245 247 248 247 247 247 247 248 247 248 247 247 248 248 249 249 249 249 249 249 249 249 251 251 251 248 248 248 249 250 250 249 249 248 245 245 247 247 247 248 248 247 247 248 247 247 244 243 246 246 
1 1 1 1 1 1 1 1 1 1 1 1 1 1 1 2 1 1 2 2 5 14 14 64 170 236 249 249 249 248 249 249 248 248 248 248 248 249 244 236 233 237 248 249 248 248 248 248 248 248 248 248 247 248 248 249 248 247 242 231 222 222 234 242 248 250 250 249 248 249 249 249 248 249 249 248 249 249 249 249 249 249 250 248 248 248 248 245 244 247 248 248 249 249 248 248 249 249 249 249 249 249 249 249 248 249 250 250 249 248 247 247 247 247 248 248 248 248 248 248 248 248 249 249 248 249 250 250 250 250 249 250 251 251 
1 1 1 1 1 1 1 1 1 1 1 1 1 1 1 2 1 1 2 3 4 19 36 87 187 238 249 249 247 247 248 248 247 248 248 248 247 248 244 240 238 242 248 249 249 248 248 248 248 248 248 247 248 249 248 248 247 245 236 213 189 188 212 233 243 249 251 249 249 249 248 249 249 248 249 249 249 250 249 249 248 248 247 247 246 246 244 242 244 248 249 249 249 249 249 249 249 249 250 250 250 250 249 249 248 248 248 247 243 243 243 243 244 247 249 249 249 249 249 251 251 251 250 250 250 249 248 248 247 247 247 248 249 250 
1 1 1 1 1 1 1 1 1 1 1 1 1 2 2 2 1 2 3 3 4 5 52 143 221 245 247 247 247 247 247 248 247 247 247 247 247 247 247 247 247 247 248 249 249 248 248 248 247 247 247 247 247 248 248 248 247 247 241 224 208 205 220 236 242 249 250 249 249 249 249 249 249 249 249 249 249 250 249 248 238 230 228 230 232 235 239 242 244 248 249 249 250 250 249 249 249 249 249 250 250 250 249 249 249 248 248 245 240 238 238 238 242 247 248 248 249 248 248 248 247 247 245 244 245 244 240 236 235 237 238 236 234 238 
1 1 1 1 1 1 1 1 1 1 1 1 1 2 2 2 1 2 3 4 10 15 84 188 242 248 244 245 245 247 247 247 247 247 247 247 247 247 248 249 249 250 250 249 249 248 248 248 247 247 245 245 245 243 243 247 247 247 247 245 243 241 243 245 247 249 250 250 249 249 251 250 249 249 248 248 249 249 249 248 236 223 216 220 231 238 243 246 247 249 249 249 250 250 250 250 249 249 249 249 250 250 249 249 249 249 249 248 244 244 244 244 247 247 249 249 248 248 248 248 248 247 247 247 245 243 241 237 238 240 242 241 237 238 
1 1 1 1 1 1 1 1 1 1 1 1 1 2 1 1 1 2 4 5 17 46 131 215 249 248 245 245 247 247 247 248 248 247 247 248 249 248 248 249 249 249 249 249 249 248 248 248 248 247 247 247 244 242 243 245 247 248 249 249 248 249 249 249 249 249 250 250 249 250 251 251 250 249 247 248 248 248 247 247 244 238 234 238 245 248 249 249 249 248 249 249 250 250 250 250 249 249 249 249 249 249 249 249 249 249 249 249 249 249 249 250 249 249 249 249 249 249 249 249 250 250 250 249 249 249 249 248 249 248 248 249 248 248 
1 1 1 1 1 1 1 1 1 1 1 1 1 1 1 0 0 3 8 11 23 77 178 233 250 247 247 247 247 247 247 248 248 248 248 248 248 249 249 249 249 249 249 249 249 249 249 249 248 248 248 248 247 247 247 248 247 248 248 248 247 247 248 248 249 249 249 249 249 249 250 250 249 249 248 248 249 249 248 248 249 250 249 249 249 249 249 249 249 248 249 249 250 250 249 249 249 249 249 249 249 249 249 249 249 249 249 249 249 249 250 251 249 249 249 249 249 249 249 249 249 249 249 249 248 248 248 249 248 248 248 249 249 249 
1 1 1 1 1 1 1 1 1 1 1 1 1 1 1 1 1 4 18 15 43 114 194 240 250 246 247 247 248 248 248 248 248 248 249 248 248 249 249 249 249 249 249 249 249 249 249 250 249 249 249 249 249 249 248 249 248 248 248 247 247 248 248 248 249 249 249 249 249 249 250 250 249 249 249 249 249 250 249 248 247 248 248 249 249 248 248 248 248 248 248 249 250 250 249 249 249 249 249 249 249 249 249 250 249 249 249 249 249 249 249 250 249 249 249 249 249 249 249 249 249 249 249 248 248 248 248 248 248 248 248 248 249 249 
1 1 1 0 0 0 1 0 0 0 0 1 1 1 1 2 3 5 19 28 66 153 230 244 252 248 249 248 248 248 248 248 248 248 248 248 249 249 249 249 249 249 249 249 249 249 249 249 249 249 250 250 249 248 248 247 247 247 247 247 248 248 249 248 249 249 249 249 248 249 249 249 249 248 249 249 250 250 248 248 247 248 249 249 249 248 247 247 248 248 248 249 250 249 249 250 249 249 249 249 249 249 249 249 249 249 249 249 249 249 249 249 249 249 249 249 249 249 249 249 248 248 248 247 248 248 247 247 247 247 248 248 249 249 
1 1 1 0 0 0 1 0 0 0 0 1 1 1 2 3 7 7 11 37 106 196 244 246 250 249 249 249 249 249 248 248 248 248 248 248 249 249 249 249 249 249 249 249 249 249 249 249 249 249 249 249 248 248 245 244 243 243 245 245 247 247 249 249 249 249 249 249 249 249 248 248 248 249 249 249 250 250 249 248 248 248 248 247 247 248 249 249 250 250 251 251 251 250 250 250 249 249 249 249 249 249 249 250 249 249 248 248 249 249 249 249 249 249 249 249 249 248 249 249 248 248 248 248 248 248 247 247 248 248 248 248 248 248 
1 1 1 0 0 0 1 0 0 0 0 1 1 2 3 3 11 5 9 57 151 226 247 248 250 249 249 249 249 249 248 248 248 247 247 248 249 249 249 249 249 249 249 249 249 249 249 249 249 249 249 249 248 247 244 238 228 230 235 238 244 247 249 249 249 249 249 249 249 249 248 248 248 249 249 249 250 250 249 248 247 245 244 245 244 247 249 249 249 250 251 251 251 250 250 250 250 250 250 250 250 250 250 250 250 250 250 249 249 249 249 250 249 249 249 249 249 248 249 249 248 248 249 249 249 249 249 249 248 248 249 249 247 247 
1 1 1 0 0 0 1 0 0 0 0 1 1 2 3 5 9 4 18 85 173 230 247 248 249 248 249 249 249 249 248 248 248 248 248 248 248 248 249 249 249 249 249 250 249 249 249 249 248 249 249 249 245 244 240 235 229 231 236 240 245 248 250 250 251 250 249 249 249 249 249 248 249 250 250 249 251 251 250 249 247 245 247 248 248 249 249 249 248 249 250 251 251 251 250 250 250 250 250 250 250 250 250 250 250 250 251 250 249 249 249 250 250 249 249 249 249 249 249 249 248 249 249 249 248 249 249 250 249 249 249 247 247 247 
1 1 1 0 0 0 1 0 0 0 0 1 1 2 3 9 9 10 29 102 197 243 245 247 248 248 248 248 248 248 248 248 247 247 247 247 247 247 248 249 248 248 249 250 249 249 249 248 245 245 244 245 245 244 242 241 240 241 244 244 247 247 247 247 247 245 245 244 245 245 244 244 244 245 247 245 247 247 244 242 241 241 242 245 248 248 248 249 248 248 249 248 245 248 249 249 248 248 248 248 248 248 248 248 249 249 249 250 250 250 249 250 249 249 249 249 249 249 249 249 248 250 251 251 250 250 249 248 248 247 245 245 248 248 
1 1 1 0 0 0 1 0 0 0 0 1 1 2 3 7 7 17 54 136 218 248 244 247 247 248 248 248 248 247 247 247 247 245 245 245 245 245 247 247 245 247 247 245 244 244 244 243 243 242 242 243 243 242 242 242 242 244 245 243 241 240 240 240 240 238 238 240 240 238 238 238 238 238 240 240 240 240 237 236 235 237 237 238 241 242 244 245 244 244 244 244 242 242 247 248 248 248 248 248 248 248 248 248 247 248 249 249 249 249 249 249 249 249 249 249 249 249 249 249 249 251 251 250 248 247 244 243 242 242 243 245 247 248 
1 1 1 0 0 0 1 0 0 0 1 2 1 3 3 6 2 25 97 194 245 247 245 248 248 248 248 247 245 243 245 247 248 247 247 247 245 247 247 247 247 247 247 247 244 242 241 241 241 242 243 245 243 242 241 244 244 245 247 244 243 242 240 240 240 240 240 240 240 241 241 240 240 242 242 242 244 244 242 241 240 241 241 238 240 242 243 243 244 244 244 243 244 244 245 247 247 247 247 247 247 247 248 248 247 248 249 249 248 249 250 249 249 249 248 250 249 249 250 250 249 244 240 236 236 240 241 242 242 240 241 245 248 248 
1 1 1 0 0 0 1 0 0 0 1 2 2 4 4 6 7 42 123 210 247 244 244 248 248 248 248 247 245 244 245 248 248 248 248 248 249 249 248 248 249 249 249 248 248 245 245 245 245 245 247 247 247 247 247 248 248 248 248 248 248 248 244 243 245 247 247 247 247 247 247 245 245 247 247 247 248 249 249 248 245 245 247 248 247 247 245 247 247 248 247 245 247 248 248 248 247 248 248 248 248 248 248 248 248 249 249 249 249 250 250 250 249 249 248 250 250 249 251 251 247 236 228 224 228 238 241 242 242 243 244 247 248 249 
0 0 0 0 0 0 1 0 0 0 0 0 1 2 5 3 8 64 157 230 248 244 244 247 248 247 247 247 244 243 245 248 249 248 248 248 250 250 248 248 250 249 249 248 248 249 249 249 249 249 249 248 249 249 250 250 249 249 249 249 250 250 249 248 249 249 249 249 248 248 248 247 248 248 247 248 248 248 248 249 249 247 247 247 245 243 242 242 243 243 244 244 244 247 248 248 249 249 249 249 249 249 249 249 249 249 248 248 249 249 249 249 248 248 248 249 249 249 250 250 247 240 233 230 234 241 242 244 243 244 247 248 249 248 
0 0 0 0 0 0 1 1 1 1 2 2 2 3 5 6 25 90 188 241 247 246 245 247 249 248 249 249 248 248 248 249 249 248 248 248 248 248 248 249 249 249 249 248 248 249 249 249 249 249 249 249 249 249 249 249 249 249 249 248 249 249 249 249 249 249 249 249 248 248 249 249 249 249 249 249 248 248 249 249 249 248 244 242 240 238 238 240 242 244 244 244 245 248 248 248 249 249 249 249 249 249 249 249 249 248 249 249 250 250 249 248 248 248 247 245 245 248 249 249 249 249 249 245 247 248 247 248 247 247 245 247 248 248 
0 0 0 0 0 0 1 1 1 1 2 2 2 4 5 14 43 125 221 248 245 247 247 247 249 249 249 249 250 250 249 249 249 249 249 248 249 249 249 249 249 249 249 249 249 249 249 249 249 248 248 248 248 248 248 249 249 249 249 249 249 249 250 250 249 250 250 250 250 250 250 250 249 249 249 250 250 251 251 250 249 248 245 243 240 240 242 242 247 248 247 248 249 249 248 249 249 250 250 250 250 250 250 250 249 249 248 249 250 250 249 249 248 247 245 245 247 247 248 248 249 251 251 250 248 249 248 248 247 247 247 247 247 247 
0 0 0 0 0 0 1 1 1 1 2 2 3 5 9 12 80 177 237 245 246 248 248 248 249 249 249 249 248 248 248 249 249 249 249 248 249 249 249 249 249 249 249 249 249 249 248 248 247 247 247 247 247 247 248 248 248 249 249 249 249 249 250 250 249 249 249 249 249 249 249 249 249 249 249 249 249 249 249 249 248 249 249 248 243 243 244 244 249 249 249 249 249 249 249 249 249 249 249 249 249 249 249 249 248 249 248 249 249 249 249 249 249 248 247 247 249 250 250 250 250 249 249 248 247 249 248 249 249 249 250 249 249 249 
0 0 0 0 0 0 1 1 1 1 2 2 2 5 11 24 116 200 238 245 247 250 249 249 248 249 249 249 248 248 248 249 249 249 249 248 249 249 249 249 250 249 249 249 249 249 248 248 247 248 248 248 248 248 248 249 249 249 249 249 249 249 250 250 249 249 249 249 249 249 249 249 249 249 249 249 248 247 245 245 245 249 249 249 248 245 245 245 249 250 249 249 249 249 249 249 248 248 248 248 248 248 248 248 248 248 247 247 247 247 247 247 245 245 245 244 247 247 247 249 249 245 245 245 245 245 247 249 249 249 249 248 247 245 
0 0 0 0 0 0 1 1 1 1 2 2 2 5 12 45 148 221 245 245 247 249 249 248 249 249 249 249 248 248 248 249 249 249 249 249 249 249 250 250 250 249 249 249 249 249 249 249 249 249 249 249 249 249 249 249 249 249 249 249 249 249 249 249 249 249 249 249 249 249 249 249 249 249 249 249 248 247 245 247 247 249 249 248 249 248 247 248 249 249 249 249 249 249 249 249 248 248 248 248 248 248 248 248 245 247 244 243 243 242 241 241 240 242 243 243 243 243 245 247 247 245 243 244 244 244 245 247 247 247 248 245 244 243 
0 0 0 0 0 1 1 1 3 3 2 4 2 5 14 66 167 243 251 247 248 249 248 248 249 249 249 249 249 249 248 249 249 249 249 248 249 249 249 249 249 249 249 249 249 249 249 249 249 249 249 249 249 249 249 249 249 249 249 249 249 249 249 249 249 249 249 249 249 249 249 249 249 249 249 249 248 249 249 248 249 249 249 249 249 248 248 248 249 249 249 249 249 249 249 249 248 248 248 248 248 248 248 248 247 248 247 243 244 243 242 242 241 242 243 243 243 243 244 244 244 245 244 242 241 241 242 243 244 244 242 243 242 243 
1 1 1 1 1 1 1 1 3 4 3 6 3 5 24 99 221 253 250 247 249 249 248 248 249 249 249 249 249 249 249 249 249 249 249 248 249 249 249 249 249 249 249 249 250 249 249 250 249 249 249 249 249 249 249 249 249 249 249 249 249 249 250 250 249 249 249 249 249 249 249 249 249 249 249 249 249 250 250 250 250 249 249 250 250 249 249 249 249 249 249 249 248 248 249 249 248 248 248 249 248 249 249 249 249 248 248 248 247 247 245 244 244 243 243 244 244 243 237 224 214 208 205 200 194 192 193 194 194 195 194 199 201 203 
1 1 1 1 1 2 2 2 4 4 2 7 4 17 75 175 238 252 249 248 249 248 248 248 248 248 248 248 250 251 249 249 249 249 249 248 249 249 249 249 249 249 249 250 250 250 250 250 250 249 249 249 249 249 249 249 249 249 248 249 249 249 249 249 249 249 249 249 249 249 249 249 249 249 248 249 249 248 250 250 250 249 249 250 249 249 248 248 249 249 249 249 248 249 249 249 249 249 249 248 248 248 248 248 249 249 249 249 249 249 248 247 245 245 244 244 244 243 236 212 181 163 152 148 139 130 120 116 116 117 118 123 125 129 
1 1 1 1 1 2 2 2 4 4 3 9 6 29 114 210 242 251 250 248 248 248 248 248 248 248 248 247 251 252 249 248 248 248 248 247 248 248 248 248 249 249 249 250 250 250 250 250 250 249 249 249 249 249 249 249 249 249 249 249 249 249 249 249 249 248 248 248 248 248 248 248 248 248 248 248 248 248 250 250 249 249 249 249 249 249 249 249 249 249 249 249 249 249 249 249 249 249 249 249 248 249 249 249 249 249 249 249 249 248 248 248 248 248 248 247 247 244 236 217 193 180 173 166 156 140 124 111 101 100 100 97 99 100 
1 1 1 1 1 2 2 2 4 5 5 12 12 40 135 227 249 252 250 248 248 248 248 249 248 248 247 243 241 241 244 247 247 247 248 247 248 248 248 248 249 249 250 250 250 250 250 250 250 249 249 249 249 249 249 249 249 249 249 249 249 249 249 249 249 248 248 248 248 248 248 248 248 248 248 248 248 248 250 250 250 249 249 249 249 249 249 249 249 249 249 249 249 249 249 249 249 249 249 249 248 249 249 250 250 250 250 250 250 249 250 250 249 250 249 249 249 245 243 236 231 229 224 220 209 195 182 169 156 150 146 142 137 132 
1 1 1 1 1 1 2 2 3 5 9 13 16 52 146 236 248 252 250 249 249 249 249 249 249 245 242 231 219 207 216 237 241 243 247 247 245 245 248 249 249 249 250 250 250 250 250 250 250 249 249 249 249 249 249 249 249 249 249 249 249 249 249 249 249 248 248 248 248 248 248 248 248 248 248 248 249 249 249 250 250 249 249 249 249 249 249 249 249 249 249 249 249 249 249 249 249 249 249 249 249 250 251 250 250 250 250 251 251 250 251 251 250 250 249 249 249 249 247 247 245 245 245 242 240 235 230 228 226 220 219 214 208 200 
1 1 1 1 1 2 1 1 4 5 8 13 18 68 167 238 250 249 248 249 249 249 249 249 248 247 245 242 228 212 215 230 238 242 245 247 247 248 249 249 249 250 250 250 250 250 250 250 250 250 250 249 249 249 249 249 249 249 249 249 249 249 249 249 249 248 248 248 248 248 248 248 248 248 248 248 248 248 250 250 250 249 249 249 249 249 249 249 249 249 249 249 249 249 249 249 249 249 249 249 249 250 251 249 245 243 242 244 248 249 249 250 250 248 249 249 249 249 248 248 247 248 247 247 247 247 248 249 249 249 251 250 248 246 
1 1 1 1 1 2 1 1 4 5 0 12 22 77 178 243 252 252 249 249 249 249 249 250 250 251 250 250 248 244 241 240 240 243 247 248 248 249 248 248 249 249 250 250 250 249 248 248 248 248 249 249 248 248 248 248 248 248 248 248 248 248 248 247 248 248 245 247 248 247 247 247 247 247 247 247 248 248 248 248 247 247 247 247 247 248 248 248 248 248 248 248 248 248 248 248 248 248 249 249 249 248 247 247 242 237 236 238 242 244 244 245 245 245 245 245 245 245 245 245 245 244 244 245 245 245 244 242 243 244 245 247 247 247 
1 1 1 1 1 2 2 2 3 4 3 11 21 74 180 243 247 252 251 249 249 249 249 250 249 249 248 244 247 250 249 249 249 249 249 250 250 250 249 249 250 250 249 249 250 249 249 248 248 248 249 250 250 250 250 252 252 250 250 250 250 250 250 252 252 251 251 252 252 252 252 249 248 249 249 248 247 247 248 248 248 248 249 249 249 249 248 248 248 247 248 249 249 249 249 249 250 249 249 249 249 248 248 248 247 244 243 244 245 245 247 247 248 248 248 248 249 249 248 248 248 247 247 247 247 244 244 244 245 245 246 246 245 245 
1 1 1 1 2 2 2 2 2 4 5 11 21 82 191 243 248 252 251 249 249 249 249 250 250 250 249 247 247 249 249 249 249 249 249 249 249 245 244 244 244 244 244 243 243 243 243 244 243 242 242 244 244 244 243 242 243 243 244 244 244 244 245 245 243 240 238 240 242 244 245 245 246 247 246 246 245 245 246 246 246 247 248 248 249 248 248 248 247 247 247 247 247 244 244 245 245 245 245 247 247 248 249 250 251 249 249 249 248 248 248 249 249 249 251 252 252 252 249 247 245 244 242 241 241 242 243 245 246 247 248 248 247 244 
0 0 1 1 2 2 1 0 2 3 8 9 35 121 208 245 248 251 250 249 250 250 249 249 249 250 249 248 247 242 233 219 219 223 221 219 224 217 205 198 195 189 183 183 184 182 182 182 186 188 190 190 189 187 185 183 183 182 179 178 179 179 181 184 174 164 164 166 173 178 185 192 193 195 200 200 200 199 196 195 195 195 196 198 198 199 200 200 199 200 200 200 198 196 196 195 196 201 205 207 209 214 218 221 219 214 210 209 209 209 209 209 210 212 214 214 214 213 209 209 207 202 200 200 201 205 209 210 215 215 215 217 219 219 
0 0 1 1 1 2 1 1 2 3 9 12 57 152 230 249 248 250 249 248 249 246 245 245 245 242 238 233 228 219 198 178 173 172 169 171 175 166 152 145 141 134 128 126 124 122 114 112 115 117 121 124 124 124 124 123 122 119 116 115 115 116 118 120 115 109 108 110 115 120 124 125 124 127 131 131 130 128 127 127 125 125 124 121 116 113 113 115 117 118 121 121 122 124 127 129 129 132 136 137 139 144 147 150 149 148 146 146 146 145 143 139 136 129 128 128 135 142 149 156 157 157 157 158 158 163 166 173 182 181 182 182 184 184 
0 0 1 1 1 1 1 1 1 2 11 17 66 171 244 253 247 248 247 247 247 245 245 243 238 231 227 222 216 210 199 183 176 168 159 156 155 152 150 150 153 153 153 152 148 143 138 130 123 120 121 130 142 145 146 146 145 143 143 144 144 145 145 145 148 150 150 150 146 138 131 125 123 128 132 134 132 132 132 130 128 124 121 111 99 90 87 87 89 93 97 99 103 107 110 112 113 114 116 117 117 122 125 132 138 142 143 145 144 144 144 135 124 114 110 111 124 144 162 172 179 184 186 187 188 193 196 201 203 205 206 207 205 202 
0 0 1 1 2 2 2 2 2 4 11 23 77 191 244 252 247 247 248 248 245 243 243 243 241 237 234 229 228 229 229 227 223 216 205 192 191 198 201 207 216 220 220 219 215 212 209 209 201 194 194 202 215 221 221 219 217 216 219 220 220 219 219 217 217 223 224 223 218 206 194 187 191 199 202 202 202 201 200 196 194 192 188 181 172 165 163 158 157 160 164 163 165 168 173 175 175 177 179 180 181 182 180 189 201 203 203 205 205 203 202 199 196 191 186 184 194 210 222 228 232 233 233 233 236 238 237 237 236 237 237 237 237 234 
0 0 0 0 1 2 2 3 3 5 13 27 97 199 244 249 249 248 248 247 244 245 244 244 244 245 248 245 244 245 246 246 244 243 241 235 230 235 241 244 246 246 243 242 241 242 244 246 245 244 245 247 249 249 249 249 249 249 248 248 247 247 247 245 244 246 249 248 246 242 237 238 244 246 244 243 241 239 241 241 239 241 241 241 239 237 234 231 230 231 233 234 234 235 236 237 236 237 237 238 239 239 240 240 241 242 244 244 244 244 243 243 244 244 244 244 244 247 249 248 248 248 249 248 249 249 250 251 251 251 251 251 250 250 
0 0 0 0 1 2 3 3 4 8 13 38 136 216 245 250 249 248 247 248 248 247 247 247 248 250 251 251 248 247 246 244 245 246 247 247 246 246 246 246 245 242 236 233 238 243 244 246 247 247 248 248 248 247 248 248 249 249 248 248 249 249 247 246 243 243 244 246 247 248 251 251 250 249 248 247 246 245 246 246 247 247 247 248 249 249 246 246 247 247 249 249 249 249 247 247 245 245 245 245 246 246 247 247 246 246 247 247 246 246 246 246 246 247 248 248 248 249 248 246 247 248 248 247 248 248 248 249 249 249 248 248 248 248 
1 1 1 1 1 2 3 3 5 10 17 53 162 235 247 250 249 248 248 248 248 248 249 249 249 250 251 250 249 248 248 247 248 248 250 249 249 249 249 249 247 244 235 233 241 245 245 247 247 247 247 248 248 248 249 249 250 250 248 249 250 250 248 248 247 243 241 242 243 245 249 249 248 248 247 247 247 245 247 247 247 247 246 249 249 248 247 248 248 249 249 250 250 250 249 249 249 249 249 249 249 249 249 249 249 249 249 248 248 248 248 248 249 249 249 249 249 250 249 248 248 248 248 248 248 248 247 248 248 248 247 247 247 247 
2 1 1 1 1 3 4 3 5 12 22 70 170 233 247 252 249 249 248 249 248 250 250 251 250 250 250 249 249 249 249 248 248 249 250 250 250 249 249 249 247 245 243 245 246 247 247 247 247 245 247 248 248 249 249 249 250 250 248 249 250 250 249 248 248 245 243 242 241 243 244 244 244 245 245 247 247 247 247 248 248 247 249 249 249 249 248 247 247 248 249 250 250 250 249 249 249 249 249 249 248 248 248 249 249 249 249 249 249 249 249 250 250 250 250 250 250 250 249 249 248 249 249 249 249 249 248 248 248 248 247 246 247 247 
1 0 0 0 0 2 3 3 7 14 25 86 184 243 248 250 249 248 249 249 249 249 251 250 250 249 249 248 248 249 249 248 249 250 251 251 249 249 249 249 248 247 245 248 249 247 247 247 247 245 245 247 248 248 249 249 250 250 249 250 250 250 248 248 248 247 245 244 241 241 242 241 244 245 245 247 247 247 248 248 248 248 249 248 249 248 248 248 248 249 249 250 251 251 250 250 249 249 248 248 249 249 249 249 248 250 250 249 249 249 250 250 250 250 250 249 250 249 249 249 249 248 248 248 248 249 249 249 248 248 248 248 247 248 
1 0 0 0 1 2 3 3 7 12 29 102 203 252 249 249 248 248 250 250 249 250 250 250 249 248 249 248 248 248 248 248 248 249 250 250 248 247 248 248 248 247 247 247 248 248 247 245 244 243 244 245 247 248 248 248 249 250 249 249 250 250 248 248 248 247 247 247 247 245 245 244 244 247 247 247 248 248 248 248 248 248 249 248 249 248 248 248 249 249 249 250 250 250 249 250 249 249 248 248 249 249 249 249 249 249 250 249 249 249 249 250 250 250 250 249 249 249 249 249 249 249 249 249 249 249 249 249 248 248 248 248 247 248 
1 0 0 1 1 2 3 4 7 11 33 111 205 250 248 248 247 248 249 249 249 249 249 249 249 247 248 247 248 248 248 249 248 248 249 250 247 245 248 248 248 248 248 249 249 250 247 243 242 242 243 244 245 247 248 248 248 249 249 249 249 249 248 248 248 248 249 249 249 249 249 249 249 247 247 247 249 249 250 248 248 249 249 248 249 249 249 249 250 249 249 249 250 250 249 250 250 249 249 249 249 249 250 250 249 249 250 249 250 250 249 250 250 250 250 249 249 249 249 249 249 249 249 249 249 249 249 249 249 249 249 249 249 249 
1 0 0 0 2 3 4 4 7 10 33 115 207 250 248 246 247 248 250 249 249 249 249 247 244 242 242 244 245 247 248 249 249 250 251 251 248 249 251 250 248 248 249 249 249 249 247 243 243 244 245 247 247 247 247 247 247 249 249 249 248 248 248 248 249 249 249 249 247 247 248 249 249 249 247 247 248 249 249 249 248 249 249 249 249 249 249 249 250 251 250 249 248 249 249 250 250 250 249 249 249 249 250 250 249 249 249 250 250 249 250 250 250 250 250 249 249 249 249 249 249 248 249 249 249 249 249 249 249 249 249 249 249 249 
1 0 0 1 1 2 4 2 7 11 29 101 188 234 242 244 245 247 249 242 243 242 238 235 235 237 236 241 244 245 247 247 247 245 244 241 241 243 244 246 247 247 248 248 249 250 248 248 247 247 248 248 247 247 248 248 247 247 248 249 249 248 248 247 248 248 248 247 247 247 248 249 249 249 248 249 249 249 249 249 249 248 249 249 248 248 248 249 250 251 250 249 249 249 249 249 249 249 249 249 249 249 250 250 249 249 250 250 250 250 250 250 249 249 249 249 248 248 250 249 249 249 249 248 249 249 249 249 249 248 248 248 249 249 
1 0 0 1 1 2 4 2 8 14 30 97 174 217 231 238 243 246 245 237 241 240 236 233 233 235 234 236 243 244 245 247 243 238 234 225 217 222 231 239 247 247 248 248 249 250 250 250 250 249 248 248 248 247 245 245 243 242 240 238 241 244 247 248 247 247 247 248 248 249 249 249 248 249 250 249 249 249 249 249 249 248 248 248 248 249 249 250 250 249 250 251 250 250 250 250 249 249 249 249 249 249 249 249 249 249 250 250 250 250 250 249 249 250 250 250 249 249 250 250 249 248 248 248 249 249 249 249 249 248 248 248 248 249 
2 1 0 0 2 2 4 4 9 17 31 90 173 214 224 237 241 245 248 243 243 244 244 243 241 241 241 242 244 247 247 247 245 241 236 227 214 216 229 238 245 248 248 248 245 242 243 245 245 247 247 248 248 248 247 245 242 238 236 230 230 237 245 247 249 248 245 243 241 242 247 249 249 250 252 251 250 250 249 248 248 248 249 249 249 249 250 250 249 249 249 249 250 251 249 248 248 247 248 248 248 248 249 249 249 249 249 250 250 250 249 248 248 249 249 250 251 249 248 249 248 247 248 248 248 249 249 249 249 249 247 247 247 247 
2 1 0 0 2 2 4 4 10 18 49 123 202 234 236 242 244 247 251 249 245 243 241 243 249 249 248 249 248 248 249 248 247 247 246 242 237 237 241 243 247 248 248 248 238 228 231 237 238 240 243 247 247 247 247 245 243 241 236 231 229 236 245 247 249 246 241 230 220 223 238 248 248 250 250 251 251 250 248 248 249 248 248 247 245 243 243 244 245 247 242 238 241 243 244 247 247 247 247 247 247 248 249 248 249 249 248 249 249 249 249 248 245 243 240 242 244 247 247 248 248 245 247 248 248 248 248 245 244 242 243 245 247 247 
1 1 0 0 2 3 4 4 11 17 64 165 234 248 245 245 247 248 249 249 247 241 236 237 248 249 249 249 248 250 249 249 248 248 247 246 245 246 247 247 248 249 249 247 238 227 230 237 240 241 243 247 248 248 248 247 244 241 236 228 228 236 244 247 248 245 241 231 219 221 236 245 248 249 248 249 250 249 247 249 248 242 235 231 236 236 236 240 242 240 233 230 229 233 237 241 243 245 247 247 247 245 244 241 238 237 236 235 237 238 240 243 243 233 220 222 230 237 245 248 247 247 247 247 247 248 247 241 233 231 236 244 244 245 
1 1 0 0 2 3 4 5 9 21 73 167 231 244 245 245 247 247 248 248 249 245 243 243 245 248 248 249 248 250 249 249 248 247 247 244 242 244 247 247 248 249 251 248 242 241 242 243 245 245 247 248 249 249 249 249 247 242 236 229 229 236 244 247 248 247 245 241 235 234 242 248 249 248 248 248 248 247 247 249 248 238 227 222 234 235 236 241 244 241 236 236 235 235 238 241 241 243 245 247 247 243 238 240 228 224 222 220 223 227 230 235 240 233 223 224 230 237 244 248 248 248 249 248 247 249 248 238 227 229 235 244 246 247 
1 1 0 0 2 3 4 6 8 25 92 185 241 247 248 248 248 249 250 249 249 249 250 249 250 249 249 251 251 248 240 237 241 247 248 248 245 248 248 248 249 250 251 251 250 251 249 248 248 249 249 249 250 250 249 249 248 244 242 241 240 243 247 249 248 248 247 248 248 247 249 249 249 248 248 248 248 247 249 249 245 243 237 238 243 244 247 247 248 247 245 247 248 248 247 247 245 248 247 247 247 247 245 242 235 231 230 231 234 236 237 240 241 241 238 242 245 248 248 248 248 248 249 249 249 249 249 241 230 233 237 247 247 247 
1 1 0 0 2 3 4 8 7 25 102 201 248 248 249 249 249 249 249 249 250 248 249 249 249 248 250 251 251 245 229 223 229 243 245 248 248 248 248 248 249 250 251 251 251 251 249 249 249 249 249 250 250 250 250 250 250 249 248 250 249 249 249 249 249 248 247 249 249 249 249 247 247 248 248 248 248 248 249 247 247 249 249 249 249 250 250 248 249 249 248 249 251 251 251 249 248 249 249 248 248 249 248 247 245 245 246 247 246 244 244 245 245 247 247 249 250 249 248 248 248 249 249 249 249 249 249 247 244 244 245 247 247 247 
1 1 0 0 2 3 4 8 8 22 100 208 252 248 249 249 249 249 249 250 250 249 248 248 248 249 250 251 251 247 235 230 234 245 248 248 250 249 248 248 248 249 250 250 250 250 249 249 249 250 250 250 251 251 251 252 251 251 251 251 251 250 249 249 249 248 247 249 248 248 248 247 247 248 248 248 248 248 248 247 247 248 248 247 247 250 250 249 248 249 247 245 250 250 250 249 248 249 250 249 250 250 249 248 247 248 248 248 245 247 247 247 247 248 249 250 249 248 248 248 249 249 249 249 249 249 249 249 251 251 250 249 249 248 
1 1 0 0 2 3 4 6 7 22 96 200 248 248 248 248 249 249 250 249 249 249 248 248 248 250 250 250 251 249 249 247 247 248 248 248 250 249 248 249 248 249 249 249 250 249 248 249 250 250 251 251 251 250 251 252 250 249 249 249 249 248 249 250 250 249 247 245 248 249 249 247 248 247 248 248 248 248 248 248 249 249 249 249 249 251 251 250 250 248 248 247 248 248 248 249 249 249 249 249 249 249 248 247 247 245 245 247 245 247 247 247 247 247 247 248 248 248 248 247 248 248 249 248 248 249 249 249 249 249 249 247 247 247 
1 1 0 0 2 3 4 6 8 24 96 200 247 247 248 248 249 249 250 249 249 248 248 248 248 249 250 250 249 249 251 250 249 248 248 248 250 249 248 249 248 249 249 249 249 249 249 250 250 250 250 250 249 249 249 249 248 245 240 238 245 248 249 250 250 248 245 244 248 249 249 248 248 248 248 249 249 248 248 248 248 247 248 247 248 248 248 248 249 249 248 245 249 247 248 248 250 250 250 249 249 249 249 249 248 248 248 247 247 247 247 247 247 247 247 247 248 248 248 247 247 248 248 248 248 248 249 249 248 249 248 248 248 249 
1 1 0 0 2 3 4 6 7 24 96 193 241 245 247 248 249 249 249 248 248 247 248 248 249 249 250 250 249 250 250 249 248 249 248 248 250 248 249 249 248 248 249 249 249 250 250 250 250 250 250 250 249 249 249 247 245 234 226 231 244 248 249 250 250 248 245 247 247 249 249 249 248 249 249 250 249 249 248 243 236 223 213 214 227 238 245 245 245 249 249 247 248 245 247 248 249 249 249 250 249 249 249 249 249 249 249 249 247 248 247 247 248 248 248 247 248 248 248 248 248 248 248 248 248 248 248 249 250 250 249 247 245 248 
1 1 1 1 3 3 4 6 4 21 94 193 243 248 248 249 249 249 249 248 248 248 248 248 249 249 249 249 248 249 250 249 249 249 248 248 250 249 248 249 248 249 249 249 249 250 250 250 250 250 250 249 249 248 248 247 245 238 235 240 244 248 249 250 249 249 247 248 248 248 248 248 249 250 249 250 249 248 242 231 208 182 167 175 196 219 237 241 243 247 245 242 242 244 245 245 247 247 247 247 245 245 244 244 243 242 242 241 245 248 247 247 247 247 248 247 248 247 247 248 247 248 247 247 247 248 247 250 248 242 237 237 243 248 
1 1 1 1 2 3 3 3 4 24 102 206 252 250 249 249 249 249 249 248 248 248 248 248 249 249 250 250 248 249 250 250 249 249 249 248 249 249 249 249 249 250 250 249 250 251 251 251 251 250 247 249 249 249 249 248 247 249 249 249 248 248 249 250 250 249 249 250 249 249 249 249 249 250 249 250 249 249 241 229 219 206 200 206 213 220 234 241 242 242 241 238 238 241 243 245 245 244 243 242 242 242 241 238 236 233 231 235 243 247 247 248 248 248 248 247 248 248 248 248 248 248 248 248 248 248 247 244 236 218 210 222 241 249 
1 1 1 1 2 3 3 4 5 23 96 203 253 249 248 248 249 249 249 248 248 249 248 249 250 250 250 250 249 249 250 250 250 250 250 249 248 249 249 250 249 249 249 249 248 247 246 235 231 236 243 247 249 249 250 249 249 249 248 249 250 248 249 250 249 249 249 249 249 249 249 249 250 250 249 249 250 250 246 243 242 242 240 243 241 239 243 245 247 245 244 244 243 242 244 245 247 244 244 242 244 244 243 241 240 237 237 241 244 247 248 249 248 248 248 248 248 248 248 248 248 248 248 248 247 247 247 243 238 222 216 230 244 247 
1 1 1 1 3 3 4 5 8 25 89 187 247 249 249 248 249 249 250 249 249 249 249 248 250 250 250 250 249 249 250 249 249 250 250 249 249 250 250 249 247 247 248 247 242 238 235 216 202 215 229 240 247 249 249 249 248 247 247 247 249 248 249 250 249 249 247 247 249 248 249 250 250 249 249 249 249 249 247 246 245 246 246 247 246 246 247 247 247 248 249 250 250 248 247 247 247 244 244 247 250 249 247 247 247 248 248 248 248 248 248 249 249 248 248 248 248 248 248 248 248 248 248 249 249 248 247 247 246 243 242 246 247 246 
1 1 1 1 3 3 4 5 10 26 81 171 234 248 249 250 249 250 251 251 250 250 251 249 249 249 249 249 249 249 250 250 249 250 250 249 249 250 250 248 247 245 244 242 238 238 236 222 219 222 231 236 242 244 246 246 245 247 247 247 247 247 247 247 247 247 247 247 247 247 247 248 249 249 249 249 248 248 247 247 247 245 244 244 245 247 247 248 247 248 249 249 250 250 249 248 247 247 247 251 252 251 247 247 248 250 249 249 249 249 249 249 249 248 248 248 248 248 248 248 248 248 248 249 249 248 248 248 249 250 252 249 249 247 
1 1 1 1 3 3 4 6 8 26 89 178 234 248 249 250 250 250 251 251 250 250 251 249 249 249 249 249 249 249 250 250 250 249 248 248 248 248 247 245 247 245 243 242 244 243 242 242 242 241 240 242 244 246 247 247 247 247 247 248 247 244 245 247 245 245 244 243 242 244 245 247 247 248 247 247 248 249 249 249 249 248 247 247 247 248 248 248 247 247 247 249 249 248 248 248 248 244 241 240 241 245 245 245 247 248 248 248 250 249 249 249 249 248 248 248 248 248 248 248 248 248 249 248 247 249 247 249 247 247 247 247 245 247 
1 1 1 1 2 2 3 4 7 24 97 193 242 247 248 249 249 249 250 250 250 250 250 248 249 249 249 249 249 249 249 250 250 248 244 242 242 241 241 242 242 245 245 245 247 245 245 247 245 247 247 249 249 248 249 248 248 248 248 249 247 245 244 243 241 238 234 234 237 241 245 247 248 248 249 248 248 249 248 249 249 248 248 248 248 249 248 248 248 248 248 248 249 248 248 247 247 241 231 227 233 243 247 248 248 245 247 249 249 249 250 249 249 248 248 248 248 248 248 248 248 248 249 249 247 249 236 229 216 221 230 236 242 247 
1 1 1 1 2 3 3 3 5 19 81 174 231 246 247 249 249 249 250 250 250 249 249 249 249 249 249 249 249 250 250 250 249 249 244 241 240 240 240 241 243 244 247 247 247 244 244 245 245 247 248 248 249 248 248 248 249 249 249 249 248 247 245 242 238 235 231 234 238 243 248 249 249 249 249 249 249 249 248 248 249 249 249 249 249 249 249 249 248 248 248 248 248 248 248 248 247 244 238 236 242 245 248 249 249 248 248 249 249 249 250 250 249 248 248 248 248 248 248 248 248 248 249 249 248 247 229 199 194 206 222 234 243 247 
2 2 2 1 2 2 2 3 4 16 61 131 207 242 245 248 249 249 249 249 249 250 249 249 249 249 249 249 249 250 250 249 249 249 247 245 245 245 245 245 248 248 248 248 248 248 248 248 247 248 248 248 247 247 247 248 249 249 249 248 248 248 245 245 244 244 242 244 246 247 249 249 249 249 249 249 249 249 249 249 248 248 249 249 249 249 249 249 249 249 248 249 249 249 248 248 248 248 249 249 248 247 248 248 249 249 248 249 248 248 250 249 248 248 248 248 248 248 248 248 248 248 249 249 248 248 238 209 216 224 234 242 245 247 
2 2 2 1 2 3 3 3 5 18 59 128 201 233 244 248 250 249 249 249 249 250 249 249 249 249 249 249 249 249 249 249 249 249 249 249 250 250 249 249 249 249 249 249 249 249 249 249 250 250 249 249 248 247 248 248 249 249 249 249 248 248 248 248 249 249 248 248 248 248 249 249 249 249 249 249 249 249 249 249 249 249 249 249 249 249 249 249 249 249 249 249 249 249 249 249 248 248 248 248 248 248 248 248 249 249 249 249 249 249 249 249 248 248 248 248 248 248 248 248 248 248 248 249 249 248 244 238 241 242 245 246 247 247 
2 2 2 1 3 4 3 3 5 21 71 144 203 229 241 247 249 249 249 249 249 249 249 249 249 249 249 249 249 249 250 249 249 249 249 249 249 249 249 249 249 249 249 249 249 249 250 250 249 249 249 249 247 247 248 248 249 249 249 249 249 249 249 249 249 249 250 249 249 249 249 249 249 249 249 249 248 248 248 248 249 249 249 249 249 249 248 248 249 249 249 249 249 249 249 249 248 248 248 248 248 248 248 248 249 249 249 249 249 249 249 249 248 248 248 248 248 248 248 248 248 248 249 249 249 248 249 249 249 249 249 248 249 249 
2 2 2 1 2 3 2 4 9 26 86 163 210 229 237 247 249 248 249 249 249 249 249 249 249 249 249 249 249 249 249 249 249 249 249 249 249 249 249 249 249 249 249 249 249 249 250 250 249 248 248 248 247 247 248 248 250 250 249 249 249 249 249 249 249 249 249 249 249 249 249 249 249 249 249 249 247 247 248 248 249 249 249 249 249 249 248 248 249 249 249 249 249 249 249 249 248 248 248 248 248 248 248 248 249 249 249 249 249 249 249 249 248 248 248 248 248 248 248 248 248 248 249 248 247 248 248 248 247 248 249 249 249 248 
1 1 2 1 1 2 3 5 8 33 103 173 215 229 236 245 248 248 249 249 249 249 249 248 249 249 249 249 249 249 249 249 249 249 249 249 249 249 249 249 249 249 249 249 249 249 249 249 249 249 249 249 248 248 250 250 249 249 249 249 249 249 249 250 249 249 249 249 249 249 250 250 250 250 249 249 249 248 248 249 249 249 249 249 248 248 248 248 249 249 249 249 249 249 249 249 248 248 248 248 248 248 248 248 249 249 249 249 249 249 249 249 248 248 248 248 248 248 249 248 248 248 249 249 248 249 248 247 247 248 250 250 249 248 
1 1 1 2 2 2 3 5 12 52 127 184 217 228 235 245 247 249 249 249 249 250 249 249 249 249 249 249 249 249 249 249 249 249 249 249 249 249 249 249 249 249 249 249 249 249 249 249 249 249 249 249 249 249 249 249 249 249 249 249 249 249 249 249 249 249 249 249 249 249 250 250 249 249 249 249 249 249 249 249 249 249 249 249 248 248 248 248 249 249 249 249 249 249 249 249 248 248 248 248 248 248 248 249 249 249 248 248 249 249 249 248 247 248 248 248 248 249 249 248 248 248 249 249 248 249 248 248 247 248 249 248 248 248 
1 1 1 2 4 7 9 17 35 74 144 194 214 228 234 244 248 248 249 248 249 250 249 249 249 249 249 249 249 249 249 249 249 249 249 249 249 249 249 249 249 249 249 249 249 249 250 250 249 249 249 249 249 249 249 249 249 249 250 250 250 250 250 250 249 249 249 249 249 249 249 249 249 249 249 249 249 249 249 249 249 249 249 249 249 249 249 249 249 249 249 249 249 249 249 249 248 248 248 248 248 248 248 249 249 249 248 248 249 249 249 248 248 248 248 248 249 249 249 248 248 248 248 249 248 249 247 247 247 247 248 248 249 248 
0 0 0 0 12 15 17 31 61 103 157 192 209 224 235 244 247 248 249 250 250 250 250 250 249 249 249 249 249 249 249 249 249 249 249 249 249 249 249 249 249 249 249 249 249 249 250 250 249 249 249 249 249 249 249 249 249 249 250 250 250 250 250 250 249 249 249 249 249 249 249 249 249 249 249 249 249 249 249 249 249 249 249 249 249 249 249 249 249 249 249 249 249 249 249 249 249 249 249 249 249 249 249 249 249 249 249 249 249 249 249 249 248 248 248 249 249 249 249 248 248 248 247 249 249 249 247 247 247 247 248 249 249 248 
2 3 6 12 26 31 31 49 74 97 137 174 200 216 229 240 242 246 248 247 248 248 249 249 248 249 249 249 249 249 249 249 249 249 249 249 249 249 249 249 249 249 249 249 249 249 249 249 249 249 249 249 249 249 249 249 249 249 249 249 249 249 249 249 249 249 249 249 249 249 249 249 249 249 249 249 249 249 249 249 249 249 249 249 249 249 249 249 249 249 249 249 249 249 249 249 249 249 249 249 249 249 249 249 249 249 249 249 249 249 249 249 248 248 248 248 249 249 248 248 250 251 250 249 249 248 247 247 247 247 247 248 249 248 
15 28 36 40 51 60 70 71 83 94 132 163 186 198 207 222 230 234 239 241 243 246 244 248 250 249 249 249 249 249 249 249 249 249 249 249 249 249 249 249 249 249 249 249 249 249 249 249 249 249 249 249 249 249 249 249 249 249 249 249 249 249 249 249 249 249 249 249 249 249 249 249 249 249 249 249 249 249 249 249 249 249 249 249 249 249 249 249 249 249 249 249 249 249 249 249 249 249 249 249 249 249 249 249 249 249 249 249 249 249 249 249 248 248 248 248 249 249 249 247 242 240 237 234 238 247 248 247 247 247 247 248 249 248 
33 46 52 58 68 77 96 94 95 107 137 151 164 178 188 199 200 203 208 212 221 231 240 246 249 249 249 249 249 249 249 249 249 249 249 249 249 249 249 249 249 249 249 249 249 249 249 249 249 249 249 249 249 249 249 249 249 249 249 249 249 249 249 249 249 249 249 249 249 249 249 249 249 249 249 249 249 249 249 249 249 249 249 249 249 249 249 249 249 249 249 249 249 249 249 249 249 249 249 249 249 249 249 249 249 249 249 249 249 249 249 249 248 248 248 248 248 248 248 243 220 199 186 194 217 237 245 245 247 248 249 249 249 248 
45 57 61 65 82 94 110 107 108 115 130 135 146 166 181 186 184 185 188 193 208 226 238 247 249 249 249 249 249 249 249 249 249 249 249 249 249 249 249 249 249 249 249 249 249 249 249 249 249 249 249 249 249 249 249 249 249 249 249 249 249 249 249 249 249 249 249 249 249 249 249 249 249 249 249 249 249 249 249 249 249 249 249 249 249 249 249 249 249 249 249 249 249 249 249 249 249 249 249 249 249 249 249 249 249 249 249 249 249 249 249 249 248 248 248 248 248 248 248 242 220 193 177 193 220 237 244 246 247 245 244 245 247 247 
31 40 40 43 67 93 110 106 105 107 113 123 137 159 180 187 193 198 201 207 223 237 246 248 249 249 249 249 249 249 249 249 249 249 249 249 249 249 249 249 249 249 249 249 249 249 249 249 249 249 249 249 249 249 249 249 249 249 249 249 249 249 249 249 249 249 249 249 249 249 249 249 249 249 249 249 249 249 249 249 249 249 249 249 249 249 249 249 249 249 249 249 249 249 249 249 249 249 249 249 249 249 249 250 250 250 248 248 249 249 249 249 248 248 248 248 248 248 248 246 241 231 227 231 240 246 248 247 245 238 227 228 245 248 
9 10 8 11 38 71 100 96 95 95 101 117 135 157 179 194 214 226 229 233 238 244 248 248 248 249 250 249 249 249 249 249 249 249 249 249 249 249 249 249 249 249 249 249 249 249 249 249 249 249 249 249 249 249 249 249 249 249 249 249 249 249 249 249 249 249 249 249 249 249 249 249 249 249 249 249 249 249 249 249 249 249 249 249 249 249 249 249 249 249 249 249 249 249 249 249 249 249 249 249 249 249 249 250 250 250 249 249 248 248 248 248 248 248 248 248 248 248 248 248 247 249 249 248 247 247 248 248 247 238 227 229 245 249 
3 3 4 8 33 66 99 93 91 89 94 110 132 157 179 196 221 233 239 241 243 245 249 249 249 249 250 250 249 250 249 249 249 249 249 249 249 249 249 249 249 249 249 249 249 249 249 249 249 249 249 249 249 249 249 249 249 249 249 249 249 249 249 249 249 249 249 249 249 249 249 249 249 249 249 249 249 249 249 249 249 249 249 249 249 249 249 249 249 249 249 249 249 249 249 249 249 249 249 249 249 249 249 249 248 249 249 249 249 248 248 248 248 248 248 248 248 248 249 249 248 249 249 249 248 248 249 251 249 245 243 247 248 248 
3 4 8 15 40 74 101 95 94 95 95 108 131 156 177 196 219 228 236 240 243 245 249 250 249 249 250 250 249 250 250 250 249 249 249 249 249 249 249 249 249 249 249 249 249 249 249 249 249 249 249 249 249 249 249 249 249 249 249 249 249 249 249 249 249 249 249 249 249 249 249 249 249 249 249 249 249 249 249 249 249 249 249 249 249 249 249 249 249 249 249 249 249 249 249 249 249 249 249 249 249 249 249 244 238 242 241 244 248 248 248 248 248 248 248 248 248 248 249 249 248 249 249 249 248 247 249 251 249 247 249 250 248 248 
2 3 6 15 46 87 107 102 102 103 104 112 132 157 175 196 216 226 235 241 244 246 249 250 251 251 251 249 250 250 250 250 249 249 249 249 249 249 249 249 249 249 249 249 249 249 249 249 249 249 249 249 249 249 249 249 249 249 249 249 249 249 249 249 249 249 249 249 249 249 249 249 249 249 249 249 249 249 249 249 249 249 249 249 249 249 249 249 249 249 249 249 249 249 249 249 249 249 249 250 250 249 247 240 235 235 237 244 249 248 248 249 248 248 248 249 249 249 249 248 249 249 249 249 249 248 249 249 249 249 249 249 248 249 
2 3 6 21 53 92 113 109 109 108 109 118 136 157 175 194 216 226 234 242 246 246 249 250 251 251 251 251 251 250 249 249 249 249 249 249 249 249 249 249 249 249 249 249 249 249 249 249 249 249 249 249 249 249 249 249 249 249 249 249 249 249 249 249 249 249 249 249 249 249 249 249 249 249 249 249 249 249 249 249 249 249 249 249 249 249 249 249 249 249 249 249 249 249 249 249 249 249 249 250 250 248 247 243 241 243 245 247 249 248 248 249 248 249 249 249 249 249 249 249 249 249 249 249 249 249 249 249 249 249 249 249 249 249 
2 3 6 26 60 93 118 115 114 109 110 121 136 154 173 193 210 223 231 241 244 244 247 247 245 245 247 248 248 248 249 249 249 249 249 249 249 249 249 249 249 249 249 249 249 249 249 249 249 249 249 249 249 249 249 249 249 249 249 249 249 249 249 249 249 249 249 249 249 249 249 249 249 249 249 249 249 249 249 249 249 249 249 249 249 249 249 249 249 249 249 249 249 249 249 249 249 249 249 249 249 249 249 248 248 250 250 249 248 248 248 249 248 249 249 249 249 249 249 249 249 249 249 249 249 249 249 249 249 249 249 249 249 249 
2 4 8 24 56 87 113 116 116 112 109 116 128 140 160 183 202 213 222 231 235 235 236 233 229 230 230 235 243 247 248 249 249 249 249 249 249 249 249 249 249 249 249 249 249 249 249 249 249 249 249 249 249 249 249 249 249 249 249 249 249 249 249 249 249 249 249 249 249 249 249 249 249 249 249 249 249 249 249 249 249 249 249 249 249 249 249 249 249 249 249 249 249 249 249 249 249 249 249 249 249 249 250 250 250 250 249 249 249 249 249 249 249 249 249 249 249 249 249 249 249 249 249 249 249 249 249 249 249 249 249 249 249 249 
