17 17 17 17 17 17 17 17 17 17 17 17 17 17 18 18 18 18 18 18 18 18 18 18 18 18 18 18 18 18 18 18 18 18 18 18 18 18 18 18 18 18 18 18 18 18 18 18 18 17 17 17 16 16 16 18 22 21 16 16 29 38 38 31 22 19 16 18 19 18 17 17 17 16 16 18 17 17 17 17 
17 17 17 17 17 17 17 17 17 17 17 17 17 17 18 18 18 18 17 17 17 17 17 17 17 17 18 18 18 18 18 18 18 18 18 18 18 18 18 18 18 18 18 18 18 18 18 18 18 18 19 19 17 17 16 18 28 40 57 74 75 59 57 61 54 49 47 45 35 25 26 20 17 15 15 16 17 18 17 17 
17 17 17 17 17 17 17 17 17 17 17 17 17 17 18 18 18 18 17 17 17 17 17 17 17 17 18 18 18 18 18 18 18 18 18 18 18 18 18 18 18 18 18 18 18 18 18 18 18 18 19 18 16 19 30 46 74 107 130 136 110 55 30 52 80 81 77 79 71 53 41 37 23 13 14 16 17 18 17 17 
17 17 17 17 17 17 17 17 17 17 17 17 17 17 18 18 18 18 17 17 17 17 17 17 17 17 18 18 18 18 18 18 18 18 18 18 18 18 18 18 18 18 18 18 18 18 17 17 17 16 17 24 35 45 70 103 128 138 128 104 66 26 5 14 45 54 52 58 60 59 54 47 36 29 24 18 18 19 18 18 
17 17 17 17 17 17 17 17 17 17 17 17 17 17 18 18 18 18 17 17 17 17 17 17 17 17 18 18 18 18 18 18 18 18 18 18 18 18 18 18 18 18 18 18 18 18 18 18 18 18 21 40 65 80 94 104 98 79 54 33 15 7 2 1 4 9 12 11 13 24 29 36 42 45 34 22 20 19 18 19 
17 17 17 17 17 17 17 17 17 17 17 17 17 17 18 18 18 18 17 17 17 17 17 17 17 17 18 18 18 18 18 18 18 18 18 18 18 18 18 18 18 18 18 18 18 18 18 19 22 24 33 52 69 68 59 47 26 10 7 7 1 0 3 2 1 0 1 1 1 2 4 11 22 38 46 44 24 17 18 19 
17 17 17 17 17 17 17 17 17 17 17 17 17 17 18 18 18 18 17 17 17 17 17 17 17 17 18 18 18 18 18 18 18 18 18 18 18 18 18 18 18 18 18 18 18 18 19 21 23 28 33 37 36 27 15 3 1 1 0 1 2 1 1 2 2 2 3 5 4 2 1 1 5 16 38 54 33 17 18 18 
17 17 17 17 17 17 17 17 17 17 17 17 17 17 18 18 18 18 17 17 17 17 17 17 17 17 18 18 18 18 18 18 18 18 18 18 18 18 18 18 18 18 18 18 18 18 19 21 22 26 28 19 10 2 1 1 1 1 1 1 1 1 1 1 2 2 2 2 3 3 3 1 1 1 11 35 39 28 18 18 
17 17 17 17 17 17 17 17 17 17 17 17 17 17 18 18 18 18 17 17 17 17 17 17 17 17 18 18 18 18 18 18 18 18 18 18 18 18 18 18 18 18 18 18 18 18 19 21 24 24 16 8 5 1 1 1 1 1 1 1 1 1 1 1 1 1 1 1 1 2 2 2 1 1 1 10 33 33 23 19 
17 17 17 17 17 17 17 17 17 17 17 17 17 17 18 18 18 18 18 18 18 18 18 18 18 18 18 18 18 18 18 18 18 18 18 18 18 18 18 18 18 18 18 18 18 17 19 22 25 15 3 1 3 2 1 1 2 1 0 0 1 1 1 1 1 1 1 1 1 1 1 1 1 2 1 2 18 28 24 17 
17 17 17 17 17 17 17 17 17 17 17 17 17 17 18 18 18 18 18 18 18 18 18 18 18 18 18 18 18 18 18 18 18 18 18 18 18 18 18 18 18 18 18 18 17 18 17 15 7 1 1 1 1 1 1 1 1 1 1 1 1 1 1 1 1 1 1 1 1 1 1 1 1 1 1 1 4 15 26 18 
17 17 17 17 17 17 17 17 17 17 17 17 17 17 18 18 18 18 18 18 18 18 18 18 18 18 18 18 18 18 18 18 18 18 18 18 18 18 18 18 18 18 18 18 17 16 15 6 1 1 1 1 1 1 1 1 1 1 1 1 1 1 1 1 1 1 1 1 1 1 1 1 1 1 1 1 1 5 26 23 
17 17 17 17 17 17 17 17 17 17 17 17 17 17 18 18 18 18 18 18 18 18 18 18 18 18 18 18 18 18 18 18 18 18 18 18 18 18 18 18 18 18 18 18 18 13 9 2 1 1 1 1 1 1 1 1 1 1 1 1 1 1 1 1 1 1 1 1 1 1 1 1 1 1 1 1 1 2 22 25 
18 18 18 18 18 18 17 17 17 17 17 17 17 17 18 18 18 18 18 18 18 18 17 17 17 17 17 17 17 17 18 18 18 18 18 18 19 18 18 18 18 18 18 18 16 11 2 1 1 1 1 1 1 1 1 1 1 1 1 1 1 1 1 1 1 1 1 1 1 1 1 1 1 1 1 1 1 1 9 17 
18 18 18 18 18 18 17 17 17 17 17 17 17 17 18 18 18 18 18 18 18 18 17 17 17 17 17 17 17 17 18 18 18 18 18 17 18 18 18 18 18 18 18 15 11 6 2 1 1 1 1 1 1 1 1 1 1 1 1 1 1 1 1 1 1 1 1 1 1 1 1 1 1 1 1 1 1 1 3 12 
18 18 18 18 18 18 17 17 17 17 17 17 17 17 18 18 18 18 18 18 18 18 17 17 17 17 17 17 17 17 18 18 18 18 18 17 18 19 19 18 18 19 20 13 8 3 1 1 1 1 1 1 1 1 1 1 1 1 1 1 1 1 1 1 1 1 1 1 1 1 1 1 1 1 1 1 1 1 2 9 
18 18 18 18 18 18 17 17 17 17 17 17 17 17 18 18 18 18 18 18 18 18 17 17 17 17 17 17 17 17 17 17 17 17 17 18 18 18 18 18 18 19 20 13 6 2 1 1 1 1 1 1 1 1 1 1 1 1 1 1 1 1 1 1 1 1 1 1 1 1 1 1 1 1 1 1 1 1 1 3 
18 18 18 18 18 18 17 17 17 17 17 17 17 17 18 18 18 18 18 18 18 18 17 17 17 17 17 17 17 17 17 17 17 17 18 18 18 17 18 18 18 19 18 11 4 2 1 1 1 1 1 1 1 1 1 1 1 1 1 1 1 1 1 1 1 1 1 1 1 1 1 1 1 1 1 1 1 2 1 1 
18 18 18 18 18 18 17 17 17 17 17 17 17 17 18 18 18 18 18 18 18 18 17 17 17 17 17 17 17 17 17 17 17 17 18 18 18 18 18 18 18 18 18 11 3 2 1 1 1 1 1 1 1 1 1 1 1 1 1 1 1 1 1 1 1 1 1 1 1 1 1 1 1 1 1 1 1 2 1 1 
18 18 18 18 18 18 17 17 17 17 17 17 17 17 18 18 18 18 18 18 18 18 17 17 17 17 17 17 17 17 17 17 17 17 18 18 18 18 18 18 19 19 17 10 3 1 1 1 0 0 0 0 0 1 1 1 1 1 1 1 1 1 1 1 1 1 1 1 1 1 1 1 1 1 1 1 1 1 1 1 
18 18 18 18 18 18 17 17 17 17 17 17 17 17 18 18 18 18 18 18 18 18 17 17 17 17 17 17 17 17 17 17 17 17 18 18 18 18 18 19 19 18 15 8 2 2 1 1 0 0 0 0 0 1 1 1 1 1 1 1 1 1 1 1 1 1 1 1 1 1 1 1 1 1 1 1 1 1 1 1 
18 18 18 18 18 18 17 17 17 17 17 17 17 17 17 17 17 17 17 17 17 17 17 17 17 17 17 17 17 17 17 17 17 17 18 18 18 18 19 19 18 20 19 10 1 1 1 1 0 0 0 0 0 1 1 1 1 1 1 1 1 1 1 1 1 1 1 1 1 1 1 1 1 1 1 1 1 1 1 1 
18 18 18 18 18 18 17 17 17 17 17 17 17 17 17 17 17 17 17 17 17 17 17 17 17 17 17 17 17 17 17 17 17 17 17 17 18 17 19 18 26 54 59 26 2 1 1 1 0 0 0 0 0 1 1 1 1 1 1 1 1 1 1 1 1 1 1 1 1 1 1 1 1 1 1 1 1 1 1 1 
18 18 18 18 18 18 17 17 17 17 17 17 17 17 17 17 17 17 17 17 17 17 17 17 17 17 17 17 17 17 17 17 17 18 18 17 17 18 21 17 37 86 93 40 1 1 1 1 0 0 1 1 1 1 1 1 1 1 1 1 1 1 1 1 1 1 1 1 1 1 1 1 1 1 1 1 1 1 1 1 
18 18 18 18 18 18 17 17 17 17 17 17 17 17 17 17 17 17 17 17 17 17 17 17 17 17 17 17 17 17 17 17 18 18 18 18 18 18 19 17 26 54 58 28 3 1 1 1 0 0 1 1 1 1 1 1 1 1 1 1 1 1 1 1 1 1 1 1 1 1 1 1 1 1 1 1 1 2 1 1 
18 18 18 18 18 18 17 17 17 17 17 17 17 17 17 17 17 17 17 17 17 17 17 17 17 17 17 17 17 17 17 17 18 18 18 18 18 18 19 18 17 21 19 8 3 1 1 1 1 1 1 1 1 1 1 1 1 1 1 1 1 1 1 1 1 1 1 1 1 1 1 1 1 1 1 1 1 1 1 2 
18 18 18 18 18 18 17 17 17 17 17 17 17 17 17 17 17 17 17 17 17 17 17 17 17 17 17 17 17 17 17 17 18 18 18 18 18 18 18 19 18 15 12 5 1 1 1 1 1 1 1 1 1 2 2 2 2 2 2 2 1 1 1 1 1 1 1 1 1 1 1 1 1 1 1 1 1 2 1 0 
18 18 18 18 18 18 17 17 17 17 17 17 17 17 17 17 17 17 17 17 17 17 17 17 17 17 17 17 17 17 17 17 18 18 18 18 18 19 17 16 17 18 16 8 2 1 2 2 1 1 2 1 1 2 2 2 2 2 2 2 2 2 1 1 1 1 1 1 1 1 1 1 1 1 1 1 1 2 1 3 
18 18 18 18 18 18 17 17 17 17 17 17 17 17 17 17 17 17 17 17 17 17 17 17 17 17 17 17 17 17 17 17 17 18 18 18 19 19 19 19 18 17 14 7 2 1 2 2 1 1 2 1 1 2 2 2 2 2 2 2 2 2 1 1 1 1 1 1 1 1 1 1 1 1 1 1 1 1 2 8 
17 17 17 17 17 17 17 17 17 17 17 17 17 17 17 17 17 17 17 17 17 17 17 17 17 17 17 17 17 17 17 17 18 18 18 18 19 19 21 21 19 17 12 7 2 1 1 1 1 1 2 2 1 2 2 2 2 2 2 2 2 2 1 1 1 1 1 1 1 1 1 1 1 1 1 1 2 5 15 22 
17 17 17 17 17 17 17 17 17 17 17 17 17 17 17 17 17 17 17 17 17 17 17 17 17 17 17 17 17 17 17 17 18 18 18 18 18 18 21 21 21 18 12 7 2 2 1 1 1 1 2 2 1 2 2 2 2 2 2 2 1 1 1 1 1 1 1 1 1 1 1 1 1 1 1 2 3 11 19 26 
17 17 17 17 17 17 17 17 17 17 17 17 17 17 17 17 17 17 17 17 17 17 17 17 17 17 17 17 17 17 17 17 18 18 18 18 17 18 21 21 21 18 12 4 2 2 1 1 1 1 1 1 1 1 1 1 1 1 1 1 1 1 1 1 2 2 2 2 1 1 1 1 1 1 2 2 4 12 23 25 
17 17 17 17 17 17 17 17 17 17 17 17 17 17 17 17 17 17 17 17 17 17 17 17 17 17 17 17 17 17 18 18 18 18 18 18 19 21 22 19 18 17 11 4 2 2 1 1 1 1 1 1 1 1 1 1 1 1 1 1 1 1 1 1 2 2 2 2 1 1 1 1 1 1 2 2 4 16 23 25 
17 17 17 17 17 17 17 17 17 17 17 17 17 17 17 17 17 17 17 17 17 17 17 17 17 17 17 17 17 17 18 18 18 18 18 19 21 21 21 19 18 16 10 4 2 2 1 1 1 1 1 1 1 1 1 1 1 1 1 1 1 1 1 1 2 2 2 2 2 2 1 1 1 2 2 2 8 17 23 24 
17 17 17 17 17 17 17 17 17 17 17 17 17 17 17 17 17 17 17 17 17 17 17 17 17 17 17 17 17 17 18 18 18 18 19 19 19 18 18 19 19 16 10 4 2 2 1 1 1 1 1 1 1 1 1 1 1 1 1 1 1 1 1 1 2 2 2 2 2 1 1 1 2 2 2 3 11 20 23 23 
17 17 17 17 17 17 17 17 17 17 17 17 17 17 17 17 17 17 17 17 17 17 17 17 17 17 17 17 17 17 18 18 18 18 18 18 18 18 18 18 19 17 9 3 1 1 1 1 1 1 1 1 1 1 1 1 1 1 1 1 1 1 1 1 1 1 1 1 1 1 1 1 2 2 2 7 17 23 23 22 
17 17 17 17 17 17 17 17 17 17 17 17 17 17 17 17 17 17 17 17 17 17 17 17 17 17 17 17 17 17 18 18 18 18 18 18 18 18 18 18 19 17 9 3 1 1 1 1 1 1 1 1 1 1 1 1 1 1 1 1 1 1 1 1 1 1 1 1 1 1 1 1 2 2 3 11 20 23 22 24 
17 17 17 17 17 17 17 17 17 17 17 17 17 17 18 18 18 18 18 18 18 18 17 17 17 17 17 17 17 17 18 18 18 18 18 19 19 17 17 18 18 15 8 3 1 1 1 1 1 1 1 1 1 1 1 1 1 1 1 1 1 1 1 1 2 1 1 1 1 1 1 2 2 3 8 16 20 24 25 31 
17 17 17 17 17 17 17 17 17 17 17 17 17 17 18 18 18 18 18 18 18 18 17 17 17 17 17 17 17 17 18 18 18 18 18 19 19 17 17 19 17 12 8 4 1 1 1 1 1 1 2 1 1 1 2 2 2 2 2 2 2 2 1 1 2 1 1 1 1 1 1 1 2 5 11 18 24 29 30 31 
17 17 17 17 17 17 17 17 17 17 17 17 17 17 18 18 18 18 18 18 18 18 17 17 17 17 17 17 17 18 17 18 18 18 18 18 18 17 17 18 17 14 10 6 3 2 1 1 1 1 3 3 1 1 2 2 2 2 2 2 2 2 2 2 2 1 2 2 1 1 1 1 2 8 13 20 25 29 44 43 
17 17 17 17 17 17 17 17 17 17 17 17 17 17 18 18 18 18 18 18 18 18 17 17 17 17 17 17 17 17 17 17 18 18 19 19 18 17 17 17 16 16 17 15 10 8 3 1 1 1 3 3 1 1 2 2 2 2 2 2 2 2 2 2 1 1 2 2 1 1 1 2 4 11 17 22 24 31 60 64 
17 17 17 17 17 17 17 17 17 17 17 17 17 17 18 18 18 18 18 18 18 18 17 17 17 17 17 17 17 17 18 18 18 19 19 19 18 18 18 17 19 19 22 24 15 15 15 7 3 2 3 3 2 2 2 2 2 2 3 3 2 2 2 2 2 2 2 2 1 2 2 3 10 17 19 22 23 32 38 39 
17 17 17 17 17 17 17 17 17 17 17 17 17 17 18 18 18 18 18 18 18 18 17 17 17 17 17 17 17 17 18 18 19 19 19 19 21 18 16 16 16 13 24 30 31 50 31 11 8 4 4 4 2 1 2 2 2 2 3 3 3 3 2 3 3 3 2 2 2 3 3 7 16 19 21 22 22 24 21 14 
17 17 17 17 17 17 17 17 17 17 17 17 18 18 18 18 18 18 18 18 18 18 17 17 17 17 17 17 17 17 18 18 18 18 21 19 17 18 18 20 30 43 66 86 95 100 73 21 6 5 4 5 4 2 2 2 2 2 2 4 4 4 4 4 5 4 3 4 4 5 7 11 17 18 21 21 22 19 17 10 
17 17 17 17 17 17 17 17 17 17 17 17 18 18 18 18 18 18 18 18 18 18 18 18 18 18 18 17 17 17 18 17 18 18 19 19 18 40 69 85 110 125 138 154 137 82 53 12 3 5 3 2 4 6 3 2 3 2 2 5 7 9 8 8 9 9 7 5 5 7 8 12 18 18 18 19 18 14 11 6 
18 18 18 18 18 18 18 18 18 18 18 18 18 19 18 18 18 18 18 18 18 18 18 18 17 17 17 18 18 18 17 18 16 18 26 53 91 123 154 194 189 133 103 90 67 31 5 7 2 4 3 2 5 9 3 2 3 2 2 5 9 11 12 12 14 12 10 10 9 10 12 17 17 17 16 17 14 10 8 2 
18 18 18 18 18 18 18 18 18 18 18 18 18 19 18 18 18 18 18 18 18 18 17 18 16 16 18 19 18 18 17 24 38 53 84 137 152 122 97 121 116 45 16 14 8 4 2 3 2 4 3 3 4 5 3 2 3 2 3 5 10 15 16 16 16 15 12 12 14 16 17 16 16 16 16 16 14 11 8 3 
18 18 18 18 18 18 18 18 18 18 18 18 18 18 18 18 18 18 18 18 19 19 17 10 10 14 19 22 36 58 78 101 125 139 146 155 142 85 23 15 14 3 2 2 1 1 1 1 1 3 2 4 4 4 4 3 3 3 4 8 14 17 17 15 14 14 14 16 19 19 18 17 17 17 17 16 14 9 8 6 
18 18 18 18 18 18 18 18 18 18 18 18 18 18 18 18 18 18 19 19 19 19 19 17 14 21 42 70 103 134 152 162 152 128 100 70 45 43 28 10 5 4 4 4 3 3 4 2 1 1 1 3 4 4 4 3 3 2 5 9 17 18 17 15 12 14 16 19 22 20 18 17 17 17 17 15 11 8 8 6 
18 18 18 18 18 18 18 18 18 18 18 18 18 18 18 18 18 18 19 21 21 21 19 25 30 49 82 118 137 138 129 104 81 65 45 26 20 23 26 18 2 1 1 1 2 2 3 2 1 1 1 2 3 3 3 3 3 2 5 9 15 17 16 16 15 16 18 19 19 21 18 18 18 17 16 12 10 8 4 5 
18 18 18 18 18 18 18 18 18 18 18 18 18 18 18 18 18 18 18 19 21 21 19 25 56 85 95 89 79 65 51 37 30 30 29 25 22 16 15 11 3 2 1 1 1 1 1 1 1 1 1 2 1 1 1 2 1 2 3 6 9 12 15 15 16 18 18 19 19 19 18 18 18 17 15 11 9 8 4 3 
18 18 18 18 18 18 18 18 18 18 18 18 18 18 18 18 18 18 18 18 17 15 22 39 68 75 58 37 24 23 24 24 22 19 17 11 4 2 8 14 11 7 2 1 1 1 1 1 1 1 1 2 2 1 1 1 1 1 3 4 7 10 11 14 16 19 19 18 19 19 17 17 18 17 14 10 9 6 6 5 
18 18 18 18 18 18 18 18 18 18 18 18 18 18 18 18 18 18 18 18 16 14 28 49 53 37 22 12 11 17 25 23 16 20 23 22 17 14 16 16 15 12 8 4 2 1 2 1 1 1 1 2 2 1 1 1 2 2 3 5 5 7 9 12 16 18 19 18 18 18 16 17 16 14 11 8 8 6 5 5 
18 18 18 18 18 18 18 18 18 18 18 18 18 18 18 18 18 19 19 18 21 23 29 45 30 12 10 8 16 22 24 26 22 22 33 35 26 22 15 11 10 8 4 2 2 1 2 2 1 1 1 1 1 1 0 1 4 3 4 5 5 7 8 10 12 14 16 17 17 17 16 14 12 10 9 6 4 3 4 3 
18 18 18 18 18 18 18 18 18 18 18 18 18 18 18 18 18 21 21 17 23 29 28 22 11 11 16 17 26 26 26 26 21 10 17 11 1 1 2 1 2 1 1 1 1 1 2 2 1 1 1 1 1 1 1 1 3 3 4 5 5 8 10 10 11 11 15 16 16 16 15 11 9 7 6 4 2 2 2 2 
18 18 18 18 18 18 18 18 18 18 18 18 18 18 18 18 18 21 22 18 18 22 15 6 8 11 16 16 12 11 11 9 8 4 3 2 1 1 1 1 1 1 1 1 1 1 1 1 1 1 1 1 1 1 1 1 1 2 3 3 6 9 10 10 11 11 12 14 15 15 13 10 6 5 3 2 3 3 2 2 
18 18 18 18 18 18 18 18 18 18 18 18 18 18 18 18 19 22 22 17 15 15 13 12 10 10 11 6 3 2 1 1 1 1 2 2 1 1 1 1 1 1 1 1 1 1 1 1 1 1 1 1 1 1 1 1 1 2 2 3 5 8 9 9 11 11 12 14 14 12 11 9 5 3 2 2 2 2 2 2 
18 18 18 18 18 18 18 18 18 18 18 18 18 18 18 18 18 23 23 17 12 10 9 10 9 5 3 1 1 1 2 2 2 2 2 2 2 2 1 1 1 1 1 1 1 1 1 1 1 1 1 1 1 1 1 1 1 2 2 3 5 9 10 11 11 12 12 12 11 10 8 6 3 3 2 2 2 1 2 1 
18 18 18 18 18 18 18 18 18 18 18 18 18 18 18 17 17 23 22 14 10 11 10 8 4 2 1 1 1 1 1 1 2 2 2 2 1 1 1 1 1 1 1 1 1 1 1 1 1 1 1 1 1 1 1 1 1 2 2 2 5 9 11 11 11 11 11 10 9 6 4 4 3 2 2 1 1 1 1 1 
18 18 18 18 18 18 18 18 18 18 19 19 19 19 18 15 16 17 11 9 8 9 8 4 2 1 1 1 1 1 1 1 1 1 1 1 1 1 1 1 1 1 1 1 1 1 1 1 1 1 1 1 1 1 1 1 1 1 1 2 5 8 10 10 11 10 10 9 6 5 2 2 2 2 1 1 1 1 1 1 
18 18 18 18 18 18 18 18 18 18 19 19 18 18 17 16 15 11 8 8 7 5 3 2 1 1 1 1 1 1 1 1 1 1 1 1 1 1 1 1 1 1 1 1 1 1 1 1 1 1 1 1 1 1 1 1 1 1 1 1 3 5 6 6 6 8 6 5 4 3 2 2 2 2 1 1 1 1 1 1 
18 18 18 18 18 18 18 18 18 19 19 19 18 18 17 14 10 9 12 12 9 4 2 1 1 1 1 1 1 1 1 1 1 1 1 1 1 1 1 1 1 1 1 1 1 1 1 1 1 1 1 1 1 1 1 1 1 1 1 1 3 4 5 5 4 5 4 2 2 3 2 2 2 1 1 1 1 1 1 1 
18 18 18 18 18 18 18 18 18 19 19 18 17 17 17 14 9 12 16 14 5 2 2 1 1 1 1 1 1 1 1 1 1 1 1 1 1 1 1 1 1 1 1 1 1 1 1 1 1 1 1 1 1 1 1 1 1 1 1 1 3 4 5 5 4 4 3 2 3 3 2 1 1 1 1 1 1 1 1 1 
18 18 18 18 18 18 18 18 19 18 18 17 17 18 17 16 17 19 17 8 2 1 1 1 1 1 1 1 1 1 1 1 1 1 1 1 1 1 1 1 1 1 1 1 1 1 1 1 1 1 1 1 1 1 1 1 1 1 1 1 3 4 4 4 4 3 4 2 3 3 2 1 1 1 1 1 1 1 1 1 
18 18 18 18 18 18 19 19 19 18 16 16 16 17 16 18 22 16 10 4 1 1 1 1 1 1 1 1 1 1 1 1 1 1 1 1 1 1 1 1 1 1 1 1 1 1 1 1 1 1 1 1 1 1 1 1 1 1 1 1 3 5 4 4 4 3 3 2 2 3 2 1 1 1 1 1 1 1 1 1 
18 18 18 18 18 19 19 19 18 16 16 17 16 16 17 17 17 8 2 2 2 1 1 1 1 1 1 1 1 1 1 1 1 1 1 1 1 1 1 1 1 1 1 1 1 1 1 1 1 1 1 1 1 1 0 0 0 0 1 1 3 5 4 4 5 4 3 2 2 3 3 1 1 1 1 1 1 1 1 1 
18 18 18 18 18 19 19 18 17 16 17 17 15 15 16 15 8 3 1 1 1 1 1 1 1 1 1 1 1 1 1 1 1 1 1 1 1 1 1 1 1 1 1 1 1 1 1 1 1 1 1 1 1 1 0 0 0 0 1 1 2 4 3 3 5 5 3 1 2 3 3 1 1 1 1 1 1 1 1 1 
18 18 18 18 18 18 18 18 17 17 16 16 15 13 12 11 6 2 3 2 1 1 1 1 1 1 1 1 1 1 1 1 1 1 1 1 1 1 1 1 1 1 1 1 1 1 1 1 1 1 1 1 1 1 0 0 0 0 1 1 2 4 4 5 5 5 3 1 1 3 3 1 1 1 1 1 1 1 1 1 
19 19 18 18 18 19 19 18 18 17 16 15 13 11 10 6 3 3 3 3 2 2 1 1 1 1 1 1 1 1 1 1 1 1 1 1 1 1 1 1 1 1 1 1 1 1 1 1 1 1 1 1 1 1 0 0 0 0 1 1 2 3 3 5 6 5 3 1 1 3 3 1 1 1 1 1 1 1 1 1 
19 19 18 18 18 18 18 18 18 18 17 16 12 10 5 3 2 1 1 1 1 1 1 1 1 1 1 1 1 1 1 1 1 1 1 1 1 1 1 1 1 1 1 1 1 1 1 1 1 1 1 1 1 1 0 0 0 0 1 1 1 1 3 4 5 4 3 1 1 3 3 1 1 1 1 1 1 1 1 1 
19 19 18 18 18 18 18 18 18 18 17 17 14 9 4 3 1 1 1 1 1 1 1 1 1 1 1 1 1 1 1 1 1 1 1 1 1 1 1 1 1 1 1 1 1 1 1 1 1 1 1 1 1 1 0 0 0 0 1 1 1 1 3 4 5 4 3 1 1 3 3 1 1 1 1 1 1 1 1 1 
19 19 18 18 18 19 18 18 18 18 18 15 11 5 4 3 1 1 1 1 1 1 1 1 1 1 1 1 1 1 1 1 1 1 1 1 1 1 1 1 1 1 1 1 1 1 1 1 1 1 1 1 1 1 1 1 1 1 1 1 1 2 1 2 4 3 2 1 1 2 2 1 1 1 1 1 1 1 1 1 
19 19 19 19 19 19 18 18 18 18 17 15 9 5 3 3 2 1 1 1 1 1 1 1 1 1 1 1 1 1 1 1 1 1 1 1 1 1 1 1 1 1 1 1 1 1 1 1 1 1 1 1 1 1 1 1 1 1 1 1 1 1 1 2 4 3 2 1 1 1 1 1 1 1 1 1 1 1 1 1 
19 19 19 19 19 19 18 18 18 18 17 13 8 4 3 3 1 1 1 1 1 1 1 1 1 1 1 1 1 1 1 1 1 1 1 1 1 1 1 1 1 1 1 1 1 1 1 1 1 1 1 1 1 1 1 1 1 1 1 1 1 2 2 3 4 4 3 2 2 2 2 2 2 2 1 1 1 1 1 1 
19 19 19 19 19 19 19 18 18 18 17 11 5 4 2 2 1 1 1 1 1 1 1 1 1 1 1 1 1 1 1 1 1 1 1 1 1 1 1 1 1 1 1 1 1 1 1 1 1 1 1 1 1 1 1 1 1 1 1 1 1 1 2 2 3 3 3 2 2 2 2 2 2 2 1 1 1 1 1 1 
19 21 21 19 19 19 19 18 19 19 17 12 5 3 2 2 1 1 1 1 1 1 1 1 2 2 2 2 1 1 1 1 1 1 1 1 1 1 1 1 1 1 1 1 1 1 1 1 1 1 1 1 1 1 1 1 1 1 1 1 1 1 1 1 2 2 2 1 1 1 1 1 1 1 1 1 1 1 1 1 
19 21 22 21 21 21 19 19 20 20 18 12 5 3 2 2 1 1 1 1 1 1 1 1 2 2 2 2 1 1 1 1 1 1 1 1 1 1 1 1 1 1 1 1 1 1 1 1 1 1 1 1 1 1 1 1 1 1 1 1 1 1 1 1 2 2 2 1 1 2 1 1 1 1 1 1 1 1 1 1 
19 22 22 21 21 21 19 19 18 18 18 13 5 3 1 1 2 1 1 1 1 1 1 1 1 1 1 1 1 1 1 1 1 1 1 1 1 1 1 1 1 1 1 1 1 1 1 1 1 1 1 1 1 1 1 1 1 1 1 1 1 2 1 1 2 2 2 1 1 2 1 1 1 1 1 1 1 1 1 1 
19 22 22 21 21 21 19 17 17 17 18 15 7 3 1 1 1 1 1 1 1 1 1 1 1 1 1 1 1 1 1 1 1 1 1 1 1 1 1 1 1 1 1 1 1 1 1 1 1 1 1 1 1 1 1 1 1 1 1 1 1 1 1 1 1 2 2 1 1 2 1 1 1 1 1 1 1 1 1 1 
21 23 23 22 21 22 19 16 13 17 17 15 8 3 1 1 1 1 1 1 1 1 1 1 1 1 1 1 1 1 1 1 1 1 1 1 1 1 1 1 1 1 1 1 1 1 1 1 1 1 1 1 1 1 1 1 1 1 1 1 1 1 1 1 1 1 1 1 1 1 1 1 1 1 1 2 1 1 1 1 
23 24 25 25 23 22 19 16 30 38 26 16 8 3 1 1 1 1 1 1 1 1 1 1 1 1 1 1 1 1 1 1 1 1 1 1 1 1 1 1 1 1 1 1 1 1 1 1 1 1 1 1 1 1 1 1 1 1 1 1 1 1 1 1 1 1 1 1 1 1 1 1 1 1 1 1 1 1 1 1 
25 26 28 26 24 23 21 36 73 82 53 22 11 3 4 1 1 1 1 1 1 1 1 1 1 1 1 1 1 1 1 1 1 1 1 1 1 1 1 1 1 1 1 1 1 1 1 1 1 1 1 1 1 1 1 1 1 1 1 1 1 1 1 1 1 1 1 1 1 1 1 1 1 1 1 1 1 1 1 1 
25 28 29 28 25 24 28 68 115 111 58 16 12 7 4 2 1 1 1 1 1 1 1 1 1 1 1 1 1 1 1 1 1 1 1 1 1 1 1 1 1 1 1 1 1 1 1 1 1 1 1 1 1 1 1 1 1 1 1 1 1 1 1 1 1 1 1 1 1 1 1 1 1 1 1 1 1 1 1 1 
28 30 31 30 28 26 32 79 95 61 16 1 7 10 9 2 1 1 1 1 1 1 1 1 1 1 1 1 1 1 1 1 1 1 1 1 1 1 1 1 1 1 1 1 1 1 1 1 1 1 1 1 1 1 1 1 1 1 1 1 1 1 1 1 1 1 1 1 1 1 1 1 1 1 1 1 1 1 1 1 
30 32 32 32 30 29 32 57 37 12 5 8 9 9 7 2 1 1 1 1 1 1 1 1 1 1 1 1 1 1 1 1 1 1 1 1 1 1 1 1 1 1 1 1 1 1 1 1 1 1 1 1 1 1 1 1 1 1 1 1 1 1 1 1 1 1 1 1 1 1 1 1 1 1 1 1 1 1 1 1 
30 32 33 33 31 29 28 31 12 3 4 7 8 4 3 2 1 1 1 1 1 1 1 1 1 1 1 1 1 1 1 1 1 1 1 1 1 1 1 1 1 1 1 1 1 1 1 1 1 1 1 1 1 1 1 1 1 1 1 1 1 1 1 1 1 1 1 1 1 1 1 1 1 1 1 1 1 1 1 1 
30 32 32 32 30 28 21 17 10 4 4 4 3 4 3 2 1 1 1 1 1 1 1 1 1 1 1 1 1 1 1 1 1 1 1 1 1 1 1 1 1 1 1 1 1 1 1 1 1 1 1 1 1 1 1 1 1 1 1 1 1 1 1 1 1 1 1 1 1 1 1 1 1 1 1 1 1 1 1 1 
31 31 33 33 30 26 12 10 12 5 2 5 8 5 4 2 1 1 1 1 1 1 1 1 1 1 1 1 1 1 1 1 1 1 1 1 1 1 1 1 1 1 1 1 1 1 1 1 1 1 1 1 1 1 1 1 1 1 1 1 1 1 1 1 1 1 1 1 1 1 1 1 1 1 2 2 2 2 1 1 
29 29 31 30 26 24 11 15 12 8 2 5 7 5 4 2 1 1 1 1 1 1 1 1 1 1 1 1 1 1 1 1 1 1 1 1 1 1 1 1 1 1 1 1 1 1 1 1 1 1 1 1 1 1 1 1 1 1 1 1 1 1 1 1 1 1 1 1 1 1 1 1 1 1 2 2 2 2 1 1 
26 25 24 25 24 21 18 15 13 12 9 4 3 3 3 3 2 1 1 1 1 1 1 1 1 1 1 1 1 1 1 1 1 1 1 1 1 1 1 1 1 1 1 1 1 1 1 1 1 1 1 1 1 1 1 1 1 1 1 1 1 1 1 1 1 1 1 1 1 1 1 1 1 1 1 1 1 1 1 1 
28 26 24 23 21 18 17 15 12 10 8 7 4 3 3 2 1 1 1 1 1 1 1 1 1 1 1 1 1 1 1 1 1 1 1 1 1 1 1 1 1 1 1 1 1 1 1 1 1 1 1 1 1 1 1 1 1 1 1 1 1 1 1 1 1 1 1 1 1 1 1 1 1 1 1 1 1 1 1 1 
31 29 24 21 19 12 15 14 9 7 5 5 5 4 3 2 1 1 1 1 1 1 1 1 1 1 1 1 1 1 1 1 1 1 1 1 1 1 1 1 1 1 1 1 1 1 1 1 1 1 1 1 1 1 1 1 1 1 1 1 1 1 1 1 1 1 1 1 1 1 1 1 1 1 1 1 1 1 1 1 
29 28 22 17 11 8 10 7 5 5 3 3 3 3 2 2 2 1 1 1 1 1 1 1 1 1 1 1 1 1 1 1 1 1 1 1 1 1 1 1 1 1 1 1 1 1 1 1 1 1 1 1 1 1 1 1 1 1 1 1 1 1 1 1 1 1 1 1 1 1 1 1 1 1 1 1 1 1 1 1 
23 12 3 6 8 5 5 6 4 3 3 3 1 1 2 1 1 1 1 1 1 1 1 1 1 1 1 1 1 1 1 1 1 1 1 1 1 1 1 1 1 1 1 1 1 1 1 1 1 1 1 1 1 1 1 1 1 1 1 1 1 1 1 1 1 1 1 1 1 1 1 1 1 1 1 1 1 1 2 2 
43 26 11 6 5 5 4 5 4 3 3 3 1 1 2 1 1 1 1 1 1 1 1 1 1 1 1 1 1 1 1 1 1 1 1 1 1 1 1 1 1 1 1 1 1 1 1 1 1 1 1 1 1 1 1 1 1 1 1 1 1 1 1 1 1 1 1 1 1 1 1 1 1 1 1 1 1 1 2 2 
56 39 22 9 7 5 4 6 4 2 2 2 1 1 1 1 1 1 1 1 1 1 1 1 1 1 1 1 1 1 1 1 1 1 1 1 1 1 1 1 1 1 1 1 1 1 1 1 1 1 1 1 1 1 1 1 1 1 1 1 1 1 1 1 1 1 1 1 1 1 1 1 1 1 1 1 1 1 2 2 
58 39 20 11 9 7 8 9 5 2 1 1 1 1 1 1 1 1 1 1 1 1 1 1 1 1 1 1 1 1 1 1 1 1 1 1 1 1 1 1 1 1 1 1 1 1 1 1 1 1 1 1 1 1 1 1 1 1 1 1 1 1 1 1 1 1 1 1 1 1 1 1 1 1 1 1 1 1 2 2 
56 32 14 9 10 11 12 11 5 2 1 1 1 1 1 1 1 1 1 1 1 1 1 1 1 1 1 1 1 1 1 1 1 1 1 1 1 1 1 1 1 1 1 1 1 1 1 1 1 1 1 1 1 1 1 1 1 1 1 1 1 1 1 1 1 1 1 1 1 1 1 1 1 1 1 1 1 1 2 3 
53 32 15 5 8 11 13 11 3 2 1 1 1 1 1 1 1 1 1 1 1 1 1 1 1 1 1 1 1 1 1 1 1 1 1 1 1 1 1 1 1 1 1 1 1 1 1 1 1 1 1 1 1 1 1 1 1 1 1 1 1 1 1 1 1 1 1 1 1 1 1 1 1 1 1 1 1 2 2 3 
47 36 14 2 3 9 9 8 2 1 1 1 1 1 1 1 1 1 1 1 1 1 1 1 1 1 1 1 1 1 1 1 1 1 1 1 1 1 1 1 1 1 1 1 1 1 1 1 1 1 1 1 1 1 1 1 1 1 1 1 1 1 1 1 1 1 1 1 1 1 1 1 1 1 1 1 1 1 2 2 
43 31 12 3 3 6 5 7 2 1 1 1 1 1 1 1 1 1 1 1 1 1 1 1 1 1 1 1 1 1 1 1 1 1 1 1 1 1 1 1 1 1 1 1 1 1 1 1 1 1 1 1 1 1 1 1 1 1 1 1 1 1 1 1 1 1 1 1 1 1 1 1 1 1 1 1 1 1 2 2 
37 24 15 6 4 4 8 7 2 1 1 1 1 1 1 1 1 1 1 1 1 1 1 1 1 1 1 1 1 1 1 1 1 1 1 1 2 1 1 1 1 1 1 1 1 1 1 1 1 1 1 1 1 1 1 1 1 1 1 1 1 1 1 1 1 1 1 1 1 1 1 1 1 1 1 1 1 1 2 2 
22 17 12 6 4 5 7 5 3 1 1 1 1 1 1 1 1 1 1 1 1 1 1 1 1 1 1 1 1 1 1 1 1 1 2 2 2 3 1 1 1 1 1 1 1 1 1 1 1 1 1 1 1 1 1 1 1 1 1 1 1 1 1 1 1 1 1 1 1 1 1 1 1 1 1 1 1 1 1 1 
15 11 8 4 3 4 5 5 4 2 1 1 1 1 1 1 1 1 1 1 0 0 0 0 0 0 0 0 0 0 1 1 1 1 2 3 3 3 3 1 1 1 1 1 1 1 1 1 1 1 1 1 1 1 1 1 1 1 1 1 1 1 1 1 1 1 1 1 1 1 1 1 1 1 1 1 1 1 1 1 
14 9 5 3 2 2 3 4 3 2 1 1 1 1 1 1 1 1 1 2 1 1 1 1 1 1 1 1 1 1 1 1 1 2 3 3 3 4 3 4 5 7 5 2 2 1 1 1 1 1 1 1 1 1 1 1 1 1 1 1 1 2 1 1 1 1 1 1 1 1 1 1 1 1 1 1 1 1 1 1 
10 8 3 1 2 2 2 2 1 2 2 1 1 1 2 1 1 1 1 1 1 1 1 1 1 1 1 1 1 1 2 2 1 2 3 3 3 3 4 7 10 15 14 10 8 4 1 1 1 1 1 1 1 1 1 1 1 1 1 1 1 2 1 1 1 1 1 1 1 1 1 1 1 1 1 1 1 1 1 1 
9 5 3 1 2 2 2 2 2 2 2 2 2 2 2 2 1 1 2 2 2 2 2 2 2 2 2 2 2 2 2 2 1 2 3 3 3 3 5 7 10 15 16 15 12 9 4 1 1 1 1 1 1 1 1 1 1 1 1 1 1 1 1 1 1 1 1 1 1 1 1 1 1 1 1 1 1 1 1 1 
10 5 2 1 1 1 2 2 2 2 2 2 2 2 3 2 2 2 2 2 2 2 2 2 2 2 2 2 2 2 3 3 2 2 2 2 2 4 4 5 7 8 11 14 16 15 10 1 1 1 1 1 1 1 1 1 1 1 1 1 1 1 1 1 1 1 1 1 1 1 1 1 1 1 1 1 1 1 1 1 
10 3 1 1 1 1 2 2 3 3 3 3 2 2 3 3 3 3 2 3 3 3 3 3 3 3 3 3 3 3 3 4 4 5 4 4 5 7 5 3 3 3 4 5 8 12 10 2 1 1 1 1 1 1 1 1 1 1 1 1 1 1 1 1 1 1 1 1 1 1 1 1 1 1 1 1 1 1 1 1 
7 3 1 1 1 2 3 4 4 4 4 4 4 4 4 3 3 3 2 3 3 3 3 3 3 3 3 3 3 3 4 4 4 7 7 5 8 8 5 4 3 2 1 2 3 5 8 2 1 1 1 1 1 1 1 1 1 1 1 1 1 1 1 1 2 2 2 2 2 2 1 1 1 1 1 1 1 1 1 1 
7 3 1 1 2 2 3 4 4 4 4 4 4 4 4 3 3 3 2 3 3 3 3 3 3 3 3 3 3 3 4 4 4 5 7 7 8 8 8 5 3 2 1 1 2 3 2 1 1 1 1 1 1 1 1 1 1 1 1 1 1 1 1 1 2 2 2 2 2 2 1 1 1 1 1 1 1 1 1 1 
12 4 2 3 4 3 4 4 5 4 4 4 4 5 5 4 4 4 2 3 4 4 4 4 4 4 4 4 4 3 4 5 5 5 5 7 7 8 8 4 3 2 1 2 2 2 1 1 2 2 2 2 2 2 1 1 2 2 1 1 1 1 2 2 2 2 2 2 2 2 1 1 1 1 1 1 1 1 1 1 
13 3 1 3 3 3 3 4 4 4 4 4 4 5 4 4 4 4 2 3 4 4 4 4 4 4 4 4 4 4 3 4 3 4 5 7 7 7 7 4 4 3 2 1 1 1 1 1 2 2 2 2 2 2 3 3 2 2 1 1 1 1 2 2 2 2 2 2 2 2 1 1 1 1 1 1 1 1 1 1 
12 4 3 3 3 3 3 4 4 4 4 4 4 4 4 4 4 4 2 3 3 3 4 4 4 4 4 4 4 4 4 4 3 3 4 5 7 7 8 8 5 5 4 3 2 2 1 1 1 1 2 2 2 2 2 2 2 2 2 2 2 2 1 1 2 2 2 2 2 2 1 1 1 1 1 1 1 1 1 1 
12 5 3 3 3 3 3 4 4 3 4 4 4 4 4 3 3 4 3 4 4 4 3 3 3 3 3 4 4 4 4 4 3 3 3 3 4 5 8 9 8 9 9 7 4 3 4 3 3 3 2 2 4 4 2 2 3 3 2 2 2 2 1 1 2 2 2 2 2 2 1 1 1 1 1 1 1 1 1 1 
15 5 2 3 2 2 3 3 4 3 3 4 4 5 4 4 3 4 4 4 3 3 2 2 3 3 3 4 4 4 4 4 4 5 6 6 5 4 4 5 7 9 9 8 9 9 9 8 8 6 4 4 4 5 5 5 4 2 2 1 1 2 1 1 1 1 1 1 1 1 1 1 1 1 1 1 1 1 1 1 
18 5 2 4 3 3 4 4 3 3 4 4 4 5 4 4 3 4 4 4 3 3 3 2 3 3 3 3 3 3 3 3 4 5 6 6 5 4 4 5 7 8 9 9 10 10 11 11 12 10 6 10 7 9 14 17 11 4 4 3 2 2 2 1 1 1 1 1 1 1 1 1 1 1 1 1 1 1 1 1 
21 7 4 4 4 4 5 3 2 2 3 2 2 2 3 3 3 3 5 5 3 3 3 3 3 4 4 4 4 4 4 4 4 5 5 6 6 6 6 6 6 8 9 10 9 9 9 11 12 11 9 11 10 15 19 23 22 16 8 2 2 2 1 1 1 1 1 1 1 1 1 1 1 1 1 1 1 1 1 1 
28 11 4 4 4 4 4 5 3 3 3 3 3 3 4 4 3 4 5 5 4 4 4 2 4 4 5 5 5 4 5 5 5 6 6 6 6 6 6 6 6 6 6 8 7 7 9 11 12 11 11 11 11 15 21 25 26 19 9 2 2 2 2 1 1 1 1 1 1 1 1 1 1 1 1 1 1 1 1 1 
38 22 8 3 3 4 5 5 5 5 6 6 6 6 5 5 4 4 5 5 4 5 5 4 4 6 6 6 6 6 5 4 4 5 8 8 8 6 6 6 6 6 6 6 5 7 7 9 10 10 11 11 11 14 16 19 21 15 6 2 1 1 1 1 1 1 1 1 1 1 1 1 1 1 1 1 1 1 1 1 
43 34 18 8 5 7 8 6 7 8 9 8 8 8 8 8 7 7 7 7 8 8 7 7 8 6 8 8 8 8 7 5 5 4 6 8 8 8 8 6 6 6 6 8 7 8 8 9 10 9 11 11 10 10 9 9 10 8 4 2 1 1 1 1 1 1 1 1 1 1 1 1 1 1 1 1 1 1 1 1 
43 43 35 23 12 10 8 9 10 11 11 11 10 10 9 10 10 10 9 8 9 9 9 9 8 9 10 9 8 8 8 6 5 5 6 8 8 8 8 8 8 6 6 9 9 10 10 10 10 9 10 9 8 7 3 2 2 2 2 2 1 1 1 1 1 1 1 1 1 1 1 1 1 1 1 1 1 1 1 1 
44 45 43 36 23 12 9 9 12 15 16 17 13 12 10 9 8 10 9 11 11 11 11 11 11 9 10 9 6 5 5 4 3 3 4 5 6 8 8 8 8 8 8 8 9 10 10 9 8 7 8 6 5 4 2 2 1 1 1 1 1 1 1 1 1 1 1 1 1 1 1 1 1 1 1 1 1 1 1 1 
43 44 43 39 34 27 16 12 18 24 26 30 28 26 25 25 24 23 22 23 23 25 26 27 28 26 15 7 4 3 3 2 1 2 2 4 5 6 6 6 6 6 6 6 6 8 8 6 6 5 5 4 4 4 2 1 1 1 1 1 1 1 1 1 1 1 1 1 1 1 1 1 1 1 1 1 1 1 1 1 
43 43 43 42 44 40 30 28 33 39 43 45 45 43 43 43 44 44 43 41 42 44 50 52 53 47 22 5 3 2 2 1 1 1 1 2 3 4 5 4 5 5 6 6 5 5 4 4 4 4 4 3 3 3 2 1 1 1 1 1 1 1 1 1 1 1 1 1 1 1 1 1 1 1 1 1 1 1 1 1 
42 43 42 42 42 42 42 43 46 49 50 52 52 52 52 53 54 56 56 56 58 60 60 63 67 52 22 5 2 1 1 1 1 1 1 1 2 2 3 3 4 4 4 4 3 3 2 2 2 2 2 3 2 2 2 1 1 1 1 1 1 1 1 1 1 1 1 1 1 1 1 1 1 1 1 1 1 1 1 1 
42 42 42 40 42 43 43 44 46 47 49 51 52 52 53 53 54 54 54 57 58 60 60 60 66 56 26 5 2 1 1 1 1 1 1 1 1 1 2 2 2 2 2 2 2 2 2 2 2 2 2 2 2 2 1 1 1 1 1 1 1 1 1 1 1 1 1 1 1 1 1 1 1 1 1 1 1 1 1 1 
40 40 42 40 40 42 42 43 45 46 47 50 51 51 52 52 53 54 54 56 57 59 59 59 65 55 26 6 3 2 1 1 1 1 1 1 1 1 1 1 1 1 2 2 1 1 1 1 2 1 1 1 1 1 1 1 1 1 1 1 1 1 1 1 1 1 1 1 1 1 1 1 1 1 1 1 1 1 1 1 
38 40 42 40 40 40 42 42 43 44 46 49 50 51 51 51 51 53 54 53 54 57 56 52 60 55 25 6 3 1 1 1 1 1 1 1 1 1 1 1 1 1 1 1 1 1 1 1 1 1 1 1 1 1 1 1 1 1 1 1 1 1 1 1 1 1 1 1 1 1 1 1 1 1 1 1 1 1 1 1 
37 39 39 42 40 40 39 40 40 42 44 46 47 49 50 50 51 51 53 54 53 54 54 53 56 53 28 7 3 1 1 1 1 1 1 1 1 1 1 1 1 1 1 1 1 1 1 1 1 1 1 1 1 1 1 1 1 1 1 1 1 1 1 1 1 1 1 1 1 1 1 1 1 1 1 1 1 1 1 1 
