12 15 16 16 15 16 16 16 15 12 14 12 12 12 12 15 18 22 23 22 19 18 16 14 12 12 11 11 11 11 10 10 10 11 14 17 21 21 23 24 23 22 22 22 22 19 12 11 9 11 19 25 26 25 24 21 17 9 5 4 3 3 5 9 11 14 16 17 19 22 22 19 16 15 16 18 21 21 23 24 25 26 23 22 19 18 18 16 17 17 18 20 19 21 22 23 24 24 20 26 24 25 23 19 16 15 11 12 9 
14 14 15 16 15 16 16 17 16 15 15 14 11 11 12 12 18 22 23 22 19 18 16 14 12 11 11 11 11 11 10 9 10 12 15 18 21 21 22 22 22 22 23 22 19 18 14 10 10 12 18 24 25 25 24 23 19 14 7 4 3 3 4 6 8 11 14 15 16 19 22 19 17 16 17 18 21 21 22 22 24 26 24 23 20 19 18 16 17 17 18 20 20 22 22 23 23 23 22 23 25 24 24 20 17 16 12 11 8 
12 14 15 15 15 15 16 16 17 16 15 14 14 12 12 12 17 22 23 21 19 18 16 14 12 11 11 11 11 10 10 10 11 12 15 18 21 22 22 22 22 22 22 22 19 17 14 10 10 14 19 23 25 25 25 25 22 16 12 5 5 3 4 4 5 9 11 12 15 19 21 19 18 17 17 19 21 22 21 21 23 26 24 23 22 19 18 16 17 17 18 19 20 22 22 23 22 22 23 24 25 24 24 20 18 16 12 11 8 
14 12 14 15 15 15 15 16 16 16 17 15 14 12 12 14 18 23 22 19 19 17 16 14 12 11 11 11 10 10 10 10 11 14 17 21 21 22 22 22 22 21 19 19 19 17 14 10 10 14 18 22 24 24 25 25 24 21 18 11 5 3 3 3 4 8 9 11 15 18 22 19 18 17 18 19 21 22 22 21 22 25 25 24 23 18 16 14 15 15 16 17 18 21 21 22 22 22 23 24 24 23 24 20 19 17 12 9 9 
14 14 12 14 15 15 15 16 16 17 17 16 15 12 12 14 18 22 21 19 18 17 16 15 12 11 10 10 10 9 9 10 12 15 17 19 21 21 21 21 22 21 19 19 17 16 14 11 11 15 19 23 24 24 25 25 25 24 22 15 7 4 3 3 4 6 9 10 12 18 21 18 17 17 18 19 21 22 21 19 20 25 25 24 23 18 16 14 14 15 15 16 18 19 21 21 21 21 22 23 24 23 24 20 21 18 12 9 8 
14 14 12 12 12 14 14 16 17 17 17 17 16 15 14 14 17 23 22 19 18 16 16 15 12 10 10 10 10 9 9 11 14 16 18 19 21 21 21 21 21 21 19 19 17 16 14 12 11 15 19 22 23 24 26 27 26 25 25 19 10 5 2 2 3 4 7 10 11 17 21 18 17 18 18 19 22 23 21 19 18 23 25 25 22 17 16 14 14 14 14 15 18 19 21 21 21 21 22 24 24 24 23 21 22 18 14 9 8 
14 14 12 11 12 12 14 15 17 18 18 18 16 15 15 14 18 23 21 19 19 17 15 15 12 10 10 10 10 10 10 12 15 17 18 19 21 19 21 21 21 21 19 18 16 16 14 11 11 15 19 23 23 23 25 27 28 28 28 24 15 9 3 2 2 3 5 8 10 15 17 17 17 18 19 22 22 22 21 18 18 24 25 24 21 18 16 14 14 14 13 14 17 18 19 19 21 22 23 24 24 25 23 21 22 18 12 9 8 
14 14 12 12 12 12 14 15 16 17 18 18 17 16 16 15 17 22 21 19 18 16 15 14 12 10 10 10 10 10 11 14 16 18 19 19 19 19 19 19 21 19 19 18 16 15 12 11 12 16 21 23 24 24 25 28 29 29 28 24 19 12 6 3 3 2 3 6 8 12 16 15 15 17 20 23 23 22 19 18 19 24 24 22 21 19 18 16 14 13 12 13 16 17 18 18 21 22 23 24 26 25 23 22 23 19 14 9 8 
12 12 12 12 12 12 14 15 16 17 18 19 18 18 16 15 17 19 19 18 18 16 14 14 12 10 10 10 10 10 11 14 16 19 19 18 19 19 19 19 19 19 19 18 16 15 12 11 14 17 21 24 24 25 26 28 28 28 25 23 19 16 11 6 3 1 1 3 8 15 17 15 15 16 20 22 21 19 18 17 18 23 23 22 21 19 18 16 14 13 12 14 16 18 19 19 21 21 22 24 25 24 23 21 23 18 14 10 8 
12 12 12 12 14 14 14 15 16 17 18 19 20 20 16 15 16 18 18 18 17 16 15 14 12 10 10 9 10 10 11 14 17 18 18 17 20 20 20 20 19 19 20 19 15 15 13 12 12 17 21 24 24 25 26 26 25 25 24 23 21 18 15 10 4 3 3 3 4 8 10 11 12 14 18 18 18 17 17 17 17 21 23 22 19 18 17 15 14 12 13 14 16 18 19 19 21 21 22 24 25 25 23 22 22 17 14 11 8 
14 12 14 14 15 15 15 16 17 17 18 19 20 22 17 15 16 17 18 18 17 16 15 14 11 9 9 9 10 10 11 15 17 18 17 17 19 20 20 20 19 19 20 19 15 14 12 11 12 18 22 24 24 25 26 25 24 24 23 23 22 21 17 12 6 4 4 3 3 3 5 9 11 14 15 16 17 16 17 17 17 19 22 22 19 18 17 15 15 14 14 15 17 18 19 19 21 21 22 24 24 25 24 23 22 18 14 11 6 
13 14 15 15 14 14 16 16 17 18 19 19 22 23 17 15 16 17 17 18 17 16 15 14 11 9 10 10 9 10 11 14 16 17 17 17 19 19 20 20 19 19 20 19 15 14 12 11 14 18 21 23 24 24 25 24 24 24 23 23 22 21 19 15 12 11 5 3 3 2 3 6 9 11 14 14 16 15 14 15 17 20 18 18 18 17 16 15 14 14 15 15 16 17 18 19 19 22 23 24 24 25 24 24 22 18 14 11 8 
14 15 15 16 15 15 16 16 16 18 19 21 22 23 17 15 16 17 16 17 16 16 15 12 11 9 10 10 9 9 10 14 15 17 17 17 19 19 20 20 19 19 20 19 15 14 12 11 12 17 19 21 23 23 24 24 24 23 23 23 22 22 22 19 18 15 8 4 4 3 2 5 8 10 12 14 15 14 14 15 17 19 18 19 18 18 17 15 14 14 15 15 16 17 18 18 19 21 22 24 24 26 25 25 22 18 15 12 8 
15 16 17 18 15 15 16 15 16 18 19 21 22 22 18 18 16 15 16 17 17 16 15 12 11 9 10 10 8 9 10 14 14 16 17 17 18 18 20 20 19 19 20 18 15 14 12 10 14 17 19 21 22 22 23 24 24 23 23 23 23 23 22 22 23 19 12 7 4 2 1 4 6 9 11 14 14 12 12 15 17 19 18 19 18 18 17 15 14 14 15 16 16 17 18 18 19 21 22 22 23 24 24 24 22 18 15 13 8 
15 17 18 19 18 17 17 17 16 16 17 21 23 24 22 18 16 15 16 17 16 16 15 12 10 9 10 10 8 9 10 12 14 16 17 17 18 18 20 20 19 19 20 18 15 13 12 11 14 17 18 19 21 22 23 24 24 24 24 24 23 23 23 22 23 22 21 10 4 2 3 4 7 9 10 12 14 12 14 15 17 18 18 19 18 18 17 15 14 14 15 16 16 17 18 18 19 21 22 23 23 23 23 23 22 17 15 14 8 
17 18 19 21 19 19 19 19 19 17 18 21 23 24 24 18 15 15 15 17 16 15 14 11 10 8 8 8 8 9 11 13 15 17 17 17 18 18 20 20 20 20 18 17 15 13 12 12 14 17 18 19 21 22 23 24 24 24 24 23 23 23 23 22 23 22 23 12 5 4 3 3 4 5 10 13 15 13 12 15 16 17 19 20 18 18 17 16 15 14 15 15 16 16 17 18 19 21 22 23 23 23 23 23 21 16 15 14 8 
17 18 17 21 22 22 22 22 23 22 23 23 24 24 25 19 15 15 15 16 16 15 14 11 9 8 8 8 8 9 11 13 15 18 17 17 18 19 22 20 22 20 17 17 14 13 12 11 14 16 18 21 21 21 22 23 23 23 23 23 23 23 23 23 23 22 22 15 10 6 3 3 3 4 8 12 15 12 11 15 16 17 19 20 18 18 17 16 15 14 15 15 16 16 17 18 18 21 22 23 23 23 23 23 19 16 14 13 8 
17 17 16 17 21 22 22 23 23 24 24 24 24 24 25 23 17 15 15 16 15 14 12 10 9 7 8 9 9 10 11 12 15 17 17 17 19 20 20 22 19 18 18 17 14 13 11 11 13 16 18 21 21 21 22 23 23 23 23 23 23 23 23 23 22 22 23 20 15 9 4 3 2 3 6 10 11 11 13 15 15 17 18 19 19 18 18 17 16 15 16 16 16 16 17 17 19 21 22 23 23 23 24 23 19 15 12 11 6 
18 16 15 16 16 18 19 23 23 25 25 24 25 24 25 25 21 16 15 15 14 14 12 10 9 7 8 9 10 10 11 14 16 16 17 17 19 19 20 20 19 18 18 17 14 13 12 11 13 16 17 19 19 21 22 23 23 23 23 23 23 23 23 23 23 22 23 23 18 11 4 3 2 3 5 6 8 9 13 13 14 16 18 19 19 18 17 16 15 13 15 16 16 16 17 18 19 21 22 23 23 24 24 23 18 15 11 10 6 
17 15 16 16 16 17 19 23 23 26 25 25 24 25 24 25 21 17 15 14 14 13 11 9 9 6 9 11 10 11 12 12 15 16 17 17 18 18 19 19 18 18 18 17 14 13 12 12 13 16 17 19 19 19 21 22 22 22 22 23 23 23 23 23 22 22 22 21 20 16 8 5 3 3 4 5 9 9 11 12 14 16 17 18 19 18 17 16 15 14 16 17 16 16 17 18 19 21 22 23 23 23 23 23 18 15 12 9 6 
19 19 18 17 16 17 19 22 25 26 25 25 25 25 25 25 21 16 15 14 14 13 11 9 8 8 10 11 10 11 12 14 15 16 17 17 18 18 19 19 19 18 18 17 14 13 12 12 14 16 17 19 19 19 21 22 22 22 22 23 23 23 23 23 22 22 22 22 20 19 14 9 5 5 3 5 6 8 9 12 14 15 16 18 18 18 17 16 15 14 16 17 16 16 17 18 19 21 22 23 23 23 23 23 18 15 12 9 5 
22 23 22 19 17 17 18 18 22 23 24 24 25 25 25 25 22 17 15 15 12 12 10 8 8 8 9 10 11 11 12 14 15 16 17 18 18 18 19 19 19 18 17 17 15 13 12 12 14 17 18 18 19 19 21 22 22 22 22 23 23 23 23 23 22 22 22 22 22 22 18 12 8 5 3 4 4 6 9 12 12 15 16 17 17 17 17 16 15 14 16 17 16 16 17 18 19 21 22 23 23 23 23 23 19 16 11 8 5 
24 26 25 23 18 18 18 17 18 19 22 25 25 25 25 25 22 18 13 13 12 12 9 8 8 8 8 11 11 11 12 12 15 15 17 18 19 19 21 19 19 19 18 17 14 13 12 12 15 16 17 19 19 19 21 22 22 22 22 23 23 23 23 22 22 21 22 22 22 23 20 15 8 5 3 3 3 5 8 12 12 15 16 17 17 17 17 16 15 14 16 17 16 16 17 18 19 21 22 23 23 23 23 23 19 15 11 8 5 
23 25 25 25 23 21 18 18 18 18 21 24 24 25 28 28 24 19 13 13 12 11 9 8 7 7 9 11 10 10 11 12 14 15 16 18 18 19 19 19 19 18 17 16 15 13 12 12 15 16 17 18 19 19 19 21 21 21 21 22 22 22 22 22 21 21 22 22 21 22 19 17 12 8 3 3 3 4 6 11 13 15 15 16 17 17 17 16 15 14 16 17 16 16 17 18 19 21 21 22 23 23 24 24 19 15 11 8 4 
19 22 24 24 25 23 19 18 18 18 21 22 23 25 28 28 25 21 15 13 12 11 8 7 7 8 10 11 10 10 11 12 14 16 17 18 18 18 19 19 18 18 16 16 15 14 12 14 15 16 17 18 18 18 19 21 21 21 21 22 22 22 22 22 21 21 22 22 22 21 21 21 17 10 3 3 3 3 5 9 11 13 14 15 16 16 16 16 15 15 16 17 16 16 17 18 18 19 21 22 22 23 24 24 19 15 11 8 5 
17 17 18 18 23 23 19 18 18 19 22 24 24 25 26 26 24 19 14 12 11 10 8 8 7 8 9 10 11 11 12 14 14 16 17 17 18 18 19 18 18 18 16 15 15 14 14 14 15 16 17 18 19 19 21 21 21 21 21 22 22 22 22 21 21 21 21 21 21 21 22 22 19 15 8 4 3 4 3 7 9 10 15 16 15 15 16 15 15 15 16 16 17 17 17 18 19 20 21 22 22 22 23 22 19 16 10 7 5 
15 15 17 18 18 22 21 22 23 24 25 26 26 26 26 26 24 19 14 12 10 9 6 6 7 9 10 11 12 12 14 14 15 16 17 17 18 18 18 18 17 17 16 15 15 14 14 15 16 17 18 18 19 19 21 21 21 21 21 22 22 22 22 21 21 21 21 21 21 22 23 22 21 19 15 6 4 5 3 5 8 10 15 16 15 15 16 15 15 15 16 16 17 17 17 18 19 20 21 22 22 22 23 22 19 16 10 9 5 
15 15 16 18 18 19 21 23 23 26 26 28 28 26 26 25 24 19 13 12 9 8 6 6 7 8 10 11 12 14 15 15 15 17 17 17 18 18 18 18 18 17 15 15 14 14 14 15 16 17 19 19 21 21 22 22 22 22 22 21 21 21 21 21 21 19 19 21 21 21 21 21 22 22 21 10 5 6 4 5 9 11 13 16 15 15 15 15 15 15 16 16 17 17 17 18 18 19 20 22 21 22 23 22 19 15 11 8 5 
15 15 17 18 17 18 19 21 22 25 25 26 28 26 25 26 24 21 15 12 9 8 6 6 7 8 10 11 12 14 15 15 15 17 17 17 18 18 18 18 17 17 16 15 14 14 15 15 16 18 18 19 21 21 22 22 22 22 22 22 22 22 22 21 21 21 19 19 19 21 21 21 22 22 23 14 9 6 4 5 6 8 12 15 15 15 15 15 15 15 16 16 17 17 17 18 18 19 20 22 21 21 23 22 19 15 10 8 5 
15 15 16 17 17 17 18 20 22 23 25 26 28 26 25 26 25 22 16 12 8 7 5 5 8 9 10 11 12 15 16 16 16 17 18 18 18 18 18 18 17 17 16 16 15 15 15 16 17 18 19 19 21 21 22 22 22 22 22 22 22 22 22 21 21 21 19 19 18 19 21 21 22 22 24 17 12 8 5 4 4 5 9 12 15 15 15 15 15 15 16 16 17 17 17 18 18 19 20 22 21 21 23 22 18 15 10 8 5 
16 16 17 17 16 17 18 19 21 22 24 26 26 25 25 25 25 23 17 13 9 7 5 5 8 9 10 12 14 15 16 16 16 17 18 18 18 18 18 18 17 16 16 15 15 15 15 16 17 18 18 21 21 21 22 22 22 22 22 22 22 22 21 21 21 21 19 19 18 19 21 19 22 22 22 19 15 8 4 4 4 6 9 11 15 15 15 15 15 15 16 16 17 17 17 18 18 19 20 22 19 21 22 20 17 14 10 8 5 
19 18 17 16 16 17 17 18 19 21 23 25 25 25 25 25 25 23 18 13 10 7 5 5 8 9 11 12 14 15 16 16 16 17 17 17 18 18 17 17 16 16 14 14 15 15 16 16 17 19 19 21 22 22 22 22 22 22 22 22 22 22 21 21 21 21 19 18 18 18 19 19 22 21 22 23 19 10 7 4 4 5 7 11 13 15 15 14 14 15 16 16 17 17 17 18 18 19 19 20 19 19 19 19 18 14 10 8 5 
22 19 18 17 18 18 17 17 18 19 22 25 25 25 26 26 26 25 19 13 10 7 5 6 8 9 11 12 14 15 16 16 16 17 17 17 18 18 17 17 16 15 15 14 15 15 16 16 17 19 19 21 22 22 22 22 22 22 22 22 22 22 21 21 21 21 19 18 17 18 19 19 22 21 23 25 23 17 11 5 4 4 5 9 12 15 15 14 14 15 16 17 17 17 17 18 18 19 19 20 19 19 19 19 18 14 11 9 5 
25 24 21 19 19 22 19 17 18 19 21 23 24 24 25 25 26 25 21 15 11 9 5 7 9 10 11 14 14 15 16 16 17 17 17 18 18 17 17 16 15 15 14 15 15 15 16 17 18 19 19 21 22 22 23 23 23 23 23 23 22 22 19 19 21 19 18 17 17 18 19 19 22 22 23 25 23 18 13 9 4 3 4 5 7 11 14 14 14 14 15 15 15 15 16 17 17 18 18 18 18 18 19 21 18 15 13 11 6 
25 24 24 24 23 23 22 21 19 17 19 22 23 24 24 25 26 25 22 16 11 9 6 8 9 11 12 14 14 15 16 16 17 17 17 18 17 17 17 15 15 15 14 15 15 15 16 17 18 19 21 21 22 22 23 23 23 22 22 22 22 22 19 19 21 19 18 16 18 18 18 19 22 23 23 25 24 21 17 12 3 3 4 4 5 8 11 12 14 14 14 15 15 15 16 17 17 18 18 19 18 19 21 22 22 19 16 13 6 
24 24 24 25 24 24 24 23 19 17 18 19 22 22 24 25 26 24 21 16 12 9 6 8 10 11 12 15 15 15 16 16 16 17 17 17 17 17 16 15 15 15 14 15 16 16 16 17 19 20 21 21 22 22 23 23 23 22 22 22 20 20 18 18 19 18 18 17 17 18 18 19 21 22 23 25 24 21 17 12 9 6 4 4 5 6 9 11 14 14 14 14 15 15 16 17 17 18 19 20 20 22 24 24 24 24 22 17 8 
21 23 23 23 23 23 23 24 23 19 19 19 21 21 22 23 24 24 21 16 12 10 7 9 10 11 12 15 15 15 16 16 16 17 17 17 17 17 17 15 15 15 15 16 16 16 17 18 19 20 21 21 22 22 23 23 23 22 20 20 20 20 18 18 18 17 17 17 17 17 18 18 19 22 23 25 24 22 19 21 18 12 4 4 4 5 6 9 11 14 14 14 15 15 16 17 17 18 19 20 20 22 24 24 25 28 26 19 8 
20 22 21 22 22 22 23 26 26 24 21 19 20 20 21 22 23 24 21 16 14 11 9 10 11 12 14 15 16 16 16 16 16 16 17 17 17 17 16 15 15 16 15 16 16 16 17 18 20 22 21 21 22 22 23 23 23 22 20 20 20 19 17 17 17 16 16 16 16 17 18 17 18 21 24 25 26 25 23 23 22 16 8 5 5 5 4 5 8 12 14 15 15 15 16 17 17 18 19 20 22 23 24 25 26 30 28 19 6 
19 19 19 21 19 21 23 25 26 28 23 21 19 20 20 21 23 23 21 16 14 10 9 10 11 12 14 15 15 15 16 15 16 16 16 16 17 17 16 16 16 16 16 16 16 16 17 18 20 20 21 21 22 22 23 23 23 22 20 20 20 19 17 17 17 16 16 16 16 16 16 18 18 22 24 25 26 25 24 22 22 21 15 8 6 5 4 4 6 9 12 16 15 15 16 17 17 18 19 20 22 23 24 27 29 30 26 16 6 
15 17 18 19 18 19 21 22 25 28 25 23 22 22 21 21 23 24 22 17 14 11 10 11 12 12 14 14 15 15 16 15 16 16 17 17 17 17 16 16 16 16 16 16 16 17 17 18 20 20 19 21 21 21 23 23 23 22 20 20 20 19 17 17 15 15 16 17 17 16 16 18 19 22 24 25 25 24 24 24 22 23 18 10 3 4 4 5 5 8 10 15 15 15 15 16 17 18 19 19 22 23 25 29 30 32 25 15 8 
15 16 16 16 16 16 17 18 21 24 24 24 24 23 22 22 23 25 22 17 14 12 11 11 12 12 14 14 15 15 15 15 15 16 17 16 17 16 16 16 16 16 16 16 16 17 17 19 20 20 21 21 21 21 23 23 23 22 20 20 20 19 17 16 15 15 16 17 17 17 18 18 19 22 25 25 25 23 23 23 22 22 21 12 3 4 4 5 5 6 10 14 15 15 15 16 17 18 19 19 22 25 28 28 30 32 26 19 8 
15 15 15 15 16 16 17 18 19 22 23 23 24 23 22 22 23 23 21 16 12 11 10 11 11 12 14 14 15 15 15 15 15 16 16 16 16 16 16 16 16 16 16 17 17 17 19 19 20 20 22 22 21 21 22 22 22 22 20 20 19 19 17 16 15 15 15 16 17 17 18 19 22 23 25 25 25 23 22 22 22 22 21 14 9 6 3 4 4 9 12 15 16 16 16 16 16 17 19 21 23 25 30 32 33 33 29 20 8 
16 16 15 16 16 16 17 18 19 21 22 23 24 23 23 23 24 23 19 17 14 12 10 11 12 12 14 14 14 15 15 15 16 16 16 16 16 16 16 16 16 16 16 17 17 17 19 20 20 20 22 22 21 21 22 22 22 22 20 20 19 18 16 16 16 16 15 16 17 18 19 21 23 24 25 25 25 23 23 23 22 23 22 19 11 6 3 3 4 5 12 15 16 16 16 17 17 17 19 21 24 26 31 37 43 37 30 20 8 
16 15 16 17 16 17 17 19 19 21 22 23 23 22 23 23 24 22 17 14 12 12 11 11 12 12 14 14 14 14 15 15 15 16 16 16 16 16 16 16 16 16 16 17 17 18 19 20 20 20 20 22 20 22 22 22 22 20 19 18 18 19 18 18 17 16 16 16 16 17 21 22 23 25 25 25 24 23 22 22 21 22 22 23 16 7 4 3 3 4 12 15 17 17 17 18 19 18 19 22 23 26 31 33 33 36 30 19 8 
15 15 15 16 17 18 19 21 21 21 20 20 21 19 19 19 19 18 15 14 11 11 11 12 12 12 14 14 15 15 15 15 16 16 16 16 16 17 16 16 16 16 17 17 17 18 19 19 20 20 20 22 20 22 22 22 22 20 19 19 19 19 18 18 17 16 16 16 15 17 19 22 23 25 25 25 24 23 23 22 21 22 22 24 22 11 6 3 2 3 10 16 18 19 19 19 19 21 21 22 23 26 32 36 35 32 25 17 9 
15 15 15 16 18 21 23 23 22 22 18 18 17 16 16 15 14 14 12 12 11 11 11 12 12 12 14 14 15 15 15 15 16 16 16 16 16 17 16 16 16 16 16 17 17 18 19 19 20 20 19 21 20 22 22 22 22 20 19 19 18 18 18 18 17 15 15 15 15 17 19 22 24 25 25 25 24 24 23 21 21 22 23 24 26 19 11 5 2 3 6 11 14 17 18 18 19 21 21 22 22 26 36 42 39 32 21 11 11 
15 15 15 15 16 21 23 25 24 23 20 20 18 16 15 13 12 12 11 11 10 10 10 11 12 14 14 14 15 15 15 15 16 16 16 16 16 16 16 16 16 16 16 16 17 18 19 19 20 20 19 21 20 22 22 22 20 20 19 19 18 18 18 17 16 15 15 15 15 17 18 22 23 25 25 25 24 22 21 21 22 24 25 26 27 27 19 9 2 2 5 6 9 16 18 18 19 21 21 21 20 26 42 59 52 43 32 14 15 
16 15 15 15 16 18 22 24 24 22 24 24 23 18 15 13 11 11 10 10 10 11 10 11 11 12 14 14 14 15 15 15 16 16 16 16 16 16 16 16 16 16 16 17 18 19 19 19 20 20 19 21 19 21 21 21 21 19 18 18 18 17 17 15 15 14 14 14 16 17 18 22 23 24 25 25 24 19 18 19 21 23 25 26 26 25 22 15 7 4 5 6 6 14 16 16 17 18 18 19 19 29 52 84 79 58 38 21 19 
16 16 15 15 16 16 18 19 19 21 24 25 26 23 19 16 14 12 10 9 10 10 10 10 11 12 12 12 14 14 15 15 16 16 16 15 16 16 16 16 17 16 16 17 18 19 19 19 20 20 19 21 19 21 21 21 19 19 18 18 18 17 16 15 14 14 14 15 16 17 18 22 23 24 24 25 25 21 18 21 22 25 26 28 28 26 24 21 15 7 4 5 3 9 14 14 16 16 17 18 20 31 63 100 102 78 56 35 22 
18 18 17 16 16 15 16 16 16 18 19 22 24 24 23 19 15 12 10 9 10 10 10 10 11 11 12 12 14 15 15 15 16 16 16 16 16 16 16 16 16 17 18 18 18 19 19 19 20 20 20 22 20 20 19 19 18 18 17 17 17 16 15 14 14 14 15 15 17 18 19 23 23 24 24 25 25 21 18 19 22 25 26 28 28 26 26 23 17 10 4 4 4 6 14 12 15 15 17 17 20 31 65 106 122 96 76 60 24 
20 20 19 18 18 16 16 15 15 17 19 21 23 23 23 21 16 14 11 9 9 10 9 10 11 11 12 14 14 15 15 15 16 16 16 16 16 16 16 16 16 17 18 18 18 19 19 19 20 19 19 19 20 20 19 19 18 18 17 17 17 16 15 14 14 15 16 16 18 19 21 23 24 24 24 25 24 21 18 19 22 25 26 28 28 26 27 27 25 16 8 4 2 4 9 11 14 14 17 19 22 29 56 102 132 107 82 74 26 
22 22 21 21 19 17 15 15 15 16 17 19 22 21 21 19 16 14 11 10 8 9 9 10 10 11 12 14 14 15 15 16 16 16 16 15 16 16 16 16 16 16 18 18 18 19 19 19 20 20 20 20 19 20 19 19 18 18 17 17 16 16 15 14 13 15 16 17 19 20 22 24 24 25 25 26 25 22 19 19 22 24 25 26 28 28 29 29 29 21 9 5 2 2 5 9 11 12 17 19 22 27 43 79 124 118 86 64 24 
22 22 21 22 21 18 15 15 15 15 17 21 22 22 22 21 17 12 11 9 9 9 10 10 11 11 12 14 15 15 15 16 16 16 15 15 15 16 16 16 16 17 18 18 18 19 19 19 20 19 19 20 19 19 18 18 18 17 17 17 16 16 15 14 14 15 16 17 19 20 22 24 24 25 25 25 24 22 19 18 21 23 25 26 28 28 29 29 29 25 11 6 2 2 4 8 11 12 16 19 23 27 38 68 116 120 93 60 23 
22 22 22 23 22 19 16 15 16 16 18 22 23 24 23 21 17 12 10 10 9 10 11 10 11 11 14 14 15 15 15 16 16 15 15 15 15 16 16 16 16 17 17 17 19 19 19 19 20 20 20 20 19 19 18 18 18 17 17 17 16 16 15 14 14 15 17 19 20 22 23 24 25 25 25 25 24 22 21 18 21 22 24 26 26 28 29 30 30 29 19 12 3 3 4 6 9 11 15 19 23 26 35 59 107 116 95 64 23 
23 23 23 23 22 21 17 17 18 17 19 23 25 25 24 22 17 12 10 10 10 10 10 11 11 12 14 14 15 14 15 16 16 15 15 15 15 16 16 16 16 17 17 17 19 19 19 19 20 20 20 20 19 19 18 18 17 17 17 17 17 16 15 15 15 16 17 19 20 22 23 24 26 26 25 25 24 22 19 18 21 23 25 26 26 28 29 30 30 31 28 22 8 4 4 5 6 10 12 18 21 25 31 46 95 114 96 64 23 
23 23 23 23 22 22 19 19 21 19 22 25 28 28 26 22 16 11 10 10 10 11 11 11 11 12 14 14 15 15 15 15 15 15 15 15 15 16 16 16 16 17 17 17 18 18 19 19 20 20 19 19 18 18 18 17 17 17 17 17 16 16 15 15 15 15 16 18 20 22 23 24 26 26 25 25 24 21 18 18 19 22 24 26 28 28 29 30 31 32 33 30 14 7 5 4 5 8 11 17 21 23 30 44 97 111 92 54 23 
22 22 23 22 22 22 21 22 22 22 24 26 29 29 23 18 12 9 10 10 11 11 11 11 11 12 14 14 15 15 15 15 15 15 15 15 15 16 16 16 16 17 17 17 18 18 19 19 20 20 19 19 18 18 17 17 17 17 17 17 16 16 15 15 15 16 17 18 20 22 23 24 26 26 25 25 23 21 18 17 19 21 24 26 28 29 30 30 31 33 33 32 16 10 5 3 5 7 10 16 19 22 28 42 91 102 88 56 23 
21 19 19 19 19 21 22 23 23 23 25 28 28 26 21 14 10 9 10 11 13 12 12 12 12 12 12 14 15 14 15 15 15 15 15 15 15 16 16 16 16 17 17 17 18 19 19 19 19 19 18 18 18 18 17 17 16 16 16 16 16 16 15 15 15 16 17 18 20 20 22 23 25 25 25 25 23 21 18 17 18 21 23 25 28 29 31 31 32 34 32 33 17 10 7 5 6 9 11 16 19 24 29 42 87 98 86 54 22 
17 17 17 17 17 19 21 23 23 23 26 29 28 24 18 12 9 9 10 12 13 12 12 12 12 12 14 14 15 15 15 15 15 15 15 15 15 16 16 16 16 17 17 17 18 19 19 19 19 19 19 19 18 18 17 17 16 16 16 16 16 16 15 15 15 16 17 18 20 20 22 23 25 25 25 25 23 22 18 17 18 21 23 25 26 28 30 31 32 33 32 35 25 17 9 6 6 7 10 14 19 26 31 43 81 96 82 52 19 
17 18 17 16 17 18 21 22 24 25 25 29 25 22 17 12 9 9 10 12 12 12 13 13 12 14 14 14 15 14 14 15 15 15 15 15 15 16 16 16 16 17 17 17 18 19 19 19 19 19 19 19 18 18 17 16 16 16 16 16 16 16 16 16 16 17 18 18 19 20 19 22 23 25 25 24 24 22 19 17 17 18 21 24 27 29 28 29 30 30 32 34 31 26 16 9 7 7 9 14 20 27 31 46 78 93 81 50 11 
16 18 18 19 21 19 22 23 24 25 25 24 23 19 15 11 9 10 11 12 12 12 13 13 14 14 14 14 15 15 14 15 15 15 15 15 16 16 16 16 17 17 18 18 18 19 19 19 19 19 19 19 18 17 16 16 15 15 15 16 16 16 16 16 16 17 18 18 19 19 19 22 23 24 25 24 24 22 19 17 17 18 21 24 26 27 26 28 29 29 30 33 34 32 24 13 8 7 8 12 19 26 29 47 77 92 79 49 10 
15 18 19 24 24 24 25 24 24 24 23 18 19 17 11 10 9 10 11 12 12 12 13 13 14 14 14 14 15 14 14 15 15 15 15 15 16 16 16 16 17 17 18 18 18 19 19 19 19 19 19 19 18 17 15 15 14 14 15 16 16 16 16 16 16 17 18 19 19 19 18 21 22 24 25 24 24 23 19 17 17 17 19 23 25 26 26 29 29 29 31 33 32 32 25 16 11 7 8 11 17 25 28 46 75 90 78 47 7 
17 20 21 24 25 26 27 26 25 24 22 16 16 15 10 9 10 11 11 12 11 12 13 13 14 14 14 14 14 14 14 15 15 15 16 16 16 16 16 16 17 17 18 18 19 19 19 19 21 19 18 18 18 16 14 14 14 14 15 16 17 16 16 17 17 17 18 19 19 19 18 21 22 24 25 24 24 23 19 17 17 17 19 23 25 26 26 29 29 29 31 33 32 35 33 24 14 7 7 10 18 24 26 46 75 90 76 47 7 
18 21 23 25 28 29 28 28 28 26 23 17 15 12 10 10 11 11 11 11 12 12 12 12 12 14 14 14 14 14 14 15 15 15 15 16 16 16 17 17 17 17 18 18 18 19 19 19 21 19 18 18 17 16 14 14 14 14 15 17 17 16 16 16 17 18 19 19 18 18 18 21 22 24 25 24 24 23 19 18 17 18 19 23 24 25 27 29 29 29 30 32 33 36 38 32 18 8 6 8 14 22 28 47 73 87 75 46 7 
19 22 24 25 28 29 29 29 29 26 24 17 12 10 9 11 11 11 11 11 12 12 14 12 14 14 14 14 14 14 14 14 15 15 15 16 16 17 17 17 17 18 19 18 19 19 19 19 19 19 18 18 16 15 14 13 14 14 15 16 17 17 17 17 17 18 19 19 18 18 18 21 22 24 25 24 24 22 19 18 17 18 19 23 25 26 27 29 29 29 30 31 31 33 36 35 22 11 6 8 12 21 29 46 72 85 74 46 7 
19 23 25 25 28 29 29 30 29 26 22 16 12 10 9 10 12 12 11 11 12 12 14 14 14 14 14 14 14 14 14 14 15 15 16 16 16 17 17 17 18 18 19 19 19 19 19 18 18 18 17 18 16 15 14 13 14 14 15 16 17 17 17 17 18 18 18 18 19 19 18 21 22 24 25 24 23 22 19 18 17 18 19 23 25 26 27 27 29 29 30 30 31 32 33 33 36 22 12 10 12 19 30 49 73 84 71 45 7 
21 24 26 26 29 29 30 30 28 23 17 12 11 10 10 11 12 12 11 11 12 12 14 14 14 14 14 14 14 14 14 14 15 15 15 16 17 17 17 17 18 18 19 19 19 19 19 18 19 18 17 18 16 15 14 13 14 14 15 16 17 17 17 17 18 19 19 19 19 19 21 21 22 24 24 23 23 21 19 18 17 18 19 23 24 25 27 29 29 30 30 30 30 32 33 33 39 31 18 11 12 18 31 54 77 82 69 45 7 
22 24 28 28 29 30 30 30 26 21 14 9 9 9 10 11 12 12 11 11 13 13 12 12 14 14 14 14 14 14 14 14 14 15 15 16 17 17 17 17 18 18 19 19 19 19 19 18 19 18 17 17 17 16 15 14 15 15 16 17 17 17 17 18 18 19 19 19 21 21 21 22 23 23 24 23 23 22 19 18 17 18 19 23 24 25 25 26 29 29 29 30 29 31 31 33 37 36 25 18 12 18 33 58 79 82 66 43 7 
23 25 28 28 29 29 30 30 24 18 12 9 9 9 10 11 11 12 11 11 13 13 12 12 14 14 14 14 14 14 14 14 14 15 15 16 17 17 17 17 17 18 18 18 19 19 19 18 19 18 18 18 17 16 15 14 15 15 16 17 17 17 17 18 19 19 19 19 21 21 22 23 23 23 24 23 22 22 19 18 17 18 19 22 24 25 25 26 29 29 29 30 29 30 30 32 37 36 33 26 12 15 33 61 82 82 65 43 7 
22 25 28 29 29 30 30 28 23 16 11 9 9 10 10 11 11 12 11 11 12 12 12 12 14 14 14 14 14 14 14 14 14 15 15 16 17 17 17 17 17 18 18 18 19 19 19 18 19 18 18 18 17 16 15 14 15 15 16 17 17 17 18 19 19 19 19 19 21 22 22 23 23 22 23 22 22 21 19 18 18 18 19 21 23 24 24 26 26 28 29 30 29 31 33 34 33 33 37 33 12 12 31 64 86 82 64 42 7 
23 26 29 29 29 30 29 26 21 15 11 9 9 10 10 10 11 12 11 11 12 12 14 14 14 14 14 14 14 14 14 14 15 15 15 16 17 17 17 17 17 18 18 18 19 19 19 18 19 18 17 17 17 16 15 14 15 15 17 17 17 17 18 19 18 19 19 21 22 22 22 23 23 23 23 22 22 21 19 18 18 18 19 22 23 24 24 25 26 28 29 29 29 31 33 34 33 33 36 36 16 12 28 64 86 82 65 44 7 
24 26 29 30 29 30 28 24 17 12 10 9 10 9 10 10 11 12 11 11 12 12 14 14 14 14 14 14 14 14 14 14 15 15 15 16 16 17 17 17 17 18 18 18 18 19 18 18 18 18 17 17 16 16 15 14 15 15 17 17 17 17 18 18 19 19 19 21 21 23 23 23 23 23 23 22 21 19 18 18 18 18 19 21 23 24 24 25 26 28 29 29 30 31 31 32 34 34 36 36 21 11 24 60 84 81 67 46 7 
25 28 30 30 29 29 26 22 16 11 10 10 10 9 10 10 11 12 11 11 12 12 14 14 14 14 14 14 14 14 14 14 15 15 15 16 16 17 18 17 18 18 18 18 18 18 18 18 18 18 17 17 16 16 15 15 15 16 17 17 17 17 18 18 19 19 19 21 21 23 23 23 23 23 22 21 21 19 18 18 18 18 18 21 23 24 25 26 28 28 29 30 30 31 31 32 33 34 37 37 26 14 22 56 84 86 70 47 7 
26 29 30 31 30 29 25 21 16 12 11 11 11 11 10 10 12 12 12 12 12 12 14 14 14 14 14 14 14 14 14 14 15 15 16 16 16 17 18 18 18 18 18 18 18 19 18 18 18 18 17 17 16 16 15 15 15 16 17 17 17 17 18 18 19 19 21 21 21 23 23 23 23 23 22 21 21 19 18 18 18 18 18 21 23 25 26 26 26 29 29 29 29 30 32 33 33 36 37 38 33 21 19 47 82 93 69 40 7 
28 29 30 31 31 29 25 19 16 13 11 11 12 12 10 11 12 12 12 12 12 12 14 14 14 14 14 14 14 14 14 14 15 15 15 16 17 17 18 18 18 18 18 18 18 18 18 18 18 18 17 17 17 17 16 16 16 16 17 17 17 17 18 18 19 19 21 22 21 22 23 23 23 23 22 21 21 19 19 19 19 18 19 22 23 25 26 26 26 29 29 29 29 29 31 32 33 34 37 39 36 25 19 45 82 96 73 48 7 
29 30 31 32 31 30 25 19 15 13 12 12 11 11 12 12 13 13 13 13 12 12 12 12 12 12 14 14 14 14 14 14 14 15 15 16 17 17 18 18 18 18 18 18 18 18 18 18 18 18 18 18 17 17 18 18 17 17 17 17 17 17 18 19 19 19 19 21 21 22 22 23 23 23 22 22 22 21 19 19 19 19 22 23 24 25 28 28 28 29 29 29 28 29 30 30 32 34 35 36 37 29 31 51 81 87 72 49 6 
30 31 31 31 31 29 24 18 15 13 12 12 11 11 12 12 13 13 13 13 12 12 12 12 12 14 14 14 14 14 14 14 14 15 15 16 16 17 17 17 18 18 17 18 18 18 18 18 18 18 19 17 18 18 18 17 17 17 17 17 17 18 18 19 19 19 19 21 21 21 22 23 23 23 22 22 22 21 21 21 22 22 23 24 24 25 28 28 28 29 29 29 29 29 30 30 32 33 35 37 37 32 32 51 82 90 67 43 6 
31 32 31 30 30 26 20 16 13 13 12 12 12 11 12 13 13 13 13 13 12 12 12 12 12 12 14 12 14 14 14 14 14 15 15 16 16 17 17 17 17 17 17 17 17 18 18 18 18 19 18 18 18 18 17 16 16 16 16 16 17 18 18 19 19 19 19 21 21 21 22 23 23 23 22 22 21 22 21 22 22 22 23 24 24 25 26 28 28 29 29 29 29 29 30 30 32 34 36 37 38 36 33 49 82 90 64 40 7 
30 31 33 31 29 23 18 15 13 13 12 14 12 12 13 13 13 13 13 13 12 12 12 12 12 12 12 12 12 14 14 14 15 15 15 16 16 17 17 17 17 17 17 17 17 18 18 18 18 18 18 18 17 16 17 16 16 16 16 17 17 18 18 19 19 19 19 21 21 21 22 22 23 22 22 22 22 21 22 22 22 22 23 24 24 25 26 28 28 28 28 28 29 29 29 30 32 33 35 38 38 37 33 50 82 90 66 39 7 
29 30 35 31 28 21 16 14 12 12 12 12 13 13 13 13 13 13 13 13 12 12 12 12 12 12 12 12 12 12 12 14 15 15 15 16 16 17 17 17 17 17 17 18 17 18 18 18 18 17 17 17 16 15 16 16 17 17 17 18 18 18 18 19 19 19 19 21 21 21 22 22 22 22 22 22 22 22 22 22 22 23 23 24 24 25 26 28 26 28 28 28 28 29 29 30 30 32 35 37 37 36 33 54 85 90 64 33 7 
29 29 35 32 28 21 16 14 14 14 12 12 12 12 12 13 13 13 13 13 12 12 12 12 12 12 12 12 12 12 12 14 15 15 15 15 16 17 17 17 17 17 18 18 18 18 18 18 17 17 17 17 16 16 16 16 17 18 18 18 18 19 19 19 19 19 19 21 21 21 22 22 23 23 22 23 22 22 22 22 22 23 23 24 24 25 26 28 26 28 28 28 28 28 29 30 30 32 35 36 37 37 36 46 77 88 61 29 7 
28 30 31 31 29 22 17 15 14 14 12 12 11 11 11 12 12 12 13 13 11 12 12 12 12 12 11 12 12 12 12 14 15 15 15 15 16 16 17 17 17 17 17 18 18 18 18 18 17 17 17 17 15 16 16 16 18 18 18 19 19 20 19 19 19 19 20 22 22 22 21 22 23 23 22 22 22 22 22 22 23 23 23 24 24 24 25 26 28 29 29 29 29 29 29 30 31 32 35 37 38 40 40 43 67 81 54 21 7 
26 30 29 26 25 19 16 15 14 14 12 12 12 12 12 12 12 12 13 13 12 12 12 12 12 12 11 12 12 12 12 14 15 15 15 15 16 16 17 17 17 17 17 18 18 18 18 18 17 17 17 16 16 16 17 17 18 19 18 19 19 19 19 19 19 19 20 20 22 22 22 22 22 23 23 22 23 22 22 22 23 23 23 24 24 24 25 26 28 29 29 29 29 29 30 30 31 32 35 36 37 39 42 40 51 65 42 14 7 
28 30 30 23 22 17 14 14 14 12 13 13 12 12 12 12 12 12 13 13 12 12 12 12 12 12 11 12 12 12 12 14 15 15 15 15 16 17 17 17 17 17 18 18 18 17 18 18 17 17 17 16 16 16 17 17 19 19 18 19 19 20 19 19 19 19 20 22 20 22 21 22 23 23 23 23 23 23 23 23 23 23 23 24 24 24 25 26 28 29 29 29 29 29 30 30 31 32 34 36 36 38 39 40 53 40 17 22 7 
28 30 26 21 19 15 14 14 14 14 15 15 12 12 12 12 12 12 13 13 12 12 12 12 12 12 11 12 12 12 14 14 15 15 15 16 16 16 17 17 17 17 18 18 18 18 18 18 18 17 17 17 16 17 17 17 19 19 18 19 19 20 19 19 19 19 20 22 20 22 21 22 23 23 23 23 23 23 23 23 23 23 23 24 24 24 25 26 28 29 29 29 29 29 30 30 31 32 34 36 35 37 38 42 49 37 12 12 7 
29 31 31 17 17 15 14 12 14 14 15 15 14 14 14 14 14 14 15 15 12 12 12 12 12 12 11 12 12 12 14 14 15 15 15 16 16 16 16 16 17 17 17 17 17 17 18 18 18 18 18 17 17 17 17 17 19 19 19 19 19 20 19 19 19 19 20 22 22 22 21 22 23 23 23 23 23 23 23 23 23 23 23 24 24 24 25 26 28 29 29 28 28 29 30 31 30 32 33 35 34 36 37 42 49 38 12 9 6 
29 29 31 15 13 13 11 12 11 12 13 13 14 14 14 14 14 14 15 15 12 12 11 12 12 12 12 12 12 14 14 15 15 16 16 16 16 16 16 16 17 17 17 17 18 18 18 18 18 18 17 17 17 17 17 18 19 19 19 19 19 20 19 19 19 19 20 22 22 22 21 22 23 23 23 23 23 23 23 23 23 24 24 24 24 24 25 26 28 29 29 28 28 29 30 31 30 32 33 35 34 36 36 40 50 44 17 9 6 
29 26 29 13 12 12 11 11 11 12 12 12 15 15 14 14 14 15 15 15 13 13 12 12 12 12 12 12 14 14 14 15 15 16 16 16 16 16 16 16 16 17 17 17 17 18 18 18 18 18 17 17 17 17 17 18 18 18 18 18 18 18 19 19 19 19 20 22 20 22 23 23 23 24 24 24 23 23 23 23 24 24 24 24 25 25 25 26 28 29 29 28 28 29 30 31 30 32 33 33 33 33 33 37 42 40 17 6 6 
29 25 20 12 12 12 11 11 11 11 12 12 15 15 14 14 14 15 15 15 13 13 11 12 11 12 12 12 12 14 14 15 15 16 16 16 16 16 16 16 16 17 17 17 17 17 18 18 18 17 17 17 18 17 17 18 18 18 18 18 18 19 18 19 19 19 20 22 22 22 22 23 23 24 24 24 23 22 23 23 23 23 24 25 25 25 25 26 28 29 29 28 28 29 30 31 30 32 33 33 32 32 32 36 39 37 15 5 7 
26 23 15 10 11 11 11 11 11 11 12 12 15 15 14 14 14 15 15 15 13 13 11 11 11 11 12 12 12 14 14 15 15 15 16 16 16 16 16 16 16 17 17 17 17 18 18 18 18 18 18 18 18 18 18 18 18 18 17 18 19 19 18 19 20 22 22 22 22 22 21 22 22 23 23 23 23 23 23 23 24 23 24 25 25 25 26 26 26 28 28 28 28 29 30 31 31 32 32 32 31 30 32 35 39 36 18 5 5 
24 21 12 10 11 11 11 11 11 11 12 12 15 15 14 14 14 15 15 15 13 13 11 11 11 11 12 12 14 14 14 15 15 15 16 16 16 16 16 16 16 16 17 16 16 16 17 17 18 18 17 17 18 18 18 18 18 18 18 18 18 18 18 19 22 22 22 22 22 22 21 22 21 23 23 23 22 22 23 24 24 23 24 25 25 25 26 26 26 28 28 28 28 29 30 30 30 32 32 33 31 30 31 35 39 36 28 8 5 
25 21 14 9 11 11 11 11 11 12 12 14 14 14 15 15 15 15 14 14 14 12 12 12 12 12 12 12 14 14 14 15 15 15 15 15 16 16 16 16 16 16 16 16 16 16 17 17 17 17 17 17 18 18 18 18 18 18 18 18 18 18 18 19 22 22 23 22 22 22 21 21 21 22 22 22 22 22 22 24 23 23 24 25 25 26 26 26 26 28 28 28 28 28 29 29 30 31 32 32 32 31 32 35 37 33 22 10 6 
33 28 17 11 11 11 11 11 12 12 12 14 14 14 15 15 15 15 14 14 14 12 12 12 12 12 12 12 14 14 14 15 15 15 15 15 16 16 16 16 16 16 16 16 16 16 17 17 17 17 17 17 18 17 17 18 18 18 17 18 18 18 18 19 22 22 23 22 22 22 21 21 21 22 22 22 22 22 22 23 24 24 24 25 25 26 26 26 26 28 28 28 28 28 28 28 29 31 32 32 32 32 33 35 36 31 22 11 4 
45 36 19 12 11 11 11 12 12 12 14 14 15 15 15 15 15 15 14 14 14 12 12 12 12 12 12 12 14 14 14 15 15 15 15 15 16 16 16 16 17 16 16 16 16 17 17 17 17 17 17 17 18 18 17 18 18 17 18 18 18 18 18 19 21 22 23 23 22 23 21 21 21 22 22 22 22 22 23 24 24 24 25 25 25 26 26 26 26 28 28 28 28 28 28 28 29 30 31 32 33 33 35 36 35 31 24 11 3 
51 39 19 12 11 11 11 12 12 12 14 15 15 15 15 15 15 15 14 14 14 12 12 12 12 12 12 12 14 14 14 15 15 15 15 15 16 16 16 16 16 16 16 16 16 17 17 17 16 17 17 17 18 17 17 17 17 17 17 18 18 18 18 19 21 22 23 23 22 23 21 21 21 22 22 22 22 22 23 24 24 24 25 25 25 26 26 26 26 28 28 28 28 28 28 29 29 29 30 32 33 33 35 36 36 32 26 11 3 
46 36 21 14 11 11 12 12 12 14 14 15 15 15 15 15 15 15 14 14 14 12 12 12 12 12 12 12 14 14 14 15 15 15 15 15 15 15 15 15 16 16 15 15 16 16 17 17 17 17 17 17 17 17 17 17 17 17 18 18 18 18 18 19 21 21 23 23 22 23 22 22 22 23 22 22 22 22 22 23 24 24 24 25 25 25 26 26 26 28 28 28 28 28 28 28 29 29 30 31 32 33 35 35 35 32 26 13 3 
39 32 21 14 11 11 12 12 12 14 14 15 15 15 15 15 15 15 15 14 14 14 14 14 14 14 14 14 15 15 14 14 15 14 15 15 15 15 15 15 16 16 15 15 15 16 16 16 17 17 16 17 17 17 16 17 16 17 17 17 17 18 18 19 19 21 22 22 23 23 22 22 23 23 22 22 22 22 23 24 24 24 24 25 25 25 26 26 26 28 28 28 28 28 28 28 29 29 29 31 31 32 32 33 33 31 25 15 3 
34 29 18 13 12 11 12 11 12 14 14 15 15 15 15 15 15 15 15 14 14 14 14 14 14 14 14 14 15 15 14 14 14 14 14 14 15 15 15 15 15 15 15 15 14 15 15 15 17 17 17 17 16 16 16 16 16 16 17 17 17 18 18 19 19 21 21 22 21 21 21 21 23 23 23 23 23 23 22 23 24 23 24 25 25 25 25 26 26 28 28 26 26 28 28 28 28 28 29 30 31 31 31 31 33 32 25 15 3 
32 26 19 17 12 12 12 11 14 15 15 15 15 15 15 15 15 15 15 14 14 14 14 14 14 14 14 14 15 15 14 14 14 14 14 14 15 15 15 15 15 15 15 15 14 15 15 15 17 17 17 17 16 16 16 16 16 17 17 17 17 18 18 19 19 21 21 21 21 21 21 21 22 23 23 23 22 22 21 22 23 23 24 25 25 25 26 26 26 28 28 26 26 28 28 28 28 28 29 30 30 30 30 31 32 31 25 15 3 
28 19 17 15 14 12 11 11 12 14 14 14 14 14 14 14 14 14 14 14 16 16 16 16 15 14 14 14 15 15 14 14 14 14 14 14 15 15 15 15 15 15 15 14 14 15 15 15 17 17 17 17 16 16 16 16 16 17 17 17 17 18 18 19 19 21 21 21 21 21 21 21 21 22 21 22 21 21 21 22 23 23 24 25 25 25 26 26 26 28 28 26 26 28 28 28 28 28 29 29 30 30 31 31 31 30 25 15 3 
26 21 18 16 15 12 11 11 12 14 14 14 14 14 14 14 14 14 14 14 16 16 16 16 15 14 14 14 15 15 14 14 14 14 14 14 14 15 15 15 15 15 15 14 14 15 15 15 17 17 17 17 16 16 16 16 16 17 17 17 17 18 18 19 19 21 21 21 21 21 21 21 21 21 21 21 21 21 21 23 23 23 24 25 25 25 25 26 26 28 28 26 26 28 28 28 28 28 28 29 30 31 31 31 31 30 25 15 3 
30 25 23 18 16 14 11 11 11 12 12 14 14 14 14 14 14 14 14 14 16 16 16 16 15 14 14 14 15 15 14 14 14 14 14 14 15 15 15 15 15 15 15 14 14 15 15 15 15 16 16 16 17 17 16 16 16 16 17 17 17 18 18 19 19 19 21 21 21 21 21 21 21 21 21 21 22 21 21 23 23 23 24 25 25 25 26 26 26 28 28 26 26 28 28 28 28 28 28 30 30 31 32 32 32 31 25 15 4 
31 30 30 23 18 15 14 12 11 11 12 14 14 14 14 14 14 14 14 14 16 16 16 16 15 14 14 14 15 15 14 14 14 14 14 14 15 15 15 15 15 15 15 15 14 15 15 15 15 16 16 16 17 17 16 16 16 17 17 17 17 18 18 19 19 19 21 21 21 21 21 21 21 21 21 22 22 22 21 22 23 23 24 25 25 25 26 26 26 28 28 26 26 28 28 28 28 28 28 29 30 30 31 32 32 31 26 15 4 
31 31 32 28 23 18 15 14 12 11 12 12 14 14 14 14 14 14 14 14 16 16 16 16 15 14 14 14 14 14 14 14 14 14 14 14 15 15 15 15 15 15 15 15 14 15 15 15 15 15 16 16 17 17 16 16 16 16 16 16 16 18 18 19 19 19 19 19 19 19 21 21 21 21 22 23 24 23 22 23 23 23 24 24 25 25 25 26 26 28 28 26 26 28 28 28 28 28 28 29 30 30 31 32 32 31 25 15 3 
30 31 32 32 28 21 17 15 12 11 11 12 12 12 14 14 14 14 14 14 16 16 16 16 14 14 14 14 12 14 12 14 14 14 14 14 15 15 16 15 15 15 15 14 14 15 15 15 15 15 15 16 17 17 16 16 16 16 17 16 17 17 18 18 19 19 19 19 19 19 21 21 21 21 23 23 23 24 23 23 24 24 24 24 25 25 25 26 26 28 28 26 26 28 28 28 28 28 28 29 30 30 31 32 33 31 24 13 3 
30 30 32 32 33 24 19 16 14 12 11 12 13 13 15 15 15 15 14 14 16 16 15 15 14 12 12 12 14 14 12 12 12 12 12 14 14 15 15 15 15 15 15 14 14 15 15 14 15 15 15 15 15 15 17 17 17 17 18 17 18 19 18 18 19 19 19 19 19 21 21 21 21 21 22 22 22 23 24 24 23 24 24 24 25 26 25 25 26 28 28 28 28 28 28 28 28 28 29 30 30 30 31 32 33 32 25 13 3 
31 31 32 33 35 29 21 17 14 12 11 11 13 13 13 15 15 15 14 14 16 16 15 15 14 12 12 14 14 14 12 12 12 12 12 14 14 15 15 15 15 15 15 14 14 15 15 14 14 14 15 15 15 15 17 17 17 17 18 18 18 19 18 18 19 19 19 19 19 19 21 21 21 21 21 23 23 23 24 25 24 24 24 25 25 26 25 25 26 28 28 28 28 28 28 28 28 29 30 31 31 31 32 33 33 32 24 12 3 
30 29 30 30 35 31 23 17 14 11 11 11 11 11 12 12 12 12 13 15 14 14 14 14 14 14 14 14 12 12 14 14 14 14 14 14 15 15 15 15 15 15 15 14 14 14 14 14 14 14 14 14 15 15 15 15 15 15 16 16 17 17 19 19 19 20 19 20 19 19 19 21 21 22 22 23 23 24 25 25 25 25 25 25 25 25 25 26 26 28 28 28 26 28 28 29 29 30 31 31 31 32 32 33 33 31 23 12 3 
25 23 26 28 33 29 23 18 14 11 11 11 11 11 12 12 12 12 13 15 14 14 14 14 14 14 14 15 14 14 14 14 14 14 14 14 15 15 15 15 15 15 15 14 14 14 14 12 12 14 14 14 14 15 15 15 15 16 16 16 17 17 19 19 20 20 19 20 19 19 21 21 22 22 22 22 23 23 24 24 25 25 24 25 25 25 25 26 26 28 28 28 26 28 28 29 29 31 32 33 32 32 33 35 35 31 22 11 2 
24 22 24 26 30 30 25 19 14 11 11 11 11 11 11 12 12 12 13 13 14 14 14 14 14 14 15 15 14 14 14 14 14 14 14 14 15 15 15 16 16 15 15 15 15 14 14 14 14 14 14 12 14 15 15 15 15 16 16 16 17 17 19 20 20 20 20 20 19 19 21 21 21 22 22 23 23 23 24 24 25 25 25 25 25 25 25 26 26 28 28 28 28 28 29 29 30 31 33 33 32 32 33 35 35 32 22 11 2 
24 22 23 25 27 29 25 19 14 11 11 11 11 11 11 12 12 12 13 13 14 14 15 15 14 15 15 15 14 14 14 14 14 14 14 14 15 16 16 16 16 16 15 15 15 14 14 14 14 14 14 14 15 15 15 15 15 16 16 16 17 17 19 20 20 20 20 20 19 19 21 21 21 22 22 22 22 23 24 25 25 25 25 25 25 25 25 26 26 28 28 28 28 28 29 29 30 32 33 33 32 33 35 35 35 32 22 11 2 
24 22 22 23 25 25 25 22 15 11 11 11 11 11 11 12 12 12 13 13 14 14 15 15 15 15 15 15 14 14 14 14 14 14 14 14 15 16 16 16 16 16 15 15 15 14 14 14 14 14 14 14 15 15 15 15 15 15 16 16 17 17 18 19 20 22 20 20 19 21 21 21 22 22 22 22 23 24 24 24 25 25 24 25 25 25 25 26 26 28 28 28 28 28 29 29 30 32 33 33 32 33 35 35 35 32 22 11 2 
23 21 22 22 23 24 26 24 17 12 11 11 11 11 11 12 12 12 13 13 14 14 15 15 15 15 15 15 14 14 14 14 14 14 14 14 15 16 16 16 16 16 15 15 15 15 15 15 15 15 15 15 15 15 16 16 15 16 16 16 17 17 18 19 20 20 20 20 19 19 21 21 21 22 22 22 23 24 23 24 25 25 24 24 25 25 25 26 26 28 28 28 28 28 29 29 32 33 35 33 33 33 35 35 35 32 22 11 2 
21 19 21 22 22 23 24 24 18 14 11 11 11 11 11 12 12 12 13 15 14 14 15 15 15 15 15 15 14 14 14 14 14 14 14 15 15 16 16 16 16 16 16 16 16 16 16 16 16 16 15 15 15 15 16 16 15 16 16 16 17 17 18 19 19 18 20 20 19 20 19 21 22 23 22 23 23 23 22 23 23 24 24 24 25 26 26 28 28 29 29 29 28 29 29 30 31 33 35 33 33 33 35 35 35 32 22 11 2 
19 18 19 21 21 23 24 24 22 15 11 11 11 11 11 12 12 12 13 15 14 14 15 15 15 15 15 15 14 14 14 14 14 14 14 15 15 16 16 16 16 16 16 16 16 16 16 16 17 16 16 16 15 15 16 16 16 16 16 16 17 17 18 19 19 19 20 20 20 20 21 19 22 23 23 23 23 23 22 22 23 24 24 24 25 26 26 28 28 29 29 29 28 29 29 29 31 32 33 33 32 33 35 35 35 32 22 11 2 
18 18 19 21 21 22 25 26 23 16 12 12 11 11 11 12 12 12 13 13 14 14 14 14 14 14 14 14 15 15 15 15 15 15 15 15 16 16 16 16 16 16 16 16 16 16 16 16 16 17 16 15 15 15 15 15 15 15 15 16 16 17 18 19 19 19 20 20 20 20 19 19 20 22 21 22 22 22 22 22 23 23 24 24 25 26 26 28 28 29 29 29 29 29 29 29 30 32 33 33 33 33 35 35 35 32 22 11 2 
14 12 15 17 18 21 24 25 23 18 14 12 12 12 11 12 12 12 13 13 14 14 14 14 14 14 14 14 15 15 15 15 15 15 15 15 16 16 16 16 16 17 16 16 16 16 16 16 16 17 17 15 15 15 15 15 15 15 15 16 17 17 17 18 19 19 19 20 20 19 19 19 22 22 21 22 22 22 22 23 23 23 24 25 25 26 26 28 28 29 29 29 29 29 29 29 29 31 33 33 32 33 35 35 35 32 22 11 2 
10 9 9 14 17 19 23 24 22 18 15 14 12 12 11 11 11 12 12 12 14 14 14 15 14 14 14 15 15 16 16 16 15 16 16 16 16 16 17 17 17 17 17 17 16 16 17 17 16 16 17 15 15 15 15 14 14 14 15 16 16 17 18 18 18 18 18 18 19 19 19 19 22 22 21 22 22 21 21 22 23 23 24 25 25 26 26 28 28 29 29 29 29 29 28 29 29 31 32 32 32 33 35 35 35 32 22 11 2 
9 10 10 12 11 16 20 22 21 19 15 14 12 12 11 11 11 12 12 12 14 14 14 15 14 14 14 15 15 16 16 16 15 16 16 16 16 16 17 17 17 17 17 16 16 17 17 17 17 17 16 15 15 15 15 15 15 15 16 16 17 17 18 18 18 18 18 18 19 19 18 19 20 22 22 22 22 21 21 22 23 23 24 24 25 26 26 28 28 29 29 29 29 29 28 29 29 31 32 32 32 33 35 35 35 32 22 11 2 
10 11 15 15 11 14 17 18 19 19 16 15 14 12 11 11 11 12 12 14 14 14 15 15 16 16 16 16 15 16 16 16 16 16 16 16 16 16 17 17 17 17 17 17 16 16 17 17 17 16 16 16 16 14 15 15 15 15 16 16 17 17 18 18 18 18 17 18 19 19 19 19 20 20 21 22 22 21 21 22 22 23 23 24 25 26 26 28 28 29 29 29 29 29 29 28 29 30 31 31 32 33 35 35 35 32 22 11 2 
10 12 17 17 12 14 17 18 21 19 16 15 14 12 11 11 11 12 12 14 14 14 15 16 16 16 16 16 16 16 16 16 16 16 16 16 16 16 16 17 17 17 17 16 16 16 17 17 17 17 16 16 16 15 15 15 15 15 16 17 17 17 18 18 18 17 17 17 19 19 19 18 20 20 21 21 21 21 21 21 22 22 23 24 24 26 25 26 28 28 28 29 29 29 29 28 29 30 31 31 31 32 33 35 35 32 22 11 2 
9 10 14 14 15 15 16 18 21 19 17 16 14 12 11 11 11 12 15 15 15 16 17 17 17 17 17 17 16 16 16 16 16 16 16 16 16 16 16 16 16 16 16 16 16 16 17 17 17 17 16 16 16 15 15 15 15 15 15 16 17 17 18 17 17 17 17 17 18 18 18 18 18 19 19 21 21 21 21 22 22 22 23 23 24 24 25 26 28 28 28 28 28 28 29 29 29 30 31 31 32 32 33 35 36 32 21 11 2 
8 8 9 11 14 15 16 17 22 19 17 16 14 12 11 12 12 12 15 15 15 16 17 17 17 17 17 17 16 16 16 16 16 16 16 16 16 16 16 16 16 16 16 16 16 16 16 17 17 17 17 16 16 15 15 15 15 15 15 15 16 16 17 17 17 17 17 18 18 19 18 18 19 19 21 19 21 21 21 22 22 22 22 23 23 24 25 25 26 28 28 28 28 28 29 28 30 31 32 32 32 32 33 35 35 33 23 11 2 
7 8 9 10 11 12 15 17 19 17 16 15 14 12 12 12 12 14 16 17 16 16 17 16 16 17 17 17 17 17 17 17 17 17 17 17 16 16 16 16 16 16 17 17 16 16 18 18 18 18 16 16 15 15 15 14 14 14 15 15 15 15 16 16 16 18 18 18 19 19 18 18 19 19 22 22 21 21 21 22 21 21 22 22 23 24 24 25 26 26 26 28 28 28 29 28 30 31 32 32 32 32 33 33 35 35 36 37 33 
8 9 9 9 10 11 14 16 18 17 15 15 14 12 12 12 12 14 16 17 16 16 17 17 17 17 17 17 17 17 17 17 17 17 17 17 17 16 16 16 16 16 17 17 16 16 18 18 18 18 17 17 16 15 15 15 15 15 15 15 14 15 15 16 17 18 18 19 20 19 19 19 19 21 23 23 21 21 21 21 21 21 22 22 22 24 24 24 26 26 26 26 26 28 29 28 30 31 32 32 33 33 33 33 35 36 36 37 36 
9 10 10 10 9 10 11 15 17 17 15 15 14 12 12 14 14 14 16 17 17 17 17 17 17 17 17 17 17 17 17 17 17 17 17 18 17 17 16 16 16 16 17 17 17 17 17 17 17 17 17 17 18 17 16 15 15 15 15 15 15 15 16 17 17 18 18 19 19 19 20 20 19 21 23 23 22 22 21 21 21 21 22 22 21 22 22 23 24 24 25 26 26 28 29 28 30 31 32 32 33 33 33 33 35 36 36 38 37 
9 10 9 9 8 9 9 14 16 16 15 15 14 14 14 14 14 14 16 17 17 17 18 17 17 17 17 17 17 17 17 17 18 18 18 18 17 17 17 17 17 17 18 18 17 18 18 18 19 18 18 18 19 18 16 16 15 15 15 15 15 15 16 17 17 18 18 18 20 20 22 22 21 22 23 23 23 22 21 21 21 21 21 21 21 22 22 23 24 24 25 25 26 28 29 28 30 31 32 32 33 33 33 33 35 35 37 38 37 
12 11 9 8 9 9 9 14 17 17 16 16 15 14 14 15 15 15 17 17 17 17 18 17 17 17 17 17 17 17 17 17 18 18 18 18 17 17 17 17 17 17 18 17 18 18 18 18 18 18 18 19 18 18 18 18 17 17 17 16 16 16 17 17 18 18 18 18 20 22 22 22 22 21 22 22 22 21 21 21 22 22 22 22 21 22 22 23 24 24 25 25 26 28 29 28 30 31 32 32 33 33 33 33 35 36 37 39 38 
