1 1 1 1 1 1 1 1 1 1 2 2 2 2 1 1 3 19 52 53 25 14 10 9 10 12 11 10 12 15 15 90 215 226 181 47 10 10 7 7 10 10 11 11 11 11 11 11 11 11 11 11 11 10 9 9 6 6 5 5 3 2 2 4 3 3 12 37 56 57 52 44 32 22 9 9 8 8 9 11 12 16 22 31 30 11 1 1 0 0 0 
1 1 1 1 1 1 1 1 1 1 2 2 2 2 1 1 4 24 53 47 18 10 7 7 8 10 10 10 12 16 11 87 210 210 142 30 12 12 7 7 10 10 11 11 10 10 11 11 11 11 11 11 11 11 9 8 6 5 5 5 4 3 3 5 4 1 5 16 37 53 50 33 21 15 8 8 7 8 8 10 13 16 23 44 47 24 3 0 0 0 0 
1 1 1 1 1 1 1 1 1 1 2 2 2 2 1 1 8 29 54 38 12 7 7 5 7 9 9 10 12 16 9 84 203 194 82 21 11 12 8 8 10 10 11 11 10 10 10 10 11 11 11 11 10 10 9 8 6 6 6 6 4 3 3 7 8 3 3 7 28 46 39 21 10 10 8 8 7 8 8 9 11 15 26 52 54 27 4 1 1 1 0 
1 1 1 1 1 1 1 1 1 1 1 1 1 1 1 1 8 52 56 33 10 7 5 5 7 9 9 9 11 17 7 58 184 206 90 21 12 13 8 8 10 10 10 10 10 10 10 10 11 11 11 11 10 10 9 8 6 6 6 6 4 4 7 10 9 7 5 12 26 33 25 16 11 9 7 7 7 8 8 8 11 13 37 56 52 26 4 3 2 1 0 
1 1 1 1 1 1 1 1 1 1 1 1 1 1 1 3 18 64 63 35 8 5 5 5 5 7 8 9 11 18 7 51 172 188 64 17 12 12 8 8 10 10 10 10 10 10 10 10 11 11 11 11 10 10 9 9 6 6 6 6 5 5 9 12 10 8 7 9 15 22 26 23 11 7 6 6 8 8 8 10 11 13 36 54 48 22 4 3 2 0 0 
1 1 1 1 1 1 1 1 1 1 1 1 1 1 2 2 30 72 60 28 5 4 4 4 5 7 8 9 11 17 6 33 118 129 40 20 14 13 8 8 10 10 10 10 11 11 11 11 11 11 11 11 10 10 9 9 6 6 5 7 5 5 10 12 11 8 7 5 6 17 30 27 11 5 5 5 8 8 10 10 10 12 31 49 40 16 5 3 1 0 0 
1 1 1 1 1 1 1 1 1 1 1 1 1 1 2 4 37 72 53 18 5 4 4 4 5 7 7 9 11 15 9 19 57 70 32 21 13 13 8 8 10 10 10 10 11 11 11 11 11 11 11 11 10 10 9 8 5 5 5 8 5 5 10 14 11 9 8 5 5 12 26 30 15 6 5 7 7 9 10 10 10 12 29 46 38 16 5 3 0 0 0 
1 1 1 1 1 1 1 1 1 1 1 1 2 1 2 19 55 68 37 15 5 3 4 4 4 5 7 8 10 11 11 16 35 44 28 19 11 12 7 7 10 10 11 11 11 12 11 11 11 11 10 10 10 10 9 8 5 5 5 8 8 7 10 14 12 10 9 8 5 7 22 32 18 7 4 6 7 8 10 10 11 12 26 46 44 21 5 2 0 0 0 
1 1 1 1 1 1 1 1 1 1 1 1 2 1 2 24 60 66 32 13 4 3 4 4 4 5 7 8 9 9 10 18 37 33 23 19 11 12 7 7 10 10 11 11 11 12 11 11 11 11 10 10 10 10 9 7 5 5 6 8 11 9 8 11 12 11 10 8 5 3 15 30 22 8 4 6 5 8 8 9 10 11 26 49 52 28 5 1 0 0 0 
1 1 1 1 1 1 1 1 1 1 1 1 1 1 4 22 57 63 32 11 4 3 3 3 4 5 7 7 9 9 11 17 32 29 20 16 9 10 8 8 10 10 10 10 11 11 12 12 11 11 11 10 10 10 8 6 4 6 6 8 9 8 8 10 10 10 10 9 7 2 10 28 26 12 4 4 6 8 7 9 10 10 28 53 68 40 7 2 0 0 0 
1 1 1 1 1 1 1 1 1 1 1 1 1 1 5 27 61 59 25 10 4 4 4 4 4 7 7 7 9 9 11 17 33 28 18 16 10 10 8 8 10 10 11 11 11 11 12 12 11 11 11 10 10 10 9 6 4 6 7 9 9 8 9 9 9 9 10 8 5 3 9 30 34 20 4 4 6 6 5 9 10 10 32 60 74 43 8 3 2 2 0 
1 1 1 1 1 1 1 1 1 1 1 1 2 1 13 46 66 51 19 9 5 4 4 4 6 6 5 5 7 8 13 18 32 27 17 16 9 9 9 9 10 10 11 11 12 12 12 12 11 11 11 11 11 11 8 7 6 8 8 9 8 8 8 9 8 8 9 8 7 3 10 35 42 25 6 5 5 5 7 9 10 10 41 67 69 34 7 3 1 1 1 
1 1 1 1 1 1 1 1 1 1 1 1 1 1 24 62 70 43 16 8 5 4 4 5 6 6 5 5 7 7 13 19 28 24 17 16 9 9 9 9 10 10 11 11 12 12 12 12 11 11 11 11 11 10 8 7 7 9 8 8 8 7 7 8 5 5 5 5 4 1 10 36 42 26 6 5 5 4 5 8 9 9 44 69 67 30 5 2 1 1 0 
1 1 1 1 1 1 1 1 1 1 1 1 1 1 26 66 71 40 12 8 7 5 5 7 7 7 5 5 6 7 13 20 25 20 13 12 9 8 10 10 10 10 11 11 12 12 12 12 11 11 11 11 10 9 8 7 9 11 10 10 8 8 4 4 2 2 2 3 2 1 13 40 46 27 8 6 8 5 5 8 9 10 40 66 57 25 3 0 0 0 0 
1 1 1 1 1 1 1 1 1 1 1 1 2 3 27 59 54 30 10 8 7 5 5 5 5 5 5 5 6 7 13 16 20 17 12 12 9 8 10 10 10 10 12 12 12 12 12 12 11 11 11 11 10 9 8 7 9 15 11 11 12 10 4 2 1 2 2 3 3 1 16 46 51 29 9 8 9 6 4 7 11 12 38 64 57 24 2 0 0 0 0 
1 1 1 1 1 1 1 1 1 1 1 1 3 4 29 46 36 19 8 8 5 5 5 5 5 7 7 7 7 8 11 13 15 14 9 9 9 8 10 10 10 10 11 11 12 12 12 12 11 11 12 11 10 8 7 7 10 18 12 25 43 36 12 6 4 5 5 5 8 2 10 40 53 37 11 8 10 8 5 8 12 19 31 40 35 11 0 0 0 0 0 
1 1 1 1 1 1 1 1 1 1 1 1 3 6 36 52 37 18 8 8 7 5 5 7 7 7 7 7 7 8 11 11 14 12 9 9 8 9 10 10 10 11 12 12 13 13 12 12 11 11 11 11 10 9 8 8 12 19 12 51 106 87 31 10 11 10 10 10 11 6 8 32 52 43 19 11 11 9 8 10 17 20 27 41 36 8 0 0 0 1 1 
1 1 1 1 1 1 1 1 1 1 1 1 3 10 52 74 49 19 8 8 7 5 5 5 5 7 7 7 8 10 10 10 13 11 8 9 9 9 10 10 11 11 12 12 13 13 13 13 12 12 11 11 11 9 8 8 12 20 13 62 164 145 52 14 12 9 9 10 12 10 7 25 50 55 19 9 10 8 10 12 22 25 25 43 37 10 1 2 1 2 2 
1 1 1 1 1 1 1 1 1 1 1 1 2 8 69 104 68 22 6 8 7 5 5 7 7 7 7 7 9 10 10 10 11 11 8 8 9 9 10 10 11 11 12 12 13 13 13 13 12 12 12 11 10 9 7 8 13 20 13 64 192 200 87 11 5 6 8 10 13 13 8 17 46 62 28 9 9 9 11 16 22 25 30 48 37 11 2 4 3 3 2 
1 1 1 1 1 1 1 1 1 1 1 1 2 8 61 108 70 19 5 8 7 5 5 7 7 7 8 9 9 9 10 10 8 8 7 7 10 10 12 12 12 12 12 12 13 13 13 13 11 11 12 12 9 7 8 9 18 20 13 59 181 233 165 66 7 5 7 10 12 12 8 14 43 55 33 10 7 9 12 16 20 24 5 23 31 12 3 3 2 1 1 
1 1 1 1 1 1 1 1 1 1 1 1 3 12 54 79 47 16 8 8 7 7 7 7 7 7 8 9 9 9 10 10 8 8 8 8 10 10 12 12 12 12 12 12 13 13 13 13 11 11 11 12 9 7 7 10 19 22 13 71 199 239 195 105 24 5 7 11 14 14 10 12 33 58 46 19 8 8 12 16 20 24 19 34 36 15 3 2 1 1 0 
1 1 1 1 1 1 1 1 1 1 1 1 4 15 60 74 36 6 7 7 7 7 7 7 7 7 8 8 9 9 9 9 8 7 8 9 10 11 12 12 12 12 12 12 13 13 13 13 11 11 11 11 8 6 8 11 18 22 15 75 193 242 240 164 53 15 8 14 15 14 15 11 25 53 49 26 9 8 14 17 20 25 32 47 43 19 3 0 0 0 0 
1 1 1 1 1 1 1 1 1 1 1 1 5 22 67 79 38 8 8 8 8 7 7 7 7 7 8 8 9 9 9 9 8 8 8 10 10 11 12 12 12 12 12 12 13 13 13 13 11 11 11 11 8 7 9 12 18 23 19 80 198 239 247 203 97 38 12 9 7 14 17 15 20 43 49 33 17 9 14 18 20 29 33 50 49 28 5 0 0 0 0 
1 1 1 1 1 1 1 1 1 1 1 1 5 22 61 68 35 9 7 7 7 7 7 7 7 7 8 9 10 9 8 7 7 7 8 10 11 11 13 13 12 12 12 13 13 13 13 13 12 12 11 11 9 8 9 13 20 22 25 95 212 248 247 222 151 66 30 12 5 16 18 18 18 34 48 39 20 10 14 19 20 32 50 73 58 36 10 0 1 4 3 
1 1 1 1 1 1 1 1 1 1 1 2 5 18 51 48 24 8 3 7 7 7 8 7 7 8 8 8 9 9 9 7 6 7 9 11 11 11 13 13 12 12 12 13 13 13 13 13 12 12 11 11 10 9 10 16 22 18 30 118 228 250 243 234 205 131 54 22 8 13 18 18 16 27 46 48 27 12 17 22 24 33 53 78 70 42 15 2 3 5 4 
1 1 1 1 1 1 1 1 1 1 2 2 5 18 58 51 23 10 5 6 7 7 8 7 7 7 9 9 9 9 9 7 6 7 9 10 11 11 12 13 12 12 12 13 12 12 12 12 11 11 10 10 9 8 10 16 23 19 38 142 242 251 247 248 244 198 107 44 10 12 17 18 18 24 43 50 39 21 15 19 25 21 73 102 107 68 24 3 3 4 2 
1 1 1 1 1 1 1 1 1 1 2 3 9 31 75 64 28 11 8 6 7 7 7 7 7 8 9 9 9 9 8 7 6 7 9 10 11 11 12 13 12 12 13 13 12 12 12 12 11 11 10 10 9 8 11 17 23 20 47 157 246 251 248 251 253 231 159 65 16 15 18 17 21 22 43 56 40 31 18 15 29 54 94 128 149 102 37 4 0 1 1 
1 1 1 1 1 1 1 1 2 2 2 3 7 40 88 85 37 9 6 6 7 8 7 7 7 8 8 10 10 9 8 6 6 7 8 8 11 11 12 12 12 12 11 11 12 12 11 11 11 10 10 10 7 8 10 16 22 22 52 158 237 250 249 252 250 250 235 159 50 21 19 18 8 18 28 54 51 28 35 39 70 118 219 243 222 120 28 2 9 6 1 
1 1 1 1 1 1 1 1 2 2 2 3 7 40 95 98 44 8 6 6 7 8 8 8 8 8 9 10 10 9 8 6 5 7 8 9 11 11 12 12 12 12 12 11 12 12 11 11 10 10 10 9 7 8 11 15 21 24 64 184 246 248 249 249 249 250 251 215 111 36 21 24 21 16 18 36 44 42 85 138 180 221 251 254 200 100 18 2 1 1 1 
1 1 1 1 1 1 1 1 1 2 1 2 4 31 82 89 46 9 5 7 8 9 8 8 9 9 9 9 10 10 8 6 5 6 10 10 11 11 12 13 12 12 12 11 12 12 11 11 11 11 9 9 7 8 12 16 20 29 87 199 252 247 250 248 248 249 251 238 187 99 49 46 52 47 49 57 96 157 194 234 244 248 253 231 145 58 12 2 1 1 1 
1 1 1 1 1 1 1 1 1 1 1 1 1 21 68 81 45 12 8 7 9 9 8 8 9 10 8 9 9 11 8 5 5 6 10 10 11 11 12 12 12 12 12 12 12 12 11 11 11 11 9 10 8 8 12 18 19 30 94 214 253 246 250 249 249 249 250 251 234 191 156 148 159 159 158 160 199 250 250 251 249 245 247 209 117 36 10 7 5 3 2 
1 1 1 1 1 1 1 1 1 2 1 1 1 14 59 78 45 17 11 9 10 9 8 9 9 8 8 8 10 9 7 5 6 7 10 10 11 11 12 12 12 12 12 12 12 12 12 12 10 10 9 10 9 10 12 19 20 30 108 228 252 247 251 249 250 251 251 252 248 245 244 241 240 243 244 248 249 248 249 247 248 251 248 200 94 20 9 8 5 5 4 
1 1 1 1 1 1 1 1 1 1 1 1 1 12 57 80 46 17 12 10 10 9 8 8 10 11 8 27 37 24 7 6 7 8 10 10 11 11 12 12 12 12 12 12 12 12 12 12 11 10 9 10 9 11 15 22 22 33 129 232 251 246 249 249 250 250 251 251 249 249 250 247 247 247 248 248 248 248 247 247 249 252 250 199 98 26 8 8 4 1 2 
1 1 1 1 1 1 1 1 1 1 1 1 1 11 57 79 46 17 11 10 9 8 8 8 9 10 18 54 72 46 9 8 9 10 10 10 11 12 12 12 12 12 12 12 12 12 12 12 11 11 9 9 9 11 15 22 23 44 143 232 251 247 250 250 250 250 250 250 250 251 250 249 249 249 248 245 247 247 247 248 251 252 249 208 114 32 10 7 3 2 1 
1 1 1 1 1 1 1 1 1 1 1 1 1 11 54 78 49 18 10 10 10 8 7 9 10 11 19 81 121 59 8 8 10 11 11 11 12 12 12 13 13 13 12 12 12 12 12 12 11 11 9 9 9 11 17 24 25 52 146 235 252 248 251 250 250 250 250 250 250 250 249 249 249 249 249 249 249 249 248 249 251 251 251 216 120 36 14 7 3 2 1 
1 1 1 1 1 1 1 1 1 1 1 1 2 12 50 75 51 21 11 10 9 8 8 8 10 10 4 82 116 47 9 9 10 11 11 11 12 12 12 12 13 13 12 11 12 12 12 12 11 11 9 9 9 11 17 25 28 58 160 236 251 247 251 250 250 250 249 250 251 250 250 250 251 250 250 250 250 250 250 250 250 250 251 223 134 40 14 6 4 2 1 
1 1 1 1 1 1 1 1 1 2 1 1 2 11 47 75 56 23 10 10 9 8 8 9 10 11 13 98 127 54 10 10 10 11 11 11 12 12 12 12 13 13 11 11 12 12 12 12 11 10 9 9 10 11 18 25 31 71 180 238 248 247 250 250 250 250 250 249 250 251 251 251 251 251 251 250 249 248 249 249 250 250 251 224 137 42 11 5 3 2 1 
1 1 1 1 1 1 1 1 1 1 2 2 2 11 43 73 58 24 8 8 9 8 8 9 11 12 25 118 144 63 11 12 12 12 12 12 12 12 12 12 12 12 11 11 12 12 11 11 11 11 9 9 11 16 23 28 35 84 187 233 245 245 250 250 250 250 250 249 250 251 251 251 250 249 249 249 249 249 249 249 250 250 250 221 138 42 9 5 3 2 1 
1 1 1 1 1 1 1 1 1 1 2 2 3 9 36 66 56 22 6 8 9 8 8 11 13 12 38 148 166 66 11 12 12 12 12 12 12 12 12 12 12 12 12 11 12 12 11 11 11 11 10 10 11 16 23 30 38 86 189 233 244 245 250 250 250 250 250 249 250 251 251 251 250 250 250 249 249 249 249 249 249 249 249 221 137 42 8 6 3 2 1 
1 1 1 1 1 1 1 1 1 1 2 2 3 6 30 61 54 22 5 8 11 10 10 11 13 15 60 155 156 67 14 12 13 10 13 12 11 11 11 11 12 12 12 12 13 13 13 13 12 12 11 11 11 16 22 32 39 87 193 231 242 243 249 250 250 250 250 249 249 250 250 250 250 250 250 249 249 249 249 249 249 249 248 215 116 25 10 6 3 2 1 
1 1 1 1 1 1 1 1 1 1 2 2 3 5 28 64 56 24 6 9 12 10 10 10 13 15 80 187 189 99 29 14 13 13 12 13 11 11 11 11 12 12 12 12 13 13 13 13 12 12 10 10 11 18 28 38 47 90 201 233 242 243 249 250 250 250 250 249 249 250 250 250 250 250 250 249 249 249 249 249 249 249 247 205 103 17 8 6 3 2 1 
1 1 1 1 1 1 1 1 1 2 2 2 3 4 28 66 60 29 9 10 12 11 11 11 12 14 100 213 227 145 61 21 14 15 14 13 11 11 11 11 11 11 11 11 11 11 11 11 11 11 11 10 15 22 30 37 52 109 210 232 244 245 249 250 249 249 250 249 249 250 250 250 250 249 249 249 249 249 249 249 249 249 247 201 108 24 10 5 3 2 2 
1 1 1 1 1 1 1 1 1 2 2 2 4 4 29 70 67 35 11 10 12 12 12 14 14 15 124 226 242 193 116 42 21 17 16 15 11 11 11 11 11 12 11 11 11 11 11 11 11 11 11 15 19 25 31 33 53 129 212 231 244 245 249 250 249 249 250 249 250 250 250 250 250 249 249 249 249 249 249 249 249 249 247 224 157 64 26 8 4 2 1 
1 1 1 1 1 1 1 1 1 1 2 2 4 4 29 72 73 38 12 10 11 11 13 17 14 21 153 241 247 222 137 45 17 21 17 14 12 12 12 12 12 12 12 12 11 11 12 12 12 11 15 18 22 25 31 32 53 113 208 230 246 247 249 250 249 249 249 249 249 249 249 249 249 249 249 249 249 249 249 250 249 249 248 242 184 89 26 8 5 2 1 
1 1 1 1 1 1 1 1 1 1 2 2 4 5 28 74 79 44 12 11 11 12 15 17 14 39 181 248 248 242 203 96 38 28 15 14 14 14 13 14 14 15 15 15 15 15 15 16 15 17 19 23 24 25 29 32 57 135 223 232 246 247 249 249 249 249 249 249 249 249 249 249 249 249 249 249 249 249 249 250 249 249 249 246 207 122 45 8 5 2 1 
1 1 1 1 1 1 1 1 1 1 2 2 4 9 27 76 83 51 14 11 11 14 16 19 17 70 189 249 249 246 243 175 87 32 22 13 16 17 16 16 17 17 18 18 18 18 18 19 19 21 23 25 25 26 29 32 60 152 224 235 247 248 249 249 249 249 249 249 249 249 249 249 249 249 249 249 249 249 249 250 249 250 251 249 223 145 54 9 4 2 1 
1 1 1 1 1 1 1 1 1 1 2 3 5 9 27 76 86 53 17 12 11 15 17 22 23 93 196 248 248 247 250 234 151 70 51 22 24 22 24 23 22 22 21 22 22 22 22 22 22 23 24 24 25 26 29 32 74 167 226 234 248 248 249 249 249 249 249 249 249 249 249 249 249 249 249 249 249 249 249 249 250 250 251 251 236 158 58 9 4 2 1 
1 1 1 1 1 1 1 2 1 1 2 3 6 10 26 71 85 54 21 13 11 14 19 23 29 114 203 247 249 250 250 253 212 143 86 40 33 29 30 29 25 24 23 23 22 22 22 22 23 23 24 24 24 25 30 32 86 184 231 237 249 249 249 249 249 249 249 249 249 249 249 249 249 249 249 249 249 249 249 249 249 250 251 250 240 173 72 15 3 3 2 
1 1 1 1 1 1 1 2 1 1 3 3 6 10 24 73 89 55 23 14 12 15 21 23 42 139 229 249 247 248 248 249 238 215 121 57 40 30 30 30 26 24 24 23 22 21 22 21 22 22 23 23 24 28 30 33 100 195 233 237 249 249 249 249 249 249 249 249 249 249 249 249 249 249 249 249 249 249 249 249 249 249 249 249 241 182 86 24 4 2 2 
1 1 1 1 1 1 1 2 1 1 3 3 5 9 22 68 87 55 23 15 16 18 23 23 49 152 238 249 248 248 250 247 243 242 156 72 44 36 32 32 31 31 28 28 26 25 25 24 26 26 28 29 30 30 36 51 129 209 238 241 249 249 249 249 249 249 249 249 249 249 249 249 249 249 249 249 249 249 249 250 250 250 248 248 241 182 88 26 5 2 1 
1 1 1 1 1 1 2 2 1 1 3 3 5 8 21 65 82 52 23 16 18 22 25 25 60 166 236 251 248 249 250 251 246 246 196 101 49 40 36 35 35 35 32 31 30 30 31 31 31 32 33 35 36 36 60 104 175 221 241 241 249 249 249 249 249 249 249 249 249 249 249 249 249 249 249 249 250 249 250 250 250 249 248 248 233 158 72 23 5 2 1 
1 1 1 1 1 1 1 1 1 1 3 3 5 6 19 63 79 50 22 16 21 24 26 29 79 177 243 251 249 249 250 249 250 250 229 146 66 46 44 38 35 32 32 32 31 32 32 33 33 35 35 38 43 64 121 180 223 238 247 246 249 249 249 249 249 249 249 249 249 249 249 249 249 249 249 249 250 250 250 250 249 249 248 246 210 123 43 15 4 2 2 
1 1 1 1 1 1 1 1 1 1 2 3 5 6 19 61 78 49 23 15 21 24 24 29 65 191 249 249 250 250 250 249 250 251 239 186 97 50 40 44 39 37 35 35 33 33 33 36 38 37 49 60 87 139 200 228 235 240 246 247 250 249 249 249 249 249 249 249 249 249 249 249 249 249 249 249 250 249 250 250 249 249 249 245 206 118 37 14 5 2 2 
1 1 1 1 1 1 1 1 1 1 1 2 4 5 18 59 74 47 24 15 22 26 25 47 99 214 250 248 250 250 250 250 250 251 248 217 145 74 47 53 58 59 59 46 38 38 38 46 49 60 95 115 165 223 241 242 244 245 249 250 249 249 249 249 249 249 249 249 249 249 249 249 249 249 249 249 249 249 250 251 251 250 249 247 217 136 51 17 9 3 0 
1 1 1 1 1 1 1 1 1 1 1 1 3 5 18 59 74 45 21 17 22 21 35 87 160 230 247 248 250 250 250 250 250 251 246 243 221 179 164 155 144 153 139 102 86 89 90 102 117 144 179 196 223 244 243 243 246 246 249 249 249 249 249 249 249 249 249 249 249 249 249 249 249 249 249 249 249 249 249 251 251 250 249 249 223 148 58 14 7 2 1 
1 1 1 1 1 1 1 1 1 1 2 2 3 6 19 61 74 43 21 16 24 21 57 141 212 243 247 248 250 250 250 250 249 249 249 249 248 240 239 239 227 234 223 189 180 181 180 198 214 230 239 243 245 246 248 249 249 248 249 249 249 249 249 249 249 249 249 249 249 249 249 249 249 249 249 249 249 249 249 249 250 251 250 250 235 165 71 15 3 2 2 
1 1 1 1 1 1 1 1 1 1 2 2 3 6 22 59 66 40 26 18 30 43 115 206 251 250 249 250 250 250 250 250 249 249 249 248 246 247 246 245 239 244 243 236 231 233 236 243 244 243 243 244 247 246 248 248 249 249 249 248 249 249 249 249 249 249 249 249 249 249 249 249 249 249 249 249 249 249 249 249 251 251 250 251 242 186 86 19 3 2 2 
1 1 1 1 1 1 1 1 1 1 2 2 4 8 24 59 59 36 28 22 36 86 185 245 252 249 248 249 250 249 249 249 249 249 249 249 248 249 249 249 248 249 249 249 249 248 249 249 248 247 247 248 248 249 248 249 249 249 248 248 248 248 248 248 248 248 248 248 249 249 249 249 249 249 249 249 249 249 249 249 250 250 252 250 243 198 97 24 4 3 2 
1 1 1 1 1 1 1 1 1 1 2 3 4 9 25 59 57 32 30 25 46 135 234 254 251 249 248 249 250 249 249 249 249 249 249 249 249 249 249 249 249 249 248 248 247 247 245 244 247 248 248 247 247 245 244 245 247 248 248 248 248 248 248 248 248 248 248 248 249 249 249 249 249 249 249 249 250 249 249 249 249 249 252 248 244 210 113 29 3 4 3 
1 1 1 1 1 1 1 1 1 1 2 3 5 9 26 59 57 31 30 28 58 151 237 254 251 249 247 249 249 249 249 249 249 249 249 249 248 248 249 249 249 249 248 248 247 247 244 244 248 249 249 247 243 242 240 243 245 247 247 247 247 248 248 248 248 247 247 248 248 249 249 249 249 249 248 249 250 249 249 249 248 249 251 245 244 226 135 44 7 7 2 
1 1 1 1 1 1 1 1 1 1 2 3 5 10 26 60 59 32 28 29 50 114 203 249 251 250 248 249 249 249 249 249 249 249 249 249 248 248 249 249 249 249 248 249 249 248 248 248 249 249 249 245 238 237 237 240 247 248 248 248 248 248 248 248 247 247 247 247 248 248 248 248 248 248 248 248 250 249 249 249 249 249 251 242 244 237 165 75 22 8 3 
1 1 1 1 1 1 1 1 1 1 1 2 4 10 28 63 61 32 26 28 31 74 166 236 252 251 249 249 248 249 249 249 249 249 249 249 249 249 249 249 249 249 249 250 250 249 249 249 250 250 249 248 245 244 245 247 248 248 249 248 248 248 248 248 247 247 247 247 248 248 248 248 247 247 247 248 250 249 249 249 249 250 252 241 244 244 192 106 31 11 4 
1 1 1 1 1 1 1 1 1 1 1 2 4 11 30 63 57 31 28 26 26 58 142 228 252 251 249 249 249 249 249 250 250 249 249 249 249 249 249 249 249 249 249 250 250 250 250 250 249 249 249 250 250 250 249 249 249 249 250 249 249 251 251 249 248 248 248 247 247 248 248 247 247 247 247 248 249 249 249 249 249 250 252 243 244 245 220 130 40 11 4 
1 1 1 1 1 1 1 1 1 1 1 2 4 11 31 64 51 29 31 31 27 57 145 236 252 251 249 250 250 250 250 250 250 249 249 249 249 249 249 249 249 249 249 250 250 250 250 250 250 249 250 250 249 249 249 249 249 249 250 251 251 249 249 247 247 250 248 248 247 247 248 248 248 247 248 249 250 249 250 250 249 251 250 249 247 244 222 132 49 13 6 
1 1 1 1 1 1 1 1 1 1 1 2 4 11 32 59 43 25 28 30 32 58 141 229 252 252 251 251 250 250 250 250 250 249 249 249 249 249 249 249 249 249 249 250 250 250 249 250 250 250 249 249 249 249 249 249 249 249 250 251 247 242 234 227 234 244 247 249 249 250 250 249 249 248 249 249 250 250 250 250 250 250 250 250 247 241 219 148 60 13 8 
1 1 1 1 1 1 1 1 1 1 1 1 3 11 31 55 37 22 16 21 25 45 118 208 248 252 251 250 250 250 250 250 249 249 249 249 249 249 249 249 249 249 249 250 250 249 250 250 249 249 249 250 250 250 249 249 249 247 250 247 235 223 215 215 233 245 247 249 248 250 250 250 249 249 249 249 249 250 248 247 248 247 249 251 247 243 229 173 78 15 9 
1 1 1 1 1 1 1 1 1 1 1 1 3 11 30 50 35 19 12 16 18 29 99 196 244 252 251 250 250 249 249 249 249 249 249 249 249 249 249 249 249 249 249 249 249 249 250 249 249 250 250 249 249 249 248 249 248 245 245 238 229 221 220 230 247 252 247 247 248 249 249 249 249 249 249 248 248 249 247 241 237 241 244 250 249 248 242 202 111 38 7 
1 1 1 1 1 1 1 1 1 1 1 1 1 12 30 43 28 15 11 15 15 17 87 194 243 251 250 250 250 249 249 248 248 249 248 248 250 250 250 250 250 250 249 249 249 249 249 249 249 249 249 249 249 249 248 247 247 244 242 241 240 237 238 245 248 248 249 247 249 249 249 249 249 249 249 249 249 249 247 236 226 234 243 250 249 249 248 223 138 51 9 
1 1 1 1 1 1 1 1 1 1 1 1 1 16 32 40 23 12 12 15 16 28 102 207 246 251 251 250 249 248 247 244 243 247 248 249 250 250 250 250 250 250 249 249 249 249 249 249 249 249 249 249 249 248 248 245 245 247 247 247 247 248 248 248 247 247 248 247 249 249 249 249 249 249 249 249 250 250 248 238 235 240 245 249 249 248 246 236 164 67 10 
1 1 1 1 1 1 1 1 1 1 1 1 3 19 36 43 22 11 13 15 15 43 132 226 252 251 251 250 247 247 245 244 245 247 248 249 250 250 250 250 250 250 249 249 249 249 249 249 249 249 249 249 249 249 244 245 247 248 248 248 249 249 249 249 249 247 247 247 249 249 249 249 249 249 249 249 250 250 248 245 248 250 250 249 248 247 245 244 185 84 17 
1 1 1 1 1 1 1 1 1 1 1 1 4 24 39 44 23 10 13 15 19 63 157 237 251 251 250 247 247 248 246 246 247 249 249 249 250 250 250 250 250 250 249 249 249 249 249 249 249 249 249 249 249 249 248 248 248 248 248 248 248 248 249 249 249 247 247 248 248 249 249 249 249 249 249 249 250 249 248 249 249 250 251 248 248 245 245 246 208 115 27 
1 1 1 1 1 1 1 1 1 1 1 2 7 25 40 40 34 32 26 25 32 88 181 242 249 251 250 250 249 249 249 249 250 250 250 250 250 250 250 250 250 250 250 250 250 249 249 249 249 249 249 249 249 248 249 250 249 249 249 248 248 248 248 248 248 248 248 248 249 249 249 249 249 249 249 249 249 249 248 249 249 249 250 245 251 251 247 244 199 101 28 
1 1 1 1 1 1 1 1 1 1 1 2 11 30 44 42 34 36 37 36 45 110 193 243 251 251 250 251 249 247 250 250 249 249 250 250 250 250 250 250 250 251 250 250 250 251 250 250 250 249 249 249 248 248 248 249 249 249 249 248 248 248 248 248 248 248 248 249 249 249 249 249 249 249 248 249 249 249 248 249 249 249 250 247 250 250 248 244 201 113 31 
1 1 1 1 1 1 1 1 1 1 1 3 14 35 50 44 35 35 36 33 53 100 152 212 235 244 248 249 249 249 250 250 250 249 250 250 250 250 250 250 250 251 250 249 250 251 250 250 250 249 249 249 248 248 248 249 249 249 249 248 248 248 248 248 248 248 248 248 248 248 248 248 248 248 248 249 249 249 248 249 249 249 250 248 249 249 248 245 220 149 46 
1 1 1 1 1 1 1 1 1 1 1 3 15 38 50 44 37 36 37 38 48 65 85 139 189 232 250 249 250 250 250 250 250 249 250 250 251 250 250 250 250 250 250 250 250 251 251 250 250 249 249 249 249 249 249 249 249 249 248 248 248 248 248 248 248 249 249 248 248 248 248 248 248 248 249 249 249 249 249 249 249 249 250 249 248 249 248 247 238 166 47 
1 1 1 1 1 1 1 1 1 1 1 2 10 39 49 46 43 40 40 42 44 50 59 92 137 194 237 244 248 252 252 251 249 249 249 249 250 250 250 250 250 250 247 248 250 250 250 249 249 249 248 248 248 248 248 248 248 249 249 248 248 248 248 248 248 249 248 248 248 248 248 248 248 248 248 248 249 249 249 249 249 249 249 248 248 248 247 248 242 178 66 
1 1 1 1 1 1 1 1 1 1 1 3 11 39 47 46 44 43 43 43 44 52 56 60 79 121 172 210 227 245 252 251 249 249 249 249 250 250 250 248 243 237 229 244 248 248 249 249 248 248 248 248 248 248 248 248 248 249 249 248 248 248 248 248 248 249 248 248 248 248 248 248 248 248 249 249 249 249 249 249 249 249 250 248 248 248 248 248 245 187 85 
1 1 1 1 1 1 1 1 1 1 1 4 14 38 46 47 44 44 44 45 45 50 51 52 56 70 103 149 175 199 229 245 248 249 248 249 249 250 250 247 238 226 231 244 247 247 248 248 247 248 248 248 248 248 248 248 248 249 249 248 248 248 248 248 248 249 249 249 249 249 249 249 249 249 249 249 249 249 249 249 249 249 250 248 248 248 248 248 244 192 85 
1 1 1 1 1 1 1 1 1 1 2 7 17 38 40 39 42 43 45 45 45 43 45 50 50 54 67 94 112 135 179 229 250 249 248 249 249 250 250 248 244 237 245 246 247 247 248 248 248 248 248 248 248 248 248 248 248 249 249 248 248 248 248 248 248 249 249 249 249 249 249 249 249 249 249 249 249 249 249 249 249 249 249 248 248 248 248 247 242 194 86 
1 1 1 1 1 1 1 2 1 1 2 10 21 37 29 26 36 36 37 39 37 39 43 44 45 45 52 64 72 89 151 224 249 248 248 249 250 250 249 248 247 249 248 248 248 248 248 248 248 248 248 248 248 248 248 248 248 249 249 248 248 248 248 249 249 249 249 249 249 249 249 249 249 249 249 249 249 249 249 249 249 249 248 248 249 250 250 248 240 191 83 
1 1 1 1 1 1 1 2 1 1 3 11 22 31 23 19 22 23 25 27 29 36 35 32 33 39 55 61 61 79 148 222 248 249 250 249 249 249 249 249 248 248 248 248 248 248 248 248 248 248 248 248 248 248 248 248 248 249 249 248 248 248 248 249 249 249 249 249 249 249 249 249 249 249 249 249 249 249 249 249 249 249 249 249 249 251 250 248 247 201 96 
1 1 1 1 1 1 1 2 1 2 5 11 22 29 17 5 9 12 15 18 21 24 24 26 33 50 60 59 60 85 164 237 250 250 250 249 248 248 249 248 247 248 248 248 248 248 249 249 248 248 248 248 248 248 248 248 248 249 249 249 249 249 249 249 249 249 249 249 249 249 249 249 249 249 249 249 249 249 249 249 249 249 250 250 249 250 250 248 248 205 100 
1 1 1 1 1 1 1 2 1 2 5 11 19 22 15 8 10 7 8 11 14 15 16 21 29 31 40 45 47 94 201 253 252 251 250 250 249 248 249 248 247 248 249 249 248 249 250 250 249 249 247 248 248 247 248 248 248 249 249 249 249 249 249 249 249 249 248 248 248 248 248 248 248 248 248 249 250 250 250 249 249 250 250 250 249 250 250 248 247 199 95 
1 1 1 1 1 1 1 1 1 3 7 12 17 17 15 15 15 7 10 10 10 12 14 24 26 25 42 56 95 173 234 249 252 252 252 250 250 249 248 248 247 247 247 247 249 249 249 249 249 249 248 248 248 248 248 248 248 249 249 249 248 248 248 248 248 248 250 250 251 251 251 251 250 250 250 250 250 250 250 250 250 250 250 250 249 251 250 250 246 188 90 
1 1 1 1 1 1 1 1 1 2 9 16 17 18 17 15 14 12 12 12 24 45 68 84 99 104 111 128 186 236 243 243 244 247 248 243 243 249 248 248 248 248 248 247 248 249 250 250 249 250 249 249 249 248 249 249 248 249 249 249 249 249 249 249 249 249 251 251 251 252 252 252 250 250 250 250 250 251 250 250 250 250 250 250 250 251 250 250 246 185 87 
1 1 1 1 1 1 1 1 2 2 14 25 26 25 24 21 17 15 15 17 51 114 174 201 214 217 220 224 240 247 247 238 237 247 243 246 246 246 247 248 249 249 251 251 251 251 249 250 252 252 252 252 251 247 245 247 247 249 250 250 249 249 249 249 249 249 251 251 251 250 250 250 249 249 248 249 249 250 250 249 250 250 249 249 249 250 249 250 243 180 82 
1 1 1 1 1 1 1 1 2 2 17 31 36 26 25 25 25 26 23 19 45 109 177 212 215 222 230 237 240 245 235 227 228 228 228 233 227 226 223 224 226 228 228 229 231 231 230 234 238 237 238 240 234 235 242 242 244 250 251 250 249 249 249 248 247 247 248 248 249 248 249 248 247 247 245 245 244 248 249 249 251 251 249 249 249 249 249 250 244 180 82 
1 1 1 1 1 1 2 2 5 4 23 39 36 28 28 28 28 29 29 29 29 50 84 108 106 121 141 144 173 206 184 177 158 141 139 145 153 153 145 146 137 141 150 157 156 158 162 166 167 173 179 177 172 171 179 187 195 221 231 247 250 249 250 250 251 252 252 252 249 249 249 249 249 249 249 248 248 252 249 248 248 248 249 249 250 250 251 252 247 181 75 
1 1 1 1 1 1 2 2 5 7 29 44 38 31 30 29 29 28 30 30 30 26 31 39 33 47 63 67 99 139 139 130 127 135 114 103 97 83 73 72 61 60 66 66 67 73 78 78 75 80 77 78 81 79 81 90 103 136 160 210 226 221 219 213 212 209 220 220 219 216 216 216 215 215 192 196 198 206 206 205 205 207 213 216 222 223 220 224 219 150 65 
1 1 1 1 1 1 2 2 2 11 32 45 40 35 35 35 33 33 32 35 36 36 34 39 37 44 51 52 63 77 104 139 179 212 181 164 152 130 104 86 74 64 60 51 50 58 62 55 49 49 43 43 44 44 50 57 53 64 76 111 137 132 124 120 118 116 123 125 129 132 128 131 132 134 104 109 115 123 132 136 138 138 141 144 152 158 156 166 159 97 52 
1 1 1 1 1 1 2 2 7 15 37 44 42 39 38 39 39 40 40 42 42 43 45 45 44 43 45 47 52 58 96 125 171 194 208 239 234 215 187 165 152 146 142 122 114 111 108 102 89 84 79 66 60 53 53 51 40 37 45 61 66 57 53 56 57 59 68 75 82 89 104 113 116 118 120 121 123 132 145 151 153 145 143 146 149 155 152 159 153 88 44 
1 1 1 1 1 2 3 3 9 20 38 40 40 39 40 42 44 44 43 43 44 44 46 47 46 46 45 47 45 52 54 56 73 97 120 149 174 184 203 219 220 223 221 215 209 208 209 202 189 172 157 131 108 73 54 45 43 53 57 59 54 58 63 59 64 77 104 121 135 150 182 189 188 198 194 194 196 201 206 212 215 214 199 205 209 214 212 217 200 129 54 
1 1 1 1 1 2 3 3 10 27 40 38 38 39 43 44 45 45 44 44 44 45 47 47 47 47 46 47 46 51 53 50 52 58 65 77 81 99 128 162 199 222 236 243 244 246 247 246 241 234 220 192 156 108 81 64 65 73 81 93 102 124 129 124 136 156 189 206 215 226 245 245 245 249 238 238 240 241 240 243 244 246 244 245 246 245 246 248 233 158 57 
1 1 1 1 2 3 3 4 12 30 44 39 42 49 52 49 48 47 46 46 46 46 46 45 45 46 46 46 47 50 51 50 51 51 52 53 56 67 75 95 123 157 201 222 226 227 230 227 216 202 182 153 124 96 84 73 75 103 146 169 189 212 212 212 220 235 244 245 249 250 252 250 249 249 248 248 247 247 245 247 247 247 247 247 247 246 247 249 235 162 59 
1 1 1 2 2 3 3 7 18 38 51 49 51 56 54 53 52 50 49 49 50 50 48 47 46 47 46 47 48 50 51 52 51 49 51 54 59 58 63 77 85 104 134 149 159 158 159 153 139 121 102 78 62 63 71 86 110 156 210 236 246 246 247 245 244 250 249 248 250 248 247 247 246 246 247 247 247 245 247 247 247 247 245 244 245 244 246 251 234 159 59 
1 1 1 2 3 3 3 9 23 40 57 55 54 53 51 51 51 53 53 51 47 47 45 44 45 46 46 45 45 45 47 47 51 53 57 63 68 64 61 64 65 71 74 79 85 88 85 81 81 82 83 81 87 108 129 159 188 210 240 245 247 248 249 247 247 247 248 248 247 247 246 246 247 248 249 248 248 248 248 249 249 249 250 249 248 247 248 251 234 156 58 
1 1 1 2 4 4 5 13 33 57 58 55 58 58 58 58 58 64 67 72 67 66 65 63 61 61 61 60 60 61 63 63 61 59 60 64 67 67 63 60 60 63 67 78 79 80 87 99 106 117 133 153 174 198 214 231 238 243 245 249 252 250 247 247 248 252 252 247 248 247 246 247 248 248 249 249 249 248 248 249 249 249 249 249 247 245 244 250 231 152 56 
1 1 1 3 4 4 9 22 45 75 49 50 52 58 60 64 75 84 96 108 120 121 122 122 121 122 122 122 122 123 122 120 114 110 109 111 115 115 111 115 117 117 130 142 146 158 170 184 192 207 215 224 234 243 245 247 244 244 244 234 228 215 222 232 238 251 249 247 247 247 247 248 249 249 250 250 251 249 248 250 249 250 250 249 249 248 247 251 234 151 54 
1 1 1 3 4 4 10 30 51 65 54 63 79 85 82 88 113 129 148 164 186 188 194 201 203 205 206 207 208 209 209 206 199 192 191 195 200 199 196 202 205 205 209 221 223 235 238 236 241 244 247 247 249 249 250 250 248 223 228 198 176 179 202 228 233 227 241 247 247 247 248 249 249 249 248 249 249 249 248 249 249 251 250 250 251 250 248 251 236 150 54 
1 1 2 3 5 5 21 56 95 97 89 101 116 132 122 141 159 163 184 207 221 226 235 238 242 244 244 245 246 248 248 246 242 241 241 244 244 244 247 248 250 250 248 249 249 249 245 245 248 249 248 248 249 250 250 250 247 227 214 178 171 187 214 232 230 226 242 246 247 247 249 249 250 248 248 249 250 248 248 251 251 250 251 250 250 249 248 251 236 150 54 
1 1 2 4 8 10 45 111 182 185 171 191 192 205 200 207 212 216 231 238 242 243 246 247 246 246 244 245 246 246 244 243 241 242 244 244 245 244 245 249 251 251 249 248 249 249 248 247 248 248 249 249 249 249 249 249 247 236 221 206 209 220 229 233 235 237 243 246 247 248 249 249 249 248 247 247 247 248 247 248 249 250 250 249 250 249 247 251 234 146 53 
1 1 2 5 5 15 67 156 224 241 227 242 243 243 241 241 242 243 245 247 247 247 248 248 247 245 245 244 244 244 243 241 240 243 250 249 243 244 247 248 248 249 249 249 249 249 249 249 249 249 249 249 250 249 249 249 247 245 243 241 238 236 237 241 242 244 246 247 248 248 249 249 249 249 243 240 238 243 244 245 248 250 249 249 250 249 245 249 231 144 52 
1 1 2 5 5 32 97 193 242 244 245 244 243 241 240 238 241 244 243 242 244 244 244 244 244 244 245 244 244 244 244 245 245 249 251 251 248 248 248 247 248 249 249 249 249 249 249 248 248 248 248 249 250 249 249 249 248 248 247 247 244 242 244 244 246 246 248 247 248 249 249 249 249 249 244 240 236 241 245 250 251 251 251 249 250 248 247 249 230 142 50 
1 1 3 6 8 44 136 228 253 249 248 247 244 245 244 244 245 245 245 244 243 243 242 241 242 244 244 244 245 245 247 248 249 250 249 249 248 248 248 248 249 249 249 249 249 250 249 250 251 250 249 248 249 249 249 249 249 249 249 249 249 249 250 249 249 249 249 249 249 249 249 249 250 250 250 248 245 247 249 250 250 252 250 247 248 245 245 249 234 143 47 
1 2 6 10 11 67 166 236 247 248 247 247 247 248 247 247 247 247 248 248 247 246 245 244 245 245 247 248 249 250 250 250 249 248 247 248 249 248 248 248 249 248 248 248 248 249 250 249 250 250 249 249 248 249 249 249 249 249 249 249 249 250 250 249 249 249 248 249 249 249 249 249 248 250 250 250 251 251 250 251 252 252 251 249 247 245 243 250 234 143 36 
1 3 9 9 17 88 185 243 247 249 248 248 248 248 249 248 248 249 249 249 248 247 247 247 247 247 248 248 249 249 249 249 249 249 248 249 249 248 248 249 249 249 248 249 249 249 249 249 249 249 249 249 248 249 249 249 249 249 249 249 248 249 250 251 251 249 248 248 249 249 250 247 247 248 249 250 252 247 244 247 248 248 246 247 247 247 245 247 228 137 33 
1 3 9 9 28 110 199 247 249 250 250 249 249 250 250 250 250 250 249 249 249 249 249 249 248 248 249 249 249 249 249 249 248 249 250 250 249 249 249 250 250 249 249 250 249 249 249 249 249 249 249 249 249 249 249 249 249 250 250 249 248 249 250 251 249 249 248 249 248 251 250 248 248 248 249 250 252 240 213 200 203 212 229 244 238 220 207 209 184 110 21 
3 5 9 9 50 146 223 251 249 249 250 250 249 250 250 250 250 251 250 249 249 249 248 248 249 249 249 249 249 249 249 249 249 250 250 249 248 249 249 249 249 250 249 249 250 248 249 248 248 249 249 249 249 249 249 249 249 249 249 249 248 249 250 249 251 249 248 249 248 250 249 245 247 248 248 249 243 200 139 120 124 136 179 234 227 161 121 121 106 64 24 
3 8 10 17 79 179 238 250 249 249 249 250 249 249 249 249 250 249 249 249 248 248 248 248 249 249 249 249 249 249 249 249 249 250 250 249 248 249 249 249 249 249 249 249 249 248 248 248 248 248 248 249 249 249 248 248 248 249 248 248 248 249 249 247 248 249 249 248 248 250 245 238 241 245 248 247 227 153 75 63 66 68 123 208 210 119 57 53 50 35 22 
3 6 11 34 117 210 248 250 250 250 249 250 251 250 249 250 251 249 249 249 249 249 248 248 248 249 249 249 249 249 249 249 249 250 250 248 248 249 249 249 249 250 250 249 248 248 248 248 247 248 248 249 249 249 248 248 248 248 248 248 248 249 248 248 248 249 249 249 250 250 246 238 242 245 248 250 219 127 46 40 47 42 94 186 187 94 39 40 38 30 24 
3 6 13 55 151 229 248 249 250 250 249 249 251 250 250 249 249 249 249 249 249 250 249 245 248 249 250 250 250 251 250 249 250 250 249 250 249 249 250 250 250 250 250 249 248 247 247 248 249 249 249 250 250 250 249 249 249 249 250 251 251 251 251 251 251 251 251 251 251 251 250 249 247 248 248 252 216 114 38 36 44 38 75 152 150 69 31 40 43 33 26 
3 7 16 71 163 233 245 247 248 250 249 249 248 249 249 248 250 250 249 248 247 249 249 248 249 249 249 250 251 251 250 248 249 249 248 248 244 241 243 245 242 240 241 243 248 248 249 251 251 251 249 248 249 249 249 248 247 245 247 247 248 249 250 247 240 234 229 223 223 229 235 237 237 238 242 247 197 97 35 32 38 30 47 97 100 51 26 36 44 39 28 
9 10 26 95 186 242 243 245 245 247 247 245 244 244 247 248 248 248 247 243 242 242 244 247 248 249 250 250 250 251 250 247 245 245 243 237 228 222 224 227 217 208 206 216 226 231 241 243 244 244 244 241 243 244 244 243 240 236 234 234 236 235 233 224 208 188 165 150 152 168 188 200 206 214 229 224 160 71 29 35 33 24 28 61 79 66 54 55 56 45 25 
10 14 46 132 215 248 244 244 245 247 245 243 241 241 245 247 247 248 241 233 230 231 234 238 243 247 249 248 249 250 249 247 243 241 238 233 222 215 214 214 207 189 179 184 188 203 220 230 235 238 238 235 237 240 240 240 236 231 229 228 230 228 222 213 195 174 149 128 127 149 181 200 208 214 221 202 145 81 64 75 68 66 73 96 122 131 123 114 94 60 28 
3 15 76 171 233 245 247 247 247 248 247 245 243 243 244 244 245 247 240 231 229 228 233 237 242 247 248 248 249 249 247 247 243 237 235 234 231 231 231 229 224 219 213 205 201 206 223 235 240 241 242 241 241 241 241 240 237 236 235 235 236 239 239 236 229 219 200 187 186 196 220 227 233 232 228 215 188 167 167 173 171 173 173 185 201 205 203 194 155 84 33 
3 29 118 206 240 244 248 249 249 248 249 248 248 245 245 247 247 247 248 248 245 245 245 248 247 247 247 248 249 249 248 248 244 238 233 234 238 243 247 247 246 246 246 242 237 238 242 244 244 247 248 248 248 245 245 244 243 243 242 241 241 244 248 249 249 245 238 236 240 241 243 246 246 244 247 244 241 241 243 242 243 243 242 244 242 240 241 243 210 117 49 
5 51 153 230 244 244 248 248 249 250 249 249 249 249 247 247 247 248 249 249 249 249 248 248 248 248 247 248 249 249 249 249 247 242 237 237 240 243 247 249 247 247 247 248 249 250 249 249 249 249 250 250 250 249 249 249 248 248 247 245 243 244 247 249 249 249 245 245 248 249 247 246 246 246 248 249 250 250 249 248 247 247 247 247 245 244 243 247 236 157 68 
11 70 171 231 243 243 244 247 247 248 248 248 249 249 249 249 249 248 249 249 250 248 248 248 247 245 247 248 249 249 249 249 249 247 245 243 242 242 242 247 247 248 248 249 250 250 249 248 249 250 250 250 250 249 250 250 249 249 249 248 248 248 248 249 249 251 251 248 249 250 249 249 248 248 248 247 247 247 245 244 244 244 243 243 244 243 241 244 240 182 101 
18 74 164 221 237 242 244 247 248 248 249 249 249 249 249 249 249 249 249 249 249 250 249 247 245 244 245 247 249 249 249 249 249 250 249 247 244 244 245 248 248 248 248 248 248 248 247 247 247 248 249 249 248 250 250 250 250 250 250 249 248 248 248 248 249 251 251 249 250 250 250 250 248 248 248 248 247 247 247 247 245 245 245 244 244 244 243 247 247 210 142 
22 57 127 200 235 244 245 247 248 249 249 249 250 250 249 249 249 248 248 247 247 248 248 245 244 243 243 245 248 249 249 249 248 249 249 248 247 247 249 249 249 249 248 248 247 247 247 247 247 248 248 248 248 250 250 250 250 250 250 249 248 248 248 248 249 250 251 249 249 250 249 249 249 249 248 248 247 247 247 247 247 247 245 247 247 247 245 249 252 237 189 
21 33 88 169 223 243 245 245 247 248 248 249 249 250 249 249 249 249 248 249 249 249 247 242 241 242 243 245 249 249 249 248 248 248 248 248 248 249 248 248 248 249 249 248 248 248 248 249 249 248 248 248 249 250 250 249 250 250 249 249 248 248 248 248 249 250 251 248 249 249 248 248 249 249 248 248 248 248 248 248 247 247 247 247 248 248 250 251 252 252 230 
18 23 63 139 211 241 242 243 244 245 245 247 248 248 247 248 248 249 249 249 250 250 248 244 244 244 244 245 250 250 249 248 248 248 248 249 250 250 249 248 248 249 249 248 248 248 248 249 249 248 248 245 247 249 250 249 250 249 249 249 249 248 249 249 249 250 249 247 248 249 248 248 248 247 247 247 248 248 248 248 247 247 248 248 249 249 250 251 251 252 247 
16 19 42 121 211 241 240 240 241 242 242 243 247 249 247 248 248 248 248 248 248 249 249 249 249 248 248 248 250 250 250 249 248 248 250 250 249 249 248 248 249 249 250 249 249 249 249 249 249 248 247 247 247 248 249 248 248 249 249 249 249 248 249 249 249 250 249 245 245 247 246 246 247 247 247 247 248 248 248 248 248 247 248 249 250 249 250 250 251 251 248 
15 18 43 118 205 238 240 238 237 237 237 240 238 241 243 240 240 240 240 240 241 241 240 242 242 241 242 245 247 247 247 247 247 244 242 240 237 236 241 241 247 249 249 249 249 249 249 249 249 249 248 248 248 248 249 249 249 249 249 249 249 249 248 244 240 235 230 229 228 231 234 240 244 247 247 247 247 247 247 247 248 248 249 249 250 249 250 250 250 249 250 
14 19 38 114 200 238 242 238 236 235 234 233 230 231 234 231 230 230 228 228 227 226 224 223 226 228 231 238 238 235 237 240 240 236 235 233 230 231 235 240 247 249 250 249 249 249 249 249 249 249 249 249 249 249 249 249 249 249 249 249 251 249 244 236 223 217 213 220 228 231 234 241 247 247 248 248 249 249 249 249 249 249 249 249 249 249 249 250 249 248 250 
18 21 51 136 214 245 247 244 243 241 238 234 236 237 238 238 236 236 234 233 231 231 231 229 233 235 236 238 240 236 238 240 240 241 241 240 240 240 241 244 249 249 249 249 249 249 249 249 249 249 249 249 249 249 249 249 249 249 249 249 250 249 244 236 227 223 228 235 244 246 247 249 249 250 249 249 250 250 250 250 249 249 249 249 249 249 249 249 249 250 249 
22 32 87 179 238 252 251 249 248 247 247 246 245 245 243 245 243 243 242 242 243 244 245 245 244 244 245 246 248 247 247 247 247 247 248 247 248 248 248 248 249 249 249 249 249 249 249 249 249 249 249 249 249 249 249 249 249 249 249 249 249 248 249 247 244 242 245 248 249 251 250 249 249 249 249 249 250 249 249 249 249 249 249 249 249 249 249 249 250 251 249 
15 40 128 213 247 250 248 247 248 249 249 249 250 245 242 242 242 242 243 243 247 249 249 249 249 249 250 250 251 249 249 251 251 251 250 249 248 249 249 249 249 249 248 249 249 249 249 249 249 249 249 249 249 248 247 248 248 248 248 248 248 248 249 249 248 248 249 249 249 249 249 249 249 249 249 249 250 249 249 249 249 249 249 249 249 249 249 249 250 250 249 
20 74 162 221 243 246 242 242 242 242 242 243 244 242 240 238 240 240 241 242 244 247 247 249 249 249 251 251 251 250 250 251 250 250 249 248 247 249 249 250 249 249 249 249 249 249 249 249 249 249 248 248 249 247 241 244 247 247 245 248 248 248 248 248 247 247 249 249 249 249 248 249 249 249 249 249 249 249 249 249 249 249 249 249 249 249 249 249 250 250 249 
65 139 200 228 243 245 240 238 236 234 234 234 236 238 237 238 240 241 242 243 245 247 248 249 250 251 250 250 250 249 249 249 249 249 249 249 248 249 249 250 249 249 249 249 249 249 249 249 249 249 248 248 248 248 244 245 247 247 248 248 248 248 248 248 248 248 249 249 249 249 247 247 247 247 248 248 248 248 248 248 248 249 248 248 249 249 249 249 250 251 249 
153 212 237 243 247 247 244 243 242 241 240 240 241 243 242 243 244 245 247 247 248 248 249 249 250 251 250 250 250 249 249 248 248 249 249 249 249 249 250 250 249 249 249 249 249 249 249 249 249 249 249 249 249 249 249 249 249 248 248 249 249 249 249 248 248 249 249 249 248 248 248 248 248 248 248 247 248 248 247 247 247 248 248 248 249 249 249 249 250 251 249 
220 244 247 247 247 247 247 247 247 247 247 247 248 245 247 248 248 248 248 248 248 248 249 249 250 250 250 250 250 249 249 248 248 249 249 249 249 249 250 250 249 249 249 249 249 249 249 249 249 249 249 249 249 249 249 249 249 249 249 249 249 249 249 248 248 249 248 248 248 248 249 248 249 249 248 247 247 247 247 247 248 249 249 249 249 249 249 249 250 249 250 
