23 23 23 22 23 23 23 24 24 24 23 22 23 22 22 22 21 21 21 21 21 21 19 19 21 21 22 22 22 21 21 21 21 21 21 21 21 22 25 30 26 31 51 80 97 126 145 160 167 156 149 151 158 146 104 68 49 47 51 51 59 72 81 100 97 77 64 59 56 50 49 47 42 33 30 26 24 19 21 30 25 19 14 12 11 11 10 10 12 14 14 15 15 16 21 30 50 57 39 
19 19 18 18 19 19 21 21 21 21 19 19 22 20 22 20 19 19 19 19 19 19 18 18 17 16 18 19 18 18 18 18 18 18 18 17 18 18 18 25 33 58 108 141 152 167 170 172 186 189 210 221 226 208 143 93 56 47 56 45 60 50 51 61 65 63 60 61 50 42 40 40 37 23 17 13 11 13 14 16 17 15 11 11 10 10 9 10 12 14 14 14 15 16 23 39 59 59 36 
18 17 18 18 18 19 19 19 18 18 19 21 20 20 20 22 20 20 20 19 18 18 17 16 16 15 16 17 17 17 17 16 16 16 17 14 11 19 23 29 73 139 198 217 213 199 205 217 223 228 231 234 229 192 125 75 60 74 79 71 53 29 30 43 54 63 60 61 49 42 43 44 35 16 6 7 9 11 13 16 16 15 12 12 11 10 9 9 11 14 15 16 16 15 23 43 52 54 33 
15 16 17 17 18 18 19 18 17 17 18 18 19 19 20 20 19 19 18 17 17 17 15 12 14 14 14 14 15 15 15 15 14 15 16 12 11 19 19 40 115 196 245 255 254 248 252 250 237 215 199 184 151 107 65 51 64 92 104 81 42 26 25 37 49 57 57 53 44 39 40 43 37 26 15 15 15 15 13 15 13 15 13 12 11 10 9 10 11 12 14 15 16 15 25 43 65 79 56 
14 15 14 14 16 17 17 17 16 16 16 17 17 17 18 17 16 17 16 15 14 15 14 11 12 12 12 11 12 12 14 14 14 14 14 15 16 18 22 58 138 209 241 230 222 206 201 185 157 123 95 81 55 33 28 39 68 100 116 80 33 17 18 32 46 57 57 52 43 38 38 40 35 26 19 17 18 17 16 15 15 13 13 12 11 10 11 11 12 12 15 16 17 16 33 68 100 110 70 
15 15 15 15 17 17 17 17 16 17 17 17 17 17 17 16 16 16 15 14 14 15 15 12 12 12 12 14 14 14 14 14 14 14 14 15 17 23 39 77 137 169 171 144 124 102 94 82 61 40 26 23 18 20 24 37 60 81 90 67 33 19 22 37 51 57 53 51 42 37 33 31 28 22 18 16 17 16 16 17 16 13 13 12 12 11 11 11 12 15 15 11 20 33 60 104 121 109 60 
16 16 16 16 17 18 18 17 17 17 17 17 16 16 16 16 16 15 15 15 14 14 14 12 12 11 12 15 15 15 15 15 15 15 15 16 17 32 61 92 104 96 72 53 42 32 28 24 15 10 10 12 15 22 26 31 39 47 52 42 35 28 33 45 53 53 50 46 38 32 29 24 23 21 18 17 17 17 17 17 16 13 13 13 13 11 9 9 15 17 14 15 39 67 97 116 97 71 38 
16 17 17 17 18 18 17 18 17 17 16 16 16 15 15 15 16 15 15 15 14 14 14 12 14 15 15 16 16 16 16 16 16 16 17 16 20 45 78 97 90 68 44 33 28 22 22 17 8 5 9 12 17 24 28 33 40 40 37 31 29 37 44 52 54 46 38 34 30 25 24 22 19 19 18 17 18 17 16 16 16 13 13 13 13 12 11 12 13 16 24 43 76 103 108 85 52 25 15 
17 17 17 17 18 18 18 18 17 17 16 16 16 15 15 15 16 16 16 16 15 15 15 15 15 16 16 17 17 17 17 17 17 17 17 17 24 48 75 87 73 53 38 30 25 23 23 19 9 4 8 17 23 25 25 33 45 49 38 28 29 40 51 57 51 36 24 24 24 23 22 21 19 19 19 18 18 17 16 16 16 13 15 15 15 16 15 15 15 24 47 84 114 107 74 39 24 12 13 
21 21 19 18 19 19 19 18 18 17 17 17 16 16 16 16 17 17 16 16 17 17 16 16 17 16 17 17 18 18 18 18 18 18 18 18 31 52 74 77 58 45 35 26 23 22 23 19 10 8 12 21 26 27 26 33 49 58 52 35 27 33 44 51 43 29 24 22 22 20 21 19 19 19 19 19 18 18 18 17 16 15 16 17 18 18 19 17 25 51 87 116 116 74 33 18 17 11 11 
25 25 24 23 23 23 23 23 22 21 19 19 18 18 17 17 17 17 18 17 17 17 17 17 17 17 18 18 19 19 19 19 19 19 18 22 36 57 68 66 54 43 30 21 18 16 18 18 15 14 17 19 21 24 26 36 52 54 48 34 26 29 29 33 45 38 24 21 22 20 22 22 20 20 18 18 17 17 17 16 16 16 17 18 19 22 23 27 60 107 128 114 82 36 11 11 10 9 10 
29 29 28 28 28 28 28 28 26 26 25 24 24 23 22 22 21 21 21 21 21 19 19 19 19 21 21 22 22 22 22 22 22 22 21 24 42 60 67 60 52 43 29 15 15 16 17 17 16 17 18 19 21 23 23 31 43 44 36 27 23 20 18 20 24 23 23 22 23 23 24 23 23 23 21 19 19 19 18 17 17 18 19 21 22 25 30 58 98 121 109 75 39 17 12 10 9 8 8 
31 31 30 30 30 30 30 30 30 29 28 28 28 26 25 25 24 24 24 23 23 22 22 23 23 23 24 24 25 25 25 24 24 24 23 26 43 60 64 55 47 40 28 16 18 19 19 19 18 19 20 22 22 23 23 24 26 25 24 20 18 16 12 10 10 14 31 40 24 24 25 24 24 24 23 22 22 22 21 19 19 21 23 22 23 30 58 102 124 105 66 33 15 12 11 9 9 6 8 
31 31 31 31 30 30 30 30 30 29 29 29 28 28 28 26 26 26 28 28 26 26 25 26 26 28 28 28 28 28 28 28 28 28 28 29 43 58 59 51 42 36 25 22 26 26 24 23 22 22 22 23 22 23 22 22 23 22 19 18 17 15 14 15 14 19 47 61 25 28 26 26 26 26 25 24 25 24 24 24 24 25 28 26 29 54 98 126 108 65 31 16 11 10 10 9 8 6 8 
31 31 31 31 30 30 30 30 30 30 30 30 30 30 30 30 30 30 30 30 30 29 29 29 29 30 30 30 29 30 30 30 30 30 29 32 44 56 54 47 39 32 26 23 26 26 26 26 24 22 21 22 24 24 23 24 23 20 18 18 15 15 15 16 18 26 42 59 23 26 28 26 26 26 26 26 26 24 25 26 26 28 32 37 47 90 124 109 62 29 15 10 10 9 9 8 6 6 6 
31 31 31 31 30 30 30 31 31 31 30 30 30 30 30 30 30 31 31 30 30 30 29 29 29 30 30 30 29 30 30 30 30 30 29 32 46 54 53 45 38 31 26 26 26 26 26 26 24 22 21 23 24 24 24 24 23 20 19 19 16 15 14 12 11 17 24 35 21 22 25 26 25 26 26 25 25 26 28 28 29 30 35 51 85 122 109 61 26 17 12 10 9 9 9 8 8 6 8 
30 30 30 30 30 30 30 30 30 30 30 30 30 30 30 30 30 30 30 29 29 29 28 29 29 30 29 29 29 29 29 29 29 29 28 32 46 54 54 47 39 31 26 26 27 26 27 26 24 23 22 22 22 22 22 22 22 21 19 18 17 16 15 14 12 9 9 12 18 18 21 23 24 26 26 25 25 26 28 29 32 39 47 75 111 108 64 24 16 13 10 8 8 8 8 8 8 6 8 
29 30 30 30 30 30 30 30 30 30 30 30 30 30 30 30 30 30 29 29 29 28 28 28 28 28 28 28 28 28 29 29 29 29 26 32 47 56 54 50 42 32 26 25 26 26 26 26 24 24 23 22 22 22 22 22 22 21 19 18 18 17 17 15 15 12 7 10 14 15 17 21 23 24 24 24 24 24 25 28 31 45 77 107 102 61 28 16 15 11 9 8 8 8 8 8 8 8 8 
29 29 29 29 29 29 31 31 31 31 31 31 31 31 30 30 30 29 29 29 30 29 29 29 29 29 29 29 28 28 29 29 28 29 26 32 46 56 54 50 43 32 25 25 25 25 24 24 24 23 23 22 22 22 22 22 22 22 21 19 19 18 17 17 15 12 9 10 11 12 15 17 21 24 24 23 22 23 25 30 43 70 107 109 67 38 21 16 13 9 9 9 8 8 8 8 8 8 8 
29 29 29 29 30 30 30 30 30 30 30 30 30 30 29 29 29 29 28 28 29 29 29 29 29 27 27 27 28 28 28 28 28 28 26 32 45 51 52 47 39 31 24 24 24 24 23 23 23 22 23 23 22 22 22 22 22 22 21 19 19 18 18 17 16 12 10 10 10 12 15 17 19 24 24 22 22 23 24 33 65 104 114 75 36 22 16 11 10 8 8 9 8 8 8 8 8 8 8 
29 29 29 30 30 30 31 30 30 30 30 30 30 30 29 29 29 28 29 29 29 29 29 27 27 27 27 27 27 27 28 28 28 28 29 31 37 42 42 38 32 26 24 23 23 23 24 24 22 22 23 23 22 23 22 22 22 21 21 21 19 19 19 19 16 12 11 11 11 14 16 17 22 24 24 23 23 23 30 53 94 116 93 42 18 15 11 9 8 8 8 9 8 8 8 8 8 8 8 
29 29 30 30 30 30 31 31 30 30 30 30 30 30 29 28 28 28 29 29 29 29 29 27 27 27 27 27 27 27 28 28 28 28 29 29 29 31 32 30 28 25 24 24 24 24 24 25 25 24 24 24 24 23 23 23 22 22 22 22 21 21 21 21 17 14 14 15 16 17 19 22 24 26 25 25 24 23 45 86 116 107 64 26 15 10 9 8 9 8 8 9 8 8 8 8 8 8 8 
29 29 29 30 30 30 31 30 30 30 30 30 30 30 29 28 28 28 29 29 29 29 29 27 27 27 27 27 27 27 28 28 28 28 26 26 25 25 26 26 25 24 24 24 24 24 25 25 25 26 27 26 26 25 24 24 24 23 22 23 22 22 22 22 17 14 14 15 17 19 23 25 26 29 28 26 26 39 73 109 113 80 39 17 11 9 8 8 8 8 8 8 8 8 8 8 8 8 8 
30 30 29 29 30 30 31 31 31 31 31 31 31 31 30 29 28 28 29 29 29 29 29 27 27 27 27 27 29 29 28 28 28 28 26 25 23 23 25 25 25 24 24 25 25 25 25 26 26 26 27 26 26 26 26 25 25 25 23 23 22 22 22 22 17 14 14 15 17 18 21 24 25 26 24 26 33 67 106 114 84 43 17 12 9 8 8 8 8 8 8 8 8 8 8 8 8 8 8 
30 30 29 29 30 30 31 31 30 30 30 30 30 30 30 30 29 29 29 29 29 29 29 27 27 27 27 27 27 27 29 29 29 29 26 25 24 24 26 26 25 25 25 25 25 25 26 27 27 27 27 26 25 25 25 25 25 25 23 23 22 23 23 23 17 14 14 15 17 18 22 23 24 23 19 29 49 96 118 94 47 17 9 10 9 8 7 7 7 7 8 8 8 8 8 8 8 8 8 
30 30 30 30 30 30 31 31 30 30 30 30 29 30 30 30 29 29 29 29 29 29 29 27 27 27 27 27 27 27 29 29 29 29 26 26 25 26 26 28 26 25 25 25 25 25 26 27 27 27 27 26 25 25 25 25 25 25 23 23 22 24 24 24 17 14 15 16 18 22 23 23 25 25 21 39 70 121 108 60 21 9 9 9 8 8 7 7 7 7 8 9 9 9 8 8 8 8 8 
31 31 31 31 32 31 30 31 30 30 30 30 29 29 29 29 29 27 29 29 27 27 27 27 27 27 27 27 27 27 27 27 27 27 27 27 25 26 28 26 26 26 26 26 25 25 26 26 26 26 26 25 26 25 24 24 24 24 24 24 23 23 23 23 17 13 15 16 18 23 24 23 25 28 36 72 125 128 82 31 10 9 9 8 8 8 6 6 6 6 8 8 8 8 9 8 7 7 8 
31 31 31 31 31 31 31 30 30 30 30 29 29 29 29 27 27 27 27 29 27 27 27 27 27 27 27 27 26 26 27 27 27 27 27 27 25 26 26 26 26 26 26 26 25 25 25 26 25 26 26 25 25 25 24 24 24 24 24 24 23 24 24 23 17 14 15 17 19 23 24 25 28 38 65 115 143 96 35 10 9 9 8 8 7 7 6 6 8 8 8 8 8 8 8 8 7 7 8 
32 32 31 31 31 31 31 30 30 30 30 29 29 29 29 27 27 27 27 29 27 27 27 27 27 27 27 27 26 26 26 26 26 26 27 27 27 27 27 27 26 26 26 26 25 25 25 26 25 26 26 25 24 24 25 24 25 25 24 24 24 24 25 22 17 14 15 18 22 23 24 30 36 58 112 146 129 57 11 10 9 8 7 7 6 6 6 6 8 8 8 8 7 7 7 8 8 8 8 
32 32 31 31 31 31 31 30 30 30 29 29 29 29 27 27 27 27 29 29 27 27 27 27 27 27 27 27 27 27 26 26 26 26 27 27 27 27 27 27 26 26 25 25 25 25 26 26 26 26 26 25 24 25 25 25 26 25 24 24 25 30 35 33 24 17 18 19 21 24 29 32 41 81 142 139 81 28 11 12 9 9 7 7 6 6 6 8 8 8 8 8 7 7 8 8 8 8 8 
31 31 31 31 31 30 30 30 30 29 29 29 29 29 29 27 27 27 29 29 27 27 27 27 27 27 27 27 27 27 26 26 26 26 26 26 26 27 27 27 26 26 26 26 25 25 26 26 26 26 26 25 24 24 25 26 26 25 25 25 30 46 59 58 44 30 24 24 23 26 29 36 65 115 142 91 30 17 11 9 9 7 7 7 6 6 8 8 8 8 8 8 8 8 8 8 8 8 8 
31 31 31 31 31 30 30 30 29 30 30 30 29 30 30 30 30 29 29 29 29 29 27 26 27 27 27 27 27 27 26 26 26 26 25 25 27 29 27 27 26 25 26 26 25 25 26 26 26 26 25 25 25 25 25 25 25 25 25 25 36 59 75 74 63 46 32 29 28 29 29 43 94 135 112 47 12 11 9 7 8 7 7 7 6 6 8 8 8 8 8 9 8 8 8 8 8 8 8 
31 31 31 31 31 30 30 30 28 29 29 29 29 30 30 30 29 28 29 29 29 29 28 28 28 28 28 28 26 26 27 26 25 25 25 25 26 28 26 28 26 26 25 25 25 25 25 26 26 26 25 25 25 25 26 27 27 26 26 25 46 73 90 84 71 58 44 36 30 28 35 66 114 116 66 22 10 10 7 7 7 7 6 6 8 6 8 8 8 8 8 9 8 8 8 9 9 9 9 
31 31 31 31 30 30 30 29 28 29 29 29 29 30 30 30 29 28 29 29 29 29 28 28 28 28 28 28 28 28 29 27 26 26 26 26 26 26 26 26 26 26 25 25 25 25 26 25 25 26 26 25 24 25 26 26 26 26 26 29 52 81 96 84 71 64 57 47 35 25 46 94 122 86 36 12 9 8 7 7 7 7 6 8 8 8 8 8 8 8 8 9 8 8 9 9 9 9 9 
31 31 30 30 31 31 30 30 29 30 30 30 28 29 29 29 29 28 28 28 28 28 28 28 28 28 28 28 28 28 28 26 25 25 25 26 26 26 27 27 27 27 26 26 25 25 26 26 26 26 26 26 26 27 27 27 26 26 26 32 67 95 97 82 70 71 68 56 38 25 53 100 101 54 18 10 9 7 7 7 6 6 7 7 8 8 8 8 8 9 8 8 10 10 10 10 10 10 10 
32 32 30 30 31 31 30 30 29 30 30 30 28 29 29 29 29 28 28 28 28 28 28 26 28 28 28 28 28 28 28 26 25 25 25 25 26 26 27 26 27 27 26 26 25 25 25 25 25 25 25 26 26 26 26 26 25 26 28 38 75 100 95 77 67 71 68 57 37 29 58 89 75 35 12 10 9 9 7 7 6 6 7 7 8 8 8 8 8 9 8 8 9 9 10 10 10 10 10 
32 32 30 30 31 31 30 30 30 29 28 28 28 28 29 29 29 27 26 26 28 28 26 28 28 28 28 28 28 28 28 26 25 25 25 25 27 27 26 27 27 27 27 27 26 26 26 26 25 25 26 26 26 26 26 26 25 26 30 45 84 100 90 72 63 68 73 64 42 31 54 72 49 16 9 10 9 9 7 7 7 6 7 7 8 8 8 8 8 8 7 8 9 9 9 10 10 10 10 
32 32 30 30 31 31 30 30 30 29 28 28 28 28 29 27 27 27 25 25 28 28 26 28 28 28 28 28 26 26 25 25 24 24 24 25 26 27 26 27 27 27 26 26 26 26 26 25 25 25 25 26 26 25 25 25 24 25 32 54 89 100 87 68 60 66 74 71 53 39 49 52 29 11 10 9 9 7 7 8 7 7 7 7 8 8 8 8 8 8 7 8 9 9 9 10 10 10 10 
32 32 31 31 31 31 31 30 29 29 29 29 29 29 29 27 27 27 25 26 26 26 27 26 26 26 26 26 26 27 26 26 24 24 24 25 24 24 25 24 24 24 24 24 25 25 25 25 24 24 24 25 25 25 25 25 24 25 32 60 94 95 81 66 60 66 74 70 58 49 49 40 18 10 10 10 7 9 8 8 7 7 7 7 8 8 8 8 8 8 7 8 9 9 10 10 9 9 9 
32 32 31 31 31 31 30 30 29 28 29 27 27 27 27 26 26 25 24 24 24 24 25 24 24 24 23 24 24 25 25 24 23 23 22 23 22 22 23 22 22 22 22 23 23 23 24 24 23 23 23 23 24 24 23 24 24 25 36 68 99 93 79 66 63 67 70 66 60 53 49 38 21 12 11 10 10 10 9 8 7 7 7 7 8 8 8 8 8 8 7 8 9 9 9 9 9 9 9 
32 32 31 31 30 30 30 29 28 28 26 25 26 26 26 25 25 24 23 23 22 22 22 21 21 21 19 21 22 23 21 21 19 19 19 19 20 20 19 19 19 19 19 19 20 22 22 22 20 20 19 21 23 23 22 24 22 22 40 79 100 89 75 67 68 69 66 57 53 57 56 45 30 18 11 10 9 9 9 8 7 7 7 7 8 8 8 8 8 8 8 9 8 8 9 9 9 9 9 
32 32 31 31 30 30 30 29 28 28 26 26 26 26 25 25 25 24 22 22 21 21 21 19 19 19 18 18 22 22 19 18 18 18 18 18 19 19 18 18 18 18 18 18 19 20 20 19 19 19 18 18 22 22 22 25 22 24 53 90 99 86 73 68 71 72 65 52 43 46 49 44 33 19 11 11 10 9 9 9 8 7 7 7 8 8 8 8 8 8 8 8 9 8 8 8 8 6 8 
30 30 29 29 30 30 29 26 26 26 25 24 24 23 23 22 22 22 22 21 21 19 19 19 18 18 18 18 18 18 18 18 18 18 18 18 18 17 18 18 18 19 19 19 18 18 19 19 19 19 18 19 20 22 22 24 22 24 60 92 96 87 73 68 71 71 64 51 37 33 30 30 25 18 11 11 10 10 10 9 8 8 8 8 6 8 8 8 8 8 8 9 9 9 8 8 6 8 8 
30 29 28 26 27 27 26 24 24 23 22 22 22 21 21 19 19 19 19 19 18 18 18 18 18 18 17 17 17 17 17 17 17 17 17 17 17 17 18 19 19 19 19 20 18 18 19 19 19 19 18 19 22 22 22 23 23 35 72 95 90 80 72 70 72 68 60 48 29 22 23 25 24 19 15 14 12 11 10 9 9 8 8 8 6 8 8 7 8 8 8 9 9 9 9 9 6 8 8 
29 28 25 24 24 25 24 22 21 19 18 18 18 17 16 16 16 15 17 17 17 17 17 18 18 18 17 17 16 16 15 16 16 16 16 16 16 16 17 18 19 19 19 19 19 18 18 18 18 18 19 21 22 22 23 22 24 44 79 94 86 74 71 72 72 65 54 46 32 26 26 25 25 22 18 17 16 13 11 9 9 9 9 8 7 8 8 7 8 8 9 9 9 10 10 9 9 8 7 
24 24 23 22 23 22 22 19 19 19 18 18 17 17 16 16 16 16 16 17 18 18 18 19 19 19 18 18 17 17 17 17 17 18 18 18 18 18 19 19 19 21 21 22 22 22 21 19 18 18 18 19 19 21 23 24 31 50 71 78 72 61 64 68 68 60 52 43 35 32 31 29 29 25 22 19 19 17 12 10 9 9 9 9 9 8 8 8 8 9 9 9 10 10 10 10 9 9 7 
22 23 23 23 23 22 22 21 21 21 21 21 21 19 19 19 19 18 19 19 21 21 21 22 22 22 21 21 21 19 18 19 21 21 21 21 21 21 21 21 21 21 21 22 23 24 23 22 21 19 18 18 23 32 36 42 58 73 74 63 53 45 52 59 61 58 51 44 40 39 37 36 33 30 26 22 22 19 15 11 10 10 10 10 9 9 8 9 9 9 9 9 9 10 10 10 9 9 7 
23 23 24 23 24 25 25 24 25 24 24 25 24 24 23 23 23 22 22 22 23 23 23 24 24 24 24 24 24 23 22 21 21 22 22 23 23 22 22 22 23 22 22 23 24 25 25 24 23 22 21 22 33 46 57 73 94 102 88 63 45 38 36 45 54 53 52 52 50 47 44 43 38 32 29 24 22 22 21 17 14 11 11 11 10 9 9 9 10 9 9 10 10 10 10 8 8 8 7 
25 25 25 25 26 28 27 26 25 25 25 26 26 25 25 25 24 24 23 23 23 23 25 25 24 24 25 26 26 25 25 23 24 24 24 24 24 23 23 23 23 22 23 24 25 25 26 26 25 25 22 38 54 71 85 104 128 130 107 75 51 40 32 37 50 55 58 59 56 52 49 47 44 37 33 26 24 24 23 22 18 15 15 12 12 11 11 11 11 9 10 10 10 9 8 6 6 8 5 
30 29 30 30 30 29 30 30 29 30 30 30 30 29 29 29 29 28 28 26 26 26 26 26 26 26 26 26 28 28 28 28 26 26 25 25 25 24 24 23 23 22 23 24 26 26 26 26 26 25 21 56 77 94 103 116 132 130 107 80 63 45 33 36 45 55 66 65 61 56 52 51 50 43 37 29 25 23 23 23 23 19 16 16 14 14 14 12 12 11 12 10 9 8 6 5 6 9 7 
36 36 36 36 36 36 35 36 36 36 37 37 36 36 37 36 34 34 33 32 32 32 31 30 30 29 29 29 31 31 31 31 30 29 28 28 28 26 26 25 24 24 24 25 23 21 24 28 28 50 60 80 94 116 127 114 101 96 93 81 66 49 36 35 40 52 66 68 63 57 53 52 52 47 40 31 26 26 24 24 23 22 19 17 17 17 17 17 16 15 15 12 8 5 5 5 5 7 7 
39 39 39 42 42 40 40 40 40 40 41 41 40 40 41 40 39 39 38 37 37 37 37 36 35 33 33 33 36 34 34 36 35 35 33 32 32 31 31 30 30 29 29 31 29 25 31 35 58 88 108 114 99 128 135 108 76 73 82 80 63 46 36 36 39 45 60 66 63 59 57 56 56 53 47 38 32 29 26 23 23 22 21 19 19 19 19 21 19 18 17 17 13 11 10 7 5 6 5 
42 42 42 43 43 43 43 43 43 43 43 44 44 44 45 45 45 44 45 44 43 43 43 40 40 41 40 40 39 39 39 38 39 39 39 39 38 38 37 38 37 36 36 37 35 36 38 39 82 117 138 129 92 118 129 100 65 65 80 79 64 46 36 36 38 40 47 60 62 64 63 61 60 57 54 46 39 32 28 24 22 22 22 22 22 22 23 22 22 21 19 19 18 19 22 16 8 7 7 
42 42 42 43 43 44 43 43 43 44 44 44 45 45 46 46 47 47 47 47 46 46 46 45 45 44 44 44 42 42 40 40 43 41 41 43 43 41 41 41 40 38 38 38 38 38 39 42 81 121 139 123 78 106 120 90 61 66 81 78 62 46 37 37 39 39 42 53 61 66 68 67 64 59 57 52 47 39 33 29 25 24 24 24 24 24 25 24 24 24 23 21 20 26 33 26 15 10 9 
42 42 40 42 42 43 43 43 43 44 44 44 45 45 46 46 46 46 46 46 46 45 45 45 45 44 44 44 43 43 43 43 43 42 42 43 43 43 43 43 44 43 41 41 38 39 40 43 72 101 107 95 66 78 87 78 64 66 80 74 59 46 38 38 41 41 42 49 58 65 70 73 71 66 61 58 54 47 42 35 30 29 28 28 28 28 29 28 28 28 28 25 25 37 48 38 20 11 8 
40 40 42 42 43 43 42 43 42 43 44 45 45 45 46 46 46 46 46 46 45 44 44 44 44 44 44 44 44 43 43 43 43 43 43 43 43 43 44 44 44 44 43 43 39 39 39 43 74 101 102 77 56 65 75 72 61 65 74 71 57 44 37 40 44 44 45 46 51 61 68 77 79 74 68 63 59 53 49 43 37 33 32 31 32 32 32 32 32 32 33 30 31 45 58 45 22 11 8 
42 42 43 42 43 43 42 43 42 43 44 44 44 44 46 45 44 44 44 45 45 44 44 43 43 43 43 43 41 40 38 38 39 39 39 38 38 38 39 40 39 39 37 38 37 36 35 38 72 92 86 53 51 66 77 71 60 65 70 65 53 42 38 42 43 44 47 47 47 54 61 72 79 78 73 67 64 60 54 51 46 42 38 36 37 37 37 37 37 37 38 33 36 53 61 44 20 11 8 
43 43 43 43 44 43 43 43 43 43 43 44 43 43 45 44 43 43 44 45 45 45 44 44 43 42 41 40 39 37 33 30 32 32 32 32 31 31 31 32 31 32 31 30 30 28 30 36 68 84 72 43 46 64 75 68 59 65 67 63 51 43 42 43 43 44 46 46 44 47 53 65 73 78 75 73 71 68 63 58 53 47 43 39 40 40 40 40 39 39 40 37 43 57 58 40 19 11 9 
43 44 44 43 44 44 43 44 43 44 45 45 42 43 44 44 44 43 42 43 44 44 43 40 38 38 33 30 28 26 24 24 23 23 22 22 22 21 21 18 18 19 22 23 24 28 32 42 52 56 56 42 44 63 74 70 64 66 64 57 51 45 44 44 44 44 43 43 42 43 45 51 61 71 74 75 75 72 71 66 59 53 46 44 44 44 43 43 42 42 44 46 47 57 56 37 17 10 9 
43 44 44 43 44 44 43 44 43 44 45 45 43 43 45 44 43 41 39 40 40 40 38 35 30 28 24 22 19 18 16 16 15 15 14 14 14 13 14 13 13 14 14 15 15 18 23 30 36 36 36 35 43 60 72 75 74 68 65 56 46 44 44 44 44 44 43 42 43 42 40 43 51 61 71 77 77 74 74 71 65 58 52 48 45 44 43 43 43 43 44 50 52 56 53 33 16 10 9 
44 44 44 44 44 44 44 44 44 44 45 45 45 45 45 44 42 38 37 37 36 36 34 32 25 21 17 15 14 14 13 16 15 15 12 12 12 11 12 12 11 13 14 14 15 15 16 17 18 24 29 26 43 64 72 78 79 72 64 51 46 44 44 44 44 44 44 44 43 42 39 39 43 51 64 78 77 79 78 74 71 65 58 53 49 45 44 44 43 43 43 49 51 54 51 32 15 9 9 
44 44 44 44 44 44 44 44 44 43 44 45 45 46 46 43 38 35 32 29 26 25 24 20 16 13 11 11 11 14 17 19 20 22 21 21 21 21 22 19 19 21 18 17 15 14 11 8 9 15 21 23 44 66 71 71 67 64 59 51 47 45 44 44 44 44 44 45 44 43 42 39 39 43 53 71 78 80 82 79 74 71 65 60 53 47 45 44 43 43 44 47 51 53 51 31 15 9 8 
44 44 44 45 45 44 44 43 43 43 43 43 43 43 42 39 33 30 25 22 19 16 13 13 12 11 11 15 23 28 30 31 32 32 33 35 35 36 37 36 35 36 32 23 15 10 10 9 9 11 14 24 51 71 67 56 50 47 46 46 44 44 43 43 43 44 44 44 44 43 43 42 41 41 48 64 73 79 82 82 80 75 71 67 58 51 46 45 44 44 45 47 52 55 51 31 15 9 8 
44 44 44 45 45 44 44 43 43 42 40 40 40 38 35 31 26 23 18 16 15 13 12 12 14 16 21 26 32 37 40 40 42 42 43 44 44 43 43 43 43 43 39 30 18 14 12 12 12 12 11 26 57 74 65 45 38 37 38 39 39 39 39 42 42 43 43 44 44 45 44 43 43 43 47 57 65 73 81 85 83 79 74 72 66 57 51 47 45 44 45 46 50 54 50 32 17 10 8 
44 44 44 44 44 44 43 42 42 40 41 41 38 34 32 26 22 21 17 15 14 16 16 17 21 26 32 39 40 44 46 50 46 46 46 46 45 44 43 43 44 43 39 32 28 23 19 16 14 16 18 37 64 76 66 47 38 33 31 33 36 37 38 39 41 43 42 42 42 43 43 43 43 43 47 51 57 67 76 81 83 82 79 78 74 62 56 51 47 44 45 45 46 51 51 37 17 10 9 
44 44 44 44 44 44 43 42 40 40 40 40 37 32 25 18 13 12 13 13 15 21 26 30 36 39 45 47 45 45 48 48 47 47 47 46 44 43 42 42 41 43 39 37 36 32 29 21 14 23 30 47 71 79 71 57 46 37 28 26 26 30 32 37 40 41 40 39 42 43 44 44 44 45 47 49 51 57 66 75 82 85 83 82 78 67 59 54 49 44 43 45 45 47 48 40 23 12 10 
44 44 44 44 45 44 44 43 41 40 39 39 34 30 24 21 14 12 12 12 22 28 36 43 50 52 52 52 46 46 46 46 47 47 46 45 44 43 43 41 40 40 39 38 37 37 36 23 16 23 44 68 84 81 88 87 72 51 27 22 20 23 24 32 37 38 39 39 39 40 42 43 44 45 47 47 45 49 60 70 86 86 82 82 78 67 60 57 50 44 43 43 45 47 51 40 25 12 9 
44 44 44 44 45 44 45 45 44 39 36 33 30 24 21 20 19 23 25 29 31 36 39 43 47 48 50 50 46 45 45 45 45 45 45 44 43 43 44 43 40 40 38 38 36 33 31 26 23 38 60 73 86 87 100 101 85 57 29 23 20 20 20 24 30 36 37 38 39 38 39 39 39 42 44 45 45 49 56 65 77 81 86 85 79 68 63 59 51 43 32 43 44 47 52 40 25 12 9 
44 44 44 44 44 43 46 50 45 36 28 17 22 17 14 15 22 28 33 38 42 43 42 40 42 42 44 46 46 45 45 45 45 46 45 45 43 44 45 44 40 39 38 37 37 37 36 32 36 54 73 78 85 88 96 95 81 53 27 25 22 17 15 16 23 32 38 43 47 54 51 48 48 48 48 47 48 51 54 62 66 75 86 86 80 71 66 63 51 43 44 44 43 42 43 42 30 21 10 
44 44 44 45 45 43 44 44 38 29 22 17 19 17 13 17 29 36 42 45 49 50 46 44 42 42 43 44 45 45 45 43 45 45 46 47 45 44 43 44 40 38 38 38 41 43 43 45 54 72 86 84 84 86 87 85 74 58 45 37 24 16 13 12 16 25 32 41 64 71 68 66 65 64 61 58 54 54 55 62 63 70 80 82 80 74 70 64 50 45 53 50 44 42 43 44 38 29 14 
43 43 43 44 44 43 42 37 30 21 16 16 19 21 24 30 45 59 63 61 65 63 57 50 45 43 44 47 47 45 43 42 44 46 49 60 51 50 49 50 49 49 50 51 51 53 54 58 68 86 99 95 92 87 84 85 87 80 72 58 31 19 14 12 12 18 22 39 48 83 96 92 90 95 101 94 103 90 69 62 50 61 71 77 79 75 72 66 52 47 56 54 52 52 53 56 52 43 22 
43 43 43 43 43 43 38 31 22 17 13 15 13 23 40 53 78 101 104 101 81 75 67 61 54 57 53 52 51 51 59 60 62 76 87 100 80 79 79 81 81 85 84 80 78 79 74 74 84 97 104 101 99 94 90 99 107 108 102 81 45 30 17 12 12 16 17 30 67 112 134 135 120 129 140 135 118 109 93 89 71 81 89 95 94 86 80 71 58 51 61 67 65 66 70 72 70 61 36 
43 43 43 42 42 39 32 23 16 15 13 15 15 29 56 81 123 147 155 159 108 103 92 86 81 79 72 61 70 77 86 94 109 129 142 145 134 131 125 122 122 124 122 116 114 111 99 94 97 109 115 108 102 92 90 110 137 144 137 111 64 46 29 18 14 15 16 19 68 128 160 172 153 156 162 160 143 132 129 127 116 121 129 134 121 100 88 74 63 56 65 90 81 87 93 95 96 88 57 
43 43 42 42 40 32 28 21 16 15 16 18 29 50 92 122 160 176 185 187 155 144 130 124 116 114 109 92 117 130 134 144 163 173 174 177 173 163 152 148 148 149 152 157 145 132 114 106 108 121 121 108 106 92 93 118 157 181 196 170 95 77 45 26 19 17 15 15 47 102 148 173 163 166 166 163 163 162 164 158 157 154 160 166 141 109 90 79 74 66 71 86 91 100 108 110 114 104 69 
42 42 40 40 38 30 24 18 15 16 17 24 39 86 115 135 146 166 173 165 157 143 136 138 148 152 157 162 164 165 173 180 185 184 184 181 178 177 173 164 163 166 171 179 163 148 120 114 121 130 137 116 101 88 89 121 165 196 207 184 141 100 70 44 33 24 16 12 23 45 90 135 165 187 189 187 181 194 196 177 164 169 179 185 154 132 109 85 79 79 80 80 83 88 100 114 104 86 66 
42 42 40 40 36 26 21 17 15 16 21 31 68 122 145 149 145 155 153 146 127 114 111 118 135 155 174 184 182 185 190 190 180 169 163 158 157 160 164 164 169 178 191 195 164 150 127 123 127 127 122 103 89 81 84 120 153 181 186 198 137 102 74 54 45 34 21 14 21 31 67 115 163 183 194 195 194 193 185 166 137 139 145 148 136 117 99 88 84 81 79 78 79 80 85 94 87 72 52 
42 40 37 36 32 24 19 16 16 19 24 39 101 144 153 141 131 131 121 111 97 88 88 95 114 141 171 189 189 192 199 200 185 165 151 145 144 149 160 167 174 186 201 201 150 139 127 129 131 128 121 101 83 73 74 104 131 153 159 170 128 104 79 57 51 43 32 23 17 19 40 81 122 153 179 188 180 180 160 142 108 105 101 99 96 93 88 84 82 79 78 77 75 74 76 81 78 66 47 
42 42 36 35 30 23 18 15 16 22 35 56 109 136 137 117 105 101 92 80 81 77 80 84 93 115 146 170 171 176 189 201 199 179 159 150 151 153 163 172 180 187 196 193 138 135 131 135 130 122 117 100 78 65 65 85 100 111 115 116 115 95 75 56 53 51 44 32 18 16 25 51 74 114 149 165 157 160 142 120 96 90 79 70 66 65 65 67 73 77 78 77 75 74 73 72 69 64 47 
40 39 33 30 27 20 18 16 18 25 40 56 89 101 101 87 79 82 81 67 77 74 77 81 85 97 119 135 132 136 151 174 180 169 153 151 149 149 148 156 171 173 177 170 125 131 137 140 125 113 110 97 71 58 60 74 79 85 86 85 85 67 65 67 63 53 51 37 26 18 15 26 44 81 114 120 125 126 126 125 96 78 61 48 48 39 38 47 71 75 79 79 75 74 71 67 67 64 52 
37 40 30 28 25 20 17 17 22 35 50 54 59 60 59 54 57 67 68 65 61 64 66 70 75 82 94 103 92 92 104 121 125 124 125 128 124 117 115 132 158 163 163 162 117 128 138 139 117 103 103 91 68 58 60 72 73 74 79 75 75 59 54 52 52 51 59 44 37 24 11 16 30 56 82 96 116 117 121 122 108 88 68 57 43 34 38 54 63 73 79 79 78 77 73 66 66 64 60 
51 41 26 24 20 18 16 19 26 44 52 52 53 53 50 39 40 47 53 53 51 50 49 51 61 73 84 84 74 66 66 73 78 85 89 92 92 88 93 125 150 153 148 148 117 129 138 132 107 94 96 82 69 58 58 70 63 59 59 60 60 57 52 51 52 58 65 59 46 32 16 14 16 33 54 73 88 95 108 115 123 104 80 68 61 43 37 54 53 71 79 79 80 79 75 67 63 64 65 
96 68 37 22 18 17 15 21 36 49 54 54 54 54 52 45 42 46 53 54 54 54 52 51 65 72 80 78 66 54 47 51 59 68 68 68 70 75 94 134 150 143 130 121 122 132 136 127 99 87 92 79 68 57 57 59 56 57 54 54 55 52 51 52 53 57 65 65 57 39 24 16 5 18 39 57 75 85 103 113 125 116 92 75 75 58 52 59 53 63 74 77 79 79 77 71 65 63 65 
128 66 34 20 15 15 16 24 42 52 57 57 58 58 57 54 60 67 68 71 90 73 71 75 71 73 71 67 65 61 58 55 62 72 74 75 88 100 125 134 129 125 117 123 128 134 136 119 95 92 87 74 64 55 53 53 52 53 54 57 53 49 49 50 45 52 59 61 59 50 31 16 15 11 24 38 57 73 87 101 122 113 94 85 86 86 85 85 85 85 85 84 79 78 77 78 72 64 63 
144 75 33 12 14 15 18 30 47 53 56 58 64 65 65 67 79 87 85 85 84 79 80 85 80 79 80 78 75 72 68 71 80 88 86 84 85 90 111 120 114 109 107 116 139 139 133 110 90 90 82 70 61 54 51 51 50 51 50 49 49 46 45 46 45 45 51 60 64 59 43 19 17 12 19 32 42 57 73 87 99 92 78 73 72 73 72 72 72 72 72 72 72 73 77 81 79 72 64 
118 55 22 11 15 18 23 37 50 53 54 59 68 73 73 77 82 86 82 81 80 80 81 81 78 77 75 74 74 73 73 75 79 82 80 77 72 76 89 95 87 89 101 111 146 145 127 101 89 90 79 67 61 52 50 49 46 46 45 44 43 43 43 43 42 38 45 59 65 63 52 25 18 14 16 27 33 43 57 73 66 64 62 61 61 61 60 60 60 60 60 60 62 72 81 82 82 79 72 
75 24 13 12 13 22 32 44 53 54 54 57 63 65 63 64 65 67 67 67 67 67 66 67 64 63 61 60 61 60 59 58 59 61 63 63 54 65 75 78 72 80 95 109 144 143 120 95 89 89 77 65 60 52 47 46 45 45 43 42 42 40 40 40 39 36 41 57 58 67 59 35 21 15 15 24 26 33 42 57 40 42 44 46 46 46 45 45 45 46 47 49 55 59 65 74 82 80 77 
41 20 18 12 15 24 35 46 52 52 52 52 52 52 51 49 50 48 50 51 52 52 52 52 50 49 49 49 50 49 49 46 47 46 46 47 50 52 57 54 53 74 110 139 154 142 113 93 90 89 76 65 60 51 46 44 44 43 41 40 40 39 38 38 37 35 37 49 54 62 60 43 24 18 16 17 23 24 32 36 36 36 37 37 37 37 36 36 36 36 36 39 45 49 50 60 75 79 79 
25 18 16 13 16 24 35 46 46 46 46 45 45 45 44 44 45 41 42 43 43 43 43 43 43 43 43 43 43 43 43 43 44 43 43 44 46 45 44 44 51 75 116 143 152 136 106 90 90 89 78 67 60 51 46 43 41 40 39 38 38 38 38 38 36 36 36 43 50 61 63 52 30 19 16 17 21 23 31 35 35 35 36 37 37 37 36 36 36 36 36 37 39 40 44 51 63 75 80 
17 15 16 15 17 26 37 47 38 38 39 39 42 42 42 42 42 39 40 40 40 39 38 37 39 39 40 40 42 42 42 43 43 40 43 44 49 47 40 39 53 85 129 157 149 129 101 90 92 88 77 66 56 47 44 40 38 37 37 37 36 36 36 36 36 37 36 38 40 57 61 61 39 23 15 16 18 23 30 33 35 35 36 36 36 36 35 35 35 35 35 36 38 38 39 45 52 61 75 
17 15 16 16 18 30 39 46 37 38 39 39 39 39 40 40 40 39 39 39 38 38 37 37 38 38 38 38 40 40 42 43 43 40 43 44 46 46 38 34 52 86 130 153 146 120 94 90 92 88 78 66 53 44 33 31 34 37 37 37 38 38 38 38 39 39 36 36 37 53 60 61 49 23 12 14 17 22 29 32 33 33 34 36 34 34 33 33 33 33 33 35 37 37 36 38 45 52 61 
17 14 15 16 19 34 44 45 37 38 39 39 39 39 39 40 39 38 38 39 38 38 37 36 37 37 39 40 39 40 42 43 42 40 42 43 45 44 36 42 69 105 132 150 141 104 88 90 93 87 78 66 47 43 42 40 35 36 38 40 41 41 41 40 38 37 36 36 36 50 59 63 51 28 12 12 15 19 26 30 32 32 32 33 33 33 32 32 32 32 33 34 33 33 33 36 40 47 56 
17 14 15 17 22 38 46 44 37 39 40 40 39 39 39 39 39 38 38 38 37 37 36 35 36 36 38 39 39 39 42 42 42 39 42 44 46 45 40 49 79 112 134 145 131 101 90 93 94 87 75 70 44 42 38 44 37 36 38 40 39 38 37 34 32 32 32 33 36 46 56 63 57 37 15 11 15 18 24 29 31 31 32 32 33 33 31 31 31 31 32 32 32 32 33 33 36 39 47 
17 14 15 17 26 43 46 42 36 38 40 40 40 40 39 39 38 38 38 38 37 37 36 35 36 36 38 39 38 39 42 42 42 39 42 44 47 46 44 56 82 117 137 141 123 98 93 96 95 87 74 59 39 38 36 39 36 36 39 39 37 34 32 30 27 27 29 31 34 40 49 63 66 45 17 11 15 17 22 26 30 30 31 31 31 31 30 30 30 29 30 31 31 31 32 32 33 35 39 
17 14 15 17 30 43 44 38 35 38 40 40 42 42 40 40 40 40 39 38 38 37 36 36 35 35 37 39 38 39 42 43 42 40 42 44 50 50 52 68 96 124 139 137 115 91 90 97 94 85 68 45 37 35 33 32 31 32 33 34 33 32 30 29 29 29 30 32 33 38 44 60 67 50 23 13 12 13 18 23 26 29 30 30 29 29 29 29 29 28 29 30 30 31 32 32 32 33 35 
17 14 15 17 36 43 43 36 35 38 39 40 42 42 43 43 43 43 42 40 39 38 37 37 37 37 38 39 38 39 42 43 45 43 43 42 52 56 66 86 113 135 142 135 111 90 89 95 92 80 60 46 41 38 33 31 30 30 31 32 33 34 36 33 34 34 33 32 33 37 39 58 70 58 29 12 11 13 16 21 24 28 30 30 29 29 29 28 28 28 29 29 30 30 31 32 32 32 32 
17 14 15 17 36 40 42 36 35 37 39 39 42 42 43 43 44 44 43 42 40 40 39 39 38 38 39 40 39 40 42 45 46 45 43 40 58 67 80 101 123 136 135 125 105 91 91 96 92 78 58 56 48 45 38 37 34 31 34 37 38 39 40 39 39 38 36 33 32 36 38 53 66 60 32 16 11 13 15 18 22 28 29 30 29 29 28 28 28 28 29 29 30 30 31 31 31 32 33 
16 14 15 18 34 40 40 37 35 36 36 36 37 37 38 39 40 42 40 42 42 42 43 43 42 42 43 43 42 43 44 46 49 49 47 44 59 74 92 110 127 128 120 107 102 94 89 95 87 75 59 59 51 48 43 39 40 42 42 43 43 41 39 38 38 37 34 32 31 33 38 50 61 61 38 16 12 11 12 18 23 27 29 29 28 28 28 28 28 28 29 29 30 30 30 30 30 31 32 
16 14 16 19 31 40 40 38 35 35 33 33 33 33 33 33 36 37 39 42 43 43 44 43 43 42 43 43 45 45 46 47 51 51 51 49 68 81 96 107 114 109 100 92 97 94 90 93 81 70 60 51 50 50 47 42 43 43 43 42 39 36 34 33 33 32 32 31 31 33 37 45 59 61 39 17 11 11 12 16 23 27 29 29 28 28 26 26 28 28 29 29 30 30 30 30 30 31 32 
17 13 15 19 30 39 43 40 37 36 34 34 34 34 33 33 35 36 40 43 44 45 44 44 44 43 43 44 45 46 49 49 52 53 56 59 88 96 93 87 80 77 80 83 82 90 88 82 77 68 63 59 55 54 50 46 43 43 40 39 38 36 33 33 33 31 30 30 31 32 36 44 59 64 46 18 11 11 13 17 23 27 29 29 26 26 26 28 26 26 28 28 29 29 30 30 30 30 32 
17 13 15 19 29 39 44 41 39 37 36 36 37 37 36 36 38 39 43 45 45 45 44 44 44 43 43 43 45 47 49 51 51 57 64 68 81 84 80 72 65 61 67 72 75 87 85 80 74 70 66 64 62 59 52 47 44 42 39 37 38 37 37 34 34 33 31 30 29 32 36 43 59 66 47 19 13 11 13 17 24 27 27 29 25 25 25 26 28 28 28 28 29 29 30 30 30 31 32 
17 13 15 19 27 39 44 43 40 40 41 41 43 43 44 46 47 48 46 46 45 45 44 44 45 44 42 40 39 39 39 42 49 57 63 72 74 70 63 54 49 49 56 65 67 71 73 73 68 64 61 59 57 54 50 46 44 40 38 36 36 36 37 34 34 33 31 30 30 32 35 43 60 68 51 22 15 11 13 18 23 27 27 27 25 26 26 28 28 28 28 28 29 29 30 30 30 32 33 
17 13 13 19 27 39 45 44 42 42 44 44 45 45 46 47 48 50 49 45 43 39 38 39 40 40 39 39 39 42 44 45 50 56 64 70 66 61 54 47 45 46 52 60 57 56 53 53 50 46 46 45 44 43 40 40 39 38 37 36 36 36 37 34 34 33 31 30 30 32 35 43 61 70 52 23 15 11 15 18 22 27 27 27 26 26 26 28 28 28 28 29 29 29 30 30 31 35 35 
18 15 13 18 27 39 45 44 42 42 41 41 40 40 40 41 44 45 43 40 38 36 35 35 36 36 38 39 40 44 49 52 56 60 63 60 57 54 53 51 47 47 53 57 53 49 39 36 33 31 32 32 32 32 33 32 35 36 35 35 33 35 35 32 32 31 31 31 30 32 36 44 63 71 54 25 17 13 15 18 22 25 26 26 25 25 25 26 26 26 28 28 29 29 30 30 33 33 45 
18 15 13 18 27 39 45 43 40 39 39 37 32 30 31 32 34 36 36 38 38 37 37 36 37 38 39 39 44 49 54 57 58 61 59 56 52 51 51 51 49 47 50 52 51 47 43 36 29 25 26 26 26 29 30 31 32 35 35 35 35 33 32 31 32 31 31 32 31 32 36 44 65 73 55 27 17 15 16 18 22 25 26 26 24 25 25 26 26 26 26 28 28 28 29 29 30 31 54 
18 14 13 18 29 39 46 43 38 36 34 33 32 32 33 33 35 36 39 40 41 41 42 40 43 44 46 47 47 50 53 54 57 59 54 52 50 49 50 52 47 46 46 47 47 45 43 38 32 25 24 24 25 26 28 30 31 33 33 33 32 32 31 30 32 31 30 31 31 32 35 44 66 74 57 29 16 14 15 18 22 25 26 26 25 25 25 26 26 26 26 26 29 28 28 26 29 36 70 
18 14 13 17 27 39 46 45 37 34 32 33 37 38 39 40 42 43 44 44 44 44 44 43 45 45 46 47 47 49 50 51 50 51 50 49 47 47 50 50 45 44 42 43 43 43 44 38 35 31 29 26 26 26 28 29 30 32 32 32 31 31 30 29 31 30 29 30 31 32 35 44 66 74 55 29 16 14 15 18 22 26 26 26 25 26 26 26 26 26 26 26 30 30 31 24 29 39 77 
18 14 12 16 23 37 47 51 50 50 50 52 58 60 61 61 57 54 50 46 46 46 44 44 45 46 47 47 47 47 47 44 37 40 45 47 47 46 47 47 45 37 37 42 45 45 47 50 44 42 37 36 33 31 30 30 31 31 30 30 30 30 30 29 29 28 29 30 30 31 33 44 71 76 55 27 14 14 17 19 24 25 25 25 26 26 26 26 25 25 25 26 33 49 34 25 31 40 80 
18 14 12 16 21 37 47 54 58 59 60 60 61 61 61 62 54 50 39 37 40 41 43 42 44 45 47 48 46 47 46 40 31 36 43 47 46 46 46 46 46 42 33 25 31 36 40 43 44 42 38 37 35 33 32 32 32 33 32 32 31 31 30 29 29 29 29 29 30 31 32 45 72 76 54 27 14 14 17 19 24 25 24 24 25 25 25 25 25 25 25 25 31 44 37 27 36 38 82 
19 18 14 15 19 35 46 51 54 59 62 59 52 48 49 46 43 39 32 30 35 37 40 41 45 46 47 50 47 44 38 33 27 36 45 47 47 46 45 45 47 45 37 28 23 29 32 37 38 37 37 38 38 37 36 36 35 35 33 33 31 31 30 30 29 29 29 29 30 30 30 45 73 78 53 25 14 14 16 18 23 24 24 24 24 24 25 25 25 25 24 25 23 33 31 30 40 45 98 
19 20 15 15 21 33 47 48 48 50 50 46 40 37 31 30 31 31 33 36 36 37 39 40 41 43 43 44 41 36 32 31 27 36 41 44 45 43 38 40 44 43 42 33 24 24 26 29 30 31 33 36 37 36 36 36 36 36 35 33 32 31 30 29 28 26 26 28 28 29 30 49 74 75 48 22 14 14 16 18 23 24 24 24 23 24 25 25 26 25 24 23 24 28 28 31 44 72 140 
55 25 15 14 18 31 44 47 45 39 37 36 33 32 31 30 32 37 39 42 40 40 41 40 39 38 37 36 32 26 25 29 27 36 40 41 41 38 34 38 42 43 43 36 29 26 25 24 25 26 30 33 35 35 36 36 36 36 35 33 32 31 30 29 29 28 28 26 28 29 35 54 74 68 40 18 14 14 16 18 23 23 23 23 22 23 23 24 25 25 24 23 25 25 25 36 66 102 173 
69 31 15 14 17 23 36 45 45 39 37 37 36 37 39 43 44 43 40 40 39 39 39 38 34 33 31 29 26 22 24 30 25 34 44 43 40 33 31 34 39 44 40 35 30 26 24 24 24 25 28 30 32 32 35 33 33 33 32 31 30 30 29 28 28 28 28 26 28 30 40 59 74 61 33 16 12 14 16 18 22 22 22 22 22 22 22 22 23 23 25 25 31 28 26 40 81 131 202 
88 29 15 15 16 19 30 43 44 40 39 39 37 37 39 44 44 42 36 35 35 33 34 33 32 31 29 26 24 19 23 27 27 37 44 41 39 30 26 27 33 39 38 37 32 29 25 25 25 25 26 28 28 29 30 30 30 30 30 29 29 30 30 30 29 28 29 28 25 35 50 66 72 53 24 14 14 14 16 19 22 22 22 22 22 21 21 21 19 21 24 25 42 32 35 56 97 145 195 
99 46 24 15 16 16 25 37 44 43 43 40 36 33 35 33 36 35 31 30 30 30 32 32 31 29 26 25 24 22 23 26 29 38 44 39 34 25 20 24 29 32 37 37 35 30 28 26 25 24 25 24 25 26 28 28 28 26 28 29 30 30 31 32 31 29 32 35 24 32 51 69 71 47 19 15 12 15 17 19 23 23 22 22 21 21 19 19 18 19 23 25 40 36 40 66 106 139 182 
94 43 16 17 15 16 23 34 44 44 44 40 35 32 33 33 30 25 29 29 26 29 30 30 29 26 25 25 23 22 23 25 31 39 43 37 31 22 19 23 26 29 35 36 35 31 28 26 26 25 24 24 25 25 26 26 26 26 28 28 28 29 30 32 30 28 30 38 25 29 49 70 65 37 15 14 15 16 17 19 22 22 22 22 21 21 21 19 19 18 19 25 26 41 58 58 71 82 85 
106 67 31 17 15 16 24 36 44 44 44 41 37 33 33 31 30 25 28 26 26 28 30 30 29 26 24 24 22 20 22 25 31 37 40 34 29 23 19 22 24 26 31 35 33 31 29 26 26 25 25 24 25 25 26 26 26 25 28 28 26 26 28 31 29 26 18 21 29 42 61 72 57 29 11 13 16 16 17 19 22 22 21 21 19 21 22 22 23 22 22 30 29 40 44 43 53 61 66 
120 94 45 18 16 16 22 33 40 43 45 43 38 35 32 31 30 25 25 24 25 26 29 30 29 25 23 21 20 19 20 25 31 36 36 31 27 24 24 22 21 26 29 31 32 30 29 28 26 25 25 25 25 26 26 26 24 25 29 28 26 25 25 26 28 29 22 19 32 52 75 76 52 22 10 13 15 16 17 19 19 19 21 21 21 24 31 31 32 33 34 44 40 50 52 46 47 51 56 
121 103 65 31 17 15 22 33 40 45 47 46 44 40 33 30 29 25 25 25 26 28 29 29 29 25 23 23 22 22 24 27 30 33 33 29 25 24 24 24 18 24 26 29 30 29 28 28 26 26 25 24 25 25 26 26 24 25 26 26 25 24 23 21 26 32 33 33 44 63 79 71 43 17 11 14 16 16 17 18 17 18 22 23 23 28 38 41 44 48 53 64 63 67 65 58 51 50 49 
124 109 73 32 19 16 21 30 37 42 49 52 61 50 37 30 26 25 25 26 26 28 29 28 25 24 23 22 22 22 27 31 32 32 31 26 24 23 22 23 19 22 25 26 26 26 26 28 28 26 25 24 24 24 25 25 26 26 25 24 23 23 22 21 24 29 32 37 64 79 82 64 33 14 11 15 16 17 17 17 15 17 22 24 30 42 50 49 67 79 82 87 88 87 82 72 63 59 53 
130 118 90 54 28 19 19 23 28 38 47 54 65 57 45 33 29 29 28 28 28 28 26 25 23 24 23 21 22 22 27 30 30 31 29 26 24 23 22 22 19 22 23 25 25 25 26 26 26 26 25 24 23 24 24 23 24 24 23 23 23 24 24 23 21 23 30 39 82 85 74 51 24 13 11 15 17 16 16 16 16 17 25 29 57 70 80 88 109 122 125 123 120 114 108 96 88 84 80 
142 131 113 81 39 24 19 18 23 31 46 56 67 66 58 45 39 35 32 29 28 26 25 24 24 24 23 22 21 22 29 28 26 26 25 24 23 22 22 21 19 21 22 24 24 24 24 25 25 25 23 22 22 22 22 23 24 25 25 23 25 26 25 24 22 22 38 58 103 94 68 39 15 12 14 15 17 17 18 18 22 25 33 37 92 110 130 142 153 163 166 158 150 145 138 125 108 93 71 
151 136 123 99 57 29 21 17 21 28 39 46 64 66 66 57 50 45 42 37 32 28 24 24 25 24 23 22 21 23 28 26 25 25 24 24 24 23 23 22 21 21 21 23 24 23 24 24 23 23 21 21 21 22 22 23 26 26 26 23 28 29 23 25 22 32 59 87 103 86 54 31 15 14 16 24 22 18 19 22 24 29 37 40 117 135 157 171 173 179 181 171 163 163 158 149 121 97 57 
148 139 136 130 63 39 24 16 19 24 32 36 59 65 72 68 56 49 47 47 44 35 25 24 25 25 24 24 24 24 27 26 23 23 23 23 23 23 22 22 21 19 22 24 24 23 22 22 22 19 19 21 44 19 7 18 30 30 25 25 29 28 29 23 24 29 68 84 89 57 29 36 29 16 17 28 23 19 31 37 41 45 64 89 142 151 156 160 170 172 175 174 156 145 129 110 81 58 40 
151 142 134 130 74 51 28 17 18 22 25 26 51 61 70 86 90 93 88 86 66 54 37 26 26 28 26 26 26 25 26 25 23 23 22 22 22 21 21 21 21 21 22 23 23 22 21 21 19 18 18 21 31 17 21 44 64 57 32 19 28 22 15 19 30 45 75 82 74 47 18 18 17 18 19 23 19 31 53 71 79 78 90 112 123 129 130 132 143 148 153 152 156 130 94 66 38 24 11 
166 152 144 145 109 89 64 37 25 20 23 24 37 46 58 93 109 114 115 115 81 60 35 23 19 21 23 25 26 26 27 25 23 22 22 20 22 19 19 19 21 21 21 22 23 22 19 19 18 18 21 22 23 26 67 114 143 125 70 36 28 23 18 19 45 68 85 74 53 30 17 22 23 23 23 26 18 49 75 100 115 114 115 117 118 121 123 123 134 137 131 122 120 89 56 36 26 19 14 
187 174 167 174 181 163 135 84 44 18 21 25 26 36 58 90 115 125 131 137 82 63 39 29 23 25 29 32 36 34 34 32 29 26 26 24 23 23 22 23 24 24 23 22 23 22 19 19 22 23 25 25 30 39 99 157 192 167 94 51 26 24 29 32 59 73 80 70 45 24 16 29 22 23 25 28 31 60 88 115 129 132 132 132 135 141 142 142 142 129 108 92 77 49 24 16 17 17 15 
209 202 198 206 211 202 189 136 79 25 16 24 23 35 51 79 108 128 146 160 102 93 78 70 66 68 70 72 71 70 68 67 65 66 65 64 64 59 54 50 49 46 45 44 30 32 38 42 43 42 42 40 42 52 118 177 205 175 101 57 28 26 29 36 61 87 81 43 16 17 23 24 25 26 30 32 36 46 72 94 118 136 135 134 153 152 153 155 150 131 86 54 40 28 19 12 14 12 12 
225 224 226 229 231 230 228 188 148 61 22 25 28 33 39 56 81 113 142 164 145 144 142 138 138 141 139 136 148 138 137 138 137 137 136 136 137 127 116 106 99 100 103 107 88 93 101 102 96 87 82 82 75 89 146 192 216 185 109 67 30 33 47 58 80 77 65 35 33 37 42 46 49 52 57 61 64 68 80 93 113 132 131 131 131 135 136 137 124 89 47 21 32 33 32 28 19 14 12 
235 236 236 237 237 235 245 221 200 115 46 24 26 30 26 31 54 88 128 158 191 193 202 208 213 212 203 199 214 208 206 205 201 199 198 198 195 192 184 173 163 167 176 185 187 187 187 187 182 169 155 156 148 152 178 200 206 179 135 110 58 59 78 75 75 61 77 96 106 108 115 122 128 133 138 145 157 163 163 167 171 177 178 170 152 139 116 106 82 44 23 12 43 44 45 39 26 19 15 
240 241 242 243 245 245 251 235 229 172 94 39 25 23 25 22 36 60 101 130 209 212 227 236 241 240 231 231 233 235 237 236 234 234 234 235 234 234 228 223 220 224 229 231 225 227 228 228 228 223 217 214 212 210 219 229 222 205 191 181 102 77 80 72 68 63 113 162 199 203 214 220 223 228 230 235 235 235 234 234 233 234 236 231 152 129 86 66 53 49 49 44 43 49 53 53 50 43 36 
244 245 248 249 248 251 251 250 248 222 163 97 38 23 25 25 25 46 80 136 208 209 228 242 240 241 250 249 247 244 244 244 245 245 242 243 245 245 243 240 240 242 245 247 247 245 245 244 245 245 244 243 243 242 242 241 237 231 217 235 129 92 75 68 77 136 206 221 245 248 248 248 248 248 250 252 252 252 252 252 252 252 251 250 212 152 100 78 77 90 82 64 61 58 66 75 73 61 47 
248 249 250 250 248 249 250 247 248 249 223 172 68 30 28 25 25 31 47 89 156 173 216 243 248 247 247 247 247 247 248 248 248 247 247 247 245 245 245 243 243 245 245 248 248 248 248 248 249 249 248 248 249 249 247 248 248 248 234 223 149 103 64 58 78 143 233 254 252 252 251 250 249 249 250 251 251 251 252 251 251 251 249 249 226 156 99 79 86 89 77 47 51 44 51 63 63 53 50 
249 249 249 250 250 249 249 249 250 251 244 227 134 71 30 22 31 21 11 33 90 125 186 229 248 248 245 242 244 248 250 250 250 249 248 248 248 249 248 247 247 248 248 249 249 249 249 249 249 249 249 249 249 247 245 252 252 231 206 174 110 73 51 45 97 170 229 242 250 249 251 251 251 251 251 251 251 251 251 251 251 250 250 250 235 157 96 93 121 120 102 67 61 53 57 63 60 50 54 
249 249 249 250 249 249 249 250 250 249 247 244 203 145 79 35 30 24 11 9 42 77 135 177 208 230 236 236 249 241 247 250 250 250 250 250 248 249 249 249 249 249 249 249 250 250 250 250 250 248 247 249 249 248 248 241 226 188 150 115 75 50 39 38 111 182 236 249 251 250 251 251 250 251 251 251 251 251 251 251 251 251 250 250 224 144 87 106 143 143 124 99 88 80 84 85 73 57 57 
249 249 249 249 249 249 249 250 250 249 250 248 242 210 150 75 38 30 23 13 18 40 77 110 145 171 221 247 251 250 251 250 250 250 250 250 248 248 249 249 249 249 249 249 250 250 250 250 250 247 243 249 250 240 228 202 174 137 103 75 44 36 35 35 137 194 235 251 250 250 251 251 251 251 251 251 251 250 250 251 251 251 250 250 227 153 89 109 146 154 148 136 118 114 114 115 102 86 81 
249 249 249 249 249 249 249 250 249 249 250 250 250 238 201 143 89 52 31 17 21 26 39 65 85 104 174 214 223 242 240 241 243 244 247 248 248 249 249 249 250 250 250 250 249 250 250 250 250 247 237 247 251 224 199 158 118 89 56 45 35 33 36 36 139 212 253 253 252 251 251 251 251 251 251 251 251 250 250 251 251 251 250 250 236 172 108 108 133 158 174 165 148 139 136 139 134 122 120 
248 248 248 249 249 249 249 249 249 249 249 250 250 245 242 220 174 114 59 30 30 25 15 28 39 58 93 136 182 208 233 243 241 242 245 248 250 250 250 250 249 249 249 250 250 250 250 251 250 243 234 238 231 188 153 103 63 47 25 29 30 35 40 70 129 196 242 252 250 249 251 251 251 251 251 251 251 251 250 251 251 251 251 251 237 179 122 120 134 158 182 174 166 156 151 153 152 144 142 
248 248 248 249 249 249 249 249 249 249 250 250 251 251 252 252 238 207 153 75 30 18 11 16 21 28 51 77 102 141 165 171 192 209 220 226 233 240 242 245 251 252 251 249 249 250 251 251 251 244 245 221 180 131 80 49 32 24 22 22 25 37 73 130 146 201 238 254 249 249 251 251 251 251 251 251 251 251 251 251 251 251 251 251 236 181 132 130 148 156 167 165 167 161 154 158 154 144 142 
248 248 249 249 249 249 249 249 249 249 249 250 250 251 251 250 245 239 221 153 96 46 37 29 23 26 28 31 36 53 70 99 121 143 160 186 200 226 238 237 238 242 242 242 252 251 237 236 242 231 219 185 109 82 46 31 32 28 29 29 46 68 121 156 178 205 238 248 250 249 250 250 250 250 251 251 251 251 251 251 251 251 251 251 236 182 137 143 156 153 152 151 150 152 156 157 152 143 138 
248 248 249 249 249 249 249 249 249 249 249 249 250 251 251 250 246 238 234 217 155 79 40 31 21 22 18 11 22 28 35 45 50 77 104 136 152 156 167 178 181 198 192 186 185 186 173 175 185 149 106 71 38 30 26 22 22 21 22 38 66 107 162 187 195 215 240 248 250 250 250 250 250 250 250 251 251 251 251 251 251 251 251 251 235 184 143 142 145 142 140 139 139 140 146 151 146 137 134 
248 248 249 249 249 249 249 249 249 249 249 249 249 250 251 250 250 249 252 243 186 108 64 55 46 42 46 53 40 39 39 42 38 47 66 92 105 105 110 119 124 142 137 126 115 114 100 103 114 88 60 35 30 28 20 18 15 16 14 51 136 192 216 209 201 221 242 248 250 250 251 251 250 250 250 250 251 251 252 252 252 252 251 251 236 183 141 131 131 134 132 128 124 121 135 143 137 129 125 
248 248 249 249 249 249 249 249 249 249 249 249 249 250 250 250 251 251 249 231 205 172 150 139 138 138 142 146 121 122 122 117 115 115 121 135 137 137 136 136 132 153 149 140 137 137 130 135 143 136 116 92 104 101 90 80 70 65 65 106 185 227 233 210 206 225 243 248 249 249 251 251 250 250 250 250 251 251 252 252 252 252 251 251 227 171 131 123 125 131 131 120 114 110 128 137 133 126 123 
248 248 249 249 249 249 249 249 249 249 249 249 250 250 250 250 251 251 247 236 235 236 232 223 228 231 231 230 216 217 219 213 209 209 212 215 215 214 214 213 208 220 217 214 215 214 206 207 213 215 208 192 203 199 189 184 182 177 182 203 222 243 231 210 207 224 244 249 250 249 251 251 250 250 250 250 250 250 251 251 251 251 250 250 220 161 127 122 127 132 132 119 111 108 127 137 138 135 131 
248 248 249 249 249 249 249 249 249 249 249 249 249 250 250 250 250 250 250 251 251 249 250 249 248 249 249 249 249 250 250 251 250 250 250 249 248 248 248 248 249 247 248 249 252 249 237 236 242 248 250 250 248 248 247 247 249 249 251 251 234 248 232 208 206 223 243 250 251 249 251 251 250 250 250 250 250 250 251 251 251 251 250 250 220 165 132 130 132 134 132 123 118 119 132 141 144 145 145 
249 249 249 249 249 249 249 249 249 249 249 249 249 250 250 250 250 251 251 249 249 249 249 249 249 248 248 248 250 250 249 248 248 248 248 248 249 249 249 249 248 248 250 250 252 251 244 244 250 252 251 251 251 251 251 251 251 251 250 249 247 248 233 203 206 221 243 249 250 249 250 250 250 250 250 250 250 250 251 251 251 251 250 250 222 170 139 139 139 136 135 134 135 138 145 150 150 147 149 
249 249 249 249 249 249 249 249 249 249 249 249 250 250 250 250 250 250 250 250 250 250 249 249 249 249 249 249 250 250 249 249 249 249 248 248 249 249 249 249 248 249 250 251 251 250 244 245 249 251 251 250 249 249 249 249 249 249 248 248 247 242 226 199 202 220 242 249 249 250 250 250 250 250 250 250 250 250 251 251 252 251 250 250 223 171 137 138 144 137 142 150 153 152 153 153 152 147 145 
