18 18 16 16 16 16 16 16 16 16 16 16 16 16 16 16 16 16 16 15 15 15 14 16 20 22 26 33 39 45 49 56 61 65 67 70 72 71 71 70 68 67 64 60 58 59 58 58 60 60 59 59 57 56 56 56 57 58 59 58 58 57 54 54 54 54 54 55 54 54 53 53 53 53 53 53 53 53 53 53 53 53 53 53 53 53 53 53 53 53 53 53 53 52 52 52 52 52 53 53 53 53 53 53 53 54 53 53 53 53 54 54 54 54 54 54 52 44 36 31 
18 18 16 16 16 16 16 16 16 16 16 16 16 16 16 16 16 16 16 14 15 14 15 16 18 18 18 22 28 35 42 46 52 57 61 68 71 69 70 71 74 73 71 61 59 56 53 63 72 68 65 63 59 52 54 58 58 59 59 59 58 55 55 54 55 57 57 57 56 54 54 53 53 53 53 53 53 53 53 53 53 53 53 53 53 53 53 53 53 53 53 53 53 53 53 53 53 53 53 53 53 53 53 53 53 54 53 53 52 53 53 54 54 54 54 53 46 30 17 11 
18 18 16 16 16 16 16 16 16 16 16 16 16 16 17 17 18 18 16 17 14 15 16 15 15 15 15 18 23 26 31 37 44 50 52 60 64 66 68 72 79 79 81 67 66 65 67 89 116 122 119 109 87 64 59 61 62 64 63 60 58 57 57 57 57 55 55 57 56 56 57 57 56 54 54 53 53 53 53 53 53 53 53 53 53 53 53 53 53 53 53 53 53 53 53 53 53 53 53 53 53 53 53 53 53 54 53 53 52 53 53 56 56 56 54 51 39 21 8 3 
18 18 16 16 16 16 16 16 16 16 16 16 16 16 17 17 18 18 18 17 16 15 16 16 15 15 15 16 18 19 22 26 35 40 45 51 57 63 67 71 79 85 88 87 94 118 138 159 180 188 186 176 162 142 128 122 124 128 127 125 120 115 113 111 98 83 74 66 60 57 58 57 56 57 54 53 52 53 54 54 54 52 52 53 53 53 53 53 53 53 53 53 53 53 53 53 53 53 53 53 53 53 53 53 53 54 53 53 52 53 53 54 56 56 56 49 32 15 5 3 
18 18 16 16 16 16 16 16 16 16 16 16 16 16 16 16 18 18 18 18 17 17 16 16 17 18 16 15 15 16 17 19 24 33 39 44 51 59 61 71 79 85 96 108 131 171 186 184 170 156 165 184 205 215 216 213 212 214 212 198 191 180 172 175 173 159 142 121 104 86 73 64 59 57 56 54 52 53 54 54 53 53 53 53 53 53 53 53 53 52 53 53 53 53 53 53 53 53 53 53 53 53 53 53 53 54 53 53 52 53 53 53 53 54 53 46 30 12 4 3 
18 18 16 16 16 16 16 16 16 16 16 16 16 16 17 17 19 19 18 18 17 18 22 15 19 19 17 16 15 15 16 17 22 28 32 37 45 54 58 67 79 88 101 105 117 136 127 101 73 58 72 93 134 175 192 196 184 172 165 156 137 129 120 117 142 160 167 166 157 139 111 83 71 61 58 57 54 54 54 54 53 53 53 53 53 53 53 53 53 53 53 53 53 53 53 53 53 53 53 53 53 53 53 53 53 54 53 53 52 53 53 53 53 54 53 45 31 12 4 3 
18 18 16 16 16 16 16 16 16 16 16 16 16 16 17 17 19 19 18 19 18 19 23 17 20 20 17 17 16 15 15 16 19 22 24 29 37 47 53 61 75 86 103 74 48 43 33 16 6 8 9 13 37 66 73 73 68 58 50 43 31 28 29 28 45 67 94 123 139 145 132 108 90 73 51 57 58 57 56 54 53 53 53 53 53 53 53 53 53 53 53 53 53 53 53 53 53 53 53 53 53 53 53 53 53 54 53 53 53 53 53 54 54 54 54 47 30 12 3 2 
18 18 16 16 16 16 16 16 16 16 16 16 16 16 17 17 18 18 18 20 19 19 20 20 20 19 17 18 18 15 14 16 17 18 20 20 27 40 47 54 68 77 79 34 9 1 1 2 3 4 4 4 4 7 3 0 1 3 2 1 1 1 1 0 2 3 16 38 57 74 90 102 101 89 87 71 60 61 57 54 53 52 52 53 53 53 54 54 54 54 54 53 53 53 53 53 53 53 53 53 53 53 53 53 53 54 53 54 54 54 54 54 54 54 54 47 30 12 3 2 
17 17 16 16 16 16 16 16 16 15 16 16 16 16 16 16 16 17 17 18 18 17 18 19 19 18 17 17 17 16 15 16 16 17 18 15 25 35 43 52 59 47 4 2 2 3 3 1 2 1 1 1 2 2 2 2 2 2 2 3 4 7 5 3 3 5 3 2 1 4 16 31 42 63 88 104 92 64 58 54 53 53 53 52 52 53 53 54 54 54 53 53 53 53 53 53 53 53 53 53 53 53 53 53 53 54 53 53 53 54 54 56 56 53 55 46 30 12 2 2 
17 17 16 16 16 16 16 16 16 15 15 15 15 15 16 16 16 16 17 18 18 17 18 18 18 18 16 17 17 17 15 16 17 17 16 12 19 25 33 43 40 18 2 2 2 3 1 1 1 1 1 1 1 1 2 1 1 2 1 1 2 2 1 1 1 2 2 2 1 1 5 8 10 24 46 72 77 67 60 54 53 53 53 53 52 52 53 54 54 54 54 53 53 53 53 53 52 52 52 52 52 52 53 53 53 53 53 53 53 54 54 54 54 54 55 47 30 12 2 2 
17 17 16 16 16 16 16 16 16 16 15 15 15 15 16 16 16 16 16 17 17 17 17 18 17 17 16 16 17 19 16 16 17 17 14 14 18 22 26 36 32 11 4 3 2 2 0 1 1 1 0 0 0 0 1 1 1 1 1 1 1 1 1 0 1 1 1 1 0 1 2 3 1 2 14 37 57 63 59 55 54 54 54 53 52 52 53 54 54 54 54 54 54 54 54 53 52 52 52 52 52 52 53 53 53 53 53 53 53 54 54 54 54 54 55 47 29 12 3 2 
17 17 16 16 16 16 16 16 16 16 15 15 15 16 16 16 16 17 16 17 17 17 17 17 17 17 17 17 22 20 15 16 16 16 16 18 23 25 26 32 34 19 2 3 1 2 0 1 1 1 0 0 0 0 1 1 1 1 0 0 0 0 0 0 0 0 1 1 0 0 0 0 0 3 8 18 44 60 55 54 54 54 54 53 52 53 53 53 53 54 54 54 54 54 54 52 52 52 52 52 52 52 53 52 52 53 52 53 53 53 53 54 54 54 54 44 25 10 3 2 
18 18 17 17 17 17 16 16 16 16 16 16 16 16 16 16 16 17 16 17 17 17 18 18 18 19 17 18 24 19 15 16 16 16 17 19 23 30 31 34 40 33 6 4 1 1 0 0 0 0 0 0 0 0 0 0 0 0 0 0 0 0 0 0 1 1 0 0 0 0 0 0 1 5 7 17 50 71 63 54 52 51 50 51 52 53 53 53 53 53 54 54 54 54 54 52 52 52 52 52 52 52 53 53 53 53 53 53 54 53 54 53 54 56 53 43 25 11 4 2 
18 18 17 17 17 17 16 16 16 16 16 16 16 16 16 16 16 16 16 17 17 17 18 18 18 19 18 19 23 17 15 17 15 17 17 17 21 25 26 32 44 45 33 5 2 1 0 0 0 0 0 0 0 0 0 0 0 0 0 0 0 0 0 0 1 1 0 0 0 0 0 0 1 4 5 17 57 79 70 60 53 50 50 50 51 53 53 53 53 53 54 54 54 53 53 52 53 54 52 53 53 52 53 52 53 53 54 54 54 54 54 54 54 56 53 43 25 12 4 2 
18 18 17 17 17 17 16 16 16 16 16 16 16 16 16 16 16 16 16 17 16 17 19 19 19 19 17 18 19 17 15 17 18 19 18 17 18 22 22 29 43 46 36 4 1 2 0 0 0 0 0 0 0 0 0 0 0 0 0 0 0 0 0 0 1 1 1 1 1 2 1 0 1 2 3 9 50 73 65 59 56 53 52 53 53 53 53 53 53 53 54 54 54 53 53 53 53 54 52 54 56 54 54 53 53 54 54 54 54 54 54 54 53 56 53 43 25 12 4 2 
18 18 17 17 17 17 16 16 16 16 16 16 16 16 16 16 16 17 16 16 16 17 18 18 18 19 17 17 18 18 15 17 19 20 17 17 18 20 23 26 31 26 11 4 0 1 0 0 0 0 0 0 0 0 0 0 0 0 0 0 0 0 0 0 0 1 2 1 2 4 2 1 1 1 3 12 47 60 57 58 58 57 56 54 54 53 54 54 53 53 53 53 54 54 54 54 53 53 54 54 54 54 54 54 54 54 54 54 54 53 54 54 53 56 54 43 25 11 3 2 
17 17 17 17 17 17 16 16 16 16 16 16 16 16 16 16 16 16 15 16 15 16 16 16 16 16 17 17 17 18 14 6 10 19 18 18 16 15 14 12 9 4 3 3 0 0 0 0 0 0 0 0 0 0 0 0 0 0 0 0 0 0 0 0 1 1 1 1 1 2 1 0 0 0 4 31 47 53 56 57 58 58 57 56 54 56 54 54 53 53 53 53 54 56 54 54 54 54 53 54 53 53 54 54 54 56 54 54 54 53 53 53 53 56 57 44 25 11 3 2 
17 17 17 17 17 17 16 16 16 16 16 16 16 16 16 16 16 16 16 15 15 16 16 16 16 17 19 17 17 17 12 15 18 22 22 19 16 14 7 4 4 4 3 2 0 0 0 0 0 0 0 0 0 0 0 0 0 0 0 0 0 0 0 0 0 1 1 1 0 0 0 0 4 10 25 49 52 52 53 56 56 56 56 56 54 57 54 54 53 53 53 54 56 57 57 56 56 56 52 52 53 52 52 53 54 56 56 54 53 54 54 53 53 56 57 44 24 10 3 2 
17 17 17 17 17 17 16 16 16 16 16 16 16 16 16 16 16 16 16 15 15 16 15 15 16 16 23 16 16 14 11 24 30 26 25 25 23 14 5 3 2 2 2 2 0 0 0 0 0 0 0 0 0 0 0 0 0 0 0 0 0 0 0 1 0 0 0 11 18 19 16 11 22 36 50 57 56 53 52 54 54 54 56 56 56 57 57 54 53 52 53 54 57 57 60 59 58 57 53 51 50 50 51 53 54 57 57 56 54 56 56 56 54 54 57 45 25 10 2 2 
17 17 17 17 17 17 16 16 16 16 16 16 16 16 16 16 16 16 16 15 15 16 15 15 17 18 22 22 23 15 12 26 40 36 27 27 23 12 5 3 2 2 2 1 0 0 0 0 0 0 0 0 0 0 0 0 0 0 0 0 0 0 0 1 0 0 11 45 59 64 58 46 45 56 60 58 56 53 53 52 53 54 54 54 56 57 57 57 54 53 52 54 57 58 61 60 60 57 53 51 49 49 51 52 53 56 56 56 56 54 56 54 54 54 58 46 26 10 2 2 
19 19 17 17 17 17 17 17 17 17 17 17 17 17 17 17 17 17 16 16 16 16 15 15 17 18 19 26 26 24 27 39 46 43 28 24 24 12 5 5 2 2 1 0 0 0 0 0 0 0 0 0 0 0 0 0 0 0 0 0 0 0 0 1 0 0 18 55 82 97 97 82 71 67 65 61 57 56 54 54 53 53 54 54 56 57 57 57 56 53 51 52 53 57 60 58 59 59 56 52 50 49 51 53 54 57 56 57 57 56 53 53 52 54 59 45 25 11 2 2 
19 19 17 17 17 17 17 17 17 17 17 17 17 17 17 17 17 17 16 16 16 16 15 15 17 18 17 32 29 39 59 60 59 54 30 29 24 10 5 5 2 2 1 0 0 0 0 0 0 0 0 0 0 0 0 0 0 0 0 0 0 0 0 0 0 2 17 41 81 126 139 121 92 77 65 59 58 58 58 54 53 53 53 53 54 57 57 57 56 54 53 52 53 53 58 57 59 59 57 52 50 47 50 52 54 57 58 58 58 56 54 53 51 53 60 47 25 10 3 2 
19 19 17 17 17 17 17 17 17 17 17 17 17 17 17 17 17 17 15 15 16 16 15 15 16 18 18 34 31 66 110 102 80 60 37 44 31 15 8 7 2 2 1 1 0 0 0 0 0 0 0 0 0 0 0 0 0 0 0 0 0 0 0 0 0 0 10 31 81 149 177 151 108 90 78 63 60 60 59 54 51 51 51 52 53 54 57 57 56 54 52 51 50 51 54 54 58 58 57 54 50 49 50 51 52 54 56 56 57 56 56 54 53 53 59 46 24 8 2 2 
19 19 17 17 17 17 17 17 17 17 17 17 17 17 18 17 17 16 14 14 16 16 15 15 17 18 20 19 64 109 121 123 100 67 46 39 39 30 7 6 2 3 1 1 0 0 0 0 0 0 0 0 0 0 0 0 0 0 0 0 0 0 1 1 0 0 0 16 71 145 178 155 132 122 104 78 65 61 60 56 50 49 49 50 52 53 57 57 56 54 52 50 47 49 51 53 58 58 58 57 54 53 50 50 52 52 53 54 56 57 57 57 54 53 57 45 23 8 2 2 
17 17 17 17 17 17 17 17 16 16 17 17 17 17 17 18 17 16 13 15 12 13 17 18 20 20 17 10 35 72 98 101 88 85 49 42 43 24 8 7 4 4 1 1 1 0 0 0 0 0 0 0 0 0 0 0 0 0 0 0 0 0 0 1 0 0 0 2 28 84 114 121 144 148 125 101 74 64 61 56 50 49 50 50 51 52 56 57 56 56 52 49 47 46 47 51 56 57 58 57 57 54 50 49 50 51 52 53 54 57 57 56 56 54 53 42 22 6 2 2 
17 17 17 17 17 17 17 17 16 16 17 17 17 17 18 18 18 17 16 16 17 20 23 24 27 26 27 31 42 56 66 71 70 72 67 60 57 39 22 10 4 4 1 1 1 0 0 0 0 0 0 0 0 0 0 0 0 0 0 0 0 0 0 0 0 0 1 2 12 44 79 107 129 143 134 102 85 66 60 54 50 49 49 50 49 50 53 56 56 54 52 50 46 45 46 49 52 54 56 57 56 54 51 49 49 49 50 51 52 54 56 56 56 54 50 39 18 6 2 1 
17 17 17 17 17 17 17 17 17 17 18 17 16 16 17 17 19 19 20 22 23 26 30 30 30 28 22 24 36 39 39 38 42 45 47 49 56 56 42 24 6 4 2 2 1 0 1 1 0 0 0 0 0 0 0 0 0 0 0 0 0 0 0 0 0 0 2 2 2 16 44 75 100 107 114 96 86 70 59 53 50 47 47 47 49 50 50 53 54 54 53 50 46 44 44 46 50 52 54 58 56 54 52 49 47 46 46 47 50 53 56 56 57 56 47 35 15 4 1 1 
17 17 17 17 17 17 17 17 17 17 18 17 16 16 17 17 19 20 20 22 23 27 36 34 35 37 37 33 41 52 45 25 24 28 37 44 59 64 59 49 19 4 3 2 1 0 1 1 0 0 0 0 0 0 0 0 0 0 0 0 0 0 0 0 0 0 1 2 0 2 18 36 52 64 80 80 81 72 63 58 53 51 51 50 50 50 47 50 51 53 52 49 45 43 43 44 47 50 52 56 54 53 50 47 46 45 44 46 47 51 54 54 53 54 46 32 12 4 1 1 
17 17 17 17 17 17 17 17 16 16 17 17 16 16 17 17 18 18 18 19 22 27 37 38 36 36 51 62 73 84 46 23 33 46 49 70 86 89 81 68 35 10 4 2 1 1 1 1 0 0 0 0 0 0 0 0 0 0 0 0 0 0 0 0 0 0 1 1 0 1 2 3 15 29 50 57 76 76 69 67 63 59 57 55 52 50 45 45 49 52 52 49 45 42 42 42 45 49 51 52 52 52 49 46 44 43 42 44 45 51 52 53 53 53 46 31 12 3 1 1 
17 17 17 17 17 17 17 17 16 16 17 17 16 16 16 16 17 17 17 17 18 24 37 41 39 42 47 58 85 92 60 59 88 116 92 124 132 129 104 71 29 7 3 1 1 1 1 1 0 0 0 0 0 0 0 0 0 0 0 0 0 0 0 0 0 0 0 0 0 0 0 0 9 14 27 38 61 67 65 68 68 61 57 52 52 50 44 44 47 51 51 47 45 42 42 42 44 47 49 50 51 51 49 45 43 42 42 44 46 51 52 52 53 53 45 31 15 4 1 1 
17 17 17 17 17 17 17 17 17 17 16 15 15 15 16 16 15 14 15 15 16 26 40 58 60 51 85 74 81 82 85 108 143 166 147 144 127 110 87 54 14 3 2 2 2 1 1 1 0 0 0 0 0 0 0 0 0 0 0 0 0 0 0 0 0 0 0 0 0 0 0 0 4 12 18 26 37 46 56 63 71 62 51 46 50 50 45 45 46 49 50 47 45 42 42 42 43 46 47 50 51 51 50 46 44 43 42 44 45 50 52 52 53 53 45 30 13 4 1 1 
17 17 17 17 17 17 17 17 17 17 16 15 15 15 16 16 15 14 13 11 13 36 52 73 81 64 106 102 86 81 106 129 156 171 143 105 82 57 38 23 4 3 2 2 2 1 1 1 0 0 0 0 0 0 0 0 0 0 0 0 0 0 0 0 0 0 0 0 0 0 1 2 5 8 10 12 15 26 37 50 62 62 58 58 54 50 47 45 46 50 50 47 45 43 42 42 43 43 46 50 51 52 50 46 45 44 43 44 45 49 52 52 53 52 45 29 13 4 1 1 
18 18 18 18 18 18 18 18 18 18 16 16 15 16 17 17 15 15 12 11 13 24 35 58 71 75 89 96 95 109 122 125 142 135 103 73 53 30 10 5 3 2 1 1 1 1 1 1 0 0 0 0 0 0 0 0 0 0 0 0 0 0 0 0 0 0 0 0 0 0 0 0 1 2 3 2 2 10 29 38 49 66 73 73 60 51 49 45 46 50 51 49 46 43 42 40 43 43 46 51 52 52 51 47 45 43 43 44 45 49 51 51 52 52 44 29 12 3 1 1 
18 18 18 18 18 18 18 18 18 18 16 16 16 18 18 17 16 17 16 16 17 16 18 39 58 66 91 103 106 121 125 121 116 109 80 51 25 10 4 4 2 2 1 1 1 1 1 1 0 0 0 0 0 0 0 0 0 0 0 0 0 0 0 0 0 0 0 0 0 0 0 0 0 1 2 2 2 1 18 34 50 72 80 82 67 54 49 46 46 49 50 47 46 43 42 40 43 43 46 50 52 52 50 47 45 43 43 44 45 47 51 51 53 51 44 28 11 3 1 1 
18 18 18 18 18 18 18 18 18 18 16 16 16 18 18 17 17 18 20 22 19 17 26 39 59 85 115 146 136 138 130 122 110 95 66 46 14 5 1 1 1 1 1 1 1 1 1 1 0 0 0 0 0 0 0 0 0 0 0 0 0 0 0 0 0 0 0 0 0 0 0 0 0 1 1 1 2 2 3 24 54 74 82 89 77 60 51 46 49 51 51 49 47 44 42 40 43 43 46 50 52 53 50 47 45 44 43 44 45 47 51 51 53 51 44 26 9 3 1 1 
18 18 18 18 18 18 18 18 18 18 16 16 16 16 17 17 17 17 19 22 25 32 52 71 95 136 159 179 152 137 118 114 100 81 52 37 12 4 0 1 1 1 1 1 1 1 1 1 0 0 0 0 0 0 0 0 0 0 0 0 0 0 0 0 0 0 0 0 0 0 0 0 0 1 1 1 2 2 2 16 43 66 79 87 80 67 53 46 49 51 51 50 47 44 42 42 43 44 47 51 53 53 51 49 46 44 43 45 46 49 51 51 52 51 45 28 10 3 1 1 
18 18 18 18 18 18 18 18 18 18 16 16 16 16 16 16 16 15 15 18 28 45 71 110 158 194 193 173 159 130 102 100 92 80 49 25 10 2 0 0 1 0 1 1 1 1 1 1 0 0 0 0 0 0 0 0 0 0 0 0 0 0 0 0 0 0 0 0 0 0 0 0 0 1 0 0 0 0 2 15 37 57 77 90 88 77 59 50 51 51 51 50 49 44 42 42 44 44 47 51 53 53 52 49 46 44 44 45 46 49 50 52 55 53 46 29 9 3 1 1 
18 18 18 18 18 18 18 18 18 18 16 16 16 16 16 15 16 18 14 19 30 49 86 132 185 212 203 178 165 131 104 97 82 67 35 16 7 1 0 0 1 0 1 1 1 1 1 1 0 0 0 0 0 0 0 0 0 0 0 0 0 0 0 0 0 0 0 0 0 0 0 0 0 0 1 0 0 0 2 12 37 65 86 101 104 93 68 52 51 51 51 50 49 45 43 42 44 44 47 51 53 54 52 49 46 45 44 45 46 49 50 52 54 53 45 27 8 3 1 1 
18 18 18 18 18 18 18 18 18 18 16 16 16 17 17 16 18 19 19 22 29 42 78 114 149 182 201 195 157 123 107 87 66 56 30 18 3 2 1 1 1 1 1 1 1 1 1 1 0 0 0 0 0 0 0 0 0 0 0 0 0 0 0 0 0 0 0 0 0 0 0 0 0 0 0 0 0 0 1 8 39 74 93 109 121 104 74 56 51 51 50 49 49 46 44 42 43 44 47 52 55 55 53 51 47 45 44 44 46 47 49 51 54 53 46 30 10 3 1 1 
18 18 18 18 18 18 18 18 18 18 16 17 17 17 17 17 18 22 19 22 22 32 48 74 110 143 182 145 118 99 84 60 53 52 32 17 4 2 1 1 0 1 1 1 1 1 1 1 0 0 0 0 0 0 0 0 0 0 0 0 0 0 0 0 0 0 0 0 0 0 0 0 0 0 0 0 0 1 1 1 29 67 82 101 123 110 77 57 52 52 49 49 49 47 44 43 43 45 46 50 54 55 53 51 47 45 44 44 46 47 49 51 54 53 47 31 11 3 1 2 
17 17 17 17 17 17 16 16 16 16 16 16 16 16 16 16 17 17 20 23 26 26 28 39 64 89 103 55 62 58 54 52 43 25 18 18 7 2 1 2 1 1 1 1 0 0 0 0 0 0 0 0 0 0 0 0 0 0 0 0 0 0 0 0 0 0 0 0 0 0 0 0 0 0 0 0 0 1 1 5 30 57 72 97 115 94 65 53 51 51 50 49 49 47 45 43 44 46 49 52 54 54 54 52 49 46 44 44 45 47 47 50 52 52 47 31 12 4 1 1 
17 17 17 17 17 17 16 16 16 16 16 16 16 16 16 16 17 17 18 18 19 20 23 23 32 46 45 38 40 34 29 35 30 25 15 15 7 2 2 2 1 1 1 1 0 0 0 0 0 0 0 0 0 0 0 0 0 0 0 0 0 0 0 0 0 0 0 0 0 0 0 0 0 0 0 0 0 1 1 3 16 39 64 88 94 74 54 47 48 50 50 50 47 47 45 43 44 45 47 50 54 54 54 52 49 45 43 43 45 46 49 50 52 53 46 32 12 4 1 1 
17 17 17 17 17 17 16 16 16 16 16 16 16 16 16 16 16 16 16 17 18 18 20 23 20 15 17 26 32 26 19 26 31 27 16 14 5 2 1 1 1 1 0 0 0 0 0 0 0 0 0 0 0 0 0 0 0 0 0 0 0 0 0 0 0 0 0 0 0 0 0 0 0 0 0 0 0 2 3 2 8 28 56 72 70 54 46 44 44 46 49 49 49 49 46 44 44 45 47 50 54 54 54 52 49 45 43 43 44 46 49 50 52 54 46 32 13 4 2 2 
17 17 17 17 17 17 16 16 16 16 16 16 16 16 16 16 16 16 16 17 18 18 18 24 24 12 18 27 25 23 21 29 34 30 21 15 5 2 1 1 1 1 0 0 0 0 0 0 0 0 0 0 0 0 0 0 0 0 0 0 0 0 0 0 0 0 0 0 0 0 0 0 0 0 0 0 0 2 2 2 4 25 50 63 63 54 45 43 44 46 49 49 50 50 46 44 43 45 47 50 54 57 54 53 49 45 43 44 43 45 47 50 52 54 46 32 13 4 2 2 
17 17 17 17 17 17 16 16 16 16 16 16 16 16 16 16 16 16 16 17 18 18 17 19 21 21 24 24 22 22 21 26 33 33 25 15 8 2 1 0 1 1 0 0 0 0 0 0 0 0 0 0 0 0 0 0 0 0 0 0 0 0 0 0 0 0 0 0 0 0 0 0 0 0 0 0 1 1 2 2 5 26 50 63 63 57 50 45 46 48 50 50 51 48 45 43 45 45 46 49 53 53 53 52 50 47 45 44 44 46 47 47 50 53 46 32 13 4 2 2 
17 17 17 17 17 17 16 16 16 16 16 16 16 16 16 16 16 16 16 17 18 18 17 16 18 19 19 19 18 18 18 24 32 36 29 17 8 3 2 0 1 1 0 0 0 0 0 0 0 0 0 0 0 0 0 0 0 0 0 0 0 0 0 0 0 0 0 0 0 0 0 0 0 0 0 0 1 1 1 1 5 24 52 66 63 58 53 47 46 50 49 49 50 48 45 44 45 44 45 47 51 53 53 53 51 47 45 43 44 45 45 46 49 50 45 32 13 4 2 2 
17 17 17 17 17 17 16 16 16 16 16 16 16 16 16 16 16 16 16 17 17 16 17 17 17 17 18 19 17 16 17 24 30 35 33 19 8 3 2 1 0 0 0 0 0 0 0 0 0 0 0 0 0 0 0 0 0 0 0 0 0 0 0 0 0 0 0 0 0 0 0 0 0 0 0 0 0 1 1 1 9 26 54 75 73 65 57 47 47 52 51 50 50 49 46 44 45 44 45 47 49 52 56 53 51 47 45 43 44 45 45 46 49 51 45 33 15 4 2 2 
17 17 17 17 17 17 16 16 16 16 16 16 16 16 16 16 16 16 16 16 16 16 17 17 16 17 18 17 16 16 16 22 26 31 31 16 5 3 2 0 0 0 0 0 0 0 0 0 0 0 0 0 0 0 0 0 0 0 0 0 0 0 0 0 0 0 0 0 0 0 0 0 0 0 0 0 1 2 0 1 17 50 74 82 78 67 57 47 48 52 51 50 50 49 46 44 45 44 45 47 49 53 54 54 52 47 45 43 43 45 45 46 50 52 46 33 15 4 2 2 
17 17 17 17 17 17 16 16 16 16 16 16 16 16 16 16 16 16 16 16 16 16 16 17 18 18 18 17 15 16 12 17 23 26 22 15 5 3 2 0 0 0 1 1 1 1 0 0 0 0 1 1 0 0 0 0 0 0 0 0 0 0 0 0 0 0 0 0 0 0 0 0 0 0 0 0 0 1 1 1 25 85 107 84 72 65 53 46 47 51 51 51 51 50 47 45 46 46 45 46 49 53 56 56 51 49 46 44 44 45 45 47 50 52 46 35 16 5 2 2 
17 17 17 17 17 17 16 16 16 16 16 16 16 16 16 16 16 16 16 16 16 16 16 17 18 18 17 16 15 13 11 14 18 22 18 15 8 3 2 0 0 0 1 1 1 1 0 0 0 0 1 1 0 0 0 0 0 0 0 0 0 0 0 0 0 0 0 0 0 0 0 0 0 0 0 0 0 0 2 3 33 103 123 82 65 60 50 44 46 48 50 50 51 50 47 45 46 46 45 47 49 53 57 57 52 49 46 44 44 45 45 46 49 51 46 35 16 5 2 2 
17 17 17 17 17 17 16 16 16 16 16 16 16 16 16 16 16 16 16 16 16 16 16 17 17 17 18 16 16 15 15 17 21 24 21 18 9 2 1 1 0 0 1 1 1 1 0 0 0 0 1 1 0 0 0 0 0 0 0 0 0 0 0 0 0 0 0 0 0 0 0 0 1 0 0 0 1 1 2 10 44 104 116 72 57 55 47 44 45 47 49 50 53 52 49 46 47 46 43 44 49 53 57 57 52 49 46 45 45 46 46 46 49 51 46 35 16 4 2 2 
17 17 17 17 17 17 16 16 16 16 16 16 16 16 16 16 16 16 16 16 16 16 16 17 17 17 18 20 22 24 25 26 33 32 28 21 10 2 1 1 0 0 1 1 1 1 0 0 0 0 1 1 0 0 0 0 0 0 0 0 0 0 0 0 0 0 0 0 0 0 0 0 1 1 0 1 1 3 7 17 60 106 97 64 55 51 46 44 44 46 49 50 53 52 49 46 47 46 43 45 47 52 57 56 52 49 46 45 44 45 46 46 49 52 47 35 16 4 2 2 
17 17 17 17 17 17 16 16 16 16 16 16 16 16 16 16 16 16 16 16 16 16 16 16 18 18 17 25 31 43 45 44 44 45 46 31 15 2 1 1 0 0 1 1 1 1 0 0 0 0 1 1 0 0 0 0 0 0 0 0 0 0 0 0 0 0 0 0 0 0 0 0 1 2 1 1 2 8 15 29 77 107 85 61 54 47 46 44 43 45 46 47 51 53 49 46 45 45 44 46 47 51 54 56 51 47 47 46 44 43 44 46 50 51 47 35 16 5 2 2 
17 17 17 17 17 17 16 16 16 16 16 16 16 16 16 16 16 16 16 16 16 17 17 16 17 17 17 20 30 48 53 50 45 50 63 51 25 4 1 2 1 0 1 1 1 1 0 0 0 0 1 1 0 0 0 0 0 0 0 0 0 0 0 0 0 0 0 0 1 0 2 2 2 3 2 2 4 15 23 44 82 101 81 58 53 49 46 44 45 46 47 50 53 53 51 47 46 45 45 45 46 50 53 53 52 50 47 45 44 43 43 45 48 51 46 35 16 4 2 1 
17 17 17 17 17 17 16 16 16 16 16 16 16 16 16 16 16 16 16 16 16 17 17 17 17 17 18 11 20 36 33 31 31 30 44 56 36 11 2 1 2 0 1 1 1 1 0 0 0 0 0 0 0 0 0 0 1 1 0 0 0 0 0 0 0 0 0 1 1 2 1 1 2 3 4 4 9 17 23 45 72 84 75 57 52 49 46 44 46 48 49 50 53 53 51 47 46 45 42 43 45 49 53 53 53 51 47 45 44 42 43 45 47 50 47 36 15 4 2 1 
17 17 17 17 17 17 16 16 16 16 16 17 17 17 17 16 16 16 16 17 17 17 17 17 17 18 18 12 16 19 22 36 40 32 37 61 45 15 2 1 1 1 1 1 1 1 0 0 0 0 0 0 0 0 0 0 1 1 0 0 0 0 0 0 0 0 1 1 1 3 1 2 4 7 7 7 11 21 24 38 65 67 59 54 51 49 46 45 47 50 49 50 53 53 51 47 46 44 42 43 45 49 52 52 53 51 47 46 44 42 44 45 47 50 47 36 15 5 2 1 
17 17 17 17 17 17 16 17 17 17 17 17 17 17 17 17 17 17 17 17 17 17 17 17 17 17 17 18 19 16 24 53 81 86 89 96 60 19 4 3 1 1 0 0 0 0 0 0 0 0 0 0 0 0 0 0 1 1 1 1 0 0 0 0 0 0 1 1 2 2 4 5 9 10 9 9 14 22 25 43 68 63 59 53 52 50 46 45 46 49 50 51 52 52 50 46 45 42 42 43 45 50 52 52 50 49 47 45 44 42 44 45 47 50 47 36 15 5 1 1 
17 17 17 17 17 17 16 17 17 17 17 17 17 17 17 17 17 17 17 17 17 17 17 17 17 17 18 21 19 14 22 57 98 110 109 105 67 22 4 2 1 1 0 0 0 0 0 0 0 0 0 0 0 0 0 0 1 1 1 1 1 1 0 0 0 0 1 3 4 5 10 12 17 15 14 12 17 24 28 50 72 64 54 52 51 48 45 44 46 47 49 51 52 52 50 49 45 43 40 43 45 49 52 52 50 47 46 45 43 42 43 44 47 50 46 33 14 5 1 1 
17 17 17 17 17 17 16 16 16 16 17 17 17 17 17 17 17 17 17 17 17 17 17 17 17 17 17 21 18 12 19 48 82 92 87 78 61 30 10 7 4 3 1 0 0 0 0 0 0 0 0 0 0 0 0 0 0 0 0 1 1 1 0 0 1 2 2 5 8 12 15 17 21 18 17 17 21 23 30 60 103 103 47 50 49 47 44 44 46 47 50 52 54 53 53 52 46 44 42 44 46 49 52 53 51 48 46 45 43 42 43 44 47 50 46 32 14 5 1 1 
17 17 17 17 17 17 16 16 16 16 17 17 17 17 17 17 17 17 17 17 17 17 17 17 17 17 17 18 18 17 22 34 56 66 61 57 53 38 20 10 5 4 1 1 1 1 0 0 0 0 0 0 0 0 0 0 0 1 1 1 1 1 0 1 1 2 4 8 12 17 19 22 22 21 18 19 21 23 33 77 124 114 47 47 47 47 44 43 45 47 50 52 54 53 53 52 48 46 43 44 46 49 51 53 51 48 46 45 43 40 42 42 46 50 46 32 14 5 1 1 
17 17 17 17 17 17 16 16 16 16 17 17 17 17 17 17 17 17 17 17 17 17 17 17 18 18 17 17 19 19 23 31 44 53 57 63 56 38 25 15 11 9 3 3 1 1 0 0 0 0 0 0 0 0 0 1 1 1 1 2 1 1 0 1 2 4 7 11 17 22 24 24 22 19 17 16 18 22 40 86 121 101 60 48 46 47 45 44 45 46 49 50 51 51 51 51 47 45 44 44 46 48 52 53 52 50 47 46 43 40 42 42 46 51 46 31 14 5 1 1 
17 17 17 17 17 17 16 16 16 16 17 17 17 17 17 17 17 17 17 17 17 17 17 17 18 18 17 17 19 17 18 30 37 46 56 60 59 42 28 18 13 10 3 3 1 1 1 1 0 0 0 0 0 0 0 1 1 1 1 2 1 1 1 2 3 6 9 16 21 24 24 24 22 21 18 19 22 24 43 82 114 93 54 48 47 49 45 44 46 49 49 50 51 51 51 51 47 45 44 44 46 48 51 55 54 53 50 47 42 40 39 40 46 50 46 31 14 5 1 1 
17 17 17 17 17 17 16 16 16 16 17 17 17 17 17 17 17 17 17 17 17 17 17 17 17 17 18 19 20 18 17 26 34 46 54 59 63 49 32 25 17 14 6 6 2 2 1 1 0 1 0 0 0 0 1 1 1 2 1 2 2 3 3 4 5 9 10 16 21 23 24 23 22 21 18 21 29 31 45 82 108 87 58 51 49 50 47 45 46 49 50 51 52 52 51 51 47 45 45 45 47 50 52 56 56 53 50 47 43 42 40 42 46 47 45 31 14 5 1 1 
17 17 17 17 17 17 17 16 16 16 17 17 17 17 17 17 17 17 17 17 17 17 17 17 17 17 18 19 20 19 17 25 33 38 46 44 59 56 39 29 20 15 6 6 2 2 1 1 0 1 0 0 1 0 1 2 2 3 2 4 4 5 5 6 10 10 12 16 21 23 23 24 22 21 19 21 30 36 47 84 104 88 54 53 50 52 50 47 49 51 52 53 54 54 53 53 52 50 50 52 54 56 57 58 57 54 53 52 50 47 47 47 47 50 47 33 14 5 1 1 
17 17 17 17 17 17 17 17 17 17 17 17 17 17 17 17 17 17 17 17 17 17 17 17 17 17 18 18 19 18 17 23 29 31 31 31 50 59 43 30 24 17 9 9 3 3 2 2 1 1 0 0 1 1 2 3 3 4 4 5 8 9 9 9 11 12 15 18 21 24 25 24 23 21 19 21 28 35 47 82 101 86 58 60 58 57 54 53 54 56 58 59 61 61 60 58 58 58 59 60 61 63 64 64 63 61 59 58 56 54 53 52 52 53 51 35 15 5 1 1 
17 17 17 17 17 17 17 17 17 17 17 17 17 17 17 17 17 17 17 17 17 17 17 17 17 17 18 18 18 18 18 22 22 22 20 25 35 47 40 30 30 19 10 9 4 3 3 2 2 2 3 2 2 2 3 4 5 6 8 9 11 11 11 12 13 15 15 19 23 24 25 25 24 23 22 24 33 37 49 80 93 81 65 65 65 64 63 64 64 65 67 67 69 68 66 66 67 67 68 68 70 71 71 71 72 71 68 66 65 65 61 60 61 63 58 36 16 5 1 1 
17 17 17 17 17 17 17 17 17 17 17 17 17 17 17 17 17 17 17 17 17 17 17 17 17 17 17 17 17 17 18 19 15 15 20 22 23 29 33 34 35 25 11 9 5 4 2 1 3 4 5 6 5 5 5 5 6 10 11 12 13 15 15 15 15 15 17 19 24 24 26 28 28 26 25 35 43 42 52 78 87 80 75 73 72 72 71 71 71 71 73 73 74 74 73 72 72 73 73 73 74 75 77 78 78 79 77 75 74 73 72 71 71 73 66 39 16 6 2 1 
17 17 17 17 17 17 17 17 17 17 17 17 17 17 17 17 17 17 17 17 17 17 17 17 17 17 17 17 17 17 17 17 16 15 20 22 21 19 26 37 39 31 15 11 5 4 1 2 4 5 6 8 9 9 9 9 10 11 13 13 16 17 17 17 16 17 19 22 24 26 28 31 31 31 35 42 46 44 58 81 93 85 75 75 75 75 75 75 75 77 78 78 79 79 79 77 77 78 78 78 79 79 81 82 81 81 81 80 80 80 80 79 78 80 72 42 17 7 4 2 
17 17 17 17 17 17 17 17 17 17 17 17 17 17 17 17 17 17 17 17 17 17 17 17 17 17 17 17 17 17 16 16 17 17 17 19 22 22 23 31 35 32 21 9 4 4 3 4 5 5 7 9 10 10 10 10 6 10 11 13 15 16 18 18 18 19 22 24 24 28 29 32 34 40 42 43 46 49 64 86 89 79 74 74 74 74 74 77 77 78 77 77 78 78 78 79 79 78 78 79 80 81 81 81 80 79 79 79 80 80 80 79 80 81 72 43 17 7 4 2 
17 17 17 17 17 17 17 17 17 17 17 17 17 17 17 17 17 17 17 17 17 17 17 17 17 17 17 17 17 17 17 17 17 17 17 19 20 22 21 26 29 25 19 9 5 4 3 4 5 10 11 11 13 12 12 12 10 12 13 15 17 18 18 19 19 21 23 24 25 28 32 36 38 46 44 47 50 51 67 86 84 71 68 68 68 68 70 71 71 71 70 70 70 70 71 72 73 73 72 72 72 73 75 75 74 74 74 74 74 75 75 75 76 76 67 42 17 7 4 2 
17 17 17 17 17 17 17 17 17 17 17 17 17 17 17 17 17 17 17 17 17 17 17 17 17 17 17 17 17 17 17 17 17 17 17 18 18 19 18 19 21 21 19 15 6 3 4 4 6 10 11 12 13 12 11 11 11 12 15 16 17 18 19 19 21 21 23 24 25 29 34 39 42 46 47 50 52 56 69 80 68 50 60 60 61 61 63 63 63 63 60 60 60 60 60 63 64 64 63 63 61 63 65 65 65 66 66 66 67 68 69 69 70 68 61 37 14 5 2 2 
17 17 17 17 17 17 17 17 17 17 17 17 17 17 17 17 17 17 17 17 17 17 17 17 17 17 17 17 17 17 17 17 17 17 18 18 18 18 18 17 16 22 29 26 9 4 5 3 6 10 11 12 13 13 11 11 12 14 16 17 17 18 21 21 21 22 23 24 26 30 36 43 45 49 50 52 54 60 73 72 53 43 49 50 51 52 53 53 53 53 51 50 51 51 50 51 56 56 54 54 52 51 52 53 54 56 56 56 57 58 59 59 58 58 52 29 11 5 2 1 
18 18 17 17 17 17 17 17 17 17 17 17 17 17 17 17 16 16 16 16 16 17 17 17 17 16 17 17 17 17 17 17 17 17 18 18 18 18 17 17 22 27 31 28 8 3 4 3 6 10 11 11 12 12 12 13 12 16 16 17 18 19 21 21 23 23 22 23 26 31 36 43 46 50 51 53 57 64 66 52 38 44 46 49 50 50 49 49 46 46 46 45 46 46 45 46 50 49 47 47 46 45 44 45 45 45 46 46 46 46 49 47 49 50 43 26 9 4 2 1 
18 18 17 17 17 17 17 17 17 17 17 17 17 17 17 17 16 16 16 16 16 17 17 17 17 16 17 17 17 17 17 17 16 17 17 18 18 18 18 17 20 25 36 26 9 5 7 5 8 10 10 11 12 12 12 13 13 16 16 17 18 19 21 21 23 23 23 23 25 31 36 43 49 52 54 56 59 66 57 40 46 48 47 49 50 53 52 51 49 49 47 45 45 45 44 44 43 43 42 42 43 43 43 44 44 44 44 44 45 45 45 45 44 42 40 24 9 4 2 1 
18 18 17 17 17 17 17 17 17 17 17 17 17 17 17 17 16 16 17 17 17 17 17 17 17 17 17 17 17 17 17 17 16 17 17 18 18 18 19 19 20 23 38 28 11 9 9 8 10 10 10 10 10 11 11 12 14 16 17 17 18 21 22 22 24 24 23 23 24 31 35 42 52 56 59 63 65 59 41 31 39 44 46 46 49 47 44 44 44 44 44 44 44 44 44 44 43 43 42 40 41 41 43 44 43 44 44 45 46 45 45 45 46 43 35 21 9 4 2 2 
18 18 17 17 17 17 17 17 17 17 17 17 17 17 17 17 16 16 17 17 17 17 17 17 17 17 17 17 17 17 17 17 16 16 17 18 18 18 19 19 20 25 37 37 12 5 10 8 9 10 10 10 11 12 12 14 15 16 18 18 21 21 22 22 24 24 24 23 24 28 32 42 54 60 64 66 61 49 36 31 42 47 47 49 52 49 45 45 45 45 44 45 45 45 45 45 44 43 42 42 43 44 44 45 45 46 46 46 47 46 46 46 48 44 33 19 8 4 2 2 
18 18 17 17 17 17 17 17 17 17 17 17 17 17 17 17 16 16 17 17 17 17 17 17 17 17 17 17 17 17 17 17 16 17 17 17 17 18 17 18 20 23 50 52 22 4 10 8 9 11 11 10 12 14 15 16 15 17 18 19 24 23 22 24 24 25 26 26 28 30 33 42 59 67 66 61 50 41 37 37 38 45 51 54 54 51 47 49 47 47 46 47 47 45 45 45 44 43 42 42 42 43 43 43 45 46 49 50 50 49 49 49 47 44 36 21 9 4 2 2 
18 18 17 17 17 17 17 17 17 17 17 17 17 17 17 17 16 16 17 17 17 17 17 17 17 17 17 17 17 17 17 17 16 17 17 17 17 17 17 15 16 24 60 60 35 11 10 11 12 15 15 15 15 16 17 18 17 19 21 22 24 25 24 26 26 28 28 29 32 35 36 44 61 66 71 58 41 36 31 30 35 42 53 56 55 55 52 52 51 51 50 50 50 47 46 45 43 42 40 42 42 42 43 43 44 46 49 51 53 51 50 50 47 44 36 21 8 4 2 2 
18 18 17 17 17 17 17 17 17 17 17 17 17 17 17 17 16 16 16 16 16 16 16 16 16 16 17 17 17 17 16 17 16 16 17 17 17 17 17 16 15 23 52 52 35 17 15 16 17 19 17 16 18 19 19 21 21 23 24 24 25 26 26 26 28 29 30 31 36 38 39 47 66 65 72 54 32 26 22 25 33 39 49 52 52 54 53 53 52 51 51 51 51 50 49 45 43 40 40 40 40 40 42 42 43 44 45 49 51 50 47 47 46 42 36 21 7 4 1 1 
18 18 17 17 17 17 17 17 17 17 17 17 17 17 17 17 16 16 16 16 16 16 16 16 16 16 17 17 17 17 16 16 17 17 17 17 17 21 22 22 23 26 30 32 28 21 19 18 18 20 18 19 22 23 23 23 24 25 25 25 26 26 26 26 26 29 31 33 37 40 42 51 68 64 67 47 31 25 22 25 32 37 44 50 51 54 53 54 52 52 51 51 51 50 49 47 45 43 39 40 40 40 42 42 43 43 44 44 45 45 45 44 44 42 33 19 7 4 1 1 
17 17 17 17 17 17 17 17 17 17 17 16 16 16 16 16 16 16 17 17 17 17 17 17 17 17 17 17 17 17 17 17 17 17 17 17 18 22 23 26 29 22 18 21 19 21 17 16 18 21 21 22 23 23 23 23 25 26 24 24 26 26 26 25 26 28 30 31 35 39 43 51 63 59 61 43 31 25 23 26 31 37 42 47 51 52 53 53 52 52 52 52 52 51 50 47 45 42 40 39 39 39 40 40 40 40 42 42 42 43 44 43 43 42 35 19 7 3 1 1 
17 17 17 17 17 17 17 17 17 17 17 16 16 16 16 16 16 16 17 17 17 17 17 17 17 17 17 17 17 17 17 17 16 16 17 17 22 35 43 36 29 22 17 16 18 19 18 17 18 21 21 22 22 22 22 24 25 25 24 24 26 26 25 25 26 26 28 30 33 37 38 43 52 52 54 38 30 25 25 27 31 37 43 47 51 52 53 53 52 52 52 52 52 52 50 47 46 43 40 40 39 39 39 40 40 40 40 40 40 42 43 43 40 40 33 17 6 3 2 1 
17 17 17 17 17 17 17 17 17 17 17 16 16 16 16 16 16 16 17 17 17 17 17 17 17 17 17 17 17 17 19 19 18 17 17 37 54 61 56 35 24 18 17 19 21 19 22 22 19 21 21 21 21 21 22 23 24 24 25 25 25 25 24 24 23 24 25 26 29 30 28 32 42 43 43 32 30 24 19 29 34 40 43 47 51 51 54 53 53 53 53 52 52 52 51 50 47 44 42 40 38 38 38 39 39 38 39 39 40 42 40 40 40 39 31 16 5 3 2 1 
17 17 17 17 17 17 17 17 17 17 17 16 16 16 16 16 16 16 17 17 17 17 17 17 17 17 17 17 17 17 18 19 19 18 36 75 84 59 35 21 14 15 17 18 19 19 21 21 21 21 21 21 19 21 22 22 23 24 24 22 20 20 20 19 18 19 19 18 18 18 17 19 23 26 32 30 33 30 28 28 26 36 43 49 52 51 54 53 53 53 53 53 53 53 53 50 49 45 43 40 38 37 37 38 37 37 37 37 38 39 39 39 40 38 30 15 5 3 2 2 
17 17 17 17 17 17 17 17 17 17 17 16 16 16 16 16 16 16 17 17 17 17 17 17 17 17 17 17 17 18 17 15 16 37 75 101 74 32 16 14 14 14 15 16 17 17 19 18 19 19 18 19 19 19 19 19 19 19 18 16 15 15 16 16 16 15 15 14 13 15 14 13 15 15 21 22 40 70 78 66 44 35 38 47 51 53 54 54 53 53 52 53 53 54 54 52 51 46 44 43 40 38 37 37 37 37 38 38 38 39 39 39 40 38 30 15 4 2 1 1 
17 17 17 17 17 17 17 17 17 17 17 16 16 16 16 16 16 16 17 17 17 17 17 17 17 17 17 16 16 16 15 12 23 66 89 74 33 12 16 14 12 12 14 16 17 16 18 18 18 18 18 18 17 17 17 16 16 15 15 14 14 13 15 15 15 16 16 17 18 21 19 21 25 23 23 24 35 66 109 128 110 88 77 61 50 49 52 53 53 53 52 52 52 54 54 53 52 47 46 45 43 40 39 38 38 37 38 38 39 40 40 42 43 39 31 17 6 3 1 1 
17 17 17 17 17 17 17 17 17 17 17 16 16 16 16 16 17 17 17 17 17 17 17 17 17 17 16 17 19 18 16 19 42 77 70 33 10 10 14 12 12 12 12 14 16 16 16 17 17 16 16 16 16 16 16 16 15 16 16 15 16 16 16 17 18 19 23 25 27 29 28 29 32 32 32 36 33 45 85 122 139 146 145 121 96 75 63 53 51 53 53 53 53 53 52 50 50 49 47 47 45 43 42 42 40 39 40 40 40 42 42 43 45 41 31 17 5 3 2 2 
17 17 17 17 17 17 17 17 17 17 17 17 17 17 17 17 18 18 18 18 18 17 17 18 17 17 16 17 20 19 12 23 52 61 39 16 12 12 11 11 12 12 14 15 16 16 16 16 16 16 16 16 16 17 17 17 18 19 21 21 22 23 22 23 23 24 26 28 29 30 29 29 30 30 31 34 33 33 46 71 97 131 162 167 158 139 120 95 66 53 54 53 52 52 51 52 50 50 50 49 47 46 45 44 43 42 43 42 43 43 43 44 46 44 32 17 5 3 2 2 
17 17 17 17 17 17 17 17 17 17 17 17 17 17 18 18 18 18 18 18 16 16 16 16 16 16 16 15 17 18 23 40 51 32 17 14 12 14 12 12 12 14 15 16 16 16 16 17 18 18 19 19 19 20 19 19 23 23 23 23 23 23 23 24 24 25 25 26 26 28 26 28 28 29 29 31 32 35 30 30 44 61 92 123 144 162 170 165 131 103 80 66 59 57 52 51 51 50 49 50 50 47 46 46 45 45 44 44 43 43 44 44 45 43 33 18 6 4 1 1 
17 17 17 17 17 17 17 17 17 17 17 17 17 17 18 18 18 18 18 17 16 16 16 17 16 16 16 15 15 18 38 52 38 19 14 15 15 14 12 14 15 15 16 16 18 18 19 19 21 21 22 23 23 22 22 22 24 24 23 23 23 23 23 23 24 24 24 25 25 25 26 26 28 29 28 30 31 33 32 31 30 32 47 64 77 100 130 152 162 158 146 127 108 92 75 64 52 46 45 50 50 50 49 47 47 47 46 45 45 45 46 45 46 44 33 17 5 3 1 2 
17 17 17 17 17 17 17 17 17 17 17 17 17 17 18 18 18 18 18 17 16 17 18 18 17 17 19 18 20 38 50 42 22 12 14 17 17 14 14 15 17 16 17 17 20 22 24 24 24 24 23 22 22 23 23 23 23 23 23 23 22 23 23 23 24 24 24 25 25 25 26 26 26 26 27 30 31 31 31 31 30 31 35 42 46 49 59 80 109 122 143 153 154 146 130 113 94 76 70 57 50 50 49 50 50 50 50 49 49 49 49 47 47 46 32 17 5 3 1 2 
17 17 17 17 17 17 17 17 17 17 17 17 17 17 18 18 18 18 18 17 16 17 18 18 18 18 16 19 30 47 50 31 15 10 11 15 15 15 15 16 17 18 21 21 22 23 24 24 25 25 24 23 23 24 24 24 23 23 23 23 22 23 23 23 23 23 24 23 23 24 25 25 25 26 27 29 30 31 31 29 30 31 32 33 36 37 38 44 57 61 84 100 111 131 146 149 149 140 130 113 93 78 66 56 53 51 51 50 49 49 50 49 47 47 32 17 5 3 1 2 
18 18 18 18 18 18 18 18 18 18 18 18 18 18 17 17 17 17 16 16 16 16 18 18 17 18 18 38 58 46 30 24 18 16 16 17 17 17 18 19 22 23 25 24 25 24 23 24 24 24 24 23 23 24 24 23 24 23 23 22 22 22 22 22 22 22 22 22 23 23 23 24 24 25 25 25 26 26 26 28 28 29 30 31 31 32 35 33 37 38 43 52 57 70 89 102 118 142 157 162 159 153 139 114 90 72 52 49 50 50 51 50 49 47 32 16 5 3 1 2 
18 18 18 18 18 17 17 17 17 18 18 18 18 18 17 17 17 17 16 16 16 16 19 20 18 17 31 65 71 40 24 28 24 23 22 22 22 22 22 23 23 23 26 25 24 24 22 22 23 23 23 23 22 23 23 23 23 22 22 21 21 21 21 22 22 22 22 22 22 22 22 22 23 24 24 24 25 25 25 26 26 29 29 29 29 31 32 29 32 35 37 40 44 45 46 51 61 82 109 130 153 180 192 191 173 139 89 65 54 51 51 50 49 47 32 16 5 3 1 2 
18 18 18 18 18 17 17 17 17 18 17 17 17 17 16 16 16 15 16 16 16 17 19 22 21 21 49 71 57 33 23 25 24 24 24 23 23 23 25 26 24 24 23 23 22 21 19 21 21 22 23 23 22 22 22 22 22 21 21 21 21 21 21 21 21 19 21 21 21 21 21 22 22 23 23 23 24 24 24 24 26 28 29 29 30 32 33 33 33 33 33 34 36 39 40 43 44 45 53 65 82 117 149 177 198 196 160 118 79 54 46 45 44 45 32 16 5 2 1 1 
18 18 18 18 17 17 17 16 17 17 17 17 17 17 16 16 15 14 17 17 18 21 24 17 11 36 81 67 37 26 23 23 22 23 24 23 22 23 25 25 23 23 23 22 22 21 19 21 21 22 22 22 22 22 22 22 23 21 21 19 18 19 21 21 19 21 21 21 21 21 21 22 22 22 22 22 23 23 24 24 25 25 27 27 29 30 31 31 32 33 32 33 33 33 36 38 37 38 39 43 45 57 70 86 127 164 184 174 132 92 64 53 53 50 33 16 5 2 1 1 
18 18 18 18 17 17 17 17 16 16 17 17 16 16 16 16 15 13 12 17 17 12 19 36 54 72 80 55 29 22 22 21 21 21 23 23 22 23 22 22 22 22 23 22 21 21 21 21 21 21 23 23 22 22 22 23 23 22 19 19 19 19 19 19 19 19 19 19 19 19 19 21 21 22 22 22 22 23 23 24 24 24 26 26 26 29 29 30 29 30 30 31 32 31 32 35 36 37 38 43 39 37 39 44 60 86 131 175 175 123 70 40 30 38 31 16 4 1 0 1 
18 18 19 19 17 17 18 18 18 17 17 17 17 16 16 16 15 15 17 30 37 37 59 111 135 103 53 30 21 18 22 23 19 19 20 20 20 22 21 21 21 21 21 22 21 19 20 20 21 22 23 22 22 23 23 23 22 21 19 18 18 19 19 19 19 19 19 19 19 19 19 19 19 21 21 21 21 22 22 23 23 23 25 25 25 26 27 27 28 28 29 30 31 30 32 35 35 36 35 36 35 36 35 33 36 47 63 99 128 142 134 78 36 31 25 13 3 1 0 0 
18 18 18 18 16 17 19 19 19 18 17 17 18 17 15 14 13 15 28 65 104 116 149 169 138 81 25 5 4 9 16 19 19 19 19 18 18 21 21 21 22 21 21 19 19 19 20 22 22 23 23 23 22 23 23 24 23 21 20 19 18 18 19 19 21 21 19 18 19 18 18 18 18 19 19 19 19 21 23 24 24 24 23 23 24 26 25 25 25 25 27 29 30 30 31 32 32 33 33 33 33 33 32 31 30 39 39 46 68 96 123 115 67 32 19 12 2 1 0 0 
18 17 17 19 18 16 16 16 15 16 15 14 15 15 18 26 33 39 72 120 152 157 144 103 59 26 9 5 5 4 6 11 15 17 18 18 18 18 21 22 22 21 21 21 21 19 20 22 22 23 23 23 23 22 23 23 23 19 20 19 18 17 18 18 18 19 19 18 18 18 18 18 18 18 18 18 19 21 22 22 23 24 23 23 25 24 24 25 25 25 27 27 29 29 29 30 30 31 31 31 32 31 31 33 32 32 35 43 45 54 95 125 97 42 18 10 2 1 0 0 
18 17 16 16 15 16 19 20 18 18 14 16 33 61 94 96 89 113 143 130 96 93 84 42 19 11 3 3 5 3 3 4 8 12 17 18 18 18 21 22 22 21 21 21 19 19 19 21 22 23 23 23 23 22 23 23 23 20 19 18 19 18 18 20 20 20 19 18 18 17 17 17 17 18 18 18 19 19 20 21 21 22 23 22 24 25 25 25 25 25 24 24 26 27 29 29 30 31 30 30 30 30 30 30 32 30 29 39 44 33 60 111 118 72 17 10 2 1 0 0 
15 18 19 19 19 18 23 23 18 20 37 61 98 133 160 189 207 209 175 95 30 18 38 30 25 22 8 4 5 4 3 3 5 11 16 18 18 18 21 22 22 22 21 21 21 18 18 21 22 23 24 24 23 22 22 23 23 20 18 17 17 18 18 20 20 20 18 18 17 17 17 17 18 18 19 19 21 21 20 21 21 21 22 22 23 24 25 25 25 25 24 24 26 26 28 28 28 30 30 30 29 29 30 30 30 29 28 33 42 31 42 84 109 90 15 9 2 1 0 0 
17 20 23 24 19 16 21 31 30 45 117 153 152 129 124 166 216 216 146 51 18 11 17 21 23 23 16 9 6 4 4 3 3 8 11 16 17 19 21 21 22 22 22 21 19 19 18 19 22 23 23 23 22 22 22 22 21 18 17 17 18 19 20 20 20 20 18 18 17 17 17 17 18 19 19 19 21 21 19 21 21 21 21 21 22 23 23 23 23 23 24 24 24 24 25 25 27 29 29 30 29 29 29 29 28 26 26 32 39 43 42 53 85 107 15 11 2 2 0 0 
19 20 22 15 15 46 75 84 100 120 171 157 105 53 33 72 131 142 93 39 26 19 15 16 17 19 16 12 9 6 4 4 3 4 8 12 16 19 21 22 22 22 21 19 19 18 19 21 23 23 22 22 21 22 22 22 19 18 17 16 17 19 22 22 20 19 18 17 17 18 18 18 18 19 19 21 21 21 21 19 21 21 21 21 22 23 23 23 23 23 23 24 23 23 23 24 27 27 27 29 29 29 28 28 26 26 25 31 37 40 42 39 56 101 16 13 3 2 1 1 
18 12 17 49 114 171 195 188 150 121 100 79 50 26 19 29 50 59 49 37 28 19 15 14 15 19 18 14 9 6 5 4 3 4 6 12 16 18 19 19 21 21 21 18 19 18 18 22 23 23 22 21 19 21 23 23 19 17 17 17 17 18 23 22 20 19 18 17 17 18 18 18 19 21 21 21 22 21 19 19 21 21 21 21 21 22 22 22 22 22 23 23 24 24 23 24 25 25 26 28 29 28 28 26 25 25 24 31 36 38 39 35 33 45 45 25 10 2 1 1 
18 20 49 111 171 200 223 196 121 73 39 30 26 29 29 24 19 19 28 30 25 19 16 15 14 16 21 16 10 8 6 5 3 3 4 8 12 17 18 18 19 19 19 18 18 18 19 22 23 23 22 21 19 19 22 22 19 17 16 16 17 21 22 22 20 19 17 16 17 18 18 18 19 21 21 21 21 19 19 19 19 19 21 21 22 23 23 23 22 22 22 23 23 23 23 23 26 28 28 28 29 29 28 26 25 24 24 30 33 38 38 31 30 37 38 22 6 2 1 1 
19 31 77 128 129 107 128 118 72 49 30 24 22 24 22 22 23 21 21 21 19 18 16 14 11 15 22 19 15 12 9 6 3 3 2 4 7 12 15 17 19 19 18 17 17 16 18 21 23 23 21 19 18 18 19 19 18 16 14 15 17 19 21 19 18 17 16 16 17 17 18 19 19 21 22 22 21 19 19 19 19 19 21 22 22 23 23 23 22 22 21 22 22 22 23 24 26 29 29 29 31 30 30 27 25 24 20 27 32 38 37 32 30 33 26 13 4 3 2 2 
18 32 64 77 45 21 37 60 53 44 31 22 22 24 19 18 18 18 17 16 17 16 15 15 14 16 22 24 21 19 15 9 5 3 2 2 4 7 12 16 18 18 18 17 16 16 17 21 23 23 21 18 18 17 18 19 18 16 15 15 17 19 19 19 17 16 16 16 17 17 18 19 19 21 22 22 21 19 19 19 19 19 19 21 22 22 23 23 23 23 22 22 22 22 23 25 26 29 29 30 31 31 31 30 26 24 20 26 31 37 38 33 31 31 21 11 4 3 2 2 
19 33 50 47 26 16 19 28 31 33 31 22 21 22 19 18 18 18 20 19 17 15 15 15 15 16 19 22 22 22 17 12 7 5 3 3 3 4 10 15 17 18 18 17 16 16 17 21 22 23 22 19 18 18 18 18 18 16 14 15 16 19 20 19 17 15 15 15 17 17 17 19 19 19 19 19 19 21 21 19 19 19 19 21 22 22 23 23 23 23 22 22 22 22 23 24 25 26 30 32 33 32 32 31 26 22 22 23 30 37 38 33 30 30 19 8 3 2 0 1 
21 33 44 40 21 11 14 18 26 29 29 25 19 18 19 19 18 18 19 19 16 14 14 12 12 14 17 19 21 22 19 15 10 6 3 3 3 3 6 10 16 18 19 18 16 15 16 19 23 23 22 19 18 18 19 21 19 17 14 15 16 17 19 19 16 15 15 15 17 17 18 19 19 19 19 19 19 21 21 19 19 19 18 19 21 22 22 23 23 23 23 22 22 22 23 24 24 25 29 31 32 31 30 30 26 22 22 22 29 36 39 36 30 31 19 7 3 2 0 0 
22 42 50 36 14 8 10 15 24 28 28 26 26 22 19 18 18 18 18 17 16 15 14 13 12 12 14 17 19 22 22 19 15 10 5 4 3 3 4 8 17 20 19 18 16 16 17 19 23 24 23 19 18 18 18 19 21 18 15 15 15 17 18 17 16 16 15 15 17 18 19 19 20 20 20 22 22 22 22 22 19 19 18 19 21 22 23 23 23 23 21 19 19 21 22 23 23 24 25 26 29 28 28 28 25 22 19 19 26 35 40 38 28 30 21 7 3 2 1 1 
31 49 50 32 14 9 10 14 21 25 28 30 28 24 21 19 21 21 18 18 16 15 14 13 13 12 14 15 18 21 22 22 19 14 9 5 3 3 3 7 13 18 18 18 17 16 17 21 23 24 22 19 17 18 19 19 19 18 15 15 16 17 17 17 16 15 15 15 17 18 18 18 20 20 22 20 20 22 22 20 18 18 18 18 21 21 21 22 21 21 19 18 18 19 21 22 23 24 25 26 28 28 25 25 24 22 19 21 26 35 41 38 29 32 21 5 3 2 1 1 
36 49 45 30 12 10 10 11 18 23 29 31 29 26 24 22 21 22 22 21 19 16 14 13 12 13 13 15 17 21 22 22 23 20 14 10 5 3 3 4 8 14 18 19 17 16 16 19 23 23 22 18 18 18 20 20 20 18 16 15 16 18 18 17 16 15 12 14 16 16 18 18 18 18 18 19 19 19 19 19 18 18 18 18 19 21 21 21 21 21 19 18 18 18 19 22 23 23 25 25 26 26 25 25 23 22 19 19 26 35 38 35 29 33 21 5 3 2 0 0 
38 46 35 22 14 10 8 9 14 19 26 29 28 26 25 23 22 23 22 22 22 19 15 13 13 13 13 15 17 21 22 22 24 23 18 14 7 3 3 3 5 8 13 17 16 16 16 19 22 23 23 19 18 20 22 22 20 19 16 15 17 17 17 17 16 15 12 13 15 14 16 16 16 16 17 17 18 18 18 18 17 18 18 19 19 21 21 21 19 19 18 17 17 18 18 21 22 22 23 24 24 24 24 25 23 21 18 18 23 30 35 35 31 32 21 7 3 2 1 1 
45 40 24 18 14 10 9 8 11 16 21 23 24 25 25 23 24 23 23 23 22 19 16 15 14 14 15 15 17 19 19 22 23 23 23 18 10 7 6 4 4 4 8 12 17 17 16 18 19 23 23 18 18 19 22 22 19 18 17 15 16 17 16 15 15 15 12 13 15 15 17 18 17 17 17 16 17 18 19 19 18 18 19 19 19 21 21 21 19 18 18 17 15 17 18 19 21 21 22 24 24 24 24 24 22 21 19 18 22 29 32 32 30 30 18 5 2 2 1 1 
46 33 17 17 15 11 9 8 10 15 21 22 23 24 24 24 23 24 24 23 22 19 17 15 15 15 15 16 16 17 17 21 23 25 26 24 18 11 6 4 3 4 6 9 13 15 15 17 21 23 23 19 17 18 21 22 19 18 17 16 17 17 15 15 15 13 14 15 15 17 19 20 19 20 19 18 18 19 19 19 19 19 19 19 21 19 19 18 18 18 16 16 15 17 19 19 19 21 23 23 24 24 24 24 22 21 18 17 20 25 29 32 30 28 16 5 2 2 1 1 
39 31 21 16 14 12 10 9 9 12 18 21 24 24 23 23 24 24 24 24 23 21 18 15 13 13 15 15 17 17 17 21 23 25 26 24 19 14 8 4 3 4 4 5 9 11 13 15 17 19 18 17 15 16 18 21 18 17 17 17 16 17 16 16 15 15 16 17 18 20 22 22 22 22 22 22 22 20 19 19 22 22 23 22 23 23 22 22 19 18 18 18 19 19 21 21 22 23 22 22 23 23 22 23 21 19 17 16 18 22 26 32 30 28 16 5 2 2 1 1 
38 33 22 15 14 12 9 8 8 11 15 17 20 22 23 23 24 24 23 23 22 21 18 16 13 15 15 15 16 17 17 19 23 24 24 23 19 16 9 5 4 4 4 4 6 8 11 12 12 15 15 15 13 14 16 18 17 17 16 17 16 18 18 18 16 17 19 19 20 22 22 23 23 23 23 24 24 23 23 24 24 24 26 25 25 26 26 25 24 24 23 23 22 22 23 23 23 23 23 23 23 22 22 21 19 18 16 16 18 22 26 31 30 28 16 5 2 2 1 1 
38 29 18 15 14 11 11 9 8 10 11 14 17 19 22 22 24 24 23 22 22 21 18 16 15 15 15 15 16 16 16 17 19 21 22 21 18 17 12 8 5 4 3 3 3 5 8 11 13 16 15 15 14 14 16 18 18 18 18 17 18 19 19 19 19 22 20 20 20 22 22 23 23 23 23 24 23 22 23 24 24 24 25 25 25 26 26 25 25 25 24 24 23 23 23 23 23 24 24 24 24 25 23 21 18 16 16 16 19 22 26 30 30 29 15 5 2 2 1 1 
37 23 17 16 14 11 11 10 8 10 10 12 15 18 21 22 24 24 23 22 22 21 18 16 15 15 15 16 16 16 16 16 18 18 19 18 18 18 16 10 6 4 2 2 3 3 6 10 13 17 17 17 17 17 18 19 18 18 18 18 19 19 19 19 19 21 20 20 20 22 22 23 23 24 24 25 23 23 24 24 24 25 25 25 25 26 26 25 26 26 26 26 25 23 23 24 24 25 25 25 26 25 24 21 16 16 16 17 21 23 26 30 30 29 15 5 2 2 1 1 
26 18 17 16 12 11 12 10 9 8 9 10 14 17 21 22 23 23 23 22 21 21 18 16 15 15 16 17 16 16 16 16 18 18 18 18 17 18 18 16 11 7 4 4 3 3 5 9 13 17 19 19 19 21 19 21 19 18 19 19 18 19 19 19 19 19 19 21 21 21 21 22 22 23 23 23 23 23 23 24 23 24 24 24 25 25 26 26 26 28 26 26 25 24 23 23 24 25 25 25 26 25 25 22 17 15 16 17 21 22 26 31 29 26 14 4 2 2 1 1 
22 16 17 15 12 11 12 10 9 9 9 9 12 15 18 22 23 23 23 22 22 22 18 16 16 16 17 19 18 17 17 18 19 21 19 19 19 19 22 24 21 15 9 4 3 3 4 7 12 17 19 19 19 21 19 19 19 18 19 20 19 18 19 19 21 21 19 19 19 19 21 21 21 22 22 23 22 22 23 23 23 24 24 24 24 25 25 26 26 28 28 28 26 25 24 24 23 24 25 26 26 28 26 23 19 16 15 17 19 23 26 30 29 28 12 5 2 2 1 1 
22 18 17 14 12 11 11 10 9 8 9 9 9 12 17 22 23 24 23 22 22 23 18 16 18 18 19 22 21 19 19 21 21 23 21 21 21 21 25 26 25 22 12 7 3 3 2 4 9 15 17 18 17 18 18 18 20 20 19 19 19 18 19 19 19 19 19 19 19 19 21 21 21 22 22 22 22 22 23 23 23 24 23 23 24 25 25 26 28 29 29 29 28 26 25 24 23 24 25 26 28 29 28 24 21 16 15 18 21 23 26 30 29 28 11 5 2 2 1 1 
21 17 16 14 12 12 11 10 9 9 9 8 10 15 18 23 24 24 23 22 23 22 18 18 19 19 20 22 21 19 21 19 21 22 22 21 22 25 28 28 28 24 17 7 3 3 2 3 5 10 14 16 15 16 18 18 20 20 19 19 18 18 18 18 19 19 19 19 19 19 21 21 21 22 22 22 22 22 23 23 23 24 23 23 24 24 24 26 28 29 29 29 28 26 25 23 23 23 24 25 26 26 26 23 19 17 16 21 23 23 26 29 26 24 11 5 2 2 1 1 
21 16 16 14 12 12 12 11 9 9 9 9 9 14 18 23 24 24 23 23 23 22 21 21 19 19 19 19 19 19 17 18 19 21 21 21 23 24 25 28 26 26 22 12 5 4 3 3 3 7 12 15 15 16 16 17 20 20 19 18 18 18 18 18 18 18 18 18 18 18 19 19 19 21 21 21 21 21 22 22 23 24 23 23 23 23 24 25 25 28 28 28 26 26 25 24 23 23 23 24 25 26 26 23 19 18 18 21 23 23 25 26 25 22 11 5 2 2 1 1 
15 15 16 14 14 12 11 11 9 8 9 8 7 12 18 23 24 24 24 24 23 23 22 18 18 18 19 18 18 18 16 16 17 18 21 23 24 24 24 26 26 28 25 17 8 5 3 3 2 4 10 12 14 15 16 17 20 20 19 18 18 18 18 18 18 18 18 18 18 18 19 19 19 21 21 21 21 21 22 22 23 24 23 23 23 23 24 24 25 26 26 26 26 25 25 23 22 22 22 24 24 24 24 21 18 17 19 22 24 24 26 26 23 19 11 4 2 2 1 1 
16 14 15 14 12 12 10 10 10 9 9 8 7 12 18 23 24 25 25 25 23 23 21 19 19 18 17 17 16 16 14 15 16 18 21 22 23 24 24 26 26 29 30 24 15 8 4 3 2 3 7 10 12 14 16 17 18 18 19 18 17 17 18 18 19 19 18 18 18 18 18 18 19 21 21 21 21 21 22 22 23 23 23 23 23 23 23 24 25 26 28 26 26 24 23 21 21 21 22 23 23 23 23 19 17 17 19 23 26 28 28 25 22 18 9 4 2 2 1 1 
15 14 15 12 11 11 10 9 9 9 9 8 7 10 18 23 24 26 26 26 24 23 22 21 19 18 17 17 16 16 14 15 16 18 19 22 22 24 24 25 26 28 29 27 21 14 7 3 2 2 4 8 10 12 15 16 17 18 19 18 17 17 18 18 19 19 18 18 18 18 18 18 19 21 21 21 21 21 21 21 22 23 23 23 23 23 24 24 25 26 28 26 26 25 23 22 21 21 21 22 22 23 23 21 17 17 19 23 28 28 26 25 22 18 9 4 2 2 1 1 
14 11 15 12 11 11 10 9 8 8 8 7 8 11 17 22 24 26 26 25 23 23 22 21 19 18 17 17 16 16 14 15 16 18 19 21 22 23 24 25 26 26 29 29 24 18 10 5 3 3 3 5 8 10 13 16 16 17 16 17 17 17 17 18 18 18 17 17 16 17 18 19 20 22 19 21 21 21 21 21 22 22 23 23 23 23 24 24 25 26 26 26 26 25 24 23 22 21 21 21 22 23 23 22 19 19 22 25 28 28 28 24 21 18 9 3 2 2 1 1 
14 11 12 12 11 11 10 9 8 8 8 7 8 12 17 21 23 25 26 25 23 23 22 19 20 19 18 18 17 16 15 16 16 18 19 21 21 23 23 23 24 25 27 27 25 22 16 7 3 3 2 2 4 8 12 15 15 16 16 16 16 16 17 17 17 18 16 16 16 16 18 18 19 20 19 19 21 21 21 21 22 22 22 22 22 23 24 24 25 26 26 26 26 25 25 23 22 21 19 21 22 23 23 22 21 22 23 25 30 30 29 25 21 18 9 4 3 3 2 2 
12 12 12 12 11 11 10 10 9 8 7 7 8 11 16 21 23 25 26 25 23 23 22 19 19 19 19 19 18 18 16 16 17 18 19 20 22 22 22 24 24 25 25 26 26 26 24 15 4 3 3 3 3 4 9 11 15 17 16 16 16 16 16 16 16 17 16 16 15 15 16 16 20 20 19 19 21 21 21 21 22 22 22 22 22 22 23 24 24 26 28 28 26 25 25 23 22 21 21 21 21 22 23 22 21 22 22 25 30 31 29 25 22 18 14 12 12 11 11 10 
14 12 12 11 11 11 10 10 9 8 8 7 6 8 10 16 19 23 24 25 24 23 22 19 19 18 18 18 17 17 16 16 17 17 18 20 22 22 22 23 23 24 24 26 26 26 26 23 12 5 3 3 3 3 6 9 13 16 15 16 16 16 16 17 17 17 16 16 15 15 16 16 20 20 19 19 21 21 21 21 22 22 22 22 22 22 22 24 24 26 28 26 26 25 25 23 22 21 19 21 21 22 23 22 22 22 22 23 26 28 27 24 22 21 19 18 18 18 18 16 
12 11 12 12 11 11 10 10 9 8 7 6 5 7 9 12 17 22 24 25 24 23 22 21 18 16 16 16 16 16 16 16 16 17 19 19 22 23 22 22 23 23 25 26 29 29 26 24 19 11 5 4 3 3 3 6 10 14 15 15 16 16 16 16 16 17 16 15 14 15 15 16 20 20 20 20 19 19 19 21 21 21 22 22 22 22 23 22 24 25 26 26 26 26 25 24 23 21 21 21 22 23 24 23 22 22 23 23 23 24 24 23 22 22 22 22 22 23 23 19 
12 10 10 11 11 11 10 10 9 9 8 7 5 7 10 12 17 22 25 26 24 23 23 21 18 17 16 15 16 16 15 15 16 16 17 19 22 23 22 23 23 24 25 25 27 27 26 24 22 16 8 4 3 3 3 4 8 12 14 14 15 15 15 15 15 16 15 15 14 15 15 16 19 19 20 20 19 21 19 21 21 22 23 22 22 22 23 23 23 25 25 26 26 26 26 24 24 21 22 21 22 23 24 24 24 22 23 22 22 22 23 24 24 23 22 22 23 23 23 17 
11 10 10 10 11 11 10 10 10 10 10 8 5 6 9 11 16 21 24 26 24 23 22 21 18 17 17 15 15 15 15 15 15 15 16 17 20 19 21 23 23 25 25 25 26 26 26 25 22 18 11 8 3 3 3 3 5 10 11 11 13 15 14 14 15 15 16 15 14 15 15 17 18 19 19 18 19 19 19 21 22 23 22 22 22 22 22 22 23 24 24 25 26 26 25 24 23 21 22 21 22 23 24 24 24 21 19 19 19 19 20 23 25 24 24 23 25 25 25 19 
11 10 10 10 11 11 11 10 10 10 10 8 5 6 9 11 16 21 24 26 25 23 22 21 18 18 16 15 15 15 14 14 13 15 15 16 18 18 18 22 23 25 25 26 26 26 26 26 23 19 14 9 4 3 3 3 3 6 8 10 12 13 12 12 15 15 17 15 14 15 16 18 18 19 19 18 19 19 21 21 23 23 22 22 21 22 22 22 23 24 24 25 26 25 25 24 23 21 22 21 22 23 24 24 24 19 17 16 16 17 19 22 24 25 24 25 28 29 26 22 
11 10 10 10 10 10 11 11 10 10 10 8 6 6 8 11 16 19 23 26 25 24 23 21 18 17 16 15 14 14 14 14 15 15 13 15 17 17 17 21 23 24 25 26 25 25 25 25 24 19 15 11 6 4 3 3 3 5 6 9 10 11 11 12 14 15 16 15 16 17 17 18 19 21 19 18 18 18 21 21 22 23 22 22 22 21 22 22 22 23 24 24 25 25 24 24 23 22 21 22 23 23 24 24 23 18 16 14 15 15 17 19 24 25 23 13 13 13 9 6 
11 10 10 10 10 11 14 14 12 12 11 9 6 6 8 9 14 18 22 25 25 24 23 21 18 18 16 15 13 14 14 14 15 13 13 15 16 15 16 19 23 23 24 25 25 25 24 24 24 19 14 12 9 5 3 3 3 4 4 6 8 10 11 11 14 14 16 15 16 16 16 17 19 21 19 18 18 18 19 21 22 23 22 22 22 21 21 21 22 23 23 24 25 24 24 23 22 22 22 22 23 23 24 24 24 19 14 13 13 15 16 19 23 24 18 6 5 3 2 2 
11 10 9 9 11 12 16 16 15 15 12 10 7 7 8 8 12 17 21 25 25 24 24 22 19 18 18 16 12 12 14 14 14 12 13 13 14 13 15 19 24 24 24 24 24 24 23 23 24 19 14 14 15 12 5 4 3 2 3 4 6 9 10 11 12 14 16 15 15 15 15 17 19 21 22 19 19 19 20 22 23 24 23 23 23 21 21 21 22 23 23 23 24 24 23 23 22 22 22 22 24 24 24 25 24 19 12 12 12 13 15 19 23 24 16 5 2 2 1 1 
11 10 9 7 9 12 16 16 15 15 14 11 8 7 8 8 11 16 19 24 25 24 23 22 19 18 18 16 12 12 14 14 14 12 13 12 12 13 15 19 23 24 24 24 24 24 23 22 23 19 13 12 16 18 16 8 4 3 2 3 4 6 8 9 11 15 16 16 15 15 16 17 18 21 22 19 18 18 20 22 23 25 24 24 24 21 21 21 21 22 22 23 23 23 23 22 22 22 22 23 24 24 24 24 23 17 15 13 12 13 16 19 23 24 14 6 3 2 1 1 
11 10 9 6 10 14 15 15 15 15 15 12 11 10 9 9 11 15 20 24 24 24 23 22 19 18 18 16 12 12 14 14 14 14 12 12 11 11 14 18 23 23 24 23 24 23 22 22 23 18 13 12 15 21 19 12 5 3 2 1 3 5 7 9 12 15 16 16 15 15 16 16 18 21 23 19 16 18 20 22 22 24 24 24 24 21 19 19 21 22 22 23 23 23 23 22 22 22 23 23 24 24 24 24 25 20 12 12 12 14 16 21 24 24 14 6 4 2 1 1 
11 10 9 9 11 14 15 15 15 16 15 14 12 11 10 10 11 14 19 23 24 25 24 22 19 18 17 16 12 12 14 14 14 12 12 12 11 11 14 18 23 23 23 23 22 23 21 21 23 17 13 12 15 22 19 14 5 3 2 1 2 3 5 8 12 14 16 17 16 16 17 17 19 21 23 19 16 17 19 22 22 24 24 24 24 21 19 19 21 22 22 22 23 23 23 22 22 22 23 23 24 24 24 24 24 19 12 12 13 14 16 22 24 24 15 7 3 2 1 1 
11 10 10 10 12 14 15 15 15 15 16 15 14 12 11 11 10 11 17 20 24 25 23 22 19 18 18 16 12 12 14 14 12 12 11 10 11 11 14 18 23 23 23 23 22 22 23 22 22 16 13 12 16 22 22 18 9 4 3 3 1 1 3 5 13 15 17 18 19 18 17 17 19 21 22 17 15 16 19 22 22 24 24 24 24 21 19 19 19 21 21 22 22 22 23 22 22 22 23 23 24 24 24 22 26 22 11 12 14 15 17 23 24 24 14 7 3 2 1 1 
11 11 10 11 12 14 15 15 15 15 16 16 16 14 12 11 11 11 16 22 24 25 24 22 19 18 18 16 12 12 12 12 12 11 11 10 12 12 15 19 21 23 23 22 22 22 23 22 19 15 13 13 16 24 24 22 15 8 5 3 2 1 3 5 12 15 17 18 20 19 18 18 19 21 22 17 15 16 19 22 22 24 24 24 24 21 19 19 19 21 21 22 22 22 23 22 22 22 23 23 24 24 24 25 25 23 10 13 15 16 18 23 25 24 13 7 3 2 1 1 
11 11 11 11 12 12 14 15 16 16 17 16 16 16 14 12 11 11 15 21 24 28 24 23 21 18 18 16 12 12 12 12 12 11 10 10 12 12 15 19 22 23 23 22 22 22 22 22 18 14 11 12 18 25 25 23 18 12 8 5 4 3 3 4 7 12 16 16 18 18 19 19 19 21 21 16 15 15 18 20 21 23 23 23 23 19 18 18 19 19 21 21 22 22 23 22 22 22 23 23 24 24 24 25 26 24 10 13 15 16 18 23 25 24 13 6 2 2 1 1 
11 11 12 11 12 12 14 15 15 16 16 16 17 16 15 14 11 11 15 19 24 26 24 23 21 18 18 16 12 12 11 12 11 11 10 10 12 14 16 19 22 23 23 23 22 22 22 22 18 14 11 11 17 24 25 24 21 16 11 8 5 3 3 3 5 10 14 16 16 17 19 19 19 21 21 16 15 16 19 20 21 23 23 23 23 21 19 19 19 18 19 19 21 21 22 22 22 22 23 23 24 24 25 25 25 20 12 13 15 16 18 23 24 24 12 6 2 2 1 1 
12 12 12 12 12 12 14 14 15 15 16 16 17 17 16 15 14 12 15 20 23 26 25 23 21 18 18 16 12 12 11 11 11 10 10 11 14 15 17 21 22 24 23 23 22 22 23 22 17 13 11 11 16 22 26 26 24 19 17 10 6 4 4 3 5 9 14 16 16 17 18 18 19 22 19 16 14 16 18 19 21 22 23 23 23 21 19 19 18 18 19 19 20 22 21 22 22 22 23 23 24 25 25 25 26 22 11 14 16 16 19 24 23 24 12 6 2 2 1 1 
14 14 14 14 12 12 12 12 14 16 17 17 18 18 17 17 15 12 15 19 23 26 25 23 21 19 17 15 12 12 11 11 11 10 10 11 14 16 18 21 23 24 24 24 23 22 23 20 15 13 10 10 16 21 25 26 25 22 21 15 8 5 4 3 3 8 11 16 16 17 18 19 19 21 19 15 14 16 18 19 21 22 23 23 24 21 19 18 18 17 19 19 20 20 21 21 21 21 23 23 25 25 25 25 26 22 11 14 16 17 19 24 23 22 11 6 2 2 1 1 
15 14 14 14 12 11 11 11 14 16 17 17 18 18 17 17 16 14 14 18 22 26 24 23 21 19 17 15 12 12 11 11 11 10 10 12 14 18 19 21 23 24 23 24 22 22 21 19 15 11 10 11 16 21 25 26 25 25 23 17 11 7 5 4 4 6 8 14 15 16 16 18 18 21 18 16 14 16 18 19 21 21 23 24 25 22 19 18 18 18 18 18 19 20 20 22 22 22 24 24 26 26 26 26 25 21 12 12 15 17 19 24 23 22 11 6 2 1 1 1 
16 14 14 14 12 11 11 11 14 16 18 18 19 19 18 19 18 14 14 17 21 24 23 23 21 18 17 15 12 12 11 11 10 11 12 15 16 19 22 22 24 24 23 23 22 22 22 17 15 11 10 11 15 19 23 26 25 25 24 19 16 12 6 4 4 5 5 9 12 14 14 16 19 19 19 17 15 17 18 19 21 21 23 24 26 23 20 19 18 18 18 18 19 20 20 22 22 22 24 24 26 27 27 27 26 21 12 12 15 17 20 23 22 22 11 6 2 1 1 1 
16 14 14 14 12 12 12 12 14 16 17 18 19 19 21 21 17 15 15 16 21 23 23 23 21 18 16 15 12 12 11 11 10 11 12 15 17 21 22 22 23 23 23 23 23 22 21 18 15 11 9 10 15 19 24 25 25 25 26 25 21 17 9 5 3 5 4 6 9 11 12 15 18 18 18 17 17 18 19 19 21 21 22 23 26 23 20 19 17 17 17 17 18 19 20 22 22 22 24 24 26 27 26 26 26 21 12 14 16 18 19 21 21 21 9 5 2 1 1 1 
17 15 14 14 12 14 12 12 14 16 16 17 19 21 22 21 18 16 15 16 21 22 22 22 21 19 16 15 12 12 11 11 10 11 12 16 18 21 22 22 23 23 22 22 20 22 18 17 16 12 9 11 16 21 24 25 25 26 27 26 24 19 12 6 4 3 3 5 8 10 12 15 18 18 18 18 18 19 19 19 21 21 22 24 26 23 20 19 18 17 18 18 19 21 22 23 23 23 24 24 26 27 26 28 28 21 14 15 17 19 21 21 19 19 9 5 2 1 1 1 
16 15 14 14 11 12 13 13 15 16 18 19 21 21 23 22 18 17 16 16 19 21 23 23 22 20 18 16 13 12 11 11 11 10 12 15 18 21 21 22 23 23 22 21 20 20 18 17 16 14 10 10 15 19 22 25 25 25 26 26 27 24 15 9 4 4 4 4 6 9 11 14 17 18 17 18 20 22 21 19 19 21 22 23 25 23 22 19 18 17 17 17 18 19 19 21 21 21 22 23 24 25 25 26 26 19 14 16 17 19 19 19 18 17 9 4 2 1 0 1 
16 14 12 12 12 14 13 13 15 15 18 19 21 22 23 22 19 17 15 16 19 21 23 23 22 20 18 16 13 12 11 11 11 11 12 16 18 21 22 22 23 22 22 21 20 20 18 17 16 14 10 11 16 21 23 24 24 25 28 28 29 27 19 12 6 4 4 4 5 5 10 12 17 17 17 17 19 23 18 18 19 19 21 22 25 23 22 19 17 16 17 17 18 19 19 21 21 21 21 22 23 24 25 28 28 21 15 17 18 19 21 19 18 16 9 4 2 1 0 1 
15 14 12 12 14 14 15 15 15 16 17 18 21 23 24 23 21 18 15 16 20 22 24 25 23 20 18 16 13 12 11 11 11 11 14 16 19 21 23 23 21 21 21 19 20 20 17 15 16 12 11 12 17 22 24 25 25 28 28 30 29 28 22 17 10 5 3 3 4 4 6 11 18 17 16 17 17 18 18 18 19 20 19 21 24 23 21 18 17 17 16 17 18 18 19 19 19 21 19 21 22 23 25 28 29 23 18 19 19 21 21 19 18 14 9 4 1 1 0 1 
14 14 11 13 15 16 16 17 17 17 17 18 19 22 23 24 21 18 16 17 19 23 24 25 23 20 18 16 13 12 11 11 11 11 15 17 21 22 22 22 21 21 21 19 20 20 17 15 15 12 11 12 17 22 24 25 25 28 28 26 26 25 22 19 16 9 3 2 2 4 6 6 9 12 15 16 16 17 17 17 18 19 19 21 23 23 21 18 17 17 16 17 18 18 18 19 19 19 21 21 22 23 24 28 30 24 16 18 19 19 19 19 18 14 9 4 1 1 0 1 
15 15 13 13 15 17 18 19 18 18 18 18 19 21 23 24 22 19 18 18 18 22 23 24 22 21 17 15 12 11 10 10 11 11 15 18 22 22 22 22 21 19 21 19 20 20 17 15 15 12 10 12 17 21 25 26 26 25 26 24 24 24 24 22 18 11 7 4 3 3 3 4 5 10 12 15 16 17 16 16 17 17 19 20 21 21 21 18 17 16 16 16 17 18 18 19 19 21 19 21 22 23 23 24 23 21 19 19 21 22 21 21 18 16 9 4 1 1 0 1 
16 15 16 15 16 18 19 21 19 19 19 19 18 20 23 25 25 21 17 17 18 22 23 24 22 21 17 15 12 11 10 10 11 11 15 18 22 22 22 22 19 19 19 19 20 20 17 14 15 11 10 14 18 21 25 26 26 25 25 24 24 24 24 24 21 14 10 6 4 3 3 3 4 7 10 12 14 15 15 15 15 16 17 18 19 21 19 18 17 16 16 16 16 17 17 18 18 18 19 19 21 22 22 23 22 19 19 18 21 21 21 19 18 14 8 4 1 1 0 1 
18 18 17 16 16 18 17 19 21 22 22 21 21 20 23 26 25 22 17 17 18 22 23 24 22 21 17 15 11 10 10 10 11 11 15 18 22 22 21 19 19 19 19 19 20 20 17 14 14 11 10 14 18 21 24 26 26 25 25 24 24 24 23 23 22 17 15 12 6 5 4 4 3 5 8 11 12 14 14 14 14 15 16 16 18 19 18 18 17 17 16 16 16 16 17 17 17 18 18 19 21 22 22 23 22 19 19 18 18 19 20 20 19 15 8 3 1 1 0 1 
19 19 18 18 17 17 16 17 19 22 23 23 23 22 24 25 25 24 18 17 17 22 23 24 22 21 17 15 11 10 10 10 11 11 15 18 22 22 21 19 19 19 19 19 20 20 17 14 14 11 10 14 18 19 22 25 24 25 25 24 24 24 23 23 22 22 19 16 10 5 4 4 3 4 6 9 11 14 12 14 14 15 16 16 18 18 18 18 17 17 17 16 16 16 17 17 17 18 18 19 19 21 22 23 22 21 19 19 18 18 20 22 21 15 6 3 1 1 0 1 
20 20 19 19 18 17 15 16 17 21 22 23 24 25 24 25 25 25 21 18 18 21 22 23 21 19 17 15 11 10 10 10 11 11 15 18 22 22 21 19 19 19 19 19 20 20 17 14 14 11 10 14 18 19 22 24 24 24 25 24 24 24 24 24 23 23 22 19 12 7 5 3 3 4 5 8 10 12 15 13 14 15 15 16 17 18 18 18 17 17 16 16 15 16 16 17 17 17 18 18 21 22 23 23 23 23 21 19 17 17 17 21 23 16 9 3 1 1 1 1 
19 19 19 19 18 16 15 15 17 19 22 24 26 26 25 25 26 28 24 21 19 19 21 22 19 19 17 14 10 10 10 10 12 12 16 18 22 22 21 19 19 19 19 19 20 20 17 14 14 11 10 14 17 18 19 23 24 24 25 24 24 23 24 24 23 23 21 18 16 9 5 3 3 3 4 5 8 11 15 12 12 14 15 15 17 17 17 17 17 17 16 15 15 15 16 16 16 17 17 19 21 22 23 24 23 23 21 17 15 13 15 18 22 15 8 2 1 1 1 1 
19 19 17 18 18 18 17 17 17 18 21 24 26 26 25 25 26 28 24 21 18 18 20 22 19 17 16 14 10 10 9 10 12 12 16 18 22 22 21 19 19 19 19 19 20 20 17 14 14 11 10 14 17 18 18 21 23 24 24 24 24 24 24 24 23 22 23 20 21 14 8 5 3 2 2 4 6 9 15 11 11 12 14 15 17 17 17 17 17 17 16 16 15 16 16 16 16 17 17 19 21 22 23 24 24 23 21 16 11 11 12 17 20 15 7 2 0 1 1 1 
18 18 17 18 21 21 21 19 18 18 21 23 26 26 25 25 26 28 25 22 18 17 19 19 18 17 15 12 10 10 9 10 14 15 17 19 22 22 21 21 21 21 21 19 20 20 17 14 14 11 10 14 17 18 18 19 21 23 24 23 24 24 24 23 22 22 23 20 19 17 14 9 3 2 1 3 5 7 12 10 10 11 12 14 16 17 17 17 17 17 16 16 15 16 16 16 16 17 18 19 21 22 22 24 23 23 21 16 11 11 12 16 20 13 6 2 1 1 1 1 
15 15 17 19 23 25 25 23 21 19 19 22 25 27 27 27 28 29 28 22 18 17 16 17 17 16 15 12 10 9 9 10 15 16 17 19 21 21 21 21 21 21 21 19 19 18 18 15 13 11 11 13 16 17 18 19 18 21 23 24 24 24 24 23 23 22 22 21 21 19 18 14 6 4 2 3 3 5 9 9 11 12 11 12 15 16 16 16 16 16 15 15 14 15 16 16 16 17 18 19 21 22 23 24 24 24 18 14 10 10 11 14 18 11 6 2 1 1 1 1 
13 15 16 17 22 25 25 24 23 21 19 22 24 26 27 29 28 30 29 23 18 17 17 16 16 15 14 11 10 9 9 11 16 17 18 19 21 21 21 21 21 21 21 21 19 18 18 15 13 11 11 13 16 15 18 19 17 18 21 22 24 24 23 23 23 22 22 22 21 21 21 17 9 3 2 3 3 4 8 9 10 11 10 12 15 16 16 16 16 16 15 15 14 15 16 16 16 17 18 19 21 22 23 24 24 23 16 12 9 9 11 14 18 10 6 2 1 1 1 1 
15 15 15 16 21 23 24 24 24 23 22 23 24 25 27 27 29 31 29 24 21 18 18 17 15 14 14 11 8 9 9 12 16 17 18 19 21 21 21 21 21 21 21 21 19 18 18 15 13 11 11 13 15 15 17 17 18 19 21 22 23 24 24 24 23 22 22 23 22 21 19 18 14 5 5 4 4 4 4 5 9 11 10 12 14 16 16 16 16 16 15 15 14 15 16 16 16 17 18 19 21 22 23 24 26 25 16 11 8 9 11 12 16 10 5 2 1 1 1 1 
16 15 15 16 16 18 19 19 21 22 23 23 24 25 26 27 30 31 29 25 22 18 18 17 15 14 12 11 8 9 10 14 17 18 18 19 21 21 21 21 21 21 21 21 19 18 18 15 13 11 11 13 15 15 17 17 18 19 21 22 23 23 24 24 23 23 22 23 23 23 21 21 19 11 6 5 4 4 3 4 6 10 10 12 14 16 16 16 16 16 15 15 14 15 16 16 16 17 18 19 21 22 23 24 26 26 15 11 7 9 11 12 15 10 4 2 1 1 1 1 
16 16 16 15 16 16 15 17 18 21 22 23 24 25 27 27 28 29 29 26 23 19 17 17 14 14 11 10 8 8 11 15 17 18 18 19 21 21 21 21 21 21 21 21 19 18 18 15 13 11 11 13 15 14 16 17 18 19 21 21 23 23 23 23 23 23 23 23 23 23 22 22 21 14 10 7 5 3 2 3 8 11 11 12 15 16 16 16 16 17 16 15 14 15 16 16 16 16 17 18 19 21 22 25 26 25 16 11 6 9 12 12 14 10 5 2 1 1 1 1 
18 17 16 16 15 16 17 18 19 21 21 22 25 27 27 27 28 28 28 25 23 19 17 16 12 12 11 10 8 9 12 16 17 18 18 19 21 21 21 21 21 21 21 21 19 18 18 15 13 11 11 13 15 15 17 18 19 20 21 22 22 23 23 23 23 22 23 23 23 23 21 21 23 18 14 8 5 3 2 3 4 6 10 12 13 16 16 16 16 16 16 15 14 15 16 16 16 16 17 18 19 21 22 25 26 25 16 11 6 9 12 12 14 10 5 2 1 1 1 1 
20 20 18 16 16 16 15 15 17 18 19 22 24 25 28 28 28 26 26 25 24 19 16 14 12 12 11 10 8 10 11 16 18 18 18 19 21 21 21 21 21 21 21 19 19 18 17 15 13 12 12 13 15 15 17 18 19 20 21 21 22 22 23 23 23 22 23 23 23 23 23 23 22 19 17 11 5 3 3 3 3 3 9 12 12 15 17 17 16 16 15 15 15 15 16 17 17 16 17 18 19 20 23 26 26 25 17 10 6 10 11 11 12 9 5 2 1 1 1 2 
24 22 21 18 16 16 16 16 17 17 18 21 24 25 26 28 28 28 26 25 24 21 17 15 12 11 10 10 8 10 12 16 18 18 18 19 21 21 21 21 19 19 19 19 19 18 17 15 13 12 12 13 15 15 17 18 19 20 21 21 22 22 22 22 22 22 23 23 23 23 24 24 22 23 21 15 8 4 3 3 2 2 8 11 12 14 16 17 16 16 15 15 15 15 16 17 17 16 17 18 19 22 23 26 26 25 17 10 5 10 11 11 11 9 5 2 0 1 1 2 
23 23 22 22 21 19 18 17 17 17 18 21 23 24 26 26 28 26 26 26 25 21 17 15 12 11 10 10 9 11 12 16 18 18 18 19 19 21 22 22 19 19 19 19 18 17 16 14 12 12 11 13 15 16 16 17 19 21 21 21 22 23 23 23 22 22 23 23 23 23 23 23 23 24 22 18 11 7 4 3 2 2 3 8 10 12 15 16 15 16 15 15 15 15 16 17 17 17 16 17 18 19 22 25 25 25 17 10 5 10 11 11 11 9 6 2 0 1 1 2 
22 22 23 23 23 22 19 18 18 17 18 19 21 23 25 25 26 26 26 26 25 22 18 15 12 11 10 10 9 12 14 17 18 18 18 19 19 21 22 22 19 19 19 18 18 17 16 14 12 12 12 13 16 17 18 18 19 21 21 21 22 22 23 23 22 22 22 23 23 23 23 23 23 24 23 22 16 9 5 3 1 1 2 5 8 10 15 16 15 15 15 15 15 15 16 17 17 17 16 17 18 20 22 24 23 23 17 10 5 10 10 10 10 8 5 2 0 1 1 2 
20 22 23 24 24 24 23 22 21 22 21 19 19 22 23 25 26 26 28 28 28 24 19 17 14 11 9 9 10 12 14 17 18 19 20 20 20 22 22 22 19 19 19 18 18 17 16 14 12 12 12 13 16 17 18 18 19 21 21 21 21 21 22 22 22 22 22 22 23 23 23 23 23 24 24 23 19 14 6 4 2 2 2 4 7 10 13 15 14 15 15 15 15 15 16 17 17 17 16 17 18 20 20 23 22 22 16 10 5 9 10 10 10 7 5 2 0 1 1 2 
19 20 23 24 25 25 25 25 23 23 21 19 19 19 22 24 25 26 28 26 26 24 19 17 15 10 8 9 11 14 15 17 18 19 20 20 20 20 20 20 19 19 19 18 18 17 16 14 13 13 13 14 17 18 19 19 21 21 21 21 21 21 22 22 21 21 22 22 22 23 23 23 23 23 23 22 19 17 11 6 3 3 2 3 5 8 13 16 15 15 15 15 15 15 16 17 17 17 16 17 18 20 20 22 22 22 16 10 6 8 10 11 10 7 5 2 0 1 1 2 
17 19 22 23 24 25 25 25 24 24 23 22 21 19 21 23 24 25 26 26 26 24 19 17 14 9 8 9 11 12 14 16 18 19 20 20 19 19 22 22 19 19 19 18 18 17 16 14 13 13 13 14 17 18 19 19 21 21 21 21 21 21 22 22 21 21 21 22 22 22 23 23 22 22 22 21 19 19 16 9 4 3 3 3 4 5 11 17 15 14 14 14 14 14 15 16 16 16 17 17 18 19 20 20 19 19 16 9 6 8 9 11 12 6 3 2 0 1 1 2 
16 18 21 21 22 23 24 24 25 24 24 23 22 19 19 22 24 24 25 25 25 23 19 17 14 9 7 9 11 12 15 17 18 19 20 20 19 19 20 20 19 19 19 18 17 16 16 14 13 13 13 15 17 18 19 19 21 21 21 21 21 21 22 22 21 21 21 21 21 22 22 22 22 22 21 21 21 21 22 14 8 5 3 3 4 4 9 17 15 14 14 14 14 14 15 16 16 16 16 16 17 18 18 19 18 18 15 9 6 8 9 11 11 6 4 2 0 1 1 2 
13 15 18 18 19 20 22 24 25 25 25 24 23 22 22 22 22 23 23 24 24 23 19 16 14 9 7 9 11 12 15 17 18 19 20 20 19 19 19 19 19 19 18 18 17 16 15 14 14 14 13 15 18 19 19 21 21 21 21 21 21 21 23 23 21 21 21 21 21 22 22 22 22 22 22 22 22 23 24 19 13 8 4 2 2 2 6 12 12 14 14 12 12 14 14 14 15 15 16 16 17 17 17 18 18 17 15 10 7 9 9 11 8 5 3 2 0 1 1 2 
12 14 14 15 17 18 19 20 22 24 25 25 26 25 23 22 22 22 23 23 23 23 19 16 12 8 8 9 12 12 15 18 18 19 20 20 19 19 19 19 19 19 18 18 17 16 15 14 14 14 14 16 18 19 21 21 22 22 22 22 22 22 23 23 21 22 21 21 21 21 21 21 21 22 22 22 22 24 24 21 17 10 4 1 2 2 4 8 10 11 12 12 12 12 14 14 15 15 16 16 17 17 17 18 18 17 18 11 8 9 9 11 8 5 3 2 0 0 1 1 
12 12 13 13 12 13 15 17 19 22 23 25 27 27 24 23 21 22 22 23 24 24 19 16 12 9 8 9 11 14 15 17 19 19 20 20 19 19 19 19 18 18 18 17 16 15 15 13 13 13 15 17 19 20 22 22 22 22 22 22 22 22 22 22 21 22 21 19 19 21 21 21 21 22 22 22 24 26 25 21 16 12 8 4 3 3 4 5 6 10 10 12 12 12 12 14 15 15 16 16 17 18 18 19 20 22 22 19 14 13 10 10 7 4 4 2 0 0 1 1 
12 12 13 13 12 12 13 13 16 19 21 23 26 29 25 24 23 23 23 23 25 25 21 17 12 9 9 10 12 15 16 18 19 19 20 20 19 19 21 21 18 17 17 16 16 15 14 13 13 13 16 18 19 22 22 22 22 22 22 22 22 22 22 22 22 21 21 19 19 19 21 21 21 22 22 23 25 25 25 25 22 18 14 7 5 4 5 5 6 6 8 10 12 12 12 14 15 15 16 16 17 18 19 20 23 25 26 25 21 18 12 10 7 4 3 2 0 0 1 1 
12 13 14 14 13 13 13 13 15 16 19 22 24 26 25 25 25 24 24 25 25 25 19 16 11 9 9 11 14 16 17 18 19 19 20 20 19 19 19 19 18 17 17 16 15 14 14 14 13 14 16 18 19 22 22 22 22 22 22 22 23 23 23 23 22 21 21 19 19 19 19 19 21 21 22 23 24 24 26 26 23 22 19 12 8 5 5 4 5 5 5 8 11 11 12 14 14 14 16 16 17 18 19 20 23 26 28 26 28 24 18 14 9 7 3 2 0 0 1 1 
14 15 16 16 16 16 16 16 16 17 18 19 22 24 25 25 26 25 25 25 26 25 19 15 9 7 10 12 15 17 18 19 19 19 20 20 19 19 19 19 18 17 17 16 15 14 14 14 13 15 17 19 20 22 22 22 22 22 22 22 23 23 23 23 22 21 21 21 19 19 18 19 21 21 22 23 24 24 26 26 24 23 24 19 11 5 5 4 4 4 4 5 8 11 14 14 14 14 16 16 17 17 19 22 24 26 29 29 31 28 23 17 12 8 3 2 0 1 1 1 
16 18 19 19 18 18 19 19 17 18 18 17 22 24 24 24 24 24 24 25 25 24 18 14 8 6 10 12 16 18 18 19 19 19 18 18 18 18 18 18 17 17 16 16 15 14 14 14 14 16 18 19 20 22 22 22 23 23 23 23 23 23 23 23 22 22 21 21 19 18 18 18 19 22 22 23 24 25 25 25 25 24 24 22 14 7 4 4 4 4 4 4 6 10 14 15 15 14 16 16 17 18 18 20 24 29 29 30 30 27 25 21 16 10 5 2 0 1 1 1 
18 19 21 21 19 19 20 20 19 18 19 19 22 23 23 23 23 23 22 24 26 24 18 14 7 6 10 14 16 18 18 19 19 18 18 18 18 18 18 18 17 17 16 16 15 15 15 15 15 16 18 20 20 22 22 22 23 23 23 23 23 23 23 23 22 22 21 21 18 18 18 19 21 22 22 23 24 25 25 25 26 25 25 25 21 9 5 4 3 3 3 4 6 8 11 14 14 14 16 16 17 18 18 20 24 27 28 29 31 29 25 23 22 13 5 2 0 1 1 1 
19 21 21 22 21 21 21 21 18 18 21 21 22 22 22 23 22 22 21 23 25 23 18 13 7 6 11 15 16 18 18 19 19 18 17 18 18 18 18 18 17 17 16 16 15 15 15 15 16 17 19 20 20 22 22 22 23 23 23 23 22 22 22 22 22 22 22 21 18 17 18 19 21 22 23 23 24 25 25 26 27 27 26 25 24 15 10 5 3 3 3 4 5 5 9 12 14 14 15 15 16 17 17 18 23 26 29 30 30 28 27 27 23 15 5 2 0 1 2 2 
21 22 22 23 23 22 22 22 19 21 22 23 23 23 22 21 19 18 17 17 18 17 16 12 6 8 11 14 16 18 18 18 18 18 17 18 18 17 17 17 17 17 16 16 15 15 15 16 16 17 19 20 22 22 23 23 23 23 23 23 22 22 22 22 22 22 22 21 18 16 18 19 21 23 23 24 25 26 26 25 26 26 25 25 24 23 17 6 3 3 3 3 5 8 10 12 14 15 15 15 16 17 17 19 24 29 31 32 33 32 31 32 26 18 6 2 1 1 2 2 
21 22 22 23 23 22 22 22 20 20 19 21 23 23 22 21 22 16 15 16 16 14 12 10 9 10 11 14 16 17 17 18 18 18 18 19 18 17 17 17 17 17 16 16 15 16 16 16 18 19 19 19 21 21 22 22 22 22 23 23 22 22 22 22 21 21 21 19 18 18 18 19 21 22 24 24 25 26 26 26 26 25 25 24 25 25 22 12 6 4 3 3 3 6 11 13 15 16 15 15 16 17 19 22 25 29 32 36 40 42 40 40 39 26 10 3 1 1 1 1 
21 23 23 24 23 23 23 22 20 19 18 18 19 21 22 22 22 20 19 18 17 15 14 10 9 11 12 14 16 17 17 17 18 17 18 19 17 17 17 17 16 16 16 16 15 16 16 16 18 19 19 19 21 21 22 22 22 22 23 23 22 22 22 22 21 21 21 19 17 18 19 19 22 23 24 24 25 26 26 26 26 25 25 25 26 25 25 19 12 5 3 3 3 4 11 13 15 16 15 16 18 17 19 22 25 29 33 40 54 63 59 59 55 38 15 3 0 1 2 2 
23 24 24 26 25 25 25 25 23 19 16 16 16 18 22 22 24 26 26 27 18 14 10 8 9 11 12 14 16 17 17 17 17 17 18 18 18 18 18 18 16 16 16 16 15 16 16 17 18 19 19 19 21 21 22 22 22 22 22 22 22 22 21 21 20 22 19 18 18 18 19 19 22 24 24 25 26 28 28 26 26 25 26 25 25 25 26 27 19 11 4 3 2 3 10 13 16 17 16 17 18 18 21 22 24 29 48 60 74 80 76 79 73 49 18 5 1 1 1 1 
23 24 25 26 26 25 26 26 23 21 16 16 15 17 19 21 24 26 25 27 19 14 9 7 9 11 14 14 16 17 17 17 17 17 18 18 18 18 18 18 16 16 16 16 15 16 16 17 18 19 19 19 21 21 22 22 22 22 22 21 21 21 21 21 20 20 18 18 19 19 21 19 22 23 25 25 26 28 28 26 26 25 26 25 25 25 26 26 23 17 8 3 2 2 8 12 16 19 15 16 18 19 22 22 24 28 60 71 86 96 89 91 86 58 22 5 1 1 1 1 
23 24 27 29 26 26 28 26 25 22 17 16 15 15 17 19 22 23 24 24 19 15 10 7 9 11 14 14 16 17 17 17 17 17 18 18 18 18 18 18 16 16 16 16 15 15 16 17 18 18 18 19 21 21 22 22 22 22 22 21 21 21 21 21 20 19 18 18 18 18 19 21 23 24 25 25 26 28 28 26 26 25 26 26 26 28 28 26 25 23 14 7 2 3 6 11 12 17 14 14 17 19 21 22 23 26 77 130 136 109 107 111 95 63 24 6 1 1 1 1 
24 25 27 29 28 26 28 26 26 23 18 17 15 15 16 19 22 23 24 23 20 16 10 8 10 12 14 15 16 17 17 17 17 17 18 18 18 18 18 18 16 16 16 16 16 16 16 17 18 18 18 19 19 21 21 21 22 22 22 21 21 21 19 19 19 19 18 18 18 19 21 21 23 24 25 25 26 28 28 26 26 25 26 26 26 29 29 29 28 28 21 12 3 3 6 6 8 16 11 12 16 18 19 19 24 32 80 130 137 109 107 111 97 63 23 6 1 1 1 1 
24 25 26 28 26 26 26 26 26 24 21 18 17 16 18 21 22 23 24 24 19 16 11 9 12 12 14 14 15 16 16 16 17 17 18 18 18 18 18 18 16 16 17 16 16 16 17 17 19 19 18 19 19 21 21 21 22 22 22 21 21 21 19 19 19 19 18 18 18 19 22 21 23 25 25 26 28 29 29 26 26 26 27 27 27 30 30 30 29 30 23 17 9 5 5 5 5 12 9 10 14 17 17 18 29 42 74 127 139 112 106 111 99 66 24 7 2 2 1 1 
24 26 29 29 28 28 28 26 26 25 24 23 21 21 22 23 24 25 25 24 21 16 11 10 12 14 12 14 15 16 16 16 16 16 17 17 17 17 17 17 16 16 17 17 17 17 17 18 19 19 19 19 19 21 21 21 22 22 22 21 21 21 19 19 18 18 18 18 19 19 21 22 23 25 25 26 28 29 29 28 26 26 27 27 27 27 29 30 29 29 26 22 16 8 4 5 3 8 8 9 14 15 16 16 30 40 57 107 136 121 108 110 97 66 23 6 2 2 1 1 
23 24 27 27 26 25 25 25 26 26 25 24 24 23 23 25 26 28 28 25 24 18 15 14 14 14 14 14 15 16 16 16 16 16 17 17 17 17 17 17 17 17 17 18 18 18 18 19 19 19 20 20 20 20 22 22 21 22 21 21 21 21 19 19 18 18 18 18 19 21 22 23 24 24 25 25 26 28 28 28 26 26 27 26 25 25 29 29 28 28 27 24 19 11 5 4 3 6 9 9 12 14 16 16 25 31 50 96 131 121 108 108 95 65 22 5 1 1 1 1 
16 18 22 23 21 18 19 19 23 24 25 25 24 23 25 28 29 31 30 26 24 18 17 17 16 15 14 15 15 16 16 16 16 16 17 17 17 17 17 17 17 17 17 17 18 18 18 19 19 19 19 20 19 20 22 22 21 22 21 21 21 21 19 18 18 17 18 18 19 22 23 23 24 25 25 26 28 28 28 26 26 26 27 26 26 26 29 29 28 29 29 29 26 17 8 4 2 3 5 9 12 12 16 16 22 24 35 81 127 121 106 104 92 63 22 6 1 1 1 1 
12 14 15 16 16 16 15 16 19 22 23 24 23 23 25 28 29 30 30 26 23 18 18 21 17 16 15 15 15 16 15 16 15 16 16 16 16 16 16 16 17 18 17 17 18 18 18 19 19 19 19 20 20 20 21 21 21 21 21 21 21 19 20 19 18 17 19 20 19 22 23 23 24 25 25 26 28 28 28 26 26 26 25 25 25 26 27 29 28 29 28 28 29 23 10 4 2 2 4 6 9 11 14 15 19 22 34 66 115 122 107 101 89 60 21 6 1 1 1 1 
10 12 14 15 15 16 15 14 17 20 22 23 23 23 25 29 30 29 29 25 22 19 19 22 19 18 16 15 15 16 15 16 15 16 16 16 16 16 16 16 18 18 17 18 18 19 19 19 20 20 20 22 20 22 21 21 21 21 21 21 21 19 20 19 18 18 19 20 21 22 23 24 25 25 26 26 28 28 28 26 26 26 25 25 25 26 27 29 28 29 29 29 30 29 17 8 2 3 2 5 9 10 12 15 18 19 34 51 86 113 108 99 88 59 21 7 1 1 1 1 
10 12 14 15 16 17 17 16 17 21 19 23 23 24 25 28 30 28 29 24 22 19 21 22 19 17 16 16 15 15 15 15 14 15 16 16 16 17 17 17 18 19 18 18 19 19 19 20 20 20 19 21 21 21 21 21 21 21 21 19 20 20 18 19 18 18 19 21 21 22 22 23 24 25 26 26 26 28 26 26 27 26 26 26 25 25 27 27 29 29 29 29 30 29 25 19 13 3 2 5 6 9 10 14 19 23 31 37 67 104 108 97 87 57 21 8 2 2 0 1 
10 12 14 16 16 18 19 22 22 23 18 23 24 25 25 26 29 28 30 24 22 21 21 22 19 18 17 16 15 15 15 15 15 15 15 15 16 16 16 17 18 18 18 18 19 19 19 20 20 20 19 21 21 21 21 21 21 21 19 19 20 20 19 19 18 19 19 21 21 22 23 24 24 25 26 26 28 26 26 26 26 26 26 26 25 25 27 29 29 29 28 29 30 30 30 28 23 8 3 4 4 6 9 11 17 22 28 32 57 96 104 95 84 53 21 8 2 2 0 1 
12 13 16 18 18 20 24 30 26 25 24 24 24 25 27 25 25 26 29 24 23 22 22 22 21 19 19 17 16 15 15 15 15 15 15 15 16 16 16 17 18 19 18 19 19 20 20 22 21 21 21 22 21 21 21 21 22 22 20 20 19 19 21 21 19 21 22 22 22 22 23 24 24 25 26 28 28 26 26 26 25 25 25 25 25 25 27 29 29 30 29 30 30 31 32 32 29 14 5 4 3 4 6 10 14 19 23 28 53 93 101 93 80 49 22 8 2 2 1 1 
15 16 18 20 20 24 26 30 30 31 30 29 26 24 26 23 22 26 26 23 24 23 23 23 22 21 21 18 17 16 15 14 15 15 15 15 16 16 16 17 18 18 18 18 19 20 22 23 22 21 21 22 21 21 21 21 20 20 20 20 19 19 21 21 19 21 22 23 22 22 23 24 24 25 26 28 28 26 26 26 25 25 25 25 25 25 27 29 29 30 30 30 30 31 33 32 31 16 7 4 3 4 6 8 13 19 22 26 50 87 97 92 77 47 19 7 2 2 1 1 
15 16 18 21 22 24 28 30 30 31 31 30 30 27 26 22 22 24 25 24 24 23 24 24 22 21 22 19 17 16 15 14 15 15 15 15 16 16 16 16 17 18 18 19 19 20 22 23 23 22 21 22 21 21 22 20 20 20 19 20 19 19 21 21 19 21 21 22 22 22 22 23 24 25 26 28 26 26 26 25 25 25 25 25 25 25 29 29 30 30 31 31 31 32 33 32 33 17 8 7 3 5 8 10 13 21 25 29 50 80 94 90 72 45 18 7 2 2 1 1 
15 17 18 22 23 25 28 29 29 30 30 30 32 32 29 24 22 22 23 23 23 23 24 24 22 21 22 19 17 16 15 14 15 15 15 15 16 16 16 16 17 18 18 19 19 20 22 23 23 22 21 22 21 21 22 20 20 20 19 20 19 19 21 21 19 21 21 22 22 22 22 23 24 26 26 26 26 26 26 25 25 25 24 25 25 26 29 30 30 30 31 31 31 32 32 33 35 25 16 8 5 5 6 9 11 19 29 30 47 75 93 89 67 44 18 6 2 2 1 1 
16 17 19 23 24 25 28 29 30 31 31 31 33 33 32 26 21 21 22 22 22 22 23 23 21 21 21 18 17 16 15 14 16 16 15 15 16 16 16 17 17 17 17 17 19 20 22 23 23 22 22 23 22 22 21 19 20 20 19 20 19 19 19 19 21 21 21 22 22 22 23 23 24 25 26 26 26 26 26 25 25 25 25 25 26 27 28 29 30 30 31 31 31 31 33 33 36 32 24 15 7 7 5 6 10 18 28 29 44 73 92 87 66 43 17 7 2 2 1 1 
16 18 21 23 24 26 29 30 31 32 32 33 34 33 31 25 21 21 22 21 21 22 23 23 21 21 21 18 17 16 15 14 16 16 15 15 16 16 16 16 17 18 17 18 19 20 22 22 22 22 22 23 22 22 21 19 20 20 19 20 19 19 19 19 21 21 21 22 22 22 23 23 23 24 25 26 26 26 25 25 25 25 25 25 26 27 28 29 30 30 30 30 31 31 32 32 34 34 29 22 12 7 5 6 9 18 26 29 43 73 90 86 65 43 17 7 2 2 1 1 
17 19 22 23 24 28 31 31 32 33 32 32 34 32 29 24 21 19 19 19 21 21 22 22 21 21 19 18 17 16 15 15 15 16 16 16 16 16 16 16 17 18 18 19 18 19 21 21 22 22 22 22 20 20 21 19 20 20 18 19 19 19 19 19 21 21 21 22 22 22 22 23 23 24 25 26 25 26 26 25 25 25 25 25 26 26 29 30 30 30 29 30 30 31 30 31 33 33 33 26 16 10 7 7 7 19 25 28 43 72 90 85 63 39 17 7 2 2 1 1 
16 18 21 22 25 28 30 31 32 33 31 32 33 29 25 22 19 19 18 19 19 21 21 21 21 21 19 18 17 17 16 15 16 16 17 17 16 17 17 17 17 18 18 19 18 19 19 21 22 22 22 22 22 20 19 19 20 20 19 19 19 19 19 19 21 21 21 22 22 22 22 23 23 24 24 25 25 26 26 25 25 25 25 25 25 26 27 29 29 30 29 30 30 30 31 32 32 33 34 37 26 15 7 6 7 18 24 29 43 73 89 82 60 38 16 7 2 2 1 1 
18 19 21 24 25 29 31 31 32 32 31 31 30 25 19 18 18 18 18 18 19 21 21 21 19 19 19 18 18 18 17 17 15 15 17 17 16 17 17 17 17 18 17 18 19 20 21 21 22 22 22 23 22 20 19 19 20 20 20 20 19 19 19 19 19 19 21 21 22 22 22 23 23 23 24 25 25 25 25 25 25 25 26 25 26 26 27 29 29 30 29 30 30 30 31 31 31 32 33 38 33 19 7 6 7 16 24 30 44 73 88 80 59 37 14 5 2 2 1 1 
18 19 22 24 28 30 31 32 32 32 32 30 27 22 18 17 17 18 18 18 19 21 21 21 19 19 19 18 18 18 17 17 15 15 17 17 16 17 17 17 17 18 18 18 20 20 21 22 22 22 23 23 22 20 19 19 20 20 20 20 19 19 19 19 21 21 21 21 22 22 22 23 23 24 24 24 24 25 25 25 25 25 26 26 26 26 27 29 29 29 30 30 31 30 31 31 31 30 32 35 35 24 12 6 7 15 22 29 44 72 87 80 59 37 13 6 2 2 1 1 
19 20 23 25 29 31 32 32 34 34 33 29 23 18 15 16 16 17 17 18 19 21 22 22 19 19 19 18 17 17 16 16 16 16 17 17 17 18 18 18 18 19 18 18 19 19 22 23 22 22 22 22 23 20 20 20 20 19 20 20 19 21 19 19 21 21 21 21 21 22 22 23 23 24 24 24 24 25 25 25 26 26 28 26 26 26 29 29 29 29 30 30 30 31 31 31 31 31 31 33 34 40 25 16 9 15 22 27 44 72 87 80 60 39 13 6 1 1 0 1 
20 22 24 28 30 32 32 32 33 32 31 26 20 16 14 15 16 16 17 18 19 21 22 22 19 19 19 18 17 17 16 16 16 16 17 17 17 18 18 18 18 19 18 18 19 19 22 23 22 22 22 22 22 20 20 20 20 19 20 20 19 21 19 19 21 21 21 21 21 22 22 22 23 24 24 24 24 25 25 25 26 26 28 26 28 28 29 29 29 29 30 30 30 30 31 31 32 31 31 32 34 38 31 19 12 15 17 24 44 74 87 79 61 43 15 6 1 1 0 1 
21 22 25 28 30 31 32 33 32 30 27 23 17 14 14 14 15 15 16 17 18 19 19 19 18 18 18 17 17 17 16 16 15 15 16 16 17 18 18 18 17 18 18 18 19 19 19 21 22 22 22 22 20 20 19 19 20 19 20 20 21 21 21 21 21 21 21 21 21 22 22 22 23 24 23 23 23 24 24 24 25 25 26 25 26 26 26 26 26 26 29 30 30 30 30 30 32 31 31 31 34 37 33 28 18 12 13 21 45 74 87 79 63 42 16 6 1 1 1 1 
22 24 25 29 30 30 32 33 33 30 26 20 16 14 14 12 14 15 16 17 18 19 19 19 18 18 18 17 17 17 16 16 15 15 16 16 17 18 18 18 17 18 19 19 19 19 19 21 20 20 20 20 19 20 18 19 19 20 20 22 21 21 21 21 21 21 21 21 21 22 22 22 23 23 23 23 23 24 24 24 24 25 25 25 26 26 26 26 26 26 29 29 30 31 30 30 32 31 30 31 33 36 35 35 29 12 8 21 45 73 86 80 64 43 16 6 1 1 1 1 
21 23 26 29 29 30 30 32 31 26 24 19 15 14 14 14 14 15 16 17 17 18 17 17 17 17 17 17 16 16 16 16 15 15 16 16 16 17 18 18 18 18 18 18 19 19 19 21 20 20 20 19 19 19 19 19 20 22 19 21 21 22 21 21 21 21 21 22 22 22 22 22 22 22 23 23 23 23 23 23 23 23 24 25 26 25 25 26 26 26 27 30 30 30 30 30 31 32 32 32 34 34 34 34 28 15 8 18 42 71 87 82 67 46 21 6 1 2 1 1 
22 23 26 29 29 29 28 31 29 25 22 19 15 14 14 14 14 15 16 16 17 17 17 17 17 17 17 16 16 16 16 16 15 15 16 16 16 16 17 18 17 17 18 18 19 19 19 21 20 20 19 19 19 20 19 19 22 22 21 21 21 22 22 21 21 21 21 22 22 22 22 22 22 21 22 22 22 23 23 22 23 23 24 24 25 25 25 25 25 25 27 30 30 30 30 30 31 32 32 33 34 34 36 36 33 18 8 15 36 67 89 89 72 48 19 5 1 2 1 1 
22 23 26 29 29 29 28 30 29 23 18 17 15 15 16 16 15 16 16 16 16 16 16 16 16 16 16 16 16 16 16 16 16 16 16 16 16 16 16 17 17 17 18 18 20 20 20 22 19 19 18 18 19 20 20 20 22 22 21 21 21 21 21 21 21 21 21 21 21 21 21 21 21 21 22 22 23 23 23 22 22 22 23 23 24 24 25 25 25 25 26 29 29 29 31 31 30 31 31 32 34 34 35 36 36 25 9 11 22 57 94 101 67 41 20 5 2 2 1 1 
23 23 26 29 29 29 28 30 28 21 17 16 14 15 16 16 15 15 15 16 16 16 16 16 16 16 16 16 16 16 16 16 16 16 16 16 16 16 16 17 17 18 18 18 20 20 20 20 18 18 18 18 19 20 20 20 22 22 21 21 21 21 21 21 21 21 21 21 21 21 21 21 21 21 22 22 22 23 22 22 21 21 22 23 24 24 24 25 25 25 26 28 29 29 30 31 30 31 31 32 34 36 35 37 38 33 12 9 18 50 96 109 72 40 19 5 2 2 1 1 
25 24 27 30 30 30 28 30 30 18 15 14 15 14 15 15 14 15 15 15 16 16 16 16 16 16 16 16 16 16 16 16 16 16 16 16 16 16 16 17 17 18 18 18 19 19 20 20 18 18 18 18 20 20 20 20 20 20 21 21 21 21 21 21 21 21 21 21 21 21 21 21 21 21 22 22 22 23 22 22 22 22 22 23 24 24 24 25 25 26 26 28 29 29 29 29 30 31 31 32 32 33 36 38 39 38 16 7 13 42 96 111 75 42 17 6 2 2 1 1 
26 25 27 30 30 30 28 29 32 16 14 14 14 14 15 15 14 14 15 15 16 16 16 16 16 16 16 16 16 16 16 16 16 16 16 16 16 16 16 17 17 18 18 18 19 19 19 19 18 18 18 18 20 20 20 20 20 20 19 19 19 19 19 19 19 19 19 19 19 19 19 19 19 19 20 20 22 22 22 22 22 22 22 22 23 23 24 24 24 26 26 28 29 29 29 29 30 31 31 31 31 32 36 38 39 42 19 6 8 29 85 105 72 36 13 6 2 2 1 1 
27 26 26 30 31 30 29 27 29 14 14 12 14 12 13 13 15 15 14 15 15 16 16 16 16 16 16 16 16 16 16 16 16 16 16 16 16 16 16 17 17 18 18 17 17 17 18 18 19 19 19 19 19 19 19 19 19 19 19 19 19 19 19 19 19 19 19 19 19 19 19 19 19 19 20 20 22 22 22 22 22 22 22 22 23 23 24 24 24 26 26 28 29 29 29 29 30 31 31 31 31 32 34 37 38 43 26 9 6 18 75 96 65 29 10 4 1 1 0 1 
27 22 25 30 31 30 29 25 22 11 12 12 12 12 12 13 13 13 14 14 15 15 16 16 16 16 16 16 16 16 16 16 16 16 16 16 16 16 16 17 17 17 18 17 17 17 18 18 19 19 19 19 19 19 19 19 19 19 19 19 19 19 19 19 19 19 19 19 19 19 19 19 19 19 20 20 22 22 22 22 22 22 22 22 23 23 24 24 24 26 26 28 29 29 29 29 30 31 31 31 31 31 34 37 38 40 31 18 9 15 66 87 54 18 6 5 1 1 1 1 
26 23 29 32 30 28 28 24 16 12 11 11 11 11 11 11 13 13 12 14 14 15 15 15 15 16 15 15 15 15 15 15 16 16 16 16 16 16 16 16 17 18 17 17 18 18 17 17 18 18 19 19 20 20 20 20 20 20 20 20 20 20 20 20 20 20 19 19 19 19 19 19 19 19 22 22 23 23 23 23 23 23 22 23 23 23 24 24 24 26 26 28 29 29 29 29 30 31 31 31 31 31 34 37 39 41 33 19 12 19 68 75 43 15 5 3 1 1 1 1 
28 29 32 33 30 25 25 22 14 11 11 11 11 11 11 11 12 13 12 14 14 15 15 15 15 16 15 15 15 15 15 15 16 16 16 16 16 16 16 16 17 18 17 17 18 18 17 17 18 18 19 19 19 19 19 19 19 19 20 20 20 20 20 20 20 20 19 19 19 19 19 19 19 19 22 22 23 23 23 23 23 23 22 23 23 23 24 24 24 26 26 28 29 29 29 29 30 31 31 31 31 31 34 37 38 41 37 26 15 8 24 39 23 10 5 3 1 1 0 1 
29 31 32 33 29 24 23 19 10 10 11 11 11 11 11 12 12 12 13 15 14 15 15 15 15 15 15 15 15 15 15 15 15 15 15 15 16 16 16 16 16 17 18 18 18 18 17 17 18 18 19 19 19 19 18 18 18 18 20 20 20 20 20 20 20 20 19 19 19 19 19 19 20 20 21 21 22 22 23 23 23 24 23 24 24 24 24 25 25 26 26 28 29 29 29 29 30 31 31 31 32 33 34 37 36 37 37 29 17 11 13 17 18 11 5 3 1 1 0 1 
33 36 36 35 28 21 21 14 8 10 11 11 11 10 11 12 12 12 13 15 14 15 15 15 15 15 15 15 15 15 15 15 15 15 15 15 16 16 16 16 16 17 18 18 18 18 17 17 18 18 19 19 19 19 18 18 19 19 20 22 22 22 22 22 22 22 21 21 21 21 21 21 22 22 21 22 22 22 23 23 23 24 23 24 24 24 24 25 25 26 26 29 29 29 29 29 31 31 31 32 32 33 34 36 36 37 38 37 23 11 10 13 16 10 5 4 1 1 0 1 
44 44 43 40 35 26 24 17 11 11 10 10 11 11 11 12 12 12 13 15 14 15 15 15 15 15 15 15 15 15 15 15 15 15 15 15 16 16 16 16 16 16 17 17 17 17 18 18 17 17 18 18 18 18 18 18 19 19 20 22 22 22 22 22 22 22 21 21 21 21 21 21 22 22 21 22 22 22 23 23 22 23 24 25 25 25 24 25 25 26 26 28 29 30 30 30 30 31 32 32 33 33 33 36 38 39 39 42 30 13 10 12 9 8 3 3 1 0 0 1 
56 50 52 51 45 35 30 23 13 12 10 10 11 11 11 12 12 12 13 15 14 15 15 15 15 15 15 15 15 15 15 15 15 15 15 15 16 16 16 16 16 16 17 17 17 17 18 18 17 17 18 18 18 18 18 18 19 19 20 22 22 22 22 22 22 22 21 21 21 21 21 21 22 22 21 22 22 22 23 23 22 23 24 25 25 25 24 25 25 26 26 28 29 30 30 30 30 31 32 32 33 33 33 34 37 39 40 43 35 17 11 10 6 5 3 3 1 1 0 1 
61 56 59 59 54 46 40 24 14 11 10 10 11 11 11 11 12 12 13 13 12 14 14 14 14 14 14 14 14 14 14 14 14 15 14 14 15 15 15 15 15 15 17 17 17 17 18 19 18 17 18 18 18 18 18 18 19 19 20 22 22 23 23 22 23 23 22 22 22 22 22 22 23 23 22 22 22 22 23 23 23 23 23 24 24 24 25 25 25 26 26 29 29 30 30 30 30 31 32 32 33 34 34 36 38 39 40 41 38 27 16 12 7 6 3 2 1 1 0 1 
61 64 63 61 60 52 44 25 16 11 10 10 11 11 11 11 12 12 13 13 12 12 12 12 14 14 14 14 14 14 14 14 14 15 14 14 15 15 15 15 15 15 17 17 17 17 18 19 18 18 18 19 19 19 19 19 19 19 20 20 22 23 23 22 23 23 22 22 22 22 22 22 23 23 22 22 22 22 23 23 23 23 23 24 24 24 25 25 25 26 26 29 29 30 30 30 31 31 32 33 33 34 34 36 37 39 40 39 39 36 23 16 7 6 3 2 2 1 0 1 
52 50 50 52 58 60 54 38 18 10 10 10 9 9 9 10 10 10 12 13 12 12 12 12 12 14 14 14 14 14 14 14 14 14 14 14 15 15 15 15 15 15 16 16 16 16 16 17 18 18 19 19 19 19 18 18 18 19 19 19 22 22 21 21 21 22 22 22 22 22 22 21 22 22 22 22 23 22 23 23 24 25 24 24 25 25 25 25 25 26 26 29 29 30 30 30 30 30 32 33 34 33 34 34 36 37 38 39 40 39 36 18 10 8 3 2 1 0 0 1 
37 36 37 40 46 50 46 36 18 10 10 10 9 9 9 9 10 10 12 12 11 11 11 11 12 12 12 12 12 12 12 12 12 14 12 12 14 14 14 14 14 15 15 16 16 16 16 16 18 18 18 18 19 19 18 17 18 19 19 19 22 22 21 21 21 22 23 23 23 22 22 21 22 22 22 22 23 22 23 23 24 25 24 24 25 25 25 25 25 28 28 29 29 30 30 30 30 30 32 33 34 33 34 36 36 36 38 38 40 40 38 25 12 8 3 2 1 1 0 0 
31 30 31 33 41 44 40 31 17 10 11 11 9 9 9 9 10 10 12 12 11 11 11 11 11 12 12 12 12 12 12 12 12 14 12 12 14 14 14 14 14 14 15 15 15 15 15 16 16 16 16 17 16 17 18 18 18 18 19 20 19 21 21 19 21 23 23 23 23 22 22 21 21 21 22 22 22 22 22 22 22 23 24 24 25 25 25 25 25 28 28 29 30 30 30 30 30 30 31 32 33 32 33 35 36 37 37 38 40 42 38 30 16 8 3 2 1 1 0 0 
32 33 33 36 41 43 37 29 18 15 12 11 9 9 9 9 10 10 12 12 11 11 11 11 11 12 12 12 12 12 12 12 12 14 12 12 14 14 14 14 14 14 15 15 15 15 15 16 16 16 16 16 16 17 18 18 18 18 19 20 19 19 19 19 21 23 23 23 23 22 22 21 21 21 22 22 22 22 22 22 22 23 23 24 24 24 26 26 26 28 28 30 30 30 30 30 30 30 31 32 33 33 33 35 36 37 37 39 42 42 38 33 18 7 3 1 1 1 0 0 
31 34 35 37 39 38 32 25 18 15 12 12 11 9 9 9 10 10 12 12 11 11 11 11 11 12 12 12 12 12 12 12 12 14 12 12 14 14 14 14 14 14 15 15 15 15 15 16 16 16 16 16 16 17 18 18 18 18 19 20 19 19 19 19 21 23 23 23 23 22 22 21 21 21 22 22 22 22 22 22 22 23 23 24 24 24 26 26 26 29 29 30 30 30 30 30 30 30 31 32 32 33 33 33 35 36 38 40 43 42 38 37 19 7 3 2 1 1 1 1 
34 38 36 38 39 37 31 25 21 17 15 14 11 9 9 9 10 10 12 12 11 11 11 11 11 12 12 12 12 12 12 12 12 14 12 12 14 14 14 14 14 14 15 15 15 15 15 16 16 16 16 16 16 17 18 18 18 18 19 20 19 19 19 19 21 23 23 23 23 22 22 21 21 21 21 21 21 21 21 21 21 22 23 24 24 24 26 26 26 29 29 30 30 30 30 30 30 30 31 31 32 33 33 33 35 36 39 41 43 42 38 38 24 8 3 2 1 1 1 1 
35 37 37 39 40 37 31 27 25 22 17 12 11 9 9 8 9 10 12 12 12 12 12 12 12 13 13 13 12 12 12 12 12 14 12 12 14 14 14 14 14 14 15 15 15 15 15 16 16 16 16 16 16 17 18 18 17 17 19 19 18 19 20 20 21 22 23 23 23 22 22 21 21 21 21 21 21 21 21 21 21 22 23 24 24 24 26 26 26 28 29 29 29 29 29 29 29 30 30 30 31 32 33 33 36 37 37 38 39 38 38 37 26 10 2 2 1 1 1 1 
35 37 39 40 40 37 31 29 29 27 21 12 11 9 8 8 9 10 12 12 12 12 12 12 12 13 13 13 12 12 12 12 12 14 14 12 14 14 14 14 14 14 15 15 15 15 15 16 16 16 16 16 16 17 18 18 17 17 19 19 18 19 20 20 21 21 23 22 22 22 22 21 21 21 21 21 21 21 21 21 21 22 23 24 24 24 26 26 26 28 29 29 29 29 29 29 29 30 30 30 31 32 33 33 36 36 36 36 36 36 37 36 27 11 2 2 1 1 1 1 
32 39 39 39 39 33 30 28 32 32 24 17 9 9 9 8 9 10 11 11 12 12 12 13 13 13 11 12 12 12 12 12 13 15 14 14 14 14 14 14 14 14 15 15 15 15 15 16 16 16 16 16 16 16 17 18 17 17 17 18 18 18 19 20 20 22 22 22 23 23 22 21 21 21 21 21 21 21 21 21 21 22 23 24 24 24 26 26 26 28 29 29 29 29 29 29 29 29 30 30 30 31 32 33 35 35 36 36 36 35 36 33 25 12 2 2 1 1 1 1 
31 38 38 38 37 33 30 29 32 33 30 23 15 10 10 9 9 10 11 12 12 12 12 13 13 13 11 12 12 12 12 12 13 15 15 14 14 14 14 14 14 14 15 15 15 15 15 16 16 16 16 16 16 16 17 18 17 17 17 17 17 18 19 20 20 20 21 21 22 23 22 21 21 21 21 21 21 21 21 21 21 21 22 23 23 24 25 26 26 28 28 29 29 29 29 29 29 29 30 30 30 30 31 32 33 33 35 35 36 36 36 35 26 12 2 2 1 1 1 1 
29 36 36 35 35 32 30 30 32 34 32 30 23 16 11 10 10 10 11 12 11 11 11 12 12 12 11 12 12 12 12 12 13 15 15 14 14 14 14 14 14 14 15 15 15 15 15 15 16 16 16 16 16 16 17 17 17 17 17 17 17 18 19 20 20 20 21 21 21 22 22 21 21 21 22 22 22 22 22 22 21 21 22 23 23 24 25 26 26 28 28 29 29 29 29 29 29 29 30 30 30 30 31 31 32 33 33 35 37 36 36 36 28 12 3 3 1 1 1 1 
25 32 32 33 33 32 30 30 32 34 32 31 30 22 14 11 10 10 12 12 11 11 11 12 12 12 11 12 12 12 12 12 13 15 15 14 14 14 14 14 14 14 15 15 15 15 15 15 15 16 16 16 16 16 17 17 16 16 17 17 17 18 19 20 20 20 21 21 21 22 22 21 21 21 22 22 22 22 22 22 21 21 22 23 23 23 25 25 25 26 28 28 28 28 28 28 29 29 29 29 30 30 31 31 32 33 35 36 38 37 37 36 26 12 4 3 1 1 1 1 
21 28 30 32 33 32 30 29 32 33 35 36 36 28 18 11 10 10 11 12 11 11 11 12 12 12 11 12 12 12 12 12 13 15 15 14 14 14 14 14 14 14 15 15 15 15 15 15 15 16 16 16 16 16 17 17 16 16 17 17 17 18 19 20 20 20 21 21 21 22 22 21 21 21 22 22 22 22 22 22 22 20 21 22 22 23 24 25 25 26 26 28 28 28 28 28 29 29 29 29 30 30 31 31 32 33 35 36 38 38 38 37 26 12 3 3 1 1 1 1 
14 23 30 32 33 32 30 29 31 32 31 35 36 29 19 12 10 10 11 12 11 11 11 12 12 12 11 12 12 12 12 12 13 15 15 14 14 14 14 14 14 14 15 15 15 15 15 15 15 16 16 16 17 17 17 17 16 16 17 17 17 18 19 20 20 20 21 21 21 22 22 21 21 21 22 22 22 22 22 22 22 20 21 22 22 23 24 25 25 26 26 28 28 28 28 28 29 29 29 29 30 30 30 30 31 33 33 35 37 38 38 37 29 12 3 3 1 1 1 1 
10 19 30 32 33 32 30 29 31 30 28 35 36 29 22 15 11 10 10 11 11 11 11 11 11 11 11 12 12 12 12 12 13 13 15 14 14 14 14 14 14 14 15 15 15 15 15 15 15 16 16 16 17 17 17 17 17 17 17 17 17 17 20 22 22 22 22 22 22 22 21 21 21 21 21 21 21 21 22 22 22 20 21 22 22 23 24 25 25 26 26 28 28 28 28 28 29 29 29 29 30 30 30 31 32 32 33 35 37 39 38 37 26 12 3 3 1 1 1 1 
5 9 16 23 30 33 31 28 23 26 26 32 33 29 23 17 12 11 11 11 11 11 11 11 11 11 12 12 12 12 12 12 13 13 14 14 14 14 14 14 14 14 14 14 15 15 15 15 15 15 15 16 16 16 17 17 17 17 17 17 17 17 19 20 20 20 20 20 20 22 21 21 21 21 21 21 21 21 22 22 22 20 21 22 22 23 24 25 25 26 26 28 28 28 28 29 29 29 29 29 30 30 30 31 32 32 33 35 37 39 39 37 24 11 3 3 1 1 1 1 
5 7 10 11 16 21 23 25 28 25 26 29 32 28 24 18 14 11 11 10 10 10 10 11 11 11 12 13 12 12 12 12 12 12 12 12 12 12 12 12 12 12 14 14 14 14 14 14 14 15 15 15 16 16 16 16 16 16 17 17 16 17 18 18 18 19 19 18 19 19 20 20 20 22 19 19 19 19 20 20 20 20 19 21 22 23 24 25 25 25 26 26 26 28 28 28 28 29 29 29 30 30 30 31 31 32 32 33 37 39 39 37 25 12 4 2 1 1 0 1 
7 5 8 9 11 11 15 17 19 22 22 24 26 28 24 21 15 11 10 10 10 10 10 10 10 11 12 12 12 12 12 12 12 12 12 12 12 12 12 12 12 12 12 12 14 14 14 14 14 14 14 15 15 15 16 16 16 16 17 17 16 17 17 17 17 18 18 18 18 19 20 20 20 22 19 19 19 19 22 22 22 20 21 22 22 23 24 25 25 25 26 26 26 28 28 28 29 29 30 30 30 30 30 31 31 32 33 35 37 38 38 36 24 11 3 2 1 1 0 1 
8 5 6 8 9 9 9 11 14 16 16 18 22 23 24 23 17 12 10 10 10 10 9 9 10 11 12 12 12 12 12 12 12 12 12 12 12 12 12 12 12 12 13 13 14 14 14 14 14 14 14 15 15 15 16 16 16 16 17 17 17 18 17 17 17 18 18 18 18 19 19 19 19 21 19 19 19 19 22 22 22 20 21 22 22 23 24 25 25 25 26 26 26 28 28 28 29 29 30 30 30 30 30 31 32 32 33 35 36 37 38 37 23 11 3 2 1 1 0 1 
8 5 6 8 9 9 8 11 11 14 15 16 19 22 24 24 19 14 10 10 10 10 9 9 10 11 12 12 12 12 12 12 12 12 12 12 12 12 12 12 12 12 13 13 14 14 14 14 14 14 14 15 15 15 16 16 16 16 17 18 18 18 17 17 17 18 18 18 18 19 19 19 19 19 19 19 19 19 22 22 22 22 22 22 23 24 24 24 25 25 26 26 26 28 28 29 29 30 30 30 30 31 31 32 32 33 33 35 36 37 39 37 23 11 3 2 1 1 0 1 
9 7 7 8 10 10 10 11 11 12 12 17 19 21 23 24 22 16 10 9 9 9 9 9 10 10 12 12 12 12 12 12 12 12 12 12 12 12 12 12 12 12 13 13 14 14 14 14 14 14 14 15 15 15 16 16 16 17 18 18 18 19 18 18 18 19 19 19 19 21 21 21 21 21 19 19 20 20 22 23 23 23 23 23 23 24 24 24 25 25 26 26 26 28 29 30 30 30 30 30 31 32 32 33 32 33 34 36 36 37 39 37 23 10 3 2 1 1 0 1 
10 8 7 8 9 10 10 11 11 12 12 17 19 21 22 24 23 18 14 11 9 9 9 9 10 10 12 12 12 12 12 12 12 12 12 12 12 12 12 12 12 12 13 13 14 14 14 14 14 14 14 15 15 15 16 16 16 17 18 18 18 19 18 18 18 19 19 19 19 21 21 21 21 21 19 19 20 20 22 23 23 23 23 23 23 24 24 24 25 25 26 26 26 28 29 30 30 30 30 30 32 32 33 34 33 33 36 37 37 37 39 37 23 10 3 2 1 1 0 1 
11 9 8 7 6 8 9 10 12 11 11 16 18 19 21 22 23 19 16 12 10 10 10 9 10 10 12 12 12 12 12 12 12 12 12 12 12 12 12 12 12 12 13 13 15 15 14 14 14 14 14 14 15 15 16 16 16 17 18 18 18 19 18 18 18 19 19 19 19 21 21 21 21 21 19 19 22 22 22 23 23 24 23 23 24 24 24 24 25 25 26 26 26 28 29 30 30 30 30 30 32 32 32 33 33 33 36 37 37 37 39 37 23 10 3 2 1 1 0 1 
12 10 9 7 5 6 8 10 12 11 10 12 14 16 18 21 21 19 17 12 11 11 10 9 10 10 12 12 12 12 12 12 12 12 12 12 12 12 12 12 12 12 13 13 15 15 14 14 14 14 14 14 15 15 16 17 17 18 18 18 18 19 18 18 18 19 19 19 19 21 21 21 21 21 19 21 22 22 22 23 23 25 23 23 24 24 24 24 25 25 26 28 28 28 29 29 29 29 30 30 32 33 33 33 33 35 36 37 37 37 39 37 23 10 3 2 1 1 0 1 
14 12 11 9 7 5 7 9 10 10 10 8 8 10 15 18 19 19 19 15 11 11 12 11 11 12 11 11 12 12 12 12 12 12 13 13 13 13 13 13 12 12 12 13 13 13 12 12 12 12 12 14 14 15 16 16 17 17 18 18 18 19 20 20 20 22 20 20 20 22 19 21 21 21 21 21 23 23 22 23 23 23 24 24 24 24 24 25 25 25 26 26 28 29 30 30 30 30 30 31 32 33 34 36 35 35 36 37 37 37 39 37 23 10 3 2 1 1 0 1 
15 15 14 11 9 7 8 9 9 10 10 8 8 9 12 16 17 18 19 15 12 12 12 11 11 12 11 11 12 12 12 12 12 12 13 13 13 13 13 13 12 12 12 13 13 13 12 12 12 12 12 12 14 14 15 16 17 17 18 18 18 19 20 20 20 22 20 20 20 22 19 21 21 21 21 21 23 23 22 22 23 23 23 24 24 24 24 25 25 25 26 26 28 29 30 30 30 30 30 31 32 34 34 36 35 35 36 37 37 37 39 37 23 10 3 2 1 1 0 1 
16 16 16 12 10 8 8 8 8 10 10 10 10 10 12 16 17 19 19 16 14 14 13 12 12 12 12 12 12 12 12 12 12 12 13 13 13 13 13 13 13 13 12 13 13 13 12 12 12 12 12 12 14 14 15 16 17 17 18 18 18 19 20 20 20 22 20 20 20 22 19 21 21 21 21 21 22 22 22 22 23 23 23 24 24 24 24 25 25 25 26 26 28 29 31 31 31 31 31 31 33 36 36 37 36 36 35 36 37 37 39 37 23 10 3 2 1 1 0 1 
16 17 15 14 12 11 9 9 9 10 10 11 11 12 14 16 18 21 20 16 14 14 13 12 12 12 12 12 12 12 12 12 12 12 13 13 13 13 13 13 13 13 12 13 13 13 12 12 12 12 12 12 14 14 14 15 16 16 17 17 18 19 20 20 20 22 20 20 20 22 19 21 21 21 19 21 21 21 22 22 22 23 23 23 23 24 24 25 25 26 26 28 29 30 31 32 32 32 32 32 33 34 36 36 36 36 35 36 37 37 39 37 23 10 3 2 1 1 0 1 
17 17 17 16 15 12 11 10 8 9 8 9 10 12 14 15 15 21 19 16 14 14 13 12 12 12 12 12 12 12 12 12 12 12 13 13 13 13 13 13 13 13 12 13 13 13 12 12 12 12 12 12 14 14 14 14 15 16 17 17 17 18 19 19 19 20 19 19 19 20 18 19 19 19 19 19 21 21 22 22 22 22 22 23 23 24 24 24 25 25 26 26 28 29 31 32 32 32 32 32 32 32 32 33 32 33 33 35 36 37 39 37 23 10 3 2 1 1 0 1 
17 17 17 16 16 16 12 11 9 8 7 7 7 8 9 11 14 17 18 16 14 14 13 12 12 12 12 12 12 12 12 12 12 12 15 15 15 15 15 15 13 13 13 13 13 13 12 12 12 12 12 12 14 14 14 14 15 15 16 16 17 18 19 19 19 20 19 19 19 20 18 19 19 19 19 19 21 21 21 21 22 22 22 23 23 23 24 24 25 25 26 26 28 29 30 31 31 31 31 31 30 30 32 32 32 32 33 35 36 37 39 37 23 10 3 2 1 1 0 1 
18 18 17 16 17 16 14 11 9 8 10 9 8 8 9 10 13 16 17 15 12 12 13 12 12 12 12 12 12 12 12 12 12 12 15 15 15 15 15 15 13 13 13 12 12 12 11 11 12 12 12 12 14 14 14 14 15 15 16 16 17 17 18 18 18 19 18 18 18 18 18 19 18 18 18 18 19 19 21 21 21 21 21 22 22 23 24 24 25 25 26 26 26 28 28 29 29 29 28 28 28 29 30 31 32 32 33 35 37 38 38 37 24 10 3 2 1 1 0 0 
18 19 17 17 18 16 15 14 11 10 11 10 10 10 9 10 12 15 16 16 12 12 13 12 12 12 12 12 12 12 12 12 12 12 15 15 15 15 15 15 13 13 13 12 12 12 11 11 12 12 12 12 14 14 14 14 15 15 16 16 16 17 18 18 18 19 18 18 18 18 18 19 18 18 18 18 19 19 21 21 21 21 21 22 22 23 23 24 25 25 26 26 28 28 26 26 28 28 26 26 26 26 30 31 32 33 33 35 37 38 38 37 24 11 3 2 1 1 0 0 
18 18 19 18 17 16 16 14 13 12 13 12 10 11 11 10 12 12 14 12 11 12 12 11 10 11 11 11 12 12 12 12 12 12 12 12 13 13 13 13 13 13 11 11 11 11 11 11 11 11 12 12 12 14 14 15 15 16 15 15 17 17 18 17 17 18 17 17 17 17 18 18 17 17 17 18 18 18 19 19 21 21 22 23 22 23 24 25 26 26 25 26 25 25 25 25 25 25 26 25 25 28 30 31 33 33 33 35 38 39 38 38 37 22 11 7 1 1 0 0 
18 18 19 18 17 16 16 16 16 15 16 15 14 16 17 15 12 12 11 11 11 11 12 11 10 11 11 11 12 12 12 12 12 12 12 12 13 13 13 13 13 12 11 10 10 10 10 10 11 11 12 12 12 14 14 14 15 16 15 16 17 17 17 17 17 18 17 17 17 16 17 18 18 18 17 18 18 18 19 19 21 21 22 23 22 23 24 25 25 25 23 23 23 22 24 24 24 25 26 28 28 29 30 31 33 34 33 35 39 40 37 38 33 15 7 5 1 1 0 0 
18 18 19 18 18 18 17 18 18 17 17 17 18 20 26 22 11 10 11 11 12 12 12 11 10 11 11 11 12 12 12 12 12 12 12 12 13 13 13 13 13 12 11 10 10 10 10 10 11 11 12 12 12 14 14 14 15 16 16 17 18 18 17 17 17 17 17 16 16 15 16 17 19 19 17 18 17 18 18 19 21 21 23 23 23 23 24 24 24 23 22 19 20 22 22 24 25 28 28 29 30 30 31 32 32 32 33 33 35 37 37 39 31 9 3 2 1 1 1 1 
18 18 19 19 19 19 18 18 18 17 17 17 18 24 31 26 15 12 12 12 12 12 12 11 10 11 11 11 12 12 12 12 12 12 12 12 13 13 13 13 13 12 11 10 10 10 10 10 11 11 12 12 12 14 14 14 14 14 15 16 17 19 18 18 17 17 17 16 16 15 16 17 19 19 18 18 17 17 18 18 19 22 23 24 24 24 24 24 25 24 22 19 20 23 24 25 28 29 29 30 30 30 31 32 32 33 32 35 36 38 39 37 19 5 3 2 1 1 1 1 
17 17 17 17 18 18 18 18 17 17 16 17 19 25 33 29 19 15 13 13 13 12 12 11 10 11 11 11 12 12 12 12 12 12 12 12 13 13 13 13 13 12 11 10 10 10 10 10 11 11 12 12 12 14 14 14 14 14 15 15 16 17 18 18 17 17 17 16 16 15 16 17 19 19 18 18 17 17 18 18 19 21 22 22 23 23 23 23 23 23 23 23 24 26 26 28 29 29 29 30 30 30 31 32 32 33 32 35 36 38 39 30 12 3 1 1 0 1 1 2 
17 17 17 17 18 18 18 18 17 17 17 16 17 23 31 27 17 13 12 12 12 12 12 11 10 11 11 11 12 12 12 12 12 12 12 12 13 13 13 13 13 12 11 10 10 10 10 10 11 11 12 12 12 14 14 14 14 14 16 16 16 17 17 18 18 18 17 17 16 15 16 17 19 19 18 18 17 17 17 18 18 19 20 20 20 20 20 20 22 22 23 24 25 27 26 28 28 28 29 30 29 30 31 32 32 33 33 35 36 36 34 24 8 3 1 2 1 0 1 2 
