1 1 1 1 1 1 2 1 1 3 2 36 83 57 27 17 19 17 17 16 16 16 16 17 17 17 17 17 16 16 16 14 14 16 22 36 44 51 57 59 59 57 51 50 49 51 53 58 64 70 74 77 79 79 78 79 79 79 79 78 78 79 79 79 80 80 81 78 79 79 79 80 82 80 80 80 79 79 79 80 81 79 78 
1 1 1 1 1 2 3 3 4 6 11 50 143 157 71 24 18 18 17 17 17 17 17 17 17 17 18 17 17 17 16 13 15 16 22 35 44 52 58 60 60 58 53 50 50 51 53 56 63 67 73 74 77 77 77 78 78 77 77 78 79 80 80 80 80 81 80 80 80 80 80 80 82 81 81 81 81 81 80 80 80 82 84 
1 1 1 1 2 3 5 8 10 20 41 67 121 145 100 32 17 19 17 17 17 17 17 17 18 18 18 18 18 19 17 15 16 17 22 35 43 52 58 61 61 58 53 47 47 49 50 52 57 61 66 67 68 68 68 69 69 70 70 71 72 73 73 74 74 74 73 74 74 74 75 75 75 75 75 75 77 78 79 78 79 79 81 
1 1 1 2 4 10 13 14 22 38 51 52 61 92 85 37 20 19 17 18 18 17 18 18 18 17 18 17 18 19 17 16 16 17 22 35 43 52 58 62 64 58 51 45 43 45 45 47 51 53 56 58 60 60 60 61 61 60 61 61 63 64 64 65 65 64 64 65 65 65 66 67 67 67 67 66 67 68 71 71 71 72 73 
1 1 1 1 5 15 22 23 29 33 29 31 54 67 49 32 24 18 16 18 18 17 18 18 17 16 17 17 17 19 17 17 17 18 23 33 43 51 58 61 62 58 50 42 38 39 40 42 44 46 47 50 52 52 52 53 53 52 53 53 54 57 56 56 54 53 56 58 58 58 58 59 60 59 59 59 58 58 59 59 59 59 60 
1 1 1 3 9 16 23 28 26 25 26 36 54 52 35 23 19 18 17 17 16 17 18 18 17 16 17 16 17 18 17 17 17 17 21 32 40 50 58 61 61 56 47 39 35 35 35 36 38 40 43 43 45 46 46 46 46 46 46 46 47 50 49 47 46 47 49 51 51 52 52 51 52 52 52 51 50 49 47 49 49 46 49 
1 1 1 9 17 19 24 28 25 29 32 36 49 46 29 19 21 19 17 17 16 17 17 17 17 16 17 16 16 17 17 16 16 17 21 32 40 50 57 61 61 54 46 37 31 29 29 31 33 36 38 39 40 42 42 42 42 42 43 43 43 44 46 44 45 46 44 44 44 45 45 44 45 45 46 44 44 43 43 43 43 43 44 
1 2 5 13 22 22 23 25 26 29 31 38 47 46 30 22 21 20 18 18 17 16 16 17 17 16 17 17 16 17 17 17 18 17 21 31 40 49 56 60 60 54 46 36 29 24 23 26 30 33 37 38 38 40 40 40 40 40 42 42 42 42 43 44 45 43 42 39 39 40 39 39 39 40 43 43 43 43 44 44 44 44 44 
1 4 8 17 23 22 22 24 26 25 27 45 62 51 28 22 21 19 18 18 17 16 16 17 18 17 17 17 16 17 16 18 18 17 21 30 39 50 56 59 60 54 46 36 28 23 21 23 29 33 37 40 39 40 42 42 42 42 43 43 42 42 39 42 42 40 39 39 39 39 38 38 37 39 42 43 43 44 44 44 44 44 44 
4 5 12 22 24 22 21 22 24 17 26 67 84 54 22 18 19 20 18 17 16 17 17 16 15 16 17 17 16 17 17 18 18 17 19 29 39 49 54 58 58 54 46 36 29 23 21 23 29 34 38 43 42 42 44 44 44 44 45 44 44 44 43 42 40 39 39 38 38 37 37 37 37 39 40 42 43 44 45 44 44 44 45 
5 10 17 24 24 23 22 25 22 16 37 77 84 43 18 21 19 20 18 17 16 17 17 15 16 16 17 16 16 17 17 18 18 18 21 29 39 47 54 58 58 53 45 36 29 23 19 23 29 34 39 43 44 44 44 44 44 44 45 45 44 44 43 43 40 39 38 37 37 37 36 36 37 38 38 40 42 42 43 44 43 44 44 
7 14 21 23 23 23 24 24 16 24 60 82 70 29 14 22 24 19 17 17 16 16 17 17 17 17 18 16 16 17 16 18 19 18 21 29 37 47 54 60 59 53 45 36 29 23 19 23 30 35 38 44 44 44 44 44 44 44 45 45 44 44 45 40 38 37 36 36 36 36 36 35 37 37 37 38 39 40 40 42 42 43 41 
9 15 23 23 24 23 26 28 24 36 61 70 47 22 15 19 22 19 17 17 16 16 17 17 17 17 17 16 15 16 17 19 19 17 21 30 38 47 54 60 60 52 44 38 30 24 21 24 30 36 39 44 44 44 44 44 44 44 44 45 45 45 45 40 39 37 37 36 36 33 35 35 35 36 37 37 38 39 40 40 39 41 40 
11 20 25 24 23 24 29 33 37 39 40 43 27 16 16 18 20 18 17 17 16 16 17 17 16 17 17 17 17 17 17 18 18 17 21 31 39 47 54 60 60 53 45 38 30 24 22 25 30 36 40 45 44 44 44 43 43 43 43 44 44 44 44 40 39 38 37 36 36 33 33 33 33 35 36 37 36 36 36 38 37 37 37 
18 26 25 24 24 28 30 33 32 29 27 24 17 16 17 18 19 18 17 16 16 16 17 17 16 17 18 18 17 17 17 17 18 18 21 30 39 47 54 60 60 54 46 38 30 23 21 25 31 36 40 45 45 44 44 43 43 43 43 43 43 42 43 42 39 39 37 37 36 35 33 33 33 35 35 36 35 35 35 36 36 35 35 
18 24 24 24 24 33 44 49 43 25 22 25 19 17 18 17 18 18 18 17 17 17 17 16 15 17 18 17 18 18 18 17 18 18 19 31 40 49 56 60 61 54 45 38 30 22 19 24 31 37 42 45 45 44 44 43 43 42 42 42 42 42 42 40 40 39 38 37 36 33 32 32 33 33 35 35 35 33 33 36 35 35 35 
18 22 23 23 22 38 66 88 89 51 25 23 19 17 17 18 18 18 18 17 16 17 17 16 15 16 17 17 17 18 18 17 17 17 19 31 40 49 56 60 61 54 46 39 30 22 19 24 31 38 43 46 46 44 44 43 42 42 42 42 42 40 42 40 39 39 37 36 35 33 32 32 32 33 33 35 33 33 32 35 35 35 35 
15 21 22 23 30 19 58 100 118 85 47 26 16 16 16 17 17 18 19 17 15 16 17 16 15 16 17 17 17 18 18 17 17 17 19 31 40 49 56 61 61 56 47 39 30 22 21 23 30 39 44 47 47 45 45 44 43 42 42 40 40 40 40 39 39 39 37 35 33 32 32 31 32 32 33 35 33 33 33 35 36 36 36 
17 18 21 22 23 16 24 52 66 62 54 43 21 11 16 18 17 19 19 17 16 16 17 17 16 17 17 17 17 17 17 17 17 16 19 31 40 49 56 61 62 57 47 39 30 22 21 23 30 39 44 48 48 46 45 45 44 43 42 40 40 39 39 39 39 39 37 36 35 33 32 31 31 33 35 35 35 35 36 36 38 38 37 
18 18 19 21 19 18 15 14 9 17 23 38 39 31 26 23 18 20 19 17 17 16 17 18 18 18 16 17 17 18 17 17 17 16 19 30 39 49 56 61 62 57 49 40 30 22 21 23 30 39 44 50 48 46 46 45 44 43 43 42 42 40 42 40 40 39 38 37 35 33 33 32 33 35 36 36 36 36 37 38 39 40 39 
19 19 21 22 23 23 30 10 1 6 3 18 58 92 82 45 23 22 20 18 18 19 18 18 18 18 17 17 17 18 18 17 17 17 21 30 39 47 56 61 62 57 49 39 31 23 21 24 30 40 45 51 50 47 47 46 45 45 44 43 43 43 44 44 43 42 40 39 37 36 35 35 35 36 37 37 37 36 37 38 39 39 40 
19 18 19 21 23 25 29 16 4 8 9 14 75 145 141 82 40 24 18 14 15 24 23 18 18 17 17 17 18 18 18 16 17 17 19 30 39 47 56 61 62 57 49 39 31 23 21 24 30 39 46 51 50 49 49 49 47 47 46 45 45 45 45 45 45 44 43 42 42 40 39 38 37 38 38 39 38 38 39 40 40 39 39 
19 18 18 18 19 18 25 13 4 3 1 11 56 104 129 117 86 59 38 19 10 12 19 21 19 18 17 18 18 18 18 16 16 17 19 30 40 49 54 60 61 56 47 39 31 23 22 23 30 38 46 51 50 51 50 50 50 47 46 46 46 45 45 45 45 45 45 44 44 43 42 40 39 40 39 40 40 40 42 40 42 42 39 
18 17 17 17 17 16 18 11 4 2 1 9 18 29 55 91 114 110 85 61 40 17 9 15 18 17 17 17 17 17 18 15 15 17 22 32 41 49 54 59 60 56 46 39 31 23 21 23 29 38 44 51 51 51 52 52 51 50 47 47 46 46 46 46 46 45 45 45 44 43 44 43 42 42 40 40 42 42 42 42 43 43 42 
18 17 17 17 17 15 11 11 11 4 3 3 4 8 11 27 60 88 100 111 110 86 52 33 24 19 17 17 16 16 17 15 14 17 22 32 43 50 54 59 60 53 46 38 30 24 21 22 28 37 41 51 52 52 53 53 52 51 49 49 47 47 47 47 47 46 46 46 45 45 44 44 44 43 42 42 42 43 43 42 43 43 43 
21 18 16 17 16 15 12 10 9 4 3 1 2 4 5 3 6 26 44 92 150 165 138 94 51 28 19 17 16 16 18 18 16 19 23 33 43 50 56 60 60 53 46 37 31 24 23 23 28 38 43 52 52 54 54 54 53 51 50 49 49 49 49 49 49 47 46 47 46 45 45 45 45 43 43 43 43 43 44 43 44 44 43 
21 18 16 16 15 15 13 11 7 3 1 1 1 1 2 2 1 6 8 35 92 123 134 129 114 82 49 24 19 15 20 23 20 21 25 33 43 51 57 60 60 53 45 37 29 24 24 25 29 39 48 54 54 56 57 57 56 52 51 51 50 50 50 50 50 49 49 49 47 46 46 46 45 44 44 44 43 44 44 44 45 46 44 
18 16 15 14 12 13 13 11 8 4 2 1 1 2 2 2 6 8 6 4 15 30 53 102 167 184 134 81 47 27 23 23 24 24 28 32 42 51 57 60 60 54 45 39 30 24 22 24 30 35 44 53 53 54 56 56 53 52 52 51 51 51 51 51 50 50 49 47 47 46 45 45 44 44 44 44 44 44 44 44 46 46 45 
17 14 12 11 12 12 10 6 3 2 2 1 1 2 2 4 8 6 5 5 8 13 11 44 137 220 208 179 140 89 55 29 17 19 26 33 42 50 56 60 60 54 46 38 30 23 19 22 29 33 38 45 46 49 50 50 49 47 47 46 47 47 47 47 46 46 45 45 45 44 44 44 43 43 43 43 42 43 43 43 45 45 45 
15 11 8 8 9 9 5 4 3 2 1 1 1 1 1 2 4 6 4 10 15 15 12 24 69 136 178 218 236 200 157 102 56 30 24 31 40 49 53 59 61 53 47 38 30 23 20 21 24 31 37 37 39 40 42 42 40 39 39 40 40 41 41 42 42 42 42 42 40 39 39 39 38 39 39 38 38 38 39 40 42 42 42 
14 8 5 7 7 6 3 3 2 1 1 1 1 1 2 2 4 5 8 19 20 14 9 9 17 39 76 142 200 225 232 214 169 109 73 49 46 46 52 56 56 52 49 41 30 23 23 21 19 25 31 29 29 30 30 30 29 29 30 31 32 33 33 35 36 35 35 33 33 32 32 31 32 32 33 32 32 32 33 35 36 36 36 
12 5 4 5 4 3 1 1 1 1 1 1 1 1 1 2 3 7 15 24 21 13 8 3 3 11 18 41 80 129 179 203 212 207 178 141 86 47 48 50 52 51 49 44 31 22 22 20 19 19 22 22 22 23 24 24 24 25 25 26 26 26 26 26 26 26 27 25 25 25 25 25 25 26 26 28 28 28 26 27 30 29 29 
9 4 3 4 3 1 1 0 1 1 1 1 1 1 1 2 3 7 12 22 21 11 4 3 5 9 8 15 24 43 70 101 138 167 171 166 131 90 69 56 51 49 46 42 37 24 22 19 17 19 20 21 21 22 22 22 22 22 23 22 22 22 22 22 22 22 22 19 19 19 19 19 19 19 21 21 21 21 19 20 22 19 21 
5 4 3 3 1 1 0 0 0 1 1 1 1 1 1 1 3 4 8 11 12 8 3 3 4 6 7 10 16 22 28 39 49 65 78 92 110 116 90 61 57 54 50 39 35 25 20 15 14 17 18 18 18 18 18 18 18 18 19 18 18 17 17 17 17 17 18 17 17 17 17 17 17 17 18 17 17 16 17 16 17 17 17 
4 5 5 2 0 0 1 1 1 1 1 1 1 1 1 1 1 3 2 3 4 4 2 2 3 4 5 6 12 19 32 36 29 26 29 39 57 85 97 85 68 57 50 38 37 25 19 14 14 15 17 17 17 17 17 17 17 17 17 16 16 16 16 16 16 16 16 15 15 15 15 15 15 15 16 15 16 16 16 15 16 15 15 
3 3 3 1 0 1 1 1 1 1 1 1 1 1 1 1 1 2 2 2 2 2 2 1 2 3 3 4 9 18 30 38 38 37 36 32 31 50 88 100 80 61 49 36 36 26 20 15 14 15 16 16 16 16 16 16 16 16 16 15 15 15 15 15 15 15 15 15 15 15 15 15 15 15 16 15 15 16 16 15 16 15 15 
1 2 2 1 1 1 1 1 1 1 1 1 1 1 1 1 1 2 2 2 2 3 3 2 2 3 3 3 6 13 18 25 31 36 39 38 36 39 60 78 82 71 47 39 30 27 23 17 15 16 16 16 16 16 16 16 15 15 15 15 15 15 15 15 15 15 15 15 15 15 15 15 15 15 16 15 15 16 16 15 16 15 15 
2 1 1 1 1 1 1 1 1 1 1 1 1 1 1 1 1 2 2 2 2 2 3 3 3 3 3 2 3 5 7 10 15 20 30 39 45 40 40 50 64 67 54 45 31 29 23 19 17 16 16 16 16 16 15 16 15 15 15 16 16 16 16 16 16 16 16 15 15 15 15 15 15 15 16 15 15 15 16 15 16 15 15 
1 1 1 1 1 1 1 1 1 1 1 1 1 1 1 1 1 1 1 2 2 2 2 2 2 1 1 1 2 2 1 2 4 8 16 26 39 43 39 39 47 56 56 45 31 29 22 19 18 17 16 16 16 16 15 16 15 15 15 15 15 15 15 15 15 15 15 15 15 15 15 15 15 15 15 15 15 15 16 15 16 15 15 
1 1 1 1 1 1 1 1 1 1 1 1 1 1 1 1 1 1 1 1 2 2 2 2 2 1 1 1 1 1 1 1 2 4 4 8 23 39 44 42 46 59 70 48 26 19 21 18 18 17 16 16 15 15 15 15 15 15 15 16 16 16 16 16 16 16 16 14 14 14 14 14 14 14 14 15 15 15 16 14 15 15 14 
1 1 1 1 1 1 1 1 1 1 1 1 1 1 1 1 1 1 1 1 1 2 2 2 2 1 1 1 1 1 2 2 2 4 3 4 11 28 40 43 45 66 99 104 55 26 22 23 19 17 16 16 16 16 15 15 15 15 15 15 15 15 15 15 15 15 15 15 15 15 15 15 15 15 15 14 15 16 15 15 16 15 15 
1 1 1 1 1 1 1 1 1 1 1 1 1 1 1 1 1 1 1 1 1 2 2 2 2 1 1 1 1 1 1 1 1 2 2 4 8 15 28 37 39 53 97 131 96 45 23 24 21 18 17 17 16 16 16 16 16 16 16 16 16 16 16 16 16 16 16 15 15 15 15 15 15 15 15 16 16 16 15 16 16 17 17 
1 1 1 1 1 1 1 1 1 1 1 1 1 1 1 1 1 1 1 1 1 2 2 2 2 1 1 1 1 1 1 1 1 2 2 4 5 8 18 33 38 36 59 100 109 68 26 18 16 15 15 16 15 15 15 16 16 16 16 16 16 16 16 16 16 16 16 15 15 15 15 15 15 16 16 17 16 16 16 16 16 17 17 
1 1 1 1 1 1 1 1 1 1 1 1 1 1 1 1 1 1 1 1 1 1 1 2 2 1 1 1 1 1 1 2 4 4 3 1 2 3 10 27 43 40 37 47 79 81 44 19 17 16 16 16 16 17 17 17 17 17 17 17 17 17 17 17 17 17 17 17 17 17 17 17 17 17 18 17 17 17 17 17 17 18 18 
1 1 1 1 1 1 1 1 1 1 1 1 1 1 1 1 1 1 1 1 1 1 1 2 2 1 1 1 1 1 1 2 3 3 2 1 1 2 4 16 31 39 33 29 50 65 47 24 21 18 17 17 17 18 18 18 18 18 18 18 18 18 18 18 18 18 18 18 18 18 18 18 18 18 18 19 18 18 19 19 18 19 18 
1 1 1 1 1 1 1 1 1 1 1 1 1 1 1 1 1 1 1 1 1 1 1 1 1 2 2 1 1 1 2 2 2 2 2 2 2 2 2 7 18 33 37 29 42 54 39 24 21 18 17 17 17 17 17 18 18 17 17 18 18 18 18 18 18 18 18 18 18 18 18 18 18 18 19 19 19 19 19 19 18 19 18 
1 1 1 1 1 1 1 1 1 1 1 1 1 1 1 1 1 1 1 1 1 1 1 1 1 2 2 1 1 1 1 2 2 2 1 2 2 2 2 3 15 29 39 32 33 49 38 22 21 19 18 17 17 17 17 18 18 17 17 18 18 18 18 18 18 18 18 18 18 18 18 18 18 19 19 21 21 22 21 21 19 19 18 
1 1 1 1 1 1 1 1 1 1 1 1 1 1 1 1 1 1 1 1 1 1 1 1 1 1 1 1 1 1 1 1 1 1 1 1 1 1 1 4 2 24 45 30 35 42 32 23 21 19 18 17 16 16 16 17 16 17 17 18 18 18 18 18 19 19 19 19 19 19 19 19 19 19 21 21 21 22 21 21 19 19 18 
1 1 1 1 1 1 1 1 1 1 1 1 1 1 1 1 1 1 1 1 1 1 1 1 1 1 1 1 1 1 1 1 1 1 1 1 1 1 1 3 1 15 37 26 19 30 31 23 21 19 18 17 16 16 16 16 17 17 17 17 17 18 18 18 19 19 19 19 19 19 19 19 19 19 21 21 21 22 21 21 19 19 18 
1 1 1 1 1 1 1 1 1 1 1 1 1 1 1 1 1 1 1 1 1 1 1 1 1 1 1 1 1 1 1 1 1 1 1 1 1 1 1 1 1 7 28 37 23 24 32 23 21 19 18 17 16 16 16 16 17 17 17 17 17 18 18 18 19 19 19 19 19 19 19 19 19 19 21 21 21 22 21 21 19 21 18 
1 1 1 1 1 1 1 1 1 1 1 1 1 1 1 1 1 1 1 1 1 1 1 1 1 1 1 1 1 1 1 1 1 1 1 1 1 1 1 1 1 5 23 42 32 25 31 25 22 20 19 18 17 16 16 16 17 17 17 17 17 18 18 18 19 19 19 19 19 19 19 19 19 19 21 21 21 22 21 21 19 21 18 
1 1 1 1 1 1 1 1 1 1 1 1 1 1 1 1 1 1 1 1 1 1 1 1 1 1 1 1 1 1 1 1 1 1 1 1 1 1 1 1 1 3 15 37 40 30 29 26 22 18 17 17 16 16 16 16 17 17 17 17 17 18 18 18 19 19 19 19 19 19 19 19 19 19 21 21 21 22 21 21 19 21 18 
1 1 1 1 1 1 1 1 1 1 1 1 1 1 1 1 1 1 1 1 1 1 1 1 1 1 1 1 1 1 1 1 1 1 1 1 1 1 1 1 2 2 8 33 36 28 29 25 22 19 18 17 17 16 16 16 17 17 17 17 17 18 18 18 19 19 19 19 19 19 19 19 19 19 21 21 21 22 21 21 19 21 18 
1 1 1 1 1 1 1 1 1 1 1 1 1 1 1 1 1 1 1 1 1 1 1 1 1 1 1 1 1 1 1 1 1 1 1 1 1 1 1 1 1 2 8 24 37 35 28 24 19 18 17 17 17 16 16 16 17 17 17 17 17 18 18 19 19 18 18 18 18 18 18 18 19 19 21 21 21 22 21 21 19 21 18 
1 1 1 1 1 1 1 1 1 1 1 1 1 1 1 1 1 1 1 1 1 1 1 1 1 1 1 1 1 1 1 1 1 1 1 1 1 1 1 1 1 2 5 15 39 42 29 22 17 17 17 16 16 16 16 16 17 17 17 18 18 19 19 19 19 18 18 17 17 17 17 18 19 19 19 19 21 22 19 19 19 21 18 
1 1 1 1 1 1 1 1 1 1 1 1 1 1 1 2 2 1 1 1 2 1 1 1 1 1 1 1 1 1 1 1 1 1 1 1 1 1 1 1 1 2 3 15 31 36 30 26 21 17 18 17 17 17 17 16 17 17 17 18 18 19 19 21 21 19 19 18 18 17 17 18 18 19 21 21 21 21 21 21 21 22 19 
1 1 1 1 1 1 1 1 1 1 1 1 1 1 1 2 2 1 1 2 2 1 1 1 1 1 1 1 1 1 1 1 1 1 1 1 1 1 1 1 1 2 3 11 25 35 32 29 26 22 19 18 18 18 18 17 17 17 17 18 19 21 21 21 22 21 21 19 21 21 21 22 23 23 23 22 22 22 22 22 22 22 21 
1 1 1 1 1 1 1 1 1 1 1 1 1 1 3 2 2 2 1 2 2 2 2 1 1 1 1 1 1 1 1 1 1 1 1 1 1 1 1 1 1 1 2 11 24 29 28 31 30 24 21 19 19 19 19 19 18 18 18 19 21 22 22 23 24 24 25 26 27 29 29 30 30 29 29 30 29 28 28 28 28 29 26 
1 1 1 1 1 1 1 1 1 1 1 1 1 1 3 4 2 2 1 2 1 2 2 1 1 1 1 1 1 1 1 1 1 1 1 1 1 1 1 1 1 1 1 12 26 23 23 35 38 25 18 19 21 21 21 21 21 22 22 23 24 26 28 31 31 33 35 37 38 39 39 40 41 40 40 40 40 39 39 40 40 42 38 
1 1 1 1 1 1 1 1 1 1 1 1 1 2 3 4 5 3 1 2 1 2 2 1 1 1 1 1 1 1 1 1 1 0 0 0 0 0 0 0 0 1 1 11 26 31 29 29 42 32 19 24 25 25 26 26 29 30 31 35 38 41 43 47 48 50 52 52 54 57 57 58 59 59 59 58 58 57 59 59 59 61 57 
1 1 1 1 1 1 1 1 1 1 1 2 1 3 9 14 14 5 2 2 2 2 2 1 1 1 1 1 1 1 1 1 1 0 0 0 0 0 0 0 0 1 1 9 27 36 26 23 33 34 31 34 37 38 39 42 44 46 50 54 59 62 66 68 71 72 73 74 77 79 80 81 82 82 82 81 81 82 84 84 84 86 80 
1 1 1 1 1 1 1 1 1 1 1 1 1 4 19 31 25 8 2 2 2 1 1 1 1 1 1 1 1 1 1 1 1 1 1 1 1 1 1 1 1 1 1 9 24 33 36 36 43 46 49 52 55 57 58 61 64 66 73 78 82 85 87 90 92 94 95 95 96 99 100 101 102 102 102 101 101 100 101 103 103 106 102 
1 1 1 1 1 1 1 1 1 1 1 2 1 5 26 44 36 16 3 3 5 5 4 1 1 1 1 1 1 1 1 1 1 1 1 1 1 1 1 1 1 1 1 11 22 32 46 41 43 60 75 75 79 80 81 84 85 86 93 98 101 103 104 108 107 108 108 109 109 111 110 110 110 110 111 110 110 110 111 111 110 111 109 
1 1 1 1 1 1 1 1 1 1 1 2 3 9 32 51 44 24 16 24 31 28 18 7 2 1 1 1 1 1 1 1 1 1 1 1 1 1 1 1 1 1 1 9 22 33 41 42 40 52 70 90 97 97 103 107 110 111 113 113 110 111 113 113 111 111 110 111 111 111 110 109 108 110 111 113 114 116 116 113 114 116 110 
1 1 1 1 1 1 1 1 1 1 1 1 3 15 33 46 40 28 28 40 50 40 22 7 2 1 1 1 1 1 1 1 1 1 1 1 1 1 1 1 1 1 1 3 23 31 41 46 35 38 59 88 106 121 123 115 114 113 113 111 109 107 108 107 107 104 103 101 101 100 101 102 102 103 103 104 103 104 107 106 104 107 108 
1 1 1 1 1 1 1 1 1 1 1 1 3 17 26 29 28 25 28 39 45 33 15 3 1 1 1 1 1 1 1 1 1 1 1 1 1 1 1 1 1 3 1 1 16 30 30 30 30 29 26 39 76 98 107 106 109 108 100 105 101 96 95 94 94 92 90 89 88 86 87 89 90 94 96 95 90 93 95 95 93 94 95 
1 1 1 1 1 1 1 1 1 1 1 2 7 16 19 18 18 22 24 30 30 17 8 2 1 1 1 1 1 1 1 1 1 1 1 1 1 1 1 1 1 2 1 2 12 37 39 24 26 32 18 9 33 64 87 99 95 87 85 87 86 81 80 80 79 77 74 73 72 70 71 74 77 77 79 80 78 74 79 79 79 79 79 
1 1 1 1 1 1 1 1 1 1 2 1 8 18 24 25 23 25 25 22 17 8 4 3 3 1 1 1 1 1 1 1 1 1 1 1 1 1 1 1 1 2 2 3 11 32 40 30 25 22 9 4 5 21 51 68 73 71 70 71 69 68 66 64 61 58 57 53 52 51 52 54 59 57 58 59 63 58 60 63 64 65 65 
1 1 1 1 1 1 1 1 1 1 3 7 15 22 28 31 30 26 23 15 6 5 3 3 3 1 1 1 1 1 1 1 1 1 1 1 1 1 1 1 1 1 3 5 11 26 30 26 26 25 12 4 2 8 26 45 57 57 57 57 55 53 50 46 43 39 38 37 33 32 32 36 38 42 43 44 43 44 46 46 46 49 50 
1 1 1 1 1 1 1 1 1 4 9 14 21 18 17 23 25 20 13 5 3 3 3 1 1 1 1 1 1 1 1 1 1 1 1 1 1 1 1 1 1 1 1 3 4 26 32 28 28 29 16 3 3 11 23 44 49 46 45 44 40 38 36 31 29 28 26 26 23 22 21 24 25 29 30 31 29 32 35 35 32 32 33 
1 1 1 1 1 1 1 1 1 3 8 12 17 14 8 10 15 10 5 1 2 3 2 1 1 1 1 1 1 1 1 1 1 1 1 1 1 1 1 1 1 1 2 2 4 28 35 24 23 29 23 14 13 9 11 35 38 37 36 35 32 29 29 26 25 25 24 24 23 22 23 24 25 24 25 25 30 30 30 31 29 26 26 
1 1 1 1 0 1 1 1 2 5 12 18 23 21 14 12 16 16 11 8 3 3 2 1 1 1 1 1 1 1 1 1 1 1 1 1 1 1 1 1 1 1 1 2 5 28 35 23 23 29 28 29 21 19 31 42 51 42 29 31 30 26 26 26 26 24 23 22 22 22 22 23 24 24 24 25 29 30 29 29 28 25 25 
1 1 1 1 1 1 1 2 2 7 16 25 32 30 26 28 32 31 26 24 12 3 2 1 1 1 1 1 1 1 1 1 1 1 1 1 1 1 1 1 1 1 1 2 5 30 32 22 25 26 28 29 26 23 28 40 58 38 29 25 25 22 22 23 22 21 19 19 21 22 23 23 23 24 25 24 24 25 26 29 28 25 24 
1 1 1 1 1 1 1 2 2 5 12 18 24 24 25 30 35 34 32 29 17 2 2 1 1 1 1 1 1 1 1 1 1 1 1 1 1 1 1 1 1 1 1 8 17 32 35 23 22 24 29 32 30 22 23 36 67 45 36 17 21 18 19 21 21 18 18 18 19 21 21 22 23 25 26 25 25 25 24 28 31 31 26 
1 1 1 1 1 1 1 2 2 3 5 7 9 8 14 18 21 23 23 19 12 2 2 1 1 1 1 1 1 1 1 1 1 1 1 1 1 1 1 1 1 2 3 2 9 28 35 30 26 25 26 31 40 42 30 20 38 31 28 24 21 17 18 18 18 17 17 17 18 21 21 22 22 24 25 25 25 26 25 28 32 33 29 
1 1 1 1 1 1 2 2 2 3 3 1 1 2 4 5 5 9 11 8 4 2 1 1 1 1 1 1 1 1 1 1 1 1 1 1 1 1 1 1 1 2 3 3 5 15 25 31 32 30 29 25 29 42 44 25 22 22 23 23 22 19 19 21 21 18 18 21 22 23 23 25 25 24 24 24 25 29 30 28 29 31 27 
1 1 1 1 2 2 2 2 2 1 1 1 1 2 2 2 1 2 3 3 1 2 1 1 1 1 1 1 1 1 1 1 1 1 1 1 1 1 1 1 1 1 3 3 4 5 13 22 29 36 43 30 22 23 37 33 19 22 23 25 26 26 26 26 26 25 24 24 25 26 26 29 29 26 25 26 28 31 35 31 30 27 26 
1 1 1 1 2 2 2 2 2 1 1 1 1 1 3 2 2 1 2 2 1 1 1 1 1 1 1 1 1 1 1 1 1 1 1 1 1 1 1 1 1 1 2 2 2 3 8 7 9 26 45 47 33 17 21 30 29 26 25 29 32 35 36 35 32 31 30 30 30 31 32 32 33 29 29 31 34 37 38 38 38 31 30 
2 2 2 2 2 2 2 2 2 1 1 1 1 1 2 2 2 2 2 1 2 1 1 1 1 1 1 1 1 1 1 1 1 1 1 1 1 1 1 1 1 1 1 1 1 2 3 3 3 6 21 45 40 30 28 32 32 29 26 52 47 46 46 47 47 46 45 45 46 47 47 49 49 46 47 41 46 50 47 46 47 44 40 
1 1 1 1 1 1 1 1 1 1 1 1 1 1 1 1 1 1 1 1 1 1 1 1 1 1 1 1 1 1 1 1 1 1 1 1 1 1 1 1 1 1 1 1 1 1 2 1 1 1 6 17 33 31 16 11 29 61 79 68 71 60 64 63 61 60 60 62 66 67 67 66 66 66 67 64 64 64 64 63 61 60 54 
1 1 1 1 1 1 1 1 1 1 1 1 1 1 1 1 1 1 1 1 1 1 1 1 1 1 1 1 1 1 1 1 1 1 1 1 1 1 1 1 1 1 1 1 1 1 2 2 3 4 3 3 22 37 40 28 23 61 105 78 84 86 88 87 86 85 85 86 86 86 86 85 85 85 84 79 79 79 79 79 78 75 68 
1 1 1 1 1 1 1 1 1 1 1 1 1 1 1 1 1 1 1 1 1 1 1 1 1 1 1 1 1 1 1 1 1 1 1 1 1 1 1 1 1 1 1 1 1 1 1 2 3 5 4 1 13 29 44 44 24 43 93 92 97 102 116 109 106 106 107 109 109 110 110 109 109 108 108 102 102 102 103 101 99 98 91 
1 1 1 1 1 1 1 1 1 1 1 1 1 1 1 1 1 1 1 1 1 1 1 1 1 1 1 1 1 1 1 1 1 1 1 1 1 1 1 1 1 1 1 1 1 1 1 1 3 9 19 19 11 18 31 45 33 29 50 92 104 114 123 116 115 115 116 117 119 121 121 120 120 120 120 118 118 118 118 117 117 117 108 
1 1 1 1 1 1 1 1 1 1 1 1 1 1 1 1 1 1 1 1 1 1 1 1 1 1 1 1 1 1 1 1 1 1 1 1 1 1 1 1 1 1 1 1 1 1 1 1 5 15 27 34 16 16 24 34 33 23 24 78 100 118 128 118 117 118 118 121 121 122 122 121 121 122 122 122 122 123 123 124 125 123 114 
1 1 1 1 1 1 1 1 1 1 1 1 1 1 1 1 1 1 1 1 1 1 1 1 1 1 1 1 1 1 1 1 1 1 1 1 1 1 1 1 1 1 1 1 1 1 0 1 7 17 25 29 20 23 29 31 30 24 25 78 91 109 118 115 117 121 120 121 122 123 123 122 122 123 123 123 123 124 124 125 126 124 115 
1 1 1 1 1 1 1 1 1 1 1 1 1 1 1 1 1 1 1 1 1 1 1 1 1 1 1 1 1 1 1 1 1 1 1 1 1 1 1 1 1 1 1 1 1 1 0 1 8 18 22 16 19 26 37 37 29 32 37 67 83 97 107 113 114 116 117 117 118 120 120 120 120 120 121 122 122 122 122 123 124 122 113 
1 1 1 1 1 1 1 1 1 1 1 1 1 1 1 1 1 1 1 1 1 1 1 1 1 1 1 1 1 1 1 1 1 1 1 1 1 1 1 1 1 1 1 1 1 1 1 2 8 18 24 18 13 28 39 29 22 30 32 58 82 88 92 97 101 104 109 108 109 111 111 111 111 113 114 117 117 118 118 120 120 118 108 
1 1 1 1 1 1 1 1 1 1 1 1 1 1 1 1 1 1 1 1 1 1 1 1 1 1 1 1 1 1 1 1 1 1 1 1 1 1 1 1 1 1 1 1 1 1 1 1 5 17 27 24 18 24 32 31 26 29 24 58 73 79 82 88 90 92 92 93 97 102 106 107 107 107 108 109 110 113 116 116 113 113 104 
1 1 1 1 1 1 1 1 1 1 1 1 1 1 1 1 1 1 1 1 1 1 1 1 1 1 1 1 1 1 1 1 1 1 1 1 1 1 1 1 1 1 1 1 1 1 1 1 2 11 27 37 30 18 18 35 35 25 25 44 58 59 61 66 69 73 75 75 82 90 97 101 102 103 103 103 104 107 109 110 109 108 101 
1 1 1 1 1 1 1 1 1 1 1 1 1 1 1 1 1 1 1 1 1 1 1 1 1 1 1 1 1 1 1 1 1 1 1 1 1 1 1 1 1 1 1 1 1 1 1 1 1 2 19 36 35 19 15 31 37 26 26 31 43 45 43 44 46 51 54 56 64 73 82 87 92 94 96 99 100 103 107 107 108 109 101 
1 1 1 1 1 1 1 1 1 1 1 1 1 1 1 1 1 1 1 1 1 1 1 1 1 1 1 1 1 1 1 1 1 1 1 1 1 1 1 1 1 1 1 1 1 1 1 1 1 1 8 23 31 22 11 24 36 32 22 26 33 33 36 35 33 37 39 42 47 55 65 71 75 77 79 85 90 99 102 104 104 103 97 
1 1 1 1 1 1 1 1 1 1 1 1 1 1 1 1 1 1 1 1 1 1 1 1 1 1 1 1 1 1 1 1 1 1 1 1 1 1 1 1 1 1 1 1 1 1 1 1 1 1 3 14 24 21 7 12 29 32 16 29 35 32 33 33 32 33 33 35 38 41 47 52 57 60 59 65 74 82 89 94 94 93 88 
1 1 1 1 1 1 1 1 1 1 1 1 1 1 1 1 1 1 1 1 1 1 1 1 1 1 1 1 1 1 1 1 1 1 1 1 1 1 1 1 1 1 1 1 1 1 1 1 1 1 1 8 11 11 5 5 15 16 8 31 36 36 35 35 35 35 35 35 33 34 34 36 38 43 46 50 57 63 71 78 84 85 79 
1 1 1 1 1 1 1 1 1 1 1 1 1 1 1 1 1 1 1 1 1 1 1 1 1 1 1 1 1 1 1 1 1 1 1 1 1 1 1 2 2 2 2 2 2 1 1 1 1 1 1 3 5 5 3 2 5 9 11 31 37 39 37 36 36 36 36 36 35 33 30 29 27 28 33 36 40 45 54 63 70 73 70 
1 1 1 1 1 1 1 1 1 1 1 1 1 1 1 1 1 1 1 1 1 1 1 1 1 1 1 1 1 1 1 2 2 2 1 1 1 1 1 2 2 2 2 2 2 1 1 1 1 1 1 1 2 2 1 1 1 8 16 29 37 43 39 38 38 37 37 38 35 33 31 30 31 30 31 35 35 37 43 50 53 58 57 
1 1 1 1 1 1 1 1 1 1 1 1 1 1 1 1 1 1 1 1 1 1 1 1 1 1 1 1 1 1 1 3 7 9 12 16 18 21 22 12 7 4 3 2 1 1 1 0 0 0 1 1 1 1 1 1 1 12 25 32 39 40 39 38 38 37 38 38 37 32 31 32 33 34 34 36 36 36 37 40 39 43 43 
1 1 1 1 1 1 1 1 1 1 1 1 1 1 1 1 1 1 1 1 1 1 1 1 1 1 1 1 1 1 1 4 11 17 28 31 30 29 36 28 14 5 3 1 1 1 1 0 0 0 0 1 1 1 1 1 2 10 24 39 44 39 38 38 38 37 38 39 37 32 31 32 33 34 34 36 36 36 37 35 33 35 32 
1 1 1 1 1 1 1 1 1 1 1 1 1 1 1 1 1 1 1 1 1 1 1 1 1 2 2 1 1 1 1 8 20 29 38 36 35 38 40 38 19 6 3 2 2 1 1 1 1 0 0 0 0 0 0 1 4 6 20 40 42 39 38 38 38 38 39 38 36 33 32 32 33 35 35 36 36 39 39 36 32 33 29 
1 1 1 1 1 1 1 1 1 1 1 1 1 1 1 1 1 1 1 1 1 1 1 1 1 2 1 2 1 1 1 9 29 35 36 36 36 37 39 36 25 13 4 2 2 1 1 1 1 0 0 0 0 0 0 1 1 6 29 40 37 39 38 38 38 38 38 38 35 33 32 32 33 35 36 37 38 39 40 38 36 37 32 
1 1 1 1 1 1 1 1 1 1 1 1 1 1 1 1 1 1 1 1 1 1 1 1 1 2 1 2 1 1 1 8 18 32 37 37 35 33 35 36 37 28 10 3 2 1 1 2 1 1 1 1 2 1 1 0 0 12 42 53 42 38 38 38 38 38 38 37 35 32 32 32 33 36 37 38 38 38 37 37 36 38 33 
1 1 1 1 1 1 1 1 1 1 1 1 1 1 1 1 1 1 1 1 1 1 1 1 1 2 1 2 1 1 1 5 15 36 38 38 35 31 32 33 38 30 15 4 3 2 2 2 2 2 2 3 5 5 5 5 5 18 46 65 50 37 38 37 36 37 38 38 35 32 32 32 33 36 37 37 38 38 36 36 36 36 31 
1 1 1 1 1 1 1 1 1 1 1 1 1 1 1 1 1 1 1 1 1 1 1 1 1 2 1 2 1 1 1 5 16 36 44 39 35 32 32 33 36 32 24 6 6 3 3 2 2 3 3 6 10 9 10 12 15 24 53 74 57 39 38 38 37 37 38 37 33 31 31 32 35 37 37 36 35 36 35 35 33 32 28 
1 1 1 1 1 1 1 1 1 1 1 1 1 1 1 1 1 1 1 1 1 1 1 1 1 2 1 2 1 1 1 5 15 32 42 40 35 32 32 33 36 33 32 9 8 4 3 3 3 3 4 8 12 12 14 16 17 24 54 73 61 43 39 38 38 37 38 36 33 31 31 32 35 37 36 35 33 33 35 33 31 29 25 
1 1 1 1 1 1 1 1 1 1 1 1 1 1 1 1 1 1 1 1 1 1 1 1 1 2 2 1 1 1 1 3 10 28 43 40 36 33 32 35 36 35 40 14 10 5 4 4 4 5 6 9 14 17 17 19 20 24 41 71 61 44 39 39 37 36 37 35 32 30 31 32 33 35 35 33 33 33 32 31 30 29 23 
1 1 1 1 1 1 1 1 1 1 1 1 1 1 1 1 1 1 1 1 1 1 1 1 1 2 2 1 1 1 1 3 8 19 37 39 34 32 32 33 35 35 39 21 11 5 4 4 4 6 8 9 17 20 20 22 23 23 34 66 63 43 38 38 38 36 36 35 33 31 31 32 33 32 32 33 32 32 31 31 30 29 23 
1 1 1 1 1 1 1 1 1 1 1 1 1 1 1 1 1 1 1 1 1 1 1 1 1 1 1 1 1 1 1 1 4 12 22 36 32 31 33 33 33 37 37 23 12 7 4 4 5 8 9 11 18 21 21 21 21 20 32 65 65 42 37 38 38 36 35 32 32 32 31 32 31 32 31 32 31 31 30 30 30 29 22 
1 1 1 1 1 1 1 1 1 1 1 1 1 1 1 1 1 1 1 1 1 1 1 1 1 1 1 1 1 1 1 1 2 15 29 36 35 33 35 33 35 37 36 28 15 8 3 5 6 9 9 11 16 18 18 17 18 19 31 65 70 40 37 37 38 35 33 32 32 32 32 32 31 31 30 31 31 29 28 29 30 29 22 
1 1 1 1 1 1 1 1 1 1 1 1 1 1 1 1 1 1 1 1 1 1 1 1 1 2 2 2 2 1 1 1 2 13 27 35 35 35 35 33 33 33 31 26 17 9 4 5 7 9 10 11 15 18 17 17 18 18 28 65 77 45 39 38 39 36 33 33 33 33 32 31 30 29 29 29 29 29 26 28 30 29 22 
1 1 1 1 1 1 1 1 1 1 1 1 1 1 1 1 1 1 1 1 1 1 1 1 1 2 2 2 2 1 1 1 2 12 22 32 35 35 33 33 33 31 29 26 19 11 4 5 7 9 11 12 15 17 18 17 19 18 26 67 82 47 44 45 46 42 36 33 33 33 32 31 31 29 29 29 29 29 25 26 30 28 19 
1 1 1 1 1 1 1 1 1 1 1 1 1 1 1 1 1 1 1 1 1 1 1 1 1 1 1 1 1 1 1 2 2 9 16 31 35 35 33 32 33 32 32 30 25 11 5 7 7 10 12 12 15 18 18 19 22 19 26 68 92 64 56 53 51 45 37 35 33 33 32 31 30 29 29 29 29 29 28 29 30 28 19 
1 1 1 1 1 1 1 1 1 1 1 1 1 1 1 1 1 1 1 1 1 1 1 1 1 1 1 1 1 2 2 2 2 10 16 31 36 35 33 32 32 33 33 33 29 12 7 9 8 10 12 12 15 18 19 20 22 21 26 67 102 82 67 58 53 45 38 33 33 32 32 31 30 30 29 29 29 29 28 29 27 29 21 
1 1 1 1 1 1 1 1 1 1 1 1 1 1 1 1 1 1 1 1 1 1 1 1 1 1 1 1 1 1 1 3 3 12 22 29 35 36 34 32 33 32 28 33 30 19 11 9 8 11 13 14 16 18 19 19 21 21 25 65 103 95 62 52 51 46 40 37 37 33 31 30 30 29 29 30 29 26 26 27 26 26 19 
1 1 1 1 1 1 1 1 1 1 1 1 1 1 1 1 1 1 1 1 1 1 1 1 1 1 1 1 1 1 1 2 3 6 15 29 35 34 34 33 33 32 33 33 32 25 16 10 9 11 12 15 16 18 19 19 21 21 26 60 101 103 71 54 51 46 41 39 38 33 32 31 31 30 30 30 30 29 28 27 27 25 18 
1 1 1 1 1 1 1 1 1 1 1 1 1 1 1 1 1 1 1 1 1 1 1 1 1 1 1 1 1 1 1 2 2 3 11 28 33 34 34 36 35 33 35 36 34 28 18 11 9 10 11 14 16 16 17 19 21 23 27 59 107 108 72 53 50 45 43 40 38 35 32 31 31 31 30 30 29 29 30 29 28 25 18 
1 1 1 1 1 1 1 1 1 1 1 1 1 1 1 1 1 1 1 1 1 1 1 1 1 1 1 1 1 1 1 2 1 2 11 26 33 33 34 36 36 35 36 36 34 26 17 10 9 10 11 12 15 16 17 18 21 23 27 59 110 114 75 52 49 46 44 43 40 37 35 32 31 32 32 30 30 29 29 30 28 25 18 
1 1 1 1 1 1 1 1 1 1 1 1 1 1 1 1 1 1 1 1 1 1 1 1 1 1 1 1 1 2 2 3 1 2 15 30 35 33 32 35 36 35 35 35 33 28 17 11 9 11 12 12 14 16 17 18 19 21 26 57 103 111 75 50 47 46 45 45 42 37 36 32 32 31 31 30 30 30 29 30 30 26 17 
1 1 1 1 1 1 1 1 1 1 1 1 1 1 1 1 1 1 1 1 1 1 1 1 1 1 1 1 1 2 2 3 2 2 15 31 36 33 32 33 33 35 33 33 32 30 21 11 9 11 12 12 14 15 17 18 21 19 28 60 104 111 79 52 50 49 47 47 44 38 35 32 31 31 31 30 29 29 30 30 30 28 18 
1 1 1 1 1 1 1 1 1 1 1 1 1 1 1 1 1 1 1 1 1 1 1 1 1 1 1 1 1 2 2 2 2 1 11 30 36 35 33 33 33 32 32 31 32 31 22 14 9 9 11 12 14 15 16 17 18 18 25 60 103 113 79 51 50 50 50 50 46 40 37 35 31 31 30 30 29 29 26 30 31 29 19 
1 1 1 1 1 1 1 1 1 1 1 1 1 1 1 1 1 1 1 1 1 1 1 1 1 1 1 1 1 1 2 3 3 1 10 25 32 36 35 33 32 31 31 31 33 31 23 17 10 9 11 11 12 14 16 17 18 19 24 45 93 109 73 50 50 51 52 51 49 42 38 35 32 30 30 26 30 29 25 29 31 29 19 
1 1 1 1 1 1 1 1 1 1 1 1 1 1 1 1 1 1 1 1 1 1 1 1 1 1 1 1 1 1 1 2 3 2 9 22 30 36 36 32 31 30 30 31 33 33 26 20 11 9 9 10 11 14 16 17 18 19 23 50 101 107 69 49 50 51 53 53 50 43 40 36 33 30 28 29 29 29 26 28 31 29 18 
1 1 1 1 1 1 1 1 1 1 1 1 1 1 1 1 1 1 1 1 1 1 1 1 1 1 1 1 1 1 1 1 2 2 8 20 29 36 36 32 31 31 31 32 35 33 29 23 13 8 9 10 12 14 16 17 18 19 19 47 101 103 61 46 49 50 52 52 50 45 42 38 35 31 29 29 29 29 29 29 30 29 19 
1 1 1 1 1 1 1 1 1 1 1 1 1 1 1 1 1 1 1 1 1 1 1 1 1 1 1 1 1 2 2 2 2 2 5 17 26 38 38 34 36 36 34 36 38 38 33 25 14 7 8 9 11 14 15 17 19 20 18 35 88 99 59 44 47 51 52 52 49 46 44 39 37 33 34 35 35 37 38 37 37 32 22 
1 1 1 1 1 1 1 1 1 1 1 1 1 1 1 1 1 1 1 1 1 1 1 1 1 1 1 1 1 2 2 2 2 2 5 17 26 38 40 38 40 39 37 43 45 46 39 29 15 8 8 9 11 14 16 17 19 20 19 36 93 102 64 46 53 54 55 53 53 52 50 47 45 45 45 47 49 51 52 52 52 45 30 
1 1 1 1 1 1 1 1 1 1 1 1 1 1 1 1 1 1 1 1 1 1 1 1 1 1 1 1 1 2 3 3 1 1 3 16 30 39 42 42 44 43 40 53 53 54 51 38 19 10 9 9 11 14 16 18 20 20 20 43 98 111 75 56 61 63 64 65 65 65 64 64 64 63 63 65 65 68 69 68 70 65 45 
1 1 1 1 1 1 1 1 1 1 1 1 1 1 1 1 1 1 1 1 1 1 1 1 1 1 1 1 1 3 3 3 1 2 2 10 32 46 49 49 50 50 49 66 66 66 63 43 19 10 9 10 14 15 17 19 19 20 22 43 95 116 91 72 77 78 78 79 79 80 80 80 81 79 79 80 80 83 87 87 87 84 60 
1 1 1 1 1 1 1 1 1 1 1 1 1 1 1 1 1 1 1 1 1 1 1 1 1 1 1 1 1 2 2 2 1 2 4 12 38 58 65 66 66 65 65 78 77 77 73 53 23 12 9 11 15 16 18 19 19 22 23 45 96 123 100 82 88 88 89 90 93 94 93 93 95 93 93 94 95 96 101 102 100 95 70 
1 1 1 1 1 1 1 1 1 1 1 1 1 1 1 1 1 1 1 1 1 1 1 1 1 1 1 1 1 2 2 1 1 2 8 21 51 73 81 86 87 85 84 82 84 86 84 72 45 21 10 12 16 17 18 19 21 23 27 49 102 129 109 96 97 97 97 100 100 101 101 102 104 102 100 100 101 104 107 108 108 99 72 
1 1 1 1 1 1 1 1 1 1 1 1 1 1 1 1 1 1 1 1 1 1 1 1 1 1 1 1 1 2 2 1 1 2 9 22 51 84 89 87 92 92 93 95 99 97 95 87 57 30 10 12 15 16 19 21 21 23 26 50 104 129 104 99 100 101 102 101 102 103 103 103 102 103 104 103 103 104 106 106 107 99 68 
1 1 1 1 1 1 1 1 1 1 1 1 1 1 1 1 1 1 1 1 1 1 1 1 1 1 1 1 1 2 2 1 1 3 8 25 65 100 101 97 101 102 102 104 106 106 102 95 71 35 12 12 15 16 19 21 21 22 25 47 107 127 107 102 102 103 103 104 104 103 103 104 106 105 104 103 103 104 106 106 107 99 70 
1 1 1 1 1 1 1 1 1 1 1 1 1 1 1 1 1 1 1 1 1 1 1 1 1 1 1 1 1 2 2 1 1 4 8 31 72 101 106 102 103 104 105 104 103 102 104 103 71 32 15 12 13 16 19 21 22 23 26 45 104 124 104 103 104 102 103 103 104 103 104 104 104 103 103 103 103 104 104 107 107 97 70 
1 1 1 1 1 1 1 1 1 1 1 1 1 1 1 1 1 1 1 1 1 1 1 1 1 1 1 1 1 1 1 1 1 4 10 43 86 103 103 103 103 104 104 104 104 104 105 101 71 33 17 13 12 15 19 21 23 23 25 44 100 125 104 102 103 100 101 101 102 103 102 102 103 102 101 101 102 104 104 104 106 95 67 
1 1 1 1 1 1 1 1 1 1 1 1 1 1 1 1 1 1 1 1 1 1 1 1 1 1 1 1 1 2 1 1 2 6 22 59 94 104 102 104 104 104 105 104 105 104 104 102 82 39 15 14 12 15 19 22 23 24 25 40 93 123 104 100 101 96 97 97 99 99 99 99 99 99 99 99 100 102 101 100 101 92 63 
1 1 1 1 1 1 1 1 1 1 1 1 1 1 1 1 1 1 1 1 1 1 1 1 1 1 1 1 1 1 1 1 1 9 49 80 96 104 101 103 103 103 104 104 104 103 104 101 85 42 10 10 14 16 19 22 23 25 25 37 82 121 104 97 99 95 95 94 94 95 95 95 95 95 95 94 96 97 97 97 96 87 60 
1 1 1 1 1 1 1 1 1 1 1 1 1 1 1 1 1 1 1 1 1 1 1 1 1 1 1 1 1 2 2 5 8 29 77 97 100 102 102 102 102 101 101 101 100 100 101 99 82 46 11 8 12 17 19 21 23 23 24 31 72 118 100 94 95 90 90 89 89 92 92 92 92 92 92 90 93 94 95 95 94 84 58 
1 1 1 1 1 1 1 1 1 1 1 1 1 1 1 1 1 1 1 1 1 1 1 1 1 1 1 1 3 5 10 24 41 66 92 101 100 101 102 101 101 100 100 99 99 97 99 97 88 51 15 9 12 17 19 21 22 23 23 26 58 97 95 91 95 88 87 87 87 87 88 88 89 88 88 88 89 90 92 92 89 79 54 
1 1 1 1 1 1 1 1 1 1 1 1 1 1 1 1 1 1 1 1 1 1 1 1 1 2 2 3 8 14 31 54 80 94 97 98 98 101 101 101 99 97 97 97 96 97 100 97 88 54 16 8 12 15 17 19 23 23 25 25 47 78 88 86 87 84 82 82 84 81 85 87 87 87 87 87 87 88 88 88 87 75 52 
1 1 1 1 1 1 1 1 1 1 1 1 1 1 1 1 1 1 1 1 1 1 1 1 1 2 2 3 9 23 52 81 99 101 97 97 97 99 100 99 99 96 95 94 95 95 97 96 87 58 18 7 11 15 17 19 22 23 24 24 43 81 81 80 79 77 77 78 78 79 82 85 84 84 85 85 85 86 86 87 85 73 50 
1 1 1 1 1 1 1 1 1 1 1 1 1 1 1 1 1 1 1 1 1 1 1 1 1 2 3 3 8 29 72 100 102 99 97 97 96 98 98 96 96 95 96 95 95 93 93 95 89 62 23 5 11 15 17 19 22 22 23 25 36 77 81 82 82 77 74 75 75 78 80 81 80 82 83 82 82 82 86 87 85 72 47 
1 1 1 1 1 1 1 1 1 1 1 1 1 1 1 1 1 1 1 1 1 1 1 1 1 2 3 3 9 30 75 104 102 99 99 97 96 96 97 96 96 95 95 95 94 90 90 93 89 61 19 5 11 15 16 18 22 22 22 25 43 77 79 81 80 75 72 74 74 75 78 79 78 80 81 81 81 81 84 86 83 73 47 
1 1 1 1 1 1 1 1 1 1 1 1 1 1 1 1 1 1 1 1 1 1 1 1 1 2 2 4 10 31 75 101 100 95 96 95 95 96 96 96 96 95 95 94 90 86 85 85 85 56 16 5 11 15 17 18 19 21 22 27 43 72 74 77 75 73 71 71 72 74 76 75 74 74 75 76 78 79 81 82 81 71 47 
1 1 1 1 1 1 1 1 1 1 1 1 1 1 1 1 1 1 1 1 1 1 1 1 1 2 3 5 10 27 68 96 95 92 93 94 94 95 95 95 96 96 97 96 93 85 85 82 81 51 14 8 11 14 17 18 19 19 21 31 43 66 72 74 73 70 67 66 67 69 71 71 70 71 72 73 75 77 79 81 79 67 44 
1 1 1 1 1 1 1 1 1 1 1 1 1 1 1 1 1 1 1 1 1 1 1 1 1 3 4 5 9 22 57 90 97 90 90 90 89 93 90 90 90 93 94 95 95 96 108 110 99 46 12 8 12 14 17 18 19 18 21 35 49 67 71 68 67 65 65 65 66 66 67 68 66 68 71 71 73 75 77 79 78 65 43 
1 1 1 1 1 1 1 1 1 1 1 1 1 1 1 1 1 1 1 1 1 1 1 1 1 2 3 4 8 16 48 85 96 90 88 89 87 87 88 87 86 85 86 86 92 114 136 144 125 43 12 10 12 16 18 19 19 19 23 40 57 66 69 64 63 61 61 64 65 65 65 66 66 68 70 71 73 75 75 77 75 64 40 
1 1 1 1 1 1 1 1 1 1 1 1 1 1 1 1 1 1 1 1 1 1 1 1 1 1 1 4 6 11 36 74 90 87 86 86 85 85 85 86 83 78 74 89 108 129 137 107 63 32 10 8 9 14 18 19 21 23 25 40 57 67 66 60 61 64 64 64 64 64 65 66 67 71 72 73 74 74 74 75 75 64 40 
1 1 1 1 1 1 1 1 1 1 1 1 1 1 1 1 1 1 1 1 1 1 1 1 1 1 1 4 6 8 26 64 84 84 84 84 81 81 82 85 83 78 67 85 90 78 59 29 8 11 10 7 10 14 18 19 21 23 28 38 59 73 66 59 63 69 68 67 67 67 67 68 70 72 73 74 74 73 73 74 74 64 39 
1 1 1 1 1 1 1 1 1 1 1 1 1 1 1 1 1 1 1 1 1 1 1 1 1 1 1 3 5 4 19 56 78 81 82 80 78 78 82 84 82 80 60 68 57 28 9 1 8 12 9 8 11 16 18 19 21 24 31 38 58 73 73 71 71 72 72 72 71 71 70 71 73 74 75 73 73 74 73 72 72 63 39 
1 1 1 1 1 1 1 1 1 1 1 1 1 1 1 1 1 1 1 1 1 1 1 1 1 1 1 3 4 3 14 51 77 80 81 80 78 78 80 82 81 80 51 40 24 12 12 11 12 11 10 9 12 16 17 19 21 24 32 38 58 75 77 74 72 72 72 72 72 72 72 73 75 75 75 74 73 74 73 71 71 63 40 
1 1 1 1 1 1 1 1 1 1 1 1 1 1 1 1 1 1 1 1 1 1 1 1 1 1 1 2 2 2 15 53 78 78 79 77 73 73 77 78 75 74 40 32 18 10 10 10 11 11 12 12 14 16 17 18 21 24 32 41 59 75 78 78 74 71 72 72 72 72 72 74 76 75 75 75 75 76 74 73 72 64 40 
1 1 1 1 1 1 1 1 1 1 1 1 1 1 1 1 1 1 1 1 1 1 1 1 1 1 1 2 2 2 9 45 79 77 74 75 71 71 72 73 70 68 36 19 15 12 9 9 11 12 14 15 16 17 18 19 21 24 31 44 60 74 75 75 72 68 71 72 72 73 73 75 75 74 75 75 77 79 76 74 74 65 42 
1 1 1 1 1 1 1 1 1 1 1 1 1 1 1 1 1 1 1 1 1 1 1 1 1 1 1 1 1 2 10 44 73 71 73 77 71 68 67 67 63 59 35 14 11 8 7 8 11 12 15 15 17 17 18 19 21 24 26 46 63 73 73 73 71 68 71 72 72 74 74 76 76 76 78 77 78 79 78 79 78 67 43 
1 1 1 1 1 1 1 1 1 1 1 1 1 1 1 1 1 1 1 1 1 1 1 1 1 1 1 1 1 2 9 36 64 73 72 77 72 68 66 65 59 53 31 11 9 7 5 8 11 12 15 16 17 18 19 21 21 24 25 46 66 72 72 71 69 70 71 72 73 74 77 78 78 78 79 78 78 79 80 81 82 70 44 
1 1 1 1 1 1 1 1 1 1 1 1 1 1 1 1 1 1 1 1 1 1 1 1 1 1 1 2 1 4 22 39 60 73 72 73 71 76 79 75 77 52 19 12 9 4 7 10 12 12 15 16 18 18 19 21 21 22 23 29 46 65 71 71 69 70 71 72 73 75 77 77 77 78 78 79 79 80 81 85 85 71 43 
1 1 1 1 1 1 1 1 1 1 1 1 1 1 1 1 1 1 1 1 1 1 1 1 1 1 1 1 1 10 31 52 71 72 70 71 71 72 74 70 71 47 18 20 8 3 9 11 11 12 16 18 18 18 19 21 21 21 24 35 52 66 71 69 69 70 71 72 74 75 77 77 77 78 79 80 81 84 84 88 89 73 43 
1 1 1 1 1 1 1 1 1 1 1 1 1 1 1 1 1 1 1 1 1 1 1 1 1 1 1 1 3 18 40 63 71 72 71 71 68 67 67 64 61 43 16 15 15 15 15 8 4 8 18 18 19 20 20 21 22 19 26 44 59 66 68 68 68 71 72 73 75 77 78 78 78 80 81 83 86 86 87 90 90 74 43 
1 1 1 1 1 1 1 1 1 1 1 1 1 1 1 1 1 1 1 1 1 1 1 1 1 1 1 2 10 28 52 67 71 73 71 72 68 66 65 60 56 38 14 15 33 40 30 10 5 9 16 19 18 20 20 21 22 22 30 52 64 68 67 66 68 72 74 73 75 78 78 80 81 83 85 85 86 87 86 85 82 68 39 
1 1 1 1 1 1 1 1 1 1 1 1 1 1 1 1 1 1 1 1 1 1 1 1 1 1 1 1 9 32 58 66 70 70 70 72 67 66 56 30 5 15 17 19 101 122 65 17 16 21 21 21 19 19 19 23 25 25 38 58 66 67 66 66 70 73 73 75 76 79 81 82 84 84 84 85 85 85 81 78 75 61 35 
1 1 1 1 1 1 1 1 1 1 1 1 1 1 1 1 1 1 1 1 1 1 1 1 1 1 1 2 11 39 63 66 67 67 67 72 70 63 45 19 5 10 8 20 81 110 61 15 16 21 21 21 19 19 21 24 27 33 46 64 67 67 66 67 72 73 73 75 76 78 80 81 81 81 81 80 78 74 70 67 65 51 26 
1 1 1 1 1 1 1 1 1 1 1 1 1 1 1 1 1 1 1 1 1 1 1 1 1 1 1 4 28 52 65 66 67 68 68 71 73 60 40 22 14 22 40 58 57 60 31 7 9 16 18 19 19 21 23 25 30 41 54 66 68 68 68 71 73 73 74 76 78 77 79 79 78 78 78 70 64 60 54 50 47 38 17 
1 1 1 1 1 1 1 1 1 1 1 1 1 1 1 1 1 1 1 1 1 1 1 1 1 1 1 7 37 58 67 67 67 68 68 68 68 54 33 23 10 54 128 131 69 21 11 7 9 16 18 18 18 22 24 28 37 50 61 67 68 68 72 73 74 72 75 78 79 77 75 73 73 73 74 52 45 43 38 33 30 23 11 
1 1 1 1 1 1 1 1 1 1 1 1 1 1 1 1 1 1 1 1 1 1 1 1 1 1 1 8 38 59 67 66 67 68 68 67 67 61 51 36 26 93 153 167 125 64 30 11 9 15 17 17 19 23 26 31 45 56 61 65 67 70 72 74 74 73 75 78 77 75 71 65 60 58 51 39 31 29 26 25 21 15 6 
1 1 1 1 1 1 1 1 1 1 1 1 1 1 1 1 1 1 1 1 1 1 1 1 1 1 1 8 40 59 68 66 67 68 68 67 68 72 68 51 39 67 93 106 97 60 29 11 10 15 16 18 21 26 31 38 54 64 65 67 67 70 73 75 75 75 75 79 73 66 61 56 49 43 38 29 22 18 18 22 17 10 6 
1 1 1 1 1 1 1 1 1 1 1 1 1 1 1 1 1 1 1 1 1 1 1 1 1 2 2 8 43 60 70 64 64 67 68 69 69 73 67 54 53 37 23 26 39 35 18 9 10 16 19 21 25 35 46 51 61 67 68 68 68 71 75 77 77 78 75 71 63 54 49 40 35 29 25 23 19 16 16 19 17 11 5 
1 1 1 1 1 1 1 1 1 1 1 1 1 1 1 1 1 1 1 1 1 1 1 1 1 2 2 13 44 60 68 64 63 68 68 69 69 69 61 55 64 42 21 17 18 19 12 8 14 16 18 21 24 40 60 64 67 67 68 68 70 73 79 80 74 72 66 57 49 42 36 29 23 21 19 19 17 16 15 18 17 11 4 
1 1 1 1 1 1 1 1 1 1 1 1 1 1 1 1 1 1 1 1 1 1 1 2 2 2 2 25 57 70 68 64 63 67 67 67 67 65 63 60 62 42 29 23 17 17 12 11 16 22 26 31 39 51 61 65 65 66 68 70 71 77 80 79 72 64 56 45 37 32 26 22 18 17 18 17 17 16 15 17 16 10 3 
1 1 1 1 1 1 1 1 1 1 1 1 1 1 1 1 1 1 1 1 1 1 1 2 2 2 3 30 63 68 59 61 61 64 63 64 62 61 63 59 58 33 21 18 15 16 12 12 19 29 33 36 49 60 65 64 65 66 68 70 71 79 80 74 64 56 43 33 29 25 22 17 17 16 16 16 15 14 16 17 16 10 3 
1 1 1 1 1 1 1 1 1 1 1 1 1 1 1 1 1 1 1 1 1 1 1 2 2 2 4 27 58 60 54 56 54 56 57 58 57 57 57 52 51 26 11 15 10 10 8 11 17 28 35 33 47 57 57 60 65 66 66 68 72 77 73 63 51 43 31 25 23 20 18 15 16 16 16 15 15 15 16 17 17 12 3 
1 1 1 1 1 1 1 1 1 1 1 1 1 1 1 1 1 1 1 1 1 1 1 2 2 2 4 25 47 50 45 49 51 49 49 51 51 52 50 45 44 30 19 24 19 19 19 25 35 45 56 49 51 51 52 58 65 68 72 73 73 72 64 53 42 33 25 22 19 18 17 15 16 16 16 16 15 16 16 17 17 13 5 
1 1 1 1 1 1 1 1 1 1 1 1 1 1 1 1 1 1 1 1 1 2 2 2 2 3 8 24 42 40 40 42 44 40 39 38 39 39 38 38 38 32 32 32 31 35 36 36 36 36 37 36 37 40 49 58 65 70 71 71 69 63 53 43 32 24 21 18 18 17 16 16 16 16 17 17 17 16 16 17 18 12 6 
1 1 1 1 1 1 1 1 1 1 1 1 1 1 1 1 1 1 1 1 1 2 2 2 2 4 11 26 36 32 35 33 33 33 33 33 32 31 32 32 31 31 30 31 29 30 31 30 31 30 31 30 32 37 47 58 65 68 71 69 65 52 43 32 23 19 18 18 17 16 16 16 16 16 17 17 17 16 16 17 18 14 6 
1 1 1 1 1 1 1 1 1 1 1 1 1 1 1 1 1 1 1 1 1 2 2 2 2 5 16 33 37 37 38 33 32 32 33 33 33 33 33 33 33 33 33 31 33 33 33 33 33 32 32 35 37 44 52 59 64 66 65 64 56 44 35 24 18 18 18 18 17 16 16 16 17 17 17 16 16 16 16 15 17 12 6 
1 1 1 1 1 1 1 1 1 1 1 1 1 1 1 1 1 1 1 1 1 2 2 2 3 6 18 40 49 47 48 44 43 44 45 46 47 49 49 49 49 50 50 45 47 49 49 49 47 47 47 47 47 52 58 61 64 66 61 57 46 36 26 19 16 17 17 17 17 16 16 16 17 16 16 16 16 16 16 16 15 12 6 
1 1 1 1 1 1 1 1 1 1 1 1 1 1 1 1 1 1 1 1 1 1 2 2 3 7 22 50 64 58 57 54 56 59 61 60 60 61 61 61 61 61 61 60 60 61 61 61 61 60 60 58 58 60 62 65 66 66 60 49 39 31 23 16 15 17 17 17 17 16 16 16 17 16 16 15 16 16 16 17 16 11 6 
1 1 1 1 1 1 1 1 1 1 1 1 1 1 1 1 1 1 1 1 1 1 2 2 3 8 24 57 72 65 63 64 66 67 67 66 65 65 65 65 65 65 65 65 65 65 65 65 65 65 65 64 61 62 66 67 67 66 54 40 32 26 20 16 15 17 17 16 16 16 16 16 16 16 15 16 16 16 16 17 16 12 6 
1 1 1 1 1 1 1 1 1 1 1 1 1 1 1 1 1 1 1 1 1 1 2 2 4 12 30 60 71 67 67 65 65 65 66 65 65 65 65 65 65 65 65 65 65 65 65 65 65 65 65 64 63 63 64 65 64 61 50 35 28 22 17 16 15 18 18 16 16 16 16 16 16 16 16 16 16 16 16 17 17 12 6 
1 1 1 1 1 1 1 1 1 1 1 1 1 1 1 1 1 1 1 1 2 2 2 2 5 15 37 65 71 69 69 66 65 65 66 65 66 66 66 65 66 66 65 64 65 66 66 66 65 65 66 64 64 64 64 63 60 56 44 33 24 18 16 17 16 19 18 17 17 16 16 16 16 16 16 16 16 16 16 17 17 12 7 
1 1 1 1 1 1 1 1 1 1 1 1 1 1 1 1 1 2 2 3 2 2 3 3 8 23 60 67 68 67 67 66 65 65 65 65 65 65 65 65 65 65 65 64 65 65 65 65 65 64 65 64 63 63 63 61 57 50 38 31 23 17 16 16 16 18 18 17 17 16 17 16 15 16 17 16 15 15 16 16 17 13 6 
1 1 1 1 1 1 1 1 1 1 1 1 1 1 1 1 1 2 2 3 3 2 2 3 9 32 61 65 67 65 66 65 64 64 64 63 64 64 64 64 64 64 63 63 63 64 64 65 64 63 63 61 63 63 61 58 51 42 31 26 21 17 16 16 16 18 17 17 17 16 17 16 16 16 17 16 16 17 17 18 18 15 8 
1 1 1 1 1 1 1 1 1 1 1 1 1 1 1 1 1 2 2 3 3 2 2 3 11 37 64 66 66 61 64 64 63 63 61 61 61 63 63 63 61 61 61 61 61 61 63 64 63 61 60 60 61 61 59 54 46 37 27 22 17 16 16 17 17 16 16 17 17 17 17 17 16 16 17 16 17 18 19 21 21 16 8 
1 1 1 1 1 1 1 1 1 1 1 1 1 1 1 1 1 2 2 3 3 2 2 3 11 40 63 64 64 60 61 63 61 60 60 60 59 60 61 61 61 60 60 60 60 60 61 63 61 60 60 59 60 60 57 50 43 33 24 21 16 15 16 17 17 16 16 17 17 16 18 18 16 17 18 17 18 18 22 22 22 18 10 
1 1 1 1 1 1 1 1 1 1 1 1 1 1 1 1 1 2 2 3 3 2 2 4 14 42 61 61 61 60 59 61 61 57 58 58 58 58 59 59 59 59 59 59 59 59 60 61 60 59 59 59 59 59 53 47 39 30 23 19 15 15 15 17 17 17 18 16 16 16 18 18 16 17 18 19 19 21 21 22 22 18 11 
1 1 1 1 1 1 1 1 1 1 1 1 1 1 1 1 1 2 2 3 3 2 2 5 16 46 58 60 59 58 58 59 59 57 56 56 56 57 57 58 57 57 58 57 57 57 58 59 59 58 58 58 58 57 51 45 36 29 23 18 15 15 15 17 17 18 18 16 16 16 18 18 17 18 18 19 21 22 23 23 22 17 11 
1 1 1 1 1 1 1 1 1 1 1 1 1 1 1 1 1 2 2 3 3 4 2 7 11 50 56 59 58 57 57 57 58 56 53 56 56 54 56 57 57 56 56 54 56 56 56 57 57 57 57 57 56 53 47 42 33 26 22 17 15 15 15 16 16 18 18 17 16 17 17 18 18 19 19 21 22 24 24 23 22 17 10 
1 1 1 1 1 1 1 1 1 1 1 1 1 1 1 1 1 2 2 3 3 5 2 7 28 63 57 57 57 54 56 56 56 56 53 53 54 54 54 56 56 54 54 54 54 54 54 56 56 56 57 56 54 51 45 38 31 26 20 17 16 15 15 16 16 17 18 16 16 17 17 17 19 21 23 23 23 24 23 22 21 16 9 
1 1 1 1 1 1 1 1 1 1 1 1 1 1 1 1 1 2 2 2 3 3 4 9 31 55 55 54 54 54 54 54 54 54 53 53 52 53 53 54 54 54 54 53 53 53 54 54 54 56 57 56 53 50 44 36 29 24 20 17 16 15 15 16 16 17 18 16 17 17 17 18 22 23 24 23 23 22 21 18 18 15 8 
1 1 1 1 1 1 1 1 1 1 1 1 1 1 1 1 1 1 1 2 3 3 1 11 32 54 55 54 53 54 54 54 54 54 53 53 52 52 52 53 53 53 53 52 53 53 53 53 53 56 56 54 52 50 43 35 26 22 19 17 16 16 15 15 16 17 18 17 16 17 18 19 23 23 24 24 22 21 19 18 17 15 6 
1 1 1 1 1 1 1 1 1 1 1 1 1 1 1 1 1 1 1 1 1 2 1 11 37 54 55 54 52 52 53 53 53 53 52 52 51 52 52 52 52 52 52 52 52 52 52 52 52 53 54 53 51 47 40 32 24 20 19 17 16 16 16 16 16 17 18 17 17 17 19 21 24 24 24 23 23 22 19 18 17 14 7 
1 1 1 1 1 1 1 1 1 1 1 1 1 1 1 1 1 1 1 1 1 1 1 11 37 55 54 52 52 51 52 52 52 51 51 50 51 50 50 51 51 51 52 51 51 51 51 51 51 52 53 52 51 47 39 31 24 19 18 17 17 17 17 17 17 18 19 18 18 18 21 23 26 25 24 24 23 22 19 17 16 12 7 
1 1 1 1 1 1 1 1 1 1 1 1 1 1 1 1 1 1 1 1 2 2 1 12 40 53 52 52 51 50 51 51 51 51 50 50 50 50 49 49 50 50 51 50 50 50 51 50 50 51 52 52 50 47 39 31 24 18 17 18 17 17 17 17 17 19 19 19 18 18 22 27 32 31 30 28 25 23 21 18 16 12 8 
1 1 1 1 1 1 1 1 1 1 1 1 1 1 1 1 1 1 1 1 3 3 3 18 46 52 51 49 49 49 50 50 50 49 49 49 49 49 47 47 49 50 50 49 49 49 49 49 49 50 51 51 50 47 39 31 24 18 17 18 17 17 17 17 17 19 20 21 19 19 24 31 39 39 38 35 31 25 23 21 18 15 9 
1 1 1 1 1 1 1 1 1 1 1 1 1 1 1 1 1 1 1 1 2 4 4 26 52 51 49 49 47 47 49 49 49 47 47 47 47 47 46 46 47 49 47 47 47 47 47 47 47 49 50 50 50 46 38 30 23 19 18 17 17 16 17 17 17 19 20 19 19 21 26 35 44 45 45 44 39 32 26 25 23 16 9 
1 1 1 1 1 1 1 1 1 1 1 1 1 1 1 2 2 2 2 1 1 4 5 31 54 50 49 46 47 47 49 49 47 47 46 46 46 46 46 46 47 47 46 46 46 47 46 46 47 47 49 50 49 46 38 30 23 19 18 17 17 16 17 17 17 19 22 18 19 23 29 39 47 49 50 50 49 42 35 32 30 21 10 
1 1 1 1 1 1 1 1 1 1 1 1 1 1 1 1 2 1 1 2 1 3 19 43 56 52 41 46 46 48 50 50 48 46 45 45 46 46 45 44 46 46 46 47 47 46 45 46 48 49 49 50 50 46 38 30 23 20 17 17 16 15 16 15 16 19 19 16 18 23 32 42 47 50 50 50 49 46 40 38 34 19 8 
1 1 1 1 1 1 1 1 1 1 1 1 1 1 1 2 2 1 1 2 1 2 8 35 65 53 44 49 47 48 52 52 51 49 47 49 50 50 46 44 45 46 47 50 50 46 44 45 48 50 47 50 51 46 38 30 23 20 17 17 16 15 16 16 17 19 19 17 17 23 35 40 45 48 50 49 47 48 47 45 41 24 10 
1 1 1 1 1 1 1 1 1 1 1 1 1 1 1 2 2 1 1 2 1 2 8 33 65 57 52 51 51 51 53 53 52 52 51 52 54 54 51 48 45 47 51 53 53 51 46 43 50 52 47 50 53 47 39 31 24 19 17 16 15 15 16 18 17 17 17 16 18 24 31 37 43 46 49 47 47 46 45 45 40 24 10 
1 1 1 1 1 1 1 1 1 1 1 1 1 1 1 2 2 1 1 1 2 3 6 29 64 63 58 58 59 59 57 58 57 57 55 57 59 61 58 55 52 52 55 59 60 58 53 48 53 57 52 54 58 52 40 31 24 19 17 16 15 15 17 17 16 17 16 17 21 23 28 33 39 42 43 44 43 43 40 40 35 21 9 
1 1 1 1 1 1 1 1 1 1 1 1 1 1 1 2 2 1 1 2 3 5 8 26 63 71 66 65 67 68 67 65 64 64 64 64 66 69 67 67 67 66 65 67 68 67 67 65 65 65 64 63 63 57 45 33 24 19 17 16 15 15 17 18 17 17 17 18 22 24 26 30 32 35 36 37 37 37 38 38 31 17 8 
1 1 1 1 1 1 1 1 1 1 1 1 1 1 1 1 1 1 1 2 3 5 5 19 56 77 73 71 72 74 73 70 68 69 69 71 73 73 73 74 75 75 73 73 73 74 75 74 74 72 71 71 67 59 46 35 25 20 18 16 16 15 16 17 16 16 18 18 21 23 26 26 28 29 29 29 31 33 35 34 29 16 8 
1 1 1 1 1 1 1 1 1 1 1 1 1 1 1 1 1 1 1 2 3 5 5 18 52 81 81 78 75 77 77 75 75 78 78 78 79 77 72 77 79 78 77 75 73 74 79 78 78 74 75 75 71 63 47 35 28 21 17 16 16 15 16 17 16 17 19 18 21 24 25 26 25 24 24 24 26 28 30 31 29 21 12 
1 1 1 2 2 2 2 2 2 2 2 1 1 1 1 1 1 1 1 2 3 5 8 25 59 81 81 80 76 78 79 79 80 79 79 79 80 78 73 77 78 78 78 78 74 75 78 76 79 75 73 75 72 64 49 36 28 21 17 16 16 15 16 17 16 19 19 19 22 24 26 25 24 23 22 20 23 23 25 28 30 29 26 
1 1 1 2 2 2 2 2 2 2 2 1 1 1 1 2 2 1 2 2 3 5 9 30 60 66 64 64 65 65 65 68 68 67 66 66 66 67 67 67 66 68 70 71 69 68 67 69 73 66 63 67 63 52 43 34 26 19 16 15 15 15 15 15 16 18 18 19 22 24 28 27 26 22 21 18 18 19 23 26 32 37 37 
1 1 1 2 2 2 2 2 2 2 2 1 1 1 1 2 1 1 1 2 3 6 15 33 50 51 51 52 53 51 51 53 53 52 51 51 51 52 52 52 52 54 54 54 54 53 53 57 58 51 50 54 50 39 33 31 24 19 16 15 16 16 15 16 18 18 18 19 22 25 29 30 27 23 21 19 17 17 23 28 33 38 38 
1 1 1 2 2 2 2 2 2 2 2 2 2 1 1 2 2 1 1 2 3 10 21 31 37 37 36 37 37 37 36 39 40 39 38 38 37 37 36 39 39 40 40 39 37 39 40 39 42 38 36 42 39 30 26 25 23 19 16 15 16 16 15 17 18 18 18 17 21 25 29 31 30 25 23 19 17 17 23 29 36 39 40 
