19 19 19 19 21 21 22 25 30 32 37 39 40 37 22 9 4 3 2 2 2 2 3 4 4 4 5 5 5 8 7 7 8 10 9 7 4 3 3 4 5 7 6 5 3 3 2 2 2 2 2 2 2 2 2 2 3 3 3 3 2 2 3 4 7 18 31 36 37 38 37 37 37 37 37 37 37 37 37 37 37 37 37 37 37 37 36 36 36 36 36 36 36 36 36 36 35 35 35 35 35 35 35 35 35 35 35 35 35 35 33 33 33 33 33 33 33 33 32 32 32 32 31 32 32 32 31 31 31 30 30 30 33 34 32 32 33 35 35 35 33 31 30 
19 19 21 21 22 22 23 25 29 32 36 39 42 40 26 10 5 3 5 5 8 9 10 9 11 15 16 17 18 13 9 14 19 16 11 9 5 5 5 10 15 12 8 5 4 4 4 3 2 2 2 2 2 3 2 2 2 2 2 2 3 3 3 4 8 18 31 37 38 39 37 37 37 37 37 37 37 37 37 37 37 37 37 37 37 37 36 36 36 36 36 36 36 36 36 36 36 35 35 35 35 35 35 35 35 35 35 35 35 35 33 33 33 33 33 33 33 33 32 32 32 32 31 32 32 32 32 31 31 31 30 30 30 31 31 31 32 32 32 33 35 32 32 
19 19 19 19 21 22 24 25 30 31 36 39 43 43 27 13 11 11 18 16 17 19 19 19 31 44 45 36 29 17 11 22 23 18 16 9 4 5 11 21 26 22 12 5 4 4 4 4 3 2 2 2 2 3 2 2 2 2 2 2 3 3 3 4 8 19 31 37 38 39 37 37 37 37 37 37 37 37 37 37 37 37 37 37 37 37 36 36 36 36 36 36 36 36 36 36 36 36 35 35 35 35 35 35 35 35 35 35 35 35 33 33 33 33 33 33 33 33 33 33 33 32 32 32 32 32 33 33 32 32 32 31 31 31 31 30 30 31 32 32 32 32 32 
19 19 21 21 22 24 27 30 32 33 38 40 44 47 42 33 36 37 42 39 39 42 39 47 73 99 104 85 71 51 31 30 26 25 21 9 4 5 15 24 31 23 12 7 4 3 2 2 4 4 2 2 2 2 2 2 2 2 3 3 2 2 3 4 9 20 31 37 37 38 37 37 37 37 37 37 37 37 37 37 37 37 37 37 37 37 36 36 36 36 36 36 36 36 36 36 36 36 36 35 35 35 35 35 35 35 35 35 35 35 33 33 33 33 33 33 33 33 32 32 32 32 32 33 32 31 32 32 32 31 31 30 31 31 31 30 30 30 31 32 33 33 31 
19 21 22 23 23 26 31 36 39 42 42 45 56 68 71 80 96 95 92 88 82 81 101 128 151 177 188 172 158 143 111 92 82 68 54 38 28 26 28 30 32 20 14 11 9 7 4 4 4 6 4 4 3 3 2 2 2 2 3 3 2 2 3 4 9 20 31 37 37 38 37 37 37 37 37 37 37 37 37 37 37 37 37 37 37 37 36 36 36 36 36 36 36 36 36 36 36 36 36 36 35 35 35 35 35 35 35 35 35 35 33 33 33 33 33 33 33 33 32 32 32 33 35 33 32 32 31 32 32 31 31 30 31 31 31 30 30 30 31 31 33 32 31 
22 23 23 24 26 30 33 43 51 57 58 64 95 123 131 143 153 155 152 141 137 148 169 199 221 237 244 238 231 222 203 187 173 156 137 120 104 82 54 43 28 16 15 11 12 14 11 8 5 5 6 6 4 3 2 2 2 2 3 3 3 3 3 4 9 20 31 37 37 38 37 37 38 38 38 38 38 38 37 37 37 37 38 38 38 38 36 36 36 36 36 36 36 36 36 36 36 36 36 36 35 36 35 35 35 35 35 35 35 35 33 33 33 33 33 33 33 33 33 33 33 35 35 33 32 32 31 32 32 32 32 32 31 32 32 32 31 31 31 32 33 32 31 
23 24 25 25 27 31 36 47 57 61 75 104 139 166 181 186 186 191 189 184 196 214 220 240 251 251 248 249 248 246 244 242 240 235 222 213 201 173 129 107 81 59 45 38 35 26 22 18 13 8 8 6 4 3 2 2 2 2 3 3 3 3 4 5 10 20 31 37 37 38 37 37 38 38 38 38 38 38 37 37 37 37 38 38 38 38 36 36 36 36 36 36 36 36 36 36 36 36 36 36 36 36 36 36 36 36 36 36 35 35 35 33 33 33 33 33 33 33 33 33 33 35 33 33 33 32 31 32 32 32 32 32 31 32 32 32 32 31 31 32 33 32 31 
24 25 25 26 28 33 39 47 53 71 113 155 188 210 216 217 222 226 223 230 243 247 249 252 252 247 243 246 246 245 247 248 250 251 249 247 241 236 222 205 189 172 145 121 107 82 94 84 56 29 12 5 4 3 3 2 1 2 2 2 2 3 4 4 9 19 31 37 37 38 38 38 38 37 38 38 38 38 38 38 37 37 37 37 37 37 38 37 37 37 37 37 37 37 37 37 37 37 37 37 36 37 36 36 36 36 36 36 36 35 35 33 33 33 33 33 33 33 35 35 35 35 35 33 33 32 31 32 32 32 32 32 31 32 33 33 33 33 33 32 32 31 31 
25 26 28 28 29 35 39 40 58 103 150 194 230 247 249 249 249 250 251 251 250 250 250 252 249 245 245 247 247 247 247 247 247 246 246 244 243 247 247 245 240 237 229 209 191 164 165 135 87 49 23 8 5 4 3 2 2 2 2 2 2 3 4 4 9 20 32 38 38 38 38 38 38 37 37 38 38 38 38 38 37 37 37 36 36 37 38 37 37 37 37 37 37 37 37 37 37 37 37 37 36 37 36 36 36 36 36 36 36 35 35 33 33 33 33 33 33 33 35 35 35 35 35 33 33 32 31 32 32 33 33 32 31 32 33 33 33 33 33 33 33 32 31 
28 29 31 30 31 37 39 47 81 144 201 238 251 252 252 251 251 252 252 250 249 248 247 248 248 248 247 245 238 235 233 227 223 229 240 246 247 248 248 247 245 248 249 247 236 217 196 139 81 45 22 8 5 4 3 3 2 2 3 3 3 3 4 4 9 20 33 39 38 38 38 38 38 38 37 38 38 38 38 38 38 37 37 36 36 37 38 37 37 37 37 37 37 37 36 36 36 36 37 37 37 37 36 36 36 36 36 36 36 35 35 33 33 33 33 33 33 33 35 35 35 35 33 35 35 32 32 33 32 33 33 32 32 32 32 33 33 33 32 32 33 32 31 
30 31 33 33 36 39 47 73 122 189 239 252 251 249 248 248 249 250 249 249 250 249 248 247 244 241 233 217 201 191 182 173 171 185 214 236 247 249 249 248 248 250 251 249 246 238 217 163 94 49 23 9 5 4 4 3 2 2 3 2 3 3 4 4 9 20 33 39 39 40 39 39 38 37 38 37 38 38 39 39 38 37 37 37 37 37 37 38 37 37 37 36 37 37 36 36 36 36 37 37 37 36 37 36 36 36 36 36 36 35 35 33 33 33 33 33 33 33 35 35 35 35 35 35 35 35 33 35 35 33 33 33 33 33 32 33 34 33 32 32 32 32 31 
34 34 36 38 38 42 79 121 177 229 252 251 249 249 248 247 247 249 250 250 250 251 251 245 227 205 186 166 149 133 116 114 116 130 157 189 221 240 242 242 243 243 245 245 245 245 237 210 153 93 49 17 6 5 5 4 2 2 2 2 3 3 4 4 9 22 33 39 39 40 40 40 39 39 38 38 39 39 39 40 38 38 38 37 37 37 36 37 38 38 38 37 37 37 36 36 36 36 37 37 37 36 37 36 36 36 36 36 36 36 35 35 35 35 35 35 35 35 35 33 33 33 35 35 35 35 33 35 35 35 35 35 33 33 33 33 34 34 34 34 32 32 32 
37 38 38 39 42 57 114 170 224 250 251 248 247 249 251 247 243 245 249 247 241 242 243 225 193 160 135 116 98 85 72 72 78 85 97 123 156 188 206 214 219 219 227 229 229 235 232 235 212 160 93 39 15 8 4 4 1 1 2 2 2 3 4 5 9 22 35 39 39 40 41 40 39 39 39 39 39 39 39 39 38 38 38 37 37 38 38 37 38 38 38 38 37 37 36 37 37 36 37 37 37 36 37 36 36 36 36 36 36 36 35 35 35 35 35 35 35 35 35 35 35 33 35 35 35 35 35 36 35 35 35 33 32 33 35 33 34 36 34 34 35 33 32 
39 40 40 41 44 67 149 212 249 250 243 240 231 231 234 230 228 231 235 234 223 215 205 181 148 113 87 75 66 59 56 56 57 61 66 80 100 120 135 145 153 156 167 180 187 201 208 223 229 196 130 70 33 16 3 2 1 1 2 2 3 4 4 5 8 21 36 40 40 42 40 40 39 39 39 39 39 39 38 39 39 38 38 37 38 39 38 38 37 37 37 37 38 37 36 37 37 36 37 37 37 36 37 36 36 37 37 36 36 36 35 35 35 35 35 35 35 35 35 35 35 35 35 36 36 36 36 36 35 35 36 35 35 36 35 35 35 33 34 34 35 33 32 
42 43 43 41 45 79 180 234 244 240 237 226 209 199 193 194 195 198 194 191 177 158 146 128 101 77 61 56 51 49 49 49 49 51 53 59 67 70 73 79 84 90 103 125 139 158 168 188 213 212 178 121 64 25 7 4 1 1 2 2 3 3 4 5 8 21 36 40 40 42 40 40 39 39 39 39 38 39 39 40 39 39 39 38 39 39 38 39 39 38 37 37 38 37 36 37 37 36 37 37 37 37 37 36 36 37 37 37 36 36 35 33 33 33 35 35 35 36 36 36 36 36 35 36 36 36 35 36 36 36 36 36 36 35 35 35 33 33 34 36 35 35 35 
43 44 45 45 54 93 201 236 231 227 223 206 186 168 155 155 160 158 146 135 115 100 93 81 67 58 52 47 43 38 36 35 35 37 38 39 43 47 50 49 51 59 67 84 99 117 124 144 178 202 202 167 106 47 12 5 4 2 2 2 2 3 5 5 9 22 38 41 40 42 42 39 38 38 38 39 40 40 40 40 40 40 39 38 38 39 39 39 40 40 39 38 38 36 36 35 37 37 38 38 38 38 37 36 37 37 37 37 37 36 35 35 35 35 33 35 36 36 36 36 36 36 37 36 35 35 36 36 36 36 36 36 35 35 36 36 36 36 36 36 35 36 36 
42 43 45 51 64 123 207 229 221 209 199 178 156 137 123 121 125 122 110 98 88 73 64 58 51 50 46 43 37 33 29 25 22 24 27 30 33 39 42 39 40 46 49 56 71 86 92 108 138 169 192 193 150 81 25 7 8 4 2 2 3 3 5 8 11 24 40 44 43 44 43 42 39 38 39 40 42 42 42 44 44 43 40 40 40 39 40 42 43 43 43 40 39 38 37 37 37 38 39 39 39 38 38 37 37 37 37 38 38 38 37 37 36 36 35 36 36 37 37 36 37 38 38 36 36 35 36 36 36 36 37 37 36 36 35 36 37 36 37 37 36 37 36 
43 43 46 60 86 154 199 203 194 195 185 152 121 106 99 93 87 80 71 66 60 51 45 42 39 38 37 35 33 32 29 25 22 22 23 26 32 35 36 35 36 39 42 47 56 64 68 87 115 142 170 193 177 117 51 12 3 3 3 3 3 3 5 8 12 26 40 44 44 44 43 40 38 37 40 40 42 44 44 46 45 44 42 39 40 40 39 40 43 44 44 43 40 39 37 37 37 38 40 40 40 39 38 37 37 36 37 37 39 42 38 39 38 37 36 36 36 37 37 37 38 38 38 38 38 36 35 36 36 36 37 37 36 37 36 36 37 36 36 37 37 37 37 
43 45 46 66 104 174 193 181 168 178 165 127 97 81 75 66 61 54 46 44 38 36 33 31 29 28 26 24 26 29 27 25 22 22 23 24 26 29 30 30 32 34 36 40 47 52 56 68 92 120 149 182 192 163 90 32 8 2 2 2 3 3 5 6 12 28 40 44 44 44 44 42 40 38 39 39 42 44 46 47 46 44 43 43 42 40 39 40 43 46 45 43 41 41 38 37 37 39 40 40 40 40 39 38 36 35 36 36 39 40 40 42 40 38 36 36 36 37 37 37 39 39 40 40 38 36 35 36 36 36 37 37 36 36 37 37 36 36 35 37 37 38 37 
43 42 47 74 131 188 189 173 156 155 136 102 77 63 56 47 45 42 38 35 32 29 26 25 25 23 21 21 21 23 23 21 18 19 22 22 24 26 26 28 30 33 32 36 41 45 48 57 71 97 127 171 203 205 143 60 16 7 3 1 3 4 6 7 12 28 39 43 43 44 45 44 42 39 40 41 42 43 45 47 46 45 45 44 42 40 39 40 43 45 46 45 44 43 37 36 36 38 39 39 40 40 39 38 37 36 36 36 39 40 42 42 42 39 37 36 36 37 36 36 38 40 42 40 39 37 37 36 36 36 37 37 36 36 37 37 38 36 35 36 37 38 37 
43 44 47 85 157 202 180 164 145 139 122 85 56 47 46 37 32 29 28 25 23 20 18 18 18 18 16 17 17 18 18 18 17 19 19 19 22 24 25 26 29 32 31 30 37 40 43 50 58 81 108 152 199 219 173 85 21 8 7 3 4 4 6 7 12 28 37 40 42 43 45 44 43 40 40 40 40 40 43 46 45 45 45 43 40 38 37 39 42 44 45 45 45 44 39 37 35 37 39 40 40 40 40 42 38 37 37 37 39 40 40 43 40 40 39 38 36 37 36 36 38 39 43 42 39 37 37 36 36 35 36 37 37 37 36 37 38 36 35 35 37 37 37 
43 44 53 102 180 206 166 138 122 107 86 60 40 36 33 28 25 25 24 20 17 16 14 11 10 9 9 10 12 14 15 17 18 18 17 17 22 24 25 26 27 30 29 29 34 39 42 44 50 64 81 121 179 214 179 102 32 9 11 8 4 3 5 6 12 28 36 39 40 43 44 43 43 42 40 40 39 40 42 44 45 45 45 44 42 37 37 38 39 42 44 45 46 45 39 37 36 36 37 37 38 40 42 42 42 40 38 37 38 39 40 43 40 40 39 38 36 37 36 36 38 39 43 42 39 39 38 37 36 36 37 38 37 37 38 37 37 35 35 35 35 37 37 
42 46 67 127 189 193 148 113 95 77 58 42 29 23 23 21 22 24 23 17 13 13 10 8 5 5 5 5 7 9 12 13 16 16 15 15 19 23 25 26 27 27 26 29 32 38 38 36 44 53 64 97 159 209 188 122 56 31 20 6 2 3 5 8 14 28 36 38 40 43 42 42 43 42 40 40 39 39 42 43 45 45 45 44 42 39 38 37 38 40 42 45 46 45 39 38 36 36 36 36 37 40 42 42 42 40 38 36 37 37 39 40 40 40 39 38 36 36 36 36 37 38 43 40 39 39 38 37 36 36 37 38 37 37 38 38 37 36 36 33 32 35 36 
44 61 100 159 188 173 128 94 75 61 43 28 18 18 22 23 23 22 19 16 12 11 7 5 5 4 3 4 5 7 9 10 12 12 12 12 18 22 23 25 26 26 26 26 30 33 36 34 38 46 55 79 132 194 208 191 142 88 37 7 2 3 5 6 12 26 36 38 40 42 44 44 43 42 39 38 38 39 40 42 44 45 45 44 42 39 38 37 37 38 41 44 44 43 39 37 38 37 34 34 37 39 40 40 42 40 38 36 36 36 36 38 40 40 39 38 37 35 35 36 37 38 38 39 38 38 40 38 36 34 36 37 36 36 37 37 37 36 35 33 32 33 35 
51 87 139 188 188 152 108 79 63 46 30 18 16 17 21 22 21 19 19 16 11 10 7 5 3 2 1 3 5 7 8 9 10 11 10 10 15 19 22 25 28 28 26 25 26 28 30 32 36 43 50 66 110 177 216 227 199 135 58 14 4 3 5 6 12 26 35 37 39 42 43 43 43 42 39 38 38 39 39 40 43 44 45 44 42 39 38 36 36 36 40 43 43 42 39 38 38 37 34 34 36 39 39 40 42 40 38 36 35 35 33 35 39 39 39 38 37 35 35 35 36 36 37 38 38 39 40 39 37 34 34 36 36 36 37 37 37 37 35 33 31 32 33 
57 100 162 191 174 135 89 65 47 33 27 19 16 17 18 18 17 17 16 14 11 10 8 5 3 2 3 4 5 7 7 9 10 11 10 8 13 19 21 25 30 31 27 24 24 25 25 29 33 42 46 57 86 146 207 223 191 124 51 14 8 5 4 6 12 25 34 37 39 41 41 41 42 42 40 38 38 38 38 40 43 44 44 44 42 39 39 37 33 35 38 40 42 39 39 38 38 38 34 33 35 38 38 39 40 40 38 36 35 33 35 33 37 39 39 38 37 33 33 35 35 35 36 37 38 38 39 39 37 34 34 34 36 37 37 37 37 37 36 32 31 32 33 
57 99 152 171 146 113 78 57 37 24 23 19 15 16 16 16 16 15 15 15 12 12 9 8 5 4 4 3 4 4 5 8 9 10 9 9 13 17 18 24 30 31 27 24 23 24 25 29 31 39 44 51 67 113 179 205 173 109 41 9 6 4 4 6 11 25 36 37 38 40 40 41 42 42 40 38 37 37 38 39 42 43 44 43 40 39 39 37 33 35 38 39 39 39 39 38 38 37 34 34 36 38 38 38 38 39 38 35 32 32 33 31 35 38 38 38 37 32 33 35 35 33 36 38 37 39 39 38 37 34 33 33 34 37 36 36 37 37 36 33 31 31 32 
50 89 134 142 116 92 67 49 31 21 18 16 15 13 12 12 14 14 16 16 14 14 12 11 9 8 7 4 4 4 5 8 8 9 9 11 14 16 16 23 28 29 25 23 24 25 26 27 31 38 42 46 60 93 146 194 185 124 53 17 8 4 4 6 11 25 36 37 38 40 40 41 42 43 42 39 38 37 38 38 40 42 44 43 40 39 37 36 33 33 37 36 38 39 38 38 37 35 35 33 35 37 39 39 39 39 38 35 33 32 34 33 35 37 38 38 38 34 33 33 33 32 35 37 37 37 38 38 37 34 32 33 34 37 37 37 37 38 37 34 32 32 33 
49 81 117 123 103 81 58 43 28 18 14 14 13 11 11 11 10 11 14 15 14 14 14 15 15 11 10 8 5 5 7 9 10 10 11 12 16 17 17 21 24 23 23 22 25 26 29 30 32 36 40 42 52 79 122 185 196 143 67 27 11 5 5 8 12 25 36 38 39 40 41 43 43 43 42 39 37 37 37 38 40 42 44 43 40 39 38 36 33 32 32 35 38 38 38 38 38 36 35 32 33 36 39 38 39 39 38 35 32 33 33 33 35 37 38 38 38 34 33 32 32 32 33 36 36 38 38 38 38 36 33 32 34 36 37 37 37 37 37 34 32 31 32 
51 79 115 124 109 79 47 35 23 16 13 13 10 9 9 9 9 9 11 12 12 14 15 16 16 16 14 11 9 9 10 10 11 12 12 14 16 17 17 19 19 19 19 21 24 25 31 34 33 34 38 42 45 63 110 181 205 155 71 21 9 5 6 10 12 24 34 37 38 39 40 41 43 43 42 39 37 36 37 37 39 42 43 43 40 39 38 36 33 32 32 35 38 37 38 40 38 36 34 33 34 37 38 38 38 38 38 36 33 33 32 33 33 36 39 39 39 37 33 33 31 31 33 36 36 37 38 38 38 36 32 31 32 33 34 34 36 36 36 34 32 31 32 
51 80 123 142 124 81 40 25 18 17 13 11 9 8 8 7 5 8 8 10 10 12 14 15 16 16 16 15 14 12 11 12 15 15 16 15 16 16 16 18 17 16 16 18 22 24 27 34 33 33 36 40 44 52 96 171 196 145 59 9 7 8 9 11 12 23 34 37 37 38 38 40 42 43 43 39 38 36 37 37 38 40 43 43 40 39 38 36 32 32 33 35 37 39 39 40 38 35 34 34 33 34 37 37 38 39 39 37 34 33 32 32 33 36 39 38 38 37 35 32 31 31 33 35 35 37 37 38 38 37 33 31 32 33 36 36 36 36 36 34 32 30 31 
51 78 128 159 141 87 38 23 18 15 12 9 8 8 7 5 4 5 5 7 8 9 10 14 15 16 16 16 16 15 16 17 17 18 19 18 17 18 17 17 16 15 14 15 18 21 23 30 32 32 33 37 39 46 87 149 167 115 42 7 9 10 12 13 16 23 32 35 36 37 38 39 42 43 43 40 38 36 36 37 38 40 42 43 40 39 38 37 35 32 32 35 37 39 39 40 39 37 36 34 34 36 35 36 39 40 40 38 34 32 31 32 33 36 36 38 38 37 35 32 30 30 32 33 33 35 37 37 37 36 32 31 31 33 34 36 36 36 36 34 32 30 31 
50 75 129 167 149 89 37 22 17 12 10 9 8 7 7 5 5 5 5 7 7 7 7 8 12 14 14 15 15 17 18 19 19 21 22 22 21 19 19 18 17 16 15 14 15 16 19 26 31 32 33 36 35 42 79 129 146 104 39 11 17 19 16 18 18 26 33 32 35 36 37 39 42 43 43 40 38 36 36 36 37 39 42 43 40 40 38 37 35 31 32 35 37 39 39 39 39 38 37 34 34 34 35 36 39 40 40 38 34 32 32 32 33 36 38 38 39 37 35 33 31 30 32 35 35 36 37 37 37 34 32 31 32 32 34 36 37 37 37 34 32 30 31 
47 70 128 171 149 89 35 22 17 11 9 7 7 7 5 5 5 7 8 7 5 5 3 5 10 12 12 14 14 16 18 19 22 22 22 23 23 22 21 21 21 18 17 15 15 14 19 27 31 33 33 33 33 39 70 111 127 93 37 15 20 23 24 23 22 29 36 35 33 35 37 38 42 43 43 42 38 37 35 36 37 39 42 43 42 40 39 37 35 33 33 34 37 39 40 39 39 38 37 36 34 36 36 37 38 39 40 39 36 33 32 32 32 36 36 36 37 36 36 34 31 31 32 33 35 36 36 36 37 34 33 31 31 33 33 34 37 37 37 34 32 31 31 
43 61 116 154 136 79 31 21 15 10 8 7 7 7 7 7 7 7 7 7 7 4 3 5 9 10 11 11 12 15 16 19 21 22 22 22 22 23 23 23 22 22 19 17 18 17 19 26 29 32 35 33 32 37 58 96 113 80 33 12 22 31 40 37 30 32 35 35 37 38 39 39 42 43 43 40 38 36 35 35 37 38 40 42 40 40 39 37 35 33 33 34 37 39 40 39 39 39 37 36 34 36 36 37 38 39 40 40 36 33 33 33 32 37 36 37 38 37 36 36 32 31 32 33 36 36 36 35 37 36 33 31 32 33 34 36 37 37 37 37 34 32 32 
43 58 101 136 117 64 30 20 11 9 9 9 8 7 7 7 7 7 7 7 7 5 5 5 8 9 8 9 9 12 15 18 21 21 21 21 21 21 23 22 22 23 21 19 18 18 21 24 26 26 32 37 36 36 49 84 101 75 30 10 18 31 53 50 38 36 34 36 39 39 38 39 42 43 43 40 38 36 35 35 36 37 39 42 40 40 39 37 35 32 33 34 38 40 39 39 39 39 37 36 34 34 36 37 39 40 39 38 35 33 33 32 33 36 37 38 39 37 37 36 33 32 31 33 36 36 35 37 37 35 33 32 33 33 34 36 38 38 38 37 34 32 31 
45 59 95 127 108 57 25 18 11 9 10 10 10 9 8 7 8 8 8 8 8 8 8 7 8 8 7 7 8 10 14 16 18 19 19 19 19 19 19 19 19 19 21 19 18 18 21 24 26 24 28 35 37 34 38 67 84 61 29 11 21 35 55 53 39 37 37 34 36 37 38 39 42 43 43 40 38 36 35 33 35 37 38 40 40 42 40 38 35 32 33 34 37 39 38 39 40 39 37 36 34 34 36 37 39 40 39 38 36 33 34 32 33 36 37 38 38 37 37 34 32 32 31 32 35 35 36 37 37 35 34 32 32 33 33 34 37 38 38 37 34 32 31 
48 61 93 116 101 52 16 15 12 10 11 12 11 10 10 9 9 9 8 8 8 9 9 8 8 7 5 5 5 8 10 12 14 17 18 18 18 18 17 18 17 19 21 18 18 17 21 24 26 25 23 28 34 34 29 49 73 58 30 15 23 32 53 48 37 37 38 36 35 36 38 39 42 43 43 40 37 36 35 35 35 36 37 39 40 42 40 38 36 33 32 33 36 38 38 39 41 40 36 35 33 33 34 37 39 40 39 39 37 34 34 32 32 35 36 37 37 37 35 33 31 31 32 33 35 35 37 38 38 36 34 32 33 33 34 36 37 37 37 37 33 31 31 
50 61 85 105 95 48 12 15 12 10 11 12 12 12 11 9 10 10 9 9 9 9 10 10 8 5 5 5 4 7 9 9 11 15 17 17 17 17 16 16 17 19 19 17 16 17 19 24 26 24 22 24 32 34 28 38 69 67 30 15 19 26 41 41 36 38 39 36 35 36 36 38 40 43 43 40 37 36 35 35 35 36 36 39 40 42 42 38 37 34 32 33 37 38 39 39 41 40 36 35 35 33 36 37 38 39 39 39 37 34 33 32 32 35 35 35 37 38 35 35 32 32 32 33 35 35 37 37 38 38 36 33 33 33 33 36 37 37 37 37 33 31 30 
51 64 87 100 75 32 15 14 11 11 12 12 12 12 10 9 11 11 11 11 11 12 10 10 9 7 4 4 4 4 7 9 10 14 17 17 16 16 16 15 15 16 16 15 15 15 18 24 26 26 24 24 30 33 35 52 76 68 32 11 19 24 26 35 36 39 38 36 35 36 37 38 41 43 42 40 38 36 35 35 33 35 37 38 43 43 40 38 37 34 32 35 37 38 39 38 40 40 36 35 35 33 35 35 36 38 39 38 37 33 33 31 31 33 33 35 38 38 36 35 32 31 31 32 35 37 37 37 37 37 36 33 32 32 33 34 37 38 37 36 32 31 30 
52 64 84 90 66 36 19 12 12 12 12 12 12 13 10 10 11 11 11 11 11 12 10 10 9 8 7 7 4 4 8 10 12 15 17 17 17 17 16 15 14 14 14 12 12 12 17 22 26 26 25 25 29 31 36 61 83 72 37 18 23 25 24 30 34 38 39 36 35 35 36 37 40 43 42 40 38 36 35 35 33 35 37 38 43 43 40 38 37 34 32 33 36 38 38 38 40 40 36 35 35 35 36 36 36 38 39 39 37 35 33 31 30 32 32 35 39 40 37 36 33 31 32 32 35 37 38 38 38 37 36 33 32 32 32 34 37 37 36 37 33 32 31 
50 61 81 82 57 33 21 16 15 13 12 10 11 11 11 11 12 12 12 13 13 13 12 12 10 9 10 9 5 7 10 12 15 16 17 17 16 15 15 14 14 14 12 11 10 11 15 19 23 26 26 25 28 28 35 65 88 79 64 78 93 73 36 28 32 37 39 35 36 36 36 37 40 43 43 44 40 37 35 35 33 35 36 38 43 43 40 38 37 34 32 33 36 38 38 38 40 40 37 36 35 33 35 35 36 38 39 39 37 35 33 32 32 33 34 36 39 39 38 36 33 31 32 33 36 36 38 38 38 38 37 34 31 31 32 34 37 37 36 36 35 32 31 
48 55 72 82 67 41 22 16 15 12 11 10 11 10 11 11 12 12 13 13 12 12 12 12 11 11 12 12 11 12 16 16 17 19 17 16 15 14 12 14 14 15 15 14 12 12 12 16 21 24 26 25 26 29 39 75 110 118 132 179 200 156 82 45 35 37 39 36 37 37 35 36 38 41 43 44 41 38 35 35 35 35 36 38 43 43 40 38 37 34 32 32 35 37 37 39 40 40 37 34 33 33 32 33 35 37 38 38 37 35 34 32 31 32 33 36 38 39 38 36 33 32 32 32 35 37 38 38 38 38 37 34 31 32 33 33 34 38 37 37 35 32 31 
52 58 75 99 96 54 21 16 15 13 11 10 11 10 11 11 12 14 12 11 12 12 12 12 11 12 14 15 14 15 18 18 20 20 18 16 15 13 11 12 15 17 18 19 17 15 12 15 18 21 24 25 25 27 40 82 125 149 178 222 235 202 143 78 43 39 38 36 36 36 35 36 38 40 43 44 43 39 36 36 35 35 36 38 40 42 40 39 38 36 32 32 36 37 38 39 39 39 37 35 33 33 32 33 35 37 38 38 37 35 34 33 30 33 33 36 37 38 38 37 35 32 32 32 35 37 38 38 38 38 35 32 31 30 32 33 34 37 38 38 37 34 33 
52 64 94 123 112 64 26 16 17 15 11 11 10 11 11 11 12 12 12 11 12 12 11 12 12 14 16 16 15 16 18 21 22 22 19 15 13 12 11 10 12 16 19 22 20 18 16 15 15 18 21 23 23 25 45 81 122 135 146 169 178 182 166 96 46 40 38 33 34 36 35 35 36 39 43 43 43 40 37 36 35 35 36 37 42 42 42 39 38 36 32 33 36 37 37 39 39 38 37 35 33 33 32 33 35 37 38 38 37 36 33 33 30 33 33 36 37 38 38 38 35 32 31 32 35 36 37 38 38 38 35 32 32 30 32 33 34 37 38 38 37 34 33 
47 61 101 130 110 71 32 16 17 16 14 12 12 12 12 12 12 12 11 11 11 11 11 12 13 16 17 16 16 18 19 19 21 19 16 14 11 10 10 10 11 12 17 19 21 19 17 15 16 17 19 22 22 24 45 75 101 94 80 80 96 134 151 97 50 44 42 36 36 34 33 33 36 38 41 41 43 40 37 36 35 36 36 37 40 42 42 39 37 35 33 33 35 37 38 39 40 38 37 35 33 33 33 33 35 37 38 38 37 36 34 32 31 32 33 34 37 39 38 38 36 33 32 31 33 35 37 38 38 38 35 32 32 30 31 31 34 36 37 37 36 36 33 
47 59 90 121 114 66 29 19 17 16 14 12 12 12 14 12 12 12 11 10 10 10 11 12 15 17 16 16 16 18 19 19 18 11 10 12 11 10 10 11 12 14 17 19 21 19 18 16 17 17 20 22 22 23 37 57 65 56 44 43 63 103 123 82 47 41 40 38 37 36 33 35 37 39 41 41 41 41 37 36 36 36 36 37 39 40 40 38 37 33 33 32 33 37 37 38 39 39 37 35 35 35 33 33 33 35 37 38 37 37 36 32 31 33 33 34 38 39 37 37 35 33 32 31 33 35 36 38 38 38 35 32 32 30 31 31 33 36 36 36 36 34 33 
51 58 86 112 100 58 26 21 18 16 15 13 12 14 14 11 11 11 10 10 11 11 12 15 17 20 18 17 16 16 18 18 15 9 8 10 10 10 11 12 14 15 18 19 21 21 19 18 18 19 22 22 23 23 25 33 37 39 42 42 59 93 100 60 39 38 37 37 35 33 33 35 38 39 40 41 41 40 36 36 35 36 36 37 38 40 40 39 38 35 33 32 33 37 37 38 39 39 38 35 33 33 34 34 34 34 34 34 36 34 34 31 30 32 34 36 37 39 38 37 35 33 31 30 32 35 38 38 38 38 37 34 32 31 31 31 33 36 36 36 36 33 31 
46 58 89 110 93 55 28 21 18 15 16 13 12 14 12 11 11 10 10 10 10 11 12 15 17 19 18 16 15 16 18 17 15 12 11 12 12 12 14 15 16 16 19 19 22 22 21 19 18 21 23 24 24 24 22 25 32 44 49 38 51 88 97 58 36 36 38 38 37 36 35 36 37 39 40 40 39 40 39 37 36 36 35 36 38 40 42 39 38 35 33 32 33 36 37 38 39 39 38 36 35 35 34 34 33 34 37 37 38 37 34 33 32 32 34 36 37 38 37 37 36 33 32 31 32 35 36 38 38 38 37 34 33 31 31 31 33 36 36 37 37 35 32 
52 74 110 129 103 61 32 23 19 15 15 13 12 11 11 11 11 10 10 9 9 10 11 13 16 16 17 17 15 17 17 16 16 15 12 12 15 17 17 18 19 19 19 22 22 22 21 21 21 21 23 24 24 25 24 29 42 54 54 41 52 92 103 63 36 35 39 38 37 36 36 37 37 39 39 40 40 39 38 38 37 37 36 36 38 40 42 39 38 35 33 32 33 36 36 38 39 38 38 36 35 35 34 34 33 36 37 38 38 37 34 33 33 31 33 34 36 38 38 37 37 34 32 31 31 33 35 36 37 37 36 33 31 30 30 31 33 36 35 38 37 35 32 
53 79 115 139 121 73 36 25 19 16 13 13 11 11 10 10 10 9 9 8 9 10 10 12 16 15 15 15 13 17 17 17 17 16 14 12 17 21 21 22 23 23 23 23 23 22 22 22 22 22 24 24 25 26 26 32 46 60 58 46 66 106 109 65 38 36 39 39 38 37 37 37 37 38 38 40 39 39 38 36 36 36 35 36 38 40 42 39 38 35 34 32 33 36 36 37 39 38 37 33 33 35 34 33 32 34 36 38 38 36 37 34 33 31 33 33 36 38 38 38 37 34 32 31 31 33 36 36 37 37 36 33 31 30 30 31 33 34 35 38 37 35 32 
53 75 114 142 131 83 42 25 18 15 12 11 11 11 10 10 10 9 9 8 8 9 10 12 16 16 15 11 11 15 19 22 21 19 17 15 19 22 24 25 26 27 26 26 26 26 25 25 24 23 23 24 26 28 30 33 44 54 51 45 77 118 110 63 38 36 40 42 40 40 38 38 37 37 39 40 40 41 36 33 33 33 32 35 38 40 40 39 37 35 34 32 31 36 36 38 39 39 37 36 36 36 36 34 34 33 37 37 38 37 36 34 33 31 32 34 34 38 39 38 37 34 32 31 31 33 35 36 38 38 37 34 32 30 30 30 33 34 36 38 38 36 33 
52 72 110 142 126 82 44 25 17 14 12 11 10 9 9 9 10 9 8 8 8 8 10 12 16 16 16 12 11 15 19 20 21 22 19 17 19 22 25 25 27 29 29 29 29 27 27 27 26 25 23 24 25 29 35 35 40 43 43 46 79 111 97 54 36 36 39 42 40 40 38 38 37 37 39 39 40 40 37 35 33 33 32 35 38 40 40 39 38 36 36 32 31 34 35 37 39 38 38 37 37 36 36 34 34 33 36 37 37 37 36 34 32 31 31 33 34 38 39 38 37 34 33 32 31 33 33 35 38 38 37 34 32 30 29 31 33 34 36 39 38 37 35 
50 59 89 118 111 78 44 26 17 14 12 10 9 9 9 9 10 9 8 8 8 8 10 12 15 16 15 14 12 15 19 19 21 21 19 20 25 27 26 28 29 28 29 30 29 29 28 26 26 25 24 26 28 31 36 36 38 39 37 50 81 97 78 40 30 37 40 42 39 39 37 37 38 37 38 38 39 39 39 37 36 36 35 36 39 40 40 40 39 38 35 32 33 34 33 36 38 38 38 37 36 35 36 34 34 33 35 37 37 37 36 35 33 32 32 33 34 37 39 38 36 34 33 32 32 33 33 35 38 38 38 36 32 31 30 31 32 33 35 37 37 35 33 
47 56 66 79 93 78 45 25 18 15 12 10 9 9 9 9 10 10 9 9 8 9 10 14 15 15 14 15 12 14 19 19 19 21 19 22 27 32 30 31 29 30 30 30 29 29 29 28 26 26 26 26 29 31 32 33 36 40 42 57 82 87 60 28 26 42 42 42 39 38 37 37 38 38 38 38 39 39 42 39 39 37 37 37 39 40 40 42 40 39 37 35 34 34 31 33 37 38 38 37 36 33 36 33 33 33 35 37 38 37 36 35 33 32 33 33 34 37 38 37 36 34 33 33 32 33 33 36 38 38 38 36 33 32 31 31 32 33 35 37 37 35 33 
47 56 57 61 78 80 44 24 18 15 11 10 9 9 9 9 9 9 8 7 7 8 8 10 14 14 14 14 14 15 17 18 20 22 23 24 26 29 30 30 30 30 30 30 30 31 31 30 30 30 29 29 31 32 31 32 35 40 50 66 82 81 16 29 47 43 44 43 39 38 38 39 38 37 37 38 38 39 40 40 39 39 37 36 37 38 41 43 43 40 43 43 37 33 33 37 39 40 40 38 36 34 34 34 34 34 36 38 38 39 37 36 33 32 33 33 35 36 37 36 35 33 34 33 33 33 33 35 37 37 36 33 32 32 31 31 32 33 35 37 37 35 33 
49 53 53 56 61 60 40 25 19 16 12 11 9 8 9 9 10 10 8 8 8 9 9 10 12 12 14 14 15 16 15 16 20 20 24 24 26 30 30 30 30 31 30 30 31 31 31 31 30 31 30 30 32 34 33 35 42 49 61 79 86 74 19 30 37 45 50 44 42 40 40 40 39 38 39 39 40 40 40 40 40 40 38 37 38 38 41 45 49 46 52 53 45 36 38 40 43 41 41 39 38 37 37 36 36 36 37 39 39 40 39 37 35 33 33 33 35 36 36 35 35 33 34 34 33 33 33 35 37 37 36 33 32 32 31 31 31 32 33 36 36 35 33 
50 52 53 56 60 55 44 29 23 18 15 12 12 10 9 9 9 9 9 8 8 9 9 10 12 11 12 12 15 16 17 17 19 22 23 23 26 30 30 30 30 31 31 31 31 31 32 31 31 31 32 32 36 38 36 43 53 64 87 96 75 50 17 25 35 50 53 45 42 42 42 42 42 40 40 42 42 42 40 42 42 43 41 41 38 37 60 78 86 89 99 92 67 48 43 42 41 44 43 42 39 38 38 37 38 38 39 42 42 43 42 39 37 36 36 36 37 38 37 36 36 35 35 33 33 33 35 36 38 39 37 35 33 33 32 32 31 32 33 35 36 35 36 
52 51 53 59 62 58 46 30 23 19 16 15 13 11 10 11 11 10 10 9 9 9 9 10 10 11 10 11 15 14 17 17 19 20 20 23 26 29 29 29 30 30 31 31 31 32 32 33 32 32 33 33 38 41 38 57 86 107 128 122 82 42 15 24 38 53 56 46 43 44 44 44 44 43 43 45 45 46 44 43 44 47 48 44 46 54 78 117 151 160 149 123 96 83 75 71 75 62 51 51 49 49 45 43 40 40 43 44 44 46 44 42 40 38 37 38 39 40 39 39 39 38 38 37 36 36 37 39 42 42 40 38 37 36 35 33 32 33 35 37 36 37 37 
56 56 58 59 61 59 52 37 27 22 18 16 12 11 10 12 12 12 12 10 10 10 9 10 10 10 10 12 12 14 15 14 15 17 18 22 24 26 28 28 29 30 31 31 32 32 33 33 32 33 33 35 35 44 50 86 134 160 172 162 129 89 44 40 47 54 55 52 50 50 50 49 49 49 49 51 51 51 49 47 46 50 52 52 79 108 128 192 215 206 178 152 130 121 115 101 81 82 104 113 100 76 52 45 43 42 45 46 47 49 47 45 43 42 40 40 42 43 43 43 44 43 43 42 40 40 40 42 44 44 44 43 42 40 39 37 35 36 37 39 40 39 38 
63 61 63 64 62 61 58 52 43 34 28 22 16 13 12 12 12 14 14 12 11 10 10 10 10 10 10 12 14 11 12 12 15 17 18 22 23 25 25 26 29 30 31 31 32 32 33 33 33 33 33 33 33 47 71 125 169 173 171 172 171 161 117 90 73 54 50 54 56 59 58 54 53 52 53 56 56 56 54 53 52 65 74 94 137 176 191 227 222 218 200 180 167 165 159 150 139 150 163 160 123 87 72 55 49 46 46 49 50 52 51 50 47 46 45 46 46 47 47 47 49 50 49 49 47 46 46 46 47 47 47 49 47 46 45 43 39 42 42 44 45 43 42 
65 65 66 67 65 64 60 57 51 43 36 27 19 15 12 12 12 12 14 14 12 11 10 10 9 8 10 11 14 11 11 12 15 16 18 21 23 24 25 26 28 28 28 30 32 32 33 33 33 33 35 35 36 47 68 119 148 137 121 131 157 185 185 153 116 74 58 60 63 63 63 60 58 57 56 60 63 63 59 65 80 100 125 159 200 234 232 230 216 215 208 206 208 209 210 212 221 202 194 174 120 86 86 64 53 51 47 49 51 53 52 52 52 53 52 52 52 53 53 53 54 56 56 56 54 54 53 54 54 56 54 54 53 53 51 49 46 46 46 49 49 47 47 
61 63 64 65 64 61 60 58 56 51 45 36 25 15 12 12 12 12 14 14 12 11 10 9 8 8 10 11 12 12 12 14 16 18 19 21 22 23 24 25 28 28 28 29 32 32 33 33 35 35 35 35 35 45 62 91 110 108 90 93 121 156 182 173 153 130 121 106 87 70 64 64 63 60 57 61 66 78 67 95 130 162 193 217 233 238 246 232 217 222 223 224 230 237 233 238 241 216 193 158 109 68 80 61 55 53 50 51 52 53 54 56 57 57 57 57 57 57 56 57 58 58 57 57 57 57 58 58 58 58 59 58 57 56 56 54 53 53 53 52 53 54 54 
53 53 53 54 56 57 59 65 71 68 59 50 30 16 14 12 11 14 14 14 14 14 11 11 10 10 11 11 12 14 15 15 18 19 22 23 23 23 23 25 28 30 29 30 32 33 33 33 35 35 35 36 36 43 56 74 87 78 59 57 74 100 132 146 163 179 182 169 128 85 63 61 59 59 57 61 70 96 108 156 185 200 222 236 238 238 240 224 211 222 226 229 237 243 244 243 239 223 196 181 151 112 95 71 58 54 50 49 52 53 54 56 57 57 57 58 57 56 56 56 56 56 56 56 57 57 57 57 56 56 56 56 56 57 56 56 56 56 56 54 54 57 58 
47 47 49 50 51 52 53 56 57 57 60 55 38 23 14 12 11 14 14 15 15 15 15 14 12 12 12 14 16 15 17 17 21 21 23 24 23 23 22 24 25 26 28 29 31 32 31 32 35 35 36 36 36 44 51 61 71 66 51 39 49 68 96 103 125 169 194 184 152 109 77 64 57 54 54 63 73 107 180 213 219 213 213 216 226 222 225 210 189 207 223 232 233 235 236 235 236 237 235 235 220 196 136 97 66 58 52 49 50 50 51 51 51 51 52 53 52 52 52 51 50 51 51 52 52 52 53 53 52 51 51 51 51 52 52 52 52 51 51 52 52 53 53 
45 45 46 46 46 49 51 52 57 72 88 90 67 32 14 11 11 12 14 16 16 16 15 15 15 15 15 17 18 17 19 21 21 22 22 21 19 19 18 19 19 18 21 24 26 29 30 32 36 36 35 35 36 45 47 50 52 53 50 45 47 59 80 84 96 123 144 156 167 145 122 89 75 66 58 63 86 134 217 225 214 192 173 172 181 172 159 132 129 164 202 210 191 164 165 170 188 203 214 222 227 230 192 146 97 67 57 50 46 45 44 44 44 44 45 46 46 46 45 45 44 44 44 45 46 46 46 45 44 44 44 44 45 46 47 47 47 47 47 47 47 49 49 
44 43 44 45 50 64 74 92 109 136 148 132 88 45 15 11 11 12 12 15 15 16 16 16 17 17 17 18 18 19 21 21 22 22 19 17 16 16 15 14 14 15 17 19 24 26 28 31 36 35 35 36 38 44 46 47 50 50 49 44 47 59 74 84 90 90 95 116 149 168 172 145 131 116 102 107 130 169 218 204 173 146 121 113 113 97 86 67 68 112 152 144 113 70 65 81 100 114 122 129 151 180 214 200 156 108 79 59 47 43 42 43 43 40 39 40 39 39 39 39 39 39 39 40 40 40 39 39 39 39 39 40 40 42 42 42 42 43 43 43 43 44 44 
42 43 52 72 93 113 124 144 153 152 141 104 64 44 16 12 11 11 11 12 14 15 15 16 18 19 18 18 18 19 21 21 21 17 15 14 12 11 11 11 12 15 17 21 23 25 27 31 33 33 35 36 37 42 43 46 55 53 47 44 49 61 73 81 89 85 79 84 99 129 163 174 173 163 159 177 191 208 216 184 143 120 88 78 65 45 41 33 37 68 85 72 52 30 30 39 39 36 42 49 68 92 158 194 196 166 118 79 54 49 43 45 46 43 38 37 37 37 36 36 35 36 36 36 37 37 37 37 37 37 37 37 37 38 37 37 37 37 36 37 37 38 38 
61 78 102 127 142 143 142 133 109 82 66 44 30 28 20 15 11 10 10 11 12 14 14 15 17 17 18 17 18 19 21 18 16 14 11 11 10 10 10 11 14 16 18 21 22 25 27 31 33 33 32 32 35 42 39 40 48 48 42 43 50 61 73 77 74 74 72 58 52 61 86 121 136 143 151 178 203 209 194 173 138 117 93 76 54 36 26 25 31 47 54 42 26 23 19 15 10 12 15 17 24 35 82 141 189 199 163 116 77 66 42 43 47 44 40 39 38 38 36 36 35 35 35 36 36 36 37 37 37 36 36 36 36 36 35 35 35 35 36 36 36 37 37 
111 135 142 138 123 97 87 61 27 10 12 13 15 18 17 14 11 10 10 10 11 11 12 14 16 15 16 17 17 17 18 16 12 11 10 8 11 12 12 13 15 16 19 21 22 24 26 29 33 33 29 31 32 38 44 45 44 42 41 44 53 61 77 70 58 60 65 57 39 23 24 43 57 71 80 108 144 150 146 141 134 135 125 108 89 74 43 40 40 42 38 30 25 20 16 8 9 9 7 5 9 16 33 72 125 177 191 169 121 86 50 45 47 43 40 40 39 38 37 36 35 36 36 36 36 36 36 36 37 36 36 36 35 35 33 33 33 33 35 35 35 36 36 
138 132 103 74 52 33 24 10 0 0 2 4 8 12 15 14 12 11 10 10 10 10 10 11 12 15 15 15 17 18 18 18 15 15 14 11 12 12 12 13 15 16 19 22 23 24 25 29 32 31 26 31 32 35 36 38 39 38 39 46 56 61 68 53 43 46 56 47 24 6 7 10 11 17 21 36 52 63 85 95 110 127 138 136 121 109 60 57 50 45 36 31 23 19 16 11 10 5 5 7 9 10 14 25 59 123 180 196 162 117 59 50 49 42 43 43 40 37 39 37 36 36 36 37 37 36 37 36 37 36 36 36 35 33 32 32 32 32 35 35 35 35 35 
108 73 43 24 13 6 2 1 1 1 2 3 5 11 15 13 12 11 10 9 9 9 10 10 11 12 14 15 16 18 18 18 17 16 15 14 14 12 15 16 15 17 19 22 23 23 25 29 29 28 26 30 31 32 33 35 37 37 39 46 57 59 60 46 30 26 32 33 18 3 5 6 6 5 6 10 15 23 23 31 46 63 85 89 101 117 134 153 155 131 99 68 40 28 21 12 10 15 9 9 17 18 4 9 24 68 138 185 187 145 103 70 49 40 41 43 40 39 38 38 37 37 37 37 37 37 37 37 37 36 36 36 33 32 31 32 32 32 33 35 35 35 35 
38 18 9 3 3 3 1 0 0 1 2 2 4 9 15 15 14 12 10 10 9 9 9 9 9 11 11 14 17 18 19 19 19 17 16 16 15 15 16 16 16 18 19 22 23 24 25 26 26 28 26 29 31 32 33 35 37 37 40 50 56 52 39 24 18 19 18 15 8 2 1 2 2 1 2 3 3 3 3 3 5 12 24 35 50 68 101 132 149 149 141 117 90 64 40 23 8 7 8 5 8 8 5 2 7 36 90 150 189 180 143 101 66 43 40 43 40 40 38 38 37 37 37 38 37 37 37 37 37 36 36 36 33 31 31 31 30 31 33 35 35 35 35 
2 1 1 1 1 1 0 0 0 1 2 2 5 6 12 15 15 14 11 10 9 9 8 9 9 9 10 12 17 19 22 22 21 18 18 18 17 16 17 17 17 19 21 23 24 28 26 26 28 28 26 29 30 32 32 33 35 36 42 53 56 49 37 24 20 22 19 10 3 2 1 1 2 2 2 2 1 0 0 1 1 3 2 3 11 22 40 66 90 121 162 177 159 131 101 61 26 12 9 5 6 6 6 5 4 12 39 97 175 214 186 143 99 67 49 42 42 40 38 38 39 39 37 38 38 37 37 37 37 37 36 35 33 31 30 30 29 31 33 35 35 35 36 
2 3 1 1 2 2 2 0 1 1 2 2 1 2 6 11 15 15 12 12 10 9 8 8 7 10 11 14 17 21 22 22 22 21 21 19 18 17 16 17 17 18 21 23 24 26 25 26 26 26 26 28 29 30 31 32 35 40 47 60 64 57 46 38 37 37 29 11 3 2 1 1 1 2 1 1 0 0 0 1 1 2 1 1 1 2 9 18 36 78 136 178 187 179 158 120 63 22 10 6 8 8 6 6 12 9 17 58 122 191 206 189 148 100 80 64 52 43 40 40 40 40 39 38 38 38 38 38 37 37 37 36 33 31 31 30 30 31 33 33 33 33 35 
1 1 1 1 1 1 2 1 1 1 3 2 0 1 3 9 15 16 14 14 12 11 10 9 7 9 12 16 19 21 21 22 22 21 21 21 18 17 16 17 17 18 21 24 26 26 27 27 25 25 25 26 28 30 31 32 33 42 53 63 65 63 58 52 52 52 39 15 2 2 1 1 1 1 1 1 0 0 0 0 1 1 1 1 2 2 2 3 14 45 92 130 149 158 162 145 93 37 14 8 7 7 7 4 19 7 4 31 67 139 193 202 177 134 109 90 74 62 40 39 41 41 40 39 39 40 39 38 38 37 37 36 33 31 31 30 29 30 31 32 32 32 32 
1 1 2 2 2 2 2 2 1 1 2 1 0 0 2 8 14 17 16 15 14 12 11 10 9 9 12 16 18 18 21 22 22 22 22 22 19 18 18 18 18 21 23 24 26 27 27 29 25 25 25 26 28 29 30 31 31 40 56 64 64 61 61 59 58 56 43 18 2 2 1 1 1 1 1 1 0 0 0 0 0 0 1 1 1 2 1 1 9 29 60 90 106 110 121 130 107 60 29 12 8 7 5 5 10 3 4 18 43 102 167 206 198 156 114 90 69 53 40 40 43 41 39 39 41 41 39 38 38 38 37 36 35 33 31 30 29 29 30 31 31 31 31 
4 4 2 2 3 3 2 2 2 1 1 1 0 0 1 8 14 18 16 14 12 12 11 10 8 10 12 15 17 18 19 22 24 25 24 22 21 19 18 19 19 22 23 24 27 27 26 25 25 25 24 24 26 28 30 32 38 48 59 65 60 56 54 52 51 49 38 17 3 1 0 0 1 1 0 1 0 0 0 0 0 0 1 1 1 1 1 1 8 28 52 72 86 85 81 99 116 99 60 25 9 7 4 3 8 4 6 15 30 68 130 187 202 169 114 82 58 43 45 42 43 42 41 43 42 40 40 39 39 39 38 37 35 35 32 31 30 30 30 31 30 30 29 
2 2 2 2 3 3 2 2 2 1 1 1 1 1 3 8 14 17 17 17 14 12 10 9 8 9 11 14 16 18 21 23 24 25 24 22 19 18 18 18 19 22 23 24 27 27 26 25 24 23 22 22 24 26 29 33 39 50 54 57 53 46 43 40 40 37 28 12 3 1 0 0 1 1 0 0 0 0 0 0 0 0 1 1 1 1 1 1 8 30 50 61 67 64 60 84 128 145 104 49 15 7 3 1 5 7 9 11 18 42 90 149 186 186 156 118 82 53 74 67 66 63 57 48 40 40 40 40 39 39 38 37 35 35 35 32 31 31 30 29 29 29 28 
2 1 1 2 3 3 2 2 1 2 3 3 2 2 2 7 14 19 21 16 14 12 11 9 7 9 10 12 17 19 22 25 25 25 24 22 21 21 19 19 19 22 23 24 26 26 24 24 23 21 19 19 23 27 29 33 41 50 49 43 38 35 32 31 31 30 21 9 2 1 0 0 1 1 1 1 1 1 0 0 0 0 1 0 1 1 1 1 9 26 41 52 47 43 45 73 125 167 148 84 33 11 5 2 4 7 10 10 12 14 44 90 162 220 214 173 150 118 129 109 84 66 56 46 45 41 40 40 40 39 38 37 36 35 35 33 32 31 30 29 29 28 28 
1 1 2 2 3 3 2 2 2 3 4 4 3 3 2 7 16 26 26 21 17 14 12 10 8 9 11 14 17 19 22 24 24 24 23 22 21 21 19 21 21 22 22 23 24 25 23 22 21 19 17 16 19 30 29 37 46 47 42 32 24 22 24 29 29 26 17 6 2 1 0 1 1 1 1 1 1 1 0 1 1 1 2 1 1 1 1 1 9 21 31 39 35 32 40 66 108 155 171 128 66 23 8 6 7 8 10 9 10 12 35 75 138 193 205 202 200 174 184 187 175 151 121 88 53 37 40 40 40 39 38 38 36 36 36 35 33 33 31 30 29 29 29 
2 3 2 2 3 3 2 2 2 2 3 3 2 2 2 5 18 30 35 30 23 16 12 10 8 8 10 14 16 18 19 23 23 23 23 22 22 22 22 22 22 22 22 21 22 22 22 22 19 17 16 15 16 24 32 43 50 45 36 29 24 19 22 30 35 30 17 4 3 2 1 1 1 1 1 1 1 1 1 2 2 3 3 3 1 1 1 3 8 19 30 29 25 30 43 63 93 129 168 156 93 35 11 11 10 11 9 7 5 12 35 64 117 178 214 230 233 232 234 241 243 215 169 121 63 32 40 42 40 38 38 38 37 37 36 35 35 33 31 31 29 30 29 
3 3 3 3 3 3 3 2 2 2 3 3 3 2 2 4 15 32 42 40 32 22 12 12 9 8 10 12 15 16 18 22 23 23 23 21 22 22 20 20 19 22 21 21 22 19 19 18 17 15 15 16 23 33 37 45 50 43 30 25 29 28 29 38 45 43 26 7 3 2 1 1 1 1 1 2 1 1 2 2 2 2 2 2 1 1 2 3 14 25 27 26 24 29 44 63 80 100 137 147 104 44 16 13 13 11 8 5 4 11 29 50 106 180 226 238 246 244 224 227 223 199 158 111 59 33 42 39 39 38 38 38 38 38 38 36 36 35 32 32 32 31 30 
4 4 4 4 3 3 3 3 2 2 3 3 3 3 1 2 11 26 38 43 37 26 21 17 12 12 11 12 12 12 16 18 19 21 21 18 18 19 19 19 19 18 18 19 19 17 17 16 15 14 17 24 35 45 50 49 50 40 32 29 32 35 41 53 56 49 33 12 2 2 0 1 2 2 2 3 3 2 2 2 2 2 2 3 2 2 3 5 23 34 32 29 26 28 45 64 72 75 95 119 107 60 23 16 15 9 5 4 4 12 22 35 94 178 229 237 232 228 215 193 172 145 118 78 45 35 42 39 38 38 39 39 38 38 38 37 37 36 36 35 35 33 33 
4 4 4 4 5 4 3 3 2 2 3 3 3 2 1 3 8 17 26 35 37 31 26 22 16 13 12 12 12 11 12 15 16 16 16 16 17 19 18 17 17 15 15 16 15 14 11 12 14 16 22 32 42 53 56 52 49 42 38 36 38 39 47 58 59 47 30 12 3 1 0 1 3 4 4 4 4 3 3 2 2 2 3 4 2 2 3 11 31 41 37 31 28 29 44 60 66 60 65 89 104 85 51 17 16 10 7 7 5 12 23 38 86 154 212 228 222 214 214 186 144 102 71 52 45 40 39 39 39 38 40 40 38 39 38 38 38 38 37 38 36 36 36 
3 3 3 3 4 4 3 3 2 1 2 2 1 1 2 4 7 12 21 28 35 33 30 25 19 15 15 15 11 11 11 14 14 14 14 14 15 16 16 16 16 15 15 12 11 10 10 12 16 22 30 40 49 52 56 53 52 52 51 47 45 41 43 49 53 47 30 9 0 1 1 2 3 3 4 4 3 4 3 2 2 3 4 3 2 2 3 12 35 44 40 31 28 31 42 52 56 49 47 66 99 104 84 15 16 8 6 9 10 15 17 29 60 111 169 207 226 224 216 177 124 73 52 51 44 42 40 40 39 39 40 40 38 39 38 38 38 38 37 38 37 37 36 
2 3 3 3 3 4 4 3 2 1 2 2 1 1 3 5 12 22 29 31 35 35 33 30 24 19 17 16 11 10 12 12 12 12 11 11 14 15 15 16 16 16 15 11 10 10 15 17 23 32 43 51 52 52 53 51 50 50 47 40 37 32 31 36 44 39 19 5 2 1 2 2 4 4 4 4 3 3 3 2 2 3 3 2 1 3 4 14 30 36 33 29 28 35 42 45 43 39 40 58 99 124 115 35 18 7 5 10 15 21 18 32 54 92 138 179 205 198 178 131 83 57 52 54 43 40 42 40 40 40 41 40 39 39 38 38 38 38 38 38 38 38 37 
1 2 3 3 3 4 4 2 1 1 1 1 1 1 3 7 15 26 32 33 35 36 35 31 28 22 19 16 14 12 12 12 12 11 10 11 12 14 15 15 16 17 16 15 11 14 21 26 35 45 54 54 51 49 47 45 43 39 35 29 23 17 19 25 31 31 16 5 3 3 2 2 3 3 2 2 1 1 2 2 2 2 2 1 1 2 5 13 22 26 29 26 29 35 42 42 33 29 35 53 96 141 141 79 21 7 6 10 18 23 10 8 32 74 122 152 174 170 108 86 77 57 50 47 40 39 40 40 39 40 40 39 39 39 38 38 38 38 38 38 38 38 37 
1 2 2 2 1 2 2 2 1 1 1 1 1 1 2 7 16 29 35 35 33 32 33 32 30 26 22 19 17 15 15 14 12 11 11 12 12 14 15 16 17 21 22 25 28 29 31 38 45 47 47 45 40 38 37 33 29 25 23 21 18 21 23 23 24 17 10 5 3 3 3 3 4 2 1 1 1 1 2 2 2 2 1 2 2 3 4 10 12 16 20 24 29 33 37 37 28 25 33 52 93 145 139 92 35 11 12 15 22 25 25 33 45 78 103 125 128 111 73 58 37 43 43 40 39 39 40 39 39 39 39 38 38 38 37 37 37 37 37 37 37 37 36 
1 1 1 1 1 1 1 1 1 1 1 1 0 0 2 7 16 26 31 31 30 29 31 31 30 29 26 24 23 19 17 15 12 11 11 14 14 14 16 19 23 28 31 37 40 39 38 42 43 39 34 29 25 24 23 19 15 13 14 21 29 33 29 25 24 15 10 5 3 2 2 2 3 2 2 2 2 1 1 1 1 1 1 1 2 3 3 7 10 15 18 23 28 31 33 31 25 28 39 54 84 131 130 96 44 18 17 23 26 28 33 47 59 72 67 66 71 64 58 53 43 44 42 39 39 39 39 38 38 38 38 38 37 37 37 36 36 36 36 36 36 37 36 
1 1 1 1 1 1 1 1 1 1 1 1 1 1 3 7 12 17 21 22 21 18 21 21 21 21 23 23 23 20 17 16 14 12 12 15 16 16 19 23 29 33 36 40 42 38 36 33 31 25 23 19 15 13 12 12 11 10 16 32 45 46 36 30 28 19 15 6 2 2 1 1 2 2 2 2 2 1 1 1 1 2 2 1 3 4 7 10 15 15 19 24 25 29 30 28 28 35 50 60 75 100 117 93 49 23 23 35 40 40 32 46 61 57 53 53 52 53 51 44 44 40 38 37 36 36 36 35 35 36 36 35 35 35 35 35 36 36 35 35 35 33 35 
1 1 1 2 1 1 1 1 1 1 1 1 0 1 3 3 4 8 10 11 10 10 9 9 10 9 11 12 15 15 15 13 12 11 12 13 15 17 18 22 26 29 29 31 32 29 25 22 16 15 16 16 14 14 14 12 11 11 21 38 52 56 47 44 39 28 17 6 2 1 1 1 2 2 2 2 2 1 1 1 1 3 3 2 4 12 17 20 18 17 21 24 26 29 30 32 36 44 57 64 66 74 89 75 46 27 25 42 54 42 46 58 54 51 51 51 45 49 45 37 39 36 35 33 32 32 32 31 30 30 31 31 31 31 32 33 35 35 35 33 33 31 32 
1 1 2 2 1 1 1 1 1 1 1 1 0 1 2 2 2 4 5 5 6 7 5 5 5 7 7 7 8 8 8 6 6 6 8 9 10 11 12 14 16 18 18 19 21 21 19 17 16 16 19 20 21 22 22 21 19 22 29 43 56 63 59 59 53 39 21 8 3 1 1 1 2 2 2 2 1 1 1 1 1 3 4 2 7 18 29 29 24 22 24 26 29 30 33 38 42 51 60 61 61 60 61 63 41 30 28 45 65 61 61 61 47 60 60 50 47 60 43 40 36 33 32 32 32 31 32 32 32 33 35 32 32 32 33 33 35 36 35 35 35 35 33 
2 2 2 2 2 2 1 2 2 2 1 1 2 1 1 3 5 5 5 5 7 8 8 8 8 9 9 8 7 5 5 4 5 5 8 8 9 10 10 9 12 14 16 17 19 21 22 23 23 25 26 30 32 33 32 31 31 30 31 38 49 56 56 56 57 47 26 10 3 1 0 0 2 2 1 2 2 1 1 1 1 3 4 3 11 26 34 34 32 28 25 26 29 31 35 39 46 52 57 56 52 47 49 56 52 38 31 43 59 58 44 57 59 71 80 75 66 64 44 45 42 40 40 42 42 42 42 42 44 44 43 42 40 40 44 44 44 45 45 45 45 44 44 
2 2 1 1 2 2 1 2 2 2 2 1 1 0 1 11 16 14 14 14 15 15 15 15 16 16 16 15 15 15 15 15 15 15 17 18 21 22 23 22 24 25 26 29 29 30 30 32 35 37 39 42 44 43 39 36 32 28 26 30 38 44 49 51 51 42 25 10 3 1 0 0 1 2 2 2 2 1 1 1 1 2 3 3 16 31 33 36 33 28 25 26 31 37 40 47 51 49 46 43 39 38 49 66 69 46 30 31 47 46 33 59 81 93 108 107 79 53 51 54 52 52 52 52 52 52 52 53 55 57 56 56 54 54 57 57 57 58 58 59 58 58 58 
3 2 1 1 1 1 1 1 2 3 3 2 0 0 3 19 24 24 26 25 25 26 25 25 25 25 24 24 25 25 25 25 28 28 29 32 35 35 33 35 38 38 37 39 39 38 38 39 42 42 44 44 43 43 40 37 32 25 19 23 28 33 40 44 42 33 20 9 3 1 0 0 1 1 2 2 2 1 1 1 1 1 1 4 17 29 30 35 32 29 28 29 36 45 50 50 47 43 38 33 33 42 53 74 88 71 48 48 74 79 85 106 111 115 117 121 104 82 60 61 61 63 63 64 64 64 62 64 65 66 66 67 66 66 67 68 70 70 71 70 70 70 71 
3 2 1 1 1 1 1 1 2 3 3 2 0 0 9 23 29 32 36 33 35 35 35 33 32 31 32 31 30 30 30 32 33 33 33 37 42 42 40 43 44 46 46 45 44 43 40 40 40 38 37 37 34 33 31 30 27 20 15 18 23 29 35 35 31 25 16 8 2 1 0 0 1 1 1 1 2 2 2 1 1 1 1 1 14 26 30 32 31 31 29 31 39 49 50 45 39 35 31 30 39 44 63 80 101 94 67 59 84 88 94 118 132 137 137 142 130 102 88 87 85 84 75 72 69 67 67 67 67 68 69 72 71 71 72 73 74 74 75 77 77 77 78 
2 1 1 1 1 1 1 1 2 3 2 2 1 2 10 24 33 36 36 33 35 36 35 35 35 31 32 31 29 29 28 30 31 31 29 31 35 38 40 40 43 44 44 44 42 38 36 35 33 30 25 23 22 21 19 18 17 15 16 21 24 29 31 31 31 24 12 7 2 1 0 1 1 2 2 2 2 2 2 2 2 2 1 1 12 27 29 30 29 30 31 36 46 52 49 42 35 28 24 31 50 46 68 85 109 107 85 82 107 106 108 123 145 151 149 148 140 117 100 94 89 85 78 74 71 68 66 66 66 66 67 68 70 71 71 71 71 73 74 75 77 77 78 
2 1 1 1 1 1 1 2 3 3 3 3 1 3 9 22 31 30 28 28 28 29 30 29 26 24 23 23 21 19 19 21 21 21 19 21 24 28 30 31 35 35 32 32 32 28 26 24 23 20 15 13 13 14 14 16 20 24 26 31 36 37 39 40 42 36 22 8 2 1 1 1 2 2 2 2 3 3 3 3 3 3 2 2 13 25 26 28 25 30 38 44 50 50 44 33 24 18 23 39 60 65 69 81 99 99 89 102 138 137 142 153 163 164 157 150 146 131 99 92 85 78 72 68 67 67 66 65 64 64 66 66 67 68 68 68 70 71 72 74 74 75 75 
2 1 1 1 1 2 2 2 3 3 3 3 2 3 7 15 21 19 18 19 19 19 19 17 15 12 10 10 10 10 10 10 11 10 10 10 12 14 16 17 21 21 19 19 21 19 18 17 15 13 12 11 13 15 16 22 33 40 39 43 46 49 50 53 53 51 37 16 3 2 1 1 2 2 2 2 3 3 3 3 3 3 2 3 12 23 25 31 30 32 45 51 49 40 32 23 17 22 32 50 63 67 63 65 81 89 101 130 171 172 177 187 184 174 164 150 135 121 93 85 78 72 65 66 65 66 65 66 66 66 65 67 68 69 69 71 72 73 73 74 74 75 75 
2 2 1 1 2 2 3 3 3 3 3 3 3 3 3 7 9 11 12 12 11 12 11 9 8 7 4 5 5 5 5 5 7 6 6 5 6 7 7 8 9 9 9 11 14 16 13 11 10 10 12 12 13 16 18 29 43 51 52 54 57 58 58 59 61 59 47 25 6 3 2 3 3 3 2 2 2 3 3 3 3 1 2 4 12 23 26 35 37 38 51 53 44 32 26 21 18 32 47 57 54 56 47 52 64 79 109 153 188 187 189 189 175 166 159 143 124 109 82 78 71 68 64 65 66 68 67 68 68 68 68 70 71 72 72 73 74 75 75 77 77 78 79 
1 1 1 1 1 2 2 2 3 3 3 3 3 3 2 5 6 9 11 10 10 11 10 8 7 7 4 4 5 5 5 6 8 8 8 5 5 6 8 10 11 11 12 15 16 17 15 14 11 12 14 15 14 12 14 24 37 47 57 61 60 58 57 59 60 57 50 26 8 4 3 3 2 2 2 2 3 4 3 2 2 1 2 5 14 24 30 35 39 46 53 48 36 23 21 21 24 40 52 53 46 43 37 42 50 73 118 164 187 172 151 148 140 135 134 117 101 92 82 80 78 73 71 71 71 71 71 73 73 73 73 74 74 74 74 75 77 79 79 79 80 81 82 
1 1 2 2 2 2 2 2 3 3 3 3 1 2 7 8 9 11 10 12 12 12 11 10 9 9 8 5 5 5 6 6 9 10 10 8 8 6 9 12 18 21 24 24 24 23 17 17 18 17 17 19 16 10 9 17 24 35 46 47 45 44 44 44 44 42 34 23 9 4 3 3 2 2 2 2 3 4 3 2 1 1 2 8 16 24 31 38 44 46 41 32 23 17 16 19 33 44 45 40 37 33 33 36 44 72 123 162 176 143 116 97 94 96 103 94 75 71 85 85 86 84 82 80 79 78 78 77 77 77 77 78 78 78 79 80 82 82 85 86 86 87 88 
1 1 2 2 2 2 1 2 2 2 1 1 3 5 15 15 16 16 16 17 16 15 13 13 15 16 11 8 5 5 7 7 9 11 11 11 10 8 8 14 21 28 32 33 30 24 18 17 19 17 16 18 16 9 9 12 17 28 40 40 37 36 37 36 36 36 29 18 8 5 3 3 2 2 3 3 3 3 3 3 2 2 3 8 16 25 35 38 39 37 29 22 18 18 21 28 37 36 31 31 32 36 33 31 46 78 135 177 194 178 96 86 84 88 87 80 78 81 85 86 85 85 84 84 82 82 81 81 81 81 81 80 81 81 82 84 85 86 88 89 89 89 90 
0 1 1 1 1 2 1 2 2 2 1 1 4 12 22 27 25 22 20 18 16 16 15 17 18 18 13 9 5 5 7 7 9 12 15 15 13 10 8 12 21 28 31 33 30 23 16 14 15 14 14 15 14 10 9 11 15 24 31 31 29 29 29 26 26 32 31 18 9 5 3 3 1 1 3 3 2 3 3 2 1 2 4 9 18 26 35 36 28 25 24 20 18 19 21 28 36 29 23 26 31 37 42 42 54 97 158 192 199 174 94 88 88 81 79 73 74 80 85 87 88 88 87 88 88 89 88 89 89 89 88 87 87 87 87 87 88 89 90 93 92 90 92 
0 0 1 1 1 2 1 1 1 1 1 1 3 14 19 28 30 24 21 17 14 12 13 16 19 18 15 10 10 9 7 7 10 15 16 16 12 11 9 11 15 19 22 22 21 16 15 11 10 10 11 11 10 9 10 11 14 18 24 24 24 25 25 22 23 30 31 19 9 5 3 3 1 1 2 2 2 2 2 2 1 1 5 11 19 26 29 28 23 19 18 19 18 19 22 25 30 22 19 26 33 42 50 56 77 120 172 188 196 180 115 100 96 82 72 72 79 83 85 88 92 93 93 93 94 95 95 95 95 95 95 94 95 95 94 95 95 95 93 95 95 94 94 
0 0 1 1 1 2 1 1 1 1 1 1 1 9 16 16 19 22 18 15 12 9 12 16 19 19 17 12 13 12 11 11 14 17 16 14 11 12 10 11 14 14 16 15 14 12 11 10 9 10 11 10 8 9 10 10 12 15 19 23 25 28 26 21 21 28 29 22 11 6 3 3 1 1 2 2 2 3 2 2 0 1 5 12 19 22 22 21 19 16 16 18 18 21 23 24 26 23 24 35 49 56 58 60 84 128 174 191 203 186 136 113 93 70 63 71 76 79 85 88 92 92 94 94 95 96 97 97 97 97 97 97 97 97 97 97 96 96 95 95 95 93 93 
0 0 1 1 1 1 1 0 1 1 1 1 1 5 12 12 15 16 13 12 11 8 12 18 22 23 19 16 16 16 15 14 14 15 15 14 12 13 11 10 11 12 15 15 11 10 11 10 11 10 11 10 10 10 9 11 12 15 17 25 33 35 31 22 20 26 29 23 15 9 4 4 3 2 2 2 2 2 3 3 1 1 5 12 17 17 17 16 16 16 17 19 21 23 23 29 32 32 39 49 59 61 64 60 76 110 151 182 207 189 174 144 109 73 59 61 67 73 78 81 87 87 87 88 89 92 91 94 94 95 95 94 94 95 94 95 97 96 95 95 90 86 86 
1 1 1 1 1 1 1 0 1 1 1 1 1 4 9 16 17 13 12 13 12 10 16 20 24 26 20 19 19 18 18 17 16 15 15 18 18 17 15 11 11 16 18 17 14 12 11 11 11 10 11 15 14 14 10 11 14 14 15 25 39 43 34 20 19 26 29 23 15 9 4 3 1 2 2 2 2 2 3 2 1 1 4 11 15 15 14 14 13 18 23 24 28 30 31 37 44 47 53 58 61 65 64 63 64 81 118 160 195 198 188 158 123 82 60 57 62 66 68 69 73 73 72 73 75 77 79 82 86 87 87 88 90 92 92 93 96 93 88 84 81 77 77 
1 1 1 1 1 1 1 0 0 0 1 1 3 5 8 12 16 16 14 14 16 15 18 23 27 29 23 21 23 25 23 23 23 23 23 26 25 23 22 18 17 21 24 24 21 16 12 11 11 12 16 19 22 18 12 12 14 12 15 24 38 45 38 23 19 24 29 25 16 9 6 3 1 2 1 1 2 2 1 1 1 1 4 11 12 15 14 15 18 26 32 35 40 43 44 51 53 56 60 59 57 54 58 56 49 54 89 134 174 202 203 193 152 115 84 64 61 59 58 57 54 54 56 58 59 59 59 67 75 77 78 80 85 88 89 92 89 84 78 74 73 70 70 
1 1 1 1 0 0 0 0 0 0 1 1 3 5 7 7 11 13 14 15 16 15 19 24 30 29 24 23 29 29 28 30 33 35 35 35 33 31 29 29 25 30 33 30 23 19 17 14 11 12 14 19 23 23 18 16 14 12 15 21 35 42 39 26 20 26 30 25 17 9 5 3 1 1 1 1 4 4 2 2 1 1 5 11 15 17 17 19 26 36 43 46 51 56 57 57 54 54 56 53 47 36 45 43 35 42 71 109 146 192 215 224 210 182 155 117 84 65 47 46 46 46 47 49 46 46 49 56 63 66 66 70 77 85 87 86 84 78 75 74 72 66 65 
1 1 1 1 1 2 1 1 1 1 1 1 2 3 4 4 5 9 11 12 12 15 20 25 30 29 24 25 28 29 27 30 32 34 34 34 33 36 35 35 33 37 40 37 31 28 23 16 10 10 10 18 24 24 21 17 14 12 13 16 26 32 31 24 21 26 31 23 14 7 5 2 1 2 1 2 5 11 4 2 3 2 4 9 15 22 24 28 35 44 50 52 56 57 56 52 49 46 44 43 36 29 29 36 29 38 58 94 141 177 227 237 240 234 221 182 124 70 50 52 46 39 36 37 44 60 33 40 54 64 71 78 82 82 84 81 80 75 74 74 68 64 60 
1 1 1 1 1 2 1 1 1 1 1 1 2 2 2 2 2 5 8 8 9 15 22 23 23 24 23 23 24 23 25 24 25 29 29 31 32 36 37 36 36 39 42 43 42 36 28 18 9 9 11 18 23 23 22 16 12 11 13 14 21 25 23 21 21 25 28 18 12 9 5 3 1 2 1 2 4 8 5 2 3 2 5 12 18 25 30 35 42 49 50 50 49 49 47 43 39 36 33 32 31 29 30 33 33 44 59 96 142 159 225 233 243 245 245 217 155 80 48 48 42 36 35 36 42 54 36 50 64 71 79 81 81 79 78 77 75 71 69 66 60 54 51 
1 1 1 1 1 2 1 1 1 2 1 2 1 1 1 1 1 1 5 7 7 9 11 12 14 14 14 14 17 17 17 19 21 24 25 28 30 31 33 35 37 37 40 44 45 39 31 20 10 8 9 15 18 19 19 16 12 11 14 14 19 23 19 18 18 18 22 19 14 10 6 5 1 2 2 2 2 3 4 2 2 1 7 12 22 29 31 37 40 42 42 38 33 35 35 26 26 28 28 29 32 36 38 40 44 54 65 100 137 146 178 206 223 238 241 216 157 88 43 44 43 37 32 33 39 49 42 54 66 73 84 85 80 75 74 72 69 68 65 59 52 46 44 
1 1 1 1 1 1 1 1 2 3 2 2 1 1 1 1 1 1 1 3 2 4 3 5 5 7 7 7 9 10 10 12 14 17 19 21 23 25 28 29 32 34 36 38 39 37 31 24 17 11 11 12 12 14 16 15 14 12 14 15 18 23 21 18 17 15 19 19 16 12 9 8 2 2 2 2 1 2 3 2 2 1 8 15 24 30 32 33 32 31 30 26 24 23 22 18 22 30 33 39 43 46 49 51 56 66 74 103 133 140 118 143 176 211 234 229 184 127 67 46 43 39 42 38 42 49 50 59 68 74 79 81 79 73 73 69 67 61 54 49 43 36 32 
1 1 1 1 1 1 2 2 3 3 4 3 1 1 1 1 1 1 2 3 2 2 1 1 2 3 3 3 4 5 6 8 9 12 15 15 15 18 21 21 23 29 32 33 33 34 29 25 22 17 16 13 13 15 14 12 12 12 14 16 18 22 23 24 21 15 16 22 21 16 11 6 3 2 1 1 2 3 3 2 2 3 10 17 21 23 24 26 25 23 21 21 19 18 19 22 28 38 46 53 56 57 59 64 66 71 77 101 125 121 92 97 117 148 186 221 224 195 140 91 60 49 43 45 50 58 59 63 67 77 79 79 78 73 71 68 65 54 39 35 31 23 21 
1 1 1 1 1 1 1 2 4 4 5 4 2 1 1 1 1 1 1 1 1 1 1 1 1 2 1 1 3 5 5 6 8 9 10 10 10 11 15 17 21 25 30 31 31 33 31 31 28 23 20 19 20 19 17 11 11 12 12 16 19 19 21 23 23 18 19 24 24 18 12 6 3 2 1 1 3 3 3 3 2 4 11 16 18 19 21 19 17 21 23 22 24 26 29 30 38 50 59 63 64 66 66 66 67 68 71 90 107 102 77 71 71 87 114 151 191 203 196 178 122 88 60 47 54 62 70 78 77 77 78 78 75 71 65 63 58 45 30 26 24 19 17 
1 1 1 1 1 1 1 2 4 5 4 3 3 1 1 1 1 1 1 2 2 2 2 2 3 5 3 4 7 8 8 8 9 9 9 8 9 11 9 11 17 22 24 25 29 32 36 36 32 29 29 28 30 31 22 16 12 12 15 18 19 18 21 22 24 21 24 24 25 18 14 9 4 2 1 2 3 3 2 2 2 5 11 15 16 18 18 18 18 24 30 32 39 44 44 46 51 59 67 68 67 65 60 58 61 60 57 71 82 88 68 57 53 59 68 79 96 127 178 221 205 166 106 71 58 57 74 87 91 81 69 72 71 67 61 55 47 39 28 23 19 16 16 
1 1 1 1 1 1 1 3 5 5 4 3 3 1 1 2 2 2 2 3 3 4 4 5 6 8 7 7 10 12 12 15 17 17 17 17 17 19 16 17 21 25 28 29 33 36 38 38 38 36 35 35 33 37 30 21 16 16 18 21 21 19 19 22 25 23 23 25 24 17 14 9 4 2 1 2 2 2 2 2 2 7 11 14 17 21 23 25 29 36 43 47 51 53 53 57 59 61 65 64 58 53 44 45 50 47 45 52 60 73 82 63 53 53 53 53 49 66 106 156 201 212 173 110 72 73 92 77 87 81 61 66 67 60 55 48 40 35 24 18 16 15 15 
1 1 1 1 1 1 3 4 6 4 5 5 4 2 1 4 4 4 5 8 7 8 9 9 10 12 11 12 16 17 19 21 23 24 24 24 24 24 24 24 28 30 30 31 35 38 42 42 43 43 40 40 39 41 38 25 15 16 21 21 19 19 18 22 25 22 23 28 23 17 13 10 4 2 1 1 1 1 1 1 4 9 14 17 23 26 33 38 38 40 46 50 51 51 51 53 53 52 50 47 44 39 36 35 38 42 39 42 51 77 80 61 54 52 54 51 50 51 60 70 93 136 179 187 140 78 71 84 88 81 71 65 61 54 51 44 35 24 19 16 13 13 13 
1 1 1 1 2 3 5 7 8 5 5 5 4 3 2 8 9 9 12 15 14 15 16 16 17 18 18 18 21 23 23 24 26 26 26 28 28 29 28 28 29 30 30 30 32 37 40 43 44 45 44 45 43 39 33 32 24 18 23 22 21 18 18 19 23 22 23 24 19 16 13 10 5 2 1 1 1 1 2 2 7 15 22 30 36 40 40 44 44 44 43 44 44 44 44 43 42 39 37 38 37 35 35 35 36 38 35 43 68 96 90 67 57 53 53 53 53 54 53 56 58 77 124 187 188 146 135 144 140 116 87 70 54 42 44 37 29 19 15 13 12 13 13 
1 1 1 2 3 7 11 11 11 10 10 8 8 8 9 12 14 15 17 18 19 20 19 21 22 22 22 21 23 23 24 24 24 25 26 28 29 30 28 29 28 28 29 30 32 36 37 39 42 43 44 46 46 44 35 33 26 21 24 23 20 18 15 15 18 18 18 18 15 14 12 9 6 2 1 1 1 2 3 3 10 23 31 38 43 44 44 44 39 36 33 32 35 36 35 35 33 32 32 35 33 31 31 35 37 38 46 56 75 115 116 85 61 53 53 54 54 53 52 54 57 63 89 142 187 199 206 223 223 170 100 58 43 40 39 25 22 16 12 11 10 11 11 
1 1 2 5 4 10 16 16 16 15 16 15 13 13 15 16 16 17 18 17 17 18 16 16 17 16 17 17 17 17 18 19 21 22 23 23 25 25 25 26 25 24 25 28 29 32 36 38 39 42 43 45 46 46 40 33 28 24 26 21 17 17 15 15 16 17 16 16 14 13 12 11 6 3 1 1 1 2 3 4 15 28 36 40 43 37 37 35 31 29 26 24 25 28 29 30 30 29 30 32 33 36 35 35 42 49 61 70 86 124 136 108 72 58 57 52 53 53 52 54 57 60 63 77 117 164 197 227 245 209 116 52 38 38 36 21 18 15 12 12 11 12 11 
1 1 3 5 8 15 16 18 20 18 16 15 14 12 14 14 14 14 12 12 12 11 10 10 8 8 8 8 9 10 11 14 15 16 17 17 19 19 22 23 22 22 23 25 26 29 32 35 37 39 44 45 44 44 43 37 33 30 25 18 15 14 14 14 16 16 15 15 14 14 14 10 9 5 1 1 1 1 1 2 14 25 32 34 33 26 26 25 24 23 22 24 24 26 30 30 31 33 35 37 43 50 50 47 53 62 73 81 90 118 142 124 81 60 52 47 50 51 53 54 57 58 54 56 74 102 135 179 220 194 107 47 38 40 29 17 16 15 14 12 12 12 12 
0 1 4 7 11 16 17 18 19 18 16 16 15 14 14 12 12 12 11 10 9 9 8 5 4 3 3 3 4 4 5 7 9 11 12 14 15 16 18 21 22 22 23 25 26 29 31 32 35 38 40 43 43 44 43 42 40 37 28 22 17 14 13 13 15 16 16 16 15 15 14 12 12 6 1 1 0 0 0 2 11 21 25 25 22 18 18 18 21 22 22 24 26 31 35 38 42 44 50 54 57 61 64 62 62 64 68 74 79 95 127 129 90 60 50 50 51 52 52 53 56 56 52 56 64 71 108 168 212 171 82 43 40 38 24 17 15 14 12 12 12 11 12 
0 1 5 9 10 14 18 18 17 17 17 17 17 16 16 15 15 16 15 14 11 10 8 7 5 5 5 5 7 7 9 10 12 14 15 16 17 17 21 21 22 23 25 26 28 29 32 33 35 37 37 39 41 41 42 43 44 41 32 28 23 19 16 10 11 14 16 17 16 15 14 15 16 6 1 1 0 1 1 3 11 15 17 17 16 14 15 18 22 28 28 29 33 40 45 49 54 57 59 64 65 61 61 65 60 57 58 54 53 72 103 117 89 58 57 58 54 53 53 53 56 54 53 57 64 66 120 202 234 170 78 44 40 37 23 17 15 14 12 12 12 11 12 
0 2 5 9 11 14 17 17 17 17 17 17 16 17 17 16 16 17 17 15 15 14 12 11 12 12 14 15 16 17 19 19 21 21 22 22 23 24 24 25 26 25 25 28 30 30 32 35 36 36 36 38 39 39 39 40 37 34 25 24 24 21 18 12 11 15 17 18 19 21 19 19 19 9 1 1 1 1 1 4 11 16 17 17 18 21 21 24 29 33 40 46 52 57 58 58 58 56 56 54 53 48 48 48 46 46 44 40 42 64 94 109 80 54 59 61 54 53 53 54 56 53 53 56 63 80 151 233 233 146 69 44 39 30 19 16 15 14 14 14 12 12 12 
1 3 6 10 11 15 16 16 15 15 15 14 12 14 16 16 15 17 16 16 17 17 18 18 19 19 19 21 21 22 22 22 22 23 23 23 24 25 26 28 29 28 28 28 29 31 32 33 35 36 36 38 38 37 38 39 37 32 24 17 13 10 10 11 10 10 14 18 21 23 24 22 19 11 2 1 1 1 2 9 17 25 28 28 28 31 30 35 39 43 49 52 53 53 53 53 50 46 44 40 37 36 37 37 38 37 39 46 53 73 101 131 107 71 54 57 54 53 55 55 54 53 54 56 65 99 166 234 217 118 43 35 33 22 17 16 15 14 12 12 12 12 12 
1 4 6 10 12 15 16 15 14 12 10 10 10 10 12 13 12 15 16 16 17 17 17 17 18 18 18 19 19 19 22 21 22 23 23 24 25 25 26 25 25 28 28 29 29 31 32 33 35 36 36 37 37 36 37 38 38 33 27 23 17 11 6 8 8 10 12 15 17 17 18 18 17 10 2 1 0 1 3 11 19 28 32 32 33 36 37 39 43 45 46 45 43 42 42 39 38 36 35 35 33 33 39 46 50 51 53 61 68 84 115 152 142 91 57 53 53 53 55 54 53 52 53 57 71 120 187 231 203 102 30 26 27 19 19 16 15 12 12 12 12 12 12 
1 4 8 10 13 16 16 15 14 11 10 9 8 9 9 11 12 15 15 16 16 17 16 17 16 17 17 17 18 18 19 19 21 21 23 24 25 26 24 24 25 26 25 25 28 30 31 32 33 36 36 36 36 36 36 36 37 33 26 22 16 10 7 5 9 11 13 12 13 15 13 12 10 6 2 2 1 1 2 7 14 18 23 26 28 29 32 34 34 34 34 33 32 31 30 30 32 32 33 37 39 43 47 57 65 67 72 81 89 100 121 155 145 99 61 53 53 54 54 53 53 52 53 58 85 149 220 222 152 67 24 25 23 15 22 16 15 12 12 12 12 12 12 
2 5 9 10 12 16 16 15 15 12 11 10 9 8 9 9 11 13 14 14 15 16 16 16 16 16 17 17 18 18 17 17 17 18 19 21 21 22 21 22 24 24 23 24 25 29 31 32 33 34 33 35 35 35 36 36 34 31 24 19 15 9 5 4 6 8 9 9 10 11 9 8 5 4 1 1 1 1 1 3 7 11 15 17 17 19 22 24 25 25 27 27 25 25 24 30 38 42 45 47 50 52 56 67 80 86 89 92 95 97 104 124 122 90 65 58 56 56 54 52 51 52 53 61 107 189 244 193 94 40 25 25 21 14 22 14 14 12 12 12 12 12 14 
2 5 8 12 12 15 16 16 16 14 12 11 10 9 10 11 11 12 12 12 14 14 15 16 17 18 17 18 18 18 18 17 17 17 17 18 18 19 20 22 22 21 22 23 25 29 29 31 32 32 33 32 32 33 33 32 32 29 24 18 12 8 3 3 4 5 6 7 7 8 7 7 5 3 1 1 1 1 0 3 5 11 15 15 16 19 18 18 21 23 28 30 32 37 38 41 52 54 58 57 54 54 56 70 87 96 97 93 89 87 86 89 92 74 62 57 53 53 53 51 49 53 54 65 124 210 228 149 72 39 25 25 19 15 17 15 14 12 12 12 12 12 14 
3 8 10 12 14 16 17 16 16 15 15 14 12 11 12 13 11 13 12 11 14 14 15 15 17 19 18 19 21 21 22 22 21 21 22 23 23 24 25 24 22 21 22 23 26 27 29 30 30 31 31 31 31 31 31 31 30 26 22 17 12 8 3 2 4 5 6 7 8 8 9 9 8 3 1 1 1 1 1 1 6 16 22 24 26 28 26 26 29 32 36 40 45 52 57 57 60 60 59 53 49 46 47 59 73 82 86 82 77 72 70 68 67 60 57 51 52 53 54 52 51 53 57 71 124 190 186 104 41 29 25 24 17 15 15 14 14 12 12 12 12 12 14 
4 9 9 11 14 16 17 16 18 18 16 16 15 15 15 14 13 13 13 12 12 14 15 16 17 18 19 21 22 22 23 23 23 23 24 25 26 28 28 26 26 26 24 24 25 26 29 30 31 32 31 30 30 30 29 29 28 23 19 15 10 5 3 2 2 3 4 7 10 11 11 10 7 3 2 1 1 1 1 1 6 16 27 32 35 37 38 38 40 43 46 49 51 52 54 57 52 49 48 43 38 36 33 42 59 69 72 68 63 58 58 57 54 54 54 51 51 52 52 52 51 52 61 74 111 143 121 58 22 24 24 22 17 16 15 14 14 12 12 12 12 12 14 
4 9 9 11 14 15 17 16 17 19 17 17 18 16 15 14 13 12 13 12 12 12 14 15 16 18 21 21 22 22 23 23 23 23 24 24 25 26 26 28 29 27 26 24 24 25 26 29 30 31 31 30 30 29 28 26 25 21 17 12 7 3 3 3 2 3 5 8 12 15 11 9 5 3 2 1 1 1 0 1 6 13 22 26 31 36 38 39 40 42 44 47 46 44 43 42 37 35 33 32 32 33 31 37 53 62 61 58 56 53 53 52 51 52 53 53 51 51 50 50 47 53 65 79 106 115 82 38 24 24 22 19 17 18 15 15 14 12 12 12 12 14 14 
5 10 10 11 14 15 16 16 17 18 18 17 17 15 14 12 11 12 11 11 12 12 14 15 16 17 18 19 21 21 22 22 23 23 23 24 24 25 24 25 25 26 26 25 26 27 26 26 29 30 30 30 29 28 28 26 24 21 15 8 4 3 3 3 1 2 3 7 11 17 16 11 7 2 2 1 1 1 0 0 4 10 15 19 23 26 29 30 33 35 37 38 37 37 37 34 32 32 32 32 33 33 33 38 51 57 58 55 52 51 50 50 50 52 53 53 50 49 47 46 44 50 68 86 110 131 97 67 29 23 21 16 16 16 16 14 12 12 12 12 12 12 12 
8 10 11 12 12 15 15 17 17 18 18 17 16 15 15 12 12 12 12 12 12 12 14 14 16 17 17 18 18 19 19 19 19 21 21 22 23 24 23 23 24 24 24 25 26 26 25 25 27 29 28 29 29 30 28 26 23 18 12 5 2 2 2 2 1 2 3 4 11 19 23 18 8 2 2 1 1 1 0 0 1 4 9 14 16 18 21 22 24 25 29 30 32 33 34 34 34 34 34 34 33 35 35 40 52 56 55 53 51 50 50 51 51 52 53 52 49 45 43 39 37 43 68 100 132 135 84 58 28 19 17 14 15 17 16 14 12 12 12 12 12 12 14 
9 11 14 12 14 15 15 16 17 18 17 18 16 16 16 15 16 15 16 15 15 14 14 14 15 16 16 16 16 17 17 17 18 19 20 20 21 21 21 22 22 21 21 23 24 23 23 23 24 25 26 26 28 29 28 26 22 15 11 3 1 2 2 2 1 2 1 1 12 19 33 32 22 12 4 1 1 1 0 0 0 0 4 10 15 18 18 18 22 23 25 29 29 32 33 33 35 35 36 36 37 37 37 44 54 59 57 53 51 51 51 52 51 53 53 52 50 44 40 36 33 36 67 113 141 124 64 39 23 17 14 12 12 16 16 14 13 13 12 12 13 13 14 
12 13 14 14 14 14 15 16 17 17 18 18 18 17 17 17 17 17 17 16 15 14 14 14 15 15 15 15 15 15 15 17 20 22 22 20 18 17 18 19 21 21 21 22 22 23 22 22 21 21 23 24 24 24 24 22 19 12 9 3 0 1 1 2 1 1 1 1 10 19 36 39 32 25 15 5 1 1 0 0 0 1 5 10 15 19 19 19 22 24 26 30 30 32 33 33 35 35 36 37 37 39 40 47 59 64 58 52 50 50 51 51 51 53 57 52 45 40 37 34 30 40 73 108 113 88 49 30 23 16 13 12 11 14 15 14 13 13 12 12 13 13 14 
14 14 13 15 14 14 15 16 17 17 18 18 18 17 18 17 17 18 17 16 16 15 16 17 16 15 15 15 16 16 16 18 21 21 19 18 17 17 17 18 19 22 24 25 26 26 24 21 18 16 18 21 21 21 20 18 15 9 5 3 1 1 1 1 1 1 1 1 13 25 33 38 37 34 27 16 1 1 1 1 0 1 8 12 15 16 18 19 21 23 26 30 30 31 33 32 33 35 36 37 36 38 38 47 61 67 60 53 51 50 50 49 50 52 53 47 38 33 32 31 29 45 83 103 86 55 33 23 19 17 15 14 14 14 15 14 12 12 12 14 14 14 14 
14 14 13 15 14 12 14 15 16 17 17 18 18 18 18 17 17 16 15 14 15 16 17 17 17 17 16 15 13 13 16 18 21 21 18 17 16 15 16 17 18 22 24 24 25 24 22 17 15 12 12 15 12 12 11 9 6 3 1 1 1 1 1 1 1 1 1 1 15 27 33 36 38 36 34 24 8 3 1 1 0 1 6 11 13 17 17 18 19 22 25 29 30 30 32 32 31 32 36 36 34 38 38 47 63 66 59 53 51 50 50 50 50 50 45 42 36 32 30 28 25 45 87 100 69 38 19 16 15 16 17 16 15 15 15 15 15 15 15 16 15 15 14 
15 15 12 14 12 14 15 15 17 18 18 18 18 18 19 18 17 16 16 15 15 16 16 17 19 18 17 15 13 13 14 16 17 17 16 15 14 14 12 14 18 20 22 19 18 17 16 14 13 12 10 10 8 6 4 3 1 1 0 1 1 1 0 1 1 1 2 4 16 26 31 33 38 36 40 36 23 11 5 1 0 1 3 8 12 17 17 18 18 21 24 26 28 30 31 32 32 32 33 35 33 37 37 47 64 67 58 52 50 50 50 50 50 46 39 33 31 31 29 25 22 43 84 93 62 30 10 14 16 16 17 16 16 16 17 17 17 17 17 18 17 17 15 
15 13 12 12 12 14 14 16 17 18 18 19 18 19 18 18 17 16 16 15 16 16 16 16 18 17 16 15 16 15 14 15 15 15 14 12 12 14 12 14 17 20 20 17 14 12 11 10 10 10 9 6 3 1 0 0 0 0 0 1 1 1 1 0 1 1 3 9 19 28 31 32 37 36 40 40 33 25 12 8 1 1 3 8 13 17 18 18 18 21 24 26 28 30 31 31 32 32 33 35 33 37 37 47 65 67 58 52 50 50 49 49 47 42 33 30 30 30 27 24 22 38 73 87 60 33 18 17 17 17 17 16 17 18 18 19 19 21 21 22 21 19 18 
11 11 11 12 12 14 15 17 17 17 19 19 18 18 18 17 16 16 15 15 15 15 15 15 16 15 14 15 16 16 15 15 15 12 12 11 12 12 13 15 16 19 19 17 12 10 10 10 9 9 8 3 1 0 0 0 0 0 1 2 1 1 1 0 2 2 5 12 21 30 32 33 36 33 38 38 35 32 20 13 9 3 3 8 13 17 18 18 18 21 25 27 28 30 31 31 30 32 33 33 33 37 38 50 63 65 58 52 50 49 47 47 45 37 32 31 31 31 30 25 24 39 68 81 57 28 22 18 17 17 16 17 18 21 21 21 23 23 23 23 21 19 21 
12 11 12 12 12 14 15 17 17 18 18 18 18 18 17 16 16 16 15 15 14 14 12 11 12 11 12 15 16 18 19 18 14 12 11 10 10 11 13 15 17 17 18 17 14 14 13 13 14 12 10 5 3 1 1 1 0 0 1 2 1 1 1 0 2 3 5 12 23 30 32 32 35 35 36 37 36 36 27 22 14 8 5 8 12 16 17 17 17 21 24 25 26 29 30 31 30 30 32 32 32 36 37 50 64 66 57 51 49 49 47 47 43 35 32 30 31 32 31 27 26 38 61 77 54 26 22 18 17 17 17 18 19 21 22 22 24 24 24 23 21 21 19 
12 14 12 12 14 15 15 16 16 17 17 17 17 17 17 16 16 16 15 14 12 11 12 11 10 11 12 15 18 22 22 18 16 13 10 9 9 11 11 14 16 18 18 18 19 19 19 22 23 22 17 9 8 5 5 3 2 1 0 1 1 1 1 0 2 5 10 17 25 31 34 34 36 36 35 35 37 37 34 29 24 16 11 11 13 16 16 17 19 22 23 25 26 28 28 29 29 31 33 33 33 37 37 50 64 66 55 50 47 47 46 44 38 35 32 31 30 31 30 30 29 37 58 73 57 28 21 19 17 18 19 21 22 23 25 25 24 24 23 23 22 22 22 
14 14 12 12 15 15 16 17 17 17 17 17 16 16 15 15 15 15 14 14 11 12 12 11 9 10 12 15 19 20 18 16 15 13 10 12 12 14 15 17 19 23 26 28 30 32 31 33 36 35 25 14 11 9 8 6 3 2 0 1 1 1 1 0 0 8 18 22 28 31 34 34 35 35 37 36 37 37 37 34 32 26 20 15 15 15 16 17 19 23 24 24 25 28 29 29 29 29 32 34 34 37 37 50 66 66 55 48 46 46 44 42 35 32 32 31 30 30 30 30 30 36 54 71 58 30 18 18 17 18 19 21 22 23 24 24 24 24 24 23 22 22 22 
14 14 12 14 15 15 16 17 17 17 17 17 16 16 14 14 16 14 16 15 13 13 11 10 8 9 13 17 17 16 17 17 17 18 19 19 18 18 21 25 28 29 31 33 38 41 40 40 38 36 28 15 11 9 8 6 4 3 2 2 1 1 2 1 3 15 23 26 29 31 32 32 34 34 35 35 35 35 36 36 36 33 26 19 17 15 14 15 17 20 24 24 26 29 30 30 31 32 32 34 33 36 36 50 66 66 54 47 45 44 43 37 33 31 30 30 30 30 30 30 30 35 52 68 56 28 17 17 18 19 19 19 22 23 23 23 22 22 23 23 22 22 20 
14 14 12 15 15 16 16 16 17 18 16 17 16 15 16 16 17 16 18 17 16 15 11 10 8 11 17 18 17 17 17 18 22 28 30 26 23 24 28 32 31 31 30 32 36 39 39 36 32 32 28 16 11 10 8 8 7 5 4 3 4 4 6 9 12 19 26 28 30 32 32 31 31 31 31 32 33 35 36 36 37 37 33 29 24 17 15 15 15 15 19 23 26 29 29 29 31 33 34 34 33 35 35 50 67 67 54 47 45 44 40 33 31 30 30 30 30 30 29 29 28 32 49 63 52 26 16 18 19 19 19 19 20 20 22 20 19 19 20 20 19 19 19 
14 14 14 15 16 17 17 17 17 18 17 17 16 17 16 17 19 17 22 19 17 17 12 11 10 14 18 21 22 18 18 19 25 31 30 25 24 26 31 33 31 29 25 24 27 30 29 25 23 24 23 15 10 9 8 9 9 9 8 7 5 8 11 15 17 23 28 28 30 32 31 31 29 30 30 31 32 33 33 35 36 36 36 33 30 24 22 19 17 15 20 23 25 27 28 28 30 31 32 32 33 36 36 51 68 68 53 46 43 42 39 32 29 29 31 31 29 29 29 28 26 30 45 60 50 25 17 19 19 19 19 19 19 19 19 19 19 19 19 19 18 18 18 
14 15 15 15 16 17 17 17 17 17 17 16 16 17 16 17 19 19 23 20 17 17 12 12 12 16 22 26 25 21 19 21 28 29 26 22 18 21 26 30 28 23 18 15 19 22 19 16 14 12 10 9 9 9 9 10 10 11 10 10 9 11 17 20 22 25 29 28 30 32 31 31 30 30 29 30 31 32 32 33 36 36 37 36 35 33 31 29 23 19 22 22 25 27 28 29 30 30 31 32 33 37 38 59 77 70 53 46 42 40 37 31 26 28 30 30 29 29 29 28 26 28 43 59 54 26 18 21 19 21 19 19 19 19 18 19 19 18 19 19 18 18 18 
15 15 15 15 15 16 16 17 16 16 15 15 16 16 16 16 17 18 20 18 15 12 11 11 12 16 22 25 24 21 18 21 24 24 22 17 15 16 18 18 21 18 15 12 13 16 15 14 11 11 10 8 8 8 9 10 11 12 15 13 14 15 19 22 24 25 28 28 29 30 30 30 30 31 30 29 30 31 31 32 35 35 37 37 37 40 37 33 30 25 23 23 24 25 26 29 29 29 30 31 33 38 39 61 80 70 52 45 42 38 35 30 27 27 30 30 29 28 29 27 25 28 40 58 58 30 18 19 19 19 19 18 18 19 18 18 18 19 18 18 18 17 17 
15 15 15 15 16 16 16 15 14 15 12 12 12 13 12 12 12 12 15 13 10 10 9 9 10 13 17 19 18 17 16 16 17 17 16 11 11 10 11 11 12 12 11 10 11 12 12 14 11 11 12 11 6 8 10 14 15 19 22 22 21 18 19 20 23 25 26 26 28 29 29 29 29 30 30 29 30 30 30 31 32 32 34 36 35 37 37 37 36 33 32 30 28 28 28 28 30 30 31 31 32 38 39 62 84 71 53 45 40 37 33 29 26 29 30 30 29 28 29 27 25 26 38 56 62 32 17 18 18 19 19 19 18 18 18 18 18 18 19 19 18 18 17 
16 17 15 15 16 16 15 14 14 12 12 11 9 9 10 9 9 8 9 10 8 7 7 7 8 11 13 15 14 14 14 12 11 11 11 9 9 9 8 10 11 10 11 10 12 13 14 14 14 15 14 11 8 9 13 18 24 29 27 29 26 22 19 19 21 24 25 25 26 28 29 29 29 30 30 29 29 28 29 30 30 31 31 33 35 36 37 38 37 36 36 35 33 30 29 28 30 30 31 30 33 39 40 62 82 73 52 44 41 37 33 29 25 28 31 31 29 28 27 27 25 25 35 52 59 30 16 17 17 19 19 19 18 18 18 18 18 18 19 19 18 18 18 
17 17 16 15 16 15 15 15 14 11 11 10 7 8 8 8 7 5 5 8 7 7 7 6 7 9 11 11 10 10 10 10 9 9 8 8 8 8 8 10 14 12 12 12 16 18 18 19 22 22 19 15 11 11 13 20 32 40 38 33 30 24 18 17 17 19 22 23 25 25 27 29 28 29 30 30 29 29 29 29 29 29 30 31 32 33 36 36 36 37 37 37 38 36 32 31 30 31 31 30 33 39 40 62 85 77 54 44 40 32 32 27 25 28 30 31 29 29 27 27 25 23 31 49 53 27 14 17 16 18 19 19 18 18 18 18 18 18 19 19 18 18 17 
17 16 16 16 16 15 15 15 14 12 11 10 7 7 7 8 6 8 7 9 9 9 8 8 8 10 10 10 9 8 8 8 10 10 11 10 7 7 9 14 19 17 15 13 17 22 26 32 32 31 29 23 18 15 16 23 35 42 40 37 34 29 17 15 18 19 22 23 25 25 26 29 29 30 29 29 29 29 29 28 28 29 29 29 30 32 32 33 37 39 39 40 40 40 38 36 35 33 32 30 32 38 40 62 87 80 57 45 38 27 28 25 24 26 28 29 28 28 28 26 26 24 30 46 51 25 12 16 16 16 17 17 17 16 17 17 18 18 18 17 17 16 16 
17 17 17 16 16 16 17 17 16 15 16 15 11 10 10 9 9 10 10 12 12 11 11 10 11 12 11 10 6 6 6 9 12 16 18 16 8 6 9 18 26 23 17 13 17 23 31 37 36 36 32 28 25 22 18 23 28 31 32 30 27 24 15 15 17 18 19 22 24 25 24 26 29 28 28 29 29 28 28 28 28 28 28 28 28 29 31 32 33 37 38 39 40 40 40 39 38 38 36 33 33 37 39 64 88 81 58 45 37 24 25 23 24 26 29 29 28 28 26 26 26 24 27 40 43 21 14 16 16 16 16 16 16 16 16 16 16 17 17 17 16 16 16 
