16 15 16 16 16 15 16 18 21 23 23 23 21 18 17 16 15 15 14 14 15 15 17 18 19 19 19 21 22 23 21 21 21 21 21 21 21 21 19 19 19 19 19 19 19 21 21 22 21 21 19 19 21 24 26 25 26 33 43 47 57 46 50 25 14 14 
16 15 16 16 15 15 15 17 19 22 23 23 21 18 16 16 15 15 14 14 15 15 17 18 19 19 19 21 22 23 21 21 21 21 21 21 21 21 19 19 19 19 19 19 19 21 23 25 26 25 23 22 19 24 31 43 67 105 132 157 166 134 120 56 21 16 
15 15 16 16 15 15 15 16 18 21 22 23 21 18 17 16 15 15 14 14 15 15 16 16 17 18 18 21 21 22 21 21 21 21 21 21 21 21 19 19 21 19 21 21 21 22 23 26 27 25 24 25 26 40 71 114 159 202 227 244 246 217 196 107 39 17 
15 15 16 16 15 15 15 16 18 21 22 23 21 19 18 16 15 15 14 15 15 16 17 16 17 18 18 21 21 22 21 21 21 21 21 21 21 21 19 19 21 21 21 22 22 22 23 24 23 34 45 52 74 111 159 206 231 248 253 253 249 236 233 141 44 17 
15 14 15 15 15 15 14 16 18 19 22 22 19 18 17 16 15 16 15 15 16 17 16 16 16 17 18 19 19 21 21 21 21 21 21 21 21 21 21 21 22 21 22 22 22 23 21 16 31 52 74 121 164 206 240 248 250 250 244 236 234 236 224 143 57 23 
15 14 15 15 15 14 14 15 17 19 21 21 19 19 18 16 15 16 15 15 16 16 15 15 16 16 17 18 19 21 21 21 21 21 21 21 19 19 21 21 21 21 21 22 24 23 28 49 71 97 149 212 236 247 250 236 216 212 203 198 197 200 166 94 39 15 
15 12 14 14 14 14 14 15 16 18 19 19 19 19 18 17 15 16 16 16 16 16 14 14 15 15 16 18 19 19 21 21 21 21 21 21 19 19 21 21 21 21 21 23 26 42 81 132 165 188 227 251 234 219 189 170 145 131 131 135 136 137 101 54 25 15 
15 12 14 14 14 12 14 15 16 17 18 18 18 18 17 16 15 16 16 15 16 16 15 15 15 15 15 17 18 19 21 21 21 21 21 21 19 19 21 19 19 21 23 22 33 74 160 226 235 236 243 210 165 136 121 106 94 81 83 86 86 88 60 35 20 15 
15 12 14 14 14 12 14 14 15 17 18 18 18 18 17 16 14 15 15 15 14 15 15 16 15 16 16 19 19 19 21 21 21 21 21 21 19 19 21 22 19 19 24 22 38 98 202 253 251 233 207 156 116 85 80 68 66 64 63 63 65 66 45 31 19 12 
15 12 14 14 12 14 12 14 15 16 19 19 18 17 16 15 14 15 15 14 14 15 16 17 16 17 17 19 21 21 22 21 21 21 21 23 22 22 23 23 19 19 25 26 50 133 228 252 245 213 164 112 93 68 63 53 52 52 52 50 51 52 43 29 18 11 
15 12 14 15 14 14 12 14 15 16 19 19 18 17 16 15 14 15 15 14 14 15 16 17 16 17 17 19 20 22 21 21 21 21 21 23 25 28 26 25 22 22 24 47 99 184 244 249 222 182 128 77 71 58 61 48 46 48 47 47 47 47 39 26 16 12 
15 12 15 15 15 15 14 14 15 17 19 19 18 17 16 15 14 15 15 14 14 15 16 17 15 16 16 17 19 22 21 21 21 22 22 23 26 28 27 27 26 34 45 95 165 233 237 222 183 137 96 74 71 60 64 47 45 47 49 47 44 43 38 22 15 12 
15 15 15 16 15 15 15 15 15 17 18 19 18 17 16 15 12 14 15 14 15 16 16 16 15 15 15 17 19 20 20 22 23 23 23 24 25 27 29 30 32 67 128 182 230 243 233 193 138 93 76 72 68 65 60 53 47 47 46 43 39 39 40 20 16 13 
15 15 15 16 15 15 16 16 16 18 16 18 18 18 17 15 12 14 14 15 15 16 16 16 15 15 15 17 19 20 20 22 23 23 22 22 24 25 30 31 51 117 182 229 251 238 207 153 104 79 73 65 62 61 59 56 47 43 42 40 38 37 36 19 16 13 
18 18 18 19 17 17 16 18 19 19 19 21 19 19 17 15 12 14 14 15 16 16 16 15 16 15 15 17 19 20 20 22 24 24 21 19 21 22 28 37 87 174 235 245 236 210 169 121 88 74 69 68 59 57 53 49 42 38 39 38 36 37 35 21 17 13 
32 30 27 27 24 23 19 18 18 19 23 23 21 19 17 15 12 14 14 15 16 16 15 16 15 15 15 17 19 20 19 19 18 18 21 23 25 35 49 86 157 220 251 226 208 173 142 106 81 66 65 65 58 53 51 45 40 38 38 37 36 37 38 22 17 13 
51 49 47 45 39 38 32 24 24 26 28 28 25 24 22 18 15 15 15 14 16 15 15 14 15 15 17 16 17 19 19 19 18 19 31 42 65 96 110 164 219 244 251 218 178 130 116 88 72 67 62 55 52 50 47 43 38 36 36 35 37 37 38 22 17 11 
73 71 70 66 61 58 54 49 46 44 38 35 31 30 27 23 19 17 17 16 17 17 14 16 16 17 18 16 17 18 19 22 23 32 54 79 109 152 175 216 245 249 238 203 157 108 96 73 61 65 61 55 50 46 43 40 38 36 35 35 37 37 37 23 16 11 
89 87 86 86 81 79 75 72 67 61 57 52 48 46 40 35 30 28 25 22 22 18 16 16 16 17 16 17 18 18 19 18 22 44 89 144 186 217 224 235 252 249 222 179 138 97 77 64 58 57 53 51 47 44 40 39 37 36 35 35 36 37 35 22 16 11 
97 96 97 96 93 92 89 86 81 75 75 72 68 65 59 53 49 46 42 37 36 30 28 29 18 18 18 18 19 19 21 16 24 54 132 206 245 251 249 244 245 232 201 164 137 96 63 59 55 52 50 47 45 41 39 38 37 37 36 35 35 37 32 22 16 11 
100 100 100 100 97 97 95 93 88 87 85 81 79 78 77 77 74 72 66 60 54 50 39 37 28 17 15 19 22 22 22 16 15 64 125 178 216 227 228 249 243 230 196 168 134 94 79 58 51 49 46 44 42 40 40 39 37 37 36 35 35 37 31 21 17 12 
96 96 96 96 94 94 93 94 94 95 95 93 92 89 87 85 84 81 77 73 68 65 60 54 44 32 24 25 25 24 23 18 33 106 184 229 254 247 252 254 245 221 185 156 124 89 78 57 47 45 44 43 40 39 39 38 36 37 36 35 35 37 29 21 16 11 
89 89 89 89 89 89 88 89 90 90 90 90 90 90 90 90 89 87 85 82 80 80 77 72 63 49 38 36 29 21 24 35 82 159 238 253 253 242 247 247 236 209 174 139 110 80 70 54 44 42 41 40 39 39 37 37 36 37 36 36 36 38 28 19 15 10 
82 82 82 82 82 82 84 84 85 85 85 85 86 86 87 88 87 87 86 85 85 86 85 81 73 61 52 45 37 29 26 37 102 184 247 249 245 243 240 235 217 184 143 114 90 72 60 51 43 40 41 40 38 37 36 36 36 35 36 36 36 39 29 19 15 10 
77 77 77 77 77 77 75 75 75 75 75 75 77 78 81 82 82 82 85 85 86 87 86 84 80 71 61 52 43 31 25 42 109 193 248 241 241 250 234 222 196 151 114 96 75 65 56 49 43 40 39 38 37 36 36 35 33 35 35 36 35 39 30 21 16 11 
72 72 72 72 72 72 73 72 72 72 72 73 74 74 76 78 79 80 82 84 84 85 85 82 81 77 70 60 50 40 23 39 114 196 252 250 247 249 234 215 182 138 102 85 61 53 51 47 43 39 37 37 36 35 33 33 33 32 33 33 35 38 31 21 16 11 
66 66 66 66 67 68 67 68 68 68 68 70 71 71 71 72 77 79 82 84 84 85 84 82 83 81 72 64 56 45 26 40 122 208 253 252 250 244 240 217 187 148 111 86 64 50 49 46 43 38 36 36 36 33 32 32 33 32 32 33 35 37 30 19 14 11 
61 61 61 61 61 61 60 59 59 58 58 59 60 64 68 71 75 79 82 85 85 85 84 84 83 81 73 66 58 50 31 35 93 174 248 252 243 215 252 234 201 175 142 107 77 59 50 46 43 36 33 34 36 35 32 32 32 32 32 33 33 36 29 18 14 11 
59 59 59 59 59 60 60 59 59 57 57 57 58 61 66 70 75 79 82 84 82 82 84 82 82 80 74 67 59 52 40 43 71 132 180 196 209 222 240 244 237 223 191 142 93 72 51 45 42 37 32 33 35 32 32 32 33 32 33 36 35 36 28 17 12 10 
66 65 64 64 63 63 63 63 63 61 61 59 58 57 64 70 74 78 80 82 81 81 81 81 81 79 75 70 63 53 37 32 37 71 116 146 165 179 229 249 251 244 227 194 130 95 52 43 40 38 34 33 31 28 31 31 32 32 33 34 35 36 29 16 12 10 
71 70 68 68 67 67 67 67 68 67 67 65 64 62 63 68 73 77 79 81 80 79 79 79 80 79 78 73 67 60 29 29 30 32 66 96 102 122 191 215 227 219 203 189 152 107 50 39 38 40 33 31 26 24 32 32 32 33 34 34 35 37 29 15 11 10 
74 73 73 72 72 71 72 72 72 71 71 68 67 66 63 67 71 74 75 78 78 78 78 78 79 79 79 75 71 61 43 42 38 27 30 44 44 81 131 164 175 179 172 155 129 94 53 43 38 40 33 29 23 21 31 32 32 33 34 34 35 37 28 15 11 10 
77 75 74 74 74 73 74 74 75 74 71 68 66 66 65 64 70 73 74 77 77 78 77 78 79 80 80 79 74 66 50 47 42 32 18 14 24 48 72 109 134 157 156 129 97 77 64 51 44 45 38 30 24 16 31 32 31 33 34 34 36 37 26 14 10 10 
75 75 74 73 73 73 73 73 75 74 72 68 67 66 65 63 67 71 73 75 77 78 75 77 78 79 80 80 75 70 54 45 33 29 17 7 18 37 53 98 139 159 149 129 102 84 82 58 52 49 38 31 24 21 27 30 31 33 34 36 37 37 26 14 10 10 
73 73 72 71 70 70 70 70 71 71 70 67 67 66 65 63 63 68 72 74 77 77 75 77 78 79 81 81 79 74 58 49 28 26 22 15 17 24 97 149 187 196 180 162 138 115 96 63 53 50 38 32 26 23 27 30 31 33 35 35 36 36 26 16 10 10 
70 70 67 67 67 66 66 67 68 68 68 67 67 67 65 63 61 66 70 74 75 77 77 77 78 79 81 82 80 75 63 60 40 26 28 25 25 28 120 159 207 219 205 187 163 137 96 65 60 52 42 33 28 26 27 31 32 33 35 36 36 36 26 17 10 10 
67 66 66 66 65 65 64 65 66 67 67 66 66 66 65 64 61 65 71 73 75 77 77 75 77 78 79 80 81 78 67 47 26 22 24 32 64 97 153 200 210 222 217 188 171 139 111 85 64 51 45 36 29 26 29 31 33 34 36 36 37 37 25 16 12 11 
66 66 65 65 65 65 64 65 65 66 67 66 66 66 65 64 61 63 67 72 74 77 77 77 77 78 80 81 80 78 67 60 43 25 29 58 90 139 216 241 231 229 219 195 189 155 113 80 58 46 44 37 31 29 30 32 34 36 36 36 37 37 24 16 12 11 
65 64 64 64 64 64 64 64 64 65 66 66 66 66 65 64 61 61 66 71 73 75 77 77 78 79 80 81 82 81 67 58 44 32 47 99 144 200 233 240 233 240 227 201 182 149 102 75 52 42 42 37 36 33 31 33 35 36 36 36 37 38 24 17 12 11 
64 63 64 64 63 63 63 64 64 65 66 66 66 66 65 64 61 61 65 68 72 75 77 77 77 79 80 81 81 79 72 65 51 45 60 116 192 237 226 240 230 236 221 199 162 124 92 66 49 43 42 38 37 34 32 33 35 35 36 36 36 38 24 17 12 10 
61 61 63 63 63 64 64 64 64 65 66 66 65 65 65 63 61 60 64 68 73 75 77 75 75 78 81 81 82 84 85 88 80 61 61 120 203 230 213 236 227 219 199 169 131 93 70 57 46 42 43 44 38 35 34 36 35 35 37 37 33 33 24 17 12 10 
61 63 63 63 64 65 65 65 66 67 68 68 66 66 64 63 60 60 63 67 72 75 75 75 75 77 79 78 81 84 101 131 123 88 77 136 193 220 225 237 226 198 158 113 92 66 60 51 42 40 44 43 38 36 34 34 33 35 34 36 30 26 24 17 12 10 
63 63 63 65 66 66 66 66 67 68 70 68 67 67 66 64 60 60 64 67 71 75 75 75 75 77 79 78 85 86 116 160 161 132 117 156 188 208 252 249 222 171 108 67 58 46 58 49 39 37 38 39 36 35 34 34 34 34 33 36 27 22 24 17 11 10 
63 64 65 65 66 66 67 67 66 67 68 70 68 68 66 64 60 61 65 67 71 73 75 74 77 77 79 80 86 87 123 146 161 170 169 193 219 221 252 245 194 124 67 51 43 37 44 39 36 33 36 37 36 33 34 34 34 34 35 38 30 22 24 17 11 9 
63 64 65 65 65 66 66 66 66 67 68 68 67 66 66 64 63 61 64 66 70 72 74 75 77 77 80 85 93 94 117 158 216 230 223 229 245 252 241 222 170 113 66 44 37 36 38 39 38 31 33 33 34 34 34 33 32 31 33 36 31 26 22 17 12 10 
63 63 63 63 63 64 64 65 66 66 67 66 65 65 64 64 63 61 63 64 67 72 75 78 77 79 82 86 81 81 84 101 171 215 230 234 242 241 234 193 124 67 40 31 29 31 32 35 36 30 31 32 34 34 34 33 32 31 28 31 30 27 23 17 12 11 
61 61 61 61 61 61 61 63 63 65 66 65 64 63 61 61 60 59 60 61 65 68 77 77 77 82 82 67 46 43 43 44 92 142 201 214 227 202 208 152 85 48 32 28 28 29 29 29 31 29 31 37 37 36 33 32 31 30 27 30 29 26 23 17 12 11 
61 61 61 61 61 60 59 59 60 61 63 63 61 61 60 60 59 58 59 60 64 67 72 74 75 78 73 48 25 25 33 34 35 58 124 155 159 131 157 107 64 39 22 18 22 26 26 26 27 27 32 38 37 36 32 31 29 29 27 30 27 25 22 17 12 11 
59 59 59 59 60 59 57 57 59 59 60 60 61 61 60 59 59 58 59 60 63 64 67 75 76 66 52 31 16 22 38 31 28 30 52 74 84 95 105 73 51 31 16 16 23 27 26 22 23 24 29 32 32 33 33 31 29 26 28 28 27 25 22 17 11 10 
58 58 58 58 59 59 58 57 59 59 61 60 61 61 59 59 58 57 58 59 61 63 63 77 73 53 36 17 11 25 38 43 33 22 44 46 59 68 81 58 41 32 23 20 24 24 23 19 19 24 30 35 37 33 31 30 28 26 26 25 24 24 22 17 11 10 
58 58 58 58 58 58 59 58 60 60 60 60 59 59 58 58 59 58 59 60 61 63 67 71 59 37 20 14 10 23 45 51 38 34 65 57 53 47 57 40 28 30 27 30 23 19 18 16 18 25 30 40 43 31 29 28 25 25 25 23 22 22 20 17 11 10 
58 58 58 58 58 58 59 59 60 60 59 60 59 59 58 58 59 58 59 60 61 64 72 67 46 28 16 13 11 17 26 24 20 38 65 52 47 52 45 34 31 35 31 27 23 17 15 17 21 26 31 36 33 28 28 26 25 24 24 20 19 19 19 16 11 10 
58 58 58 58 59 59 59 59 59 59 59 60 59 59 59 59 58 58 58 59 61 64 71 67 42 17 12 16 36 53 122 79 66 47 60 58 33 21 22 25 32 36 33 31 19 15 15 18 23 29 32 33 30 25 26 25 24 24 22 20 19 19 18 15 10 10 
59 59 58 59 59 59 59 59 60 60 59 59 58 58 58 58 58 57 58 58 58 60 70 61 35 13 10 12 28 44 103 70 67 57 47 33 38 32 33 38 35 35 29 21 18 16 17 22 27 31 32 30 24 23 23 23 23 23 22 20 18 19 17 15 10 10 
59 59 58 59 59 59 60 60 60 60 58 58 58 58 58 57 57 57 58 57 56 58 67 53 26 10 6 7 19 32 45 46 53 46 42 33 40 39 38 38 32 24 16 14 20 23 20 26 32 34 32 26 22 19 19 19 20 20 20 20 19 19 17 14 10 10 
59 59 58 59 59 59 60 60 60 60 58 58 58 58 57 57 57 57 57 57 56 57 64 45 19 9 5 5 12 24 14 22 24 24 29 32 31 26 23 21 17 12 12 17 24 29 24 29 33 34 30 24 19 17 17 18 18 17 19 19 19 21 18 12 10 10 
57 57 59 59 59 59 58 58 58 58 58 58 57 57 57 57 57 55 55 57 56 58 61 39 14 6 4 4 8 13 12 11 14 15 17 18 17 11 8 6 7 9 15 17 22 23 23 25 30 30 24 19 16 15 16 17 16 17 17 18 19 22 20 15 10 11 
57 58 59 59 59 59 58 58 58 58 58 58 57 57 55 55 55 55 57 55 57 58 64 44 16 6 6 5 7 10 9 9 9 9 9 9 8 8 8 8 8 11 14 15 17 18 19 20 23 20 18 15 11 11 11 12 12 13 15 16 18 20 20 15 10 11 
57 58 58 59 59 59 58 58 58 58 58 58 57 57 57 55 55 55 56 56 57 59 62 36 12 7 6 5 6 7 7 7 7 7 8 6 6 6 6 5 6 9 12 16 15 16 17 16 14 12 12 11 8 8 9 9 10 11 12 15 17 20 19 15 10 11 
57 58 58 58 59 59 59 59 59 59 58 58 57 57 55 55 55 55 56 57 57 58 61 29 10 9 6 6 5 5 5 5 6 6 6 6 6 5 5 5 6 9 14 15 12 11 12 12 11 11 9 9 9 7 8 8 9 10 11 13 16 18 18 15 11 11 
57 58 58 58 58 59 58 58 58 58 59 59 58 57 54 54 55 57 56 56 56 59 59 38 16 8 6 5 5 5 4 5 6 6 6 6 6 5 5 5 6 8 9 9 10 10 9 10 10 10 8 8 7 7 6 7 8 8 8 11 15 18 17 15 12 12 
57 58 58 58 58 58 58 58 58 58 59 59 58 57 56 54 55 55 56 56 56 60 57 30 9 7 6 5 5 5 4 5 6 6 6 6 5 5 5 5 6 8 7 7 8 9 8 8 8 8 7 6 6 6 7 7 7 8 7 9 12 16 16 15 13 12 
57 58 57 57 57 57 58 58 58 58 59 59 58 57 56 54 55 55 56 56 57 56 40 18 7 6 5 4 4 4 4 4 6 6 5 5 5 5 6 5 6 7 7 7 7 5 7 7 7 7 7 6 6 6 6 7 7 7 8 9 12 13 15 13 13 11 
57 58 57 57 57 57 57 58 58 58 59 59 58 57 56 56 57 57 56 56 57 54 37 17 8 6 5 4 4 4 4 4 6 6 5 5 5 5 6 6 6 7 7 7 7 5 7 7 7 7 7 6 6 6 6 6 7 7 8 8 10 11 11 11 11 11 
57 58 57 57 57 57 57 57 58 58 59 59 58 57 57 57 57 57 57 57 57 54 39 18 7 7 6 5 4 4 4 4 5 5 5 5 5 5 5 5 6 6 7 7 7 5 7 7 7 7 7 6 6 6 6 6 6 7 7 8 10 11 12 11 10 9 
57 57 57 57 57 57 57 57 58 58 59 59 58 57 57 57 57 57 58 58 58 56 37 17 8 7 7 5 4 4 4 4 5 5 5 5 5 5 5 5 5 6 5 5 5 5 7 7 7 7 7 6 6 6 6 6 6 6 6 7 10 15 15 12 11 9 
55 57 55 57 57 57 57 57 58 57 58 58 57 57 57 57 57 57 56 56 58 53 32 16 8 7 7 5 4 4 3 3 4 4 4 4 4 4 4 4 4 4 4 4 5 5 6 6 7 7 5 5 5 5 5 5 6 6 6 6 11 17 18 16 11 10 
55 57 55 57 57 57 57 57 58 57 58 57 57 57 57 57 57 57 56 56 57 50 29 14 9 8 7 4 4 4 3 3 4 4 4 4 4 4 4 4 4 4 4 4 4 5 6 6 5 5 5 5 5 5 5 5 6 6 6 7 11 17 17 15 12 11 
55 55 55 55 55 55 57 57 57 57 57 57 57 57 55 57 57 55 56 56 57 47 27 13 8 8 5 4 4 4 3 4 4 4 4 4 4 4 4 4 4 4 4 4 6 6 5 5 5 6 5 4 5 5 5 4 6 6 5 8 11 15 15 12 11 12 
55 55 55 55 55 57 57 57 57 57 57 57 57 57 57 57 57 57 56 56 58 47 31 14 8 8 7 4 4 4 3 4 4 4 4 4 4 4 4 4 4 4 4 4 6 6 5 5 6 6 5 5 5 5 5 4 6 5 5 8 11 15 13 12 11 13 
55 55 55 54 55 57 57 57 57 57 57 57 57 57 57 57 57 57 57 57 59 47 29 13 8 9 9 6 4 4 4 4 4 4 4 4 4 4 4 4 4 4 4 4 6 6 5 5 5 5 5 5 5 5 5 5 6 5 6 9 11 15 14 11 10 12 
55 55 55 55 55 57 57 57 57 57 57 57 57 57 55 57 57 57 56 57 59 44 23 13 9 9 8 5 4 4 4 4 4 4 4 4 4 4 4 4 4 4 4 4 6 6 5 5 5 5 5 4 5 7 5 5 6 5 6 9 12 16 15 11 10 12 
55 55 55 55 55 55 57 57 55 55 55 55 55 55 57 57 57 57 56 56 56 39 20 12 8 9 8 5 4 4 3 4 4 4 4 4 4 4 4 4 4 4 4 4 6 6 5 5 5 5 5 4 5 5 5 5 6 5 5 8 11 15 16 13 11 13 
53 54 55 55 55 57 57 55 55 55 55 55 55 55 57 57 57 58 58 57 56 39 19 12 8 8 6 4 3 3 4 4 4 4 4 4 4 4 4 4 4 4 4 4 6 6 5 5 5 5 5 4 5 5 5 5 6 5 5 8 11 15 16 12 10 13 
53 53 53 54 55 55 58 57 55 55 55 55 55 55 57 57 58 58 60 58 58 47 22 12 8 8 8 5 3 2 3 3 4 4 4 4 4 4 4 4 4 4 4 4 6 6 5 5 5 5 5 4 5 5 5 5 5 4 5 8 11 15 16 12 10 12 
48 48 48 48 50 51 52 53 52 53 53 54 55 57 57 58 59 59 61 58 54 45 19 12 9 8 9 6 3 2 3 3 4 4 4 4 4 4 4 4 4 4 4 4 6 6 5 5 5 5 5 4 5 5 5 5 5 4 5 8 11 15 16 13 12 13 
42 44 43 43 42 40 40 40 42 42 44 49 53 57 59 60 61 63 65 58 49 32 15 12 10 8 8 5 3 3 4 4 4 4 4 5 4 4 4 4 4 4 4 4 5 5 6 6 6 6 5 4 4 5 5 4 5 5 5 8 12 16 15 13 11 13 
38 38 36 36 35 33 33 35 33 36 37 40 45 53 65 68 67 68 68 54 40 23 16 14 10 8 8 6 4 3 4 4 4 4 4 5 4 4 4 4 4 4 4 4 5 5 8 6 6 5 4 4 4 5 5 4 5 6 5 8 13 17 16 12 11 13 
39 38 36 33 32 29 28 29 30 31 33 36 39 47 65 71 75 74 65 45 30 16 13 12 9 8 6 5 4 3 4 4 4 5 4 5 4 4 4 4 4 4 4 4 5 5 8 8 6 6 5 5 6 6 6 5 5 5 6 7 13 16 16 12 12 13 
45 44 40 38 35 32 31 32 35 36 36 37 40 45 60 68 75 74 58 35 17 9 10 10 8 8 5 4 3 3 4 4 4 5 4 5 4 4 4 4 4 4 4 4 5 5 8 8 6 6 5 7 7 6 5 5 5 6 6 7 12 16 15 13 11 12 
50 49 45 40 38 36 36 37 42 44 44 42 41 43 52 60 64 59 46 29 12 5 8 9 9 5 5 5 4 4 4 4 4 4 4 4 4 4 4 4 4 4 4 4 7 7 8 8 8 8 5 7 7 7 6 5 5 6 5 8 10 14 15 12 11 12 
56 53 49 43 39 38 38 42 46 49 47 45 45 43 43 45 47 43 29 22 11 7 6 8 8 5 5 5 4 4 4 4 4 4 4 4 4 4 4 4 4 4 4 4 7 7 8 8 8 8 7 7 5 5 6 6 5 6 5 8 11 15 15 13 11 12 
56 53 49 43 39 38 38 43 49 52 52 47 44 39 39 39 38 32 20 13 7 6 5 6 6 5 5 5 4 4 3 4 4 4 4 4 4 4 4 4 4 4 4 4 5 5 6 8 8 6 8 8 6 6 6 6 4 5 5 7 10 15 14 12 11 12 
56 53 49 43 39 38 38 43 50 54 53 50 46 40 38 39 36 24 16 7 6 7 8 6 6 5 5 5 4 4 3 4 4 4 4 4 4 4 4 4 4 4 4 4 5 5 6 8 8 6 8 8 8 8 6 6 5 5 5 7 10 15 14 12 12 12 
56 53 49 43 39 38 40 45 51 54 54 52 47 42 39 40 38 26 14 9 5 6 8 8 5 5 5 4 3 3 3 3 3 4 4 4 4 4 4 4 4 5 5 5 5 5 5 5 5 5 5 7 7 6 5 5 5 5 5 5 9 15 12 11 11 11 
54 52 47 43 39 39 41 45 51 54 54 52 50 44 42 38 33 18 9 7 8 6 6 6 5 5 5 4 3 3 3 3 3 4 4 4 4 4 4 4 4 5 5 5 5 5 4 5 5 4 5 5 5 6 4 4 4 4 4 5 10 16 12 11 11 11 
54 52 47 43 39 40 43 46 51 54 54 52 50 45 44 35 23 13 5 6 9 8 6 6 5 5 4 4 3 3 3 3 3 4 4 4 4 4 4 4 4 5 5 5 5 5 4 4 4 4 4 4 4 5 4 4 4 4 4 7 12 17 12 10 11 12 
54 52 46 42 40 40 43 46 51 54 54 53 51 50 43 33 19 12 6 6 6 6 6 6 5 6 4 4 3 3 3 3 3 4 4 4 4 4 4 4 4 5 5 5 5 5 5 4 4 4 4 4 4 5 4 4 4 4 4 7 12 17 11 11 11 12 
53 51 47 43 39 40 43 46 51 54 52 52 51 51 43 33 14 10 6 6 8 8 8 7 7 5 4 3 3 3 3 3 2 3 4 4 6 6 6 6 5 6 6 6 6 6 5 4 4 4 4 4 4 4 4 4 4 4 4 7 12 15 14 12 13 13 
53 51 46 42 40 39 41 46 51 54 53 53 53 52 42 30 12 8 6 6 9 9 8 8 7 5 5 5 4 4 3 3 3 3 4 4 6 6 6 6 5 6 6 6 6 6 5 4 4 4 4 4 5 5 4 4 4 4 4 7 12 17 14 10 12 13 
53 51 45 40 38 38 41 45 50 52 52 52 53 51 35 21 9 6 6 5 8 8 7 8 7 7 5 5 5 5 3 3 3 3 4 4 4 5 6 6 6 6 6 6 6 6 5 4 4 4 4 4 5 5 5 4 4 4 4 5 10 17 12 9 11 12 
51 49 44 40 39 38 41 44 48 51 51 51 54 49 29 15 8 6 6 5 6 8 7 7 7 7 5 5 5 5 3 3 3 3 4 4 4 5 6 6 7 5 6 6 6 6 4 4 4 4 4 4 5 5 5 4 3 4 4 4 11 16 14 10 13 13 
51 47 43 39 39 39 40 44 47 50 50 51 52 46 25 13 6 5 5 6 7 7 7 9 9 9 9 8 6 6 5 4 2 2 2 3 4 6 6 6 6 6 5 5 4 4 4 4 4 4 4 4 4 5 5 4 3 3 4 7 15 17 17 13 12 13 
50 47 43 39 40 40 40 44 48 51 51 51 47 45 22 12 5 5 6 8 9 11 12 14 14 14 16 16 13 12 10 8 3 3 4 3 5 5 6 6 6 6 5 4 4 4 4 4 4 4 4 4 4 5 5 3 3 4 5 7 12 18 16 11 13 15 
51 47 43 40 40 39 40 45 50 53 51 49 46 44 16 9 4 5 6 10 14 17 21 22 24 24 25 26 25 23 17 12 9 8 5 4 5 5 6 6 6 6 5 4 4 4 4 4 4 4 4 4 4 4 4 4 4 4 4 11 26 27 19 10 12 15 
53 50 44 40 39 38 40 46 53 58 54 51 47 43 13 9 5 6 6 10 17 24 26 29 30 31 30 30 29 27 22 17 13 11 7 4 5 5 6 6 6 6 5 4 4 4 4 4 4 4 4 4 4 5 7 5 7 3 9 42 85 57 24 11 12 15 
54 51 45 40 39 39 40 47 57 62 58 52 45 36 11 8 5 8 9 9 19 28 28 29 31 31 30 30 28 25 24 21 15 11 5 4 4 4 6 6 6 6 5 4 4 4 4 4 4 4 4 4 4 5 4 7 7 4 22 90 157 97 25 11 13 15 
57 53 49 42 39 40 41 50 60 65 60 53 45 35 10 8 8 9 12 12 22 30 29 26 29 29 29 30 28 25 23 19 15 10 5 4 4 4 6 6 6 6 5 4 4 4 4 4 4 4 4 4 4 4 2 4 7 4 19 108 183 123 24 11 11 12 
57 53 49 43 40 40 43 50 59 66 60 53 45 33 9 8 6 10 16 20 25 30 30 27 28 28 29 29 26 24 22 18 12 9 6 6 4 4 6 6 6 6 6 5 5 5 4 4 4 5 5 5 5 4 3 4 7 4 10 79 142 96 20 11 11 12 
58 54 49 44 43 41 43 47 58 67 59 51 43 29 8 8 5 10 18 26 29 30 30 27 28 28 29 28 26 24 21 17 11 8 8 6 5 4 6 6 6 6 6 5 5 5 5 5 5 5 5 5 5 5 4 4 7 5 7 39 77 61 15 10 12 13 
57 53 50 45 40 40 43 45 50 50 56 45 25 12 9 7 5 10 20 29 30 31 30 29 29 28 28 28 24 23 19 16 10 5 8 6 5 5 5 5 5 5 6 5 5 5 5 5 5 5 5 5 5 5 4 5 5 4 10 30 38 19 20 11 12 13 
56 53 50 45 39 39 43 45 49 50 52 42 24 12 9 7 6 11 25 32 32 31 30 29 29 28 29 28 25 24 21 16 10 7 6 6 5 5 5 5 5 5 6 5 5 5 5 5 5 5 5 5 5 5 4 5 5 4 6 12 14 16 16 12 11 12 
54 53 51 46 38 38 43 44 49 50 50 38 22 12 8 8 8 16 28 33 36 33 31 29 29 29 29 28 25 25 22 16 12 8 6 6 5 5 5 5 5 5 6 5 5 5 4 4 4 4 4 4 5 5 5 6 6 4 7 14 15 16 14 12 10 11 
54 53 50 45 38 38 43 44 47 50 47 36 22 12 8 9 11 21 30 36 37 34 32 30 29 29 29 28 28 26 22 15 11 8 6 6 5 5 5 5 5 5 6 5 5 5 4 4 4 4 4 4 5 5 5 6 6 4 6 11 12 14 14 11 11 12 
53 52 50 45 38 36 43 43 47 49 46 33 21 11 7 9 13 25 33 37 36 33 31 30 29 29 29 29 29 26 23 15 11 9 6 6 5 5 6 6 5 5 5 4 4 4 4 4 4 4 4 4 4 4 5 6 5 4 5 12 14 15 12 11 11 14 
52 51 50 45 37 35 42 42 46 47 45 31 18 10 6 7 11 25 36 39 38 33 31 30 30 30 30 29 29 26 21 14 9 8 6 6 4 4 5 5 4 4 4 4 4 4 4 4 4 4 4 4 4 4 5 5 5 4 6 12 14 14 11 11 11 14 
52 51 48 45 38 37 42 42 45 46 44 30 17 11 7 7 15 29 36 39 37 35 32 32 32 31 30 29 29 25 19 11 6 6 5 4 4 4 4 4 4 4 4 4 4 4 4 4 4 4 4 4 4 4 5 6 6 4 5 14 14 14 11 11 12 14 
52 51 48 45 38 39 42 42 45 45 43 30 17 12 7 11 22 33 37 38 38 37 35 33 33 31 30 30 29 22 17 9 5 5 7 7 5 4 4 4 4 4 4 4 4 4 4 4 4 4 4 4 4 4 5 6 6 5 7 14 14 14 11 11 11 14 
51 50 47 44 39 40 42 43 44 45 42 30 17 10 9 14 26 36 39 40 39 38 37 35 33 32 31 31 28 18 11 7 4 3 5 7 5 4 4 4 4 4 5 5 5 5 4 4 4 4 4 4 4 4 5 5 5 5 9 15 15 13 13 12 12 13 
51 50 46 43 40 41 42 43 44 45 43 31 23 16 12 18 33 40 40 40 39 38 37 35 33 33 32 31 25 15 9 7 4 4 5 5 5 4 4 4 4 4 5 5 5 5 4 4 4 4 4 4 4 4 5 5 5 5 9 15 15 13 13 12 12 13 
50 49 46 43 38 40 42 43 44 45 43 33 29 26 26 31 40 43 39 39 38 37 36 36 35 33 32 30 24 13 9 6 4 5 5 5 6 5 4 4 4 4 4 4 4 4 4 4 4 4 4 4 4 4 5 5 4 5 9 15 13 13 13 12 11 12 
50 49 45 42 38 40 43 43 44 45 44 37 37 39 44 46 50 45 40 38 38 36 37 37 36 33 33 29 20 11 6 5 5 5 5 5 6 5 4 4 4 4 4 4 4 4 4 4 4 4 4 4 4 4 5 5 4 5 9 15 13 13 13 12 11 12 
50 49 45 42 38 40 43 44 45 46 46 44 42 46 52 53 52 47 40 38 38 36 37 37 37 33 30 23 15 8 5 4 4 5 5 5 5 4 4 4 4 4 4 4 4 4 4 4 4 4 4 4 4 4 5 5 4 5 9 15 15 13 12 12 11 12 
51 49 46 44 40 40 43 44 46 47 46 42 43 46 54 58 53 46 40 37 37 36 36 37 36 31 25 18 12 7 4 3 3 5 5 4 5 4 4 4 4 4 4 4 4 4 4 4 4 4 4 4 4 4 5 5 4 5 9 15 15 13 13 12 11 12 
53 52 50 46 44 43 45 46 47 50 49 42 43 47 54 58 51 45 39 37 36 37 36 36 33 30 25 19 13 8 4 3 4 5 6 5 5 4 4 4 4 4 4 4 4 4 4 4 4 4 4 4 4 4 5 5 4 5 8 15 15 12 12 11 11 12 
56 54 52 49 47 45 46 49 51 53 52 46 45 47 57 56 49 43 38 37 37 37 37 36 32 29 25 22 16 8 5 4 4 5 6 6 5 5 5 5 5 5 4 4 4 4 4 4 4 4 4 4 4 4 5 5 5 5 8 15 15 12 10 11 11 12 
56 56 56 51 47 46 47 51 54 56 54 52 50 52 54 55 48 44 38 37 37 37 36 33 30 29 28 25 18 9 5 4 4 5 6 6 6 5 4 4 4 4 5 5 5 5 4 4 4 4 4 4 4 4 4 5 5 5 8 13 13 12 11 11 11 12 
58 58 60 52 47 46 51 59 63 63 60 58 56 56 57 58 50 43 36 37 37 37 36 32 29 29 30 28 22 9 5 4 4 4 5 6 6 5 4 4 4 4 5 5 5 5 4 4 4 4 4 4 4 4 4 5 5 5 8 13 13 13 11 11 11 11 
65 66 66 57 48 48 55 64 67 71 69 66 61 60 61 61 51 40 37 37 36 37 35 30 26 30 33 31 23 8 5 4 4 4 4 5 5 4 4 4 4 4 5 5 5 5 4 4 4 4 4 4 4 4 4 5 5 5 8 13 13 13 12 12 11 13 
72 69 68 58 50 50 59 67 71 76 76 74 66 64 65 63 50 39 37 37 36 37 35 30 28 31 34 32 23 8 5 4 4 4 4 5 5 4 4 4 4 4 5 5 5 5 4 4 4 4 4 4 4 4 4 5 5 5 8 13 13 13 12 12 12 13 
72 67 67 57 48 48 58 66 76 80 80 79 71 69 66 60 46 36 37 37 35 33 32 30 29 32 38 35 21 7 5 5 5 5 5 5 5 5 5 5 5 5 5 5 5 5 4 4 4 4 4 4 4 4 4 5 5 5 8 13 13 13 12 12 12 12 
66 62 60 52 45 45 57 65 75 79 79 76 71 66 65 54 42 35 36 37 33 30 29 29 31 37 45 37 21 7 5 5 5 5 5 5 5 5 5 5 5 5 5 5 5 5 4 4 4 4 4 4 4 4 4 5 5 5 8 13 13 15 13 13 12 12 
53 51 51 45 38 42 47 55 64 67 73 73 67 65 64 50 40 36 36 36 33 29 27 30 32 40 47 35 16 5 5 5 5 5 5 5 5 5 5 5 5 5 5 5 5 5 4 4 4 4 4 4 4 4 4 5 5 5 8 13 13 15 13 13 12 13 
44 42 43 38 33 39 37 45 50 55 64 65 64 66 60 49 39 37 36 36 31 27 27 31 33 36 39 25 9 5 5 5 5 5 5 5 5 5 5 5 5 5 5 5 5 5 4 4 4 4 4 4 4 4 5 5 5 6 9 13 15 15 13 13 13 13 
26 26 30 31 32 36 37 39 40 44 47 50 60 67 61 46 37 36 35 33 32 29 28 31 32 30 21 9 7 5 5 5 5 5 5 5 5 5 5 5 5 5 5 5 5 5 4 4 4 4 4 4 4 4 4 4 4 5 8 13 13 13 12 11 12 12 
19 22 24 27 26 27 27 30 30 33 38 47 60 68 60 44 37 35 35 35 32 28 28 33 32 22 15 9 7 5 5 5 5 5 5 7 7 5 5 5 5 5 5 5 5 5 4 4 4 4 4 4 4 4 4 4 4 5 8 12 13 13 12 11 12 12 
15 17 19 21 22 23 22 22 21 24 31 45 60 71 56 40 36 36 35 32 30 25 30 37 32 20 12 11 9 6 5 5 5 5 5 7 7 5 5 5 5 5 5 5 5 5 4 4 4 4 4 4 4 4 4 4 4 5 8 12 13 15 12 12 13 13 
15 18 17 17 17 17 17 16 15 17 24 42 62 71 52 39 35 35 33 29 25 24 29 33 31 19 10 8 6 6 5 5 5 5 5 7 7 5 5 5 5 5 5 5 5 5 4 4 4 4 4 4 4 4 4 4 4 5 8 12 13 15 12 12 13 13 
15 18 18 16 15 15 16 15 14 15 22 38 62 68 50 38 37 35 33 30 28 25 26 23 16 10 8 5 4 5 5 5 5 5 5 7 7 5 5 5 5 5 5 5 5 5 4 4 4 4 4 4 4 4 4 4 4 5 8 12 12 12 11 11 13 12 
16 18 18 17 15 15 15 14 14 12 21 43 64 62 45 37 36 33 32 31 28 22 19 13 7 2 5 5 4 5 5 5 5 5 5 7 7 5 5 5 5 5 5 5 5 5 4 4 4 4 4 4 4 4 4 4 4 5 8 13 12 12 11 11 13 12 
16 17 21 16 15 14 15 15 15 12 21 51 63 56 40 35 33 32 31 30 27 19 11 7 3 3 3 4 5 6 5 5 5 5 5 7 7 5 5 5 5 5 5 5 5 5 4 4 4 4 4 5 4 4 4 4 4 5 8 12 11 11 10 10 12 12 
16 17 18 17 16 15 15 15 15 14 28 56 63 51 38 35 33 31 30 29 26 16 7 5 4 4 5 4 5 6 5 5 5 5 5 5 5 5 5 5 5 5 5 5 5 5 4 4 4 5 5 5 4 4 5 5 5 5 6 9 10 11 10 11 12 12 
16 16 17 16 16 15 15 16 16 15 33 58 64 47 35 32 31 29 27 26 19 12 9 8 8 7 5 4 5 5 4 4 4 4 4 5 5 4 4 4 4 4 4 4 4 4 5 5 4 5 5 5 5 4 5 5 5 4 6 8 10 11 12 12 12 11 
16 16 17 16 16 15 16 16 16 17 37 61 60 44 33 32 30 28 27 24 19 15 10 9 7 5 5 5 6 6 4 4 4 4 4 4 4 4 4 4 4 4 4 4 4 4 5 5 4 5 5 5 5 4 5 6 6 4 4 7 12 15 17 15 11 10 
17 16 16 15 16 16 17 17 17 23 50 67 54 38 32 31 29 28 26 24 21 15 10 9 7 5 5 5 6 6 4 4 4 4 4 4 4 4 4 4 4 4 4 4 4 4 4 4 4 5 5 5 5 4 4 6 6 4 4 17 37 39 15 11 12 10 
16 16 16 16 16 17 17 18 21 36 58 66 51 36 31 30 29 28 26 25 21 15 9 5 5 5 5 5 6 6 4 4 4 4 4 4 4 4 4 4 4 4 4 4 4 4 4 4 4 5 5 5 5 4 4 5 7 6 7 23 48 50 15 10 15 14 
18 18 17 17 17 17 17 19 26 40 57 57 45 37 31 30 29 29 27 25 22 15 8 4 5 6 6 6 6 6 4 4 4 4 4 4 4 4 4 4 4 4 4 4 4 4 4 4 4 4 5 5 4 4 4 5 6 5 7 17 32 34 15 14 15 14 
21 18 18 18 17 17 17 21 26 39 53 47 38 36 32 30 29 29 26 26 23 12 5 3 5 6 6 6 6 6 4 4 4 4 4 4 4 4 4 4 4 4 4 4 4 4 4 4 4 5 5 5 5 4 4 4 4 4 6 9 17 16 15 14 15 14 
21 21 18 17 17 18 19 22 27 43 53 40 34 34 32 31 31 30 26 26 22 9 4 3 5 8 6 6 6 6 4 4 4 4 4 4 4 4 4 4 4 4 4 4 4 4 4 4 4 5 5 5 5 4 4 4 4 6 5 8 15 15 12 14 14 14 
22 22 18 17 18 19 21 19 31 48 53 38 30 33 32 33 35 30 28 29 19 5 3 3 6 8 6 6 6 6 4 4 4 4 4 4 4 4 4 4 4 4 4 4 4 4 4 4 4 4 5 5 4 4 4 4 5 5 5 12 19 16 12 11 12 15 
21 25 22 16 16 18 22 24 41 58 53 37 29 32 33 33 36 33 31 29 19 5 3 3 5 7 6 6 6 6 4 4 4 4 4 4 4 4 4 4 4 4 4 4 4 4 4 4 4 4 5 5 4 4 4 4 5 5 6 10 17 16 12 12 14 15 
19 22 21 17 15 17 23 36 60 72 56 35 30 31 31 36 38 27 28 25 17 8 4 4 5 5 5 5 5 6 4 4 4 4 4 4 4 4 4 4 4 4 4 4 4 4 4 4 4 5 5 4 4 4 4 4 4 5 7 10 16 13 13 12 12 15 
19 18 17 17 15 17 31 52 73 72 50 32 31 30 31 42 43 27 28 24 15 8 5 4 5 5 6 5 6 6 4 4 4 4 4 4 4 4 4 4 4 4 4 4 4 4 4 4 4 4 4 4 4 4 4 4 4 5 7 11 16 15 13 12 12 15 
18 17 16 17 18 18 35 66 78 62 38 30 32 31 31 40 38 27 28 22 13 8 4 5 5 5 6 5 6 6 4 4 4 4 4 4 4 4 4 4 4 4 4 4 4 4 4 4 4 4 4 4 4 4 4 4 4 5 7 11 15 13 13 12 12 15 
18 19 19 19 21 25 51 78 74 53 35 31 31 30 31 31 26 24 24 18 11 8 5 5 6 6 5 5 4 4 4 4 4 4 4 4 4 4 4 4 4 4 4 4 4 4 4 4 4 4 4 4 4 4 4 4 4 5 7 10 15 13 12 13 14 15 
19 22 23 24 22 38 74 85 68 47 35 31 30 30 29 28 23 23 23 16 10 6 5 5 6 6 5 5 4 4 4 4 4 4 4 4 4 4 4 4 4 4 4 4 4 4 4 4 4 4 4 4 4 4 4 4 4 5 7 11 16 15 13 12 14 16 
21 22 24 22 29 52 74 73 57 43 33 30 29 29 31 30 24 23 21 14 9 6 8 6 6 5 5 5 4 4 4 4 4 4 4 4 4 4 4 4 4 4 4 4 4 4 4 4 4 4 4 4 4 4 4 4 4 5 7 11 16 15 13 12 13 17 
22 23 24 17 37 62 67 57 45 38 32 29 28 29 32 31 25 24 21 12 8 8 9 8 6 5 5 5 4 4 4 4 4 4 4 4 4 4 4 4 4 4 4 5 5 5 4 5 4 4 4 4 4 4 5 4 4 5 7 11 16 15 15 13 13 16 
23 24 24 40 59 68 56 40 34 34 29 26 28 30 30 30 24 23 18 10 8 8 9 8 5 4 4 4 4 5 5 5 5 5 5 5 5 5 5 6 5 5 5 5 6 6 4 4 4 4 4 4 4 4 5 5 5 5 7 11 16 13 13 13 12 15 
23 23 30 49 62 62 47 36 33 31 25 25 28 29 30 28 23 23 17 8 6 8 8 6 5 4 4 4 4 5 5 5 5 5 5 5 5 5 5 6 5 5 5 5 6 6 4 4 4 4 4 4 4 4 5 5 5 5 7 11 16 15 13 13 14 14 
24 23 33 44 51 47 37 35 35 29 22 23 26 29 30 26 22 22 16 6 6 8 7 5 5 4 4 4 4 5 5 5 5 5 5 5 5 5 5 6 5 5 5 5 6 6 4 4 4 4 4 4 4 4 5 5 5 6 8 12 17 15 13 12 12 12 
25 25 30 36 39 37 32 36 36 31 22 22 25 29 29 25 21 18 11 4 5 8 5 5 5 4 4 4 4 5 5 5 5 5 5 5 5 5 5 6 5 5 5 5 6 6 4 4 4 4 4 4 4 4 5 5 5 5 7 12 17 15 13 13 12 12 
26 26 26 31 37 37 35 37 36 29 21 21 26 30 29 24 17 16 9 4 4 6 5 5 5 4 4 4 4 5 5 5 5 5 5 5 5 5 5 5 5 5 5 6 6 6 6 6 5 5 5 5 5 6 5 4 4 4 8 14 16 14 13 12 12 12 
26 25 28 32 37 37 37 37 36 29 18 17 25 30 29 23 15 12 6 4 6 6 5 5 5 4 4 4 4 5 5 5 5 5 5 5 5 5 5 5 5 5 5 6 6 6 6 6 5 5 5 5 5 6 5 4 4 4 8 14 16 14 13 13 12 14 
25 24 27 33 36 36 36 36 35 26 16 15 25 28 26 21 12 8 3 4 6 6 5 5 5 4 4 4 4 5 5 5 5 5 5 5 5 5 5 5 5 5 5 6 6 6 6 6 5 5 5 5 5 6 5 4 4 4 7 12 15 14 13 12 12 14 
23 24 27 31 37 37 35 36 31 22 12 14 24 26 24 18 10 5 4 4 4 5 4 4 4 4 4 4 4 5 5 5 5 5 5 5 5 5 5 5 5 5 5 6 6 6 6 6 5 5 5 5 5 6 5 4 4 4 7 12 15 14 13 12 14 15 
24 25 25 31 37 36 33 35 29 19 11 12 24 25 22 18 11 5 4 3 4 4 5 5 5 5 5 5 4 4 5 5 5 5 5 5 5 5 5 5 5 5 5 6 6 6 6 6 5 5 5 5 5 6 5 4 4 4 7 11 14 14 13 12 13 15 
23 24 25 30 36 34 33 32 28 19 9 10 23 24 19 16 10 5 4 3 3 4 4 4 4 5 6 5 4 4 5 5 5 5 5 5 5 5 5 5 5 5 5 6 6 6 6 6 5 5 5 5 5 6 5 4 4 4 5 11 14 14 13 13 13 15 
23 24 24 30 33 33 32 30 24 16 8 11 24 25 21 15 7 4 4 4 3 4 4 4 4 4 4 4 4 4 5 5 5 5 5 5 5 5 5 5 5 5 5 6 6 6 6 6 5 5 5 5 6 8 5 4 4 4 5 12 15 14 13 13 13 15 
