43 43 44 44 44 43 39 35 31 28 29 31 32 34 33 32 31 30 26 24 24 25 26 34 40 39 33 34 30 30 18 9 14 23 20 16 11 8 9 10 15 25 35 39 40 33 4 1 1 1 1 2 2 2 2 2 2 2 2 1 1 1 1 1 1 1 1 1 1 1 1 1 1 1 1 1 1 0 2 1 2 2 1 1 2 2 1 2 2 2 2 2 2 2 2 3 4 5 5 
42 43 44 45 45 43 40 36 31 29 30 32 36 37 38 40 40 39 34 31 35 36 38 45 48 49 43 37 33 29 19 11 16 23 20 16 11 10 12 13 20 30 40 51 52 44 17 7 1 1 1 2 2 2 2 2 2 2 2 1 1 1 1 1 1 1 1 1 1 1 1 1 1 1 1 1 1 0 1 1 1 1 1 1 1 0 1 1 1 1 1 1 2 1 1 2 2 3 4 
42 42 43 44 44 43 40 36 32 31 32 36 39 42 44 47 51 51 47 45 47 50 51 54 54 57 54 43 37 31 23 17 16 22 19 15 12 15 15 18 26 38 49 60 69 52 25 10 0 1 1 2 2 2 2 2 2 2 2 1 1 1 1 1 1 1 1 1 1 1 1 1 1 1 1 0 1 1 1 0 1 1 0 1 0 0 0 0 1 1 1 1 2 2 2 3 3 4 4 
39 40 42 43 42 42 40 37 32 32 33 37 42 44 49 52 56 58 57 56 56 56 57 60 60 63 60 51 42 35 30 22 16 18 17 14 14 16 16 19 38 54 66 76 87 72 29 8 1 1 1 2 2 2 2 2 2 2 2 1 1 1 1 1 1 1 1 1 1 1 1 1 1 1 1 1 1 0 1 0 1 1 0 0 0 0 0 0 0 0 0 0 1 1 1 2 1 2 3 
38 38 39 40 40 42 39 37 33 32 34 38 45 49 56 57 58 60 60 60 59 60 61 63 64 65 65 58 46 36 35 25 17 18 15 11 11 16 17 29 55 78 95 107 107 84 28 7 1 1 1 2 2 2 2 2 2 2 2 1 1 1 1 1 1 1 1 1 1 1 1 1 1 1 1 1 1 0 1 0 1 1 0 0 0 0 0 0 0 0 0 0 1 1 1 1 1 2 2 
37 38 38 39 39 39 39 37 33 33 33 40 46 51 59 58 59 64 64 63 63 63 64 65 66 70 77 65 49 33 36 26 22 19 15 10 10 12 19 44 75 102 113 117 113 86 28 2 1 2 1 2 2 2 2 2 2 2 2 1 1 1 1 1 1 1 1 1 1 1 1 1 1 1 1 1 1 0 1 0 1 1 0 0 0 0 0 0 0 0 0 0 0 0 0 0 1 1 2 
36 37 37 38 39 39 39 37 35 33 33 40 54 59 65 67 70 73 72 72 73 72 73 73 73 82 102 80 50 33 34 25 22 18 15 11 11 15 24 50 89 117 117 108 110 84 31 1 1 2 1 2 2 2 2 2 2 2 2 1 1 1 1 1 1 1 1 1 1 1 1 1 1 1 1 1 1 0 1 0 1 0 0 0 0 0 0 0 0 0 0 0 0 0 0 0 0 1 1 
36 36 37 37 38 39 39 37 35 35 35 45 64 72 80 85 88 92 92 89 89 87 87 89 86 102 125 89 54 32 33 25 23 18 15 12 13 17 26 51 92 115 103 87 93 56 17 1 2 3 2 2 2 2 2 2 2 2 2 1 1 1 1 1 1 1 1 1 1 1 1 1 1 1 1 1 1 1 1 0 1 0 0 0 0 0 0 0 0 0 0 0 0 0 0 0 0 1 1 
36 35 36 38 39 39 39 38 36 37 38 47 70 91 97 103 108 109 115 111 112 114 116 121 117 132 121 72 36 31 31 25 22 18 13 11 12 18 28 59 92 84 63 53 62 66 26 3 3 3 3 2 2 2 2 2 2 2 1 1 1 1 1 1 1 1 1 1 1 1 1 1 1 1 1 1 1 0 0 0 0 0 0 0 0 0 0 0 0 0 0 0 0 0 0 0 0 0 0 
36 35 37 39 39 39 39 39 37 38 44 64 96 122 137 143 149 151 156 166 164 162 162 171 176 178 146 93 50 32 31 25 22 17 13 11 12 18 35 68 88 80 60 51 60 67 29 5 3 3 3 2 2 2 2 2 2 2 2 1 1 1 1 1 1 1 1 1 1 1 1 1 1 1 1 1 1 0 0 0 0 0 0 0 0 0 0 0 0 0 0 0 0 0 0 0 0 0 0 
38 35 38 40 40 40 40 40 39 40 55 96 150 184 205 205 213 213 215 222 224 224 226 229 231 229 192 115 59 33 31 26 22 16 13 11 12 19 44 74 81 71 53 46 58 71 31 8 5 4 3 2 2 2 2 2 2 2 2 1 1 1 1 1 1 1 1 1 1 1 1 1 1 1 1 1 1 1 0 0 0 0 0 0 0 0 0 0 0 0 0 0 0 0 0 0 0 0 0 
38 37 38 40 40 40 40 40 42 45 72 142 210 235 252 250 250 250 250 250 250 251 253 254 253 254 228 141 66 39 31 28 22 16 13 12 14 23 49 74 77 65 49 44 58 73 36 9 4 4 3 2 2 2 2 2 2 2 2 2 2 1 1 1 1 1 1 1 1 1 1 1 1 1 1 1 1 1 0 0 0 0 0 0 0 0 0 0 0 0 0 0 0 0 0 0 0 0 0 
37 37 38 40 40 40 40 43 42 48 94 185 248 249 251 252 250 250 251 251 250 251 252 253 252 254 241 160 74 40 31 28 22 14 12 13 13 28 52 68 67 56 40 42 58 71 35 10 5 4 4 2 2 2 2 2 2 2 2 2 2 1 1 1 1 1 1 1 1 1 1 1 1 1 1 1 1 1 0 0 0 0 0 0 0 0 0 0 0 0 0 0 0 0 0 0 0 0 0 
37 38 38 40 40 42 43 43 42 52 111 207 254 250 249 249 250 250 250 250 252 251 252 251 251 253 238 167 79 44 32 29 22 14 12 13 13 39 57 64 58 51 38 42 59 72 39 12 5 4 4 2 2 2 2 2 2 2 2 2 2 1 1 1 1 1 1 1 1 1 1 1 1 1 1 1 1 1 0 0 0 0 0 0 0 0 0 0 0 0 0 0 0 0 0 0 0 0 0 
37 38 40 40 40 42 43 45 42 52 125 215 253 250 249 249 251 250 249 247 247 251 253 249 248 249 230 158 79 49 31 29 24 15 14 13 13 51 59 59 49 45 36 42 59 74 45 15 5 4 4 2 2 2 2 2 2 2 2 2 2 1 1 1 1 1 1 1 1 1 1 1 1 1 1 1 1 1 0 0 0 0 0 0 0 0 0 0 0 0 0 0 0 0 0 0 0 0 0 
37 38 40 40 42 43 43 45 43 52 125 214 252 250 250 250 251 251 249 248 249 251 253 254 249 231 195 125 67 52 32 30 26 16 14 13 15 60 54 46 44 42 36 40 58 74 48 18 7 4 4 2 2 2 2 2 2 2 2 2 2 1 1 1 1 1 1 1 1 1 1 1 1 1 1 1 1 1 0 0 0 0 0 0 0 0 0 0 0 0 0 0 0 0 0 1 1 0 1 
37 39 39 40 42 43 44 45 45 51 107 203 253 249 249 250 251 251 249 249 251 251 252 252 244 241 180 90 54 44 30 28 26 15 8 17 29 58 51 42 42 40 39 42 57 75 46 16 5 3 3 2 2 2 2 2 2 2 2 2 2 1 1 1 1 1 1 1 1 1 1 1 1 1 1 1 1 1 0 0 0 0 0 0 0 0 0 0 0 0 0 0 0 0 1 3 3 2 2 
37 39 40 40 42 44 44 45 45 51 94 188 252 249 249 249 250 250 249 249 250 250 251 252 248 235 169 79 40 39 28 25 26 23 16 26 42 57 51 44 43 42 42 42 56 74 49 17 5 4 3 2 2 2 2 2 2 2 2 2 2 1 1 1 1 1 1 1 1 1 1 1 1 1 1 1 1 1 0 0 0 0 0 0 0 0 0 0 0 0 0 0 0 1 6 12 8 3 1 
38 39 40 42 43 44 44 45 44 52 77 166 243 248 248 250 250 249 250 250 250 250 251 250 248 217 139 63 40 35 25 23 24 12 24 59 81 57 50 45 44 43 43 42 53 74 54 19 7 4 3 2 2 2 2 3 3 2 2 2 2 1 1 1 1 1 1 2 2 1 1 1 1 1 1 1 1 1 0 0 0 0 0 0 0 0 0 0 0 0 0 0 0 0 13 22 15 2 1 
39 40 40 42 43 43 42 43 43 42 72 157 235 249 248 250 250 250 250 250 250 250 250 249 249 214 127 58 45 38 28 24 24 19 33 75 93 60 52 46 43 43 43 43 54 73 57 22 8 4 3 2 2 2 2 3 3 2 2 2 2 1 1 1 1 1 1 2 2 1 1 1 1 1 1 1 1 1 0 0 0 0 0 0 0 0 0 0 0 0 0 0 0 2 25 39 30 4 1 
39 40 40 40 43 40 40 40 39 38 63 146 233 249 248 250 250 251 250 249 248 249 250 249 248 212 134 51 38 37 31 30 26 29 52 84 86 61 53 45 44 44 44 43 56 79 61 30 9 4 3 2 2 2 2 2 2 2 2 2 2 1 1 1 1 1 1 2 2 1 1 1 1 1 1 1 1 1 0 0 0 0 0 0 0 0 0 0 0 0 0 0 0 5 42 66 44 4 2 
38 39 42 42 43 42 40 39 40 44 58 143 233 248 248 250 251 251 250 250 250 251 252 251 248 208 125 43 38 37 36 34 29 32 66 89 81 60 54 46 45 45 45 43 56 80 67 32 9 4 4 2 2 2 2 2 2 2 2 2 2 1 1 1 1 1 1 2 2 1 1 1 1 1 1 1 1 1 0 0 0 0 0 0 0 0 0 0 0 0 0 0 0 11 49 70 44 4 2 
39 40 42 42 42 40 40 41 41 44 64 148 230 248 248 250 250 250 250 251 251 251 252 251 247 194 118 45 35 29 31 29 25 39 78 100 90 60 56 47 48 45 43 43 56 80 67 32 9 4 4 2 2 2 2 2 2 2 2 2 2 1 1 1 1 1 1 2 2 1 1 1 1 1 1 1 1 1 0 0 0 0 0 0 0 0 0 0 0 0 0 0 0 15 57 77 44 6 3 
39 40 42 42 42 40 42 43 43 44 67 146 228 248 248 250 250 250 250 251 251 251 252 252 248 188 111 50 33 16 22 26 26 49 85 107 99 68 57 51 51 46 42 42 53 82 72 36 9 4 4 2 2 3 2 2 2 2 2 2 2 1 1 1 1 1 1 2 2 1 1 1 1 1 1 1 1 1 0 0 0 0 0 0 0 0 0 0 0 0 0 0 0 24 64 78 42 6 4 
40 42 42 42 42 40 42 42 42 43 67 144 228 247 248 250 250 250 250 250 250 250 252 252 245 185 100 47 30 11 19 24 24 89 163 174 130 77 52 45 51 48 43 43 51 85 72 36 9 4 4 2 2 2 2 2 2 2 2 2 2 2 2 1 1 1 1 1 1 1 1 1 1 1 1 1 1 1 1 0 0 0 0 0 0 0 0 0 0 0 0 1 1 32 67 78 39 7 4 
40 42 42 40 40 39 40 40 39 40 62 137 226 247 248 250 250 250 250 250 250 250 251 250 242 178 87 40 23 26 23 25 33 108 188 207 177 94 66 57 51 50 45 45 50 84 67 31 7 5 4 2 2 2 2 2 2 2 2 2 2 2 2 1 1 1 1 1 1 1 1 1 1 1 1 1 1 1 1 0 0 0 0 0 0 0 0 0 0 0 0 1 4 36 70 78 39 6 4 
40 42 42 40 39 38 39 40 38 38 59 135 223 246 247 250 250 250 250 249 250 249 249 248 234 162 78 43 35 31 36 42 67 152 220 234 205 145 93 61 52 50 47 50 54 85 71 32 5 5 4 2 2 2 2 2 2 2 2 2 2 2 2 2 2 1 1 1 1 1 1 1 1 1 1 1 1 1 1 0 0 0 0 0 0 0 0 0 0 0 0 1 9 39 73 79 39 6 4 
39 40 40 39 39 39 39 39 38 36 58 137 223 246 247 250 250 250 250 249 249 249 249 249 229 152 70 36 33 47 67 93 132 227 255 254 220 198 134 76 51 47 51 55 58 86 88 46 9 5 4 2 2 2 2 2 2 2 2 2 2 2 2 2 2 1 1 1 1 1 1 1 1 1 1 1 1 1 1 0 0 0 0 0 0 0 0 0 0 1 1 1 12 49 78 79 39 7 4 
39 40 40 39 39 39 39 39 38 36 56 138 221 246 247 250 250 250 250 249 249 248 248 247 219 139 63 38 39 46 91 152 195 240 246 250 247 226 180 117 66 48 54 59 52 86 87 46 13 5 4 2 2 2 2 2 2 2 2 2 2 2 2 2 2 2 2 2 2 1 1 1 1 1 1 1 1 1 1 1 1 1 1 1 1 1 1 1 1 2 2 1 15 63 81 81 40 6 3 
39 39 39 39 39 38 39 39 38 28 53 139 216 246 247 250 250 250 250 249 248 247 247 242 194 115 56 51 64 124 164 217 240 248 248 248 246 240 221 171 103 62 51 52 46 86 80 38 10 5 3 2 2 2 2 2 2 2 2 2 2 2 2 2 2 2 2 2 2 1 1 1 1 1 1 1 1 1 1 1 1 1 1 1 1 1 1 1 1 2 2 1 28 71 86 81 40 6 3 
38 38 38 38 38 38 38 39 38 32 61 149 226 247 248 250 250 250 250 249 249 249 249 231 175 108 74 89 116 193 215 249 252 248 248 248 249 246 244 207 149 90 53 52 58 88 86 40 8 5 3 2 2 2 2 2 2 2 2 2 2 2 2 2 2 2 2 2 2 1 1 1 1 1 1 1 1 1 1 1 1 1 1 1 1 1 1 1 1 1 2 4 40 67 86 81 38 5 3 
38 38 38 38 38 38 38 39 37 39 77 164 238 247 248 250 250 250 250 250 251 250 250 229 178 147 149 181 199 219 230 251 252 248 248 248 250 249 245 230 198 142 89 57 46 89 88 45 9 5 5 2 2 2 2 2 2 2 2 2 2 2 2 2 2 2 2 2 2 1 1 1 1 1 1 1 1 1 1 1 1 1 1 1 1 1 1 1 1 1 3 11 47 70 88 81 36 5 3 
38 38 38 38 38 38 37 38 36 35 72 158 228 247 249 250 250 249 249 250 250 250 250 238 216 213 223 240 241 248 249 251 251 249 248 249 249 248 245 248 234 195 140 78 39 88 82 46 12 4 4 3 2 2 2 2 2 2 2 2 2 2 2 2 2 2 2 2 2 2 2 2 2 1 1 1 1 1 1 1 1 1 1 1 1 1 1 1 1 1 4 17 53 59 74 73 33 5 3 
38 38 38 38 38 37 37 38 36 37 80 169 235 247 248 250 250 249 249 249 250 250 250 248 250 248 248 247 247 249 249 251 251 249 250 249 249 248 251 252 249 229 189 136 88 87 87 49 15 4 4 3 2 2 2 2 2 2 2 2 2 2 2 2 2 2 2 2 2 2 2 2 2 1 1 1 1 1 1 1 1 1 1 1 1 1 1 1 1 1 8 28 58 71 87 77 33 5 2 
38 38 38 38 38 37 37 37 35 35 85 172 231 247 249 250 250 249 249 249 249 250 249 249 249 249 249 250 250 250 250 250 250 250 250 250 250 248 251 251 251 247 228 192 146 109 88 50 15 6 6 4 2 2 2 2 2 2 2 2 2 2 2 2 2 2 2 2 2 2 2 2 2 1 1 1 1 1 1 0 0 0 0 0 0 1 1 1 1 1 10 37 63 66 96 88 35 5 2 
38 38 38 38 39 38 37 37 35 36 88 177 236 247 249 250 250 249 249 249 249 250 249 249 249 249 249 250 250 250 250 250 250 250 250 250 250 250 250 251 251 251 249 234 201 169 111 50 17 10 9 4 2 3 2 2 2 2 2 2 2 2 2 2 2 2 2 2 2 2 2 2 2 1 1 1 1 1 1 0 0 0 0 0 0 1 1 1 1 1 15 47 63 66 96 90 37 5 2 
38 38 38 38 39 39 36 37 36 38 90 182 240 248 250 249 249 249 249 249 249 250 249 250 250 249 249 250 250 250 250 250 250 250 250 250 250 250 250 250 251 252 252 251 235 206 142 56 17 10 8 5 2 3 3 2 2 2 2 2 2 3 3 2 2 2 2 2 2 2 2 2 2 1 1 1 1 1 1 1 1 0 0 0 0 1 1 1 1 1 18 59 60 67 96 89 37 6 2 
37 38 38 38 39 39 35 37 37 39 93 186 244 246 250 249 249 249 249 249 249 250 249 250 250 249 249 250 250 250 250 250 250 250 250 250 250 249 250 251 251 251 251 251 245 229 160 61 26 14 8 5 4 3 3 2 2 2 2 2 2 3 3 2 2 2 2 2 2 2 2 2 2 1 1 1 1 1 1 1 1 1 1 1 1 2 2 2 2 2 30 65 58 66 92 84 35 5 3 
37 37 37 37 39 39 33 36 37 40 96 191 247 248 250 249 249 249 249 249 249 250 249 250 250 249 249 250 250 250 250 250 250 250 250 250 250 249 250 250 251 251 251 251 248 249 187 85 31 16 9 5 4 4 4 2 2 2 2 2 2 3 3 2 2 2 2 2 2 2 2 2 2 2 2 1 1 1 1 1 1 1 1 1 1 1 1 2 2 4 33 65 57 65 89 79 29 2 2 
37 37 37 37 39 39 33 36 37 42 93 192 247 248 250 249 249 249 249 249 249 250 249 250 250 249 249 250 250 250 250 250 250 250 250 250 250 249 250 250 251 251 251 251 250 248 208 116 41 16 10 7 4 4 4 2 2 3 3 3 3 3 3 2 2 2 2 2 2 2 2 2 2 2 2 1 1 1 1 1 1 1 1 1 1 1 1 3 3 5 37 64 56 64 87 75 25 1 2 
36 36 36 37 38 40 33 36 38 40 86 171 244 247 249 250 250 249 249 249 250 250 249 249 249 249 249 250 250 250 250 250 250 250 250 250 250 250 250 250 251 250 250 251 251 248 195 106 40 17 10 7 4 5 5 3 3 3 3 3 3 2 2 2 2 2 2 2 2 2 2 2 2 2 2 2 2 1 1 1 1 1 1 1 1 1 1 2 3 8 38 66 48 61 87 74 24 2 2 
36 36 36 36 38 39 34 36 36 40 84 171 240 248 249 250 250 249 249 249 249 249 249 249 249 249 249 250 250 250 250 250 250 250 250 250 250 250 250 250 250 250 250 251 251 249 216 141 59 18 11 7 4 5 5 3 3 3 3 3 3 2 2 2 2 2 2 2 2 2 2 2 2 2 2 2 2 1 1 1 1 1 1 1 1 1 1 1 1 9 44 67 50 59 86 71 20 1 2 
37 37 36 37 38 39 34 34 33 39 90 178 240 248 249 250 250 250 250 250 250 249 249 249 249 249 249 250 250 250 250 250 250 250 250 250 250 250 250 250 250 250 250 249 249 250 237 160 63 18 12 8 4 5 5 4 3 4 4 3 3 2 2 2 2 2 2 1 1 2 2 2 2 2 2 2 2 1 1 1 1 1 1 1 1 1 1 1 1 11 51 68 48 59 86 66 17 1 3 
36 36 36 37 38 38 37 36 32 39 94 184 241 248 249 250 250 250 250 250 250 249 249 249 249 249 249 250 250 250 250 250 250 250 250 249 249 250 250 250 250 250 250 249 250 253 231 142 47 14 11 7 3 4 5 4 4 4 4 3 3 2 2 2 2 2 2 1 1 2 2 2 2 2 2 2 2 1 1 1 1 1 1 1 1 1 1 0 0 14 58 68 54 60 87 61 12 2 3 
35 36 36 37 38 37 36 36 32 39 93 182 242 249 249 250 250 250 250 250 250 250 250 250 250 249 249 250 250 250 249 249 250 251 249 250 251 249 250 250 250 250 250 250 251 250 226 150 57 12 10 5 3 4 4 4 3 4 4 3 3 2 2 2 2 2 1 1 1 2 2 2 2 2 2 2 2 1 1 1 1 1 1 1 1 1 1 0 0 18 71 67 57 60 87 61 12 1 2 
35 36 34 36 37 37 37 36 33 39 89 179 241 249 249 250 250 250 250 250 250 250 250 250 250 249 249 250 250 249 250 251 252 252 251 251 251 250 251 251 251 251 251 250 249 246 226 153 59 14 11 4 3 5 4 3 3 4 4 3 3 2 2 2 2 2 1 1 1 2 2 2 2 2 2 2 2 1 1 1 1 1 1 1 1 1 0 0 0 21 72 61 52 62 87 55 10 1 2 
36 36 36 35 36 38 37 36 33 40 89 178 238 249 249 249 249 249 248 248 250 249 249 249 249 249 249 250 251 250 251 250 249 241 220 216 236 249 250 251 251 251 251 249 248 245 224 145 52 12 10 5 4 3 3 3 3 4 4 3 3 2 2 2 2 2 2 2 2 2 2 2 2 2 2 2 2 1 1 1 1 1 1 1 1 1 1 0 1 24 71 57 48 65 89 52 9 2 2 
37 37 37 38 39 38 38 37 35 43 96 185 242 249 249 251 250 251 250 250 250 250 250 251 251 251 250 251 250 250 242 233 220 180 149 149 182 214 226 233 238 238 241 241 243 238 196 107 32 12 10 8 5 4 3 3 3 4 4 3 3 2 2 2 2 2 2 2 2 2 2 2 2 2 2 2 2 1 1 1 1 1 1 1 1 1 1 0 1 26 67 52 40 67 90 51 8 2 2 
48 46 49 47 46 45 41 40 38 46 80 143 199 223 222 222 223 222 220 222 224 221 215 208 202 203 206 209 206 201 184 170 149 108 85 89 123 153 172 189 210 226 235 237 241 233 171 85 25 10 10 9 8 6 5 3 3 4 4 3 3 2 2 2 2 2 1 1 1 2 2 2 2 2 2 2 2 1 1 1 1 1 1 1 1 1 1 1 3 28 66 48 37 73 93 47 8 2 2 
121 120 120 117 108 101 91 86 80 75 88 122 166 195 195 191 189 192 188 191 193 189 178 173 166 160 158 158 156 148 135 121 103 92 85 94 124 137 152 177 206 229 243 244 243 230 171 82 18 8 7 6 5 5 4 3 3 4 4 3 3 2 2 2 2 2 1 1 1 2 2 2 2 2 2 2 2 1 1 1 1 1 1 1 1 1 1 2 5 32 65 48 37 82 96 45 6 2 2 
216 213 214 213 206 196 182 173 166 160 160 174 199 211 210 211 210 213 210 210 213 211 200 193 188 181 173 170 172 174 172 165 158 157 159 167 186 186 192 213 230 240 249 249 247 229 178 87 19 4 4 4 3 4 3 3 3 4 4 3 3 2 2 2 2 2 2 1 1 2 2 2 2 2 2 2 2 1 1 1 1 1 1 1 1 1 1 3 8 36 68 52 45 90 98 43 4 2 2 
253 251 251 251 250 245 240 234 231 229 230 232 239 242 242 243 245 245 244 244 244 243 241 237 232 230 227 223 223 227 229 231 230 228 229 230 235 236 237 243 249 247 249 249 249 232 188 100 32 8 4 3 3 3 3 4 3 4 4 3 3 2 2 2 2 2 2 1 1 2 2 2 2 2 2 2 2 1 1 1 1 1 1 1 1 1 1 3 11 44 72 52 51 95 93 37 5 2 2 
249 250 250 250 250 250 249 249 248 248 249 250 250 250 250 250 250 250 249 251 251 251 251 251 249 248 249 248 247 248 249 250 251 252 252 251 251 251 251 251 251 249 249 249 249 242 199 114 42 11 5 4 3 3 3 3 3 3 3 3 3 3 3 2 2 2 2 1 1 1 1 1 1 1 1 1 1 1 1 1 1 1 1 1 1 1 1 1 15 58 74 45 58 98 83 30 6 2 2 
248 249 250 249 249 249 250 251 250 249 249 249 249 248 248 249 248 247 248 249 249 249 249 250 249 249 249 249 249 250 249 249 250 251 251 250 250 251 250 249 249 249 249 249 249 247 203 116 42 15 10 7 4 3 3 3 3 3 3 3 3 3 3 2 2 2 2 1 1 1 1 1 1 1 1 1 1 1 1 1 1 1 1 1 1 0 1 1 16 57 69 43 60 95 78 25 6 2 2 
251 251 251 251 251 250 250 251 250 250 249 249 249 248 248 249 248 248 248 249 249 249 249 250 249 249 249 249 249 250 250 250 249 249 249 249 249 250 250 249 249 249 249 249 249 252 210 118 44 23 17 11 8 4 4 3 3 3 3 3 3 2 2 3 3 2 1 1 1 2 2 1 1 1 1 1 1 1 1 1 1 1 1 1 1 1 1 1 14 52 62 37 58 90 73 22 5 2 1 
251 251 250 251 251 250 249 250 250 250 249 249 249 249 249 249 249 249 248 249 249 249 249 250 250 249 250 250 249 250 250 250 249 249 249 249 249 250 250 249 249 249 249 248 249 253 212 121 46 23 19 16 11 7 5 3 3 3 3 3 3 2 2 3 3 2 1 1 1 2 2 1 1 1 1 1 1 1 1 1 1 1 1 1 1 1 1 1 18 54 60 31 60 88 64 18 5 1 1 
249 249 249 249 249 249 249 249 249 249 249 249 249 249 249 249 249 249 249 249 249 249 249 249 249 249 249 249 249 249 249 249 249 249 249 249 249 249 249 249 249 249 249 248 248 253 213 115 47 23 18 13 11 7 4 4 4 4 4 3 3 2 2 3 2 1 1 1 1 1 1 1 1 1 1 1 1 1 1 1 1 1 1 1 2 2 1 1 23 55 57 38 60 86 63 13 4 3 1 
249 249 249 249 249 249 249 249 249 249 249 249 249 249 249 249 249 249 249 249 249 249 249 249 249 249 249 249 249 250 249 249 249 249 249 249 249 249 249 249 249 249 249 248 249 253 214 125 49 17 11 9 6 4 4 4 4 4 4 3 3 2 2 3 2 1 1 1 1 1 1 1 1 1 1 1 1 1 1 1 1 1 1 1 2 3 2 4 30 55 48 32 57 80 61 13 4 3 1 
249 249 249 249 249 249 249 249 249 249 249 249 249 249 249 249 249 249 249 249 249 249 249 249 249 249 249 249 249 250 249 249 249 249 249 249 249 250 250 250 250 250 250 249 250 252 207 116 40 11 5 4 3 3 3 3 3 3 3 2 2 2 2 3 2 1 1 1 1 1 1 1 1 1 1 1 1 1 1 1 1 1 1 2 3 4 4 10 38 55 43 25 51 73 58 12 2 3 2 
249 249 249 249 249 249 249 249 249 249 249 249 249 249 249 249 249 249 249 249 249 249 249 249 249 249 249 249 249 249 249 249 249 249 249 249 249 250 250 250 250 250 250 249 250 249 202 110 35 9 4 3 2 2 3 3 3 3 3 2 2 2 2 3 2 1 1 1 1 1 1 1 1 1 1 1 1 1 1 1 1 1 1 2 3 3 4 17 46 58 39 23 53 71 53 11 2 3 2 
249 249 249 249 249 249 249 249 249 249 249 249 249 249 249 249 249 249 249 249 249 249 249 249 249 249 249 249 249 249 249 249 249 249 249 249 249 250 250 250 250 250 250 249 249 243 198 101 31 11 5 4 3 3 3 4 3 3 3 2 2 3 3 3 2 1 1 1 1 1 1 1 1 1 1 1 1 1 1 2 2 2 2 1 2 3 3 23 51 54 33 29 65 73 52 9 2 3 3 
249 249 249 249 249 249 249 249 249 249 249 249 249 249 249 249 249 249 249 249 249 249 249 249 249 249 249 249 249 249 249 249 249 249 249 249 249 250 250 250 250 250 250 249 249 242 215 136 47 10 9 6 4 4 4 4 3 3 3 2 2 3 3 3 2 1 1 1 1 1 1 1 1 1 1 1 1 1 1 2 2 2 2 1 1 3 8 26 53 52 25 29 68 80 46 9 4 3 2 
249 249 249 249 249 249 249 249 249 249 249 249 249 249 249 249 249 249 249 249 249 249 249 249 249 249 249 249 249 249 249 249 249 249 249 249 249 250 250 250 250 250 250 248 248 243 237 164 61 14 12 8 4 5 4 3 3 2 2 3 3 2 3 3 2 1 1 1 1 1 1 1 1 1 1 1 1 1 1 2 2 2 2 1 1 1 11 23 48 51 19 32 75 85 41 9 4 3 2 
249 249 249 249 249 249 249 249 249 249 249 249 249 249 249 249 249 249 249 249 249 249 249 249 249 249 249 249 249 249 249 249 249 249 249 249 249 250 250 250 250 250 250 247 248 245 233 167 67 17 15 10 7 7 5 3 3 2 2 3 3 2 3 3 2 1 1 1 1 1 1 1 1 1 1 1 1 1 1 2 2 2 2 2 2 1 5 34 65 58 22 37 82 87 38 5 4 3 2 
249 249 249 249 249 249 249 249 249 249 249 249 249 249 249 249 249 249 249 249 249 249 249 249 249 249 249 249 249 249 249 249 249 249 249 249 249 249 249 249 249 249 249 248 248 246 230 150 52 17 15 8 5 3 3 2 2 2 2 2 2 2 3 3 3 1 1 1 1 1 1 1 1 1 1 1 1 1 1 1 1 2 2 2 2 0 3 34 68 60 28 54 98 85 39 6 3 2 2 
249 249 249 249 249 249 249 249 249 249 249 249 249 249 249 249 249 249 249 249 249 249 249 249 249 249 249 249 249 249 249 249 249 249 249 249 249 249 249 249 249 249 249 248 248 248 224 130 42 17 12 7 4 3 3 3 2 2 2 2 2 2 3 3 3 1 1 1 1 1 1 1 1 1 1 1 1 1 1 1 1 2 2 2 2 0 18 59 81 63 28 52 93 78 44 12 3 1 2 
249 249 249 249 249 249 249 249 249 249 249 249 249 249 249 249 249 249 249 249 249 249 249 249 249 249 249 249 249 249 249 249 249 249 249 249 249 249 249 249 249 249 249 248 248 240 201 107 33 17 10 4 3 3 3 2 2 2 2 2 2 3 3 3 3 1 1 1 1 1 1 1 1 1 1 1 1 1 1 1 1 1 1 1 2 3 53 100 92 49 18 42 75 71 48 16 4 2 3 
249 249 249 249 249 249 249 249 249 249 249 249 249 249 249 249 249 249 249 249 249 249 249 249 249 249 249 249 249 249 249 249 249 249 249 249 249 249 249 249 249 249 249 248 248 229 162 67 25 17 9 4 3 2 2 2 2 2 2 2 2 3 3 3 2 1 1 1 1 1 1 1 1 1 1 1 1 1 1 1 1 1 2 1 1 14 92 138 92 31 16 39 64 68 51 11 1 3 3 
249 249 249 249 249 249 249 249 249 249 249 249 249 249 249 249 249 249 249 249 249 249 249 249 249 249 249 249 249 249 249 249 249 249 249 249 249 249 249 249 249 249 249 248 248 221 146 59 19 15 10 3 2 2 2 2 2 3 3 2 2 2 3 3 2 1 1 1 1 1 1 1 1 1 1 1 1 1 1 1 1 3 2 2 0 30 132 179 102 23 15 32 47 74 65 26 4 2 3 
249 249 249 249 249 249 249 249 249 249 249 249 249 249 249 249 249 249 249 249 249 249 249 249 249 249 249 249 249 249 249 249 249 249 249 249 249 249 249 249 249 249 249 248 248 212 136 60 22 15 10 4 3 3 2 2 2 3 3 2 2 2 3 3 2 1 1 1 1 1 1 1 1 1 1 1 1 1 1 1 1 4 1 3 0 49 158 199 108 21 14 31 39 79 71 35 7 1 3 
248 248 248 248 248 248 248 248 248 248 248 248 248 249 249 249 249 249 249 249 249 249 249 249 249 249 249 249 249 249 249 249 249 249 249 249 249 249 249 249 249 249 249 248 248 214 135 47 21 17 10 5 4 3 2 3 3 3 3 2 2 2 3 3 2 1 1 1 1 1 2 1 1 1 1 1 1 1 1 1 1 3 1 5 4 85 193 209 109 22 13 25 31 68 60 35 9 2 3 
248 248 248 248 248 248 248 248 248 248 248 248 248 249 249 249 249 249 249 249 249 249 249 249 249 249 249 249 249 249 249 249 249 249 249 249 249 249 249 249 249 249 249 248 248 219 136 36 17 19 12 8 5 3 2 3 3 3 3 2 2 2 3 3 2 1 1 1 1 2 2 1 1 1 1 1 1 1 1 1 2 1 1 6 10 114 220 221 110 20 11 17 24 45 60 45 11 2 3 
248 248 248 248 248 248 248 248 248 248 248 248 248 248 248 248 248 248 248 248 248 248 248 248 248 248 248 248 248 249 249 249 249 249 249 249 249 249 249 249 249 249 249 248 248 249 196 94 35 21 14 9 8 4 3 3 3 3 3 3 3 2 2 1 1 1 1 1 1 1 1 1 1 1 1 1 1 1 1 1 2 1 0 6 59 148 231 227 117 23 9 12 18 39 67 56 12 1 2 
248 248 248 248 248 248 248 248 248 248 248 248 248 248 248 248 248 248 248 248 248 248 248 248 248 248 248 248 248 249 249 249 249 249 249 249 249 249 249 249 249 249 249 248 248 247 192 94 35 22 15 9 8 4 3 4 3 3 3 3 3 2 2 1 1 1 1 1 1 1 1 1 1 1 1 1 1 1 1 1 2 2 1 6 65 166 243 235 129 30 8 15 20 50 82 70 15 1 2 
248 248 248 248 248 248 248 248 248 248 248 248 248 248 248 248 248 248 248 248 248 248 248 248 248 248 248 248 248 249 249 249 249 249 249 249 249 249 249 249 249 249 249 248 248 245 199 104 38 17 11 8 7 5 4 4 3 3 3 2 2 2 2 1 1 1 1 1 1 1 1 1 1 1 1 1 1 1 1 1 2 3 2 5 65 184 255 244 146 38 7 20 33 64 93 70 15 1 2 
248 248 248 248 248 248 248 248 248 248 248 248 248 248 248 248 248 248 248 248 248 248 248 248 248 248 248 248 248 249 249 249 249 249 249 249 249 249 249 249 249 249 249 248 248 244 214 137 51 12 10 9 7 4 3 4 4 3 3 2 2 2 2 2 1 1 1 1 1 1 1 1 1 1 1 1 1 1 1 1 2 2 3 5 63 182 255 248 159 46 4 22 39 74 99 66 10 1 2 
248 248 248 248 248 248 248 248 248 248 248 248 248 248 248 248 248 248 248 248 248 248 248 248 248 248 248 248 248 249 249 249 249 249 249 249 249 249 249 249 249 249 249 249 249 248 233 166 68 15 14 13 8 4 3 4 4 3 3 2 2 2 2 2 1 1 1 1 1 1 1 1 1 1 1 1 1 1 1 1 1 2 3 22 95 192 254 249 184 72 10 23 37 80 89 58 10 1 1 
248 248 248 248 248 248 248 248 248 248 248 248 248 248 248 248 248 248 248 248 248 248 248 248 248 248 248 248 248 249 249 249 249 249 249 249 249 249 249 249 249 249 249 249 249 250 234 175 84 19 12 12 6 3 3 4 4 3 3 2 2 2 2 2 1 1 1 1 1 1 1 1 1 1 1 1 1 1 1 1 1 2 4 22 100 196 248 248 194 86 12 12 30 65 72 54 25 3 2 
248 248 248 248 248 248 248 248 248 248 248 248 248 248 248 248 248 248 248 248 248 248 248 248 248 248 248 248 248 249 249 249 249 249 249 249 249 249 249 249 249 249 249 249 249 249 234 181 90 22 10 10 5 4 3 4 4 3 3 2 3 2 2 2 1 1 1 1 1 1 1 1 1 1 1 1 1 1 1 1 1 2 5 21 104 196 240 247 207 104 15 0 11 37 71 84 47 13 3 
248 248 248 248 248 248 248 248 248 248 248 248 248 248 248 248 248 248 248 248 248 248 248 248 248 248 248 248 248 249 249 249 249 249 249 249 249 249 249 249 249 249 249 249 249 248 241 194 106 33 16 12 7 5 3 4 4 3 3 2 3 2 2 2 1 1 1 1 1 1 1 1 1 1 1 1 1 1 1 1 1 2 5 23 101 194 238 247 214 115 15 0 9 33 74 95 58 17 6 
248 248 248 248 248 248 248 248 248 248 248 248 248 248 248 248 248 248 248 248 248 248 248 248 248 248 248 248 248 249 249 249 249 249 249 249 249 249 249 249 249 249 249 249 249 248 247 216 136 51 21 14 7 5 4 4 4 3 3 3 3 3 3 2 1 1 1 1 1 1 1 1 1 1 1 1 1 1 1 0 0 2 5 25 89 198 255 249 220 132 33 0 10 36 78 100 58 18 5 
248 248 248 248 248 248 248 248 248 248 248 248 248 248 248 248 248 248 248 248 248 248 248 248 248 248 248 248 248 249 249 249 249 249 249 249 249 249 249 249 249 249 249 249 250 247 250 240 164 61 19 15 7 7 4 4 4 4 3 3 3 3 3 2 1 1 1 1 1 1 1 1 1 1 1 1 1 1 1 0 0 2 5 24 85 195 253 254 231 150 47 5 16 28 78 100 50 10 4 
248 248 248 248 248 248 248 248 248 248 248 248 248 248 248 248 248 248 248 248 248 248 248 248 248 248 248 248 248 249 249 249 249 249 249 249 249 249 249 249 249 249 249 249 250 247 248 242 174 68 19 15 9 4 4 4 3 5 3 3 3 3 3 2 1 1 1 1 1 1 1 1 1 1 1 1 1 1 1 1 1 3 5 21 74 187 249 255 247 173 64 10 18 19 67 86 40 13 5 
248 248 248 248 248 248 248 248 248 248 248 248 248 248 248 248 248 248 248 248 248 248 248 248 248 248 248 248 248 249 249 249 249 249 249 249 249 249 249 249 249 249 249 249 248 247 247 244 186 78 21 15 9 4 4 3 3 4 4 3 3 3 3 2 1 1 1 1 1 1 1 1 1 1 1 1 1 1 1 2 2 3 4 19 65 170 238 255 250 185 73 5 8 17 52 70 44 23 9 
248 248 248 248 248 248 248 248 248 248 248 248 248 248 248 248 248 248 248 248 248 248 248 248 248 248 248 248 248 249 249 249 249 249 249 249 249 249 249 249 249 249 249 249 249 248 247 245 189 80 19 12 8 4 3 3 3 4 4 3 3 3 3 2 1 1 1 1 1 1 1 1 1 1 1 1 1 1 1 2 2 3 5 13 71 145 222 255 255 201 101 11 4 21 37 56 47 20 8 
248 248 248 248 248 248 248 248 248 248 248 248 248 248 248 248 248 248 248 248 248 248 248 248 248 248 248 248 248 249 249 249 249 249 249 249 249 249 249 249 249 249 249 249 250 247 248 243 192 88 17 9 8 4 4 3 3 4 4 3 3 3 2 2 1 1 1 1 1 1 1 1 1 1 1 1 1 1 1 1 2 3 5 10 53 115 203 249 254 213 115 21 1 19 26 52 52 30 9 
248 248 248 248 248 248 248 248 248 248 248 248 248 248 248 248 248 248 248 248 248 248 248 248 248 248 248 248 248 249 249 249 249 249 249 249 250 249 249 249 249 249 249 249 249 247 248 243 199 103 24 8 8 4 4 3 3 4 4 3 3 3 3 2 1 1 1 1 1 1 1 1 1 1 1 1 1 1 1 1 2 2 4 7 36 79 186 244 255 242 150 44 5 24 18 44 60 39 7 
248 248 248 248 248 248 248 248 248 248 248 248 248 248 248 248 248 248 248 248 248 248 248 248 248 248 248 248 248 249 249 249 249 249 249 249 250 249 250 250 250 250 250 250 249 248 248 244 209 122 36 10 9 5 4 3 3 3 3 3 3 3 2 2 1 1 1 1 1 1 1 1 1 1 1 1 1 1 1 1 2 2 3 5 26 68 185 241 255 254 175 59 16 20 13 40 54 38 10 
244 245 245 247 247 248 248 248 248 248 248 248 248 248 248 248 248 248 248 248 248 248 248 248 248 248 248 248 248 249 249 249 249 249 249 249 249 249 249 249 249 249 249 248 248 248 248 244 229 171 75 15 9 12 4 2 5 3 3 3 3 2 2 1 1 1 1 1 1 2 1 1 1 1 1 1 1 1 1 2 2 2 3 5 10 22 117 228 255 247 171 81 17 13 12 35 51 35 10 
247 245 245 247 247 247 248 248 248 248 248 248 248 248 248 248 248 248 248 248 248 248 248 248 248 248 248 248 248 248 249 248 248 247 247 249 249 249 249 249 249 249 249 249 249 248 248 247 236 193 103 24 7 15 4 1 5 3 3 3 3 2 2 2 1 1 1 1 1 2 1 1 1 1 1 1 1 1 1 1 2 2 2 5 10 10 96 203 255 248 179 84 16 13 12 33 50 35 9 
249 249 249 249 249 249 248 248 248 248 248 248 248 247 247 248 248 248 248 248 247 248 248 248 248 248 247 248 248 248 248 244 242 242 244 248 249 249 249 249 249 249 249 249 249 248 248 248 244 207 122 38 6 9 3 1 4 3 3 2 2 2 2 1 1 1 1 1 1 2 1 1 1 1 1 1 1 1 1 1 2 2 2 4 9 1 78 177 234 253 214 107 18 10 11 33 47 33 9 
248 249 249 249 249 248 248 248 248 248 248 248 248 247 247 248 248 248 248 248 247 247 247 248 248 248 247 247 248 248 248 245 243 243 244 248 249 249 249 249 249 249 249 249 249 248 249 248 248 226 145 52 15 11 3 1 3 3 3 2 2 2 2 1 1 1 1 1 1 2 1 1 1 1 1 1 1 1 1 1 1 2 2 3 9 2 66 160 227 253 228 122 26 11 11 32 46 33 9 
248 248 248 248 248 248 248 248 248 248 248 248 248 247 247 247 248 248 248 248 247 247 247 248 248 248 248 248 248 248 248 248 247 247 248 248 248 248 248 248 248 248 248 248 248 248 249 248 250 242 180 81 26 14 4 2 4 3 3 2 2 2 2 1 1 1 1 1 1 2 1 1 1 1 1 1 1 1 1 1 1 1 2 2 6 3 47 132 216 254 235 134 36 15 14 31 43 30 9 
248 248 248 248 248 248 248 248 248 248 248 248 248 247 247 247 247 247 247 247 248 248 248 248 248 248 247 248 248 248 248 248 248 248 248 248 248 248 248 248 248 248 248 248 248 248 250 248 248 247 212 121 42 12 4 3 3 3 3 2 2 2 2 2 1 1 1 1 1 2 1 1 1 1 1 1 1 1 1 1 1 1 1 1 6 5 38 116 208 253 243 146 42 17 17 31 38 25 8 
248 248 248 248 248 248 248 247 247 248 248 248 248 247 247 247 244 243 243 244 248 248 248 248 249 248 248 248 248 248 248 249 249 249 249 248 248 248 248 248 248 248 248 248 248 248 250 250 248 248 226 143 59 22 9 3 4 3 2 2 2 2 2 2 1 1 1 1 1 2 1 1 1 1 1 1 1 1 1 1 1 1 2 2 7 5 18 90 195 251 253 173 51 16 19 28 33 24 9 
248 248 248 248 248 248 248 247 247 248 248 248 248 248 248 248 244 244 243 243 248 248 248 248 249 249 248 248 248 248 248 249 249 249 249 248 248 248 248 248 248 248 248 248 248 249 250 250 249 249 236 162 77 39 16 3 4 3 2 3 2 2 2 2 2 1 1 1 1 2 1 1 1 1 1 1 1 1 1 1 1 2 2 2 7 1 11 72 180 248 254 194 70 16 19 23 29 23 10 
248 248 248 247 248 249 249 249 249 249 249 249 248 248 248 247 247 247 249 249 248 248 248 248 248 248 248 248 248 248 248 248 248 248 248 248 248 248 248 248 248 248 248 248 249 249 250 250 249 249 241 178 89 38 15 5 5 4 3 3 2 1 1 1 1 1 1 1 1 1 1 1 1 1 1 1 1 1 1 1 1 1 1 1 6 19 8 58 175 241 247 193 80 15 14 15 27 22 9 
247 248 248 247 248 249 249 249 249 249 249 249 248 249 247 247 248 248 249 249 248 248 248 248 248 248 248 248 248 248 248 248 248 248 248 248 248 248 248 248 248 248 248 248 249 249 249 250 250 249 247 212 125 43 14 13 10 4 3 2 1 1 1 1 1 1 1 1 1 1 1 1 1 1 1 1 1 1 1 1 1 1 1 1 4 17 4 54 167 231 245 208 123 10 2 10 26 23 10 
247 247 247 247 248 249 248 248 248 248 248 248 248 248 248 247 248 248 248 248 248 248 248 248 248 248 248 248 248 248 248 248 248 248 248 248 248 248 248 248 248 248 248 248 248 249 249 250 250 249 249 233 170 78 25 17 14 7 3 3 2 2 3 1 1 1 1 1 1 1 1 1 1 1 1 1 1 1 1 1 1 1 1 2 6 4 0 40 150 221 247 209 134 26 8 11 28 25 10 
245 247 247 247 247 248 249 249 248 248 248 248 249 248 247 248 248 247 248 248 248 248 248 248 248 248 248 248 248 248 248 248 248 248 248 248 248 248 248 248 248 248 248 248 248 249 249 250 250 249 251 246 196 99 30 17 15 7 4 2 2 3 3 1 1 1 1 1 1 1 1 1 1 1 1 1 1 1 1 1 1 1 1 1 4 1 0 30 132 220 251 212 136 40 15 12 29 23 9 
244 247 247 247 248 249 245 247 248 247 248 248 248 249 249 248 248 247 247 247 248 248 248 248 248 248 247 247 248 248 248 248 248 248 248 248 248 248 248 248 248 248 248 248 248 249 249 249 250 250 251 245 205 121 42 14 11 5 4 1 2 2 2 2 2 1 1 1 1 1 1 1 1 1 1 1 1 1 1 1 1 1 1 1 2 1 1 32 129 224 254 221 145 28 10 18 30 22 8 
244 247 247 247 244 237 233 236 242 244 245 245 245 247 247 248 244 244 245 247 248 248 248 248 248 248 247 247 248 248 248 248 248 248 248 248 248 249 249 248 248 248 248 248 248 249 249 250 250 250 250 245 221 146 51 9 9 8 5 1 3 2 2 2 2 1 1 1 1 1 1 1 1 1 1 1 1 1 1 1 1 1 1 2 2 3 3 35 132 228 254 222 148 29 4 24 31 23 8 
245 247 247 247 240 235 228 233 238 242 242 244 245 245 244 245 241 241 245 247 248 248 248 248 248 248 247 247 248 248 248 248 248 248 248 248 248 249 249 248 248 248 248 248 248 249 249 250 250 250 250 247 237 182 91 28 11 9 4 2 3 2 2 1 1 1 1 1 1 1 1 1 1 1 1 1 1 1 1 1 1 1 1 2 3 4 6 40 143 230 254 243 179 65 16 22 33 22 8 
247 247 247 247 247 247 245 245 245 244 244 247 247 247 245 244 245 244 244 247 247 248 248 247 247 247 248 247 248 248 248 248 248 248 248 248 249 249 249 249 248 248 249 249 249 249 249 250 250 250 249 249 249 210 124 52 15 5 8 2 3 2 2 1 1 1 1 1 1 1 1 1 1 1 1 1 1 1 1 1 1 1 1 3 4 5 9 41 144 229 253 242 191 104 37 31 37 21 8 
247 247 247 247 248 248 248 248 248 247 245 245 247 249 248 247 245 245 245 245 247 247 249 249 249 249 248 248 248 248 248 248 249 249 249 249 249 249 249 249 249 249 249 249 249 249 249 249 250 250 249 249 247 228 168 79 17 5 8 3 2 2 2 1 1 1 1 1 1 1 1 1 1 1 1 1 1 1 1 1 1 1 1 2 2 4 8 39 130 228 252 252 247 163 67 37 38 21 8 
247 247 247 247 247 247 247 248 249 249 247 248 247 247 249 247 247 245 248 248 249 249 249 249 249 249 249 248 248 248 248 249 249 251 250 249 250 250 249 249 249 249 249 249 249 249 249 249 250 250 249 248 247 241 199 101 28 10 9 3 2 2 2 1 1 1 1 1 1 1 1 1 1 1 1 1 1 1 1 1 1 1 1 1 2 4 9 40 135 230 251 253 249 218 112 46 39 23 8 
248 248 248 248 248 248 248 245 234 226 219 221 228 241 249 245 247 244 244 245 245 248 248 248 248 249 248 248 248 248 248 249 249 248 249 249 249 250 249 249 249 249 249 249 249 249 249 250 250 250 250 250 248 249 222 132 46 15 10 4 3 2 1 2 2 1 1 1 1 1 1 1 1 1 1 1 1 1 1 1 1 1 1 1 1 3 10 48 146 234 248 253 251 235 164 85 39 25 10 
248 248 248 248 248 245 247 242 216 191 185 189 208 241 247 247 244 244 243 243 244 244 245 244 244 247 245 247 248 249 249 248 244 243 247 249 249 249 249 249 249 249 249 249 249 249 249 250 250 250 251 250 249 252 236 157 66 19 11 5 3 1 1 2 2 1 1 1 1 1 1 1 1 1 1 1 1 1 1 1 1 1 1 1 1 3 13 58 157 238 247 253 247 241 169 101 52 23 7 
248 248 248 248 248 248 247 243 230 209 208 222 235 247 247 245 245 247 247 248 248 248 245 243 245 248 245 242 247 247 245 242 238 240 244 247 248 249 249 249 249 249 249 249 249 249 249 250 250 250 251 250 250 249 238 187 101 32 12 7 3 1 1 2 2 1 1 1 1 1 1 1 1 1 1 1 1 1 1 1 1 1 1 1 2 4 17 76 179 247 237 251 244 226 138 67 41 21 3 
248 248 248 249 249 249 249 248 247 244 243 250 251 250 249 247 248 249 248 249 249 250 248 248 249 249 243 231 236 240 241 243 242 243 247 248 248 249 249 249 249 249 249 249 249 249 249 249 250 250 250 249 249 248 244 213 127 44 17 9 4 2 2 2 2 1 1 1 1 1 1 1 1 1 1 1 1 1 1 1 1 1 1 1 2 4 15 81 194 252 235 253 244 199 107 44 26 22 7 
248 248 248 249 249 249 249 249 249 249 248 247 249 249 249 249 249 249 248 249 249 248 248 249 249 249 243 233 228 231 243 248 248 248 249 249 249 249 249 249 249 249 249 249 249 249 249 249 250 250 249 248 249 248 247 234 164 79 32 11 7 4 3 2 2 1 1 1 1 1 1 1 1 1 1 1 1 1 1 1 1 1 1 1 2 5 13 84 208 252 242 255 238 186 87 42 32 19 5 
248 248 248 248 248 248 249 249 249 249 247 247 248 249 249 249 249 249 249 249 248 248 248 248 249 249 247 247 240 237 247 249 249 249 249 249 249 249 249 249 249 249 249 249 249 249 249 250 250 249 249 248 248 248 248 246 205 113 39 11 8 6 4 2 2 1 1 1 1 1 1 1 1 1 1 1 1 1 1 1 1 1 1 2 3 6 12 89 212 252 245 254 221 164 70 36 30 17 4 
248 248 248 248 248 249 249 249 249 249 249 249 248 249 249 249 249 249 249 249 248 249 249 248 248 249 250 249 249 248 249 249 249 248 248 249 249 250 250 249 249 249 249 249 249 249 249 249 250 249 249 249 249 249 249 243 217 135 51 15 9 5 3 2 2 2 2 1 1 1 1 1 1 1 1 1 1 1 1 1 1 1 1 3 4 6 12 75 184 251 253 254 237 151 63 33 38 17 5 
248 248 248 248 248 249 249 249 249 249 249 249 249 249 249 249 249 249 249 249 249 249 249 249 248 249 249 248 248 249 248 248 248 248 248 249 249 249 249 249 249 249 249 249 249 249 249 249 249 249 249 249 249 248 250 240 228 178 84 22 12 5 3 2 2 2 2 1 1 1 1 1 1 1 1 1 1 1 1 1 1 1 1 3 4 5 10 68 182 251 253 253 209 106 47 32 25 15 4 
248 248 248 248 248 248 249 249 248 249 249 249 249 249 249 249 249 249 249 249 249 249 249 249 249 249 249 249 249 249 248 248 248 249 249 249 249 249 249 249 249 249 249 249 249 249 249 249 249 249 249 249 249 249 250 243 238 189 102 31 15 5 4 2 2 2 2 1 1 1 1 1 1 1 1 1 1 1 1 1 1 1 1 3 5 5 6 63 175 250 253 235 155 68 30 23 15 11 3 
248 248 248 248 248 248 249 249 248 249 249 249 249 249 249 249 249 249 249 249 249 249 249 249 249 249 250 249 249 249 249 249 248 248 249 249 249 249 249 249 249 249 249 249 249 249 249 249 249 249 249 249 249 249 249 246 244 201 119 42 15 5 4 3 3 2 2 1 1 1 1 1 1 1 1 1 1 1 1 1 1 1 1 3 4 5 4 57 172 245 253 224 118 47 18 18 16 5 2 
248 248 248 248 248 248 249 249 248 249 249 249 249 249 249 249 249 249 249 249 249 249 249 249 249 249 250 249 249 249 250 251 249 249 249 249 249 249 249 249 249 249 249 249 249 249 249 249 249 249 249 249 249 248 248 247 245 212 143 63 24 5 4 2 3 2 2 1 1 1 1 1 1 1 1 1 1 1 1 1 1 1 1 2 4 4 1 56 171 240 252 201 97 30 19 20 12 4 1 
248 248 248 248 248 249 249 249 248 249 249 249 249 249 249 249 249 249 249 249 249 249 249 249 249 249 249 249 249 249 250 251 250 250 248 249 249 249 249 249 249 249 249 249 249 249 249 249 249 249 249 249 249 248 248 247 244 224 169 86 37 5 4 2 2 2 2 1 1 1 1 1 1 1 1 1 1 1 1 1 1 1 1 2 4 3 0 57 175 243 230 161 75 23 23 20 10 5 1 
248 248 248 248 248 248 249 249 248 248 248 248 248 249 249 249 249 249 249 249 249 249 249 249 249 249 249 249 249 249 248 247 247 248 248 248 249 249 249 249 249 249 249 249 249 249 249 249 249 249 249 249 249 249 249 248 246 241 199 117 56 5 5 4 3 2 2 1 1 1 1 1 1 1 1 1 1 1 1 1 1 1 1 2 4 4 0 47 150 235 218 125 53 23 23 19 9 5 2 
248 248 248 248 248 248 249 249 248 247 248 248 248 249 249 249 249 249 249 249 249 249 249 249 249 249 249 249 249 247 244 241 240 248 249 248 248 248 248 248 248 248 248 248 249 249 249 249 249 249 249 249 249 248 248 247 246 248 220 134 58 5 7 5 3 2 2 1 1 1 1 1 1 1 1 1 1 1 1 1 1 1 1 2 3 4 1 43 145 225 195 101 38 24 24 19 10 7 2 
248 248 248 248 248 247 248 248 248 248 248 248 248 248 248 248 248 248 248 248 248 248 248 248 248 248 248 248 248 245 243 240 237 247 248 248 248 248 248 248 248 248 248 248 248 249 249 249 249 249 249 249 249 249 249 248 247 246 228 162 78 22 8 5 4 3 2 3 2 1 1 1 1 1 1 1 1 1 1 1 1 1 1 1 3 5 1 27 111 206 186 81 32 25 26 21 10 7 3 
248 248 248 248 248 248 248 248 248 248 248 248 248 248 248 249 248 248 248 248 248 248 248 248 249 249 249 249 249 248 247 245 245 247 248 248 249 248 248 248 248 248 248 248 248 248 249 249 249 249 249 249 249 249 249 247 247 246 247 214 127 39 9 5 4 3 2 3 2 1 1 1 1 1 1 1 1 1 1 1 1 1 1 1 2 6 1 23 118 193 143 54 24 24 27 22 9 5 2 
249 249 248 248 248 249 248 248 248 248 248 248 248 248 248 249 248 248 248 248 248 248 248 248 249 249 249 249 249 249 249 250 250 249 248 248 248 247 247 247 247 247 247 248 248 248 249 249 249 249 249 249 249 250 249 249 248 247 252 229 136 52 14 5 4 4 3 2 2 2 2 1 1 1 1 1 1 1 1 1 1 1 1 1 2 5 3 15 85 124 86 40 24 22 25 21 9 4 2 
249 249 248 248 248 249 249 247 243 242 243 247 248 248 248 248 248 248 248 248 248 248 248 248 249 249 249 249 248 249 248 248 249 248 248 248 248 247 247 247 247 247 247 248 248 248 249 249 249 249 249 249 249 249 249 248 247 248 248 242 159 75 23 7 4 4 3 2 2 2 2 1 1 1 1 1 1 1 1 1 1 1 1 1 1 3 4 9 32 52 57 38 25 23 24 18 9 5 3 
249 249 248 248 249 249 249 245 240 238 241 244 247 248 248 248 248 248 248 248 248 248 248 248 249 249 249 249 248 249 248 248 249 248 248 248 248 247 247 247 247 247 247 248 248 248 249 249 249 249 249 249 249 249 248 248 248 248 249 236 159 73 24 7 5 4 3 2 2 2 2 1 1 1 1 1 1 1 1 1 1 1 1 1 1 1 4 10 18 33 49 35 23 21 22 16 7 2 1 
249 249 249 249 249 248 248 248 247 244 245 247 247 248 248 248 248 248 248 248 248 248 248 249 249 249 249 248 248 248 247 247 247 248 248 248 248 247 247 247 247 247 247 248 248 248 249 249 249 249 249 249 249 249 249 249 249 248 252 230 151 42 18 9 5 3 3 2 2 2 2 1 1 1 1 1 1 1 1 1 2 1 1 1 1 1 4 8 17 32 42 31 21 22 23 17 7 2 1 
249 249 249 249 249 249 249 249 249 249 248 248 248 249 248 248 248 248 248 248 248 248 248 249 249 249 249 248 248 247 245 247 247 248 248 248 248 247 247 247 247 247 247 248 248 248 249 249 249 249 249 248 248 249 248 249 249 248 252 224 136 45 10 12 8 2 2 2 1 1 1 1 1 1 1 1 1 1 1 1 2 2 1 1 1 1 4 8 15 29 37 30 22 21 23 16 5 2 1 
248 248 249 249 249 250 248 250 250 250 249 249 248 249 248 248 248 248 248 248 248 248 248 248 248 249 249 248 248 247 247 247 248 248 249 249 249 248 248 248 248 248 248 248 248 249 249 249 249 249 249 248 248 248 248 248 249 249 252 226 142 54 11 12 8 3 2 2 2 1 1 1 1 1 1 1 1 1 1 1 2 1 1 1 1 1 3 6 12 26 35 31 25 19 21 15 5 2 2 
248 248 248 249 250 250 251 249 249 249 249 249 249 249 248 248 247 247 247 248 248 248 248 248 248 248 249 248 248 247 247 247 247 248 248 248 248 248 248 248 248 249 249 249 249 249 249 249 249 249 249 249 250 249 248 249 249 248 252 217 124 40 12 11 5 3 2 2 2 2 1 1 1 1 1 1 1 1 1 1 2 2 1 2 1 2 3 5 11 29 40 33 19 19 22 14 6 4 3 
247 247 248 248 249 249 248 248 250 249 248 248 248 248 247 247 247 247 247 248 248 248 248 248 248 248 248 248 248 247 247 247 247 248 248 248 248 248 248 248 248 249 249 249 249 249 249 249 249 249 249 249 250 249 249 250 251 250 252 233 155 50 16 9 5 2 3 2 2 2 1 1 1 1 1 1 1 1 1 1 2 1 1 1 2 2 3 5 13 27 40 40 29 19 23 15 6 3 3 
249 247 245 245 240 229 221 224 237 245 244 245 247 247 247 247 247 247 247 247 247 248 248 248 248 248 248 248 248 248 248 248 248 248 248 248 248 248 248 248 248 249 249 249 249 249 249 249 249 249 249 249 250 250 250 250 249 252 244 235 165 59 21 10 5 2 4 3 3 2 1 1 1 1 1 1 1 1 1 1 1 2 2 2 2 3 3 6 16 26 40 51 41 26 25 18 8 3 3 
248 248 247 247 236 215 200 205 224 243 245 247 247 247 247 247 247 247 247 247 247 248 248 248 248 248 248 248 248 248 248 248 248 248 248 248 248 248 248 248 248 249 249 249 249 249 249 249 249 249 249 249 250 250 249 249 249 252 237 224 160 74 26 17 16 1 5 3 3 2 1 1 1 1 1 1 1 1 1 1 1 2 3 2 2 4 4 8 16 25 38 53 54 26 28 19 8 3 3 
244 247 247 248 245 234 223 226 236 247 249 248 247 247 247 248 248 248 248 247 248 249 249 249 249 248 248 248 248 248 248 248 248 248 248 248 248 248 248 248 248 249 249 249 249 249 249 249 249 249 249 249 249 248 248 247 247 250 237 229 188 106 42 14 11 1 3 2 2 1 1 0 0 1 2 1 1 2 1 1 2 3 3 4 4 5 5 10 18 25 36 50 55 35 33 23 8 3 3 
247 247 248 249 249 249 247 247 248 249 249 249 248 248 247 248 248 248 248 247 248 249 249 249 249 248 248 248 249 248 248 248 248 248 248 248 248 248 248 248 248 249 249 249 249 249 249 249 249 249 249 247 244 243 243 243 243 243 241 241 227 152 73 15 4 5 5 3 2 1 1 0 1 3 4 3 3 3 3 3 3 5 5 5 7 8 8 11 18 26 34 48 57 38 38 26 9 3 3 
247 247 248 248 249 249 248 247 248 249 247 247 247 247 247 248 248 248 248 248 249 248 249 248 248 248 248 248 249 248 248 248 249 247 248 247 247 247 247 247 247 248 248 248 248 248 248 248 248 249 249 247 244 243 243 243 244 247 248 248 247 190 104 32 16 11 10 7 5 4 4 3 4 5 6 5 5 5 4 3 4 8 9 9 9 9 9 12 18 29 36 45 52 43 40 27 10 3 3 
247 247 248 248 248 248 249 247 248 249 245 242 242 244 247 249 248 249 248 248 249 248 249 248 248 248 248 249 250 249 248 248 249 248 249 248 247 247 247 247 247 247 247 248 248 248 248 248 248 249 249 248 245 245 245 245 245 248 249 248 248 218 124 51 24 13 12 9 8 7 6 4 6 7 7 7 7 7 5 5 7 10 11 11 11 11 11 12 17 32 38 45 51 45 40 26 12 4 3 
248 248 248 248 248 247 248 248 248 249 243 241 238 242 244 249 249 248 248 248 248 248 249 248 248 248 248 248 249 249 249 248 249 249 247 240 241 245 236 233 230 228 227 227 225 223 222 220 220 221 221 221 221 220 220 220 221 221 222 222 223 178 104 49 26 17 13 11 10 10 9 9 9 9 9 8 8 8 7 5 7 10 11 11 11 11 11 13 17 32 39 43 47 46 40 26 12 4 2 
247 248 248 248 248 248 248 248 248 245 240 237 237 240 244 248 248 248 248 248 248 248 249 248 248 248 248 248 249 248 249 248 247 236 228 213 199 194 166 152 146 143 139 139 139 137 136 134 136 136 132 134 135 136 137 138 142 145 152 157 163 145 104 59 28 20 16 12 10 11 11 11 10 9 9 8 8 8 8 7 8 10 10 11 11 11 11 13 18 30 36 40 46 47 40 26 13 4 3 
247 248 248 249 248 249 249 247 247 247 244 244 245 245 247 248 248 248 248 249 248 248 249 248 248 248 248 248 249 248 249 249 247 230 220 196 175 169 137 121 120 124 113 101 93 87 77 74 75 74 71 70 70 68 67 66 70 71 75 77 79 77 68 43 22 24 18 15 10 13 12 11 10 10 9 9 9 8 9 9 9 10 10 12 12 12 12 15 19 26 31 36 39 49 40 27 15 5 4 
247 247 248 249 248 248 248 248 248 249 249 249 249 250 249 247 247 249 248 248 248 248 248 248 248 248 248 248 248 248 248 248 244 238 235 228 215 217 207 199 192 213 202 185 169 144 134 128 117 116 115 114 103 96 92 85 78 77 78 68 65 53 66 60 40 31 18 16 11 13 12 10 9 9 9 9 9 9 9 9 10 10 10 11 12 12 11 15 19 24 29 31 32 50 42 29 15 5 4 
248 248 247 248 247 247 247 247 247 247 249 249 249 248 247 247 247 249 248 248 248 247 248 248 248 248 248 248 249 249 249 249 249 248 249 252 251 249 249 251 248 248 248 243 234 229 223 210 202 202 201 200 195 192 186 177 167 164 158 144 136 153 142 123 103 45 17 8 11 11 11 12 10 9 9 9 9 9 9 9 9 10 10 10 11 11 11 12 17 23 26 28 26 45 39 25 12 4 3 
248 249 248 247 247 248 247 245 247 247 247 245 245 244 247 248 249 248 248 248 247 245 248 248 248 248 249 249 249 248 249 249 249 248 248 249 248 247 247 247 247 247 248 252 251 251 249 246 244 244 244 243 245 245 242 238 236 233 228 223 217 229 226 207 179 116 60 21 16 16 12 9 9 9 9 9 9 9 9 9 9 8 8 9 10 10 10 12 16 24 27 28 26 43 36 22 10 2 1 
249 250 250 248 248 248 247 244 243 238 236 237 237 240 242 245 248 248 247 248 248 248 248 248 248 248 248 248 249 248 248 247 248 248 247 248 248 247 245 243 243 244 246 250 252 250 248 248 248 247 248 249 249 247 247 248 248 247 246 244 243 243 242 241 229 169 99 43 31 22 14 11 9 9 10 10 10 9 9 9 9 8 8 9 10 10 11 13 18 25 29 29 28 39 32 18 6 1 1 
243 248 251 249 248 248 245 244 238 230 228 229 231 234 237 243 248 248 247 248 248 248 248 248 248 248 248 248 248 248 248 247 247 247 247 247 248 247 247 247 247 246 247 249 250 248 248 248 248 247 247 247 248 247 247 247 247 246 245 245 245 247 247 243 237 185 122 64 39 25 16 14 10 10 10 10 10 9 9 9 9 8 8 9 11 11 12 16 20 27 30 29 28 34 27 16 4 1 1 
226 237 247 249 249 248 247 244 241 238 235 235 235 237 240 243 247 247 248 248 248 248 248 248 248 248 248 248 248 247 247 247 247 245 245 245 247 247 247 248 248 247 248 249 249 248 247 248 248 248 248 248 247 248 248 247 247 247 245 247 247 248 249 245 246 240 227 180 87 29 16 16 12 12 11 10 10 10 9 9 9 9 9 10 12 13 15 18 24 30 31 30 29 31 24 13 4 1 1 
222 233 243 249 249 249 249 248 247 247 247 244 242 242 243 244 248 248 248 247 248 248 248 248 248 247 247 247 247 248 248 248 247 247 245 247 247 247 247 248 248 248 248 248 248 247 248 248 248 248 248 248 247 248 248 247 247 247 247 247 247 248 248 247 249 248 237 191 100 31 16 16 12 11 11 10 9 9 9 9 9 10 9 11 15 17 18 22 26 32 33 30 29 27 22 12 4 1 1 
234 240 247 250 249 249 250 250 250 249 249 248 247 247 247 247 249 249 248 249 249 249 249 248 248 248 248 248 247 248 248 248 249 248 248 248 248 249 249 249 249 249 249 248 248 247 248 249 249 248 248 248 248 248 249 248 248 248 248 248 248 249 249 249 250 252 246 195 102 35 17 18 16 12 11 10 9 9 9 9 9 11 9 9 16 20 22 25 29 35 35 30 28 25 19 10 2 1 1 
247 248 250 250 250 250 250 250 250 250 250 249 249 248 249 249 248 249 249 249 249 248 248 248 248 248 248 248 249 248 248 248 249 249 248 248 248 248 249 249 249 248 249 248 248 247 247 248 248 249 249 249 249 249 249 249 249 248 248 248 248 248 248 249 250 249 246 214 121 37 16 16 12 10 10 9 9 8 8 8 10 12 11 14 19 24 25 27 31 35 35 30 26 25 19 10 2 1 1 
249 249 250 250 250 249 249 250 250 250 249 249 249 249 248 248 248 248 248 248 248 247 248 248 248 247 248 248 248 247 248 248 248 248 248 247 247 248 248 248 249 249 249 249 249 248 248 249 249 249 249 249 249 249 249 249 248 248 248 248 248 247 247 247 249 250 244 194 102 32 14 10 10 9 9 8 8 8 8 8 10 14 15 18 22 24 24 25 30 31 30 29 25 25 18 11 3 1 1 
248 248 249 250 250 249 249 250 250 250 249 249 249 248 248 248 248 249 250 250 249 248 248 248 248 247 248 248 248 248 248 248 248 248 248 247 247 248 248 248 249 249 248 249 249 248 248 249 249 248 248 248 249 249 249 248 248 248 248 247 247 247 245 245 248 250 247 189 85 26 12 8 8 8 8 8 7 8 8 8 10 15 17 21 23 23 20 20 25 28 28 28 24 28 19 13 4 1 1 
248 248 248 249 249 249 249 249 249 249 249 249 249 248 248 248 248 248 249 249 248 247 247 247 247 247 247 248 248 248 248 248 248 248 248 248 248 248 248 248 249 249 248 249 248 248 249 249 249 248 248 248 249 249 248 248 248 248 248 248 248 248 245 245 247 248 242 177 80 24 12 9 9 7 7 7 7 7 8 8 10 14 17 21 21 20 18 19 23 24 25 25 24 29 19 11 2 1 1 
249 249 248 248 248 248 249 249 249 249 249 249 249 248 248 248 248 248 248 248 248 247 247 247 247 247 247 247 248 248 247 248 248 249 249 249 249 248 249 249 249 249 249 249 248 248 249 249 249 248 248 248 249 249 248 248 248 249 249 248 248 248 247 245 247 243 215 142 64 23 12 9 9 7 7 7 7 8 8 8 10 14 16 19 21 20 20 20 23 24 26 29 24 27 18 8 2 1 1 
249 248 247 248 249 249 249 249 249 249 249 248 248 248 247 247 248 248 247 248 247 247 245 247 247 245 247 247 248 247 248 248 249 249 249 249 249 248 249 249 248 248 248 248 248 247 248 248 248 249 249 248 249 249 248 249 249 249 249 249 249 249 247 245 247 237 181 93 29 17 11 8 7 7 7 7 5 7 7 8 10 14 15 18 23 26 26 26 28 31 30 30 26 26 15 7 3 2 2 
249 249 248 248 249 249 249 249 249 249 249 248 248 247 247 248 248 248 247 247 247 247 245 247 245 247 247 248 249 248 248 248 249 248 248 248 248 248 248 248 248 249 248 249 249 248 249 249 249 249 249 248 249 249 248 249 249 249 248 249 249 249 248 247 247 234 157 68 18 14 11 8 8 7 7 7 7 7 7 8 10 12 15 19 24 28 30 33 31 36 35 32 28 23 12 5 3 2 2 
249 249 248 248 249 249 249 249 249 249 249 248 247 247 247 248 248 248 247 247 247 247 245 247 245 247 247 248 249 249 248 248 248 247 247 247 247 248 248 248 248 249 248 249 249 248 249 249 249 249 249 249 250 250 249 249 249 249 248 249 250 249 249 248 249 210 114 40 12 11 10 9 9 7 7 7 8 8 8 9 10 14 16 17 21 24 25 29 31 36 37 35 30 19 8 4 3 3 2 
248 249 248 248 249 249 248 249 249 249 249 247 245 244 245 245 248 248 247 248 245 244 244 244 244 245 247 248 249 248 248 248 248 244 244 244 244 245 245 245 247 248 248 249 249 249 249 249 249 249 249 249 249 249 249 249 249 250 250 245 247 249 250 248 241 170 77 29 14 10 9 9 9 8 7 7 7 8 8 9 11 14 16 16 19 19 26 33 31 38 38 36 30 23 10 4 3 3 2 
247 248 248 248 248 248 248 248 249 249 249 247 244 243 244 245 247 247 248 248 247 245 245 244 243 244 245 247 248 249 248 248 247 244 244 244 244 245 245 245 247 248 248 248 249 249 249 249 248 248 248 248 248 249 249 249 249 249 249 244 244 249 249 248 224 145 60 25 13 9 10 8 7 8 8 8 7 9 9 10 11 14 16 18 21 21 30 43 30 40 44 40 34 33 13 3 4 3 3 
245 247 248 248 248 248 248 249 249 249 249 248 247 247 247 248 248 248 249 249 248 247 247 247 245 245 247 247 248 248 245 244 244 244 247 245 245 247 247 245 247 248 249 249 249 248 249 247 247 248 248 248 249 249 249 248 248 247 249 248 249 249 249 248 210 123 44 19 11 9 9 8 7 8 8 8 8 9 9 9 11 14 16 21 22 23 31 45 26 36 51 51 45 40 10 4 3 3 2 
244 244 243 244 247 248 247 248 249 248 248 249 250 250 249 249 248 249 249 249 248 248 247 247 247 247 249 248 247 247 245 245 245 245 247 247 245 247 247 248 247 248 249 249 248 248 248 248 247 247 247 247 248 249 249 249 249 247 249 250 249 248 248 242 186 99 35 15 10 9 9 8 7 8 8 8 8 9 9 9 11 14 15 18 23 24 29 44 31 44 81 95 72 40 7 6 4 3 3 
244 242 237 236 242 248 247 247 249 248 248 247 244 245 247 248 247 249 249 249 248 248 248 247 248 249 248 248 247 248 248 248 248 248 248 245 244 247 249 247 249 249 249 249 248 248 248 248 247 244 244 244 247 248 248 249 249 248 249 250 250 245 242 221 151 68 24 14 9 9 8 7 7 8 7 7 7 8 10 11 11 14 16 19 23 26 28 34 38 61 117 143 97 43 14 6 4 4 5 
243 241 235 234 241 248 245 247 248 248 245 236 231 231 234 241 244 247 247 247 248 248 247 247 248 249 249 248 248 248 248 248 250 250 248 243 242 245 249 248 249 249 249 250 249 248 248 247 247 245 243 244 247 248 248 249 248 249 249 249 249 247 244 221 145 52 17 10 9 9 8 7 7 7 7 8 9 9 10 12 15 17 18 21 24 27 27 26 100 154 204 219 178 82 15 9 5 4 8 
243 242 242 243 245 247 245 247 247 247 243 237 230 227 233 238 241 244 243 243 247 247 247 247 249 250 250 249 249 248 249 249 250 250 249 245 243 243 247 248 245 244 244 244 247 247 245 247 248 248 247 248 248 247 248 247 248 249 250 249 249 248 244 200 110 36 15 10 8 8 8 7 7 8 7 9 9 9 10 13 16 18 22 24 26 24 27 35 118 190 220 226 182 63 15 15 9 7 8 
245 244 245 245 245 244 245 245 245 247 245 243 238 240 241 244 244 243 241 241 243 244 245 248 249 249 249 248 248 247 248 248 248 248 248 248 245 245 247 243 242 238 236 236 240 243 247 247 248 248 249 248 248 248 247 247 248 248 249 248 248 250 238 162 75 25 14 10 9 7 7 7 7 8 8 7 8 9 11 15 18 22 24 25 28 27 27 60 125 212 247 223 138 58 21 15 15 9 7 
247 247 247 245 244 243 241 237 237 241 245 247 248 248 248 248 247 247 245 244 244 245 248 248 248 248 248 247 247 247 245 244 241 242 245 244 244 249 248 244 243 241 238 240 243 244 247 248 248 248 248 248 248 248 247 247 245 247 247 245 245 245 202 116 52 18 10 10 9 7 7 7 7 8 9 8 9 10 12 16 22 24 25 24 28 22 36 87 149 226 244 203 108 46 17 8 17 16 14 
247 248 247 245 245 243 238 235 234 236 241 243 247 247 248 249 248 249 249 248 248 249 248 248 248 248 248 247 247 244 241 238 238 238 243 243 245 249 249 249 247 248 247 249 247 247 248 248 248 248 248 248 248 245 245 245 247 247 244 243 244 229 163 77 30 12 10 10 8 7 7 7 8 8 9 9 10 10 12 16 22 23 24 25 30 23 53 122 189 221 226 187 100 40 11 5 23 22 18 
247 245 245 245 247 244 242 240 242 243 244 244 244 244 245 248 248 248 249 249 249 249 249 248 248 248 248 247 247 244 243 242 244 247 247 247 248 249 249 250 250 249 249 249 249 249 248 248 248 248 248 248 248 249 248 248 248 247 248 243 243 209 125 49 21 10 9 10 8 7 7 7 8 9 9 9 11 11 12 15 19 22 23 24 29 43 95 165 221 254 240 179 90 22 8 9 21 18 12 
247 247 247 247 247 247 248 249 249 248 248 248 247 247 247 248 248 248 249 249 249 249 249 248 248 248 248 247 247 247 247 248 249 248 249 248 248 249 248 248 248 248 248 248 249 248 248 248 248 248 248 248 248 248 249 248 247 245 247 243 242 172 85 30 13 11 9 8 7 7 8 8 8 10 10 10 12 12 15 17 22 24 23 25 32 58 137 208 244 254 244 160 86 17 15 10 14 14 10 
248 248 248 248 248 247 248 248 248 247 247 248 248 249 248 249 249 249 248 248 249 249 249 249 248 248 247 247 247 248 249 249 249 249 249 249 248 248 248 248 248 248 248 248 248 248 248 248 248 248 248 248 248 247 248 247 247 247 245 243 242 137 54 17 9 11 9 8 7 7 7 8 8 9 10 11 14 15 16 19 23 26 24 26 36 89 175 233 248 229 221 148 89 15 10 9 10 11 10 
248 248 249 248 247 245 247 248 247 247 248 248 247 248 248 248 248 248 249 249 249 249 249 249 248 248 248 248 248 248 249 250 249 249 249 249 249 249 248 248 248 248 248 248 248 248 248 248 248 248 248 247 247 247 247 247 247 244 243 227 166 101 44 17 8 10 8 7 7 7 7 9 9 9 10 12 15 16 18 22 24 26 24 27 41 72 175 243 248 240 182 89 49 23 10 9 8 9 11 
248 248 248 248 248 247 245 247 242 235 231 233 243 244 245 247 248 248 249 249 249 249 249 249 249 249 248 248 248 248 247 247 247 247 247 248 249 249 248 248 248 248 248 248 248 248 248 248 248 248 248 248 247 247 247 247 245 243 241 210 125 64 32 16 8 9 8 7 7 7 7 8 9 10 11 14 16 18 20 22 24 26 25 27 67 103 202 254 247 215 151 64 23 23 15 17 11 9 10 
248 248 248 248 249 247 244 241 230 205 193 206 229 238 238 238 241 243 245 245 244 245 245 247 248 249 247 247 248 247 245 245 245 245 245 247 247 248 248 248 248 248 248 248 249 249 249 249 249 249 249 248 247 247 247 247 242 245 230 185 101 52 22 12 8 7 7 5 7 7 7 7 8 9 11 15 18 19 22 24 24 29 18 37 94 139 217 253 244 214 157 94 25 22 19 16 14 10 9 
248 248 248 248 248 247 242 237 223 200 191 209 227 236 236 234 235 235 236 235 233 233 234 235 236 238 242 243 244 244 244 245 247 247 247 247 247 248 248 248 248 248 248 248 249 249 249 249 249 249 249 248 248 248 247 245 247 237 202 142 65 37 17 12 9 7 7 7 5 7 7 7 8 9 11 15 18 21 22 24 24 30 26 59 131 171 231 250 238 224 193 164 78 43 26 12 10 11 9 
248 248 248 248 248 247 245 244 237 229 228 237 242 242 241 241 238 237 237 236 235 232 232 234 235 237 242 242 243 244 244 245 247 247 245 247 247 247 248 248 248 248 249 249 249 249 249 249 249 249 249 248 248 247 247 245 247 217 153 92 39 24 16 14 11 9 8 7 5 7 7 9 9 9 11 15 18 19 21 22 23 27 47 106 177 203 245 246 238 236 237 230 157 86 39 19 12 15 11 
248 248 249 249 249 249 248 248 249 249 248 247 247 245 245 245 244 244 244 244 244 244 244 244 245 244 246 247 248 248 248 248 248 248 247 249 249 248 248 248 248 248 248 248 249 249 249 249 249 249 249 248 247 247 245 244 230 178 107 51 25 21 15 12 11 8 8 7 5 7 7 9 10 11 14 17 21 22 23 25 26 33 64 146 219 229 250 248 245 247 251 243 174 127 52 28 26 23 18 
248 248 249 248 248 249 248 247 248 248 248 248 248 249 249 249 248 248 248 249 249 249 249 249 248 249 247 248 248 249 249 249 250 250 250 249 249 249 249 248 248 248 248 248 249 249 249 249 249 249 249 248 248 247 244 237 203 131 70 35 22 17 14 12 11 9 7 7 5 8 8 9 10 12 15 18 21 21 22 27 30 33 99 184 236 235 253 248 247 252 248 241 179 135 57 32 33 24 21 
248 248 248 247 247 248 247 247 247 247 247 248 248 249 249 249 249 248 248 249 249 249 249 248 249 248 248 249 249 249 249 249 250 250 250 249 249 249 248 248 248 248 248 248 248 248 248 249 249 249 249 248 247 247 245 224 166 92 45 23 18 15 14 11 11 8 7 7 7 7 8 9 11 12 15 17 18 21 21 16 31 24 118 218 249 239 253 248 247 253 246 250 179 131 54 26 25 19 19 
248 248 248 248 249 247 248 248 247 245 248 248 248 248 248 248 249 248 248 248 249 249 249 249 249 249 248 249 249 249 249 249 250 250 249 249 250 250 248 248 248 248 248 248 248 248 248 249 249 249 249 248 247 248 250 212 132 65 33 23 17 15 11 10 9 8 8 7 7 8 9 11 12 14 15 17 19 21 21 27 32 63 146 219 249 237 253 248 248 251 243 241 191 116 50 24 18 17 19 
248 248 248 248 248 248 248 248 248 247 248 248 248 248 248 248 248 248 248 248 249 248 248 248 249 248 248 248 249 249 249 251 252 252 249 250 250 250 248 248 248 248 248 248 248 248 248 249 249 249 249 249 247 238 224 165 90 45 22 18 16 14 11 10 9 9 8 8 7 8 9 11 14 14 16 18 19 19 22 27 32 99 185 237 249 236 253 249 248 252 240 216 157 84 37 19 14 15 15 
248 248 248 248 248 248 248 248 248 248 248 248 249 248 248 248 248 248 248 248 249 248 248 248 248 248 248 248 248 248 247 245 245 248 248 248 249 248 248 248 248 248 248 248 248 248 248 249 250 250 249 249 252 237 188 114 60 31 22 19 16 13 12 10 9 9 8 8 8 8 9 11 14 15 16 17 19 19 17 29 24 117 218 249 246 234 252 252 251 252 235 184 114 46 23 10 9 12 10 
248 248 248 248 248 248 248 248 248 248 248 248 248 248 248 248 248 248 248 248 248 248 248 248 248 248 248 247 247 244 237 230 229 236 241 248 249 248 248 248 248 248 248 248 248 248 248 249 249 249 249 249 247 220 152 81 45 25 22 18 16 12 11 10 9 8 8 8 8 8 9 12 14 15 16 17 19 19 19 38 35 143 233 250 248 237 248 251 249 250 226 153 81 36 18 11 9 10 8 
248 248 248 248 248 248 248 248 248 248 248 248 248 248 248 248 248 248 248 248 248 247 248 248 248 248 248 248 247 245 238 231 233 238 242 249 249 249 248 248 248 248 248 248 248 248 248 249 249 248 247 247 234 185 113 57 32 23 20 16 15 12 10 11 10 8 8 9 9 9 10 12 14 15 16 18 22 23 25 39 56 163 236 252 247 247 248 252 250 246 202 122 50 21 15 11 10 8 5 
248 248 248 248 248 248 248 248 248 248 248 248 248 248 248 248 248 248 248 248 248 247 247 247 247 248 248 248 249 248 247 244 247 247 248 249 249 249 248 248 248 248 248 248 248 248 248 249 248 249 249 252 230 152 82 40 22 20 20 17 15 14 11 11 11 10 9 9 9 9 10 11 14 16 17 22 25 29 32 40 61 162 237 252 249 247 247 252 252 241 181 99 33 12 12 10 10 8 5 
248 248 248 248 248 248 248 248 248 248 248 248 248 248 247 247 247 247 247 247 248 247 247 247 247 248 248 248 249 249 249 249 250 249 248 248 249 249 249 249 249 249 249 249 249 248 248 247 249 247 237 233 191 113 56 32 21 19 19 18 17 15 12 13 12 12 11 11 11 11 12 12 14 16 17 23 29 33 34 40 72 162 238 250 249 247 247 250 249 222 149 72 25 12 11 10 8 7 5 
248 248 248 248 248 248 248 248 248 248 248 248 248 248 247 247 247 247 247 247 248 247 247 247 247 247 248 248 249 249 248 248 249 249 247 249 249 250 249 250 249 249 249 249 249 249 248 247 248 247 235 192 129 78 38 26 21 21 21 19 17 16 15 15 15 14 14 14 14 14 14 15 15 15 18 22 26 47 37 40 74 169 238 249 250 247 247 241 229 196 117 40 14 11 10 9 8 7 5 
248 248 248 248 248 248 248 248 248 248 248 248 248 248 247 247 245 247 247 247 248 248 248 248 248 248 247 247 248 248 248 249 249 247 247 247 244 237 235 236 241 242 243 245 247 247 247 247 247 247 241 198 107 43 28 25 19 21 21 19 18 17 16 15 14 16 16 15 15 15 15 15 15 16 18 21 24 31 38 42 73 164 238 248 248 249 250 253 243 199 118 38 25 9 9 9 9 7 5 
248 248 248 248 248 248 248 248 248 248 248 248 248 248 248 247 247 247 247 247 247 248 248 248 248 248 248 248 248 248 248 248 248 245 244 240 228 213 212 216 227 236 240 242 245 245 244 244 243 247 244 195 96 39 26 28 21 21 21 20 18 18 18 17 16 17 17 15 15 15 15 15 15 16 18 22 25 33 39 46 92 192 248 247 248 248 252 254 238 187 89 18 15 10 10 9 8 7 5 
248 248 248 248 248 248 248 248 248 248 248 248 248 248 249 247 248 247 247 247 247 248 248 248 248 248 248 248 248 247 245 243 240 239 238 234 224 215 217 223 231 238 242 244 245 243 241 241 241 248 251 203 100 42 29 31 22 22 21 21 18 18 19 18 18 18 17 16 16 15 15 16 16 17 19 23 26 33 39 59 121 207 250 244 247 243 252 249 209 141 49 8 10 11 9 8 8 5 5 
248 248 248 248 248 248 248 248 248 248 248 248 248 249 249 249 249 247 248 248 247 248 248 248 248 248 248 248 248 244 235 233 234 235 238 238 241 240 241 243 245 245 246 247 247 245 245 245 244 249 250 205 106 43 30 33 25 22 21 22 18 19 21 21 18 18 18 16 16 17 17 16 17 18 19 23 30 35 37 78 166 227 249 247 247 245 245 218 164 84 24 8 11 11 10 8 8 5 5 
248 248 248 248 248 248 248 248 248 248 248 248 248 249 249 249 249 249 248 248 248 248 248 248 248 248 248 248 248 244 234 231 237 240 244 247 249 251 251 251 250 249 248 248 249 249 249 249 249 248 250 208 112 51 33 36 29 24 23 22 19 19 21 21 19 19 18 18 17 18 18 19 21 23 24 26 32 40 53 107 202 248 248 247 248 245 238 196 125 54 15 11 12 12 10 8 5 5 5 
248 248 248 248 248 248 248 248 248 248 248 248 248 248 248 249 249 249 248 248 248 247 248 248 248 248 248 248 248 247 245 243 245 245 248 249 249 249 248 249 249 248 248 248 249 249 249 250 249 248 250 215 119 47 31 34 29 25 24 22 19 19 21 21 21 19 19 19 18 19 21 23 24 26 27 30 37 47 71 139 217 250 245 245 248 246 233 166 87 43 18 14 14 14 10 8 5 5 5 
248 248 248 248 248 248 248 248 248 248 248 248 248 248 247 248 248 249 249 248 248 248 248 248 248 248 248 248 248 249 249 249 247 247 248 249 249 249 249 249 249 249 249 249 249 249 250 249 249 248 249 208 114 43 30 33 28 24 24 24 20 21 22 22 22 21 21 21 21 21 22 24 26 26 29 35 43 59 101 173 231 249 247 246 247 244 228 169 90 47 23 10 10 10 8 7 6 6 6 
248 248 248 248 248 248 248 248 248 248 248 248 248 247 247 248 248 249 249 248 248 248 248 248 248 248 248 248 248 249 249 248 247 247 247 248 249 249 249 249 249 248 249 249 249 249 249 249 248 247 245 194 103 47 35 35 28 24 25 24 20 21 22 22 22 22 23 22 22 23 23 26 30 31 33 42 53 85 153 214 244 249 249 248 247 241 233 194 127 72 28 10 8 8 7 7 6 6 6 
248 248 248 248 248 248 248 248 248 248 248 248 248 248 247 248 248 248 248 248 248 248 248 248 248 248 248 248 248 248 248 248 249 249 249 249 248 248 248 248 249 248 249 249 249 249 248 248 248 247 245 208 125 61 38 35 28 26 26 24 24 23 24 23 23 23 23 23 24 27 27 29 34 42 45 56 72 120 187 231 248 250 250 248 247 237 205 158 93 40 18 9 7 7 7 9 6 6 6 
248 248 248 248 248 248 248 248 248 248 248 248 248 248 248 248 248 248 248 248 248 248 248 248 248 248 248 248 248 248 248 248 249 249 249 248 248 248 248 248 249 249 249 249 249 248 248 248 248 248 245 226 143 71 40 35 30 27 26 24 24 24 24 23 22 22 23 24 25 29 30 31 36 46 60 71 95 152 213 243 249 250 250 248 248 224 173 109 52 21 12 10 7 8 7 8 8 8 8 
248 248 248 248 248 248 248 248 248 248 248 248 248 248 248 248 248 248 248 248 248 248 248 248 248 248 248 248 248 249 249 249 249 249 249 249 249 249 249 249 249 249 249 249 249 248 249 249 248 248 245 234 158 85 44 36 30 30 28 27 27 26 25 23 22 22 22 24 26 29 32 35 40 52 74 94 137 188 237 250 250 250 250 249 250 215 138 64 35 18 9 8 7 8 8 9 9 9 9 
248 248 248 248 248 248 248 248 248 248 248 248 248 248 248 248 248 248 248 248 248 248 248 248 248 248 248 248 248 249 249 249 249 249 249 249 249 249 249 249 249 249 249 249 249 249 249 249 248 248 245 241 184 102 51 43 31 32 31 30 29 29 27 25 23 22 22 25 28 31 38 44 52 68 99 141 195 220 252 252 250 250 250 250 250 214 142 67 39 24 11 8 8 8 8 10 10 10 10 
248 248 248 248 248 248 248 248 248 248 248 248 248 248 248 248 248 248 248 248 248 248 248 248 248 248 248 248 248 249 249 249 249 249 249 249 249 249 249 249 250 250 250 249 249 249 249 249 249 248 248 243 200 116 59 45 32 36 33 31 31 29 28 28 25 25 27 32 36 39 47 51 60 84 142 196 237 247 250 250 251 251 251 249 249 224 172 108 67 38 18 8 8 8 9 11 11 11 11 
248 248 248 248 248 248 248 248 248 248 248 248 248 248 248 248 248 248 248 248 248 248 248 248 248 248 248 248 248 249 249 249 249 249 249 249 249 249 249 250 250 250 250 249 249 249 248 248 249 249 248 243 221 158 81 47 39 37 34 32 31 31 30 30 31 34 38 41 44 45 47 60 81 125 198 237 251 252 251 250 250 251 251 249 249 237 209 163 115 55 25 11 10 10 10 12 12 12 12 
248 248 248 248 248 248 248 248 248 248 248 248 248 248 248 248 248 248 248 248 248 248 248 248 248 248 248 248 248 249 249 249 249 249 249 249 249 248 248 249 250 250 250 250 250 249 249 249 249 249 247 245 237 202 121 68 49 37 36 33 33 34 33 32 36 40 45 51 53 56 60 85 125 185 237 251 250 251 250 251 251 251 251 250 250 243 228 206 166 88 31 15 12 15 15 15 14 12 11 
248 248 248 248 248 248 248 248 248 248 248 248 248 248 248 249 249 249 249 248 248 248 249 249 249 249 249 249 249 249 249 249 249 249 249 249 248 248 249 248 250 250 250 250 250 249 249 249 249 249 247 246 241 225 165 101 52 47 45 43 42 43 41 40 44 47 49 48 59 73 100 139 185 230 248 249 250 250 250 251 251 251 251 250 249 247 243 233 180 85 35 24 12 17 19 22 22 22 24 
248 248 248 248 248 248 248 248 248 248 248 248 248 248 248 248 248 248 248 248 248 248 248 248 248 248 248 248 249 249 249 249 249 249 249 249 249 250 250 250 249 250 250 250 250 249 249 249 250 250 249 247 246 233 203 156 95 54 44 42 40 40 42 45 50 58 61 80 109 128 165 209 241 252 248 250 250 251 251 251 251 250 250 249 249 249 249 223 149 70 36 28 16 19 24 25 29 28 29 
248 248 248 248 248 248 248 248 248 248 248 247 247 247 248 248 248 248 248 248 248 248 248 248 248 248 248 248 249 248 248 248 248 248 248 249 250 251 250 250 250 250 250 250 250 249 249 249 250 249 249 246 245 240 230 209 162 93 74 74 71 68 71 73 73 80 86 108 150 188 220 241 249 249 247 250 250 251 251 251 251 251 251 250 249 249 244 199 122 58 35 30 23 29 33 32 33 31 32 
248 248 248 248 248 248 248 248 248 248 248 248 248 247 248 248 248 248 248 248 248 248 248 248 248 248 248 248 248 248 247 247 247 247 247 248 250 249 249 249 249 249 249 250 250 250 249 249 249 249 249 248 245 245 245 237 202 159 150 146 144 141 142 143 142 145 151 167 200 231 245 249 249 249 248 250 250 251 251 251 251 251 251 250 250 250 238 182 102 50 35 35 30 32 36 36 36 33 37 
248 248 248 248 248 248 248 248 248 248 248 248 248 249 249 250 250 250 250 250 251 250 250 250 250 250 250 249 249 249 248 248 248 248 245 245 247 245 245 245 248 249 250 250 250 249 250 249 249 249 249 248 248 247 249 243 228 217 220 224 217 210 210 220 220 222 221 231 242 247 248 249 249 250 249 249 250 251 251 251 251 251 251 251 251 251 241 181 100 49 37 36 33 32 31 32 32 31 36 
247 247 247 247 247 247 247 247 247 247 247 247 247 245 245 245 245 244 245 247 247 248 248 248 247 247 247 247 248 248 247 247 247 244 241 237 235 233 231 233 243 248 249 250 249 250 250 250 250 249 250 249 248 248 247 245 244 247 248 246 243 241 242 244 244 244 241 245 248 250 250 250 250 249 249 249 250 251 251 251 251 251 251 251 251 252 229 160 86 43 36 33 30 28 25 26 24 24 25 
245 245 245 244 245 244 244 244 244 244 244 243 242 241 240 237 237 236 237 237 237 238 240 241 241 242 242 242 242 241 240 238 240 240 235 228 226 227 221 224 238 248 249 250 250 250 250 250 250 250 250 249 249 249 248 247 247 248 248 247 246 246 245 246 246 245 244 246 247 248 248 248 249 249 249 249 250 251 251 251 251 251 251 251 250 250 201 118 57 33 29 28 24 21 18 18 18 17 15 
247 247 247 247 247 245 245 245 245 245 245 244 244 242 242 241 241 240 240 240 238 240 241 242 242 243 243 242 242 242 240 237 240 242 240 236 238 240 234 236 243 248 249 250 249 250 250 250 250 250 250 249 249 249 249 248 248 248 248 249 249 248 248 249 249 250 248 248 248 248 248 247 249 250 250 250 251 251 251 251 251 251 251 251 251 235 178 95 42 26 22 19 16 12 9 9 10 9 8 
248 248 248 248 248 248 248 248 248 247 247 248 249 249 249 250 250 249 250 249 248 248 247 245 245 245 245 245 245 245 244 244 244 247 247 248 249 249 249 247 247 247 248 249 249 250 250 250 250 250 249 250 250 250 250 249 249 252 252 249 249 249 249 251 251 252 251 250 249 249 248 247 249 249 249 250 251 251 251 251 251 251 251 251 251 234 180 101 44 24 16 12 9 7 6 6 4 4 4 
248 248 248 248 248 248 248 248 248 248 248 248 247 248 248 248 248 248 248 248 248 248 248 245 245 245 245 247 248 248 248 248 248 247 249 250 250 249 249 249 249 249 249 249 249 250 249 249 250 250 250 249 249 249 249 249 249 248 248 249 249 249 249 251 251 251 250 250 249 249 249 248 249 249 249 250 250 251 251 251 251 251 251 251 251 247 195 107 39 24 16 9 7 5 5 4 2 1 1 
248 248 248 248 248 248 248 248 248 248 248 247 247 247 247 248 248 248 248 248 248 248 248 247 247 247 247 249 249 248 249 248 248 247 248 249 248 249 249 248 248 249 249 249 249 250 250 250 250 250 250 249 249 249 248 248 248 250 251 250 250 248 247 249 248 248 245 246 246 245 246 247 248 249 249 249 250 250 250 251 251 251 251 250 251 243 203 117 40 22 17 9 7 5 5 4 3 2 1 
248 248 248 248 248 248 248 248 248 248 248 248 248 247 248 249 249 249 249 249 249 249 249 249 249 249 249 249 249 249 249 249 249 249 249 249 249 249 249 249 249 249 249 249 249 250 250 250 250 250 250 249 249 249 248 247 247 246 243 246 247 247 245 244 243 241 240 241 242 243 245 248 248 249 249 249 250 249 250 250 251 251 251 249 249 242 220 150 68 26 17 8 5 5 4 4 4 3 2 
248 248 248 248 248 248 248 248 248 248 248 248 249 249 249 249 249 249 249 249 249 249 249 249 249 249 249 249 249 249 249 249 249 249 249 249 249 249 249 249 249 249 249 249 249 249 249 250 249 248 247 247 247 245 242 241 241 241 231 235 237 238 238 241 242 244 243 243 243 247 247 249 250 250 250 250 249 248 249 251 252 252 252 251 251 240 229 189 113 42 18 9 5 3 4 3 2 2 1 
248 248 248 248 248 248 248 248 248 248 248 248 248 249 249 249 249 249 249 249 249 249 249 249 249 249 249 249 249 249 249 249 249 249 249 249 249 249 249 249 249 249 249 249 249 249 249 249 247 243 241 239 236 235 232 231 229 222 216 206 192 212 198 200 206 214 215 216 218 222 222 224 224 228 230 233 233 227 230 236 240 242 244 248 249 234 227 206 137 49 19 11 7 5 4 3 2 2 2 
248 248 248 248 248 248 248 248 248 248 248 248 248 249 249 249 249 249 249 249 249 249 249 249 249 249 249 249 249 249 249 249 249 249 249 249 249 250 249 249 249 249 249 249 249 250 249 249 245 242 241 241 239 237 238 235 229 219 207 182 170 145 129 122 120 124 128 135 143 146 146 146 146 152 158 164 172 150 155 162 166 171 178 189 196 179 173 156 101 38 18 15 16 8 8 7 5 7 5 
248 248 248 248 248 248 248 248 248 248 248 248 248 249 249 249 249 249 249 249 249 249 249 249 249 249 249 249 249 249 249 249 249 248 249 250 250 251 250 250 249 247 247 247 247 248 248 248 248 246 246 244 243 242 243 242 235 227 222 193 186 122 97 93 79 61 54 59 64 66 65 65 66 72 75 79 86 74 75 77 82 86 92 108 116 90 85 73 46 33 22 19 23 14 14 13 12 12 11 
248 248 248 248 248 248 248 248 249 249 249 249 249 249 249 249 249 249 249 249 249 249 249 249 249 249 249 249 249 249 249 249 249 248 249 251 251 251 251 250 249 247 245 247 247 248 248 248 248 248 247 245 244 244 244 245 244 236 237 216 204 171 134 108 81 56 35 36 37 38 37 36 38 42 39 38 38 38 40 42 40 40 43 51 55 43 43 35 28 32 25 22 21 19 16 17 17 16 16 
248 248 248 248 248 248 248 249 249 249 249 249 249 249 249 249 249 249 249 249 249 249 249 249 248 249 249 249 249 248 248 249 249 248 249 250 251 249 249 249 247 244 244 245 246 245 245 242 241 240 241 240 240 238 238 238 235 233 219 210 207 181 155 122 94 78 56 50 44 42 37 37 37 43 33 33 32 32 34 36 34 30 30 34 38 37 33 31 30 29 26 23 19 18 19 18 18 18 18 
248 249 249 249 249 249 249 249 249 249 249 249 249 249 249 249 248 248 248 248 248 249 249 249 249 249 249 248 248 248 248 248 247 247 249 248 249 248 247 245 243 241 241 241 241 239 235 228 224 223 222 217 216 212 208 203 194 188 174 160 158 160 131 114 99 72 50 42 42 37 35 34 36 36 35 32 30 31 32 32 33 31 31 34 37 37 36 36 37 41 45 41 32 21 25 25 22 22 22 
248 249 249 249 249 249 249 249 249 249 249 249 249 249 249 250 249 249 249 249 249 249 249 250 250 250 250 248 248 247 247 247 244 242 240 236 233 230 230 229 230 230 227 222 216 207 198 191 184 178 171 165 157 151 144 138 124 122 118 102 95 89 79 75 77 62 39 36 36 36 33 33 33 32 32 31 30 30 31 31 32 33 43 50 66 74 82 86 92 100 97 90 88 63 51 35 25 26 26 
249 249 249 249 248 248 248 249 249 249 249 249 249 249 249 250 249 249 249 249 249 249 249 250 250 250 250 249 249 248 247 242 235 227 224 222 221 221 223 227 229 226 219 206 175 158 143 131 123 118 109 103 98 94 91 86 79 74 66 56 52 47 44 42 42 41 34 35 33 32 32 31 32 32 31 31 31 31 32 35 40 54 84 108 132 156 174 175 175 177 167 160 157 124 90 54 35 29 29 
249 249 249 249 249 249 249 249 249 249 249 248 248 248 248 248 248 248 248 248 248 249 249 249 250 250 250 249 249 249 247 238 230 224 223 225 225 227 231 236 235 228 215 191 137 116 88 79 72 71 67 63 60 58 57 53 51 47 40 39 39 37 37 36 33 32 32 32 32 32 32 32 32 31 31 31 31 31 33 43 61 93 140 177 207 233 236 236 234 235 226 220 203 174 127 75 45 31 30 
249 248 245 244 245 245 247 248 249 249 249 249 249 249 248 248 248 247 247 247 247 249 249 250 250 250 250 248 248 248 247 243 240 236 233 232 235 236 237 238 231 216 189 159 107 84 63 60 52 46 47 45 45 44 44 44 40 37 36 37 38 37 38 39 36 36 35 32 32 33 32 32 32 31 30 30 30 30 35 47 72 103 152 200 237 249 247 248 251 252 241 227 193 157 106 66 44 33 30 
249 245 242 241 242 243 244 244 244 244 244 244 245 247 248 248 248 249 249 250 251 250 250 250 249 250 251 252 252 250 250 249 247 238 234 235 241 245 242 235 214 189 152 106 75 65 54 52 50 45 44 44 44 43 44 44 43 40 39 39 38 38 39 40 39 37 37 34 33 33 32 31 32 31 30 30 30 31 35 44 60 84 117 160 195 213 229 238 245 248 229 206 161 114 63 49 39 34 30 
248 247 246 245 245 244 244 242 243 244 241 240 242 235 235 234 238 234 231 222 217 220 221 219 223 233 234 234 234 234 233 233 236 241 245 244 243 245 240 222 193 159 124 84 60 58 50 47 48 45 44 44 44 44 45 45 45 44 42 42 42 40 40 40 39 37 37 34 33 33 32 31 32 31 30 30 30 31 33 37 40 52 71 88 123 150 184 206 223 226 208 183 138 96 47 42 37 36 32 
237 236 231 229 221 214 209 210 212 207 200 194 194 193 189 192 192 182 177 165 159 157 160 164 169 159 159 162 165 174 177 184 199 226 238 242 242 236 226 200 164 124 94 70 52 50 46 46 45 43 40 40 43 44 44 45 46 46 44 43 41 41 40 40 37 35 35 32 32 31 31 31 31 31 31 30 30 30 31 32 31 32 36 42 57 77 118 152 173 168 158 131 88 68 43 40 36 32 30 
216 205 191 174 158 144 137 137 134 128 123 121 118 130 128 135 131 128 122 118 117 120 122 127 132 116 120 127 125 124 125 127 137 157 170 186 198 191 177 155 122 89 66 51 47 46 45 44 44 39 36 36 38 40 42 43 44 44 43 41 40 38 38 37 34 32 32 31 30 31 30 31 31 31 30 29 29 29 30 31 30 30 30 32 33 43 65 89 99 107 100 87 68 66 39 37 32 32 30 
200 180 162 134 113 96 82 78 68 68 65 65 64 68 70 77 79 85 88 94 103 122 125 128 134 132 135 135 131 82 77 72 73 87 99 107 114 115 110 97 79 61 50 46 43 42 43 45 43 40 37 37 38 38 40 41 43 43 41 38 37 35 33 33 32 30 29 29 29 30 30 31 31 30 30 30 30 29 30 30 30 29 29 29 29 32 37 46 45 53 47 52 51 51 35 33 29 29 28 
202 184 167 144 125 106 88 72 58 50 46 42 43 45 45 49 53 59 65 72 80 100 104 108 115 119 121 118 117 70 63 56 51 64 74 81 85 90 89 81 73 61 54 50 47 46 47 44 39 38 39 38 38 37 37 37 38 38 37 33 32 31 31 32 31 30 30 30 29 29 29 30 30 30 30 29 29 29 29 30 30 29 29 30 30 31 32 33 33 35 35 35 33 33 32 32 31 29 28 
219 206 195 181 166 147 124 100 79 64 57 49 46 54 51 53 52 50 51 49 51 59 59 54 57 61 65 67 71 70 68 67 72 92 107 118 123 127 124 113 108 99 88 74 68 72 67 53 44 40 39 38 36 36 34 33 32 32 32 32 32 31 30 30 30 29 30 30 29 28 28 29 29 29 29 29 30 30 30 30 30 30 30 29 30 32 33 33 34 34 36 36 36 34 33 31 30 29 29 
235 230 227 220 205 188 165 148 128 115 105 95 88 89 79 75 66 56 52 50 46 51 49 46 45 45 45 46 49 49 50 64 80 115 139 158 166 179 178 169 166 163 151 131 110 109 94 73 57 46 39 38 36 36 36 36 36 34 33 33 33 31 32 32 31 30 29 29 29 29 30 29 29 31 31 31 31 31 31 32 31 31 31 30 30 32 33 34 33 36 34 36 37 36 36 33 31 29 29 
243 243 244 240 231 223 210 205 191 184 175 171 159 150 136 120 102 80 71 63 52 54 54 52 51 53 50 49 46 46 52 71 96 135 162 188 203 213 209 200 203 210 208 194 164 156 134 97 68 57 49 44 37 34 34 34 33 33 33 33 35 36 33 32 31 31 31 31 30 30 31 31 32 32 32 32 32 33 33 34 34 34 34 34 36 36 37 37 37 38 38 38 38 37 37 35 33 32 32 
246 246 247 245 242 241 239 236 233 229 224 223 215 205 191 174 157 132 115 103 96 99 99 100 99 97 92 87 86 78 81 90 108 136 152 174 191 201 194 191 192 191 188 181 167 152 135 102 77 71 65 54 47 46 44 41 43 47 47 43 37 36 36 33 32 36 35 33 31 29 32 33 35 33 33 33 33 34 36 36 37 38 38 39 39 40 40 40 40 40 40 39 39 38 38 36 36 35 35 
250 250 249 249 249 248 248 245 245 243 243 240 237 231 221 213 201 182 166 153 149 152 155 158 158 155 145 141 139 144 153 156 158 166 173 179 186 189 180 177 172 163 160 158 150 144 131 107 88 86 82 78 78 90 89 92 93 90 88 78 66 53 52 47 43 40 39 39 34 33 37 36 37 38 38 37 37 38 37 37 39 38 39 40 42 43 42 41 41 41 41 41 41 40 39 38 38 38 37 
249 249 249 249 249 248 247 245 247 246 246 243 242 241 239 236 231 219 212 202 200 214 217 218 218 217 213 208 208 209 215 217 219 216 220 219 219 215 206 194 185 185 186 186 170 170 166 151 134 129 126 124 124 139 142 143 144 139 138 123 106 80 72 63 54 49 46 46 45 43 41 43 44 44 44 44 44 45 41 40 43 43 43 44 44 45 45 45 44 44 44 43 43 43 43 43 44 44 44 
249 249 249 249 249 249 248 249 249 249 248 247 245 244 244 242 240 234 229 222 223 236 241 243 243 243 243 243 243 242 242 242 242 241 241 242 242 241 234 224 221 222 222 221 212 213 212 199 185 177 173 171 171 185 184 185 185 177 174 160 140 114 90 77 63 53 48 48 46 45 45 45 45 44 44 45 46 47 46 46 47 47 47 49 49 50 50 49 46 46 45 44 44 45 46 46 47 47 49 
249 249 249 249 249 249 249 250 250 250 249 247 247 245 245 244 242 240 237 235 238 240 242 246 247 247 246 245 245 245 245 245 245 242 243 244 243 243 242 240 241 241 241 237 236 234 230 219 209 202 199 192 182 201 195 191 187 175 167 157 139 118 94 80 63 53 50 50 51 50 48 47 47 46 49 50 51 51 50 50 50 50 50 50 51 50 50 50 47 47 46 45 45 45 46 47 49 50 52 
249 249 249 249 249 249 249 250 250 250 250 248 248 245 245 245 244 244 244 242 245 245 245 248 248 247 247 245 244 244 243 243 242 238 237 236 237 238 242 244 245 246 247 243 241 238 234 226 216 209 203 194 185 188 182 179 174 160 150 139 127 111 96 84 70 63 58 60 63 64 65 66 66 65 68 67 67 66 61 59 57 56 54 53 53 53 54 54 54 56 54 56 56 54 53 53 54 57 58 
