20 22 22 23 24 25 25 25 25 25 24 24 24 24 23 23 23 24 24 24 23 23 21 19 20 22 21 21 22 23 24 24 22 20 18 15 15 16 18 19 19 17 16 16 17 18 18 17 18 16 15 15 15 16 16 15 15 16 16 15 16 15 15 15 14 14 14 14 14 14 15 15 15 15 15 15 15 15 15 15 15 15 15 15 15 15 16 17 16 17 19 19 20 20 22 22 20 20 19 19 19 19 18 18 18 18 18 18 18 18 19 
20 22 23 23 23 24 25 25 25 25 24 24 23 23 23 23 23 24 24 24 24 23 21 19 19 20 22 22 22 24 29 40 45 52 57 54 56 64 88 85 75 64 53 47 32 22 19 17 16 15 16 16 16 17 16 16 16 16 16 16 16 16 15 15 14 14 14 14 14 14 15 15 15 15 15 15 15 15 15 15 15 15 15 15 15 15 16 16 16 17 19 19 19 20 20 22 20 20 19 19 19 19 19 18 18 18 18 18 18 18 19 
20 23 22 20 23 24 25 25 25 24 24 24 23 22 23 23 23 23 23 24 23 22 19 19 19 21 22 29 39 53 79 109 128 141 149 148 152 159 175 189 187 169 150 134 118 95 59 33 26 23 17 16 17 18 17 16 16 17 17 16 15 15 15 15 14 14 14 14 14 14 15 15 15 15 15 15 16 16 15 15 15 14 14 14 14 14 15 16 17 17 18 18 19 20 20 20 20 20 20 22 22 22 19 19 20 20 20 20 20 20 22 
23 23 23 23 24 24 25 25 24 24 23 23 22 22 22 22 22 23 23 23 22 22 23 22 24 30 46 71 100 128 165 201 220 235 237 235 237 238 240 243 246 241 234 217 206 189 160 97 51 32 21 15 15 18 17 17 18 18 18 17 16 15 15 15 14 14 14 14 14 14 15 15 15 15 15 15 16 16 15 15 15 14 14 14 14 14 15 15 16 17 18 18 19 20 20 22 22 22 22 22 22 22 19 19 20 20 20 20 20 20 22 
23 23 23 22 24 25 26 25 23 23 23 23 21 21 21 19 21 21 21 21 23 25 25 31 46 73 108 145 180 208 235 245 251 252 251 251 248 245 242 242 242 246 252 252 251 246 242 201 134 95 66 38 23 17 17 18 21 21 20 19 17 16 15 15 15 15 15 15 15 15 15 15 15 15 15 15 16 16 15 15 15 14 14 14 14 14 15 16 16 17 18 18 19 20 20 22 22 22 22 22 22 22 21 19 20 20 20 20 20 20 22 
24 24 23 23 24 25 25 24 23 23 23 20 21 19 19 21 21 22 22 24 27 32 43 74 107 148 183 206 220 229 232 230 229 224 222 221 210 199 188 188 193 204 219 230 240 244 252 248 227 201 170 122 78 40 21 24 24 21 22 20 17 16 14 15 15 15 15 15 15 15 15 15 15 15 15 15 16 16 15 15 15 14 14 14 14 14 15 16 16 17 18 18 19 22 22 22 22 22 22 22 22 22 21 19 20 20 20 20 20 20 22 
24 24 24 24 25 25 25 24 23 22 21 21 19 18 18 21 22 22 24 32 44 64 100 146 180 204 209 203 192 177 172 169 162 157 156 145 134 124 101 101 107 120 131 149 167 184 210 230 242 245 238 213 169 113 71 32 22 21 22 21 18 17 14 15 15 15 15 15 15 15 15 15 15 15 15 15 16 16 15 15 15 14 14 14 14 14 13 15 15 16 17 18 19 20 20 22 22 22 21 21 22 22 22 20 20 20 20 20 20 20 22 
24 24 25 24 25 25 25 24 23 23 23 21 18 17 21 22 26 30 40 63 90 128 166 192 202 195 178 153 129 108 101 93 81 75 69 64 59 50 37 40 44 46 50 61 73 89 120 153 182 212 228 234 228 199 157 78 42 26 23 18 20 18 15 15 16 15 15 15 15 15 15 15 15 15 15 15 16 16 15 15 15 14 14 14 14 14 15 15 16 16 17 18 19 20 20 22 22 22 21 21 22 22 22 20 20 20 20 20 20 20 22 
23 25 24 24 25 25 24 23 23 23 23 22 19 18 22 25 33 54 85 123 158 187 201 186 171 146 122 93 71 53 44 33 29 28 23 21 19 16 15 15 14 14 14 16 18 31 45 71 100 137 165 186 206 220 210 159 109 60 32 21 23 17 15 15 16 15 15 15 14 14 15 15 15 15 15 15 16 16 15 15 15 14 14 14 14 14 15 15 16 16 18 18 19 20 20 22 22 22 21 21 22 22 22 20 20 20 20 20 20 20 22 
25 25 25 25 26 26 24 24 23 23 23 22 22 21 22 31 50 96 150 196 219 207 189 146 118 93 70 49 35 22 16 14 16 16 12 11 9 8 6 5 4 4 6 7 10 14 16 22 39 64 88 113 142 175 202 207 179 128 70 36 23 18 15 15 16 15 15 15 14 14 15 15 15 15 15 15 16 16 15 15 15 14 14 14 14 14 16 15 17 17 18 18 19 20 20 22 22 22 21 21 22 22 22 20 20 20 20 20 20 20 22 
24 24 25 26 26 26 24 24 23 23 24 23 24 24 21 39 89 156 206 234 227 183 148 102 73 51 37 25 17 11 8 8 9 6 5 5 4 4 4 3 3 2 3 4 7 9 8 4 12 25 36 50 72 104 156 201 219 200 149 87 39 23 17 16 15 14 14 14 14 14 14 14 14 14 14 14 15 14 14 14 14 14 14 14 14 14 14 15 16 17 18 18 19 19 19 22 21 19 19 19 20 20 20 20 19 19 19 19 19 19 22 
25 25 25 26 26 26 24 24 23 23 25 24 27 29 36 73 143 209 235 233 200 145 102 61 40 26 15 11 8 4 5 4 4 4 4 4 4 3 3 3 3 3 3 3 4 5 4 3 5 12 16 18 28 53 102 156 213 231 220 170 95 43 22 19 16 14 14 14 14 14 14 14 14 14 14 14 15 14 14 14 14 14 14 14 14 14 14 15 16 17 18 18 19 20 19 22 21 21 19 19 20 20 20 20 19 19 19 19 19 19 22 
23 24 26 26 26 25 25 24 23 24 26 27 31 38 66 127 194 234 234 206 150 93 59 32 17 10 7 4 4 3 3 3 2 2 3 3 2 2 2 3 2 2 2 2 2 2 3 3 5 8 11 11 15 30 56 97 165 215 240 227 176 96 37 22 17 14 14 12 12 12 14 14 14 14 14 14 15 14 14 14 14 14 14 14 14 14 14 15 16 17 18 18 19 19 20 20 20 20 19 19 20 20 19 19 19 19 19 19 19 19 22 
24 25 26 26 27 27 26 25 23 24 26 30 38 59 114 180 226 238 214 162 96 49 28 13 4 4 3 3 3 3 3 3 2 2 2 2 2 2 2 2 2 2 2 2 2 2 3 4 5 5 7 9 10 15 26 53 107 169 215 237 232 170 79 30 18 16 15 12 12 12 14 14 14 14 14 14 15 14 14 14 14 14 14 14 14 14 15 15 17 18 19 19 19 19 20 22 20 20 19 19 20 20 19 19 19 19 19 19 19 19 22 
23 25 26 25 26 27 26 25 24 24 28 35 49 100 170 217 240 230 178 107 51 25 14 6 2 2 2 2 2 2 2 2 2 2 2 2 1 1 1 1 2 3 3 3 4 4 4 4 4 4 4 7 5 8 12 27 59 110 173 226 242 220 143 59 28 19 17 15 15 13 14 14 14 14 14 14 14 14 14 14 14 14 14 14 14 14 15 15 17 18 19 19 20 20 20 22 22 20 19 19 20 20 19 19 19 19 19 19 19 19 22 
22 24 26 25 27 29 26 25 24 26 30 44 82 152 214 238 242 205 131 65 26 13 11 6 3 2 2 2 2 2 2 2 2 2 2 2 1 1 1 2 3 3 3 4 4 4 4 3 2 2 3 4 5 5 9 15 33 65 121 186 231 240 201 123 53 24 19 15 15 15 14 14 14 14 14 14 14 14 14 14 14 14 14 14 14 14 15 15 17 18 19 19 20 20 22 22 22 22 19 19 20 20 19 19 19 19 19 19 19 19 22 
22 24 26 26 26 28 26 25 24 30 36 64 130 199 236 245 228 162 89 40 14 7 4 3 3 2 2 2 2 2 1 1 1 1 1 1 1 1 1 2 3 3 3 4 4 4 4 3 2 2 3 3 3 4 7 9 20 37 73 125 192 236 237 189 103 40 16 15 17 16 15 14 14 14 14 14 14 14 14 14 14 14 14 14 14 14 16 17 17 18 19 19 20 20 22 22 22 22 21 21 20 20 20 20 20 20 20 20 20 20 22 
22 24 26 26 28 29 28 26 28 31 47 93 170 229 241 240 194 115 57 22 7 4 3 3 2 2 2 2 2 2 1 1 1 1 1 1 1 2 2 3 4 4 4 5 5 5 4 3 2 2 2 2 2 3 5 7 10 18 39 78 138 207 242 233 166 86 29 17 18 17 15 15 15 14 14 14 14 14 14 14 14 14 14 14 14 14 16 17 17 18 18 19 19 20 20 22 20 22 21 21 20 20 20 20 20 20 20 20 20 20 22 
23 24 27 29 28 28 28 29 31 37 64 129 205 241 246 224 145 70 31 11 4 3 2 2 1 1 1 1 1 1 1 1 1 1 1 1 1 2 2 2 3 4 4 4 5 5 4 3 3 3 3 2 3 4 4 5 8 11 21 43 90 169 227 243 203 123 50 21 18 16 16 15 14 14 14 14 14 14 14 14 14 14 14 14 14 14 16 16 17 17 17 18 18 18 20 20 20 20 20 20 20 20 20 20 20 20 20 20 20 20 19 
23 24 27 27 28 28 29 30 33 40 84 164 223 244 236 181 99 43 21 8 3 3 2 2 1 1 1 1 1 1 1 1 1 1 1 1 1 1 2 2 3 3 3 4 4 4 3 3 3 3 3 2 3 3 3 3 3 4 8 19 46 101 169 234 234 180 99 33 21 16 16 15 14 14 14 14 14 14 14 14 14 14 14 14 14 14 16 16 17 17 17 18 18 18 20 20 20 20 20 20 20 20 20 20 20 20 20 20 20 20 19 
22 24 26 26 28 28 29 30 37 51 110 189 231 240 205 132 65 29 12 4 3 2 2 1 1 1 1 1 1 1 1 1 1 1 1 1 1 1 2 2 2 3 3 3 4 4 3 3 4 4 4 3 3 3 2 2 2 2 3 10 21 54 115 191 230 210 127 49 23 17 15 15 14 14 14 14 14 14 14 14 14 14 14 14 14 14 15 15 16 16 17 18 18 18 20 20 20 20 19 19 19 19 19 19 19 19 19 19 19 19 19 
22 23 25 26 28 28 29 31 38 72 152 210 234 231 167 87 37 18 8 4 2 2 1 1 1 1 1 1 1 1 1 1 1 1 1 1 1 1 2 2 2 2 3 3 4 4 3 3 3 3 3 3 2 2 1 1 2 2 3 3 8 30 73 129 196 212 134 57 26 16 15 14 14 14 14 14 14 14 14 14 14 14 14 14 14 14 15 15 16 16 17 18 18 18 20 20 20 20 19 19 19 19 19 19 19 19 19 19 19 19 19 
22 22 24 26 29 30 31 31 43 109 188 229 240 215 124 50 17 10 5 3 2 1 1 1 1 1 1 1 1 1 1 1 1 1 1 1 1 1 2 2 2 2 2 3 2 3 3 3 3 3 3 3 2 1 1 1 1 1 2 3 8 17 45 87 158 198 142 61 25 16 16 16 15 15 15 15 15 15 15 15 15 15 15 15 15 15 15 15 16 16 17 18 19 19 20 20 20 20 19 19 19 19 19 19 19 19 19 19 19 19 19 
22 23 24 24 27 26 29 37 70 146 213 244 244 184 79 28 13 8 3 1 1 1 1 1 1 1 1 1 1 1 1 1 1 1 1 1 1 1 2 2 2 2 2 3 2 3 3 3 2 3 3 1 1 1 1 1 1 1 2 3 6 10 28 66 121 169 135 59 23 16 16 16 15 15 15 15 15 15 15 15 15 15 15 15 15 15 15 15 16 16 17 18 19 19 20 20 20 20 19 19 19 19 19 19 19 19 19 19 19 19 19 
23 23 23 24 26 25 29 45 89 166 224 247 228 148 50 17 10 4 1 1 1 1 1 1 1 1 1 1 1 1 1 1 1 1 1 1 1 1 1 1 2 2 2 2 2 2 2 2 1 2 2 1 1 1 1 1 1 1 2 3 4 5 18 47 88 134 124 61 22 16 16 16 15 15 15 15 15 15 15 15 15 15 15 15 15 15 15 15 17 17 18 19 19 19 18 18 18 18 18 19 19 19 19 19 19 19 19 19 19 19 19 
22 22 22 24 26 23 27 51 104 179 233 243 192 102 33 13 7 3 1 1 0 1 1 1 1 1 1 1 1 1 1 1 1 1 1 1 1 1 1 1 1 1 1 1 1 1 1 1 1 1 1 1 1 1 1 1 1 1 2 2 4 5 15 33 66 110 117 66 22 16 16 16 15 15 15 15 15 15 15 15 15 15 15 15 15 15 15 15 17 17 18 19 19 19 18 18 18 18 18 19 19 19 19 19 19 19 19 19 19 19 19 
22 22 22 22 24 22 28 54 118 194 239 239 175 81 26 10 3 2 1 1 1 1 1 1 1 1 1 1 1 1 1 1 1 1 1 1 1 1 1 1 1 1 1 1 1 1 1 1 1 1 1 1 1 1 1 1 1 1 2 3 4 5 11 26 53 93 103 60 22 17 15 15 14 14 14 14 14 14 14 14 14 14 14 14 15 15 15 16 17 18 18 18 17 17 17 18 19 19 19 19 19 19 20 20 20 20 20 20 20 20 18 
22 21 21 22 24 21 26 54 121 199 241 237 170 72 22 9 3 2 1 1 1 1 1 1 1 1 1 1 1 1 1 1 1 1 1 1 1 1 1 1 1 1 1 1 1 1 1 1 1 1 1 1 1 1 1 1 1 1 2 3 4 4 9 24 47 77 81 51 24 17 15 15 14 14 14 14 14 14 14 14 14 14 14 14 15 15 15 16 17 18 18 18 17 17 17 17 18 18 18 19 19 19 19 19 19 19 19 19 19 19 18 
21 21 21 22 24 19 29 56 117 194 238 223 146 52 15 7 2 2 1 1 1 1 1 1 1 1 1 1 1 1 1 1 1 1 1 1 1 1 1 1 1 1 1 1 1 1 1 1 1 1 1 1 1 1 1 1 1 1 2 3 4 5 9 19 36 56 63 42 22 16 15 14 14 14 14 14 14 14 14 14 14 14 14 14 15 15 13 16 17 18 18 18 17 17 17 18 18 18 18 19 19 19 19 19 19 19 19 19 19 19 19 
22 22 19 21 24 19 28 51 108 181 222 195 115 32 7 5 2 2 1 1 1 1 1 1 1 1 1 1 1 1 1 1 1 1 1 1 1 1 1 1 1 1 1 1 1 1 1 1 1 1 1 1 1 1 1 1 1 1 1 3 4 4 8 16 28 46 58 40 18 16 15 14 14 14 14 14 14 14 14 14 14 14 14 14 15 15 13 16 17 18 18 18 17 17 17 18 18 18 18 19 19 19 19 19 19 19 19 19 19 19 19 
22 22 21 23 29 43 58 82 130 184 209 167 85 25 5 4 1 1 1 1 1 1 1 1 1 1 1 1 1 1 1 1 1 1 1 1 1 1 1 1 1 1 1 1 1 1 1 1 1 1 1 1 1 1 1 1 1 1 1 2 3 3 9 17 28 45 57 42 19 17 15 16 16 15 15 15 15 15 15 15 15 15 15 15 16 16 15 17 18 18 18 19 18 17 17 18 18 18 18 19 19 19 19 19 19 19 19 19 19 19 19 
22 22 23 28 36 71 110 139 167 189 201 155 73 24 5 4 1 1 1 1 1 1 1 1 1 1 1 1 1 1 1 1 1 1 1 1 1 1 1 1 1 1 1 1 1 1 1 1 1 1 1 1 1 1 1 1 1 1 2 2 3 5 11 17 30 46 52 40 22 18 16 16 15 15 15 15 15 15 15 15 15 15 15 15 16 16 16 17 18 18 18 19 18 17 17 18 18 18 18 19 19 19 19 19 19 19 19 19 19 19 19 
22 23 23 28 37 71 114 145 157 167 179 148 68 16 4 4 2 2 1 1 1 1 1 1 1 1 1 1 1 1 1 1 1 1 1 1 1 1 1 1 1 1 1 1 1 1 1 1 1 1 1 1 1 1 1 1 1 1 1 2 3 4 10 18 33 50 51 38 21 17 16 16 15 16 16 16 16 15 15 15 15 15 15 15 16 16 16 16 18 18 18 18 17 17 17 18 18 18 19 19 19 19 19 19 19 19 19 19 19 19 19 
22 23 23 28 40 58 75 87 93 117 144 122 58 13 4 4 2 2 1 1 1 1 1 1 1 1 1 1 1 1 1 1 1 1 1 1 1 1 1 1 1 1 1 1 1 1 1 1 1 1 1 1 1 1 1 1 1 1 1 2 3 3 9 17 31 49 48 33 19 17 16 16 15 16 16 16 16 15 15 15 15 15 15 15 16 16 16 16 17 17 17 18 17 17 17 18 18 18 19 20 20 19 19 19 19 19 19 19 19 19 19 
22 23 24 27 38 51 57 51 54 87 117 100 44 11 4 4 1 2 1 1 1 1 0 0 0 0 0 0 0 0 0 0 0 0 1 1 1 1 1 1 1 1 1 1 1 1 1 1 1 1 1 1 1 1 1 0 0 0 1 2 2 5 8 15 30 47 52 38 24 18 15 15 15 16 17 17 16 15 15 15 15 15 15 16 15 15 16 16 18 18 18 18 18 19 18 18 18 18 19 20 20 19 19 18 17 17 17 17 17 17 18 
22 23 24 26 38 50 46 40 42 59 85 82 43 15 8 4 1 2 1 1 1 1 0 0 0 0 0 0 0 0 0 0 0 0 1 1 1 1 1 1 1 1 1 1 1 1 1 1 1 1 1 1 1 1 1 1 1 1 1 1 2 3 8 14 30 52 57 39 20 17 16 15 15 16 17 17 16 15 15 15 15 15 15 16 15 15 16 16 18 18 18 18 18 19 18 18 18 18 19 20 20 19 19 18 17 17 17 17 17 17 18 
22 23 24 26 38 49 44 44 38 42 57 55 30 12 4 3 2 2 1 1 1 1 0 0 1 1 0 0 0 0 1 1 1 1 1 1 1 1 1 1 1 1 1 1 1 1 1 1 1 1 1 1 1 1 1 1 1 1 1 1 2 2 9 19 46 70 67 42 19 14 16 16 16 17 17 17 17 16 15 15 15 15 15 16 15 15 16 16 17 18 18 18 18 19 18 18 18 18 19 20 20 19 18 17 17 17 17 17 17 17 18 
22 23 24 26 38 50 45 39 32 35 37 26 13 11 4 4 2 2 1 1 1 1 0 0 1 1 0 0 0 0 1 1 1 1 1 1 1 1 1 1 1 1 1 1 1 1 1 1 1 1 1 1 1 1 1 1 1 1 1 1 2 4 16 33 72 92 75 45 22 14 16 15 15 16 16 16 16 16 15 15 15 15 15 16 15 15 16 16 17 18 18 18 18 19 18 18 18 18 19 20 20 19 17 17 17 17 17 17 17 17 18 
22 23 24 26 38 50 44 31 30 31 27 22 13 13 4 3 2 1 1 1 1 1 0 0 1 1 1 1 1 1 1 1 1 1 1 1 1 1 1 1 1 1 1 1 1 1 1 1 1 1 1 1 1 1 1 1 1 1 1 1 3 8 23 42 80 101 77 39 22 15 16 14 15 15 15 15 15 15 15 15 15 15 16 16 15 15 16 16 17 18 18 18 18 19 18 18 18 18 18 20 19 19 17 17 17 17 17 17 17 17 18 
22 23 24 26 38 50 45 32 30 31 27 23 14 13 4 3 1 1 0 1 1 1 0 0 1 1 1 1 1 1 1 1 1 1 1 1 1 1 1 1 1 1 1 1 1 1 1 1 1 1 1 1 1 1 1 1 1 1 1 3 5 10 28 58 96 110 78 37 19 17 15 14 14 15 15 15 15 15 15 15 15 15 16 16 15 16 16 16 18 18 18 18 18 19 18 18 18 18 18 19 18 18 17 17 17 17 17 17 17 17 18 
22 23 24 26 38 50 46 36 33 34 32 29 16 15 4 4 1 0 0 1 1 1 1 1 1 1 1 1 1 1 1 1 1 1 1 1 1 1 1 1 1 1 1 1 1 1 1 1 1 1 1 1 1 1 1 1 0 0 1 3 5 14 36 70 103 108 66 26 18 18 16 14 14 15 15 15 14 14 15 15 15 15 16 16 15 16 16 16 18 18 18 18 17 17 18 18 18 18 18 19 18 18 17 17 17 17 17 17 17 17 18 
22 22 24 26 37 50 47 37 34 34 33 29 16 15 4 4 1 0 0 0 1 1 1 1 1 1 1 1 1 1 1 1 1 1 1 1 1 1 1 1 1 1 1 1 1 1 1 1 1 1 1 1 1 1 1 1 1 1 1 3 5 18 53 95 122 115 75 33 18 17 16 15 15 15 15 15 14 14 15 15 15 15 16 16 15 16 16 16 18 18 18 18 17 17 18 18 18 18 18 19 18 18 17 17 17 17 17 17 17 17 18 
21 22 23 26 37 50 51 37 33 34 35 31 19 18 5 4 1 0 0 0 0 0 1 1 1 1 1 1 1 1 1 1 1 1 1 1 1 1 1 1 1 1 1 1 1 1 1 1 1 1 1 1 1 1 1 1 0 0 1 4 7 22 77 144 191 188 153 100 46 18 16 15 16 16 15 14 14 14 15 15 15 15 16 16 15 16 16 17 18 18 18 18 17 17 18 18 18 18 18 18 19 19 17 17 17 17 17 17 17 17 19 
21 22 23 26 36 51 54 39 32 34 35 32 19 19 5 4 1 0 0 0 0 0 1 1 1 1 1 1 1 1 1 1 1 1 1 1 1 1 1 1 1 1 1 1 1 1 1 1 1 1 1 1 1 1 1 1 0 0 1 3 8 16 61 132 199 221 206 160 93 40 23 15 16 16 15 14 14 14 15 15 15 15 16 16 16 16 16 17 18 18 18 18 17 17 18 18 18 18 18 18 19 19 17 17 17 17 17 17 17 17 19 
21 22 23 26 37 51 57 42 32 33 35 31 21 19 7 6 1 1 0 0 1 1 1 1 1 1 1 1 1 1 1 1 1 1 1 1 1 1 1 1 1 1 1 1 1 1 1 1 1 1 1 1 1 1 1 1 0 0 1 2 10 15 32 67 107 131 139 131 100 64 33 16 16 16 15 14 15 15 15 15 15 15 16 16 16 16 17 17 18 18 18 18 17 17 18 18 18 18 18 18 20 19 18 17 17 17 17 17 17 17 19 
21 22 23 26 36 51 57 46 34 33 35 32 22 20 7 7 1 1 0 0 1 1 1 1 1 1 1 1 1 1 1 1 1 1 1 1 1 1 1 1 1 1 1 1 1 1 1 1 1 1 1 1 1 1 1 1 0 0 1 2 9 16 17 29 38 44 57 77 85 70 33 16 16 16 14 15 15 14 15 15 15 15 16 16 16 16 17 17 18 18 18 18 17 17 18 18 18 18 18 18 19 19 17 17 17 17 17 17 17 17 19 
21 22 23 26 36 51 58 49 34 33 34 32 23 19 8 7 3 2 1 1 1 1 1 1 1 1 1 1 1 1 1 1 1 1 1 1 1 1 1 1 1 1 1 1 1 1 1 1 1 1 1 1 1 1 1 1 1 2 3 3 8 14 16 17 19 23 30 50 68 65 33 16 16 15 15 15 15 15 14 14 14 14 15 16 16 16 17 17 18 18 18 18 17 17 18 18 18 18 18 18 19 19 17 17 17 17 17 17 17 17 18 
19 22 23 25 36 51 63 53 36 34 34 33 24 20 9 8 3 3 1 1 1 1 1 1 1 1 1 1 1 1 1 1 1 1 1 1 1 1 1 1 1 1 1 1 1 1 1 1 1 1 1 1 1 1 2 2 2 3 3 4 10 14 16 19 23 29 37 49 59 53 28 16 15 15 15 15 15 15 15 15 15 15 15 16 16 16 17 17 18 18 18 18 17 17 18 18 18 18 18 18 19 19 17 17 17 17 17 17 17 17 18 
19 21 22 24 36 51 71 64 40 33 34 33 28 23 12 10 5 4 2 1 0 1 0 1 1 1 1 1 1 1 1 1 1 1 1 1 1 1 1 1 1 1 1 1 1 1 1 1 1 1 1 1 1 1 1 1 2 4 5 9 15 16 19 20 24 28 36 45 45 32 18 16 15 15 15 15 15 15 15 15 15 15 15 16 15 16 17 16 17 17 17 17 16 16 17 18 18 18 19 19 19 19 17 17 17 17 17 17 17 17 18 
19 18 18 23 36 52 79 73 46 35 34 33 29 24 17 12 8 4 2 0 0 0 0 1 1 1 1 1 1 1 1 1 1 1 1 1 1 1 1 1 1 1 1 1 1 1 1 1 1 1 1 1 1 2 1 1 2 4 8 14 19 21 21 20 23 30 37 39 36 26 17 16 15 15 15 15 15 15 14 15 15 15 15 16 15 16 17 16 17 17 17 17 16 16 17 18 18 18 19 19 19 19 17 17 17 17 17 17 17 17 18 
18 17 19 26 37 53 79 75 49 33 33 32 29 24 17 12 9 5 1 1 1 1 1 1 1 1 1 1 1 1 1 1 1 1 1 1 1 1 1 1 1 1 1 1 1 1 1 1 1 1 1 1 2 3 2 3 2 4 11 18 23 23 25 27 32 44 46 36 23 17 16 16 15 15 14 14 14 14 14 15 16 16 16 16 18 18 17 17 18 18 17 17 17 17 16 16 16 16 18 18 18 18 19 19 19 19 19 19 18 17 17 
17 16 18 23 31 43 71 73 47 32 35 32 28 25 23 16 9 6 3 2 1 1 1 1 1 1 1 1 1 1 1 1 1 1 1 1 1 1 1 1 1 1 1 1 1 1 1 1 1 1 1 2 2 3 2 3 3 5 11 19 24 23 26 35 42 52 53 37 22 17 16 16 15 15 14 14 14 14 14 15 16 16 16 16 18 18 17 17 18 18 17 17 17 17 16 16 16 16 18 18 18 18 18 18 18 18 18 18 17 17 17 
17 17 18 20 25 28 56 68 47 33 33 32 29 26 24 19 16 10 7 5 3 2 1 1 1 1 1 1 1 1 1 1 1 1 1 1 1 1 1 1 1 1 1 1 1 1 1 1 1 1 2 2 2 3 3 4 5 9 14 19 23 24 28 39 51 53 44 30 19 17 17 17 15 15 14 14 14 14 14 14 15 16 15 16 17 17 17 17 17 17 16 16 16 16 16 16 16 16 17 17 17 17 18 18 18 18 18 18 17 17 17 
17 17 18 19 22 22 38 60 52 38 36 35 30 25 23 22 22 15 9 7 4 3 2 2 1 1 2 1 1 1 1 1 1 1 1 1 1 1 1 1 1 1 1 1 1 1 1 1 1 1 2 2 3 5 5 5 5 10 17 21 23 28 33 43 51 43 26 19 17 15 16 16 15 15 14 14 14 14 14 14 15 16 15 16 17 17 17 17 17 17 16 16 16 16 16 16 16 16 17 17 17 17 18 18 18 18 18 18 17 17 17 
18 17 18 19 19 19 23 35 45 45 43 42 35 26 25 25 25 20 15 12 8 5 3 3 2 2 2 2 1 1 1 1 1 1 1 1 1 1 1 1 2 2 2 2 1 1 1 1 1 1 1 3 4 8 8 8 9 12 19 22 26 36 44 46 43 31 19 16 17 17 16 16 15 15 14 14 14 14 14 14 15 16 15 16 17 17 17 17 17 17 16 16 16 16 16 16 16 16 17 17 17 17 18 18 18 18 18 18 17 16 17 
18 18 19 19 19 20 18 18 26 37 44 44 38 29 25 26 25 24 21 18 15 10 8 7 4 2 2 2 1 1 1 1 1 1 1 0 1 1 1 1 2 2 2 1 1 1 1 1 1 1 2 4 8 11 12 14 15 18 19 24 31 43 51 47 35 23 18 16 16 16 16 16 15 15 14 14 14 14 14 14 15 16 15 16 17 17 17 17 17 17 16 16 16 16 16 16 16 16 17 17 17 17 18 18 18 18 18 18 17 16 17 
19 19 19 19 19 21 19 19 18 25 38 40 37 31 28 28 26 24 22 21 18 17 15 12 9 7 4 3 2 1 1 1 1 1 1 1 1 0 1 1 1 2 1 1 1 1 1 1 1 1 2 5 10 14 16 19 23 24 23 29 39 51 53 42 28 19 17 15 16 16 15 15 15 15 14 14 14 14 15 15 14 15 16 17 17 17 17 17 17 17 16 16 16 16 16 16 16 16 17 17 17 17 18 18 18 18 18 18 17 16 17 
19 21 21 21 21 21 21 19 19 22 31 37 35 32 31 29 28 26 23 23 21 18 17 16 15 14 11 9 3 2 2 2 2 2 2 1 1 1 1 1 2 1 1 2 2 1 1 1 1 2 5 8 11 17 21 24 28 29 31 39 54 64 58 37 23 19 17 15 16 16 15 15 15 15 14 14 14 14 15 15 14 15 16 17 17 17 17 17 17 17 16 16 16 16 16 16 16 16 17 17 17 17 18 18 18 18 18 18 17 16 17 
19 21 21 21 22 22 22 20 20 20 30 38 35 31 30 30 29 26 24 23 21 18 16 17 17 16 16 14 7 5 5 4 3 3 2 2 2 2 2 2 2 2 2 2 3 2 2 2 3 3 7 12 17 22 24 26 30 30 37 51 68 76 60 32 20 19 18 16 15 15 15 15 16 16 15 15 14 14 14 14 15 16 15 15 17 17 17 17 18 18 17 17 17 17 17 17 17 17 18 18 18 18 17 17 17 17 17 17 16 16 17 
21 21 21 22 23 23 23 20 19 23 32 38 32 28 30 30 26 25 23 22 19 17 16 16 15 14 14 14 12 10 9 8 5 3 3 3 3 3 3 3 4 4 4 5 5 4 5 5 5 7 12 18 22 24 26 29 29 29 39 58 74 76 54 28 17 17 17 16 15 15 15 15 16 16 15 15 14 14 14 14 15 16 15 15 17 17 17 17 18 18 17 17 17 17 17 17 17 17 18 18 18 18 17 17 17 17 17 17 16 16 17 
19 19 19 19 19 19 22 20 20 23 31 37 32 28 31 31 25 24 23 23 19 17 16 16 14 14 14 15 15 14 11 11 9 8 8 8 8 8 8 7 7 8 8 8 9 10 11 12 14 16 19 23 25 26 28 28 28 29 38 56 67 61 40 21 16 16 15 15 15 15 15 15 16 16 14 14 14 14 14 14 15 16 15 16 17 17 17 17 18 18 17 17 17 17 17 17 17 17 18 18 18 18 17 17 17 17 16 16 16 16 17 
24 26 28 28 28 29 30 38 37 31 29 35 35 29 30 31 24 23 24 22 19 17 16 16 14 12 11 12 12 11 11 10 10 10 10 11 10 10 10 10 11 12 12 12 14 15 17 22 22 23 26 28 28 28 28 28 29 31 37 46 52 42 28 19 17 16 15 15 15 15 15 15 16 16 14 14 14 14 14 14 15 16 16 16 17 17 17 17 18 18 17 17 17 17 17 17 17 17 18 18 18 18 17 17 17 17 16 16 16 16 17 
52 63 72 75 77 77 73 80 68 51 40 36 35 29 27 30 25 23 22 21 17 16 14 14 14 12 11 11 10 10 10 10 10 10 11 11 11 11 12 12 14 15 17 18 18 21 24 26 28 29 30 31 31 32 33 34 35 33 37 38 35 28 22 19 17 15 15 15 15 15 15 15 16 16 14 14 14 14 14 14 15 16 16 16 17 17 17 17 18 18 17 17 17 17 17 17 17 17 18 18 18 18 17 17 17 17 16 16 16 16 16 
111 122 122 113 103 93 97 96 74 59 50 38 32 30 26 24 22 22 19 18 17 16 15 15 14 12 11 11 10 10 11 10 10 11 11 11 11 12 12 12 14 16 19 19 19 22 25 28 29 31 31 31 32 33 33 33 32 29 30 29 25 22 19 17 16 15 15 15 15 15 15 15 16 16 14 14 14 14 14 14 16 16 16 16 17 17 17 17 18 18 17 17 17 17 17 17 17 17 18 18 18 18 17 17 17 17 16 16 16 16 16 
106 94 77 63 55 46 54 57 46 39 34 27 24 22 18 16 17 18 17 17 15 15 14 14 12 11 11 11 10 10 12 11 10 10 10 11 11 12 12 14 15 16 19 19 19 23 25 28 29 30 31 31 31 31 28 24 22 19 18 18 19 20 18 16 17 16 15 15 15 15 15 15 16 16 14 14 14 14 16 16 15 15 17 17 17 17 17 17 18 18 17 17 17 17 17 17 17 17 18 18 18 17 17 17 15 15 15 15 15 15 16 
45 29 19 16 13 13 16 21 24 19 17 16 14 12 12 12 13 15 15 16 14 14 12 12 12 11 11 11 10 11 12 12 10 9 10 11 11 12 12 14 15 16 19 20 22 24 25 28 28 30 31 31 31 29 25 19 17 17 15 16 17 18 17 16 17 16 15 15 15 15 15 15 16 16 14 14 14 14 16 16 15 15 17 17 17 17 17 17 18 18 17 17 17 17 17 17 17 17 18 18 18 17 17 17 15 15 15 15 15 15 16 
20 15 9 11 11 10 10 11 12 11 9 9 9 10 11 11 11 12 12 12 13 13 12 11 12 12 12 12 11 11 11 11 12 11 11 12 12 12 14 15 15 17 18 19 19 23 25 26 28 29 31 31 29 26 22 18 16 15 15 15 16 17 16 15 16 16 15 15 15 15 14 14 14 14 15 15 15 15 14 14 16 16 15 16 16 16 17 17 17 17 18 18 18 18 17 17 17 17 17 17 17 17 17 17 17 17 16 16 16 16 16 
15 16 14 12 11 11 9 9 8 8 7 8 9 10 11 11 11 11 11 11 12 12 10 10 11 11 11 12 10 10 11 11 12 12 12 12 12 14 15 15 16 17 18 18 19 23 25 25 26 28 28 29 25 23 19 17 15 15 15 15 16 17 16 15 16 16 15 15 15 15 14 14 14 14 15 15 15 15 14 14 16 16 15 16 16 16 17 17 17 17 18 18 18 18 17 17 17 17 17 17 17 17 17 17 17 17 16 16 16 16 16 
11 12 14 12 11 11 11 10 10 10 10 11 10 11 11 10 10 10 10 9 9 9 9 9 9 9 11 12 11 11 11 12 12 12 12 12 14 16 16 16 17 18 19 18 19 22 22 24 25 25 25 24 22 19 17 16 13 15 15 15 17 17 15 15 16 16 16 16 15 15 14 14 14 14 15 15 15 15 14 14 16 16 15 16 16 16 17 17 17 17 18 18 18 18 17 17 17 17 17 17 17 17 17 17 17 17 16 16 16 16 16 
9 10 11 10 11 14 14 12 12 12 13 13 12 11 10 10 11 11 10 9 9 9 9 9 9 10 12 13 13 13 12 12 12 12 12 12 14 15 15 16 17 18 19 18 19 22 21 23 25 26 24 22 19 18 18 15 13 16 15 15 15 16 15 15 16 16 16 16 15 15 14 14 14 14 15 15 15 15 14 14 16 16 15 16 16 16 17 17 17 17 18 18 18 18 17 17 17 17 17 17 17 17 17 17 17 17 16 16 16 16 16 
6 8 8 9 11 12 12 12 14 12 14 14 12 12 10 10 11 11 10 9 9 9 10 10 11 12 12 13 12 11 12 12 11 11 11 11 12 12 14 15 15 17 18 18 20 24 24 25 25 25 24 23 20 18 16 16 16 16 16 17 15 15 15 14 15 15 14 14 14 14 14 14 14 14 15 15 15 15 14 14 16 16 15 16 16 16 17 17 17 17 18 18 18 18 17 17 17 17 17 17 17 17 16 16 16 16 16 16 16 17 16 
6 7 7 7 9 10 11 12 14 14 14 14 12 12 10 11 11 11 12 11 10 10 11 11 12 12 12 12 11 11 12 12 11 11 12 11 11 10 11 12 14 16 18 19 22 25 26 25 24 26 26 23 20 17 15 16 16 17 18 24 15 12 14 14 15 15 14 14 14 14 14 14 14 14 15 15 15 15 14 14 16 16 15 16 16 16 17 17 17 17 18 18 18 18 17 17 17 17 17 17 17 17 16 16 16 16 16 16 16 17 16 
13 14 14 13 12 12 13 12 12 12 12 12 12 12 12 12 12 14 15 14 14 14 12 11 11 11 14 14 12 12 14 12 11 12 13 13 12 11 12 13 13 16 18 20 19 22 22 23 23 25 25 24 19 16 15 16 18 17 11 16 15 12 15 15 14 14 14 14 14 14 14 14 14 14 15 15 15 15 14 14 16 16 15 16 16 16 17 17 17 17 18 18 18 18 17 17 17 17 17 17 17 17 16 16 16 16 16 16 16 17 16 
22 24 23 21 18 17 17 16 14 14 14 14 14 14 15 15 15 16 17 16 16 16 15 15 15 15 15 15 14 14 14 14 14 14 13 13 13 12 13 12 12 13 13 16 16 17 17 19 22 24 26 25 23 21 19 19 20 19 10 10 16 16 16 15 15 14 14 14 14 14 14 14 14 14 15 15 15 15 14 14 16 16 15 16 16 16 17 17 17 17 18 18 18 18 17 17 17 17 17 17 17 17 16 16 16 16 16 16 16 17 16 
25 25 25 23 22 22 22 22 21 21 19 17 18 18 18 18 17 18 19 16 16 16 16 16 16 17 16 16 15 15 14 15 15 15 14 14 14 12 12 11 11 11 11 11 15 15 11 16 22 23 25 29 32 32 29 19 19 20 14 14 17 16 16 15 15 14 14 14 14 15 14 14 14 14 15 15 15 15 14 14 16 16 15 16 16 16 17 17 17 17 17 17 17 17 16 16 16 16 17 17 17 17 16 16 16 16 16 16 16 17 16 
26 26 25 23 23 23 24 23 22 21 21 21 21 19 19 19 18 19 19 16 17 17 16 16 17 18 18 17 17 15 16 16 16 15 15 14 12 12 12 12 11 10 9 9 11 11 10 15 19 22 25 35 52 65 79 38 18 19 17 14 17 16 15 16 15 14 15 15 15 15 15 14 14 14 15 15 15 15 14 14 16 16 15 16 16 16 17 17 17 17 17 17 17 17 16 16 16 16 17 17 17 17 16 16 16 16 16 16 16 17 16 
29 26 25 25 24 23 22 22 21 19 20 22 21 19 20 20 22 22 19 18 18 17 16 16 16 16 16 17 19 18 17 18 17 17 17 16 15 14 12 11 9 8 9 9 10 10 10 14 16 19 24 36 63 96 144 94 34 19 20 17 16 16 15 16 15 15 15 16 15 15 15 14 14 14 15 15 15 15 14 14 16 16 15 16 16 16 17 17 17 17 17 17 17 17 16 16 16 16 17 17 17 17 16 16 16 16 16 16 16 17 16 
28 26 26 24 23 23 23 22 22 22 23 22 21 21 20 22 22 20 19 19 18 18 17 17 17 18 18 18 19 19 18 19 19 19 19 19 17 16 15 12 10 8 8 6 8 8 8 10 14 15 19 29 54 93 151 147 81 32 19 19 15 14 15 16 15 15 15 16 15 15 15 14 14 14 15 15 15 15 14 14 16 16 15 16 16 16 17 17 17 17 17 17 17 17 16 16 16 16 17 17 17 17 16 16 16 16 16 16 16 17 16 
26 25 26 24 24 24 23 23 22 22 22 21 21 21 21 21 21 18 19 18 19 20 19 18 18 18 19 19 19 20 21 19 21 21 20 20 19 18 17 15 14 11 9 8 6 6 5 7 9 11 11 17 37 68 111 157 135 66 23 13 12 14 15 16 15 15 15 16 15 15 15 14 14 14 15 15 15 15 14 14 16 16 15 16 16 16 17 17 17 17 17 17 17 17 16 16 16 16 17 17 17 17 16 16 16 16 16 16 16 17 16 
28 25 25 25 24 24 24 23 23 22 22 22 21 21 21 19 19 19 19 18 19 19 19 20 19 19 19 21 22 22 21 21 21 21 22 20 19 19 19 19 18 16 12 9 8 6 3 3 4 7 8 17 28 43 73 136 167 117 48 22 18 17 15 15 15 15 16 16 16 16 15 15 14 14 15 15 15 15 14 14 16 16 15 16 16 16 17 17 17 17 17 17 17 17 16 16 16 16 17 17 17 17 16 16 16 16 16 16 16 17 16 
24 24 24 24 24 24 23 22 22 22 22 22 21 21 21 19 19 21 21 19 19 19 21 21 21 21 22 21 22 22 22 22 22 23 23 21 22 22 21 19 19 18 15 11 9 6 4 3 3 4 6 12 17 26 40 81 140 152 90 33 22 21 12 15 15 15 16 16 15 15 15 15 14 14 15 15 15 15 14 14 16 16 15 16 17 17 17 17 17 17 16 16 16 16 16 16 16 16 16 16 16 16 15 15 15 15 17 17 17 18 17 
22 24 23 23 24 24 22 22 22 22 22 22 22 21 19 19 21 22 22 22 22 22 22 21 22 22 22 22 23 23 22 22 22 23 22 22 23 22 21 21 19 19 18 15 10 6 5 4 3 4 3 3 4 10 23 46 98 144 131 73 26 16 20 15 15 15 16 16 15 15 15 15 15 15 16 16 16 16 14 14 16 16 15 16 17 17 17 17 17 17 16 16 16 16 16 16 16 16 16 16 16 16 15 15 15 15 17 17 17 18 17 
22 23 23 23 22 22 23 23 23 23 21 22 22 21 21 21 21 22 23 22 22 22 22 22 22 22 22 22 22 21 21 22 22 23 23 24 23 23 22 19 19 20 18 12 7 5 4 4 4 4 4 3 4 11 15 30 52 114 149 121 56 15 9 11 16 17 17 16 15 15 14 14 14 14 14 14 15 15 14 15 16 16 15 15 16 17 16 16 16 16 15 15 15 15 15 15 15 15 16 16 16 16 16 16 16 16 16 16 16 16 17 
22 23 23 22 22 23 23 23 23 23 22 22 22 21 22 22 22 22 23 22 22 22 22 22 22 22 22 22 22 22 22 22 22 23 24 24 23 23 22 19 18 17 15 9 5 4 3 3 3 4 4 6 10 17 20 26 49 110 160 166 117 45 26 5 16 17 17 15 15 14 15 15 15 15 15 15 16 16 14 15 16 16 15 15 16 17 16 16 16 16 15 15 15 15 15 15 15 15 15 15 15 15 16 16 16 16 16 16 16 16 17 
23 22 23 22 22 23 23 23 23 22 22 22 22 22 23 23 23 23 23 23 23 23 22 22 22 23 23 23 22 22 22 22 22 23 24 24 23 22 22 19 16 13 7 5 3 3 2 2 2 4 6 8 10 16 21 30 65 109 162 201 185 128 78 24 17 18 18 16 15 15 15 15 15 15 15 15 16 16 15 15 16 16 15 15 16 17 16 16 16 16 15 15 15 15 15 15 15 15 15 15 15 15 16 16 16 16 16 16 16 16 16 
22 22 22 22 22 23 22 23 23 23 22 21 22 23 24 23 23 23 23 23 23 23 23 23 23 24 23 23 24 23 22 22 22 23 23 23 22 22 21 18 16 11 4 4 3 3 2 3 4 4 8 10 12 16 18 25 44 77 117 159 193 190 153 105 74 39 20 19 16 15 15 15 16 15 15 15 16 16 15 15 16 16 15 15 16 17 16 16 16 16 15 15 15 15 15 15 15 15 15 15 15 15 16 16 16 16 16 16 16 16 16 
22 22 22 21 23 24 22 23 23 23 21 21 21 22 22 22 22 23 23 23 23 24 24 24 24 24 23 24 23 23 22 22 22 22 23 23 21 21 21 15 9 5 3 3 2 2 2 3 4 6 12 15 16 22 19 30 30 47 64 82 117 151 195 196 168 123 75 33 19 18 16 16 15 15 16 16 15 15 15 15 16 16 15 15 16 17 15 15 16 16 15 15 15 15 15 15 15 15 15 15 15 15 16 16 16 16 16 16 16 16 16 
22 22 21 19 20 20 21 21 22 21 21 22 21 21 21 21 21 22 23 22 23 24 24 24 24 25 24 24 23 22 22 21 21 22 22 23 21 19 18 12 7 5 3 3 2 2 2 3 5 8 13 18 21 23 25 28 30 37 40 51 65 80 132 160 180 173 144 97 59 32 18 12 16 15 16 16 16 16 16 15 16 16 15 15 16 17 15 15 16 16 15 15 15 15 15 15 15 15 15 15 15 15 16 16 16 16 16 16 16 16 16 
19 19 19 18 18 18 17 18 20 20 20 20 19 20 20 20 22 22 22 22 22 23 23 23 24 25 24 24 24 22 22 22 22 22 22 22 19 18 17 9 5 3 2 2 3 2 2 3 5 8 12 17 21 24 24 25 28 24 31 39 45 55 61 72 107 141 163 158 132 96 51 23 17 16 17 17 16 15 16 16 17 16 15 15 16 17 15 15 16 16 15 15 15 15 15 15 15 15 15 15 15 15 16 16 16 16 16 16 16 16 16 
19 19 18 18 18 18 17 18 19 19 19 19 19 20 20 20 22 22 21 22 22 22 23 23 23 23 24 24 23 23 23 22 22 22 21 21 18 15 14 7 4 3 2 3 3 4 3 3 8 12 16 17 21 23 24 25 25 25 25 31 37 40 40 42 56 90 137 171 189 181 136 78 38 23 15 16 16 15 16 16 18 17 15 15 16 17 15 15 16 16 15 15 15 15 15 15 15 15 15 15 15 15 16 16 16 16 16 16 16 16 16 
19 19 18 18 17 17 17 17 18 18 19 19 19 19 19 19 20 20 22 22 21 21 22 22 24 24 24 24 23 22 23 23 23 23 19 19 15 9 8 5 2 2 2 2 4 4 6 10 14 17 19 18 21 22 24 23 24 25 23 25 30 35 38 40 52 68 95 128 160 192 208 171 121 80 40 18 14 12 14 15 19 17 17 17 16 16 15 15 15 15 15 15 15 15 15 15 15 15 15 15 15 15 15 15 15 15 15 15 15 15 16 
19 18 18 18 17 17 17 17 18 19 19 19 19 19 18 18 20 22 22 22 21 22 22 22 23 23 23 23 22 22 23 23 23 22 17 14 9 6 5 4 2 2 2 3 4 8 13 18 17 17 18 17 19 22 23 23 23 24 24 24 25 30 33 36 39 41 54 72 90 112 177 194 185 151 112 60 23 10 18 18 19 18 17 17 16 16 15 15 15 15 15 15 15 15 15 15 15 15 15 15 15 15 15 15 15 15 15 15 15 15 16 
21 19 19 18 18 18 18 17 17 17 18 19 19 19 18 18 18 21 21 21 23 23 24 23 22 22 21 21 21 19 21 19 19 18 16 11 7 5 3 3 1 1 2 2 4 11 19 22 18 18 17 17 19 21 22 22 22 23 24 23 25 29 31 33 36 36 39 45 50 60 94 125 166 186 185 146 90 43 22 21 22 19 17 15 15 16 15 15 15 15 15 15 15 15 15 15 15 15 15 15 15 15 15 15 15 15 15 15 15 15 16 
18 19 19 18 18 18 18 17 17 17 18 19 19 19 19 19 19 19 19 21 22 23 23 22 21 21 19 19 18 18 18 17 16 15 13 10 6 4 3 3 1 1 2 4 7 10 15 17 17 17 17 17 19 21 22 22 22 22 23 24 26 28 30 33 35 35 37 39 43 45 47 56 87 129 175 196 171 121 57 33 21 17 16 15 15 16 16 15 15 15 15 15 15 15 15 15 15 15 15 15 15 15 15 15 15 15 15 15 15 15 16 
18 18 18 18 18 18 18 18 18 18 19 19 19 21 19 19 18 17 18 19 21 22 24 23 22 21 19 19 18 18 17 16 14 10 8 6 4 3 2 2 1 1 3 8 10 14 15 17 18 18 17 16 17 18 19 19 21 22 23 24 26 26 29 32 34 36 36 37 42 47 48 48 50 77 123 175 208 203 141 75 29 15 15 17 16 15 14 15 15 15 15 15 15 15 15 15 15 15 15 15 15 15 15 15 15 15 15 15 15 15 16 
18 18 18 18 18 18 18 18 18 18 19 18 18 19 19 18 17 16 17 18 19 22 23 23 22 22 22 19 19 18 17 15 11 10 6 4 3 2 2 2 1 1 5 11 15 16 16 17 18 18 17 16 17 18 19 19 21 22 23 24 25 28 29 30 33 33 33 36 38 40 43 46 49 60 77 116 175 219 220 166 105 53 21 19 16 12 11 14 15 16 15 15 15 15 15 15 15 15 15 15 15 15 15 15 15 15 15 15 15 15 16 
19 18 18 18 19 19 19 18 18 18 18 18 18 18 19 18 17 16 16 17 18 21 22 23 25 24 23 21 19 18 17 14 10 7 5 3 2 2 2 2 2 3 8 11 13 16 17 18 19 19 17 16 17 18 18 19 21 21 22 23 24 26 29 30 31 31 32 35 36 34 33 37 40 51 54 75 120 167 225 231 196 132 64 33 22 15 14 15 16 16 16 16 15 15 15 15 15 15 15 15 15 15 15 15 16 16 16 16 15 15 16 
19 19 19 19 20 20 19 18 17 17 17 18 18 19 18 18 17 15 16 17 17 19 21 22 25 25 23 22 21 18 15 11 8 5 4 3 2 2 2 2 3 5 10 12 17 19 18 18 19 19 17 16 16 17 18 21 22 21 21 23 24 25 27 30 30 31 32 33 33 34 31 35 33 39 36 50 82 116 180 216 217 199 141 73 31 21 15 16 16 16 16 16 15 15 15 15 15 15 15 15 15 15 15 15 16 16 16 16 15 15 16 
19 19 20 20 20 20 19 18 18 18 17 17 19 19 19 18 17 16 16 17 17 18 19 22 23 23 23 22 19 17 14 9 5 4 2 2 2 2 2 3 7 11 16 18 18 19 19 18 18 18 18 17 16 17 18 19 21 21 21 22 23 24 25 28 29 30 32 32 33 33 32 33 38 39 42 44 53 75 102 143 166 184 187 154 96 43 26 17 18 17 17 17 17 17 17 17 16 16 16 16 17 17 17 16 15 16 16 16 16 16 16 
21 21 22 20 22 22 19 19 19 19 18 18 19 19 19 18 17 17 17 17 17 18 18 21 22 21 21 21 17 14 10 7 4 3 2 2 2 2 3 4 9 14 18 22 21 21 19 19 18 18 18 17 17 17 17 18 19 19 19 21 22 23 24 26 28 29 30 31 32 32 31 32 29 31 39 44 49 59 66 75 88 106 138 172 157 101 44 19 22 19 18 17 17 17 17 17 16 16 16 16 17 17 17 16 15 16 16 16 16 16 16 
21 21 22 22 21 21 21 19 19 19 18 18 19 19 19 18 18 18 18 18 17 17 17 18 19 21 19 17 14 10 8 5 3 2 1 1 2 2 4 7 11 15 19 21 21 21 19 19 19 18 18 17 17 17 16 16 18 18 16 18 21 22 23 25 25 26 28 30 30 30 30 29 30 31 31 35 39 46 53 54 60 64 74 122 164 163 95 53 27 23 18 17 17 17 17 17 17 17 17 17 17 17 16 15 15 16 16 16 16 16 15 
21 21 22 22 21 21 19 19 18 18 18 18 18 18 19 19 19 19 18 18 18 17 17 18 19 19 18 15 11 8 5 4 2 2 1 1 2 3 7 10 14 17 19 21 21 21 21 19 19 18 18 17 17 16 16 17 17 17 16 18 21 22 23 23 25 25 26 26 28 29 28 28 29 29 28 32 37 39 43 45 43 46 56 84 139 193 177 131 64 23 17 19 18 17 17 17 17 17 17 17 17 17 16 15 15 16 16 16 16 16 15 
21 21 22 22 22 22 21 19 18 18 18 18 18 18 19 19 19 19 18 18 18 18 18 19 18 18 17 14 10 8 4 3 1 1 1 2 3 4 9 12 16 19 19 19 21 21 22 22 19 18 18 17 18 17 17 16 17 17 17 18 21 21 22 23 26 26 26 26 26 26 26 26 28 28 29 31 33 36 37 38 38 45 57 68 112 176 223 213 152 74 23 22 19 17 17 17 17 17 17 17 17 17 16 15 15 16 16 16 16 16 15 
21 21 22 22 22 22 21 21 19 19 19 19 18 18 18 18 19 19 19 18 18 18 19 19 18 17 15 12 9 5 4 3 1 1 1 2 4 7 11 15 18 20 19 21 19 21 22 22 21 19 18 18 18 18 17 16 16 17 17 17 18 18 19 22 25 25 25 26 26 26 26 26 26 26 28 29 31 32 33 35 37 42 50 50 79 126 173 202 187 110 35 21 19 17 17 17 17 17 17 17 17 17 16 15 15 16 16 16 16 16 15 
21 21 22 22 22 22 21 21 19 19 19 19 19 19 19 19 19 19 19 18 18 18 18 18 17 16 15 11 8 5 3 2 1 1 2 3 5 8 12 17 18 18 19 19 19 21 21 19 19 19 19 19 19 19 18 18 18 17 18 18 18 18 19 22 25 24 25 25 25 26 25 25 25 25 26 28 29 30 31 32 33 37 43 44 53 67 94 141 171 137 66 32 24 17 16 17 17 16 16 16 16 17 15 15 15 16 16 16 16 16 15 
21 21 22 22 22 23 21 21 21 21 19 19 19 19 18 19 19 19 19 18 19 19 18 18 16 15 13 10 6 4 2 2 1 2 3 3 5 10 15 18 18 17 18 19 19 19 19 19 18 19 19 19 19 19 18 18 19 21 22 22 21 21 22 22 24 24 26 26 25 24 24 24 25 25 25 26 28 29 30 33 33 36 40 43 46 46 67 103 152 165 110 38 23 19 18 17 16 16 16 16 16 16 15 15 15 16 16 16 16 16 15 
22 22 22 22 22 23 21 21 21 21 21 19 21 21 19 19 19 21 19 19 19 21 19 17 16 14 10 7 4 3 2 2 2 2 3 4 8 12 17 18 18 18 19 19 19 19 21 19 19 19 18 19 19 19 18 18 22 22 22 22 22 21 22 23 24 25 26 26 25 24 24 24 24 24 24 25 25 26 29 30 32 35 35 35 37 43 58 89 142 177 149 67 22 15 16 15 16 15 16 16 16 16 15 15 15 16 16 16 16 16 15 
22 22 22 22 22 22 21 21 21 21 22 22 22 22 23 23 23 23 22 22 22 22 21 17 15 11 8 5 3 2 2 2 2 3 4 7 11 16 17 17 18 19 21 19 21 21 21 19 19 19 19 19 19 19 18 18 20 20 22 22 23 23 24 25 26 28 28 28 25 24 23 23 24 24 24 24 25 26 26 28 30 33 35 32 33 38 47 71 108 158 175 116 44 12 17 15 16 16 15 15 15 16 15 15 15 16 16 16 16 16 15 
21 21 21 21 21 21 21 21 21 21 22 22 22 22 22 23 23 23 23 23 23 23 19 17 14 9 6 3 2 2 1 1 2 3 5 11 16 17 19 19 19 19 21 21 22 22 21 21 21 21 21 19 21 21 20 19 22 22 23 23 23 23 24 25 28 28 28 28 25 24 23 23 23 23 24 24 25 25 26 28 29 30 33 32 32 36 39 50 79 125 169 156 86 28 18 15 15 15 14 12 15 16 16 16 15 16 16 16 16 16 15 
21 21 21 21 21 21 21 21 19 21 21 21 21 21 21 22 22 22 23 22 23 23 19 17 12 8 5 3 2 2 1 1 2 5 10 15 18 19 20 20 19 19 22 22 21 21 21 22 22 21 21 21 21 21 20 20 20 22 22 22 23 23 24 24 26 26 26 26 25 24 23 24 24 24 24 24 24 25 25 26 28 29 33 31 29 30 33 38 53 86 145 173 127 50 12 16 14 15 16 16 17 17 16 16 15 16 16 16 16 16 15 
21 19 21 21 19 19 19 21 19 19 21 21 21 21 21 22 23 23 23 23 22 22 20 17 12 6 2 2 2 2 1 2 3 7 11 16 18 19 19 20 21 21 21 21 21 22 23 22 22 22 23 22 22 22 20 20 20 20 22 23 23 24 23 24 24 25 25 25 24 23 23 23 24 24 24 23 24 25 25 26 28 29 29 29 28 30 31 36 44 64 118 151 138 75 16 15 15 15 17 21 20 18 17 17 16 17 16 16 16 16 15 
19 19 19 19 19 19 19 18 19 19 19 21 21 21 21 21 22 22 22 22 22 21 19 13 7 4 2 2 2 2 2 3 5 8 12 16 18 19 20 20 21 21 21 21 21 22 23 22 23 23 22 23 23 22 22 20 19 20 22 23 23 24 23 23 23 24 24 24 24 24 23 24 24 23 23 23 24 25 25 25 25 26 26 26 28 31 33 36 40 50 79 111 130 93 29 19 16 15 18 23 23 19 18 17 16 17 16 16 16 16 15 
19 19 19 19 19 19 18 18 18 18 19 19 19 19 19 19 21 21 21 21 21 21 15 9 5 3 2 2 1 2 3 4 7 9 12 18 19 19 19 21 22 22 22 22 22 23 23 23 23 23 22 22 22 22 22 22 21 19 22 23 23 23 22 23 23 23 24 23 23 23 23 23 23 23 23 23 24 24 24 24 24 25 25 25 26 30 32 35 37 44 58 88 122 105 60 23 18 15 17 19 19 17 17 17 15 16 17 17 17 17 16 
19 19 19 19 18 19 18 18 18 18 18 18 19 19 19 19 19 18 19 19 17 15 11 6 4 3 2 2 1 2 3 4 7 11 17 18 19 19 21 22 22 22 23 23 23 23 23 22 22 22 22 22 22 22 23 23 21 21 23 23 23 23 22 23 23 23 24 23 23 23 23 23 23 23 23 23 23 24 24 24 24 24 24 24 26 29 32 36 38 44 52 88 128 135 86 32 23 16 17 17 18 17 17 17 15 16 17 17 17 17 16 
19 19 18 18 18 18 18 17 18 18 18 18 18 18 18 18 19 19 19 18 12 9 9 4 2 2 2 2 2 3 4 7 10 16 18 19 18 19 21 22 23 23 23 24 22 22 22 22 22 22 21 21 21 22 21 22 22 22 22 23 23 23 23 23 22 23 24 23 23 24 24 23 23 23 22 23 24 24 24 23 23 23 23 25 28 29 31 37 39 44 50 71 117 151 89 29 15 14 16 16 16 17 17 17 16 16 16 16 16 16 16 
19 19 18 18 18 18 18 18 18 18 18 18 18 18 17 17 19 18 17 14 10 6 6 4 2 2 2 2 3 3 4 8 14 18 19 19 18 19 19 22 23 23 24 25 22 21 19 19 22 22 21 21 21 21 21 21 22 22 22 23 23 23 22 23 23 23 23 22 23 23 24 23 23 22 22 23 24 24 23 23 23 23 23 24 28 30 31 35 38 42 47 56 102 139 125 53 14 12 17 16 16 17 17 17 16 16 16 16 16 16 16 
21 21 19 18 18 19 18 18 18 18 18 18 18 19 18 18 17 16 14 9 6 3 3 2 2 2 2 2 2 3 8 13 17 19 18 18 18 18 19 21 22 23 24 25 22 21 19 18 22 22 21 22 22 21 19 19 22 22 23 23 22 22 21 22 23 23 23 22 23 23 25 24 24 23 22 24 24 24 23 22 23 23 23 23 25 29 31 33 37 40 45 56 87 117 152 86 20 10 17 16 16 17 16 16 16 16 16 16 16 16 16 
21 21 21 21 21 19 19 19 19 19 18 18 19 19 19 18 16 14 11 6 5 3 3 2 2 2 1 2 2 5 11 15 17 19 18 18 18 18 18 19 21 23 23 23 21 21 18 18 21 21 22 22 22 21 19 21 21 21 23 23 22 21 21 22 23 23 23 21 22 23 24 24 24 23 23 23 24 24 23 22 22 23 23 23 25 28 29 31 35 38 43 51 71 94 145 102 44 23 15 16 16 17 16 16 16 16 16 16 16 16 16 
21 21 21 21 21 21 21 19 21 19 22 20 19 19 18 18 16 12 10 5 3 2 2 2 1 1 2 3 4 7 10 15 17 18 18 17 17 18 18 19 19 21 22 23 19 19 19 17 21 23 23 22 22 19 19 19 22 22 23 23 22 19 19 21 25 25 24 21 23 23 23 23 23 23 22 22 24 24 22 21 19 22 24 24 25 26 28 29 32 36 41 47 59 80 123 106 53 30 13 16 15 16 16 15 16 16 16 16 16 16 16 
21 22 22 22 22 22 22 22 22 21 23 22 22 22 19 18 16 10 8 4 2 2 2 2 1 1 3 4 5 9 11 16 18 17 17 17 17 18 18 19 18 18 19 22 19 19 19 17 21 24 22 24 22 22 21 19 21 23 23 23 22 18 18 21 25 25 23 22 22 22 21 23 24 24 22 22 23 25 21 19 18 21 23 24 25 25 26 26 30 35 39 43 54 75 103 113 58 24 12 15 16 16 16 15 16 16 16 16 16 16 16 
22 22 22 22 23 23 22 23 23 22 23 23 21 21 21 17 15 9 6 4 2 2 1 1 2 2 4 5 7 11 16 17 17 17 18 17 17 18 18 19 18 18 19 21 18 17 17 17 19 23 22 24 23 22 22 20 21 23 24 23 22 20 18 19 24 25 24 23 19 21 22 23 24 24 24 23 23 24 21 18 17 21 22 23 23 24 24 25 28 32 37 36 49 80 94 115 73 28 13 15 16 16 15 15 16 16 16 16 16 16 16 
22 22 22 22 23 24 24 23 23 23 23 23 21 21 21 17 15 9 5 3 2 2 1 1 2 2 3 6 10 14 16 17 17 18 18 18 17 18 18 19 18 18 18 18 17 16 16 15 18 22 22 24 23 22 22 20 21 22 23 23 22 20 18 19 24 25 24 23 21 21 23 25 25 25 24 23 23 22 21 18 17 21 22 23 23 24 24 25 28 31 37 28 40 72 94 129 96 33 15 15 17 16 16 15 16 16 16 16 16 16 16 
21 21 22 22 22 24 24 24 23 23 22 22 22 21 21 17 15 8 5 2 1 1 1 1 2 3 4 8 12 15 16 17 17 18 18 17 18 19 18 18 18 18 17 17 16 16 15 15 16 21 21 23 22 21 22 22 22 23 23 22 22 20 19 20 23 23 23 22 19 18 22 24 26 26 24 23 23 22 20 18 18 20 22 23 23 24 24 25 28 31 34 29 37 57 88 128 114 45 17 16 17 16 15 15 15 15 16 16 16 16 15 
21 21 21 22 22 23 23 24 23 23 23 22 21 21 21 16 14 7 2 2 1 1 1 1 3 3 7 12 15 15 16 17 18 18 18 18 18 18 18 18 18 19 18 18 18 16 15 14 16 18 21 21 22 21 22 22 22 22 22 22 22 19 18 19 22 23 22 21 19 18 21 24 26 28 26 23 22 19 19 18 18 20 21 22 23 23 24 25 28 29 32 31 37 50 70 106 116 63 23 18 16 16 15 15 15 15 16 16 16 16 15 
19 19 21 21 22 22 23 23 24 24 22 22 21 21 19 14 8 3 1 1 1 1 1 2 3 5 12 16 16 16 16 16 18 18 18 18 18 18 18 18 18 19 18 19 18 16 15 16 18 19 19 22 22 21 21 21 19 19 21 18 18 18 17 18 22 22 21 18 19 18 19 23 26 28 26 21 19 18 18 18 18 19 20 22 22 24 24 25 26 29 32 32 35 47 65 95 113 73 32 22 16 16 16 15 15 15 16 16 16 16 15 
19 19 22 22 22 22 23 22 23 23 22 22 21 19 14 9 3 2 1 1 1 1 1 2 5 9 15 17 15 15 15 16 17 17 18 19 19 19 18 18 18 18 19 19 19 18 16 17 18 19 19 21 21 21 21 21 19 19 19 18 18 18 17 18 21 22 19 19 18 16 19 21 24 26 25 22 19 18 18 18 19 19 20 22 22 23 24 25 26 29 31 31 35 44 60 81 104 78 44 23 15 15 16 15 15 15 16 16 16 16 15 
19 19 21 22 23 23 23 24 22 22 22 22 18 16 10 6 4 2 1 1 1 1 2 2 7 12 14 15 16 16 15 15 16 17 18 18 19 19 18 18 18 19 19 19 19 19 17 17 18 18 19 21 21 21 22 20 20 20 19 19 19 19 17 17 18 19 19 19 18 17 18 19 21 24 24 22 19 17 17 16 17 18 19 19 22 23 23 24 26 28 29 29 32 40 59 74 97 84 45 25 16 15 15 15 15 15 16 16 16 16 15 
19 19 21 21 23 23 23 23 22 22 22 22 16 15 8 6 2 2 1 1 1 2 2 5 9 14 15 15 16 16 16 15 16 16 18 18 19 19 18 18 18 19 19 21 21 19 18 17 19 19 19 19 19 19 20 20 20 19 20 19 20 19 17 16 15 17 18 17 18 17 17 19 21 21 22 21 18 17 16 16 17 17 18 18 20 22 23 24 24 28 29 29 31 37 47 71 89 87 47 23 16 16 15 15 15 15 16 16 16 16 15 
18 19 21 21 22 22 22 22 22 21 21 21 16 12 5 3 1 1 1 1 2 3 3 8 11 15 15 15 16 17 16 15 16 16 17 17 18 18 18 18 18 19 18 19 19 19 18 18 19 18 19 19 19 21 20 20 20 19 20 20 20 20 17 16 15 16 17 17 17 17 17 18 19 19 19 18 17 16 16 16 16 16 17 17 18 21 22 23 24 25 25 25 31 35 47 71 88 89 52 14 16 18 14 14 16 16 16 16 16 16 15 
19 21 21 21 22 23 22 22 22 21 19 18 15 10 3 3 1 1 1 1 1 4 7 10 14 15 15 16 17 17 16 15 16 16 16 17 18 18 18 18 18 19 18 18 18 19 18 19 19 18 19 19 21 21 22 20 19 19 20 22 22 20 17 17 17 18 17 17 18 17 17 17 18 19 19 17 16 16 16 15 15 17 16 17 18 21 22 23 22 23 23 23 29 36 46 52 77 86 57 18 13 16 14 14 16 16 16 16 16 16 15 
19 19 21 21 20 22 21 21 22 21 21 18 16 11 5 2 1 1 1 1 2 4 9 12 15 15 15 16 17 17 16 16 16 16 16 17 17 18 18 18 18 18 19 19 19 19 18 18 19 18 18 19 21 22 22 21 19 18 19 21 19 18 18 17 17 18 18 18 18 17 17 17 18 18 18 17 16 15 15 15 15 16 16 17 17 18 18 18 20 20 21 21 24 30 43 47 60 68 46 24 15 15 14 14 15 15 16 16 16 16 16 
19 19 19 19 20 22 21 21 19 21 19 17 13 8 3 2 1 1 1 1 2 5 11 15 15 15 15 16 17 17 16 16 16 16 16 17 17 17 17 17 18 18 19 19 18 19 18 19 19 18 18 19 21 22 21 21 21 19 19 21 19 19 19 19 19 19 18 18 19 16 16 16 17 18 18 16 15 12 12 14 14 15 15 16 17 18 18 18 20 20 21 21 24 29 37 45 58 59 46 29 17 16 14 15 15 15 16 16 16 16 16 
19 19 19 19 21 21 21 21 19 21 18 15 9 3 2 1 1 1 1 2 3 8 12 15 15 15 15 16 16 16 16 16 16 16 16 16 16 17 17 17 18 18 18 18 17 18 18 19 19 18 18 19 21 22 21 21 21 19 19 21 19 19 19 19 19 19 18 17 18 17 16 16 17 18 17 16 15 12 12 14 14 14 15 15 16 17 18 18 18 19 21 21 24 29 33 42 51 57 54 32 19 15 15 15 15 15 16 16 16 16 16 
19 19 19 21 21 21 21 19 19 19 16 11 7 3 2 1 1 1 2 2 4 9 12 15 15 15 16 16 16 17 17 17 16 15 16 16 16 17 17 17 18 18 18 18 17 18 19 18 19 18 19 19 19 21 21 21 21 21 21 21 19 21 19 18 19 19 18 18 18 16 16 16 17 18 17 16 15 14 12 12 12 14 14 14 15 17 17 17 18 19 19 22 24 28 32 37 44 51 45 29 17 15 15 15 15 15 16 16 16 16 16 
19 19 21 21 21 21 21 19 18 17 11 8 5 2 1 1 1 1 2 4 7 10 14 15 15 15 16 16 17 17 17 17 17 16 16 16 16 16 17 17 18 18 18 18 17 18 19 18 19 19 19 19 19 21 21 21 21 21 21 21 21 21 20 19 19 21 18 18 18 17 16 16 17 18 17 16 15 14 12 11 11 11 12 14 15 16 17 17 18 19 20 23 24 28 32 36 44 48 37 22 18 16 15 15 15 15 16 16 16 16 16 
19 21 21 21 21 21 21 19 16 13 9 6 4 2 1 1 1 1 3 5 9 12 15 15 15 16 16 17 17 17 17 17 17 16 16 16 16 17 16 17 18 17 17 18 17 17 18 19 19 19 19 21 21 21 19 21 21 21 21 21 21 21 22 20 19 21 19 18 18 15 16 16 17 17 16 15 14 12 11 10 10 11 11 14 15 16 17 17 18 19 20 22 23 26 31 38 46 51 38 22 18 17 15 15 15 15 16 16 16 16 16 
19 19 19 21 21 21 19 17 15 12 7 3 2 1 1 1 2 3 4 8 11 15 15 15 17 17 16 17 17 17 18 17 17 16 16 16 16 16 17 17 17 18 17 18 18 17 18 18 19 19 19 19 19 19 19 19 20 22 22 23 22 22 22 20 19 19 19 18 17 16 16 16 17 17 16 15 14 11 10 10 10 10 11 14 15 16 17 17 17 18 19 21 23 26 31 38 45 49 38 23 17 16 15 15 15 15 16 16 16 16 16 
18 18 18 19 19 19 18 16 12 10 5 3 2 1 1 1 2 4 7 10 13 15 14 15 16 16 17 17 17 17 17 17 16 16 15 16 16 15 16 16 17 17 18 18 17 18 18 18 18 18 19 19 19 19 19 19 20 20 20 22 23 22 22 20 18 19 18 18 17 17 16 16 17 17 16 14 14 12 11 10 9 9 11 12 15 16 17 17 17 17 19 21 23 26 31 39 46 49 39 23 17 16 16 16 16 15 16 16 16 16 16 
17 18 18 18 18 17 18 16 9 7 5 2 1 1 1 2 3 5 8 12 14 14 15 15 15 16 16 16 17 17 16 16 16 15 15 15 15 16 16 16 17 17 18 18 18 18 18 18 18 18 19 19 18 18 18 18 19 20 20 22 22 22 22 19 18 19 18 18 18 18 17 16 17 17 16 14 14 12 11 10 10 11 11 12 14 16 16 16 17 17 19 21 23 26 30 38 45 47 39 24 17 16 16 16 17 16 17 17 17 17 16 
17 17 17 17 17 15 15 11 6 4 2 2 1 1 1 2 5 9 11 14 15 14 14 14 14 15 16 16 17 17 17 16 15 15 15 15 15 15 15 16 17 17 18 18 18 18 18 18 18 18 19 19 19 19 18 18 19 20 20 22 22 22 22 20 19 17 16 18 18 18 17 17 17 17 15 14 14 11 10 10 11 11 12 12 15 16 16 16 16 16 18 21 22 25 30 39 46 45 43 26 18 16 16 16 17 16 17 17 17 17 16 
15 16 16 16 14 12 10 5 3 2 1 1 1 1 2 5 9 14 15 15 15 12 12 14 14 14 16 16 16 16 16 16 15 15 14 14 14 15 15 16 17 17 17 18 18 18 17 17 18 19 19 19 19 19 18 19 20 20 20 20 23 23 23 20 19 19 17 17 17 16 16 16 15 16 14 11 11 10 10 10 10 11 12 14 15 16 15 15 15 16 19 22 21 25 30 40 62 59 54 31 19 15 17 17 17 16 17 17 17 17 16 
15 15 15 15 14 12 8 4 2 2 1 1 1 1 4 10 12 14 15 15 14 15 14 14 14 14 14 15 15 15 16 15 15 14 14 14 14 14 15 15 16 17 17 17 17 18 17 18 18 19 19 19 19 21 19 21 22 22 22 22 22 23 23 22 21 19 18 16 17 15 14 16 17 14 12 10 10 10 8 10 10 11 12 14 15 15 16 16 16 17 19 22 23 25 30 43 71 78 64 31 22 18 17 17 17 16 17 17 17 17 16 
16 16 16 14 12 9 6 3 2 1 1 1 1 3 4 9 13 15 17 17 14 14 15 15 14 14 14 15 15 14 15 15 15 14 14 14 14 15 15 15 16 17 17 17 17 16 16 17 17 18 19 19 19 21 19 21 21 21 21 22 21 21 22 21 21 19 18 16 16 15 15 15 15 14 12 10 10 10 9 11 11 11 14 15 16 17 16 16 17 18 21 23 23 26 31 44 75 95 80 40 23 18 17 16 16 16 17 17 17 17 16 
16 16 15 12 9 5 4 2 2 1 1 1 2 3 5 10 16 17 17 17 15 15 15 15 14 14 14 14 15 14 14 15 15 14 14 14 14 14 15 15 15 16 16 16 16 16 16 16 16 17 18 19 19 21 19 19 19 19 21 22 22 21 22 21 19 19 17 16 16 15 14 15 14 12 12 10 9 9 10 11 11 14 14 15 16 17 17 17 19 19 21 23 25 29 33 47 84 103 102 62 24 19 16 16 16 16 17 17 17 17 16 
17 16 14 10 7 4 3 1 1 1 1 1 2 3 8 15 17 17 16 16 15 15 16 15 15 15 14 14 14 14 15 14 14 14 14 14 14 15 14 14 14 15 15 15 15 16 15 15 16 16 17 18 18 19 19 19 19 19 21 22 22 21 21 19 18 18 17 15 14 12 12 14 15 11 12 11 9 9 10 10 11 12 14 15 16 17 18 18 19 19 22 24 26 31 36 46 73 96 109 79 35 23 16 16 16 16 17 17 17 17 16 
16 15 12 8 4 2 2 1 1 1 1 1 3 8 11 16 17 17 16 16 16 15 16 15 15 15 14 14 14 14 14 14 14 14 14 14 14 15 14 14 14 15 15 14 15 16 15 15 15 16 17 18 18 18 19 19 19 19 21 22 22 21 19 19 18 18 17 15 12 11 12 12 14 11 12 11 10 10 11 11 12 14 15 16 17 18 18 19 21 22 24 26 29 32 35 42 64 87 106 85 50 22 17 16 16 16 17 17 17 17 16 
15 14 11 8 3 2 1 1 1 1 1 3 7 9 12 16 17 17 16 16 15 14 15 15 13 13 14 14 14 12 14 14 14 14 14 14 14 14 14 14 14 14 14 14 15 15 15 15 15 16 17 17 17 18 18 18 19 19 19 21 21 19 19 19 17 17 16 14 12 11 11 11 11 12 12 11 11 12 14 14 14 16 17 17 19 18 19 19 21 22 24 26 29 31 35 38 46 64 87 97 78 38 17 17 16 17 16 30 59 73 74 
15 12 9 5 2 2 1 1 1 1 2 5 9 11 15 17 17 17 16 15 15 14 15 15 13 13 12 12 14 12 14 14 14 14 14 14 14 14 14 14 14 14 14 14 15 16 15 15 15 15 16 16 16 17 18 18 18 18 19 19 19 19 17 17 16 16 15 14 12 11 10 11 11 12 11 11 12 14 15 15 16 17 17 19 19 19 19 21 21 22 24 26 29 31 33 36 38 45 64 85 85 54 17 17 16 17 40 52 77 88 100 
14 11 7 3 2 2 1 1 2 1 3 5 11 16 17 18 18 18 16 16 15 15 14 14 14 14 12 12 14 12 14 14 14 14 14 14 14 14 14 14 14 14 12 14 15 16 15 15 15 15 15 15 16 16 17 17 18 18 18 18 18 18 16 16 15 15 14 12 11 10 11 11 11 12 11 12 12 14 15 16 17 17 18 18 19 19 21 22 22 23 24 26 29 31 33 35 36 35 46 67 85 70 39 19 17 18 49 57 72 80 85 
12 8 5 3 2 2 1 1 2 2 4 8 12 16 17 17 17 18 17 16 15 15 15 14 14 14 12 12 12 12 14 14 14 14 14 14 14 15 14 15 15 14 14 14 15 16 16 15 16 16 15 15 15 15 16 17 18 19 18 18 18 17 17 16 15 14 14 11 10 10 10 11 11 11 11 11 12 14 15 16 16 17 18 18 18 21 21 21 22 23 24 25 28 30 32 33 37 35 39 54 79 82 59 23 18 19 30 38 50 56 43 
9 5 3 2 2 1 1 1 2 3 8 11 14 16 18 18 18 17 16 16 16 16 15 15 14 14 12 12 12 12 14 14 12 14 14 14 14 15 15 16 15 14 14 14 15 16 16 16 16 16 16 16 16 16 16 16 17 18 18 17 17 17 16 15 15 14 14 11 10 10 10 11 11 12 10 11 14 14 14 16 16 17 18 18 19 20 21 21 23 24 25 26 28 30 31 32 35 36 37 44 67 88 83 41 21 19 18 18 17 17 17 
8 4 2 2 1 2 1 1 2 3 8 14 15 17 18 18 18 17 16 16 16 16 15 14 14 14 12 12 14 14 14 12 12 14 14 14 15 15 15 16 15 14 14 14 15 16 16 16 16 16 16 15 15 16 16 16 17 17 17 17 17 17 16 15 15 12 12 11 10 9 10 10 11 12 11 12 14 15 15 16 17 17 18 19 20 22 21 22 23 24 25 26 25 29 30 30 31 33 36 38 57 84 95 57 29 21 17 17 17 17 17 
7 4 2 2 1 1 1 1 3 5 10 15 16 17 18 18 17 17 17 16 16 16 15 14 14 14 14 14 12 12 12 12 12 12 12 14 14 15 15 16 16 14 14 14 15 16 17 17 16 16 16 16 16 16 16 16 17 16 16 16 16 17 16 16 15 12 12 10 10 10 10 11 11 11 11 12 14 15 15 16 17 17 17 18 20 22 22 23 23 24 25 25 26 28 29 29 30 30 30 33 47 73 97 74 41 24 17 17 19 19 18 
5 3 2 2 1 1 1 3 7 8 14 17 17 17 18 18 17 17 16 16 16 16 15 15 14 14 14 14 14 12 11 11 11 11 12 14 14 15 16 16 16 15 14 14 15 15 16 16 15 16 15 15 15 16 16 16 16 16 16 16 16 17 16 16 15 12 11 10 10 10 11 11 11 12 11 12 15 15 15 16 16 16 17 18 20 22 22 23 24 24 24 26 28 28 29 29 30 28 25 26 40 59 96 88 55 32 18 18 20 19 19 
6 3 2 1 1 2 3 4 9 11 16 18 17 18 19 19 17 17 17 16 15 15 16 16 15 14 15 15 15 12 12 11 11 11 12 14 14 15 16 16 16 15 14 14 14 15 16 16 15 15 15 15 15 15 16 16 16 16 16 15 17 17 16 16 15 11 12 10 10 10 11 11 11 12 11 12 15 15 15 16 16 17 18 18 20 20 22 22 23 23 24 25 26 26 28 29 30 28 23 24 37 56 72 90 73 46 26 21 19 19 21 
5 3 1 1 1 2 3 7 11 14 17 18 17 17 18 18 17 17 17 16 16 16 16 16 16 16 15 15 15 14 14 11 11 11 12 14 14 15 16 16 16 15 14 14 14 15 16 16 15 15 15 15 15 15 16 16 17 17 16 16 16 16 16 15 14 11 11 10 10 10 11 11 11 12 11 12 15 15 15 16 17 18 18 18 20 22 21 22 22 22 24 25 26 28 29 29 30 28 23 22 30 45 53 85 80 54 33 23 18 17 18 
3 2 1 1 2 3 4 9 11 14 17 18 19 19 18 18 17 17 17 16 16 16 15 15 15 15 16 15 15 14 12 12 11 11 12 14 15 15 15 16 17 16 15 13 15 16 15 15 15 15 15 15 15 15 16 16 16 17 16 15 16 16 15 15 12 11 11 10 10 10 11 11 12 13 12 14 16 16 16 16 17 18 19 19 22 22 22 22 23 23 23 25 26 28 29 29 30 28 22 20 23 31 35 67 95 84 40 16 18 17 18 
2 2 1 1 2 3 5 9 12 14 16 17 19 19 17 17 17 17 17 16 16 16 15 15 15 15 15 15 15 15 12 12 11 11 12 12 15 15 15 16 17 16 15 13 13 16 15 15 15 15 15 14 15 15 16 16 16 16 15 15 16 15 15 15 12 11 11 10 10 10 11 11 12 13 12 14 16 16 16 16 17 18 19 19 22 22 22 22 23 23 23 25 26 28 29 29 30 28 22 20 22 24 26 54 89 95 57 19 18 17 18 
2 1 1 1 2 3 7 11 17 18 17 17 19 19 17 17 17 17 17 16 16 16 15 15 15 15 15 15 17 16 15 13 11 12 12 12 15 15 16 17 17 16 15 13 13 15 15 15 15 15 15 14 15 15 16 16 16 17 16 15 15 15 14 14 11 10 10 9 9 10 11 11 12 13 12 14 16 16 16 16 17 17 19 19 22 23 22 22 23 23 23 25 26 28 28 29 30 28 22 19 19 24 32 52 86 107 87 43 19 16 16 
2 1 1 1 2 4 7 11 16 18 17 17 18 18 17 17 16 17 16 16 16 16 15 15 15 15 16 16 17 16 15 15 12 12 12 12 15 15 16 17 17 17 15 15 13 15 15 15 15 15 15 14 15 15 16 16 16 16 15 15 15 14 14 12 11 10 9 9 9 9 11 11 12 15 14 15 16 16 17 17 18 18 19 21 22 23 22 23 23 23 25 26 28 28 28 28 29 26 22 20 18 24 29 42 70 102 100 59 23 16 17 
1 1 1 1 3 5 9 11 15 16 17 18 18 18 17 17 17 16 16 16 16 15 15 15 15 15 16 16 16 16 15 15 12 12 11 12 16 16 16 17 17 17 16 15 15 15 14 14 14 14 14 14 14 14 15 15 16 15 14 14 14 12 11 11 9 9 9 9 9 9 9 10 12 15 14 15 16 16 17 17 18 18 19 21 22 23 23 23 23 24 25 26 28 28 29 29 29 26 23 22 22 24 26 36 54 90 111 80 34 16 16 
1 1 1 1 4 7 10 14 15 15 17 18 18 18 16 17 16 16 16 16 15 15 15 15 15 15 16 16 16 16 15 15 14 14 11 12 16 16 16 17 17 17 17 16 15 15 14 14 14 14 14 14 14 14 15 15 16 14 14 14 12 11 10 10 9 8 9 8 8 9 9 10 12 15 14 15 16 16 17 17 18 19 19 21 23 23 24 23 24 24 25 26 29 29 30 30 29 25 24 23 23 24 24 32 45 75 107 91 48 22 15 
1 1 1 2 5 9 12 15 15 15 16 17 17 17 17 17 16 16 15 15 15 15 15 14 14 14 14 15 15 15 14 14 12 12 11 12 14 15 16 16 17 18 17 16 15 14 15 15 15 15 13 13 12 12 14 14 16 15 15 13 12 11 10 9 8 6 7 7 9 9 9 10 11 14 15 16 16 17 17 17 19 19 21 21 23 24 23 24 24 25 26 28 28 29 30 31 31 27 24 22 24 24 23 31 44 66 85 80 58 27 14 
1 1 1 3 8 11 13 16 15 15 17 18 17 17 17 17 17 16 16 16 15 15 15 14 14 14 14 14 14 14 12 12 12 12 10 11 14 15 17 17 17 18 17 17 15 14 15 15 15 15 15 13 12 12 14 14 16 15 13 13 11 10 9 8 8 6 7 6 8 9 8 9 11 12 15 16 16 17 17 18 19 19 19 21 23 23 23 23 24 24 26 28 28 29 31 31 31 27 24 22 23 23 23 29 39 58 81 86 67 34 16 
1 1 3 5 10 12 14 15 15 16 17 18 17 18 17 17 18 16 16 16 15 15 15 14 14 14 12 12 14 14 12 12 11 11 10 11 12 15 18 18 17 18 18 18 16 15 16 16 15 15 15 13 12 12 12 12 14 14 13 13 11 11 9 8 6 5 6 6 7 8 8 9 11 12 12 14 17 18 17 17 18 19 21 21 22 22 23 23 24 24 26 28 28 29 31 32 32 27 24 21 23 23 23 26 37 47 71 86 74 43 22 
1 2 5 10 12 14 14 15 16 16 18 18 17 18 18 17 17 17 16 16 15 15 15 15 15 15 14 14 14 16 16 15 12 11 10 11 11 15 17 17 16 17 18 18 17 16 15 15 15 15 15 13 12 12 14 12 12 12 13 13 11 11 9 8 6 5 6 6 7 8 8 9 11 11 12 14 17 17 16 17 18 18 21 21 22 22 23 23 23 24 25 28 28 29 31 32 32 29 24 21 22 22 22 24 30 40 64 82 80 53 25 
2 3 7 11 15 16 15 16 17 17 17 17 17 18 18 18 18 17 16 16 15 15 15 14 14 15 15 14 15 15 15 15 12 10 10 11 11 15 16 16 17 17 17 18 17 15 14 14 15 15 15 15 13 13 12 12 12 12 12 12 11 9 9 9 7 5 5 5 7 8 8 9 12 12 12 14 16 16 16 17 18 18 21 21 21 21 22 22 23 23 25 27 28 29 30 30 30 28 22 19 19 19 21 22 24 36 57 78 85 61 26 
2 5 8 12 15 16 15 16 17 16 16 17 17 18 17 18 17 16 17 16 15 15 15 15 15 15 16 16 16 16 16 14 12 12 10 9 11 14 15 16 16 15 16 17 16 14 14 11 12 12 13 13 12 11 11 11 12 14 14 12 11 10 11 9 6 5 5 5 7 7 8 9 12 12 12 14 16 17 16 17 18 18 19 21 21 22 22 22 23 23 24 26 28 28 29 30 30 26 22 18 18 19 19 22 24 31 47 67 86 67 33 
3 7 11 14 15 15 15 15 17 17 17 18 18 18 18 19 18 17 17 16 16 16 15 16 16 16 16 15 16 16 16 16 14 10 8 8 8 10 13 15 15 13 14 15 15 14 12 10 9 9 10 10 10 10 10 10 11 12 12 11 10 10 9 7 6 5 4 4 5 7 7 9 11 12 12 14 16 17 16 17 18 19 19 21 21 21 22 22 23 23 24 25 28 29 30 31 31 26 22 18 18 18 19 22 24 29 37 53 66 59 36 
5 9 14 14 15 16 16 16 18 18 17 17 17 18 18 19 19 18 18 17 16 16 16 16 16 16 16 15 16 16 17 16 14 12 9 7 8 9 11 13 13 13 14 14 14 14 14 10 8 8 9 9 9 9 10 10 11 11 12 11 10 10 9 7 6 5 3 4 5 7 7 9 11 12 14 15 17 17 17 18 19 19 21 21 21 21 22 23 24 23 25 26 28 29 32 33 32 25 24 22 21 19 19 22 23 24 28 36 40 43 33 
7 10 14 14 15 16 16 16 17 17 16 17 18 19 19 19 19 18 18 17 16 16 16 15 15 15 15 15 15 16 16 16 14 14 9 7 9 9 10 12 11 11 14 14 14 14 14 12 10 8 8 8 8 8 9 9 9 10 11 12 10 9 7 5 5 4 2 3 4 7 7 9 11 12 14 15 18 18 18 19 19 19 22 22 22 22 23 23 23 24 26 29 30 31 33 33 31 30 28 26 25 24 22 22 21 21 22 23 22 23 23 
9 11 15 15 15 16 17 16 17 17 17 18 18 21 19 21 19 18 18 17 16 16 16 15 15 15 15 15 15 15 16 16 14 14 11 8 6 9 10 12 12 14 14 15 15 15 15 15 12 10 8 8 8 8 9 9 9 9 11 10 8 7 7 5 5 4 2 3 4 5 7 9 11 12 12 15 18 18 18 19 19 19 22 22 22 22 22 22 23 24 25 29 30 32 32 32 31 31 30 28 25 23 20 20 21 21 21 21 19 17 18 
