7 4 2 5 7 5 4 14 16 18 17 14 9 7 5 3 2 6 12 15 10 7 7 6 5 5 8 19 37 44 46 45 31 42 29 16 9 6 12 36 58 75 80 82 74 70 66 65 65 68 66 70 84 94 90 88 84 80 85 90 86 66 50 41 55 58 46 39 57 88 107 109 94 80 74 86 100 116 123 108 93 89 108 117 96 86 106 167 155 114 84 72 70 57 45 40 43 40 39 37 35 37 37 38 37 37 36 35 36 36 36 36 37 37 37 36 37 36 36 37 37 36 36 36 37 38 39 39 39 39 39 39 42 43 42 42 42 41 40 39 39 38 38 36 35 35 36 36 35 33 36 36 37 37 37 36 37 38 38 38 38 38 38 40 40 33 28 
4 5 4 4 3 4 5 5 6 9 11 12 11 9 6 4 4 5 10 17 24 23 18 17 10 7 10 19 38 60 65 102 84 67 37 17 10 5 12 35 50 61 56 51 58 58 53 51 52 52 56 77 118 131 102 87 79 75 79 84 82 73 54 44 65 80 72 49 57 67 82 101 85 71 75 92 100 114 120 78 58 42 52 58 46 71 115 196 192 153 110 77 72 67 65 49 43 37 36 32 32 35 36 37 37 37 36 36 35 35 35 37 37 37 36 35 33 34 36 36 36 36 37 37 38 39 40 39 39 39 40 39 42 43 43 43 43 41 40 39 39 38 38 37 36 36 36 36 36 36 36 36 36 37 37 37 37 38 39 39 39 40 41 40 40 37 32 
2 4 4 3 4 4 4 4 5 6 11 15 16 12 8 6 5 5 9 18 33 47 44 32 24 19 16 19 31 50 71 138 165 132 72 28 16 11 16 25 31 30 26 24 30 38 34 30 29 28 36 65 111 125 106 85 72 70 78 82 81 74 58 38 54 75 93 86 72 52 52 76 65 50 55 78 78 79 80 63 60 64 60 50 38 46 68 118 135 144 123 96 78 68 68 60 51 40 36 35 37 38 39 38 38 38 37 37 36 36 36 37 37 37 36 35 35 34 36 36 36 36 36 37 39 39 40 38 39 40 40 40 42 44 43 43 43 41 40 39 39 38 38 36 37 37 36 36 36 36 36 36 36 37 37 38 37 38 39 39 40 41 43 42 40 38 37 
2 4 4 4 4 5 5 4 4 6 10 16 18 15 14 10 8 7 8 16 30 46 54 45 30 30 23 16 23 36 54 131 166 142 104 49 23 12 14 26 28 22 16 16 16 21 24 11 9 19 26 37 70 85 96 93 74 65 72 80 80 75 67 53 58 63 93 118 100 68 65 103 96 74 65 71 69 64 54 46 51 60 65 63 64 47 30 33 42 65 82 93 80 67 60 56 47 46 47 50 47 44 39 37 38 38 38 38 38 36 36 37 37 37 36 35 35 33 35 36 36 37 36 37 37 38 37 37 39 40 40 40 43 44 43 42 42 41 40 39 39 38 38 36 36 37 37 36 36 36 36 36 36 36 36 36 37 38 39 39 39 39 40 43 42 42 39 
3 4 4 4 4 5 5 5 6 7 9 15 16 15 15 15 12 11 12 12 23 32 38 45 30 38 37 19 26 35 40 70 87 81 67 45 23 11 11 26 22 18 17 21 22 17 12 8 8 23 29 26 35 46 74 93 82 77 75 81 82 74 70 69 54 60 107 145 118 74 72 130 129 111 93 69 62 61 57 54 45 53 68 81 86 71 47 37 46 38 56 67 60 51 41 43 40 46 57 57 53 44 36 36 38 38 38 39 38 36 35 39 37 37 36 33 33 33 33 35 35 36 36 37 37 37 37 37 38 40 42 42 42 44 43 43 42 41 40 39 39 38 38 36 36 37 38 36 36 36 36 36 36 36 36 37 37 38 38 39 39 39 40 42 43 42 40 
4 4 4 4 4 5 5 6 6 5 8 11 10 10 18 21 16 18 22 9 14 22 13 19 31 49 53 39 39 38 33 43 53 53 50 44 29 24 25 30 24 22 16 15 24 19 7 10 19 26 25 21 16 23 46 74 88 102 96 87 89 82 74 66 53 82 137 148 109 60 64 110 118 122 108 85 65 60 59 54 43 56 68 80 87 90 84 73 94 95 94 77 58 33 12 45 37 45 53 66 66 53 43 42 43 42 43 42 40 39 38 38 36 36 33 35 35 33 33 35 35 36 36 37 37 37 37 38 39 40 42 42 42 44 44 44 43 41 40 39 39 37 37 36 36 36 37 36 36 36 36 36 36 37 37 37 38 38 38 38 38 39 40 42 43 42 40 
5 4 4 4 4 6 7 7 7 5 7 8 7 8 17 25 23 31 40 23 19 27 17 10 15 37 56 61 66 60 37 31 36 42 40 29 38 46 47 44 38 36 26 25 37 29 18 26 33 31 24 24 17 16 22 54 77 98 100 94 95 100 95 96 83 93 129 118 80 43 54 68 82 103 109 109 89 71 70 56 51 67 73 78 93 95 89 90 95 128 120 97 82 57 26 87 78 71 67 74 78 74 58 45 45 47 47 46 45 43 43 38 36 32 31 36 37 35 35 35 35 36 36 37 37 37 38 38 39 40 42 42 42 43 43 44 41 40 40 39 39 37 37 36 36 37 37 36 36 36 36 36 36 37 38 37 38 38 38 38 39 40 40 42 43 42 42 
5 4 4 5 5 5 8 9 8 5 5 5 5 9 12 18 25 46 66 67 58 46 22 30 28 32 47 65 66 57 38 15 16 32 47 56 60 59 53 54 66 77 75 73 68 70 73 67 61 54 49 40 35 24 22 45 73 90 94 90 94 97 107 116 151 171 160 118 70 30 19 34 36 49 86 135 125 104 80 57 57 58 66 80 95 97 87 74 80 99 122 196 174 148 125 224 192 150 95 70 87 92 64 45 46 51 51 49 47 45 43 38 36 31 31 36 37 35 35 35 35 35 35 36 36 37 37 38 39 41 43 42 42 42 42 44 41 41 39 39 39 37 37 37 38 36 36 37 37 36 36 36 36 36 36 36 37 37 37 38 38 39 40 42 42 42 42 
5 4 5 6 5 5 7 8 6 5 5 5 5 7 10 15 23 45 71 86 78 57 30 7 7 18 30 38 40 47 47 9 7 14 26 33 40 42 44 47 59 73 80 88 89 89 89 88 84 72 60 50 42 32 29 45 87 123 129 108 88 87 89 87 127 172 199 159 85 37 35 33 26 24 46 74 85 72 61 53 47 51 66 85 95 95 88 65 51 49 63 138 158 172 163 233 248 199 103 59 72 75 47 61 58 54 51 49 49 47 44 39 38 36 36 38 37 35 35 35 36 36 35 37 38 37 37 37 39 41 43 42 42 42 42 43 40 40 39 39 38 37 37 37 38 36 36 37 37 36 36 37 37 35 36 36 37 37 37 38 38 39 40 42 42 42 42 
7 5 7 7 5 6 8 7 5 5 3 4 5 5 7 30 38 51 72 82 84 79 56 28 9 5 6 18 35 56 65 22 11 6 11 15 18 21 23 28 37 47 57 74 86 94 96 96 94 86 75 63 51 45 44 51 102 152 156 116 73 56 53 47 60 100 143 137 86 47 49 24 23 32 38 35 35 38 45 46 47 58 74 84 92 89 84 47 38 26 26 57 85 116 128 186 234 186 102 61 66 52 31 44 45 49 51 51 51 50 47 41 43 39 38 38 38 37 37 37 38 38 35 37 40 37 35 36 38 40 43 42 40 43 43 41 40 39 39 38 38 38 38 37 38 37 37 37 37 37 37 37 37 36 37 37 38 38 39 38 38 39 42 42 42 42 42 
8 7 7 7 7 6 6 4 3 3 2 3 4 5 7 47 61 72 80 72 72 87 82 67 37 12 4 5 18 40 54 39 24 12 8 8 11 10 10 12 19 25 30 47 63 85 96 97 95 90 86 77 65 58 60 46 70 110 115 87 59 37 35 38 42 51 58 61 51 42 39 30 23 24 28 28 15 26 49 58 58 67 81 81 87 85 74 53 47 40 33 29 32 51 58 116 148 138 99 90 103 70 43 22 28 37 43 49 56 51 49 38 34 36 37 36 38 38 38 39 39 37 32 32 36 36 36 37 38 40 41 40 40 41 41 40 40 39 39 38 38 38 38 38 38 37 37 37 37 37 37 37 37 36 37 37 38 38 39 38 38 39 42 42 40 40 40 
8 7 7 7 7 7 7 5 1 0 0 3 3 5 8 55 82 97 96 77 66 80 97 106 94 65 32 25 24 36 49 40 31 17 11 9 10 10 9 9 14 17 18 28 41 65 82 90 92 88 90 88 81 82 84 49 47 53 47 41 43 34 33 34 36 33 38 45 43 39 44 38 26 18 24 30 16 39 93 152 116 89 87 85 85 78 60 51 50 54 48 45 33 38 44 51 54 58 70 74 78 53 37 53 75 89 81 52 50 45 39 38 35 47 54 52 64 61 49 44 42 36 31 29 28 31 36 37 37 38 40 41 41 40 39 39 39 37 37 37 37 37 37 37 38 36 36 37 37 37 37 37 37 37 37 37 38 38 39 38 38 39 42 43 42 42 43 
8 7 7 7 7 7 7 10 5 1 1 3 5 6 9 45 72 93 96 79 63 72 92 121 130 112 71 51 40 43 57 36 26 19 15 12 11 12 12 12 17 22 19 21 26 41 56 70 74 72 73 79 87 96 102 58 51 35 24 26 36 36 38 39 39 35 38 38 36 37 37 38 33 24 28 39 35 63 125 188 162 121 102 81 81 75 60 49 51 51 45 49 38 40 44 44 37 39 44 39 40 38 39 55 94 141 150 90 49 39 29 44 73 79 61 73 104 114 89 53 43 49 59 66 57 45 41 39 38 37 38 38 39 39 38 38 38 36 37 36 36 37 36 38 38 36 36 37 37 37 37 37 37 37 37 37 38 38 39 38 39 40 43 43 42 42 43 
8 7 7 8 8 7 5 19 23 15 3 3 6 8 10 23 54 82 83 61 44 50 68 79 117 132 104 85 67 60 70 43 29 20 18 17 14 13 14 14 17 21 17 15 16 19 28 44 51 53 49 55 68 88 98 67 59 44 37 34 34 35 37 38 33 30 33 32 32 33 32 33 36 29 30 47 44 53 101 167 173 140 104 75 72 78 72 53 52 49 46 48 44 45 46 46 51 52 50 47 35 29 25 38 81 132 146 96 45 32 29 74 146 158 106 71 116 138 102 56 39 66 124 163 140 102 65 50 38 38 38 37 37 37 37 37 37 36 37 36 36 36 36 36 36 36 36 37 37 36 36 36 36 36 36 36 37 37 37 39 40 41 43 43 42 42 43 
9 8 7 8 8 8 7 25 33 23 8 5 9 10 14 11 35 58 58 37 23 29 47 28 67 97 100 93 81 79 92 65 39 24 19 14 14 16 19 24 28 24 17 16 16 14 17 33 46 47 39 41 46 64 79 68 68 62 50 37 37 38 40 39 35 33 36 35 35 37 37 36 42 36 30 44 44 38 61 125 158 135 86 58 60 72 71 64 59 52 44 39 41 43 43 41 50 47 46 49 45 36 31 29 51 68 66 53 40 37 39 83 168 186 128 39 72 100 90 57 44 67 151 224 229 179 92 44 38 40 39 37 37 36 36 36 37 36 36 36 36 36 36 36 36 35 36 37 37 36 36 35 35 35 35 36 37 37 38 39 40 41 43 43 43 43 43 
9 8 8 8 8 7 7 9 9 9 6 6 10 14 18 26 25 18 18 20 23 25 25 26 28 46 70 102 117 108 105 86 66 48 33 17 14 18 31 32 42 39 30 28 21 11 16 28 46 60 67 59 56 56 57 58 54 54 50 39 36 38 40 39 37 37 38 37 37 40 39 38 43 39 43 42 42 43 47 71 105 95 66 49 45 46 49 52 57 51 43 43 39 39 39 39 37 38 43 42 39 39 38 39 39 39 39 39 37 38 39 51 92 103 65 33 28 31 39 51 44 37 57 93 101 85 65 42 43 43 38 36 36 35 35 36 36 37 37 36 36 35 36 36 36 35 35 36 36 35 35 35 35 35 35 36 36 37 38 38 39 41 43 42 42 42 42 
8 8 8 8 8 7 7 7 5 4 3 5 11 16 19 19 17 15 17 17 25 24 21 37 36 61 86 108 116 111 105 101 81 63 43 19 13 20 42 46 57 54 45 43 40 27 22 32 46 61 70 67 63 59 57 57 53 53 51 44 38 39 41 39 38 38 39 38 38 39 39 39 41 41 43 43 43 37 29 40 65 65 57 53 43 44 46 50 59 53 45 40 40 46 45 40 50 42 38 38 37 39 37 38 39 40 40 40 39 38 38 28 36 43 31 25 23 36 37 43 31 29 35 42 46 48 54 46 47 44 38 36 33 33 35 33 35 36 36 35 35 35 35 35 33 33 33 33 33 33 33 32 32 33 33 35 35 37 38 39 40 41 43 42 42 42 42 
8 8 8 8 8 5 5 6 4 3 3 4 8 15 17 10 11 15 19 22 32 35 38 46 33 59 89 113 123 124 115 103 99 86 67 42 25 19 40 52 70 72 63 59 61 43 25 35 47 65 77 80 72 65 59 56 57 56 52 49 43 40 42 40 40 40 40 39 40 40 40 40 40 40 43 45 44 44 44 45 46 46 47 48 44 38 38 52 73 74 65 50 47 59 57 41 40 31 32 39 40 40 40 40 41 42 42 42 40 38 38 39 37 33 26 23 26 36 33 31 32 33 33 37 38 39 45 50 50 46 39 35 33 32 32 33 34 36 34 33 33 35 33 33 33 33 33 33 33 33 32 32 32 32 32 33 35 37 38 38 39 40 42 42 42 42 42 
7 8 8 8 8 5 5 6 5 3 3 1 3 10 11 5 9 18 24 31 39 66 81 45 57 81 104 118 113 115 108 102 103 106 93 64 39 21 34 54 68 74 64 61 66 53 36 38 46 63 79 88 79 70 61 51 42 49 51 51 49 45 42 40 40 41 40 40 40 40 40 40 40 40 43 45 46 50 53 54 52 46 44 44 43 29 23 46 78 96 89 67 61 65 64 53 44 45 47 44 41 40 40 40 41 42 42 39 39 39 38 36 30 26 24 18 24 35 35 28 37 36 33 35 33 36 45 49 50 45 40 37 33 32 32 34 34 34 34 33 35 35 35 35 35 35 35 35 35 35 33 32 32 33 33 33 35 37 38 38 39 40 40 42 42 42 42 
9 7 8 9 8 7 5 6 4 3 3 2 0 0 0 2 4 15 22 31 39 71 87 53 63 89 113 115 111 114 113 96 97 102 103 86 55 27 31 59 68 68 58 56 58 46 29 43 54 70 82 90 86 68 58 45 22 32 45 49 47 44 42 40 40 39 39 39 39 39 39 40 40 40 43 43 44 47 49 47 46 44 41 42 43 33 26 35 58 85 84 67 71 69 67 87 109 131 123 95 78 61 48 47 43 39 40 39 38 38 38 39 36 31 25 25 34 37 38 39 43 41 38 37 34 37 45 48 47 43 39 37 36 35 35 33 35 35 35 35 35 37 37 36 36 36 36 36 36 36 36 35 35 35 35 36 37 38 38 39 39 40 40 40 42 42 42 
9 7 7 8 6 5 7 8 8 6 4 3 3 3 0 0 1 7 11 22 39 63 68 38 36 61 89 89 96 104 101 97 100 107 115 99 72 42 40 70 73 82 85 74 65 51 33 50 59 74 84 88 86 73 61 52 31 36 45 45 42 40 40 39 40 40 39 39 39 39 40 39 39 39 42 43 44 44 45 43 42 41 40 39 42 46 37 22 29 46 46 44 52 59 62 79 135 175 179 175 173 153 107 103 66 42 40 39 38 38 38 37 39 37 31 31 41 42 38 38 43 43 39 39 37 37 43 43 43 40 40 38 38 37 37 36 37 37 37 37 37 38 38 37 37 37 37 37 37 37 37 36 36 37 37 37 37 38 38 39 39 39 40 40 40 40 40 
11 5 5 5 5 5 6 6 8 9 8 9 17 17 9 1 2 3 5 11 28 45 48 36 22 25 46 53 68 90 95 99 102 107 114 81 66 44 43 50 58 104 137 123 101 70 54 61 71 84 84 86 85 79 70 66 51 50 47 42 39 38 38 38 38 38 38 38 38 38 38 38 39 40 42 43 43 43 43 42 40 40 39 40 43 46 46 25 19 19 19 26 42 53 62 57 90 117 132 166 146 128 111 127 96 57 40 39 38 38 38 37 32 34 36 34 40 39 37 36 40 40 38 37 36 33 39 40 41 41 41 40 39 39 39 38 39 38 38 38 38 38 38 39 38 38 38 38 38 38 38 36 36 38 38 39 39 39 40 39 39 39 40 40 40 42 42 
25 15 7 4 4 4 4 6 10 19 11 14 30 39 25 12 9 6 9 8 16 25 30 28 19 11 14 24 40 51 78 94 95 100 103 63 54 45 37 32 36 104 166 165 136 95 80 71 81 85 80 82 85 82 72 81 68 52 45 40 38 38 38 37 36 36 36 36 36 36 37 38 39 42 43 43 43 43 40 40 39 39 40 42 43 45 49 45 40 30 18 18 31 46 68 47 51 47 56 96 88 78 77 85 63 46 42 39 38 38 38 38 35 37 37 38 40 38 36 36 37 38 38 38 37 37 39 40 41 41 40 41 40 40 40 40 39 39 39 39 39 39 39 39 39 39 39 39 39 39 39 38 38 39 39 40 40 40 40 39 39 40 42 40 42 43 43 
16 11 9 5 5 4 5 6 9 9 12 16 12 13 22 22 16 10 10 9 6 9 10 11 11 9 9 10 10 10 14 49 77 95 84 68 51 47 50 32 24 61 115 180 165 118 85 86 102 99 92 95 96 95 92 77 57 45 41 38 37 37 37 36 35 33 33 33 33 35 35 37 39 42 42 43 43 42 42 40 39 40 40 43 43 44 49 50 52 52 35 17 15 25 51 50 42 39 38 37 39 43 50 54 46 42 42 38 38 39 38 38 37 36 37 37 38 37 37 37 36 37 38 40 42 43 43 40 40 42 40 41 40 41 40 39 39 38 38 38 38 39 39 38 38 38 38 38 38 39 39 40 39 39 39 39 39 39 39 40 40 40 42 42 42 42 42 
29 13 9 5 5 6 7 7 8 8 10 12 15 17 20 19 17 13 13 13 11 10 9 9 9 6 6 6 8 8 11 27 52 68 97 85 60 47 22 29 35 43 67 131 178 175 138 142 162 158 134 118 112 117 117 88 64 45 38 36 36 36 36 32 32 32 31 31 31 32 33 35 37 38 40 40 42 42 42 39 39 40 40 42 43 44 47 49 50 49 52 35 21 19 44 46 40 38 36 37 38 42 43 45 42 42 42 39 38 38 38 37 36 36 37 37 38 38 37 36 37 37 38 40 42 43 44 42 42 42 42 43 41 43 41 39 39 39 39 39 38 39 39 38 38 38 38 38 38 39 39 40 40 39 39 39 39 39 39 39 39 40 40 40 40 42 42 
40 21 11 8 6 9 11 8 7 6 9 10 11 13 15 13 15 16 19 19 17 12 9 9 9 8 8 8 9 9 10 12 29 46 64 73 69 62 45 36 49 42 37 79 171 206 165 174 203 203 173 153 158 164 146 107 78 49 32 33 33 33 32 32 31 30 30 30 30 30 31 32 35 37 39 39 40 40 40 39 40 40 42 42 44 44 46 46 46 46 51 45 35 23 36 44 39 38 37 40 36 37 44 42 44 44 43 40 38 37 37 37 37 37 37 38 39 39 38 37 38 37 38 42 42 42 43 43 43 43 43 43 42 43 43 40 39 40 40 40 39 39 39 40 39 39 39 39 39 39 39 39 39 39 39 39 39 39 39 39 39 40 40 40 40 42 40 
61 42 18 8 8 8 8 6 6 5 6 8 10 11 12 13 15 17 22 23 25 15 10 10 9 10 9 10 10 9 9 7 11 27 27 37 48 51 52 53 58 50 43 65 104 132 121 125 159 177 158 158 177 187 163 117 81 56 33 29 30 30 31 30 31 30 30 32 32 32 31 32 33 36 38 38 38 38 38 38 38 38 40 42 43 43 44 45 44 46 47 44 44 36 36 39 38 38 37 39 37 38 42 40 42 43 40 38 37 37 38 37 37 37 37 38 39 38 37 38 38 37 39 40 40 42 43 43 43 43 43 43 42 43 43 42 40 40 40 40 40 39 39 40 39 39 39 39 39 39 39 39 39 39 39 39 39 39 39 39 40 42 42 42 40 40 42 
70 60 31 9 6 5 4 4 4 5 6 8 10 11 12 12 13 17 19 23 24 6 0 9 9 10 10 10 11 10 10 6 18 32 31 19 16 24 30 51 63 68 68 45 50 54 53 72 108 135 146 159 160 151 138 106 74 50 32 24 29 28 26 28 25 29 30 33 36 32 31 32 33 36 38 37 37 37 38 38 38 38 40 42 43 43 43 44 44 44 45 43 45 43 40 39 39 39 38 39 40 40 42 40 40 40 39 37 36 36 36 37 37 38 38 38 38 38 37 37 37 37 38 39 40 40 42 42 42 43 43 43 43 42 42 42 40 40 40 40 40 39 39 39 39 39 39 39 39 39 39 39 39 39 39 39 39 39 39 40 40 40 42 42 42 43 42 
64 53 32 12 6 4 4 3 4 5 5 6 8 9 10 10 12 15 15 19 26 20 10 10 8 9 9 10 10 10 11 16 46 41 72 97 81 46 32 40 57 74 80 59 49 40 43 81 114 165 201 217 194 148 118 89 71 48 36 37 36 38 37 50 35 32 31 29 33 35 33 33 33 36 37 37 38 38 39 38 38 38 39 40 43 43 43 44 44 44 44 44 44 43 42 40 40 39 39 39 38 39 40 39 39 40 39 37 37 37 37 37 37 39 38 38 38 38 37 37 37 37 38 38 42 42 42 42 42 43 43 43 43 42 42 42 40 40 40 40 39 39 39 39 39 39 39 39 39 39 39 39 39 39 39 39 39 39 39 40 40 40 42 42 43 44 42 
43 38 26 12 8 6 5 4 4 5 5 5 5 6 8 8 10 11 10 17 33 40 30 12 9 9 8 10 10 11 12 19 63 91 164 192 193 150 122 56 53 60 66 86 67 54 58 88 114 161 203 232 220 160 124 155 139 127 116 111 77 66 64 87 79 66 51 47 36 37 38 36 36 35 37 37 38 39 39 38 38 38 39 40 43 43 43 44 44 44 44 44 44 43 42 40 40 39 39 39 39 39 39 39 39 39 38 37 37 37 38 38 39 39 39 38 38 38 37 37 37 38 38 40 41 40 40 40 40 42 43 43 42 42 42 40 40 40 39 39 39 39 39 38 38 38 38 38 38 38 38 39 39 39 39 39 39 39 39 40 40 40 42 42 43 44 42 
27 24 17 15 10 8 6 6 5 4 4 4 4 5 8 7 7 9 9 13 30 41 38 25 16 9 7 9 10 11 12 14 85 176 250 250 243 208 186 89 82 74 82 99 93 86 78 68 70 94 126 164 159 107 113 209 219 207 188 160 108 85 88 96 109 113 106 116 93 50 37 18 30 32 37 37 36 38 40 39 39 39 40 42 43 43 44 44 45 45 45 45 44 43 42 40 40 39 39 39 40 40 39 39 40 39 38 38 38 38 38 39 39 39 38 38 38 37 37 36 37 38 38 40 40 39 39 40 40 42 42 43 42 42 42 40 40 40 39 39 39 39 38 39 39 39 39 39 39 39 39 39 39 39 39 39 39 39 39 39 40 42 42 42 42 42 42 
11 13 13 12 11 9 9 7 5 4 4 4 4 4 4 4 6 9 8 15 23 23 28 31 22 13 4 9 10 11 14 9 70 170 234 251 254 249 230 135 103 78 100 115 120 107 94 88 80 71 66 66 72 72 46 142 205 231 207 161 109 78 81 121 134 157 182 189 192 171 136 85 56 50 40 41 40 38 38 38 38 38 39 40 42 43 43 44 44 44 44 44 44 43 42 40 40 40 39 39 39 39 39 39 39 39 38 38 39 38 38 39 39 39 38 37 37 36 36 36 37 37 37 39 39 39 39 40 40 40 40 40 40 40 42 40 39 39 39 39 39 39 38 39 39 39 39 39 39 39 39 39 39 39 39 39 39 39 39 39 39 40 42 42 42 42 42 
10 9 11 10 12 10 11 11 8 4 4 5 7 9 11 10 9 9 8 6 6 5 14 16 18 18 16 12 9 10 11 30 82 186 235 241 233 219 172 112 94 87 96 117 114 104 97 95 97 93 72 52 34 23 24 85 121 128 121 102 71 77 87 100 80 85 110 162 185 212 210 182 120 74 51 39 37 37 37 39 39 39 40 42 42 43 44 44 45 45 45 45 44 43 42 40 40 40 39 39 39 39 39 39 39 39 39 38 38 38 38 39 39 39 39 37 37 37 36 36 37 37 37 39 39 38 39 39 39 40 40 40 40 40 42 40 40 40 39 39 39 39 38 39 39 39 39 39 39 39 39 39 39 39 39 39 39 39 39 40 40 40 40 42 42 42 42 
9 12 21 18 14 12 14 11 9 5 4 5 16 26 25 24 23 11 7 5 4 5 11 6 9 8 10 20 10 10 10 45 62 121 186 201 169 135 90 71 75 82 90 113 110 108 109 108 103 97 84 66 52 43 45 57 66 88 108 106 100 116 109 116 64 52 47 73 101 145 174 178 158 107 74 51 46 44 42 40 40 39 40 42 42 43 44 44 45 45 45 45 44 43 42 40 40 40 39 39 39 39 39 39 38 39 39 38 38 39 40 39 39 39 39 37 38 37 36 36 36 37 37 38 39 38 39 39 39 40 40 40 40 40 42 40 40 40 39 39 39 39 38 39 39 39 39 39 39 39 39 39 39 39 39 39 39 39 39 40 40 40 40 40 42 42 43 
8 8 18 24 16 6 7 8 7 7 5 8 17 23 26 33 31 22 15 12 10 10 9 9 10 7 12 17 13 10 12 33 31 47 61 94 85 65 61 71 74 85 94 104 107 107 108 122 103 85 80 80 71 59 59 61 80 114 152 185 187 189 143 134 61 52 42 14 26 51 84 108 132 132 123 109 99 77 53 40 40 39 40 42 43 43 44 44 44 44 44 44 44 43 42 42 40 40 39 39 39 39 39 39 38 39 39 38 38 39 40 40 40 40 39 38 38 37 37 36 36 36 37 38 38 38 39 39 39 40 40 40 40 40 42 40 40 40 39 39 39 39 38 39 39 39 39 39 39 39 39 39 39 39 39 39 39 39 39 40 40 40 42 42 42 42 43 
18 30 61 65 35 11 4 10 7 5 5 8 11 11 15 19 29 33 26 21 15 14 9 11 18 26 18 13 12 10 12 19 29 28 23 30 25 52 80 107 102 95 94 103 114 115 109 122 97 73 72 87 86 79 82 89 98 101 137 210 246 230 151 115 56 36 35 31 33 36 43 39 67 99 132 164 174 142 91 39 40 40 42 42 43 44 44 44 43 44 44 44 44 43 43 42 42 40 39 39 39 39 39 39 39 39 39 40 39 39 40 39 40 40 40 38 38 38 37 37 36 36 37 37 37 38 39 39 39 40 40 40 40 40 42 40 40 40 39 39 39 39 38 39 39 39 39 39 39 39 39 39 39 39 39 39 39 39 39 40 40 40 40 42 42 42 40 
47 108 166 151 85 35 6 8 7 5 7 8 8 5 5 3 4 28 42 40 38 25 9 16 25 33 22 9 9 9 11 15 20 18 16 18 31 50 79 111 112 104 100 111 132 148 143 122 88 78 81 90 94 90 83 82 87 82 87 158 223 206 137 78 44 25 26 26 23 19 31 33 42 65 102 149 177 154 95 39 38 39 42 42 42 44 44 44 43 44 44 43 44 43 43 42 42 40 39 39 39 39 39 39 39 39 39 40 40 40 40 39 40 40 40 38 38 38 37 37 37 36 36 37 37 38 39 39 39 40 40 40 40 40 42 40 40 40 39 39 39 39 38 39 39 39 39 39 39 39 39 39 39 39 39 39 39 39 39 39 39 40 40 42 42 42 40 
68 182 244 214 125 42 4 9 8 7 7 10 10 9 9 11 4 18 53 78 82 52 15 19 39 45 22 9 9 9 12 10 11 12 16 26 35 43 61 95 107 108 100 122 151 186 192 128 86 90 94 87 84 75 62 64 56 54 62 106 149 145 101 39 25 22 21 15 17 22 32 26 37 57 84 115 134 121 85 32 36 38 40 40 40 42 42 44 44 44 44 43 44 43 42 42 40 40 39 39 39 39 39 39 39 40 40 40 40 39 39 39 39 40 40 39 39 39 39 37 37 37 37 37 37 38 39 38 38 39 39 40 40 40 40 39 39 39 38 38 39 39 38 38 38 39 39 39 39 39 39 39 39 39 39 39 39 39 39 39 39 40 40 42 42 40 40 
44 135 196 179 106 33 5 9 9 6 7 10 9 10 13 31 21 26 53 97 104 70 26 23 49 51 22 11 12 10 14 9 9 9 12 23 29 30 38 85 136 158 162 167 175 201 207 111 75 89 92 79 80 76 64 47 38 59 81 84 81 79 52 36 22 19 17 12 15 24 35 37 60 88 123 170 173 152 117 51 37 38 39 38 40 43 43 44 44 44 44 43 44 43 42 42 40 40 39 39 39 39 39 40 40 41 41 41 41 40 40 40 39 40 40 39 39 39 39 38 37 37 37 37 37 37 38 38 38 39 39 40 40 40 40 39 39 39 38 38 39 38 38 38 38 39 39 39 39 39 39 39 39 39 39 39 39 39 39 40 40 40 40 42 42 40 42 
28 47 73 71 47 26 14 9 4 6 5 6 11 30 45 65 45 45 37 65 97 89 61 38 38 17 10 11 11 10 15 6 14 43 50 51 66 84 79 65 102 136 131 128 143 192 208 187 129 74 60 72 79 80 73 46 39 43 60 72 84 74 55 44 22 17 16 11 15 25 35 44 67 106 128 162 207 203 153 148 115 85 66 67 41 44 49 50 47 45 45 45 45 43 42 40 40 39 39 39 39 39 39 40 40 40 40 40 40 40 40 41 40 40 40 40 40 39 38 39 39 39 38 38 38 37 37 37 38 39 39 39 39 39 39 38 38 38 38 38 38 38 39 38 39 39 39 39 39 39 39 38 39 39 39 40 39 39 40 40 40 40 40 42 42 40 40 
30 31 39 30 19 17 17 10 11 19 20 21 28 45 61 92 94 86 59 61 74 60 24 9 15 6 5 7 9 10 14 9 23 62 76 73 92 110 107 64 89 114 110 108 128 195 226 210 160 100 71 74 80 87 84 50 46 58 74 88 97 72 34 30 22 17 17 14 15 23 31 44 64 84 94 127 167 191 186 194 219 201 180 171 122 106 96 102 66 46 46 44 44 42 42 40 40 39 38 39 39 39 39 40 40 40 40 40 40 40 40 41 40 40 40 40 40 39 39 39 39 39 38 38 38 37 37 38 38 38 38 38 38 38 39 39 38 38 38 38 38 38 39 38 39 39 39 39 39 39 39 39 39 39 40 40 40 39 40 39 39 39 39 40 40 39 40 
39 30 24 8 8 21 25 18 21 28 32 36 51 68 81 111 124 116 74 37 24 22 10 7 7 6 7 6 8 10 14 19 38 70 84 81 103 127 130 85 82 77 65 63 84 146 193 184 145 99 77 87 94 97 93 53 57 64 72 79 87 65 47 35 23 23 21 16 16 21 26 43 52 60 70 80 80 96 144 134 212 242 250 244 238 200 158 158 98 50 44 43 43 43 43 40 40 39 38 39 39 39 40 40 40 40 40 40 40 40 40 40 39 39 39 39 39 39 39 40 39 37 37 37 37 38 38 39 39 38 38 37 38 37 38 39 38 38 38 38 38 39 40 38 38 38 39 39 39 39 39 39 39 39 40 40 40 40 40 39 39 39 39 39 39 39 39 
36 32 29 12 16 37 47 32 26 25 36 43 59 79 93 111 120 118 87 37 16 14 11 10 7 12 11 7 8 16 30 38 51 73 78 71 88 110 128 94 75 57 46 45 70 117 140 150 115 82 79 104 119 114 103 59 64 68 67 66 76 67 53 42 24 28 23 17 17 19 24 32 37 44 45 46 40 31 60 65 127 156 187 198 217 212 171 138 89 49 42 40 40 41 41 39 39 38 37 39 40 39 39 40 40 40 40 40 40 40 40 40 39 39 39 39 40 39 39 40 39 38 38 38 37 38 38 38 38 37 37 36 37 36 37 38 38 38 38 38 38 39 40 38 38 38 38 39 39 38 39 39 38 39 42 40 40 40 40 40 40 39 38 39 39 39 39 
31 29 23 17 28 58 77 63 39 32 39 51 52 59 81 89 99 108 94 64 37 16 14 11 8 12 8 8 17 32 51 59 61 74 75 61 66 86 109 64 48 44 42 54 97 163 180 171 142 102 89 108 108 97 73 54 64 66 60 56 54 49 43 45 24 29 23 18 17 20 23 24 27 31 29 28 30 28 29 31 63 93 103 139 125 123 104 80 62 47 41 40 40 39 39 39 37 36 33 39 42 32 37 38 39 40 40 40 40 40 40 40 40 40 39 39 40 40 39 39 38 38 38 38 37 37 37 37 37 36 37 36 33 36 37 38 38 38 38 39 39 39 40 38 38 39 39 40 39 39 40 39 39 40 42 40 40 40 40 40 40 38 38 38 38 39 39 
24 18 14 11 24 60 85 65 32 23 39 59 67 75 85 85 97 110 107 80 52 32 25 21 16 15 9 17 31 50 71 73 74 84 84 67 58 71 95 50 43 49 44 60 114 204 254 234 201 139 102 82 80 71 48 50 59 59 57 47 44 36 30 45 24 28 23 18 17 19 20 20 17 29 33 31 32 35 36 35 45 57 56 67 52 53 54 54 48 46 41 40 40 40 40 39 38 37 35 40 42 40 39 40 40 42 42 40 40 40 40 40 40 40 39 39 40 40 39 39 37 38 38 37 36 36 36 36 35 36 36 37 39 38 37 37 37 37 37 39 39 39 39 38 38 39 39 39 39 39 40 39 39 40 40 40 40 40 40 40 38 38 37 38 38 38 38 
20 15 19 18 19 42 60 51 25 19 47 88 110 128 135 136 134 137 123 95 63 56 46 24 23 18 12 14 29 50 72 67 78 102 101 79 63 67 93 72 69 73 59 50 75 149 203 225 202 144 104 68 64 63 50 43 40 38 47 60 60 51 40 43 25 29 24 19 18 18 19 18 16 25 30 32 36 43 47 41 40 42 45 49 50 50 46 45 44 42 42 40 40 40 40 42 43 45 44 45 49 51 53 50 46 43 42 39 39 40 42 40 40 39 39 39 39 39 39 39 37 37 37 38 37 35 35 35 35 36 36 53 59 51 38 36 36 37 37 38 38 39 39 38 38 38 38 39 38 39 39 39 39 38 39 39 39 39 39 39 39 39 38 39 37 38 38 
18 18 25 28 23 26 31 30 21 21 54 118 167 202 216 221 214 194 165 124 81 72 66 29 22 14 5 10 31 44 58 75 109 129 128 103 86 82 89 95 93 89 73 46 49 85 100 143 137 110 88 78 73 72 61 43 37 34 42 58 65 79 71 51 31 30 24 21 19 18 23 25 29 33 38 40 42 44 49 53 52 51 56 58 60 53 43 46 46 44 44 42 42 42 42 40 42 50 65 80 85 101 102 66 54 45 40 38 37 39 42 40 40 39 39 39 39 39 39 39 37 36 37 38 37 35 35 35 35 36 34 59 67 58 39 35 35 36 36 37 37 38 38 38 38 38 38 38 38 38 39 38 38 37 38 38 39 39 39 38 38 38 38 38 38 38 38 
13 15 15 17 21 21 18 17 12 11 37 88 162 210 226 243 243 236 230 179 131 90 59 51 32 26 18 22 28 26 28 62 118 109 97 84 73 81 94 100 121 105 81 52 39 53 57 59 59 59 61 65 66 66 67 42 32 31 37 37 58 93 116 70 46 27 25 18 18 16 19 9 21 39 50 58 58 60 64 64 64 63 61 61 63 66 64 80 75 65 55 38 37 40 42 46 61 87 107 137 140 148 137 96 73 45 43 38 37 39 42 42 40 39 39 38 38 38 39 38 37 36 37 37 37 35 35 33 33 34 34 60 59 52 51 33 35 36 36 36 37 37 37 36 36 36 37 37 35 36 37 37 38 37 37 37 38 37 38 38 38 38 38 38 37 37 37 
9 10 14 17 19 19 16 14 15 17 24 47 100 138 165 195 228 229 247 236 214 192 145 90 57 58 56 49 42 38 36 80 107 99 82 67 58 65 79 107 115 119 94 64 42 28 38 51 50 51 49 54 53 51 50 42 31 26 29 26 42 88 120 102 78 46 27 17 19 18 10 17 32 54 68 80 81 82 84 85 82 80 79 77 75 75 79 88 88 81 69 67 54 45 44 61 77 96 114 143 145 153 152 121 92 59 49 43 40 42 44 43 42 40 40 39 39 38 39 39 38 38 37 38 37 35 35 35 35 37 39 47 47 40 37 35 33 33 33 35 35 35 35 36 36 36 36 36 35 35 35 36 34 35 37 37 37 37 37 38 38 39 39 37 37 37 37 
6 9 14 18 22 22 22 19 26 33 31 26 50 64 81 93 129 149 189 224 239 242 189 114 99 94 90 82 81 85 86 90 86 75 61 49 40 43 56 94 103 115 93 60 38 29 39 44 40 40 32 38 46 45 45 46 37 30 26 30 42 78 116 118 97 61 38 24 25 29 29 32 47 66 78 95 106 103 101 99 99 95 94 91 85 73 104 109 106 89 72 74 64 53 53 83 94 106 118 132 135 142 148 141 108 67 53 47 41 42 43 43 42 42 43 40 40 39 40 40 42 42 40 39 38 37 36 36 36 37 38 37 35 30 30 33 34 35 35 36 36 36 36 35 36 36 35 35 35 35 32 32 31 32 34 37 37 37 37 37 38 39 38 37 37 37 37 
10 8 11 15 17 21 26 31 36 40 46 45 60 42 28 35 43 67 90 147 175 187 151 96 109 100 102 99 104 102 91 79 75 61 52 45 39 39 50 64 67 74 62 43 21 26 40 47 37 30 24 32 46 52 53 54 57 54 43 31 39 66 104 117 102 72 47 36 37 42 45 48 57 74 85 93 100 96 97 97 101 99 100 98 87 77 130 148 143 121 92 84 65 53 78 97 101 106 116 122 127 131 142 150 130 89 63 51 43 40 43 45 45 46 46 45 45 44 44 45 45 46 46 44 44 42 40 38 38 37 37 37 37 33 33 36 37 37 36 36 36 36 36 36 36 36 37 37 36 35 32 30 28 29 32 35 36 37 37 37 37 37 36 36 36 36 36 
12 9 10 11 15 19 25 31 33 36 47 67 85 60 31 31 24 40 51 51 72 115 129 101 112 102 101 95 91 81 72 68 65 57 50 44 39 42 53 46 33 31 30 31 18 22 40 36 25 22 22 24 33 49 52 64 82 86 65 43 44 59 90 97 95 74 52 36 39 49 54 78 79 87 86 84 82 80 92 87 99 102 103 120 117 106 129 150 160 135 99 82 88 75 64 86 84 97 106 111 111 117 137 146 151 123 91 63 46 44 45 47 47 49 49 49 47 47 49 49 49 50 50 47 45 43 42 39 38 37 37 37 37 36 36 37 38 37 38 38 37 37 38 38 38 38 40 40 38 32 30 28 25 25 29 33 36 37 41 38 37 37 36 38 38 38 38 
12 11 11 11 12 16 21 21 22 26 30 37 49 45 41 48 33 31 36 38 64 100 122 132 161 161 139 107 83 67 61 53 48 45 47 43 41 45 56 54 45 22 11 10 18 17 31 17 18 16 16 19 21 30 45 63 92 108 87 59 53 59 72 80 80 66 53 44 50 59 65 87 89 86 78 72 67 70 85 79 99 107 110 122 123 128 117 106 106 110 109 123 130 107 73 59 50 74 86 96 97 105 125 132 157 142 118 81 49 44 49 50 50 50 50 49 47 49 50 49 49 50 49 46 44 42 39 38 36 33 35 35 35 35 36 35 35 36 36 36 36 36 37 37 39 42 43 44 39 32 29 26 24 24 26 31 34 38 41 40 43 44 44 44 44 44 43 
12 11 12 11 11 14 17 16 11 16 19 12 28 47 59 53 44 37 46 67 89 89 87 132 201 220 189 135 86 59 48 52 51 47 46 44 45 49 51 65 53 37 17 11 16 19 21 12 12 12 11 10 17 28 39 58 85 121 122 87 61 57 63 65 68 61 57 50 48 62 72 78 80 75 67 57 42 52 74 70 75 92 95 117 117 125 115 53 47 56 66 116 157 170 141 70 50 56 63 75 85 93 106 111 143 158 146 107 66 47 50 51 50 50 50 47 49 50 50 49 49 49 47 46 43 39 38 36 33 31 30 30 29 30 30 31 31 31 31 30 31 32 33 33 37 39 42 42 37 31 29 25 23 23 25 28 32 37 40 43 45 47 50 49 49 49 46 
12 11 12 11 11 12 15 12 9 12 17 17 35 53 59 47 47 36 38 64 75 66 59 92 145 185 186 144 97 75 64 70 65 53 46 45 47 51 53 49 42 46 42 35 25 19 15 11 12 13 12 16 23 32 40 49 66 95 108 93 73 57 60 64 65 58 57 48 39 43 54 58 68 72 66 54 39 44 53 59 55 66 67 107 114 115 113 58 35 19 30 75 148 193 171 88 68 56 54 59 63 74 82 86 111 136 132 104 67 49 50 49 50 50 50 49 50 50 50 50 49 49 47 46 43 38 36 33 31 29 26 26 24 24 25 25 28 28 26 26 29 29 30 30 31 32 36 36 32 30 26 24 23 22 24 26 31 37 39 42 44 45 49 50 46 47 47 
12 11 11 11 11 12 14 14 10 12 15 19 42 52 54 56 58 33 26 33 38 49 54 44 64 96 117 104 92 80 71 61 58 57 47 50 52 52 56 59 60 74 85 86 92 75 60 16 16 12 8 2 9 29 40 40 47 67 84 75 56 58 60 64 64 58 59 58 59 61 60 50 64 68 65 58 52 41 30 34 33 45 64 85 102 100 84 61 43 40 54 64 84 102 123 89 50 42 47 58 66 67 66 71 77 73 67 63 60 52 52 51 51 51 50 50 51 51 51 50 49 50 49 46 44 39 36 33 31 29 26 24 22 23 22 22 24 23 22 24 25 25 26 26 29 31 31 31 31 29 26 24 23 22 23 26 30 32 38 39 40 43 43 43 44 44 44 
11 11 11 10 11 14 16 17 15 15 17 19 28 32 35 45 45 28 14 17 20 18 23 30 44 54 60 52 54 57 59 59 59 58 47 51 55 56 57 58 59 73 92 106 123 111 94 53 44 37 31 21 30 32 36 40 37 47 58 60 59 66 65 63 63 58 60 60 58 61 60 58 60 61 67 80 80 53 28 26 17 26 45 65 82 85 75 59 43 44 53 57 64 75 78 71 49 44 51 61 68 68 67 68 70 67 66 63 61 58 56 53 53 53 53 54 54 54 54 53 52 52 52 50 49 44 40 37 35 31 29 24 22 21 19 19 18 18 19 22 21 22 23 23 24 26 26 28 28 25 24 24 23 22 23 24 26 30 32 33 35 36 36 36 37 37 37 
11 11 11 10 11 17 20 22 23 19 20 18 17 15 17 35 21 13 16 15 10 10 10 16 37 43 43 37 36 38 45 58 54 51 49 51 50 52 52 50 51 65 86 108 128 128 125 102 80 71 64 52 50 37 29 41 38 42 45 50 54 60 61 61 61 59 60 61 59 59 59 58 57 54 68 97 110 84 45 28 15 11 23 39 63 70 65 59 57 58 60 59 61 68 66 53 45 45 52 63 66 65 61 60 59 59 59 57 58 57 56 56 56 57 57 56 56 57 57 56 56 57 57 56 54 51 46 44 38 33 30 26 23 23 20 19 18 19 19 22 22 22 21 22 24 26 26 28 26 26 26 25 25 24 25 25 26 29 30 30 30 29 29 31 32 32 35 
11 11 12 11 12 18 22 26 25 20 18 18 14 6 4 28 8 5 20 24 14 17 9 7 20 26 28 25 26 30 38 46 45 45 50 58 50 47 46 42 43 52 66 87 109 116 127 125 113 94 83 67 53 39 23 31 39 39 43 44 49 52 56 56 57 58 58 59 59 58 58 57 54 58 79 110 132 116 81 56 37 15 11 23 45 64 63 60 60 59 59 59 61 61 57 52 49 46 49 58 61 59 56 53 53 53 54 53 52 53 53 54 56 57 57 56 56 57 57 56 56 57 57 57 56 52 50 46 43 36 32 29 25 25 24 22 22 23 23 24 24 25 25 28 30 32 32 31 31 31 30 30 30 30 29 30 30 31 31 30 30 29 30 33 33 35 33 
12 13 16 14 15 20 24 29 30 18 18 20 18 13 17 11 4 6 13 47 79 95 57 10 12 18 23 23 26 31 39 42 43 45 51 51 42 40 39 39 40 40 44 60 72 71 77 97 108 97 85 67 59 43 34 29 30 37 40 42 43 45 47 50 52 53 56 59 59 58 59 59 57 64 90 120 137 131 112 71 43 25 25 30 45 60 60 58 57 56 54 57 59 57 56 55 54 52 53 53 54 51 49 47 49 49 49 49 49 51 52 53 53 54 54 54 56 56 56 56 57 57 57 56 54 51 50 47 46 40 35 31 29 29 30 28 26 30 30 30 30 31 32 35 37 38 38 37 37 36 35 35 36 35 33 33 33 33 33 32 33 36 38 38 38 38 38 
11 13 16 19 22 23 23 25 27 22 22 30 36 38 47 41 36 30 43 66 121 170 139 15 18 18 21 24 26 32 39 40 53 75 102 95 57 40 40 40 40 40 43 44 46 45 53 65 82 87 84 79 74 57 42 33 32 32 33 36 36 38 40 45 47 47 50 52 52 53 54 57 58 59 72 93 111 114 111 66 51 33 22 33 42 53 53 52 52 51 50 54 56 54 52 54 57 54 54 52 52 53 53 52 52 51 52 51 50 51 51 52 53 54 56 53 56 54 56 57 57 57 57 56 54 52 51 50 47 45 40 37 36 36 37 37 36 38 39 40 40 40 40 40 42 44 44 43 42 40 40 39 39 37 37 36 37 37 37 37 38 40 43 44 45 45 45 
10 11 15 25 27 24 22 24 27 33 40 51 57 59 63 65 64 52 51 56 104 144 134 16 22 19 23 24 24 32 38 47 66 105 159 159 95 42 42 42 40 40 42 44 41 32 44 63 75 90 101 102 99 79 58 36 28 30 31 31 31 35 37 40 40 42 43 44 44 44 44 44 47 51 47 49 65 78 87 59 56 42 28 42 44 49 49 50 49 47 47 47 46 43 41 52 53 53 52 51 51 54 58 58 56 53 54 53 51 51 51 51 52 53 53 53 54 57 57 57 57 57 57 54 54 53 53 53 52 51 47 45 44 44 45 44 44 45 45 46 46 47 48 47 47 50 51 49 46 46 44 42 39 39 38 39 39 39 40 38 39 40 43 45 46 50 50 
9 10 15 26 29 22 19 24 32 47 62 73 77 75 68 67 67 59 50 53 66 71 63 17 14 21 23 22 23 25 24 43 54 80 123 135 94 42 43 42 42 43 42 44 45 39 47 81 92 109 128 125 115 94 65 38 26 26 26 26 28 31 35 37 37 38 40 39 37 37 37 31 29 42 39 33 37 45 46 45 38 40 43 46 47 47 47 47 45 44 44 40 39 40 41 44 46 47 46 45 46 50 53 56 57 56 57 57 53 52 52 52 52 52 51 53 56 57 57 57 58 56 56 56 56 54 54 54 54 56 53 52 52 53 52 51 50 51 50 50 48 51 53 53 53 54 54 53 52 49 45 40 38 38 37 37 37 36 36 35 36 38 40 42 43 46 46 
7 10 15 24 25 18 16 24 36 70 93 94 88 81 68 50 47 59 74 70 51 31 17 25 22 19 17 19 21 24 25 14 17 32 31 50 52 44 43 42 42 42 42 42 44 47 48 74 104 132 141 134 116 100 68 36 24 23 21 22 23 29 35 37 37 36 37 36 33 33 33 31 28 32 31 30 32 36 38 39 39 39 46 47 47 46 43 40 39 38 37 36 35 35 35 38 39 42 40 42 43 47 51 52 54 56 56 55 54 51 50 50 50 50 51 52 56 57 57 57 58 58 56 54 56 54 54 54 56 57 56 54 54 56 54 54 53 51 51 51 52 51 51 51 50 50 50 51 50 47 43 39 36 33 32 31 32 32 31 30 30 31 33 35 36 38 39 
6 6 12 16 16 11 12 20 36 71 103 114 103 97 89 63 52 58 64 72 65 46 32 36 32 29 25 18 17 16 15 14 14 14 9 16 36 46 45 43 40 39 39 40 42 46 50 72 93 130 143 137 100 66 42 24 21 17 16 16 18 26 32 36 34 33 35 32 31 30 30 29 28 29 29 29 31 32 31 32 33 38 42 44 42 38 36 33 33 32 31 30 29 29 30 32 32 35 35 36 37 43 46 50 51 52 52 51 51 47 46 46 46 46 47 49 52 54 56 57 58 54 52 49 50 50 51 51 52 53 52 52 52 53 52 52 50 46 46 46 47 46 46 45 45 45 45 45 45 42 37 36 32 30 28 26 28 29 29 28 28 28 29 29 31 31 32 
6 6 4 3 3 6 10 17 25 54 95 120 117 108 96 85 76 64 58 61 65 59 50 36 38 42 37 26 21 17 15 15 14 14 13 17 37 50 46 45 41 37 39 39 43 46 45 59 73 106 128 128 92 47 21 14 17 14 12 13 16 25 31 32 31 31 31 30 29 28 26 28 29 31 32 32 30 30 29 31 33 39 40 42 37 33 31 30 29 26 25 25 25 25 26 28 29 30 30 31 32 37 43 45 47 49 49 46 43 40 40 39 39 39 40 40 47 50 52 54 53 47 43 42 43 44 46 46 46 46 49 47 45 44 43 43 40 39 38 39 39 39 40 40 41 40 40 40 40 38 36 35 32 31 29 29 29 26 26 25 25 25 26 27 27 27 30 
7 10 11 10 6 5 9 12 11 36 82 121 124 114 100 109 94 75 67 70 73 68 57 32 35 45 42 37 28 22 17 16 14 15 28 25 25 35 44 43 39 36 40 39 44 45 46 47 56 82 107 114 108 72 29 15 19 14 12 12 16 24 30 31 31 32 32 30 29 29 29 30 31 31 33 35 33 32 31 35 37 42 40 40 36 31 29 28 26 24 24 23 23 23 24 24 23 23 23 25 28 35 40 43 45 47 46 40 37 33 31 31 31 31 30 33 40 45 47 52 49 44 38 36 36 38 42 44 45 44 44 43 39 37 36 35 32 31 30 31 33 34 34 36 36 35 35 36 37 37 38 37 35 35 36 36 36 31 29 28 26 25 25 26 26 25 27 
8 7 22 26 19 8 8 7 6 16 58 115 136 124 110 115 100 87 81 85 83 72 53 33 30 36 43 42 31 26 23 17 12 14 25 22 22 43 73 52 31 27 44 40 43 44 46 45 45 59 75 82 89 80 58 37 17 17 12 13 17 29 32 31 31 31 31 30 29 29 29 30 31 31 33 34 34 36 40 37 38 42 40 37 33 31 29 25 24 25 24 23 22 22 22 22 22 22 22 23 25 31 37 40 46 50 44 37 33 29 26 25 25 24 24 28 35 40 45 50 49 43 38 36 33 36 40 44 46 46 45 42 37 32 28 28 28 28 28 28 29 29 28 29 29 30 28 30 32 35 38 39 39 42 43 43 43 36 32 30 28 25 23 24 25 23 24 
53 21 17 24 22 13 9 6 6 14 36 80 115 123 120 111 104 100 93 93 88 72 51 37 29 33 38 40 36 33 26 18 12 9 11 16 37 79 109 122 75 36 41 43 44 46 47 49 50 52 62 63 58 70 68 42 22 16 12 14 19 30 35 31 31 30 30 28 28 28 29 30 30 30 31 33 33 32 36 42 42 43 40 37 32 31 29 25 25 25 24 22 22 21 21 22 22 22 22 22 23 26 35 44 49 51 43 36 31 26 24 22 22 21 21 25 32 38 44 47 49 44 39 36 33 36 40 44 46 50 46 42 36 30 24 23 25 24 25 26 26 24 24 25 25 25 23 24 28 31 38 43 46 50 51 51 47 40 35 31 29 24 22 22 24 23 23 
150 89 36 16 15 17 18 18 17 17 29 51 71 90 102 109 118 122 111 102 89 68 51 32 26 31 33 39 37 32 25 27 19 12 16 12 30 81 113 149 96 39 40 43 44 45 45 47 49 52 59 55 45 51 50 45 33 19 17 17 22 31 35 29 30 29 29 26 28 28 29 29 29 31 32 32 31 31 36 40 45 45 42 39 33 29 28 25 26 26 29 30 31 30 29 22 22 22 21 21 22 25 38 47 51 51 44 37 31 26 23 22 22 21 21 25 31 38 45 46 47 44 38 35 32 35 42 46 51 52 49 40 33 28 23 23 23 24 25 27 27 24 23 23 23 23 23 23 25 31 39 46 52 57 58 56 51 44 37 30 26 24 22 19 22 22 21 
185 151 94 42 18 21 24 28 28 23 21 27 33 59 79 95 116 130 124 107 81 58 48 24 19 26 29 36 34 31 25 43 34 31 29 22 22 49 74 103 72 36 40 42 44 42 40 39 40 53 59 60 53 42 36 43 43 35 25 21 25 30 35 29 29 30 28 26 29 28 29 29 29 31 32 32 31 32 38 49 50 47 42 39 33 29 28 26 28 33 38 44 46 45 44 33 31 29 26 26 26 30 43 49 52 52 45 37 31 28 23 22 21 19 21 24 30 37 44 45 47 44 38 33 32 36 43 51 58 57 50 40 32 25 23 23 22 24 25 27 27 23 22 21 22 21 22 22 24 31 39 50 57 63 64 60 52 45 37 30 24 23 22 19 21 21 18 
83 84 84 71 54 36 25 33 31 25 22 17 17 19 28 72 91 116 131 113 93 70 47 34 32 29 32 36 35 31 27 29 36 33 33 26 23 24 24 23 26 34 40 43 44 40 35 40 47 53 61 53 43 38 35 37 32 31 25 23 24 25 25 26 28 28 28 25 29 26 29 28 28 30 30 31 31 38 47 50 51 50 44 39 32 29 28 26 30 35 40 48 48 47 45 45 41 37 32 32 32 35 44 49 54 53 46 38 30 26 23 21 19 18 19 22 28 33 37 45 47 43 37 32 31 36 43 52 59 59 51 39 32 25 22 23 22 23 24 25 25 22 19 21 22 21 21 21 24 30 38 50 58 64 65 59 52 44 36 29 24 23 20 18 19 19 19 
31 35 40 49 49 42 42 39 35 25 23 23 28 29 39 68 82 97 101 89 80 64 52 46 39 36 42 43 39 34 30 36 37 39 37 30 24 24 23 21 22 34 40 44 47 43 39 44 46 51 52 45 37 33 32 32 29 24 22 22 23 23 23 24 25 25 25 25 26 26 28 26 28 29 30 30 29 30 38 43 47 50 46 39 33 31 30 30 35 43 46 54 54 52 50 52 50 44 40 40 42 45 46 51 56 55 47 38 30 25 22 19 19 18 18 18 24 29 35 40 46 42 37 32 30 36 45 52 57 58 52 42 32 25 22 22 21 23 24 24 23 19 19 19 19 19 21 21 23 30 40 52 57 61 63 59 51 44 35 28 23 23 22 21 21 21 19 
13 14 15 19 24 30 47 48 36 23 16 21 35 38 49 63 70 73 72 68 73 67 57 46 42 37 43 49 47 38 38 37 35 36 35 32 29 25 30 30 21 35 42 51 54 52 49 49 49 49 52 51 46 37 29 29 24 21 21 22 21 22 22 22 22 23 23 24 24 25 26 25 28 28 29 29 28 28 36 39 44 52 50 40 35 33 33 33 46 53 56 58 59 59 58 57 56 51 49 50 51 52 53 53 58 58 49 39 30 24 22 20 19 18 17 16 22 28 31 37 42 39 36 31 29 36 45 52 57 59 53 43 33 25 21 21 19 22 23 22 21 18 18 17 17 19 22 23 25 32 42 51 56 60 61 58 51 44 32 25 22 23 21 22 22 22 21 
33 25 17 9 8 15 24 32 31 23 13 18 33 46 53 57 60 64 68 78 95 107 97 57 44 42 47 56 58 50 43 35 30 31 31 31 33 32 43 42 26 38 49 58 66 64 51 51 52 53 59 61 55 39 25 28 22 21 19 19 19 20 20 19 19 21 21 22 22 23 24 23 25 25 25 28 29 29 35 38 45 53 52 43 35 33 36 38 49 57 60 61 61 61 61 61 61 57 56 57 54 57 58 58 61 59 49 39 31 24 19 19 19 19 18 17 18 24 28 32 37 35 31 28 28 36 44 52 57 59 53 44 35 26 22 22 22 24 25 22 21 18 19 19 21 22 24 25 27 35 43 49 54 59 60 56 46 39 29 23 19 21 21 21 21 21 21 
59 51 33 15 9 9 8 10 16 19 18 18 31 50 54 53 53 56 63 89 118 153 180 115 73 51 46 49 53 47 38 37 35 32 31 32 36 39 47 42 37 42 51 67 76 71 58 51 51 52 57 57 51 36 23 26 22 18 18 19 18 18 18 20 20 20 22 22 22 23 23 22 23 23 24 25 29 29 36 40 47 56 52 43 36 33 32 38 46 53 58 58 57 57 57 59 59 58 58 58 57 60 61 59 63 60 49 39 32 25 21 17 18 19 18 17 19 21 23 28 31 30 28 25 28 36 44 52 57 60 54 44 37 30 26 24 24 25 24 21 19 21 22 22 25 24 26 26 29 37 45 50 56 59 60 54 44 36 26 22 19 22 20 22 23 22 21 
80 66 52 37 29 23 19 17 11 12 20 23 40 58 63 61 59 56 57 73 96 145 207 206 163 101 61 49 50 47 32 40 38 33 31 33 38 40 42 42 40 42 50 64 67 61 50 39 39 39 42 40 38 30 22 25 21 18 17 17 17 17 17 19 19 19 19 20 22 22 22 21 19 19 22 24 28 30 39 44 51 57 52 42 36 35 35 36 43 49 52 52 51 50 47 49 51 53 53 53 56 59 63 61 64 60 50 39 32 24 22 19 18 17 17 16 18 19 21 24 26 26 25 24 26 35 44 53 58 60 56 47 39 36 32 31 31 31 28 24 24 26 28 28 30 31 32 32 33 40 47 54 59 61 60 53 43 36 28 24 22 24 25 24 25 24 23 
73 51 51 70 73 63 53 32 14 8 14 24 44 54 64 68 66 59 51 51 59 92 136 208 219 166 106 66 56 52 40 50 40 38 35 37 43 43 39 35 28 27 34 42 49 44 37 33 35 33 37 35 32 29 25 25 21 17 16 16 16 16 17 17 17 17 16 17 18 19 20 19 18 17 18 22 26 31 39 46 56 57 51 40 35 36 37 35 38 42 43 43 42 42 40 42 46 50 51 52 54 57 61 61 65 60 50 38 30 23 22 21 18 18 18 17 17 18 19 22 24 25 25 22 25 35 45 54 58 60 57 47 44 40 39 38 38 37 32 30 31 31 35 35 38 40 40 42 40 45 52 56 61 63 59 50 40 35 28 26 28 30 30 30 30 30 27 
44 36 39 66 86 90 96 82 67 46 29 22 32 40 53 65 70 63 52 50 52 67 84 134 169 160 125 89 73 59 45 66 50 46 42 41 45 44 40 31 26 19 18 25 33 37 38 38 37 36 43 37 36 32 28 25 21 17 16 16 16 16 17 17 17 17 16 16 19 20 20 17 17 18 18 22 26 30 40 49 56 59 51 40 35 35 33 33 35 37 39 38 37 38 38 39 44 46 51 52 54 58 61 63 66 60 50 39 31 25 23 21 18 18 19 18 17 17 18 19 22 24 23 21 24 35 45 54 58 60 58 49 46 47 46 47 47 44 38 35 36 36 39 43 47 50 50 51 50 51 54 56 60 60 57 46 37 32 29 29 31 33 34 36 36 36 33 
38 40 39 36 46 59 84 122 138 110 59 21 18 25 33 53 72 61 52 49 47 45 59 85 96 94 93 104 97 74 53 52 48 44 42 44 46 47 40 39 31 26 25 25 26 28 28 38 49 53 45 39 38 35 29 25 19 17 15 15 15 15 15 16 16 16 16 17 18 20 20 19 19 18 19 21 25 32 43 53 58 59 51 39 33 33 33 35 37 40 40 39 39 40 40 40 43 46 49 49 53 58 61 64 65 61 51 40 32 26 24 21 21 19 18 18 17 17 16 17 19 19 18 19 24 33 43 53 57 60 60 55 54 54 54 53 56 52 44 40 39 40 43 51 56 58 58 57 55 55 59 59 60 60 57 46 36 32 30 29 31 33 36 38 37 37 37 
40 34 27 19 19 29 51 93 122 104 58 19 16 16 8 28 53 57 50 50 46 50 59 84 86 61 45 71 104 108 80 60 53 51 49 50 52 52 47 44 36 29 25 18 19 22 23 30 38 44 44 42 38 33 28 25 21 16 15 15 15 15 15 16 16 16 18 18 17 19 19 19 19 18 19 19 24 32 43 52 58 58 52 40 36 36 36 37 39 43 45 44 44 44 43 44 45 47 49 51 54 59 63 63 63 61 52 40 33 29 26 23 23 23 19 19 19 18 16 17 18 18 17 19 24 33 44 53 58 62 62 62 61 59 59 59 60 57 49 44 40 43 47 53 59 63 63 62 62 62 65 65 64 61 56 44 35 31 30 30 32 33 37 38 37 37 37 
42 51 48 39 36 32 35 57 66 49 29 19 24 24 12 16 25 36 46 50 44 58 88 98 78 45 29 43 79 110 101 58 56 54 51 53 57 56 51 47 43 38 33 25 19 17 18 24 31 37 42 44 39 33 28 25 21 16 14 14 14 14 15 15 16 19 19 19 19 19 19 17 17 17 18 18 23 31 43 53 59 59 52 44 38 36 37 40 43 50 52 51 51 51 51 50 50 52 56 54 57 59 61 61 64 64 54 42 35 32 30 26 26 26 24 22 19 19 16 17 18 18 19 22 25 35 44 53 58 63 66 66 65 64 65 65 66 60 52 45 40 44 47 53 62 65 66 66 66 67 68 66 66 63 53 42 35 30 27 29 31 32 35 35 33 34 36 
42 65 72 60 50 39 30 37 37 17 12 21 33 36 31 22 13 18 33 42 39 58 114 140 93 45 42 43 54 68 71 56 56 53 51 51 53 52 50 49 46 43 42 37 24 17 19 21 24 28 37 44 42 31 26 24 21 17 15 16 16 16 16 17 17 19 19 19 19 19 19 18 18 18 17 18 23 31 45 56 60 59 52 44 38 37 38 42 47 56 59 59 59 58 58 57 57 58 60 58 58 59 61 60 64 66 55 42 35 33 33 31 30 29 26 22 19 19 16 16 16 18 19 21 25 32 42 53 58 63 66 66 66 68 67 67 66 60 52 45 40 44 47 54 62 66 67 68 68 70 68 68 66 61 51 38 30 29 27 26 29 29 30 31 30 33 32 
32 49 61 67 58 43 29 25 33 24 19 23 33 36 33 25 12 10 18 28 22 39 99 166 144 96 87 79 85 82 66 57 51 50 47 46 46 46 46 46 45 44 45 46 40 32 29 24 21 25 36 44 44 35 29 25 23 22 22 21 21 19 19 19 19 20 19 19 19 19 20 18 18 18 19 21 25 32 45 56 60 59 52 45 40 37 38 43 50 58 60 63 63 60 59 59 59 61 62 57 56 57 59 59 64 64 54 42 33 32 36 36 36 32 28 24 22 19 18 17 17 18 18 18 23 31 42 54 59 63 66 66 66 68 66 65 65 61 52 45 40 43 47 53 61 66 67 68 68 67 68 69 67 59 50 35 28 27 27 26 28 29 31 30 29 29 30 
19 33 50 66 66 56 39 32 36 32 24 23 31 31 36 36 25 15 16 17 9 14 59 134 174 170 143 138 145 138 111 66 52 44 45 47 47 48 48 50 50 50 53 52 53 44 30 26 25 31 42 47 46 39 35 32 29 28 29 29 29 26 25 24 23 23 22 19 19 20 20 21 19 19 19 21 26 33 44 53 59 59 54 47 43 38 38 43 46 52 57 58 57 53 52 53 53 54 54 50 49 51 56 59 61 61 52 43 36 35 40 43 43 40 36 30 26 23 21 19 19 19 19 18 22 32 42 53 59 63 66 66 67 66 67 67 66 64 54 46 40 43 47 53 59 64 66 67 67 68 68 69 66 58 47 36 30 30 29 30 31 33 33 32 33 33 32 
19 31 48 65 72 74 61 51 41 32 32 28 25 23 33 49 45 30 29 26 18 16 57 129 174 189 173 172 178 179 156 81 61 42 46 53 51 51 52 53 56 58 60 63 64 57 44 35 25 32 45 52 51 44 38 36 36 33 33 33 33 32 31 29 26 23 23 21 19 19 19 22 22 21 19 22 28 35 47 56 59 60 56 50 45 39 39 38 40 45 49 49 49 45 44 44 45 46 44 44 44 44 52 58 60 59 51 42 36 37 42 46 49 49 44 39 31 25 22 22 19 21 21 21 22 31 42 53 59 63 66 66 67 68 68 67 66 65 57 46 42 43 47 55 61 65 67 67 68 68 68 67 64 56 45 36 31 33 36 37 38 39 42 42 42 42 39 
29 37 53 79 96 107 96 67 50 38 35 28 22 19 28 44 40 40 45 45 43 55 96 168 158 139 146 153 152 167 152 70 44 37 46 56 57 59 64 68 67 68 71 77 75 71 68 64 56 53 52 53 52 46 38 38 40 40 43 43 42 39 37 33 30 28 25 24 24 22 22 24 23 23 25 29 36 43 50 57 59 60 57 52 47 40 39 36 38 40 40 42 42 40 39 39 39 40 39 40 40 43 50 57 60 59 51 39 36 38 42 45 50 51 47 44 36 29 23 22 21 22 23 23 24 32 42 53 59 64 67 67 67 68 68 67 66 65 57 47 42 43 47 55 62 65 67 67 67 68 68 66 63 54 44 36 31 36 39 42 45 47 51 54 51 47 47 
36 52 67 99 129 137 110 95 64 44 32 18 13 17 30 39 36 40 52 46 58 87 117 143 121 89 88 89 102 114 90 50 32 33 44 57 60 64 73 71 69 69 74 79 75 75 74 75 75 66 57 53 53 47 36 39 43 45 47 47 46 43 40 40 37 36 32 31 31 30 29 30 30 31 36 39 49 52 53 54 57 60 59 55 50 43 40 39 37 37 38 37 39 38 38 39 38 38 39 39 40 46 51 56 60 59 53 43 39 42 44 46 51 52 49 45 37 31 26 24 23 24 26 25 26 36 45 54 59 64 66 67 67 67 67 67 67 63 54 48 44 43 47 55 62 65 66 66 67 67 67 66 64 53 44 36 32 36 40 43 47 51 56 58 57 53 52 
37 43 44 67 99 117 110 99 68 54 57 51 31 18 18 22 29 32 42 47 56 79 85 88 72 58 48 44 70 89 85 50 33 29 39 60 73 70 70 73 73 74 76 79 79 75 73 75 80 79 77 67 57 49 39 40 47 52 54 57 57 53 47 47 46 44 41 39 39 39 39 39 40 40 43 45 52 56 57 57 59 60 61 60 57 48 46 45 41 39 38 38 39 37 37 39 39 40 40 41 46 52 54 54 60 61 57 50 46 49 51 52 53 56 53 47 42 36 29 27 27 30 30 29 32 43 49 56 59 63 67 67 67 68 68 67 67 63 56 48 44 43 47 54 64 65 66 66 67 67 67 66 63 52 42 37 35 38 46 51 56 58 61 64 64 63 63 
36 34 29 33 43 56 68 65 61 51 77 107 101 60 28 24 37 37 34 40 52 59 60 61 37 35 36 30 37 64 73 53 32 25 36 56 67 72 77 81 79 75 77 79 79 80 80 81 86 86 84 70 56 49 43 43 52 58 61 63 60 56 53 52 52 50 49 47 47 47 47 49 50 51 53 55 58 59 60 59 60 60 61 63 60 56 53 54 50 47 44 44 45 44 44 43 43 44 46 49 52 58 59 57 61 65 61 54 50 53 55 56 58 60 59 53 47 39 33 33 33 35 35 36 40 49 53 59 61 65 67 67 67 68 70 68 66 61 56 50 45 44 50 55 62 64 65 65 66 66 66 66 60 52 44 40 38 43 51 54 61 64 66 67 66 67 68 
37 44 43 29 17 19 31 31 49 40 71 143 188 158 110 72 63 52 44 43 51 65 64 54 28 19 33 35 23 42 54 60 32 21 32 45 51 63 81 85 83 79 81 78 84 89 86 85 84 82 81 70 53 47 46 44 53 61 64 63 61 58 57 57 59 59 59 58 54 56 56 58 59 60 61 62 62 63 63 64 64 64 63 64 64 61 59 60 59 57 54 53 53 52 52 50 51 51 53 56 58 61 62 61 61 64 61 57 53 55 57 57 61 64 64 59 52 46 42 44 43 42 42 43 50 54 58 60 62 65 67 67 66 68 70 67 65 63 57 52 50 50 53 57 61 64 66 66 66 68 67 64 58 53 47 44 43 47 53 56 61 66 67 67 66 66 66 
40 79 81 42 17 15 17 23 44 37 44 117 205 228 210 177 145 110 87 72 64 74 65 47 30 15 25 32 22 23 36 46 35 26 23 33 39 47 65 73 79 84 87 84 87 85 84 83 86 86 92 82 61 49 44 45 53 58 60 62 62 61 61 60 64 65 66 65 63 63 63 64 65 65 65 65 65 65 65 65 65 66 65 64 64 63 64 63 61 60 59 58 58 57 56 56 57 59 60 61 64 65 66 66 63 60 59 59 59 59 59 59 63 66 67 65 58 54 51 51 50 49 51 53 57 61 62 64 65 67 67 67 67 67 67 67 65 65 61 56 53 56 58 59 61 65 67 66 66 68 66 64 59 57 53 51 51 54 57 58 63 66 66 66 66 66 67 
64 137 145 71 21 12 16 19 26 30 22 51 132 207 231 243 226 193 150 110 79 67 56 44 33 18 22 30 26 24 21 31 44 41 26 22 28 50 62 68 75 84 93 90 86 90 101 89 90 88 87 81 66 45 38 46 50 57 60 60 62 64 64 63 64 65 67 66 66 66 65 66 66 67 67 66 65 65 64 65 65 66 65 64 65 64 65 65 63 63 63 64 64 63 63 61 63 63 65 65 66 70 70 71 68 61 61 65 65 65 64 64 65 67 68 66 62 61 59 57 58 59 61 61 63 66 66 66 66 66 66 67 67 67 67 66 67 66 66 63 59 61 63 63 64 66 66 67 67 66 67 66 64 62 59 58 58 60 62 63 65 66 65 67 67 67 67 
77 167 175 86 25 11 16 17 18 19 12 21 64 143 208 235 233 227 187 131 80 59 49 35 25 17 19 33 40 37 22 30 52 63 53 37 26 38 49 65 76 87 93 81 74 85 100 88 79 68 67 66 56 39 35 44 47 51 56 61 66 66 68 67 60 64 65 64 63 65 65 66 66 66 66 66 65 65 64 65 65 65 65 64 65 66 65 65 65 65 66 67 67 66 65 65 64 63 65 65 65 71 74 73 71 63 63 66 67 68 68 66 66 66 67 66 64 63 61 62 65 66 67 65 66 66 66 66 66 67 67 67 66 66 66 67 67 67 68 67 65 65 65 65 65 66 66 67 67 67 67 68 66 65 63 64 65 65 67 66 66 65 67 67 67 67 67 
70 146 150 71 28 21 23 22 19 19 18 25 39 86 163 195 180 180 163 123 81 61 46 36 32 30 29 44 56 47 39 34 47 71 89 79 50 36 35 55 76 96 93 84 74 74 88 82 64 49 46 49 45 33 32 37 40 45 51 63 61 59 65 66 59 65 65 61 60 64 65 66 66 66 66 66 65 65 65 66 66 65 65 65 65 66 66 67 66 66 66 66 66 65 65 65 64 64 65 66 65 67 68 68 68 64 63 66 67 68 71 68 67 66 66 65 65 64 64 66 66 67 67 67 67 67 67 66 67 67 68 68 67 67 67 67 66 67 68 67 66 66 66 66 66 67 67 67 67 67 68 68 67 67 65 66 67 66 67 66 66 66 67 67 67 67 68 
61 74 89 61 32 22 19 19 23 26 22 15 31 64 125 159 130 116 110 104 101 85 66 51 61 66 64 86 100 80 52 36 46 72 123 158 132 77 38 49 73 81 81 79 74 79 88 88 66 33 25 30 33 32 33 33 35 45 53 54 53 52 57 58 57 63 64 60 58 61 64 64 65 65 66 66 65 65 65 66 66 65 64 65 65 65 67 67 68 70 68 66 66 65 65 64 64 64 65 66 64 69 71 67 68 65 65 66 67 68 70 70 67 66 64 65 65 65 65 66 66 66 66 67 67 66 66 66 66 67 67 66 67 67 67 67 66 66 67 67 65 66 66 66 66 67 67 67 67 67 67 67 67 67 66 66 66 66 67 66 67 67 67 67 67 68 70 
66 62 62 43 31 32 39 45 39 35 31 29 30 31 55 81 78 73 66 80 113 121 119 116 146 135 103 138 171 125 71 66 66 67 115 176 193 149 81 65 82 87 88 87 85 75 68 71 58 35 21 23 30 35 37 36 37 35 38 43 46 49 51 50 51 58 60 57 54 57 60 61 62 64 65 64 65 65 65 64 64 63 64 65 65 66 67 66 66 67 66 66 65 64 64 64 63 63 65 66 65 67 69 67 67 66 65 66 67 68 70 68 67 65 64 65 65 65 65 66 66 66 66 66 66 66 66 66 65 65 65 65 66 66 66 66 66 65 66 66 67 67 67 66 67 67 66 66 67 67 67 67 67 67 67 66 66 66 67 67 67 67 67 67 67 68 68 
78 64 64 40 25 44 74 73 65 61 59 54 51 45 35 32 44 46 35 53 116 162 174 167 193 173 129 145 182 158 108 96 100 97 108 146 196 196 144 107 100 86 78 79 86 82 72 60 52 41 27 26 30 36 37 36 38 39 40 43 39 40 45 44 44 45 51 52 50 51 57 58 59 62 64 64 64 64 65 64 63 63 64 64 64 64 65 65 64 64 61 64 64 64 64 64 63 63 65 66 65 66 67 70 67 65 65 66 68 68 68 68 67 66 65 64 64 65 66 67 67 66 66 66 66 66 66 66 65 65 65 66 66 66 66 66 65 65 65 67 67 67 67 66 66 66 66 66 67 67 67 67 67 67 67 66 66 67 68 68 67 66 67 67 67 67 68 
89 64 60 47 33 52 90 84 78 78 76 75 78 74 47 32 37 36 29 42 103 156 158 148 149 136 123 136 151 141 108 90 104 118 106 123 181 215 193 132 103 75 61 58 71 82 81 60 45 31 23 27 30 31 33 33 35 39 53 59 49 42 44 40 39 37 44 46 45 46 51 54 56 60 60 59 60 61 61 63 63 61 61 63 63 63 64 66 66 65 64 64 63 63 64 64 61 60 65 68 71 71 78 88 80 69 67 68 72 70 68 67 67 67 66 66 65 65 67 66 67 67 66 66 65 65 66 65 65 65 64 65 65 66 66 66 65 66 66 66 67 67 67 67 66 66 66 66 66 66 66 67 67 66 66 66 67 68 70 70 67 66 66 67 67 67 68 
85 68 61 51 46 54 68 58 57 54 60 67 74 76 64 58 56 50 44 53 79 90 86 84 88 92 117 162 160 113 77 73 93 114 115 135 186 226 192 115 89 74 61 52 64 78 82 70 44 22 17 22 30 33 32 40 31 33 61 89 85 58 47 32 32 36 39 38 38 42 45 46 49 52 53 58 59 59 59 60 61 60 59 60 60 59 60 61 63 63 63 64 63 63 64 63 61 60 63 72 82 94 100 103 88 72 65 66 69 70 68 68 68 68 68 67 68 67 68 67 66 66 66 65 65 65 65 65 65 65 65 66 66 66 66 66 66 66 66 68 68 68 67 66 66 65 65 65 65 65 66 66 65 66 66 66 66 67 70 70 67 66 66 66 66 67 68 
65 60 54 48 44 46 50 47 37 32 37 45 58 64 61 59 60 61 63 61 52 34 26 28 50 72 104 163 174 113 58 59 81 93 92 108 158 196 170 96 75 68 64 59 70 82 89 92 79 53 47 45 39 47 52 53 36 24 46 98 130 113 93 63 46 42 38 37 37 43 46 42 44 46 44 53 58 56 58 59 60 59 57 57 57 57 58 58 59 60 60 63 64 63 63 63 61 60 60 61 67 84 96 95 77 59 54 54 60 66 68 70 73 74 70 71 68 66 68 68 66 66 66 65 65 65 65 65 65 65 65 65 65 65 65 66 66 65 67 67 67 67 67 66 66 65 65 64 64 64 64 64 66 66 66 66 66 66 67 66 66 66 65 66 66 66 66 
59 58 51 47 47 59 75 71 65 75 82 66 50 58 57 52 46 43 52 52 32 19 13 12 36 68 94 150 172 122 71 62 69 64 45 38 73 121 135 94 68 57 56 54 61 71 87 113 143 138 120 101 81 77 74 71 45 21 31 71 109 149 180 146 103 56 39 40 38 34 36 36 38 44 44 47 54 56 53 60 55 53 53 49 52 52 57 59 60 57 57 53 52 54 57 57 58 60 54 44 44 53 61 63 51 42 42 43 51 63 65 67 80 87 82 74 69 66 66 64 65 66 65 65 61 60 60 63 63 63 63 65 64 64 65 64 62 61 63 64 65 64 64 65 64 64 64 64 64 63 63 64 66 66 66 66 66 66 66 65 65 65 64 65 65 65 65 
72 66 47 43 52 79 104 74 94 149 173 122 60 49 47 37 22 10 20 37 36 31 25 6 20 60 102 156 165 111 67 64 59 51 28 9 17 57 95 91 65 61 61 54 45 41 59 121 201 229 205 175 137 103 80 53 44 44 59 67 79 148 227 223 167 89 45 43 44 34 32 39 39 42 45 50 53 59 53 55 62 61 56 45 47 45 50 50 52 53 54 46 45 46 49 52 56 56 50 47 43 44 45 47 49 44 40 39 46 56 61 57 67 92 110 101 86 73 67 60 59 59 59 62 59 57 56 59 58 58 60 64 62 64 65 61 61 60 60 63 63 63 61 63 63 61 61 63 63 63 63 65 65 65 65 66 66 65 64 65 65 65 65 65 66 66 66 
102 98 59 41 52 78 84 87 109 174 234 209 121 57 37 32 32 19 11 15 37 54 46 24 24 43 87 129 130 94 59 65 63 47 30 22 26 39 52 61 60 68 66 60 58 45 46 101 192 240 242 220 162 94 66 46 40 60 72 71 77 127 194 221 191 127 93 89 97 90 77 69 43 29 29 33 51 52 45 40 39 46 31 31 45 38 20 40 40 38 34 38 41 41 30 43 38 47 53 46 43 46 56 57 52 49 43 37 44 52 56 57 39 43 88 137 144 123 110 96 86 73 60 50 48 50 52 53 54 54 56 56 57 54 53 57 57 58 58 59 59 58 57 58 58 58 59 59 59 59 60 60 60 61 61 61 61 61 63 62 62 63 63 64 64 64 64 
111 111 72 49 54 71 78 70 89 160 236 236 157 72 33 24 19 8 8 17 35 69 73 52 53 59 75 93 90 74 53 65 78 78 62 49 46 38 32 39 49 59 61 59 53 43 37 47 95 145 174 175 151 104 70 52 94 97 82 60 47 73 122 156 144 129 138 167 193 188 174 166 121 78 51 47 46 44 46 68 84 78 48 35 40 43 54 44 30 19 21 30 38 33 32 54 78 76 61 64 63 57 57 68 54 47 32 26 40 50 52 52 47 36 44 78 116 145 159 174 179 161 117 67 38 46 46 46 47 46 47 47 46 45 45 46 47 48 50 48 48 47 47 49 50 52 52 52 52 52 52 52 52 51 52 53 53 54 56 55 55 54 54 57 57 57 57 
89 95 75 64 72 76 73 67 77 135 207 210 144 80 36 16 11 5 6 16 30 54 62 75 84 72 67 75 72 59 43 63 90 103 96 87 87 74 47 27 32 37 49 61 58 49 36 26 29 48 72 77 79 88 76 63 99 103 90 61 41 45 68 74 82 89 111 146 169 182 196 230 217 174 134 96 68 61 52 82 136 149 120 85 59 60 77 87 66 45 29 28 36 20 43 131 156 124 96 123 143 127 104 103 74 58 46 35 39 43 44 46 50 47 37 33 40 56 95 151 180 187 151 94 50 40 39 39 38 39 38 36 36 36 37 37 37 37 37 37 37 37 38 38 39 42 42 42 40 42 42 42 42 43 43 42 42 43 45 44 44 44 44 45 46 46 46 
61 71 70 72 81 80 71 61 65 102 157 159 108 72 44 22 11 5 6 9 15 24 27 52 72 73 77 75 53 33 26 37 80 103 93 79 84 96 80 38 27 24 32 54 61 56 36 25 15 16 19 25 33 51 62 56 74 74 64 44 30 29 38 51 56 59 68 73 90 113 131 165 196 210 207 182 162 121 61 57 103 138 149 137 123 94 75 113 124 121 77 36 26 19 48 177 185 131 111 158 212 221 206 209 158 129 98 59 53 50 44 52 54 71 65 57 38 33 54 58 74 103 107 77 47 32 31 29 29 29 29 28 28 28 29 29 28 28 26 28 28 29 31 31 32 33 33 32 32 33 35 35 33 33 33 35 35 36 37 37 37 37 37 36 37 37 39 
31 38 54 77 87 78 67 58 56 74 100 95 72 58 41 23 11 5 7 9 5 5 11 23 38 51 63 53 32 23 13 21 64 88 73 50 60 100 123 102 84 60 44 42 45 44 31 23 18 30 24 22 29 32 38 42 46 40 40 36 19 18 29 52 56 65 71 70 78 84 85 89 110 142 175 217 233 177 82 29 31 50 86 116 145 118 90 90 134 171 139 79 33 22 22 106 118 89 75 99 138 177 198 231 206 193 172 137 88 46 33 73 91 128 138 130 108 117 116 39 24 40 65 59 40 28 22 19 19 20 20 21 22 23 24 22 21 20 20 19 22 25 26 26 28 29 29 26 26 26 26 26 26 26 26 28 29 29 29 29 30 30 30 30 31 31 32 
17 19 38 66 75 64 59 57 58 67 73 65 54 47 37 25 11 6 8 9 3 4 10 13 18 30 46 42 28 17 3 23 50 66 54 36 46 92 148 178 172 141 102 67 46 37 26 18 22 44 38 19 20 26 36 43 35 31 38 38 23 20 31 42 50 61 64 72 81 89 95 103 101 110 132 171 189 143 63 28 18 14 26 49 90 95 96 101 160 212 205 165 109 65 30 49 45 40 39 22 30 53 73 97 110 137 173 166 92 20 11 65 107 171 210 214 193 198 196 75 57 46 57 50 40 30 17 21 17 15 16 16 18 18 18 17 16 16 15 15 15 19 23 23 25 28 24 23 23 22 22 22 24 24 23 23 23 23 23 24 23 23 23 24 24 24 25 
16 14 25 50 57 37 36 39 46 60 62 65 65 50 36 22 10 11 15 12 8 8 5 9 10 21 43 44 24 7 5 15 26 36 38 35 47 88 139 173 188 190 176 133 79 53 41 29 23 43 44 26 23 33 49 40 35 38 40 36 21 19 30 26 28 33 31 38 46 57 73 96 97 109 117 127 132 109 78 65 53 37 39 51 74 81 95 120 182 217 230 237 221 180 138 110 78 47 24 9 18 11 5 13 30 74 125 135 103 64 40 19 44 92 135 163 171 169 166 79 57 46 52 47 46 49 36 40 25 19 18 17 19 19 19 18 16 15 15 15 14 19 25 28 28 29 26 25 24 22 22 24 23 23 24 23 22 22 23 22 22 21 21 21 21 21 21 
16 15 21 36 38 21 23 25 31 44 55 68 73 54 32 14 9 16 24 25 24 18 6 8 9 31 57 57 27 8 11 12 13 16 24 37 65 93 108 110 164 215 220 178 117 75 60 75 61 46 47 45 45 54 57 54 54 45 45 42 25 23 25 25 22 19 21 17 12 12 22 25 44 72 86 93 99 101 103 87 78 67 89 121 136 130 123 129 174 189 185 195 209 212 214 212 192 121 50 25 21 11 5 26 45 93 137 171 187 177 158 66 57 35 35 45 58 68 75 63 46 46 51 63 79 102 100 84 54 32 24 19 27 27 29 25 23 20 16 15 13 22 30 33 31 30 24 21 22 21 24 28 22 21 24 23 23 23 23 22 22 21 21 21 21 21 21 
15 14 17 15 15 15 14 15 22 25 39 58 60 45 32 19 8 8 23 49 58 40 13 6 9 42 72 77 56 32 18 11 13 17 23 37 64 87 87 80 143 216 224 180 130 85 64 66 60 49 49 68 102 149 160 125 100 71 54 42 30 25 30 28 25 28 30 23 19 20 20 17 19 26 30 36 46 54 60 64 65 67 100 156 184 170 146 145 177 185 146 114 111 135 156 185 207 163 122 89 71 61 54 23 39 79 104 124 173 209 220 205 186 163 119 71 43 14 21 31 44 46 51 65 95 118 122 131 88 52 29 25 38 53 59 44 31 36 37 17 13 26 53 36 30 33 49 46 36 22 19 24 24 26 25 28 26 24 22 23 24 26 26 26 25 24 23 
11 8 10 9 10 15 11 9 21 26 36 49 49 36 27 20 11 9 30 68 81 57 22 4 8 32 54 68 63 52 38 31 24 19 22 32 49 73 80 78 118 175 203 175 134 100 79 73 63 50 52 66 127 219 237 215 199 156 109 74 56 52 44 30 21 28 28 19 19 23 25 26 25 25 23 16 16 18 21 29 38 50 80 123 143 129 107 118 135 119 87 67 58 73 86 125 130 134 149 158 178 134 89 45 21 36 65 67 74 101 148 182 196 210 190 132 81 51 32 20 36 47 52 54 71 88 106 95 70 41 32 37 50 67 80 82 67 63 50 20 11 29 33 36 30 60 130 163 143 111 85 66 45 32 29 22 21 23 24 29 43 50 45 43 42 38 35 
6 5 4 1 6 14 14 10 23 39 52 58 49 33 24 17 16 18 29 57 70 52 23 5 5 15 31 47 51 56 60 61 60 50 35 28 39 53 59 54 65 96 132 136 114 93 85 82 67 52 45 40 101 182 216 226 227 210 182 146 110 80 63 37 30 29 25 24 24 25 25 25 26 30 28 23 19 21 22 18 28 50 71 103 110 112 115 164 148 95 65 41 50 118 142 122 115 103 103 136 173 150 107 50 7 11 46 58 39 46 68 79 109 125 136 117 92 94 82 49 65 72 61 51 59 63 63 49 66 82 88 87 81 73 75 103 93 86 74 44 26 33 36 37 39 66 139 209 230 217 194 174 151 117 93 61 36 24 33 43 65 71 61 54 60 59 52 
6 7 4 0 3 8 10 15 23 37 53 67 59 38 24 15 17 18 21 31 38 26 12 11 9 13 22 31 40 49 61 81 96 86 52 28 33 36 35 32 30 40 68 87 88 85 86 89 66 46 35 23 52 80 106 135 138 153 172 180 166 116 73 45 40 32 29 26 30 30 25 24 23 26 28 24 21 23 25 9 24 44 57 78 74 83 107 221 203 153 109 59 60 143 166 142 124 101 79 82 112 128 124 78 53 51 79 110 80 31 38 43 64 65 63 58 59 80 75 47 74 87 60 46 65 82 78 94 138 202 203 182 152 106 81 93 88 88 83 64 49 53 59 51 52 52 81 142 203 236 245 249 243 220 201 166 124 82 58 63 77 79 66 57 66 68 61 
4 11 9 3 4 6 10 10 14 18 29 50 58 47 27 16 18 13 12 17 17 9 9 14 22 23 23 25 30 37 47 72 96 93 65 37 33 31 28 24 21 22 38 58 73 84 85 75 60 46 35 32 36 23 30 46 47 58 85 118 148 128 79 42 33 30 29 26 32 33 31 31 29 29 29 29 26 21 19 11 23 29 36 40 31 37 60 144 166 149 102 52 39 78 124 142 129 135 105 72 101 156 186 169 159 159 156 146 108 44 40 46 57 57 50 43 37 40 36 25 61 78 54 40 71 110 129 111 162 224 222 205 173 125 103 87 68 73 72 78 88 104 107 51 49 46 43 64 114 160 196 229 244 252 254 248 227 181 110 81 77 78 68 63 61 60 56 
2 8 14 11 8 8 9 9 11 11 11 21 32 33 23 16 18 16 15 12 9 8 8 8 11 14 15 16 21 26 36 64 86 88 72 43 32 31 25 26 25 23 29 42 53 59 60 56 46 40 31 32 29 21 19 19 19 33 40 45 63 79 73 39 22 24 28 29 37 40 43 46 58 58 47 49 46 31 25 24 25 22 27 34 27 23 36 46 77 79 56 40 26 29 82 153 178 190 139 81 110 167 206 220 238 252 244 217 164 88 63 57 56 51 43 43 37 26 29 35 57 71 56 39 63 102 123 81 111 151 153 139 117 106 97 84 57 52 52 73 102 131 132 63 72 66 51 44 60 84 102 136 169 198 213 221 217 198 142 97 70 73 70 65 57 46 46 
2 9 12 10 6 6 6 8 10 12 11 10 13 15 18 17 19 23 19 9 6 4 4 4 6 7 9 15 19 26 37 56 77 88 81 57 36 29 25 24 21 22 29 36 42 43 42 44 44 33 17 15 12 16 21 22 19 35 43 30 20 33 51 39 26 24 25 30 36 43 53 63 78 79 71 67 64 52 46 47 54 64 88 111 102 92 103 109 102 92 96 95 73 54 77 135 179 186 136 80 76 92 125 153 195 221 236 252 234 174 128 68 59 49 45 56 63 61 60 63 65 67 54 44 56 77 82 82 85 96 95 82 66 71 71 63 44 31 30 60 102 137 136 115 118 108 87 72 73 87 86 86 89 108 124 131 117 110 104 92 64 70 70 63 49 38 39 
9 15 11 4 2 4 8 6 8 12 12 12 13 15 18 18 19 22 18 11 10 5 3 4 8 5 6 15 17 24 35 40 61 82 87 73 58 56 71 79 70 46 35 35 43 44 39 50 54 42 30 36 42 45 44 45 33 32 53 71 80 71 51 46 38 33 35 46 58 72 82 77 66 60 64 58 52 50 64 63 81 115 156 184 173 158 165 192 158 138 160 156 130 125 136 115 101 103 103 85 72 71 79 81 95 118 149 187 217 223 182 93 73 63 49 56 93 104 109 95 73 56 45 49 49 46 47 75 58 61 63 56 46 47 52 45 37 35 29 60 100 127 129 128 123 117 106 78 67 92 108 106 97 85 79 72 56 50 57 64 66 75 74 59 44 36 37 
22 23 15 11 9 6 5 5 7 13 15 12 15 17 19 18 21 23 22 18 16 9 9 10 11 6 5 10 17 42 66 38 53 54 58 53 50 77 137 188 174 107 39 32 40 50 54 54 54 70 101 146 166 164 142 104 90 87 106 137 172 153 109 84 45 37 67 110 143 173 181 152 111 77 58 32 26 43 51 57 70 84 99 104 116 123 121 116 111 120 131 127 127 150 157 127 45 64 137 164 165 152 125 90 63 73 113 164 209 219 182 141 121 100 65 63 86 118 167 209 121 46 31 51 39 11 11 28 44 46 38 32 30 33 26 26 35 45 61 60 56 52 58 61 60 61 75 51 35 39 59 93 102 94 73 51 44 32 19 40 58 71 70 52 40 34 34 
22 26 19 12 13 10 7 8 11 17 17 17 22 22 18 17 21 26 32 33 25 17 19 26 23 17 17 18 19 31 49 11 22 25 33 34 33 56 143 202 193 121 47 26 33 32 43 45 58 99 160 210 223 216 209 203 195 180 172 166 193 200 182 138 72 51 90 145 165 182 216 214 184 150 104 63 31 37 42 44 44 44 52 56 60 59 57 63 54 50 54 56 66 81 95 85 51 102 185 227 234 227 185 113 68 72 108 158 194 191 160 135 127 111 68 51 54 63 103 170 114 47 11 35 33 19 9 7 12 26 21 20 31 30 25 22 33 46 60 59 64 72 65 50 29 37 43 36 38 44 49 56 52 54 52 42 39 25 15 24 37 47 46 41 36 33 33 
21 18 15 13 12 10 9 10 15 21 22 21 28 28 15 17 22 30 37 36 26 22 24 44 40 35 30 28 23 16 14 8 8 10 17 19 19 33 81 99 110 70 26 19 25 23 22 22 45 85 134 155 157 160 175 178 180 164 143 121 121 148 167 148 110 94 102 117 103 92 117 162 171 172 148 96 46 32 47 51 45 42 52 63 64 53 51 50 46 35 24 29 43 65 86 89 65 74 130 177 199 213 194 130 94 68 74 95 115 108 95 106 101 88 64 37 31 31 39 78 64 45 44 41 29 17 18 12 24 34 27 22 28 31 29 29 32 43 46 63 117 164 167 155 113 79 58 56 60 65 63 45 33 42 50 56 46 30 19 21 23 26 31 35 35 31 31 
36 22 12 11 11 10 9 10 12 22 22 21 26 25 12 13 18 28 31 28 21 17 21 42 43 42 40 36 26 14 14 15 16 14 21 32 39 53 45 31 44 26 7 6 15 22 26 22 35 44 44 46 58 61 74 90 109 96 77 67 61 81 97 100 125 144 127 97 61 39 47 85 95 102 103 77 49 39 40 40 39 38 59 75 80 63 65 92 109 75 33 28 36 61 101 104 64 43 61 85 102 116 117 120 129 114 85 60 53 52 54 89 88 65 50 39 32 25 22 23 26 43 58 50 43 31 26 24 25 34 33 26 31 38 35 36 44 47 43 61 124 202 248 241 202 132 80 57 49 52 54 47 36 39 60 78 65 37 29 24 23 23 24 28 30 29 33 
37 22 14 12 10 8 8 8 10 12 11 14 21 22 10 9 11 17 22 21 14 11 16 28 35 42 45 40 30 18 14 29 25 16 24 49 60 61 43 26 29 21 11 4 11 21 31 18 21 23 9 8 15 17 24 54 87 81 67 66 61 63 59 59 101 148 156 130 77 51 80 97 73 51 65 59 58 54 52 49 45 39 46 75 85 71 85 177 202 128 51 29 26 44 77 90 75 68 72 58 47 47 42 54 89 120 114 79 52 43 52 69 71 57 47 41 39 43 45 36 71 81 59 55 41 46 43 44 46 45 37 25 29 32 31 54 72 77 58 44 74 137 188 185 174 129 80 46 28 33 40 38 28 29 67 77 65 33 38 29 24 23 24 24 22 22 39 
22 15 15 12 11 9 8 8 9 11 10 7 12 21 17 15 15 15 15 16 12 10 15 18 26 40 44 43 35 26 23 38 45 29 26 47 56 51 43 33 33 30 24 18 17 16 15 12 12 16 19 18 15 23 57 94 121 130 121 103 87 64 58 59 67 100 142 143 87 60 109 156 122 75 77 86 77 82 94 70 60 42 33 54 77 84 104 181 205 130 59 30 19 47 93 125 117 127 144 108 68 50 42 14 30 68 86 74 53 40 51 57 57 53 48 45 47 52 51 89 131 136 97 72 57 68 47 46 60 67 59 47 43 35 40 58 79 93 80 57 47 53 71 78 82 77 59 40 24 25 28 23 19 25 60 46 37 15 36 31 28 29 28 24 19 18 39 
17 11 12 15 14 12 12 12 10 9 10 9 14 18 23 23 19 17 18 16 10 10 12 21 31 42 45 37 28 21 16 31 52 46 33 41 40 33 33 33 43 38 29 22 18 19 8 3 9 29 53 45 26 58 125 182 209 226 227 199 149 79 64 82 88 92 104 104 77 57 89 132 125 94 85 88 74 79 104 94 80 54 33 33 51 83 118 149 152 111 68 37 28 66 125 169 146 177 220 188 129 72 43 24 30 47 56 57 52 44 54 54 52 50 49 47 49 50 51 90 144 149 124 105 118 119 82 39 64 67 68 67 63 58 56 57 58 67 79 85 67 43 39 39 44 46 46 37 25 22 23 22 22 26 38 25 17 9 26 38 32 31 31 30 23 17 31 
21 9 8 15 15 15 16 16 11 8 11 14 16 16 21 29 17 15 21 16 8 8 10 31 38 39 44 30 16 14 14 14 37 48 37 30 23 19 21 29 42 43 42 29 23 20 17 3 16 56 85 71 44 66 129 193 236 248 241 213 155 74 52 95 115 110 89 72 68 58 61 64 67 72 72 60 45 42 60 82 75 58 43 29 25 58 102 130 123 97 63 33 32 60 88 115 132 158 185 188 150 80 35 24 42 54 53 51 47 41 44 46 47 47 46 46 49 51 53 54 95 101 99 100 121 142 142 97 86 65 65 66 67 72 67 57 50 53 78 92 85 67 55 64 66 53 47 35 26 17 12 21 24 31 31 23 20 19 22 28 35 39 36 31 23 16 24 
17 11 16 18 14 10 19 19 12 8 11 15 16 15 17 22 15 13 18 16 7 2 5 18 25 28 22 12 9 13 31 41 55 51 39 30 20 15 22 33 44 44 51 32 26 22 20 12 22 58 82 70 45 53 87 137 177 184 163 131 89 42 32 84 90 67 52 60 63 49 50 57 67 68 60 44 35 32 35 40 50 50 50 49 46 46 57 79 87 75 49 31 32 39 40 58 72 74 81 100 97 60 18 22 26 38 43 46 46 40 42 43 46 47 46 46 49 51 54 54 56 59 59 66 76 73 73 38 48 61 71 60 55 46 65 52 45 51 78 95 99 90 74 81 73 59 47 33 26 21 19 19 24 31 31 19 22 32 25 21 38 56 50 28 19 19 24 
12 15 21 19 14 9 16 22 13 9 8 11 12 11 11 12 11 10 13 18 16 10 4 19 25 25 22 11 7 19 52 82 68 62 50 27 24 44 86 114 72 47 41 37 27 25 24 23 23 34 44 43 38 31 30 44 67 81 72 52 36 30 31 37 46 39 31 44 56 53 54 50 47 60 61 59 58 45 37 36 36 36 44 77 97 91 53 27 45 47 37 28 26 29 32 43 52 61 49 30 38 37 11 19 9 14 22 39 45 42 44 46 47 47 47 47 49 50 52 52 51 51 55 50 43 33 27 38 44 53 57 46 46 61 82 53 57 66 78 95 108 109 97 102 88 68 50 33 28 24 24 19 17 15 19 18 25 42 39 26 45 63 63 35 24 24 26 
10 15 23 23 13 9 8 5 6 11 11 10 11 10 10 10 10 8 10 22 28 28 25 29 29 29 31 17 11 17 40 82 68 62 44 24 31 88 185 196 121 64 46 39 23 26 29 28 25 16 10 18 28 25 24 23 25 26 29 29 24 19 10 23 21 16 25 53 74 67 68 61 47 58 59 59 67 57 43 38 33 24 29 86 124 118 68 38 43 40 32 29 35 37 39 42 43 46 38 25 26 24 28 30 15 8 13 29 39 42 52 51 50 49 50 50 49 50 52 52 50 47 51 49 44 40 34 37 39 39 40 45 53 72 93 84 82 81 81 97 111 121 122 128 122 93 66 43 30 24 21 18 16 14 16 21 25 39 42 31 49 61 63 50 40 33 32 
11 16 22 24 15 8 9 5 16 28 24 15 11 11 12 13 12 11 12 19 26 35 37 43 36 32 37 26 17 12 16 42 40 38 25 19 25 86 174 163 100 44 26 31 18 22 25 36 26 12 5 5 12 19 18 14 31 31 25 24 22 10 10 13 18 11 28 60 89 85 79 95 82 77 60 45 44 40 35 32 31 28 24 71 102 93 56 41 40 33 26 36 52 65 59 52 43 43 49 54 47 30 32 32 29 24 25 32 39 45 54 54 50 47 47 49 50 50 51 56 53 52 52 51 50 46 43 46 46 45 45 51 61 85 113 96 96 96 93 94 100 108 117 131 132 111 82 54 31 28 24 12 22 23 23 24 24 32 35 35 51 58 57 56 51 44 40 
11 16 19 23 16 8 7 10 38 50 32 17 15 15 22 17 17 18 11 9 14 24 32 39 33 31 33 23 15 12 9 10 17 24 26 23 20 40 72 71 40 21 11 24 22 23 24 24 18 13 15 10 7 9 9 11 31 45 44 33 18 6 5 12 32 37 40 59 96 129 141 148 158 145 116 78 44 26 21 21 28 26 23 38 56 50 30 24 26 26 24 40 66 87 88 61 51 61 97 129 121 85 53 37 40 44 43 42 52 62 58 53 51 54 53 50 50 50 51 50 47 48 50 53 57 51 49 54 51 49 52 52 59 84 109 96 96 99 101 97 88 81 88 95 101 99 86 54 24 15 25 32 39 33 31 36 35 36 37 39 51 56 53 48 43 41 46 
12 16 20 33 32 21 12 15 34 39 23 17 18 17 24 21 21 18 7 4 8 12 18 22 22 25 22 14 12 12 11 11 17 19 18 17 24 22 19 24 23 16 9 16 19 19 17 17 7 6 13 13 9 9 11 13 29 45 63 75 60 37 29 29 35 40 30 38 86 143 177 167 193 196 182 145 88 47 23 11 19 22 22 19 29 29 29 26 23 22 24 45 71 87 95 86 71 80 137 186 191 158 123 90 60 40 40 47 71 111 125 80 68 61 64 60 53 51 52 51 49 47 47 47 53 56 53 50 43 36 43 53 61 82 95 102 97 97 102 100 78 52 50 58 68 74 81 72 54 30 26 77 96 80 56 47 46 45 44 45 49 53 52 41 29 31 44 
18 24 20 37 69 76 51 23 22 19 12 11 14 14 15 13 12 9 8 5 9 12 11 8 17 19 11 6 11 9 8 9 11 10 9 11 28 19 10 11 11 15 13 13 13 11 10 8 5 2 8 17 19 16 12 14 24 45 85 132 153 128 86 47 44 40 29 35 66 100 128 123 136 149 153 144 104 59 31 16 12 14 16 16 19 24 29 26 24 23 25 58 81 88 86 96 87 84 107 129 146 163 170 145 87 37 25 43 87 165 195 167 116 73 63 59 56 55 58 58 56 51 48 43 50 52 51 50 46 51 48 54 65 82 102 99 90 87 92 85 63 37 37 38 50 66 85 95 93 71 49 93 137 138 96 59 56 52 50 51 50 51 50 43 31 29 39 
26 31 23 25 76 115 88 33 13 9 7 7 5 7 8 9 9 7 10 9 8 9 9 6 10 12 9 6 9 7 7 8 7 6 9 21 31 18 11 9 12 13 11 11 11 10 3 6 3 6 14 28 30 24 18 14 28 44 86 142 200 185 114 53 51 46 44 39 52 54 57 57 57 64 67 78 75 59 40 21 16 11 11 14 16 18 17 22 32 28 25 57 85 85 85 87 90 84 73 58 64 96 125 128 85 54 56 85 124 181 186 206 152 95 66 56 56 58 61 64 60 54 48 46 49 50 50 49 47 50 50 54 61 65 101 90 96 110 121 95 61 39 38 38 46 59 82 78 100 113 100 74 107 125 102 68 47 51 51 50 50 49 49 44 36 32 38 
30 31 28 22 51 84 72 33 10 5 7 5 3 4 8 8 8 10 17 20 13 10 9 6 8 8 7 5 9 9 17 16 7 9 11 26 36 31 12 8 16 16 17 17 19 12 9 2 0 5 23 38 44 37 26 18 29 39 46 81 125 131 90 43 47 45 42 40 45 58 51 44 44 40 47 54 61 57 47 40 21 9 10 12 18 19 17 25 45 25 16 40 64 72 75 78 90 89 79 55 41 50 58 67 63 94 142 184 180 139 106 97 88 78 56 40 45 53 59 60 58 53 50 49 49 49 50 51 50 48 48 52 58 75 98 96 131 174 195 143 71 34 25 37 42 57 68 70 77 92 90 78 81 89 89 68 51 49 47 46 46 46 46 45 42 39 38 
30 30 35 22 26 29 28 23 9 9 11 9 3 3 9 8 10 16 24 29 23 17 9 5 8 4 7 7 9 11 29 26 15 19 17 21 31 16 5 10 17 23 32 37 32 18 12 9 12 16 32 46 50 45 37 24 25 29 30 28 29 31 31 26 36 37 38 40 60 66 51 29 29 32 40 50 56 53 46 30 21 9 10 12 16 24 29 26 24 16 18 29 22 26 45 54 71 78 75 61 47 34 38 30 52 116 152 162 129 72 43 42 37 33 35 36 37 45 56 52 52 51 52 51 51 51 51 51 50 48 48 51 52 55 95 132 180 227 241 172 71 20 14 28 40 46 44 39 45 59 68 85 94 87 80 53 42 45 39 39 43 46 44 44 43 40 34 
27 28 33 22 19 19 19 16 5 10 14 11 4 3 9 18 22 30 33 31 27 24 9 4 5 6 8 9 11 14 32 37 29 31 24 18 21 9 5 16 19 23 35 43 37 21 11 10 11 12 24 43 50 53 51 36 24 17 17 18 19 18 18 22 28 31 32 33 58 57 40 22 24 29 38 50 57 59 53 34 25 16 16 12 14 30 43 74 75 47 30 22 11 11 24 30 45 61 61 51 38 22 29 17 28 64 66 58 43 24 25 28 22 16 21 28 29 35 44 47 51 54 58 56 53 51 51 51 50 46 47 47 50 53 96 145 172 176 168 113 51 18 13 26 43 46 40 36 39 44 61 122 159 153 137 108 93 90 80 70 57 44 42 45 42 40 38 
26 28 35 31 37 40 30 18 6 8 11 11 5 4 10 25 30 38 36 29 29 28 14 7 8 6 6 9 11 14 30 46 52 52 35 24 28 14 14 18 19 19 26 33 29 18 11 9 5 7 15 30 39 54 58 44 24 14 11 10 15 17 19 21 23 26 29 32 47 39 28 16 16 21 38 51 63 64 53 37 23 17 21 16 18 44 64 149 171 136 90 57 33 15 18 20 23 44 56 46 32 15 12 11 16 30 30 28 30 28 26 25 26 24 18 19 22 24 33 37 43 52 60 58 53 51 50 50 50 47 46 46 46 47 64 86 85 71 68 52 37 26 25 32 48 52 47 47 46 40 64 159 229 238 227 212 202 193 178 153 110 63 45 45 42 40 40 
24 36 40 42 50 57 43 29 12 7 10 11 8 8 11 24 30 31 25 23 24 25 25 18 10 5 3 5 7 11 22 37 60 64 42 29 33 36 28 21 18 17 21 24 21 16 11 10 10 10 14 18 25 44 55 46 28 19 16 13 16 18 18 23 30 35 36 46 47 38 30 14 14 21 38 53 58 56 47 39 25 23 25 14 17 51 74 171 216 217 179 132 82 26 22 21 25 47 71 65 47 30 28 29 31 33 46 44 42 36 28 25 30 25 16 14 15 15 21 25 35 46 52 52 58 57 53 52 50 48 48 46 46 45 43 38 32 33 39 43 42 42 42 39 49 54 52 53 52 45 64 122 184 217 228 242 250 252 243 205 145 86 56 46 43 44 43 
32 66 67 50 45 51 51 38 18 9 10 12 11 11 12 15 18 18 17 20 25 27 31 25 11 4 3 4 5 6 10 25 57 67 49 33 39 44 30 19 17 11 11 12 11 10 9 10 10 10 17 17 18 30 43 54 33 24 28 29 25 28 31 32 39 43 45 50 48 42 35 24 26 31 43 54 57 53 47 38 25 18 22 16 11 22 36 109 152 185 181 150 93 31 28 25 36 57 68 64 54 60 66 74 59 47 60 60 50 35 24 37 43 38 28 18 9 9 12 16 24 30 32 40 58 64 58 57 54 53 53 50 50 47 42 37 38 53 54 52 47 47 47 46 49 50 49 50 51 48 52 58 88 117 137 169 205 221 208 174 120 77 58 49 46 48 48 
39 93 106 68 36 27 34 43 26 18 17 16 12 11 12 12 15 17 22 25 35 44 43 33 19 12 8 4 4 4 4 13 42 59 45 23 26 32 17 19 16 10 9 8 8 7 9 9 7 7 16 23 25 29 39 55 39 32 39 45 44 45 45 45 46 49 49 51 52 50 43 42 43 40 47 53 55 50 45 32 23 14 15 9 7 19 33 34 52 71 89 93 60 24 24 28 42 56 50 39 47 77 102 116 107 82 64 57 57 57 52 51 43 35 36 30 12 8 9 9 12 16 21 30 43 51 53 54 55 61 62 60 51 50 46 46 50 54 53 51 49 50 50 50 51 53 53 51 53 51 45 46 47 52 55 80 113 128 122 103 70 57 55 49 47 47 47 
22 61 85 63 28 10 10 34 26 24 23 18 13 11 12 14 16 21 29 25 37 60 78 64 32 18 10 4 3 4 3 7 23 39 32 16 19 19 14 16 16 14 8 8 7 7 8 9 6 5 16 26 28 37 44 48 48 50 52 56 53 53 52 52 53 51 51 52 54 54 55 54 53 50 51 52 52 47 34 31 24 16 11 7 7 18 31 33 32 24 28 37 27 12 28 36 51 54 39 26 35 73 104 125 138 127 94 63 61 80 86 70 61 51 50 43 24 11 9 11 12 18 19 24 29 31 32 25 37 53 61 59 52 51 50 49 50 51 52 51 50 50 49 50 51 53 53 52 52 51 51 52 52 51 50 50 59 65 64 61 53 51 51 49 49 47 47 
23 19 18 16 16 17 17 22 20 23 22 20 15 11 11 10 15 20 23 18 19 54 110 131 82 41 23 10 4 4 5 6 10 15 19 18 15 14 11 14 14 10 8 8 6 7 7 6 6 6 17 33 39 41 47 53 55 58 57 53 49 49 49 51 53 53 52 52 53 54 56 54 54 53 52 52 51 47 42 25 22 17 15 7 10 21 29 29 25 17 12 14 26 61 85 70 73 57 37 15 16 47 66 79 95 93 77 43 36 67 92 84 86 75 60 54 43 33 19 8 10 14 17 21 23 23 22 22 25 36 43 45 50 49 50 49 50 50 51 51 49 50 50 49 50 51 51 51 51 52 52 53 52 54 57 58 59 58 57 58 55 50 50 49 49 50 47 
18 16 12 12 14 17 17 19 18 17 16 16 15 13 15 13 17 19 20 15 12 37 88 112 88 59 36 21 11 3 4 5 6 9 12 12 11 10 11 12 11 8 7 7 7 8 9 9 9 9 15 29 47 60 58 57 55 53 52 52 51 51 52 52 52 53 53 52 53 54 54 54 54 53 52 52 52 49 45 35 31 26 20 12 16 26 32 33 30 26 23 16 36 70 86 68 71 53 28 8 10 33 47 50 40 33 29 18 14 26 42 59 72 68 58 57 54 45 32 16 11 14 17 18 21 22 23 22 22 24 30 35 43 46 50 50 49 47 50 50 49 50 51 49 50 51 51 51 51 52 52 51 52 53 54 58 59 57 57 57 54 51 51 50 49 50 50 
12 12 12 12 12 15 16 16 16 15 12 12 15 17 19 20 20 20 19 16 15 19 35 44 54 45 29 24 23 10 3 7 8 11 15 15 12 10 11 11 9 8 6 6 8 11 17 22 19 10 10 18 32 56 58 57 56 54 53 53 52 51 51 51 52 53 53 53 54 54 54 54 54 53 53 53 53 51 49 47 43 36 35 33 38 44 45 45 40 37 33 25 44 66 71 66 55 36 21 11 13 22 43 49 31 16 13 11 15 19 23 28 35 37 35 37 43 36 33 32 30 23 19 24 27 27 27 26 25 22 26 32 39 44 50 52 51 50 50 50 47 49 51 50 50 50 50 50 51 51 52 51 53 53 53 54 56 53 53 52 52 51 51 50 50 50 50 
10 8 10 11 12 12 14 16 16 15 15 13 15 18 22 23 24 22 18 17 16 12 12 23 51 59 37 28 32 31 23 23 11 8 12 16 12 10 11 10 8 6 6 6 8 16 26 40 38 26 21 22 29 47 57 56 54 54 54 53 52 52 51 52 52 53 53 54 53 53 54 54 54 54 53 53 53 52 51 51 50 46 46 48 52 52 53 51 47 44 40 37 50 64 61 53 32 19 15 13 14 22 40 60 52 33 19 16 21 18 17 16 11 9 12 14 22 19 25 41 65 60 47 44 40 40 41 39 34 30 31 33 40 46 52 54 54 56 52 51 49 50 51 51 50 50 50 51 51 52 52 52 53 53 53 53 53 52 52 52 51 50 51 52 52 51 51 
