29 29 26 23 22 22 25 27 31 33 35 35 35 35 35 36 37 40 43 47 51 53 54 56 57 57 52 43 34 26 18 15 13 13 12 12 12 12 12 13 11 11 11 11 12 11 13 13 15 13 13 13 11 12 13 15 14 16 19 17 16 15 17 23 25 23 22 21 18 16 17 18 16 16 15 14 15 16 16 17 15 15 15 15 15 15 15 15 15 15 15 16 16 16 16 17 17 18 18 19 19 19 19 19 19 19 19 19 19 19 18 18 18 17 17 17 17 17 17 17 17 17 17 17 17 17 17 17 17 17 17 17 17 17 17 17 17 17 17 17 17 17 17 17 17 17 17 17 17 17 17 17 
30 30 26 23 21 22 24 27 29 31 32 32 33 32 32 33 37 38 40 45 50 53 54 56 56 54 51 42 33 26 18 15 13 13 12 12 12 12 12 12 11 11 11 11 13 12 13 13 15 15 16 15 14 12 15 17 22 28 28 19 14 11 14 26 37 40 41 39 33 26 21 17 17 17 15 14 15 15 17 17 16 15 15 15 15 15 15 15 15 15 15 16 16 16 16 17 17 18 18 19 19 19 19 19 19 19 19 19 19 19 18 18 18 17 17 17 17 17 17 17 17 17 17 17 17 17 17 17 17 17 17 17 17 17 17 17 17 17 17 17 17 17 17 17 17 17 17 17 17 17 17 17 
30 29 25 23 21 21 22 25 26 29 30 31 31 31 31 33 37 38 40 43 49 52 54 54 54 53 50 42 33 26 18 15 13 13 12 12 12 12 12 12 11 11 11 11 12 12 12 12 13 16 16 17 19 14 18 30 33 30 23 10 4 4 7 15 31 41 45 47 45 40 32 25 17 12 15 14 14 14 16 17 16 15 15 15 15 15 15 15 15 15 15 16 16 16 16 17 17 18 18 19 19 19 19 19 19 19 19 19 19 19 18 18 18 17 17 17 17 17 17 17 17 17 17 17 17 17 17 17 17 17 17 17 17 17 17 17 17 17 17 17 17 17 17 17 17 17 17 17 17 17 17 17 
31 28 24 22 21 18 19 22 24 25 28 29 29 29 30 31 35 38 40 43 49 52 54 54 53 52 50 40 33 26 18 16 15 13 12 12 12 12 12 12 11 11 11 11 12 12 12 13 13 16 10 16 25 32 35 33 21 14 8 1 1 1 3 5 9 17 22 26 35 39 40 36 26 17 21 16 16 16 15 15 17 17 16 16 16 16 16 16 15 15 15 16 16 16 16 17 17 18 18 19 19 19 19 19 19 19 19 19 19 19 18 18 18 17 17 17 17 17 17 17 17 17 17 17 17 17 17 17 17 17 17 17 17 17 17 17 17 17 17 17 17 17 17 17 17 17 17 17 17 17 17 17 
30 26 23 21 18 18 19 22 23 24 26 28 29 29 29 31 35 37 40 44 49 52 53 53 53 51 47 40 33 26 18 16 15 13 12 12 12 12 12 12 11 11 11 11 12 12 13 13 15 17 18 26 31 32 29 14 3 2 1 1 1 1 1 1 3 3 5 8 14 19 25 29 28 23 18 16 17 16 14 14 16 17 16 16 16 16 16 16 15 15 15 16 16 16 16 17 18 18 18 19 19 19 19 19 19 19 19 19 19 19 18 18 18 17 17 17 17 17 17 17 17 17 17 17 17 17 17 17 17 17 17 17 17 17 17 17 17 17 17 17 17 17 17 17 17 17 17 17 17 17 17 17 
30 26 22 19 19 18 18 21 22 24 25 29 31 31 30 31 32 37 40 45 49 51 53 53 53 51 47 40 33 26 18 16 15 13 12 12 12 12 11 12 13 13 12 11 11 11 13 15 15 19 23 22 17 17 12 4 1 1 1 1 2 2 1 1 1 1 1 1 1 1 4 11 14 19 11 16 17 16 15 15 17 17 16 16 16 16 16 16 16 16 16 16 16 16 17 17 17 18 18 19 19 19 19 19 19 19 18 18 18 18 18 18 18 18 17 17 17 17 17 17 17 17 17 17 17 17 17 17 17 17 17 17 17 17 17 17 17 17 17 17 17 17 17 17 17 17 17 17 17 17 17 17 
29 26 22 19 18 17 17 21 22 24 26 29 31 31 30 31 32 35 40 45 49 51 53 53 53 51 47 40 33 26 19 15 13 13 12 12 13 13 12 12 13 13 12 11 11 11 15 16 17 19 17 9 3 3 2 1 1 1 1 1 1 1 2 1 1 1 1 1 1 1 1 2 4 4 4 12 15 15 15 15 17 16 16 16 16 16 16 16 16 16 16 16 16 16 17 17 17 18 19 19 19 19 19 19 19 19 18 18 18 18 18 18 18 18 17 17 17 17 17 17 17 17 17 17 17 17 17 17 17 17 17 17 17 17 17 17 17 17 17 17 17 17 17 17 17 17 17 17 17 17 17 17 
30 26 22 19 18 18 18 22 23 25 26 29 30 30 31 32 32 35 39 44 49 51 53 53 53 52 47 40 33 26 19 15 13 12 12 12 13 13 13 13 14 12 12 11 12 12 15 17 19 23 3 1 1 1 1 1 1 1 1 1 1 1 1 1 1 1 1 1 1 1 1 1 1 1 2 5 12 16 17 16 16 15 16 16 16 16 16 16 16 16 16 16 16 16 17 17 18 18 18 19 21 19 19 19 19 19 18 18 18 18 18 18 18 18 17 17 17 17 17 17 17 17 17 17 17 17 17 17 17 17 17 17 17 17 17 17 17 17 17 17 17 17 17 17 17 17 17 17 17 17 17 17 
31 26 22 19 18 18 19 22 23 25 26 29 30 30 31 32 31 35 39 44 47 51 53 53 53 52 47 40 33 26 19 15 13 12 12 12 13 13 13 13 14 12 12 11 12 15 16 17 17 12 1 1 1 1 1 0 1 1 1 1 1 1 1 1 1 1 1 1 1 1 1 1 1 1 1 1 5 14 16 16 15 15 15 16 16 16 16 16 16 16 16 16 16 16 17 17 17 18 19 21 21 19 19 19 19 19 18 18 18 18 18 18 18 18 17 17 17 17 17 17 17 17 17 17 17 17 17 17 17 17 17 17 17 17 17 17 17 17 17 17 17 17 17 17 17 17 17 17 17 17 17 17 
29 25 22 18 16 16 17 19 22 23 26 28 29 29 29 31 31 33 39 44 46 51 53 53 53 52 47 40 33 26 19 16 13 12 12 12 13 13 12 14 15 15 15 12 13 13 15 14 9 3 1 1 1 1 1 0 1 1 0 0 1 1 1 1 1 1 1 1 1 1 1 1 1 1 1 1 3 9 13 16 15 15 16 16 16 16 16 16 16 16 16 16 16 16 17 17 17 18 21 21 21 19 19 19 19 19 18 18 18 18 18 18 18 18 17 17 17 17 17 17 17 17 17 17 17 17 17 17 17 17 17 17 17 17 17 17 17 17 17 17 17 17 17 17 17 17 17 17 17 17 17 17 
28 23 21 17 15 15 17 19 21 23 24 25 26 26 26 30 31 32 37 42 46 49 53 53 53 51 47 40 34 26 19 16 15 12 12 12 13 13 12 14 15 15 15 13 13 9 11 5 3 1 1 1 1 1 1 0 1 1 0 1 1 1 1 1 1 1 1 1 1 1 1 1 1 1 1 1 3 8 11 13 14 15 16 16 16 16 16 16 16 16 16 16 16 16 16 17 17 18 21 21 21 19 19 19 19 19 18 18 18 18 18 18 18 18 17 17 17 17 17 17 17 17 17 17 17 17 17 17 17 17 17 17 17 17 17 17 17 17 17 17 17 17 17 17 17 17 17 17 17 17 17 17 
28 24 21 17 16 16 18 19 21 21 23 24 25 25 25 29 31 32 35 39 44 46 52 53 54 52 47 42 34 27 19 16 14 12 11 11 12 12 12 14 13 13 13 12 12 8 7 2 1 1 1 1 1 1 1 1 0 0 0 1 1 1 1 1 1 1 1 1 1 1 1 1 1 1 1 1 1 4 7 9 11 14 16 16 16 16 15 15 16 16 17 17 16 16 16 17 17 18 19 21 21 19 19 19 19 19 18 18 18 18 18 18 18 18 17 17 17 17 17 17 17 17 17 17 17 17 17 17 17 17 17 17 17 17 17 17 17 17 17 17 17 17 17 17 17 17 17 17 17 17 17 17 
28 24 21 16 16 17 18 19 21 19 22 24 25 25 25 28 30 31 33 37 42 45 50 52 54 53 49 43 36 29 19 16 15 12 11 11 12 12 12 14 13 13 13 12 12 8 3 1 1 1 1 1 1 1 1 1 0 0 0 0 1 1 1 1 1 1 1 1 1 1 1 1 1 1 1 1 1 1 1 3 8 11 15 17 17 17 16 16 17 17 17 17 17 17 17 16 17 18 19 21 21 19 19 19 19 19 19 19 19 19 19 19 18 18 17 17 17 17 17 17 17 17 17 17 17 17 17 17 17 17 17 17 17 17 17 17 17 17 17 17 17 17 17 17 17 17 17 17 17 17 17 17 
29 26 22 18 18 17 18 19 21 21 22 23 26 27 28 29 29 30 33 38 40 45 51 53 54 53 49 43 36 29 19 16 15 14 12 12 11 12 13 13 12 12 11 11 9 5 3 1 1 1 1 1 1 1 1 1 0 0 0 0 0 0 0 0 0 0 0 0 0 0 0 1 0 0 0 1 1 1 1 2 6 10 14 15 15 15 16 17 16 16 16 16 16 16 17 17 18 18 19 19 19 19 19 18 18 18 18 18 18 18 18 18 18 17 17 17 17 17 17 17 17 17 17 17 17 17 17 18 18 17 17 17 17 17 17 17 17 17 17 17 17 17 17 17 17 17 17 17 17 17 17 17 
29 28 24 22 21 21 21 22 22 23 24 24 27 30 30 31 31 31 34 37 38 44 50 53 53 52 49 43 36 29 19 16 15 14 12 12 11 12 13 13 12 11 11 9 7 4 1 1 1 1 1 1 1 1 1 1 0 0 0 0 0 0 0 0 0 0 0 0 0 0 0 1 1 0 1 1 1 1 1 1 3 9 14 15 15 16 17 17 16 16 16 16 16 16 17 17 18 18 18 19 19 19 19 18 18 18 18 18 18 18 18 18 18 17 17 17 17 17 17 17 17 17 17 17 17 17 17 18 18 17 17 17 17 17 17 17 17 17 17 17 17 17 17 17 17 17 17 17 17 17 17 17 
30 29 29 26 25 24 24 25 25 26 28 26 29 31 32 33 33 33 36 38 41 45 49 52 53 52 49 43 35 28 21 16 15 14 12 12 11 12 13 13 12 11 11 8 3 2 1 1 1 1 1 1 1 1 1 1 0 0 1 1 0 0 0 0 0 0 0 0 0 0 0 1 1 1 1 0 1 1 1 1 1 5 15 15 15 16 16 16 16 16 16 16 16 16 17 17 18 18 18 19 19 19 19 18 18 18 18 18 18 18 18 18 18 17 17 17 17 17 17 17 17 17 17 17 17 17 17 18 18 17 17 17 17 17 17 17 17 17 17 17 17 17 17 17 17 17 17 17 17 17 17 17 
30 29 30 29 28 26 26 28 28 28 29 30 31 33 37 38 38 38 38 39 41 44 47 50 52 51 50 44 36 26 19 16 15 14 12 12 11 11 12 12 12 11 10 5 3 1 1 1 1 1 1 1 1 1 1 1 0 0 1 1 0 0 0 0 0 0 0 0 0 0 0 1 1 1 1 0 1 1 1 1 1 3 14 15 15 16 16 16 16 16 16 16 16 16 17 17 18 18 18 19 19 19 19 18 18 18 18 18 18 18 18 18 18 17 17 17 17 17 17 17 17 17 17 17 17 17 17 18 18 17 17 17 17 17 17 17 17 17 17 17 17 17 17 17 17 17 17 17 17 17 17 17 
30 30 30 29 28 28 29 30 31 31 31 32 36 40 43 44 44 43 40 39 41 45 47 50 50 50 51 45 36 28 19 16 15 14 12 12 11 11 11 12 12 11 10 5 2 1 1 1 0 0 0 0 1 1 1 1 0 0 1 1 0 0 0 0 0 0 0 0 0 0 0 0 1 1 1 1 1 1 0 1 1 2 11 15 15 16 16 16 16 16 16 16 16 16 17 17 17 18 21 21 19 19 19 18 18 18 18 18 18 18 18 18 18 17 17 17 17 17 17 17 17 17 17 17 17 17 17 18 18 17 17 17 17 17 17 17 17 17 17 17 17 17 17 17 17 17 17 17 17 17 17 17 
28 28 29 28 28 30 31 32 32 33 33 35 40 46 47 48 47 46 43 40 41 45 47 50 51 50 51 44 35 28 19 16 15 14 12 12 11 11 11 12 12 11 9 4 1 1 1 1 0 0 0 0 1 1 1 1 0 0 1 1 0 0 0 0 0 0 0 1 1 1 1 1 0 1 1 0 1 1 1 1 1 1 9 14 15 17 16 16 16 16 16 16 16 16 17 17 17 18 21 21 19 19 19 18 18 18 18 18 18 18 18 18 18 17 17 17 17 17 17 17 17 17 17 17 17 17 17 18 18 17 17 17 17 17 17 17 17 17 17 17 17 17 17 17 17 17 17 17 17 17 17 17 
24 23 26 28 30 33 33 35 35 36 37 39 44 46 49 50 49 46 43 40 42 44 47 50 51 50 51 44 35 28 19 15 15 12 13 13 11 11 12 12 15 15 9 2 1 1 0 0 0 0 0 0 1 1 1 1 0 0 1 1 0 0 0 0 0 0 0 1 1 1 1 1 0 1 1 0 0 0 0 0 0 1 7 11 17 18 17 17 16 16 16 16 16 16 16 16 18 18 21 21 21 19 19 18 18 18 18 18 18 18 18 18 18 17 17 17 17 17 17 17 17 17 17 17 17 17 17 18 19 18 18 18 18 18 18 18 17 17 17 17 17 17 17 17 17 17 17 17 17 17 17 17 
25 26 26 30 32 35 35 36 36 37 38 40 46 49 51 52 49 46 43 42 42 44 47 50 50 50 51 44 35 28 21 15 15 14 13 13 12 12 12 14 13 13 7 1 1 1 1 1 0 0 0 0 1 1 1 1 0 0 1 1 0 0 0 0 0 0 0 1 1 1 1 1 0 1 1 0 0 0 0 0 0 1 5 11 17 18 17 17 16 16 16 16 16 16 16 16 17 19 21 21 21 19 18 18 18 18 18 18 18 18 18 18 18 17 17 17 17 17 17 17 17 17 17 17 17 17 17 18 19 18 18 18 18 18 18 18 17 17 17 17 17 17 17 17 17 17 17 17 17 17 17 17 
31 32 33 36 38 39 38 38 37 39 41 44 47 51 53 52 50 47 45 42 40 44 45 49 49 49 51 44 35 28 21 15 15 14 13 13 13 13 12 14 15 13 7 1 1 1 0 0 0 0 0 0 0 0 1 1 0 0 0 0 0 0 0 0 0 0 0 1 1 1 1 1 1 1 1 0 0 1 0 0 0 0 2 10 16 18 17 16 16 15 15 15 15 15 15 16 16 19 21 21 19 19 18 18 18 18 18 18 18 18 18 18 18 17 17 17 17 17 17 17 17 17 17 17 17 17 17 18 18 17 17 17 17 17 17 17 17 17 17 17 17 17 17 17 17 17 17 17 17 17 17 17 
32 34 37 39 43 44 42 40 40 42 44 46 47 52 54 54 52 50 46 43 42 43 45 47 47 49 52 44 35 28 22 15 15 14 13 13 13 13 12 14 15 13 4 1 1 1 0 0 0 0 0 0 0 0 1 1 0 0 0 0 0 0 0 0 0 0 0 1 1 1 1 1 1 1 1 1 0 1 1 0 0 0 2 9 16 16 17 17 15 15 15 15 15 16 16 16 18 19 21 21 19 19 18 18 18 18 18 18 18 18 18 18 18 17 17 17 17 17 17 17 17 17 17 17 17 17 17 18 18 17 17 17 17 17 17 17 17 17 17 17 17 17 17 17 17 17 17 17 17 17 17 17 
32 36 38 40 43 44 44 44 43 43 43 45 47 52 54 56 52 50 46 44 42 43 45 47 47 49 52 45 35 28 22 15 14 14 15 15 13 13 14 15 15 13 4 1 0 1 0 0 0 0 0 0 0 0 1 1 0 0 0 0 0 0 0 0 0 0 0 1 1 1 1 1 1 1 1 0 0 1 1 0 0 1 3 9 19 18 16 16 15 15 15 15 15 16 17 17 18 18 19 21 19 19 19 18 18 18 18 18 18 18 18 18 18 17 17 17 17 17 17 17 17 17 17 17 17 17 17 18 18 17 17 17 17 17 17 17 17 17 17 17 17 17 17 17 17 17 17 17 17 17 17 17 
32 36 38 40 43 44 44 44 43 44 43 45 47 51 54 56 52 49 46 44 42 42 45 47 47 49 52 47 37 30 22 16 14 14 15 15 13 13 11 12 11 9 3 1 0 1 0 0 0 0 0 0 0 0 1 1 0 0 0 0 0 0 0 0 0 0 0 1 1 1 1 1 1 1 1 0 0 1 1 1 1 0 0 3 28 44 30 16 15 15 15 16 16 17 17 17 18 18 19 19 19 19 19 18 18 18 18 18 18 18 18 18 18 17 17 17 17 17 17 17 18 18 18 18 18 18 18 18 18 18 18 18 18 18 18 18 17 17 17 17 17 17 17 17 17 17 17 17 17 17 17 17 
31 33 35 37 39 40 42 42 44 44 43 45 46 51 54 56 52 50 47 45 43 42 44 47 49 50 53 47 38 32 23 16 12 14 14 14 13 13 13 15 12 10 4 1 1 1 1 1 0 0 0 0 0 0 1 1 0 0 0 0 0 0 0 0 0 0 0 1 1 1 1 1 1 1 1 0 0 1 2 3 4 0 0 2 30 73 72 36 16 15 15 16 16 16 17 17 18 18 19 19 19 19 18 18 18 18 18 18 18 18 18 18 18 17 17 17 17 17 17 17 18 18 18 18 18 18 18 18 18 18 18 18 18 18 18 18 17 17 17 17 17 17 17 17 17 17 17 17 17 17 17 17 
28 30 31 35 37 38 40 43 44 44 43 44 46 51 54 56 52 50 47 45 43 42 44 47 49 50 53 46 38 32 23 16 14 14 14 14 13 13 16 17 17 21 11 2 0 0 0 1 0 0 0 0 0 0 1 1 0 0 0 0 0 0 0 0 0 0 0 1 1 1 1 1 1 1 1 1 0 1 3 4 9 6 8 23 34 64 86 56 16 15 15 16 16 16 17 17 18 18 19 19 19 19 19 19 18 18 18 18 18 18 18 18 18 17 17 17 17 17 17 17 18 18 18 18 18 18 18 18 18 18 18 18 18 18 18 18 17 17 17 17 17 17 17 17 17 17 17 17 17 17 17 17 
28 29 30 32 36 38 40 42 43 43 43 44 46 49 52 54 52 50 47 45 43 42 44 46 47 49 52 47 39 32 24 17 15 14 14 12 12 12 14 14 30 32 17 2 0 0 0 1 1 0 0 0 0 0 1 1 1 0 0 0 0 0 0 0 0 0 0 1 1 1 1 1 1 1 1 1 0 1 5 8 11 14 21 38 33 31 57 52 17 16 15 16 16 16 17 17 18 18 19 19 21 21 21 19 19 19 18 18 18 18 18 18 18 17 17 17 17 17 17 17 18 18 18 18 18 18 18 18 18 18 18 18 18 18 18 18 17 17 17 17 17 17 17 17 17 17 17 17 17 17 17 17 
28 28 29 31 36 39 40 42 43 43 43 44 45 47 51 53 52 52 50 47 45 44 45 46 46 49 51 47 40 32 25 18 15 14 14 12 12 12 12 14 29 18 5 2 0 1 1 1 1 0 0 0 0 0 1 1 1 0 0 0 0 0 0 0 0 1 1 1 1 1 1 1 1 1 1 1 0 2 8 12 17 21 28 33 25 22 39 40 17 16 15 16 16 16 17 17 18 18 19 19 21 21 21 19 19 19 18 18 18 18 18 18 18 17 17 17 17 17 17 17 17 17 17 18 18 18 18 18 18 17 17 17 17 17 17 17 17 17 17 17 17 17 17 17 17 17 17 17 17 17 17 17 
28 28 29 32 36 39 40 40 42 43 43 43 45 47 51 53 53 52 51 47 45 44 44 44 46 47 51 48 40 33 25 18 16 15 15 13 12 11 13 16 12 7 1 1 1 1 0 1 0 0 0 0 0 0 1 1 0 0 0 0 0 0 0 0 0 1 1 1 1 1 1 1 1 0 0 0 0 2 10 17 18 24 28 25 24 30 43 30 16 17 16 17 15 17 17 18 18 19 19 21 21 21 19 19 19 18 18 18 18 18 18 18 17 17 17 17 17 17 17 17 17 17 17 17 18 18 18 18 18 18 18 18 17 17 17 17 18 18 18 18 18 18 18 18 17 17 17 17 17 17 17 17 
26 26 27 31 35 39 42 43 43 43 43 44 45 47 51 53 53 51 51 47 46 44 44 43 46 49 51 52 43 35 26 19 16 16 16 13 11 12 13 15 14 9 2 1 1 1 1 1 1 0 0 0 0 0 1 1 0 0 1 1 0 1 1 0 1 1 1 1 1 1 1 1 1 1 0 0 1 4 12 22 22 22 22 24 25 31 35 24 17 17 16 17 16 17 17 18 18 19 19 21 21 21 19 19 18 18 18 18 18 18 18 18 17 17 17 17 17 17 17 17 17 17 17 17 18 18 18 18 18 18 18 18 17 17 17 17 18 18 18 18 18 18 18 18 17 17 17 17 17 17 17 17 
26 25 25 30 35 39 43 44 45 44 44 46 47 50 53 52 52 52 51 50 49 46 45 45 47 49 51 53 47 37 29 21 17 18 17 13 11 12 13 13 15 10 4 2 1 1 1 1 1 1 0 0 0 0 0 0 0 0 1 1 1 1 1 1 1 1 1 1 1 1 1 1 1 1 1 1 2 8 16 23 22 23 23 22 26 31 29 21 17 17 16 17 16 17 17 18 18 19 19 21 21 21 19 19 18 18 18 18 18 18 18 18 17 17 17 17 17 17 17 17 17 17 17 17 18 18 18 18 18 18 18 18 17 17 17 17 18 18 18 18 18 18 18 18 17 17 17 17 17 17 17 17 
24 24 26 31 38 44 47 50 50 51 51 51 51 52 56 54 53 54 52 52 51 50 50 50 51 51 53 56 53 44 35 28 22 18 17 16 14 12 13 13 12 11 6 2 1 1 1 1 1 1 0 0 1 1 1 1 1 1 1 1 1 1 1 1 1 1 1 1 1 1 1 1 1 1 1 1 5 9 18 25 25 25 23 23 28 33 35 23 17 17 16 17 16 17 17 18 18 19 19 21 21 21 19 19 18 18 18 18 18 18 18 18 17 17 17 17 17 17 17 17 17 17 17 17 18 18 18 18 18 18 18 18 17 17 17 17 18 18 18 18 18 18 18 18 17 17 17 17 17 17 17 17 
25 25 29 33 42 49 54 58 57 59 59 59 58 58 60 61 60 60 59 57 53 53 54 57 57 58 59 61 60 51 43 36 25 19 16 15 15 14 12 12 13 13 7 3 1 1 1 1 1 1 0 0 1 1 1 1 1 1 1 1 1 2 1 1 1 1 1 1 1 1 1 1 1 1 1 1 5 11 19 25 24 25 25 21 30 44 40 23 17 17 16 16 15 16 17 18 18 19 19 21 21 21 19 19 19 18 18 18 18 18 18 18 18 18 18 18 18 18 18 18 17 17 17 17 18 18 18 18 18 18 18 18 17 17 17 17 18 18 18 18 18 18 18 18 17 17 17 17 17 17 17 17 
26 25 30 34 44 51 59 64 63 64 64 64 64 64 66 67 66 65 65 64 60 59 60 65 64 65 65 67 67 60 51 40 30 22 17 15 15 14 12 12 13 12 7 3 1 1 1 1 1 1 0 0 1 1 1 1 1 1 1 2 2 2 2 2 1 1 1 1 1 1 1 1 1 1 1 2 10 16 21 21 18 26 22 12 39 57 37 16 17 17 16 16 15 16 17 18 18 19 19 21 21 21 19 19 19 18 18 18 18 18 18 18 18 18 18 18 18 18 18 18 17 17 17 17 18 18 18 18 18 18 18 18 17 17 17 17 18 18 18 18 18 18 18 18 17 17 17 17 17 17 17 17 
26 25 30 34 45 53 63 70 70 70 68 68 69 69 71 71 71 70 70 68 71 71 69 72 71 71 70 72 72 67 59 46 35 26 19 15 13 13 12 12 13 12 5 2 1 1 1 1 1 1 1 1 1 1 1 1 1 1 1 2 2 2 2 2 2 1 1 1 1 1 1 1 1 1 2 4 15 19 18 17 22 23 17 21 53 59 31 15 17 17 16 16 15 16 17 18 18 19 19 21 21 21 19 19 19 18 18 18 18 18 18 18 18 18 18 18 18 18 18 18 17 17 17 17 18 18 18 18 18 18 18 18 17 17 17 17 18 18 18 18 18 18 18 18 17 17 17 17 17 17 17 17 
25 24 30 36 45 56 65 72 73 73 73 73 72 71 70 71 71 71 72 72 73 73 73 73 74 74 73 74 74 72 64 51 37 26 19 15 13 12 11 12 12 12 5 3 1 1 1 1 1 1 1 1 1 1 1 1 1 1 2 2 2 3 3 2 2 1 1 1 1 1 1 1 1 2 3 5 18 22 18 17 24 18 14 35 60 57 28 16 17 17 16 16 15 16 17 18 18 19 19 21 21 21 19 19 19 18 18 18 18 18 18 18 18 18 18 18 18 18 18 18 17 17 17 17 18 18 18 18 18 18 18 18 17 17 17 17 18 18 18 18 18 18 18 18 17 17 17 17 17 17 17 17 
24 25 30 36 45 53 61 66 67 70 70 71 72 71 69 69 70 70 70 70 69 68 71 73 72 72 73 72 73 73 67 54 39 29 21 15 13 13 12 12 13 13 7 4 2 1 1 1 1 1 1 1 1 1 1 1 1 1 2 2 3 3 3 2 2 2 1 1 1 1 1 1 1 1 6 9 19 24 21 19 22 19 12 38 63 50 23 15 17 17 16 17 16 17 18 18 17 19 21 22 21 21 19 19 19 18 18 18 18 18 18 18 18 18 18 18 18 18 18 18 17 17 17 17 18 18 18 18 18 18 18 18 17 17 17 17 18 18 18 18 18 18 18 18 17 17 17 17 17 17 17 17 
24 25 30 34 42 49 54 59 59 61 61 63 65 65 62 62 61 63 64 63 64 64 65 67 66 67 70 68 70 70 66 54 40 30 21 15 13 13 12 12 13 15 11 4 2 2 1 1 1 1 1 0 1 1 1 1 1 1 2 2 3 3 3 3 2 2 1 1 1 1 2 3 2 1 8 15 22 25 23 22 25 26 25 40 49 33 17 16 16 17 16 17 16 17 18 18 17 19 21 22 21 21 19 19 19 18 18 18 18 18 18 18 18 18 18 18 18 18 18 18 17 17 17 17 18 18 18 18 18 18 18 18 17 17 17 17 18 18 18 18 18 18 18 18 17 17 17 17 17 17 17 17 
24 25 29 32 37 42 47 52 49 50 51 53 53 53 50 52 52 53 56 54 54 54 56 57 58 59 61 61 60 61 58 50 39 29 19 15 12 12 12 14 15 17 14 7 3 2 2 2 1 1 0 0 1 1 1 1 1 1 1 2 3 4 4 4 3 3 2 1 2 3 3 4 4 8 11 18 24 25 24 25 26 31 36 37 26 19 21 16 16 16 16 16 16 17 18 18 17 19 21 22 21 21 19 19 19 18 18 18 18 18 18 18 18 18 18 18 18 18 18 18 17 17 17 17 18 18 18 18 18 18 18 18 17 17 17 17 18 18 18 18 18 18 18 18 17 17 17 17 17 17 17 17 
23 25 29 30 33 38 42 44 40 42 44 45 46 45 44 45 46 46 47 46 46 46 47 47 50 51 52 52 51 50 46 40 33 24 17 14 12 11 12 14 15 16 14 10 7 2 2 2 1 1 1 1 1 1 1 1 1 1 1 3 5 5 5 6 5 4 3 3 4 5 6 8 9 15 15 19 23 23 22 26 30 30 24 24 19 19 21 15 16 16 16 16 16 17 18 18 17 19 21 22 21 21 19 19 19 18 18 18 18 18 18 18 18 18 18 18 18 18 18 18 17 17 17 17 18 18 18 18 18 18 18 18 17 17 17 17 18 18 18 18 18 18 18 18 17 17 17 17 17 17 17 17 
24 24 26 28 31 36 38 40 37 38 40 42 42 42 40 40 39 39 39 39 39 39 40 40 42 42 43 42 42 39 37 33 26 21 16 14 12 12 14 14 15 15 17 15 11 4 1 1 1 1 1 1 1 1 1 1 1 1 1 4 6 6 7 8 8 5 4 4 6 6 7 9 10 16 15 16 21 21 18 24 31 23 12 16 19 22 16 15 14 14 15 16 16 16 18 18 17 19 21 22 21 21 19 19 19 19 19 19 19 19 19 19 18 18 18 18 18 18 18 18 17 17 17 17 18 18 18 18 18 18 18 18 17 17 17 17 18 18 18 18 18 18 18 18 17 17 17 17 17 17 17 17 
25 25 28 29 31 33 36 38 36 37 39 40 40 40 39 39 39 38 38 38 38 38 39 39 40 40 39 38 35 31 30 26 21 17 15 14 12 12 12 12 14 15 17 17 14 8 1 1 1 1 1 2 1 1 1 1 1 1 1 4 8 9 9 11 10 8 7 7 9 9 9 10 11 16 16 15 18 18 16 22 29 22 11 17 19 20 16 16 15 15 16 15 16 16 18 18 17 19 21 22 21 21 19 19 19 19 19 19 19 19 19 19 18 18 18 18 18 18 18 18 17 17 17 17 18 18 18 18 18 18 18 18 17 17 17 17 18 18 18 18 18 18 18 18 17 17 17 17 17 17 17 17 
24 25 29 31 32 33 37 38 38 38 40 41 41 41 39 39 39 38 38 38 39 39 39 39 40 40 40 36 31 24 19 17 16 15 14 12 11 12 12 14 12 14 16 17 15 11 4 1 1 1 1 2 1 1 1 1 1 1 2 3 5 9 10 14 14 10 9 9 9 10 11 11 14 15 15 15 18 19 18 24 29 22 12 19 18 18 15 15 15 15 16 15 16 16 18 18 17 19 19 21 21 21 19 19 19 19 19 19 19 19 19 19 18 18 18 18 18 18 18 18 17 17 17 17 18 18 18 18 18 18 18 18 17 17 17 17 18 18 18 18 18 18 18 18 17 17 17 17 17 17 17 17 
24 26 30 31 32 35 37 38 39 39 39 41 41 41 40 40 40 39 39 39 40 40 40 40 40 42 40 37 30 24 19 15 14 14 14 12 11 12 12 14 12 14 16 17 15 13 8 1 2 1 2 2 1 1 1 1 1 1 2 2 5 9 12 16 18 12 10 10 11 11 12 14 15 15 15 16 18 19 19 24 30 21 17 20 17 17 16 15 16 16 16 16 16 16 18 18 17 19 19 21 21 21 21 19 19 19 19 19 19 19 19 19 18 18 18 18 18 18 18 18 17 17 17 17 18 18 18 18 18 18 18 18 17 17 17 17 18 18 18 18 18 18 18 18 17 17 17 17 17 17 17 17 
24 28 31 32 33 36 37 39 39 38 39 40 40 40 41 41 41 40 39 39 40 40 40 40 42 42 43 38 30 23 18 15 12 14 13 13 11 12 12 12 12 14 15 15 15 14 9 2 1 1 1 1 1 2 1 1 1 1 2 2 6 11 12 16 18 14 11 11 11 11 14 15 16 15 15 16 19 21 20 30 29 17 18 18 18 17 15 15 16 16 16 16 17 17 16 17 17 18 19 19 19 21 19 19 19 19 19 19 19 19 18 18 18 18 18 18 18 18 17 17 17 17 17 17 18 18 18 18 18 18 18 18 17 17 17 17 18 18 18 18 17 17 17 17 17 17 17 17 18 18 18 18 
25 29 32 34 35 38 39 42 40 39 39 40 42 42 43 41 41 41 40 40 42 42 43 43 44 43 44 38 30 23 17 15 12 14 13 13 11 12 12 12 12 14 14 15 15 16 10 2 1 1 1 1 1 1 1 1 1 1 2 2 5 10 15 17 18 15 12 11 12 12 14 16 16 15 15 16 19 18 23 24 23 22 18 11 12 16 16 15 16 16 15 16 17 17 16 16 16 18 19 19 21 21 19 19 19 18 18 18 18 18 18 18 18 18 17 17 17 17 17 17 17 17 17 17 18 18 18 18 18 18 18 18 17 17 17 17 18 18 18 18 17 17 17 17 17 17 17 17 18 18 18 18 
25 29 31 33 35 40 40 42 42 42 43 40 40 43 44 41 41 43 42 43 43 43 45 46 46 46 45 38 31 22 16 14 13 13 13 13 11 11 13 15 12 14 14 14 16 18 13 4 1 1 2 1 1 1 1 1 1 1 1 2 5 10 15 19 19 16 14 12 14 14 15 16 16 16 16 17 16 17 17 14 11 14 19 24 25 23 19 16 16 16 15 17 17 17 16 16 16 18 19 19 21 21 19 19 19 18 18 18 18 18 18 18 18 18 17 17 17 17 17 17 17 17 17 17 18 18 18 18 18 18 18 18 17 17 17 17 18 18 18 18 17 17 17 17 17 17 17 17 18 18 18 18 
25 29 31 31 35 39 40 42 43 43 43 42 40 42 41 40 40 43 42 43 43 44 46 46 47 47 46 39 30 22 16 12 13 12 13 13 12 12 13 15 12 12 12 14 17 18 17 4 1 1 2 1 2 1 1 1 2 1 1 3 6 9 15 23 21 16 15 14 14 14 15 15 16 16 17 17 15 14 11 5 2 8 19 39 52 35 26 19 17 17 16 18 17 17 16 16 18 18 19 19 21 21 19 19 19 18 18 18 18 18 18 18 18 18 17 17 17 17 17 17 17 17 17 17 18 18 18 18 18 18 18 18 17 17 17 17 18 18 18 18 17 17 17 17 17 17 17 17 18 18 18 18 
25 28 30 32 36 38 39 40 39 39 39 39 40 42 41 40 40 40 40 43 44 45 46 46 48 48 48 40 31 23 17 12 12 11 12 12 12 14 14 14 12 14 14 15 20 24 25 12 4 1 1 0 2 1 1 1 1 1 1 2 5 8 15 18 17 16 15 15 14 11 14 15 16 16 17 17 15 12 13 9 1 5 17 32 51 52 45 30 23 18 17 17 16 16 17 17 18 21 23 23 22 22 20 20 18 18 18 18 17 17 17 17 18 17 17 17 17 17 17 17 17 17 17 17 18 18 18 18 18 18 18 18 17 17 17 17 17 17 17 17 18 18 18 18 18 18 18 18 17 17 18 18 
24 25 27 31 34 36 36 36 36 36 37 37 38 40 41 40 41 43 43 44 47 49 49 49 50 48 48 41 31 24 18 14 11 12 14 14 12 14 15 15 16 21 24 18 29 33 35 25 10 3 1 1 1 1 1 1 1 1 2 2 4 9 11 11 12 14 16 16 15 14 14 14 15 15 16 16 15 14 15 10 1 3 9 9 19 35 50 54 58 49 34 13 15 18 16 17 18 21 23 23 20 22 20 19 18 18 18 17 18 18 18 18 17 17 17 17 17 17 17 17 17 17 17 17 18 18 18 18 18 18 18 18 17 17 17 17 17 17 17 17 18 18 18 18 18 18 18 18 17 17 18 18 
25 25 26 29 31 31 31 30 31 33 35 36 38 40 42 42 42 43 44 46 49 49 49 49 49 47 46 40 31 23 18 15 12 14 15 16 16 15 16 16 18 21 22 19 29 22 21 15 5 1 1 1 1 1 1 1 1 1 1 2 4 8 10 9 9 11 12 14 14 14 14 14 15 15 15 14 16 15 13 8 1 3 3 4 8 12 29 42 55 65 68 53 51 40 26 19 18 17 17 18 19 19 19 19 19 20 20 19 19 19 18 18 17 17 17 17 17 17 17 17 17 17 17 17 18 18 18 18 18 18 18 18 17 17 17 17 17 17 17 17 18 18 18 18 18 18 18 18 17 17 18 18 
25 25 26 29 29 29 29 29 30 33 35 36 38 40 42 44 44 44 44 46 50 49 49 49 49 47 46 39 31 23 18 15 14 15 16 17 17 17 19 19 17 16 17 22 19 6 3 3 1 1 0 1 1 1 1 1 1 1 1 2 3 5 8 9 8 10 10 11 11 12 12 12 14 14 14 14 15 14 11 6 2 2 2 2 3 3 4 5 24 48 89 142 146 123 90 50 25 16 11 12 21 23 19 16 19 20 22 22 22 21 19 18 18 17 16 17 17 17 17 17 17 17 17 17 18 18 18 18 18 18 18 18 17 17 17 17 17 17 17 17 18 18 18 18 18 18 18 18 17 17 18 18 
25 25 26 29 30 30 29 30 30 32 35 36 38 42 43 44 45 45 45 46 49 47 49 50 49 47 45 39 32 24 17 16 15 15 15 15 15 15 16 17 20 22 24 17 9 4 1 2 0 0 0 1 1 1 1 1 1 1 1 1 3 4 5 7 8 9 10 11 11 11 11 12 12 11 11 12 14 12 9 5 2 2 1 1 1 1 2 3 7 22 60 110 122 104 92 82 70 45 31 23 25 36 32 25 19 21 22 22 21 21 19 18 16 16 16 16 16 17 17 17 17 17 17 17 18 18 18 18 18 18 18 18 17 17 17 17 17 17 17 17 18 18 18 18 17 17 17 17 17 17 17 17 
26 26 26 29 31 31 30 31 30 32 33 37 40 43 44 44 44 45 45 45 47 49 49 50 50 47 46 39 31 23 18 16 15 16 15 17 19 21 18 17 18 17 15 7 3 2 1 1 0 0 0 0 1 1 1 1 1 1 1 1 3 4 5 8 9 10 10 11 12 12 12 12 12 12 12 11 14 11 8 4 2 1 1 1 1 1 1 2 3 5 16 36 40 36 59 128 166 143 112 81 45 31 29 27 22 22 20 19 19 19 19 19 18 17 15 16 16 17 17 17 17 17 17 17 18 18 18 18 18 18 18 18 17 17 17 17 17 17 17 17 18 18 18 18 17 17 17 17 17 17 17 17 
29 29 26 29 31 35 35 35 35 35 35 39 40 44 45 44 44 45 45 45 47 47 49 50 50 49 46 38 31 24 18 16 16 17 18 21 21 22 22 15 10 8 4 3 2 1 1 1 0 0 0 0 1 1 1 1 0 1 1 1 2 3 4 8 10 10 11 12 14 15 14 12 12 12 11 12 12 8 6 5 2 1 1 1 1 1 1 1 1 1 1 4 11 5 26 109 183 210 215 199 156 104 65 40 15 11 14 15 18 20 19 22 19 18 16 16 16 17 17 17 17 17 17 17 18 18 18 18 18 18 18 18 17 17 17 17 17 17 17 17 18 18 18 18 17 17 17 17 17 17 17 17 
29 29 30 33 35 39 39 39 39 39 40 43 42 43 45 46 46 46 46 47 50 49 50 51 51 50 45 37 31 24 19 17 17 19 19 18 17 16 15 10 4 3 2 1 1 1 1 1 0 0 0 0 1 1 0 0 0 0 1 1 2 3 3 5 9 10 11 14 15 15 14 14 12 12 10 11 8 4 4 3 1 1 1 1 1 1 1 1 1 1 1 4 12 8 3 25 78 140 193 208 240 237 198 148 95 67 51 36 30 23 21 21 21 18 16 15 16 17 17 17 17 17 17 17 18 18 18 18 18 18 18 18 17 17 17 17 17 17 17 17 18 18 18 18 17 17 17 17 17 17 17 17 
29 29 31 35 38 40 43 45 44 44 44 44 45 45 46 47 47 46 47 50 51 50 50 51 51 49 44 36 32 25 17 15 23 22 18 16 15 12 9 7 4 3 2 1 1 1 1 0 0 0 0 0 0 1 0 0 0 0 1 1 3 4 3 5 10 11 11 14 15 15 14 12 13 12 12 10 6 4 4 2 1 1 1 1 1 1 1 1 3 9 14 16 16 9 5 3 12 32 64 100 151 197 223 226 208 191 169 135 101 60 27 24 22 19 16 16 17 17 17 17 17 17 17 17 18 18 18 18 18 18 18 18 17 17 17 17 18 18 18 18 17 17 17 17 17 17 17 17 17 17 17 17 
29 29 29 35 38 40 43 46 46 46 46 45 45 47 47 49 47 47 47 50 51 50 50 51 51 46 42 35 29 21 15 15 21 18 16 15 13 12 8 6 4 3 2 1 1 1 0 0 0 0 0 0 0 0 0 0 0 0 1 1 2 3 3 5 9 11 12 14 15 14 11 10 11 11 11 10 5 4 3 1 1 1 1 1 1 1 1 1 3 12 22 23 15 3 3 3 4 10 17 19 38 72 106 145 188 210 222 223 200 147 86 43 24 23 19 17 17 17 17 17 17 17 17 17 18 18 18 18 18 18 18 18 17 17 17 17 18 18 18 18 17 17 17 17 17 17 17 17 17 17 17 17 
27 29 30 33 38 41 44 47 46 46 47 46 46 49 49 49 49 49 49 50 51 51 51 51 49 45 40 31 28 17 12 15 15 12 10 10 10 10 7 4 3 3 2 1 1 1 0 0 0 0 0 0 0 0 0 0 0 0 1 1 2 4 4 4 5 9 11 12 12 11 10 9 8 8 7 5 3 2 2 1 1 1 1 1 1 1 1 1 1 8 16 10 9 3 3 3 3 3 4 3 16 31 32 52 86 121 151 175 199 189 149 88 43 21 17 18 17 16 16 16 17 17 17 17 17 18 18 17 18 18 18 18 17 17 17 17 18 18 18 18 17 17 17 17 17 17 17 17 17 17 17 17 
27 29 30 33 38 41 44 47 47 47 47 47 49 50 49 49 49 49 49 51 52 53 54 54 44 38 31 22 17 12 11 12 12 11 9 8 8 8 7 7 5 4 2 1 1 1 0 0 0 0 0 0 0 0 0 0 0 0 1 1 2 4 4 4 5 8 10 11 10 11 9 8 6 5 4 3 2 1 1 1 1 1 1 1 1 1 1 1 1 1 1 1 3 2 3 3 3 3 2 3 5 8 10 16 10 24 44 61 94 131 154 145 104 53 26 21 16 15 15 15 17 17 17 17 17 18 18 17 18 18 18 18 17 17 17 17 18 18 18 18 17 17 17 17 17 17 17 17 17 17 17 17 
27 29 30 33 37 40 43 45 47 47 49 47 49 50 50 50 50 50 50 50 51 52 47 37 14 16 15 12 12 12 12 13 12 11 10 8 8 8 7 7 7 4 3 1 1 1 0 0 0 0 0 0 0 0 0 0 0 1 1 1 1 3 4 4 5 8 9 9 9 11 9 5 3 3 3 2 1 1 1 1 1 1 1 1 1 1 1 1 1 1 1 1 1 1 2 2 3 3 2 2 2 2 3 3 6 9 11 15 24 53 92 123 118 85 45 24 15 14 15 15 16 16 17 17 17 17 17 17 17 17 17 18 18 18 18 18 18 18 18 18 18 18 17 17 17 17 17 17 17 17 17 17 
27 29 31 35 38 40 43 45 47 47 49 49 49 50 50 51 52 51 50 49 50 46 33 19 16 15 14 12 14 16 18 17 16 16 15 13 12 9 7 4 4 2 2 1 1 1 0 0 0 0 0 0 0 0 0 0 0 0 1 1 1 2 4 4 4 6 8 6 7 8 7 3 3 3 2 2 1 1 1 1 1 1 1 1 1 1 1 1 1 1 1 1 2 1 2 2 2 3 2 2 2 2 2 3 4 2 3 8 7 16 40 70 89 97 77 49 26 16 16 16 17 17 16 18 17 17 17 17 17 17 17 18 18 18 18 19 18 18 18 18 18 18 17 17 17 17 17 17 17 17 17 17 
26 28 31 35 38 40 43 45 47 47 49 50 50 51 51 52 54 53 52 48 43 33 21 15 13 12 15 16 19 21 23 20 16 14 13 11 9 7 4 3 2 1 2 1 1 1 0 0 0 0 0 0 0 0 0 0 0 1 1 1 1 2 3 3 4 5 5 6 5 5 4 3 3 2 2 1 1 1 1 1 1 1 1 1 1 1 1 1 1 1 1 1 1 1 1 1 1 2 2 2 1 1 1 1 1 1 2 3 2 3 18 44 59 75 80 66 45 25 18 18 17 17 16 19 17 17 17 17 17 17 17 18 18 18 18 19 18 18 18 18 18 18 17 17 17 17 17 17 17 17 17 17 
26 28 31 33 37 39 42 44 45 46 47 47 49 50 50 50 51 51 50 44 32 22 17 14 13 13 16 16 15 14 12 10 7 6 5 4 4 2 2 2 1 1 1 1 1 1 0 0 0 0 0 0 0 0 0 0 0 0 1 1 1 1 2 3 4 5 5 5 4 4 4 3 2 2 1 1 1 1 1 1 1 1 1 1 1 1 1 1 1 1 1 1 1 1 1 1 1 1 1 1 1 1 1 1 1 1 2 2 3 2 5 23 39 53 59 57 50 37 25 17 21 15 15 19 18 17 18 18 18 18 19 18 18 19 19 19 18 18 18 18 18 18 17 17 17 17 17 17 17 17 17 17 
25 26 29 32 35 36 38 40 43 44 44 44 46 46 47 47 47 46 43 35 19 14 17 16 14 12 13 12 5 2 2 2 2 2 1 2 1 1 1 1 1 1 1 1 0 0 0 0 0 0 0 0 0 0 0 0 0 0 1 1 1 1 3 4 4 5 5 4 4 3 3 2 1 2 1 1 1 1 1 1 1 1 1 1 1 1 1 1 1 1 1 1 1 1 1 1 1 1 1 1 1 1 1 1 1 1 1 1 3 3 2 4 18 38 45 39 37 38 36 25 17 22 22 18 18 18 18 18 18 18 18 19 19 19 19 19 18 18 18 18 18 18 17 17 17 17 17 17 17 17 17 17 
23 25 26 30 32 32 33 36 37 38 39 39 41 41 43 43 41 38 35 25 11 10 22 17 10 8 6 4 1 1 1 1 2 2 1 1 1 1 1 1 1 1 1 1 0 0 0 0 0 0 0 0 0 0 0 0 0 0 1 1 1 2 2 3 5 5 4 4 4 3 3 2 1 1 1 1 1 1 1 1 1 1 1 1 1 1 1 1 1 1 1 1 1 1 1 1 1 1 1 1 1 1 1 1 1 1 1 1 3 3 2 1 3 19 36 42 37 36 46 42 29 28 22 19 19 18 18 18 18 18 18 19 19 19 19 19 18 18 18 18 18 18 17 17 17 17 17 17 17 17 17 17 
23 24 24 26 28 28 29 29 30 30 30 29 30 32 35 36 35 32 29 17 9 10 16 9 5 4 3 2 1 1 1 1 1 1 1 1 1 1 1 1 1 1 0 0 0 0 0 0 0 0 0 0 0 0 0 0 0 0 1 1 1 1 3 3 4 5 5 4 3 3 2 1 1 1 1 1 1 1 1 1 1 1 1 1 1 1 1 1 1 1 1 1 1 1 1 1 1 1 1 1 1 1 1 1 1 1 1 1 1 1 1 1 1 4 22 44 52 46 52 61 51 36 23 19 21 19 18 18 18 18 18 19 19 19 18 18 18 18 18 18 18 18 17 17 17 17 17 17 17 17 17 17 
24 24 22 21 22 21 21 22 22 22 22 19 22 26 26 28 29 26 23 10 3 8 10 5 3 2 2 1 1 1 1 1 1 1 1 1 1 1 0 0 1 1 0 0 0 0 0 0 0 0 0 0 0 0 0 0 0 0 1 1 1 1 3 3 4 5 4 4 3 4 2 1 1 1 1 1 1 1 1 1 1 1 1 1 1 1 1 1 1 1 1 1 1 1 1 1 1 1 1 1 1 1 1 1 1 1 1 1 1 0 1 1 1 2 8 26 51 57 52 58 71 51 25 21 21 19 19 18 18 18 18 18 18 18 18 18 17 18 18 18 18 18 17 17 17 17 17 17 17 17 17 17 
24 24 24 23 22 21 19 19 19 18 19 22 25 26 24 21 21 17 14 8 5 8 7 4 1 1 1 1 1 0 0 0 0 0 1 1 1 1 0 0 0 0 0 0 0 0 0 0 0 0 0 0 0 0 0 0 0 0 1 1 1 1 2 2 2 3 4 4 3 3 2 1 1 1 1 1 1 1 1 1 1 1 1 1 1 1 1 1 1 1 1 1 1 1 1 1 1 1 1 1 1 1 1 1 1 1 1 1 1 1 1 1 1 1 3 7 27 46 50 51 53 59 35 21 22 19 19 18 18 18 18 18 18 18 18 18 17 18 18 18 18 18 18 18 17 17 17 17 17 17 17 17 
25 26 27 26 25 24 24 24 25 25 27 27 29 27 24 21 18 15 9 5 6 6 4 1 1 1 1 0 0 0 0 0 0 0 1 1 1 1 0 0 0 0 0 0 0 0 0 0 0 0 0 0 0 0 0 0 0 0 1 1 1 1 2 2 2 3 4 4 3 2 1 1 1 1 1 1 1 1 1 1 1 1 1 1 1 1 1 1 1 1 1 1 1 1 1 1 1 1 1 1 1 1 1 1 1 1 1 1 1 2 1 1 1 1 3 3 9 25 46 47 46 45 37 26 19 19 19 18 18 18 18 18 18 18 18 18 17 18 18 18 18 18 18 18 17 17 17 17 17 17 17 17 
26 30 29 29 28 28 29 31 33 36 35 30 30 28 24 19 16 14 10 4 4 4 1 1 0 0 0 0 0 0 0 0 0 0 0 0 0 0 0 0 0 0 0 0 0 0 0 0 0 0 0 0 0 0 0 0 0 0 1 1 1 1 2 2 2 2 3 3 2 2 1 1 1 1 1 1 1 1 1 1 1 1 1 1 1 1 1 1 1 1 1 1 1 1 1 1 1 1 1 1 1 1 1 1 1 1 1 1 1 1 2 2 1 1 2 2 3 9 31 48 46 34 32 37 25 19 19 18 18 18 18 18 18 18 18 18 17 18 18 18 18 18 18 18 17 17 17 17 17 17 17 17 
28 30 31 32 31 32 33 36 38 39 39 37 35 28 19 14 12 14 10 6 5 3 1 1 1 0 0 0 0 0 0 0 0 0 0 0 0 0 0 0 0 0 0 0 0 0 0 0 0 0 0 0 0 0 0 0 0 0 1 1 1 1 1 2 2 2 3 3 2 2 2 1 1 1 1 1 1 1 1 1 1 1 1 1 1 1 1 1 1 1 1 1 1 1 1 1 1 1 1 1 1 1 1 1 1 1 1 1 1 1 2 2 1 1 2 2 2 3 10 29 53 46 43 47 36 22 19 19 18 18 18 18 18 18 18 18 17 18 18 18 18 18 18 18 17 17 17 17 17 17 17 17 
29 31 33 33 37 38 39 41 43 45 47 45 39 29 17 16 16 16 11 6 4 3 2 1 1 0 0 0 0 0 0 0 0 0 0 0 0 0 0 0 0 0 0 0 0 0 0 0 0 0 0 0 0 0 0 0 0 0 1 1 1 1 1 1 1 2 3 3 2 2 1 1 1 1 1 1 1 1 1 1 1 1 1 1 1 1 1 1 1 1 1 1 1 1 1 1 1 1 1 1 1 1 1 1 1 1 1 1 1 1 2 2 1 1 1 1 2 2 2 3 14 28 46 47 31 21 18 19 17 17 18 18 18 18 18 18 17 18 18 18 18 18 18 18 17 17 17 17 17 17 17 17 
29 32 36 37 40 41 43 45 45 47 49 45 42 29 17 19 23 17 8 5 3 2 1 1 1 1 1 1 0 0 0 0 0 0 0 0 0 0 0 0 0 0 0 0 0 0 0 0 0 0 0 0 0 0 0 0 0 0 1 1 1 1 1 1 1 2 3 2 2 2 1 1 1 1 1 1 1 1 1 1 1 1 1 1 1 1 1 1 1 1 1 1 1 1 1 1 1 1 1 1 1 1 1 1 1 1 1 1 1 1 1 1 1 1 1 1 2 2 2 2 2 9 38 52 37 22 19 18 17 17 18 18 18 18 18 18 17 18 18 18 18 18 18 18 17 17 17 17 17 17 17 17 
29 32 37 40 43 45 45 47 49 50 51 44 37 28 17 19 25 11 3 2 1 1 1 1 0 1 1 0 0 0 0 0 0 0 0 0 0 0 0 0 0 0 0 0 0 0 0 0 0 0 0 0 0 0 0 0 0 0 0 0 1 1 1 1 1 1 2 2 2 2 1 1 1 1 1 1 1 1 1 1 1 1 1 1 1 1 1 1 1 1 1 1 1 1 1 1 1 1 1 1 1 1 1 1 1 1 1 1 1 1 1 1 1 1 1 1 1 1 2 2 2 2 24 49 49 26 22 18 18 18 18 18 18 18 18 18 17 18 18 18 18 18 18 18 17 17 17 17 17 17 17 17 
29 33 36 38 40 41 43 49 47 50 51 43 28 21 16 17 15 5 2 1 1 1 0 1 1 1 1 0 0 0 0 0 0 0 0 0 0 0 0 0 0 0 0 0 0 0 0 0 0 0 0 0 0 0 0 0 0 0 0 0 1 1 1 1 1 1 3 2 2 2 1 1 1 1 1 1 1 1 1 1 1 1 1 1 1 1 1 1 1 1 1 1 1 1 1 1 1 1 1 1 1 1 1 1 1 1 1 1 1 1 1 1 1 1 1 1 1 1 2 2 2 2 2 25 51 37 23 18 18 18 18 19 19 19 18 18 17 18 18 18 18 18 18 18 17 17 17 17 17 17 17 17 
29 33 36 35 36 36 37 40 46 49 49 39 37 25 15 11 2 2 1 1 1 1 0 1 0 0 1 1 1 1 1 1 1 1 0 0 0 0 0 0 0 0 0 0 0 0 0 0 0 0 0 0 0 0 0 0 0 0 0 0 0 0 1 1 1 1 3 3 2 2 1 1 1 1 1 1 1 1 1 1 1 1 1 1 1 1 1 1 1 1 1 1 1 1 1 1 1 1 1 1 1 1 1 1 1 1 1 1 1 1 1 1 1 1 1 1 1 1 1 1 1 1 2 18 46 46 24 19 21 19 19 19 19 19 19 18 18 17 17 17 17 17 17 17 17 17 17 17 17 17 17 17 
28 32 36 39 41 41 43 44 46 47 47 38 32 19 11 7 2 2 1 1 1 1 0 1 0 0 1 1 1 1 1 1 1 1 0 0 0 0 0 0 0 0 0 0 0 0 0 0 0 0 0 0 0 0 0 0 0 0 0 0 0 0 1 1 1 1 4 3 2 2 1 1 1 1 1 1 1 1 1 1 1 1 1 1 1 1 1 1 1 1 1 1 1 1 1 1 1 1 1 1 1 1 1 1 1 1 1 1 1 1 1 1 1 1 1 1 1 1 1 1 1 1 2 12 37 43 24 16 21 22 21 19 19 19 19 18 18 17 17 17 17 17 17 17 17 17 17 17 17 17 17 17 
28 31 37 41 42 43 44 45 46 46 46 28 19 11 7 3 2 2 1 1 0 0 0 0 1 1 1 1 1 1 1 1 1 1 0 0 0 0 0 0 0 0 0 0 0 0 0 0 0 0 0 0 0 0 0 0 0 0 0 0 0 0 1 1 1 1 3 3 2 2 1 1 1 1 1 1 1 1 1 1 1 1 1 1 1 1 1 1 1 1 1 1 1 1 1 1 1 1 1 1 1 1 1 1 1 1 1 1 1 1 1 1 1 1 1 1 1 1 1 1 1 1 2 7 24 39 28 23 22 22 21 19 19 19 19 18 18 17 17 17 17 17 17 17 17 17 17 17 17 17 17 17 
28 31 37 40 40 43 45 47 46 44 43 19 10 8 4 2 2 2 1 1 0 0 0 0 1 1 1 1 1 1 1 1 1 1 0 0 0 0 0 0 0 0 0 0 0 0 0 0 0 0 0 0 0 0 0 0 0 0 0 0 0 0 1 1 1 1 2 3 2 2 1 1 1 1 1 1 1 1 1 1 1 1 1 1 1 1 1 1 1 1 1 1 1 1 1 1 1 1 1 1 1 1 1 1 1 1 1 1 1 1 1 1 1 1 1 1 1 1 1 1 1 1 2 5 17 42 44 35 26 23 21 19 19 19 19 18 18 17 17 17 17 17 17 17 17 17 17 17 17 17 17 17 
26 30 36 40 40 43 44 45 44 42 39 17 6 4 2 2 1 1 0 0 0 0 0 0 1 1 1 1 1 1 1 1 1 1 0 0 0 0 0 0 0 0 0 0 0 0 0 0 0 0 0 0 0 0 0 0 0 0 0 0 0 0 1 1 1 1 2 1 2 2 1 1 1 1 1 1 1 1 1 1 1 1 1 1 1 1 1 1 1 1 1 1 1 1 1 1 1 1 1 1 2 2 2 1 2 2 2 1 1 1 1 1 1 1 1 1 1 1 1 1 1 1 1 4 24 44 46 37 32 25 22 19 19 19 19 18 18 17 17 17 17 17 17 17 17 17 17 17 17 17 17 17 
28 30 36 40 40 42 43 43 40 38 39 12 4 4 2 1 1 1 0 0 0 0 0 0 1 1 1 1 1 1 1 1 1 1 0 0 0 0 0 0 0 0 0 0 0 0 0 0 0 0 0 0 0 0 0 0 0 0 0 0 0 0 1 1 1 1 1 1 2 2 1 1 1 1 1 1 1 1 1 1 1 1 1 1 1 1 1 1 1 1 1 1 1 1 1 1 1 1 1 1 1 1 1 1 2 1 1 1 1 1 1 1 1 1 1 1 1 1 1 1 1 1 1 2 22 39 33 29 28 26 22 19 19 19 21 19 18 17 17 17 17 17 17 17 17 17 17 17 17 17 17 17 
28 30 35 39 40 42 44 45 40 29 22 9 3 3 1 1 1 1 0 0 0 0 0 0 1 1 1 1 0 0 1 1 1 1 0 0 0 0 0 0 0 0 0 0 0 0 0 0 0 0 0 0 0 0 0 0 0 0 0 0 0 0 1 1 1 1 2 2 2 2 2 2 1 1 1 1 1 1 1 1 1 1 1 1 1 1 1 1 1 1 1 1 1 1 1 1 1 1 1 1 2 2 2 1 2 2 2 1 1 1 1 1 1 1 1 1 1 1 1 1 1 1 2 3 16 38 38 23 22 24 23 21 19 19 21 18 18 17 17 17 17 17 17 17 17 17 17 17 17 17 17 17 
28 30 35 38 39 42 44 46 40 22 12 7 3 2 1 1 1 1 0 0 0 0 0 0 1 1 1 1 0 0 1 1 1 1 0 0 0 0 0 0 0 0 0 0 0 0 0 0 0 0 0 0 0 0 0 0 0 0 0 0 0 0 1 1 1 1 2 2 2 2 2 2 1 1 1 1 1 1 1 1 1 1 1 1 1 1 1 1 1 1 1 1 1 1 1 1 1 1 1 1 2 2 1 1 2 2 2 1 1 1 1 1 1 1 1 1 1 1 1 1 1 1 2 2 14 32 40 33 33 31 26 24 19 19 22 19 18 17 17 17 17 17 17 17 17 17 17 17 17 17 17 17 
28 30 35 38 39 41 42 43 35 17 9 7 3 2 1 1 1 1 0 0 0 0 0 0 0 0 0 0 0 0 0 0 0 0 0 0 0 0 0 0 0 0 0 0 0 0 0 0 0 0 0 0 0 0 0 0 0 0 0 0 0 0 1 1 1 1 2 2 2 2 2 2 1 1 1 1 1 1 1 1 1 1 1 1 1 1 2 2 1 1 1 1 1 1 1 1 1 1 1 1 2 1 1 1 2 2 2 1 1 1 1 1 1 1 1 1 1 1 1 1 1 1 2 2 8 30 39 40 40 45 40 29 18 19 22 21 17 18 18 18 18 18 18 18 17 17 17 17 17 17 17 17 
28 30 35 37 38 40 40 42 30 15 7 5 3 2 1 1 1 1 0 0 0 0 0 0 0 0 0 0 0 0 0 0 0 0 0 0 0 0 0 0 0 0 0 0 0 0 0 0 0 0 0 0 0 0 0 0 0 0 0 0 0 0 1 1 1 1 2 2 2 2 2 2 1 1 1 1 1 1 1 1 1 1 1 1 1 1 2 2 1 1 1 1 1 1 1 1 1 1 2 2 1 1 1 1 1 1 2 1 1 1 1 1 1 1 1 1 1 1 1 1 1 1 2 1 5 28 46 47 43 53 65 53 30 17 26 23 18 18 18 18 18 18 18 18 17 17 17 17 17 17 17 17 
28 31 35 37 37 37 40 43 30 14 8 5 2 2 1 1 1 1 0 0 0 0 0 0 0 0 0 0 0 0 0 0 0 0 0 0 0 0 0 0 0 0 0 0 0 0 0 0 0 0 0 0 0 0 0 0 0 0 0 0 0 0 0 0 1 1 1 1 1 1 1 1 1 1 1 1 1 1 1 1 1 1 1 1 1 1 2 2 1 1 1 1 1 1 5 2 1 1 1 2 1 1 1 1 1 1 1 1 1 1 1 1 1 1 1 1 1 1 1 1 1 1 2 2 4 17 44 51 42 45 68 74 39 17 22 19 19 18 18 18 18 18 18 18 17 17 17 17 17 17 17 17 
29 31 36 37 38 37 40 43 35 16 8 5 2 2 1 1 1 1 0 0 0 0 0 0 0 0 0 0 0 0 0 0 0 0 0 0 0 0 0 0 0 0 0 0 0 0 0 0 0 0 0 0 0 0 0 0 0 0 0 0 0 0 0 0 1 1 1 1 1 1 1 1 1 1 1 1 1 1 1 1 1 1 1 1 1 1 2 2 1 1 1 1 1 8 16 8 1 1 1 3 2 1 1 1 1 1 1 1 1 1 1 1 1 1 1 1 1 1 1 1 1 1 2 2 3 10 33 46 40 44 64 73 43 17 14 18 18 18 18 18 18 18 18 18 17 17 17 17 17 17 17 17 
29 31 37 39 39 39 42 44 43 19 3 4 2 2 1 1 0 0 0 0 0 0 0 0 0 0 0 0 0 0 0 0 0 0 0 0 0 0 0 0 0 0 0 0 0 0 0 0 0 0 0 0 0 0 0 0 0 0 0 0 0 0 0 0 0 1 1 1 1 1 1 1 1 1 1 1 1 1 1 1 1 1 1 1 1 1 1 1 1 1 1 1 1 8 22 19 5 1 2 10 10 2 2 1 1 1 1 1 1 1 1 1 1 1 1 1 1 1 1 1 1 1 1 1 1 7 29 44 42 42 56 66 47 26 18 18 18 18 18 18 18 18 18 18 17 17 17 17 17 17 17 17 
30 32 37 39 40 42 44 46 53 29 9 4 2 2 1 1 0 0 0 0 0 0 0 0 0 0 0 0 0 0 0 0 0 0 0 0 0 0 0 0 0 0 0 0 0 0 0 0 0 0 0 0 0 0 0 0 0 0 0 0 0 0 0 0 0 1 1 1 1 1 1 1 1 1 1 1 1 1 1 1 1 1 1 1 1 1 1 1 1 1 1 1 2 16 31 26 7 2 11 24 24 9 1 1 1 1 1 1 1 1 1 1 1 1 1 1 1 1 1 1 1 1 1 1 2 3 15 36 47 47 49 58 51 32 22 21 19 19 18 18 18 18 18 18 17 17 17 17 17 17 17 17 
31 35 38 42 43 46 51 54 51 37 9 4 2 1 1 1 0 0 0 0 0 0 1 1 1 1 0 0 0 0 0 0 0 0 0 0 0 0 0 0 0 0 0 0 0 0 0 0 0 0 0 0 0 0 0 0 0 0 0 0 0 0 0 0 0 1 1 1 1 1 1 1 1 1 1 1 1 1 1 1 1 1 1 1 1 1 1 1 1 1 3 1 2 23 38 30 9 10 30 39 33 10 1 1 1 1 1 1 1 1 1 1 1 1 1 1 1 1 1 1 1 1 1 1 1 1 2 9 33 52 47 46 63 45 21 15 18 18 18 18 18 18 18 18 17 18 17 17 18 18 18 18 
31 36 39 44 47 52 59 67 49 38 8 4 2 1 1 1 1 1 0 0 0 1 1 1 1 1 0 0 0 0 0 0 0 0 0 0 0 0 0 0 0 0 0 0 0 0 0 0 0 0 0 1 1 1 1 1 1 1 1 1 1 1 1 1 1 1 1 1 1 1 1 1 1 1 1 1 1 1 1 1 1 1 1 1 1 1 1 2 1 1 2 1 3 25 40 33 15 19 42 51 39 11 1 1 1 1 1 1 1 1 1 1 1 1 1 1 1 1 1 1 1 1 1 1 1 1 4 7 16 40 52 43 57 53 35 18 18 18 18 18 18 18 18 18 17 18 17 17 18 18 18 18 
33 37 40 47 56 61 62 58 51 33 6 4 2 1 1 1 1 1 1 1 1 0 1 1 1 1 0 0 0 0 0 0 0 0 0 0 0 0 0 0 0 0 0 0 0 0 0 1 0 1 0 0 1 1 1 1 1 1 1 1 1 1 1 1 1 1 1 1 1 1 1 1 1 1 1 1 1 1 1 1 1 1 1 1 1 1 1 1 1 1 2 1 7 23 34 29 18 24 33 37 25 5 1 1 1 1 1 1 1 1 1 1 1 1 1 1 1 1 1 1 1 1 1 3 1 1 7 3 2 24 54 47 42 66 63 26 19 23 33 57 82 115 142 115 59 25 14 15 14 17 16 13 
35 38 42 45 47 50 53 55 47 30 8 4 2 1 1 1 1 1 1 1 1 0 1 1 1 1 0 0 0 0 0 0 0 0 0 0 0 0 0 0 0 0 0 0 0 0 1 1 1 1 0 0 1 1 1 1 1 1 1 1 1 1 1 1 1 1 1 1 1 1 1 1 1 1 1 1 1 1 1 1 1 1 1 1 1 1 1 1 1 1 1 3 8 15 19 22 22 22 24 21 10 2 1 1 2 2 1 1 1 1 1 1 1 1 1 1 1 1 1 1 1 1 1 1 1 1 2 2 2 15 51 52 28 54 87 67 51 64 99 144 184 203 207 182 117 61 33 31 24 24 23 22 
39 41 44 43 42 42 42 50 40 24 7 4 3 2 1 1 1 1 1 1 1 0 1 1 1 1 0 0 0 0 0 0 0 0 0 0 0 0 0 0 0 0 0 0 0 0 0 1 1 1 1 1 1 1 1 1 1 1 1 1 1 1 1 1 1 1 1 1 1 1 1 1 1 1 1 1 1 1 1 1 1 1 1 1 1 1 1 1 1 1 1 3 11 17 18 22 22 18 17 11 3 1 1 1 1 2 1 1 1 1 1 1 1 1 1 1 1 1 1 1 1 1 1 2 1 1 1 1 1 14 46 57 35 59 116 127 113 125 153 169 173 162 142 122 97 78 50 38 36 33 31 30 
45 47 52 51 46 44 42 42 24 10 7 4 3 2 1 1 1 1 1 1 1 0 1 1 1 1 0 0 0 0 0 0 0 0 0 0 0 0 0 0 0 0 0 0 0 0 1 1 1 1 1 1 1 1 1 1 1 1 1 1 1 1 1 1 1 1 1 1 1 1 1 1 1 1 1 1 1 1 1 1 1 1 1 1 1 1 1 1 2 1 1 5 16 19 18 23 24 23 12 4 2 1 1 1 1 1 1 1 1 1 1 1 1 1 1 1 1 1 1 1 2 2 2 2 1 1 1 1 1 7 31 54 53 67 102 114 111 110 110 95 81 78 65 47 47 63 51 35 40 42 39 42 
51 53 57 58 55 48 44 28 10 2 6 4 4 3 1 1 0 0 0 1 1 0 1 1 0 0 0 0 0 0 0 0 0 0 0 0 0 0 0 0 0 0 0 0 1 1 1 1 1 1 1 1 1 1 1 1 1 1 1 1 1 1 1 1 1 1 1 1 1 1 1 1 1 1 1 1 1 1 1 1 1 1 1 1 1 1 1 1 1 1 2 5 19 22 15 15 17 18 10 3 3 1 1 1 1 1 1 1 1 1 1 1 1 1 1 1 1 1 1 1 1 2 2 2 1 1 1 1 1 2 12 30 36 36 48 48 47 43 43 39 27 26 32 31 24 35 46 40 44 50 50 52 
55 59 64 64 60 53 42 14 5 4 4 5 4 3 1 1 1 0 0 0 0 0 1 1 0 0 0 0 0 0 0 0 0 0 0 0 0 0 0 0 0 0 0 0 1 1 1 1 1 1 1 2 2 2 2 2 2 2 2 1 1 1 1 1 1 1 1 1 1 1 1 1 1 1 1 1 1 1 1 1 1 1 1 1 1 1 1 1 1 1 2 8 15 13 5 5 8 4 3 3 1 1 1 1 1 1 1 1 1 1 1 1 1 1 1 1 1 1 1 1 1 1 3 3 1 1 1 1 1 1 1 5 6 4 15 6 2 3 16 24 18 11 17 24 23 24 36 39 43 50 56 60 
60 70 72 68 63 50 31 10 3 3 3 4 4 3 2 1 2 1 0 0 0 0 0 0 0 0 0 0 0 0 0 0 0 0 0 0 0 0 0 0 0 0 0 1 1 1 1 1 1 1 2 2 2 2 2 2 2 2 2 1 1 1 1 1 1 1 1 1 1 1 1 1 1 1 1 1 1 1 1 1 1 1 1 1 1 1 1 2 1 1 4 14 15 12 8 8 10 9 5 4 2 2 1 1 1 1 1 1 1 1 1 1 1 1 1 1 1 1 1 1 1 1 1 1 1 1 1 1 1 1 1 1 1 1 1 2 1 2 9 17 17 18 19 16 19 30 28 26 43 50 57 64 
73 78 76 72 64 44 19 11 2 2 2 3 4 3 2 2 2 1 0 0 0 0 0 0 0 0 0 0 0 0 0 0 0 0 0 0 0 0 0 0 0 0 0 0 0 0 1 1 1 1 2 2 2 2 1 1 1 1 1 1 1 1 1 1 1 1 1 1 1 1 1 1 1 1 1 1 1 1 1 1 1 1 1 1 1 1 1 1 1 2 7 19 27 26 19 16 19 22 19 15 10 4 1 1 1 1 1 1 1 1 1 1 1 1 1 1 1 1 1 1 1 1 1 1 1 1 1 1 1 1 1 1 1 1 1 2 4 8 11 14 15 23 30 19 25 36 36 29 44 51 54 63 
67 66 68 58 43 17 14 10 5 2 1 5 4 1 1 1 1 1 1 1 1 1 0 0 0 0 0 0 0 0 0 0 0 0 0 0 0 0 0 0 0 0 0 0 1 1 1 1 1 2 2 2 2 1 1 1 1 1 1 1 1 1 1 1 1 1 1 1 1 1 1 1 1 1 1 1 1 1 1 1 1 1 2 2 2 2 1 1 2 2 8 21 30 30 26 24 24 29 32 28 17 4 1 1 1 1 1 1 1 1 1 1 1 1 1 1 1 1 1 1 1 1 1 1 1 1 1 1 1 0 1 1 1 1 1 1 3 8 23 27 16 16 25 21 23 33 32 28 43 51 53 54 
65 64 60 44 22 9 9 11 11 8 4 4 4 1 1 1 1 1 1 1 1 1 0 0 0 0 0 0 0 0 0 0 0 0 0 0 0 0 0 0 0 0 0 1 1 1 1 1 1 1 2 2 2 2 1 1 1 1 1 1 1 1 1 1 1 1 1 1 1 1 1 1 1 1 1 1 1 1 1 1 1 1 2 2 2 2 1 1 1 2 7 15 16 17 18 21 19 22 25 25 16 3 1 1 1 1 1 1 1 1 1 1 1 1 1 1 1 1 1 1 1 1 1 1 1 1 1 0 0 0 1 1 1 1 1 1 1 4 30 50 34 19 8 8 14 15 15 23 39 51 47 46 
68 66 58 35 8 8 10 12 11 9 5 3 3 2 1 1 1 1 1 1 1 1 0 0 0 0 0 0 0 0 0 0 0 0 0 0 0 0 0 0 0 0 1 0 1 1 0 1 1 1 1 1 1 1 1 1 1 1 1 1 1 1 1 1 1 1 1 1 1 1 1 1 1 1 1 1 1 1 1 1 1 1 1 1 1 1 1 1 1 1 3 5 4 3 4 10 12 11 11 11 9 2 1 1 1 1 1 1 1 1 1 1 1 1 1 1 1 1 1 1 1 1 1 1 1 1 0 0 0 0 1 1 0 0 1 1 2 4 31 46 43 34 15 5 9 9 10 24 35 37 39 39 
73 68 58 31 8 12 15 11 8 4 2 1 2 1 1 1 1 1 1 1 1 1 0 0 0 0 0 0 0 0 0 0 0 0 0 0 0 0 0 0 0 1 0 0 1 0 0 0 0 0 1 1 1 1 1 1 1 1 1 1 1 1 1 1 1 1 1 1 1 1 1 1 1 1 1 1 1 1 1 1 1 1 1 1 1 1 1 1 1 1 1 1 1 1 1 2 1 1 1 1 1 1 1 1 1 1 1 1 1 1 1 1 1 1 1 1 1 1 1 1 1 1 1 1 1 1 1 1 1 1 1 1 0 0 1 1 2 7 30 31 26 31 29 22 21 15 15 30 36 33 33 32 
57 50 39 22 8 13 14 9 5 3 2 1 1 1 1 1 1 1 1 0 1 1 0 0 0 0 0 0 0 0 0 0 0 0 0 0 0 0 0 0 1 1 1 0 1 0 0 0 0 0 1 1 1 1 1 1 1 1 1 1 1 1 1 1 1 1 1 1 1 1 1 1 1 1 1 1 1 1 1 1 1 1 1 1 1 1 1 1 1 1 1 2 2 2 2 1 1 1 1 1 1 1 1 1 1 1 1 1 1 1 1 1 1 1 1 1 1 1 1 1 1 1 0 0 1 1 0 0 0 0 0 0 0 0 1 0 2 12 30 26 14 15 23 35 35 23 29 42 42 32 31 31 
38 23 14 9 7 8 8 5 5 3 2 1 1 1 1 1 1 1 1 0 1 1 0 0 0 0 0 0 0 0 0 0 0 0 0 0 0 0 0 1 1 1 2 2 2 2 2 2 2 1 2 1 1 1 1 1 1 1 1 1 1 1 1 1 1 1 1 1 1 1 1 1 1 1 1 1 1 1 1 1 1 1 1 1 1 1 1 1 1 1 1 2 2 2 2 2 1 2 2 2 1 1 1 1 1 1 1 1 1 1 1 1 1 1 1 1 1 1 1 1 1 1 0 0 1 1 0 0 0 0 0 0 0 0 1 0 2 15 26 26 16 15 21 32 38 36 42 50 49 36 32 32 
24 6 1 4 4 5 4 4 4 3 2 2 1 1 1 1 0 0 0 0 0 0 0 0 0 0 0 0 0 0 0 0 0 0 0 0 1 1 1 1 1 1 2 3 3 4 4 4 4 3 2 1 1 1 1 1 1 1 1 1 1 1 1 1 1 1 1 1 1 1 1 1 1 1 1 1 1 1 1 1 1 1 1 1 1 1 1 1 1 1 1 1 1 2 2 2 2 2 2 2 1 1 1 1 1 1 1 1 1 1 1 1 1 1 1 1 1 1 1 1 1 0 0 0 0 1 0 0 0 0 0 0 0 0 1 0 1 10 15 19 19 32 34 29 36 42 47 73 86 92 54 38 
16 6 4 6 5 5 3 3 4 3 2 2 1 1 1 1 0 0 0 0 0 0 0 0 0 0 0 0 0 0 0 0 0 0 0 0 1 1 1 1 2 2 3 4 5 6 5 5 6 4 3 2 2 1 1 1 1 1 1 1 1 1 1 1 1 1 1 1 1 1 1 1 1 1 1 1 1 1 1 1 1 1 1 1 1 1 1 1 1 1 1 1 1 2 2 2 2 2 1 1 1 1 1 1 1 1 1 1 1 1 1 1 1 1 1 1 1 1 1 1 1 0 0 0 0 1 0 0 0 0 0 0 0 0 1 1 1 3 4 9 11 32 47 32 33 31 49 96 116 134 96 57 
25 9 4 5 5 4 2 3 4 3 2 2 1 1 1 1 1 1 0 0 0 0 0 0 0 0 0 0 0 0 0 0 0 0 1 1 1 1 1 1 2 2 3 4 4 5 6 6 5 5 3 2 1 1 1 1 1 1 1 1 1 1 1 1 1 1 1 1 1 1 1 1 1 1 1 1 1 1 1 1 1 1 1 1 1 1 1 1 1 1 1 1 2 2 2 2 1 1 1 1 1 1 1 1 1 1 1 1 1 1 0 1 1 1 1 1 1 1 1 1 0 0 0 0 0 0 0 0 0 0 0 0 0 0 1 1 2 2 1 2 1 2 17 29 37 27 22 57 76 74 77 65 
22 10 5 4 4 4 2 3 3 3 2 2 1 0 1 1 1 1 0 0 0 0 0 0 0 0 1 1 1 1 1 1 1 1 1 1 1 1 1 2 3 2 3 3 4 4 4 4 4 3 2 1 1 1 1 1 1 1 1 1 1 1 1 1 1 1 1 1 1 1 1 1 1 1 1 1 1 1 1 1 1 1 1 1 1 1 1 1 1 1 1 1 1 2 2 2 1 1 1 1 1 1 1 1 1 1 1 1 1 1 0 1 1 1 1 1 1 1 1 1 0 0 0 0 0 0 0 0 0 0 0 0 0 0 1 1 2 2 1 1 2 1 2 22 40 30 10 19 36 31 25 30 
22 14 7 4 3 3 2 3 3 3 2 1 1 0 1 1 1 1 0 0 0 0 0 0 0 0 1 1 1 1 1 1 1 1 1 0 1 2 3 4 4 3 3 3 3 3 2 2 3 2 1 1 1 1 1 1 1 1 1 1 1 1 1 1 1 1 1 1 1 1 1 1 1 1 1 1 1 1 1 1 1 1 1 1 1 1 1 1 1 1 1 1 1 1 1 1 1 1 1 1 1 1 1 1 1 1 1 1 1 1 1 1 1 1 1 1 1 1 0 0 0 0 0 0 0 0 1 1 1 1 1 1 1 1 1 2 2 2 1 2 2 2 2 10 30 26 8 11 29 36 26 25 
29 17 10 4 3 3 2 2 3 2 2 1 1 1 1 1 1 1 0 0 0 1 0 0 0 0 1 1 1 1 1 1 1 1 1 1 3 3 4 6 5 5 4 3 2 2 2 2 2 1 1 1 1 1 1 1 1 1 1 1 1 1 1 1 1 1 1 1 1 1 1 1 1 1 1 1 1 1 1 1 1 1 1 1 1 1 1 1 1 1 1 1 1 1 1 1 1 1 1 1 1 1 1 1 1 1 1 1 1 1 1 1 1 1 1 1 0 0 0 0 0 0 0 0 0 0 1 1 1 1 1 1 1 1 1 2 2 1 1 1 1 1 1 2 11 11 3 7 17 22 23 24 
36 22 15 4 3 3 2 2 3 2 2 1 0 0 1 1 1 1 1 1 1 1 0 0 0 0 1 1 1 1 1 1 1 1 1 1 2 3 5 8 6 5 4 3 2 2 1 1 1 1 1 1 1 1 1 1 1 1 1 1 1 1 1 1 1 1 1 1 1 1 1 1 1 1 1 1 1 1 1 1 1 1 1 1 1 1 1 1 1 1 1 1 1 1 1 1 1 1 1 1 1 1 1 1 1 1 1 1 1 1 1 1 1 1 1 1 0 0 0 0 0 0 0 0 0 0 1 1 1 1 1 1 1 1 1 2 2 1 1 1 1 0 1 1 2 3 3 3 2 5 11 16 
42 29 17 4 3 3 2 2 2 2 2 1 1 1 1 1 1 1 1 1 1 1 1 1 0 1 1 1 1 1 1 2 2 2 2 1 2 3 5 8 8 5 4 3 3 2 1 1 2 1 1 3 4 2 1 1 1 1 1 1 1 1 1 1 1 1 1 1 1 1 1 1 1 1 1 1 1 1 1 1 1 1 1 1 1 1 1 1 1 1 1 1 1 1 1 1 1 1 1 1 1 1 1 1 1 1 1 1 1 1 1 1 1 1 1 1 0 0 0 0 0 1 0 0 0 0 1 1 1 1 1 1 1 1 1 2 2 1 1 1 1 1 1 1 1 2 1 3 2 1 2 7 
40 28 17 4 3 3 2 2 2 1 2 2 1 1 1 1 1 1 1 1 1 1 1 1 1 1 1 1 1 1 1 1 2 2 2 2 2 2 4 8 6 5 4 4 3 2 2 3 3 2 4 6 6 4 3 2 2 2 2 2 2 2 1 1 1 1 1 1 1 1 1 1 1 1 1 1 1 1 1 1 1 1 1 1 1 1 1 1 1 1 1 1 1 1 1 1 1 1 1 1 1 1 1 1 1 1 1 1 1 1 1 2 2 2 2 2 2 1 1 2 1 1 0 0 1 1 1 1 1 1 1 1 1 1 1 2 2 1 1 1 1 1 1 0 1 1 1 5 7 5 1 2 
33 21 11 4 3 3 2 2 3 2 2 2 1 1 1 1 1 1 1 1 1 1 1 1 1 1 1 1 1 1 1 1 1 2 2 2 3 3 4 4 5 4 4 4 4 5 4 4 7 5 8 11 10 8 5 4 2 3 3 5 5 4 2 1 1 1 1 1 1 1 1 1 1 1 1 1 1 1 1 1 1 1 1 1 1 1 1 1 1 1 1 1 1 1 1 1 1 1 1 1 1 1 1 1 1 1 1 1 1 1 1 1 2 3 4 4 2 1 0 1 1 0 0 1 1 1 1 1 1 1 1 1 1 1 1 2 2 1 1 1 1 1 1 1 1 0 1 6 8 4 1 1 
28 15 8 4 3 3 2 2 3 2 2 1 1 0 1 1 1 1 1 1 1 1 1 1 1 1 1 1 1 1 1 1 1 1 2 2 2 2 2 3 4 4 3 4 7 8 8 8 8 8 10 11 12 11 10 5 4 5 8 11 12 8 4 2 1 1 1 1 1 1 1 1 1 1 1 1 1 1 1 1 1 1 1 1 1 1 1 1 1 1 1 1 1 1 1 1 1 1 1 1 1 1 1 1 1 1 1 1 1 1 1 1 1 3 4 5 4 3 3 4 2 0 0 1 1 1 1 1 1 1 1 1 1 1 1 1 1 1 1 1 1 1 1 1 2 1 2 2 3 3 2 2 
21 9 5 4 3 3 2 2 2 2 2 2 2 2 1 1 1 1 1 1 1 1 1 1 1 1 1 1 1 1 1 1 1 1 1 1 2 1 2 3 4 4 3 5 7 9 9 8 8 8 9 10 11 11 10 9 9 12 17 23 23 18 11 4 2 1 1 1 1 1 1 1 1 1 1 1 1 1 1 1 1 1 1 1 1 1 1 1 1 1 1 1 1 1 1 1 1 1 1 1 1 1 1 1 1 1 1 1 1 1 1 1 1 2 5 8 8 7 7 8 8 5 0 0 1 0 1 1 1 1 1 1 0 0 1 1 1 1 1 1 1 2 2 1 3 4 7 8 8 8 8 8 
19 7 4 3 3 3 1 2 2 3 3 3 3 2 1 1 1 1 1 1 1 1 1 1 1 1 1 1 1 1 1 1 1 1 1 1 1 1 2 2 2 2 3 4 7 8 7 7 7 5 5 8 10 10 10 9 10 12 16 23 25 21 16 9 4 2 1 1 1 1 1 1 1 1 1 1 1 1 1 1 1 1 1 1 1 1 1 1 1 1 1 1 1 1 1 1 1 1 1 1 1 1 1 1 1 1 1 1 1 1 1 2 2 2 7 11 11 11 12 12 9 7 1 0 0 0 1 1 1 1 1 1 0 0 1 1 1 1 2 2 1 1 1 1 4 11 13 16 16 15 12 12 
19 5 3 3 3 3 1 2 2 3 3 3 3 2 2 2 2 2 1 1 1 1 1 1 1 1 1 1 1 1 1 1 1 1 1 1 1 1 1 1 1 2 2 2 4 4 4 5 5 5 7 8 9 9 9 8 9 9 10 14 18 17 12 8 4 1 1 1 1 1 1 1 1 1 1 1 1 1 1 1 1 1 1 1 1 1 1 1 1 1 1 1 1 1 1 1 1 1 1 1 1 1 1 1 1 1 1 1 1 1 1 2 1 3 9 15 16 16 17 16 14 9 2 1 0 0 0 0 0 0 0 0 0 0 1 1 1 1 2 2 1 1 2 2 6 15 19 22 22 23 21 19 
19 5 4 3 2 2 1 1 2 2 2 3 2 2 2 2 2 2 2 1 1 1 1 1 1 1 1 1 1 1 1 1 1 1 1 1 1 1 1 1 1 2 2 2 2 2 2 4 5 7 9 10 8 8 8 8 8 8 8 8 9 9 6 4 2 1 1 1 1 1 1 1 1 1 1 1 1 1 1 1 1 1 1 1 1 1 1 1 1 1 1 1 1 1 1 1 1 1 1 1 1 1 1 1 1 1 1 1 1 1 1 2 2 2 9 18 18 19 18 18 16 12 5 2 1 1 0 0 0 0 0 0 0 0 1 1 1 2 2 1 1 1 3 8 9 15 20 23 23 25 25 24 
17 5 4 3 2 2 1 1 2 2 2 3 2 2 2 2 2 2 2 1 1 1 1 1 1 1 1 1 1 1 1 1 1 1 1 2 2 2 2 2 2 2 2 2 2 2 3 4 5 5 8 9 9 9 8 8 7 7 5 3 3 3 3 2 1 1 1 1 1 1 1 1 1 1 1 1 1 1 1 1 1 1 1 1 1 1 1 1 1 1 1 1 1 1 1 1 1 1 1 1 1 1 1 1 1 1 1 1 1 1 1 2 2 3 10 18 18 19 19 21 19 18 14 8 3 2 0 0 0 0 0 0 1 1 1 1 1 1 2 1 1 2 3 9 11 16 22 24 24 25 25 24 
12 4 2 2 1 1 1 1 2 2 2 2 2 2 2 2 2 2 1 1 1 1 1 1 1 1 1 1 1 1 1 1 1 1 1 2 2 2 2 2 4 3 3 3 2 2 2 2 4 5 6 9 9 9 7 5 6 5 3 2 2 2 2 1 1 1 1 1 1 1 1 1 1 1 1 1 1 1 1 1 1 1 1 1 1 1 1 1 1 1 1 1 1 1 1 1 1 1 1 1 1 1 1 1 1 1 1 1 1 1 1 2 2 4 11 18 17 19 22 24 24 22 19 15 9 3 2 2 0 1 1 1 1 1 1 1 1 1 1 1 1 2 3 8 10 14 18 21 23 24 25 26 
9 4 3 2 1 1 1 1 2 2 2 2 2 2 2 2 2 2 1 1 1 1 1 1 1 1 1 1 1 1 1 1 1 1 1 2 2 2 2 3 4 4 4 3 2 2 2 2 3 4 6 9 8 8 5 5 4 4 2 2 2 2 1 1 1 1 1 1 1 1 1 1 1 1 1 1 1 1 1 1 1 1 1 1 2 2 1 1 1 1 1 1 1 1 1 1 1 1 1 1 1 1 1 1 1 1 1 1 1 1 1 2 1 4 14 22 23 24 24 25 25 23 23 19 16 10 5 3 2 2 2 2 2 2 1 1 1 1 1 1 1 2 3 7 10 12 17 19 23 24 25 28 
8 4 1 1 1 1 1 1 2 2 2 2 2 2 2 2 2 2 1 1 1 1 1 1 1 1 1 1 1 1 1 1 1 1 1 2 2 2 3 4 4 4 5 3 3 3 3 3 3 4 6 9 8 8 7 4 8 3 2 2 1 2 2 0 0 0 0 1 1 1 1 1 1 1 1 1 1 1 1 1 1 1 2 2 2 2 1 1 1 1 1 1 1 1 1 1 1 1 1 1 1 1 1 1 1 1 1 1 1 1 1 1 1 4 17 27 31 30 29 29 31 35 38 36 31 29 25 19 13 6 3 2 2 2 2 2 2 2 1 1 1 1 3 5 10 12 16 19 22 24 26 30 
10 3 0 1 1 1 1 1 1 1 1 1 2 2 2 2 1 2 1 1 1 1 1 1 1 1 1 1 1 1 1 1 1 1 1 1 2 2 2 3 4 5 4 4 4 4 3 3 3 5 6 6 5 7 5 4 4 3 1 2 2 2 2 1 0 0 0 1 1 1 1 1 1 1 1 1 1 1 1 1 1 1 2 2 2 2 1 1 1 1 1 1 1 1 1 1 1 1 1 1 1 1 1 1 1 1 1 1 1 1 1 1 1 5 18 32 36 35 36 36 37 39 42 39 38 36 32 32 27 16 8 2 2 2 2 3 3 2 1 1 1 1 2 5 9 11 15 18 22 24 27 30 
12 3 0 1 0 0 1 1 1 1 1 1 2 2 2 2 1 2 1 1 1 1 1 1 1 1 1 1 1 1 1 1 1 1 1 1 1 1 2 3 3 4 4 4 4 3 3 3 3 3 5 5 4 4 4 4 3 3 1 2 2 2 2 1 1 1 1 1 1 1 1 1 1 1 1 1 1 1 1 1 1 1 2 2 2 2 2 1 1 1 1 1 1 1 1 1 1 1 1 1 1 1 1 1 1 1 1 1 1 1 1 1 1 7 19 33 40 40 40 40 42 42 43 43 43 43 43 43 40 31 21 15 12 12 12 12 8 3 2 2 1 1 2 4 8 11 14 17 22 25 29 30 
12 2 0 1 0 0 1 1 1 1 1 1 1 1 2 2 1 1 1 1 1 1 1 1 1 1 1 1 1 1 1 1 1 1 1 2 1 1 2 2 3 4 3 4 4 3 3 3 3 3 4 4 2 2 2 2 1 2 2 2 2 2 2 1 1 1 1 1 1 1 1 1 1 1 1 1 1 1 1 1 1 1 1 2 2 2 2 1 1 1 1 1 1 1 1 1 1 1 1 1 1 1 1 1 1 1 1 1 1 1 1 1 1 7 23 36 44 45 45 45 46 46 46 46 47 47 49 49 48 44 36 33 32 30 30 27 7 3 3 3 1 1 2 4 8 11 14 17 21 25 29 30 
9 2 0 0 1 1 1 1 1 1 1 1 1 1 1 1 1 1 1 1 1 1 1 1 1 1 1 1 1 1 1 1 1 1 1 1 1 1 1 1 2 2 3 2 2 3 3 3 3 3 2 2 2 1 1 2 1 2 2 2 2 2 2 1 1 1 1 1 1 1 1 1 1 1 1 1 1 1 1 1 1 1 1 1 1 2 1 1 1 1 1 1 1 1 1 1 1 1 1 1 1 1 1 1 1 1 1 1 1 1 1 1 1 8 23 37 47 47 47 47 47 47 49 49 49 49 51 51 51 49 45 49 49 49 46 39 11 4 4 4 2 2 3 4 8 10 14 16 22 25 29 30 
9 2 0 0 0 0 0 1 1 1 1 1 1 1 1 1 1 1 1 1 1 1 1 1 1 1 1 1 1 1 1 1 1 1 1 1 1 1 1 1 1 1 1 1 2 2 2 2 2 2 2 2 2 1 1 2 1 2 2 2 2 2 2 1 1 1 1 1 1 1 1 1 1 1 1 1 1 1 1 1 1 1 1 1 1 1 1 1 1 1 1 1 1 1 1 1 1 1 1 1 1 1 1 1 1 1 1 1 1 1 1 1 1 7 23 38 47 46 46 46 47 47 49 49 50 50 50 51 51 51 52 54 56 57 55 51 16 5 4 5 6 2 3 4 8 10 12 17 22 26 29 29 
14 6 0 0 0 0 0 1 0 1 1 1 1 1 1 1 1 1 1 1 1 1 1 1 1 1 1 1 1 0 1 1 1 1 1 1 1 1 0 0 0 0 1 1 1 1 2 2 2 2 2 2 1 1 1 1 0 1 2 2 2 2 2 1 1 1 1 1 1 1 1 1 1 1 1 1 1 1 1 1 1 1 1 1 1 1 1 1 1 1 1 1 1 1 1 1 1 1 1 1 1 1 1 1 1 1 1 1 1 1 1 1 1 7 24 39 46 45 45 45 46 47 49 49 50 50 50 50 51 51 52 53 54 56 56 56 29 11 3 5 5 3 3 4 7 10 12 17 22 26 29 29 
18 9 0 0 0 0 0 1 0 1 1 1 1 1 1 1 1 1 1 2 1 2 2 2 2 1 1 1 1 0 1 1 1 1 1 1 0 0 0 0 0 0 1 0 1 1 0 0 0 0 1 1 1 1 1 1 0 1 1 1 1 1 1 2 1 1 1 1 1 1 1 1 1 1 1 1 1 1 1 1 1 1 1 1 1 1 1 1 1 1 1 1 1 1 1 1 1 1 1 1 1 1 1 1 1 1 1 1 1 1 1 1 1 5 23 38 44 44 44 45 45 46 47 47 49 49 49 50 51 52 53 53 54 56 58 59 43 17 4 6 7 4 3 4 5 10 12 17 23 26 29 29 
19 9 0 0 0 1 0 1 0 1 1 1 1 1 1 1 1 0 1 1 1 1 0 0 1 1 1 1 0 0 0 0 1 0 0 0 0 0 0 0 0 0 1 0 0 0 0 0 0 0 1 1 1 1 1 0 0 0 0 1 1 1 1 1 1 1 1 1 1 1 1 1 1 1 1 1 1 1 1 1 1 1 1 1 1 1 1 1 1 1 1 1 1 1 1 1 1 1 1 1 1 1 1 1 1 1 1 1 1 1 1 1 0 4 22 37 43 43 43 44 44 45 46 46 47 47 49 49 50 51 52 53 53 56 58 60 56 36 17 9 6 5 4 3 5 10 12 18 23 26 29 29 
22 10 2 2 1 1 1 0 0 0 1 1 1 2 2 1 1 1 1 1 1 1 0 0 2 1 1 1 0 0 0 0 0 0 0 0 0 0 0 0 0 0 1 0 0 0 0 0 0 0 1 1 1 1 1 0 0 0 0 0 0 0 0 1 1 1 1 1 1 1 1 1 1 1 1 1 1 1 1 1 1 1 1 1 1 1 1 1 1 1 1 1 1 1 1 1 1 1 1 1 1 1 1 1 1 1 2 2 1 1 1 1 0 4 22 36 41 43 42 42 43 44 45 45 46 45 46 47 50 50 51 52 53 54 57 58 60 51 30 14 4 3 3 3 4 8 11 16 22 28 29 30 
25 14 6 5 2 3 1 0 0 0 0 0 0 0 1 1 1 1 2 2 1 1 1 1 1 1 1 1 0 0 0 0 0 0 0 0 0 0 0 0 1 1 1 1 1 1 1 1 1 1 1 1 1 1 1 0 0 0 0 0 0 0 0 1 1 1 1 1 1 1 1 1 1 1 1 1 1 1 1 1 1 1 1 1 1 1 1 1 1 1 1 1 1 1 1 1 1 1 1 1 1 1 1 1 1 1 2 2 1 1 1 0 1 4 23 36 38 39 40 40 42 42 43 44 45 44 44 46 49 49 50 52 52 53 54 57 56 52 44 24 8 2 3 3 4 6 10 15 22 29 29 30 
36 24 17 10 5 4 1 0 0 0 0 0 0 0 0 1 1 1 2 2 2 2 3 4 5 4 4 2 0 0 0 0 0 0 0 0 0 0 0 0 1 1 1 1 1 1 1 1 1 1 1 1 1 1 1 1 1 1 1 1 1 1 1 1 1 1 1 1 1 1 1 1 1 1 1 1 1 1 1 1 1 1 1 1 1 1 1 1 1 1 1 1 1 1 1 1 1 1 1 1 1 1 1 1 1 1 1 1 1 1 1 0 1 4 23 36 38 38 38 39 39 40 42 42 43 43 44 45 46 47 50 51 51 52 53 54 53 51 50 33 15 3 2 3 5 5 10 15 22 26 27 30 
45 37 26 19 12 4 1 1 1 1 1 0 1 1 1 2 2 2 3 3 3 8 12 15 16 21 12 2 1 0 0 0 0 0 0 0 0 0 1 1 1 0 0 1 1 1 1 1 1 1 1 1 1 1 1 1 1 1 1 1 1 1 1 1 1 1 1 1 1 1 1 1 1 1 1 1 1 1 1 1 1 1 1 1 1 1 1 1 1 1 1 1 1 1 1 1 1 1 1 1 1 1 1 1 1 1 1 1 1 1 1 0 1 4 22 36 37 37 37 38 38 39 40 42 42 42 43 45 46 47 49 50 49 51 51 52 52 51 51 40 22 5 2 4 4 6 10 15 20 26 28 29 
46 43 32 26 18 4 2 1 1 1 1 1 2 2 2 2 3 3 5 8 9 19 26 28 31 31 18 3 0 0 0 0 0 0 0 0 0 0 1 1 1 0 0 1 1 1 1 1 1 1 1 1 1 1 1 1 1 1 1 1 1 1 1 1 1 1 1 1 1 1 1 1 1 1 1 1 1 1 1 1 1 1 1 1 1 1 1 1 1 1 1 1 1 1 1 1 1 1 1 1 1 1 1 1 1 1 1 1 1 1 1 1 1 4 23 35 36 37 37 38 38 39 40 40 42 40 43 44 45 46 49 49 49 49 50 51 51 51 51 47 31 7 3 3 4 8 10 13 19 24 26 29 
44 38 28 23 17 5 4 3 3 3 4 5 8 10 11 12 13 15 16 17 18 29 36 36 41 40 19 4 1 1 0 0 0 0 1 1 1 1 1 1 1 0 0 1 1 1 1 1 1 1 1 1 1 1 1 1 1 1 1 1 1 1 1 1 1 1 1 1 1 1 1 1 1 1 1 1 1 1 1 1 1 1 1 1 1 1 1 1 1 1 1 1 1 1 1 1 1 1 1 1 1 1 1 1 1 1 1 1 1 1 1 1 1 4 22 35 36 37 37 37 37 38 39 40 40 40 42 43 44 45 46 47 47 47 49 50 49 50 51 48 44 24 8 5 4 7 11 16 19 23 26 29 
39 32 23 21 17 12 9 9 8 8 9 11 16 19 22 24 26 29 30 31 32 37 39 38 41 36 19 5 1 1 0 0 0 0 1 1 1 1 1 1 1 1 1 1 1 1 1 1 1 1 1 1 1 1 1 1 1 1 1 1 1 1 1 1 1 1 1 1 1 1 1 1 1 1 1 1 1 1 1 1 1 1 1 1 1 1 1 1 1 1 1 1 1 1 1 1 1 1 1 1 1 1 1 1 1 1 1 1 1 1 1 1 1 5 23 33 37 38 37 37 37 38 39 40 40 40 42 43 43 44 45 46 47 47 47 49 49 49 50 50 51 34 11 5 4 7 12 17 21 23 26 30 
54 40 24 21 17 18 19 15 10 11 11 14 15 18 22 24 26 29 32 37 43 45 39 32 38 31 19 5 1 1 0 0 1 1 1 1 1 1 0 1 1 1 1 1 1 1 1 1 1 1 1 1 1 1 1 1 1 1 1 1 1 1 1 1 1 1 1 1 1 1 1 1 1 1 1 1 1 1 1 1 1 1 1 1 1 1 1 1 1 1 1 1 1 1 1 1 1 1 1 1 1 1 1 1 1 1 1 1 1 1 1 1 2 9 23 31 36 35 35 36 36 37 38 39 40 40 42 43 43 43 44 46 46 47 47 49 46 47 49 49 51 42 22 9 4 6 11 17 23 24 26 29 
71 52 31 22 17 17 19 18 17 17 18 21 23 24 25 26 26 29 32 37 43 45 39 33 36 30 19 5 1 1 0 0 0 0 1 1 1 1 0 0 0 0 0 1 1 1 1 1 1 1 1 1 1 1 1 1 1 1 1 1 1 1 1 1 1 1 1 1 1 1 1 1 1 1 1 1 1 1 1 1 1 1 1 1 1 1 1 1 1 1 1 1 1 1 1 1 1 1 1 1 1 1 1 1 1 1 1 1 1 1 1 1 2 10 24 30 35 31 30 36 36 37 38 38 39 39 40 40 42 43 43 44 45 45 45 45 45 46 47 47 50 46 30 15 6 8 11 17 23 26 26 29 
65 57 38 24 17 17 21 22 22 23 25 25 28 31 30 29 30 31 35 39 44 45 39 33 33 26 17 4 1 1 0 0 1 1 1 1 0 1 0 0 0 0 0 1 1 1 1 1 1 1 1 1 1 1 1 1 1 1 1 1 1 1 1 1 1 1 1 1 1 1 1 1 1 1 1 1 1 1 1 1 1 1 1 1 1 1 1 1 1 1 1 1 1 1 1 1 1 1 1 1 1 1 1 1 1 1 1 1 1 1 1 1 1 9 26 31 32 31 32 33 35 36 37 37 38 38 38 39 40 42 40 42 42 43 43 44 44 45 47 47 50 50 37 19 10 8 12 19 25 28 28 29 
46 45 33 22 17 18 22 24 24 25 26 29 32 33 32 33 33 36 39 44 46 46 39 31 31 25 18 4 1 1 0 0 1 1 1 1 1 1 0 0 0 0 0 1 1 1 1 1 1 1 1 1 1 1 1 1 1 1 1 1 1 1 1 1 1 1 1 1 1 1 1 1 1 1 1 1 1 1 1 1 1 1 1 1 1 1 1 1 1 1 1 1 1 1 1 1 1 1 1 1 1 1 1 1 1 1 1 1 1 1 1 1 1 10 28 31 31 30 31 32 33 35 36 37 36 37 37 38 38 39 38 39 40 42 43 44 45 44 44 44 47 45 34 22 14 10 12 19 28 30 30 31 
29 30 24 19 17 19 22 23 24 24 24 28 30 31 33 35 37 40 44 46 46 44 36 25 29 24 19 6 1 1 1 1 1 1 1 1 1 1 0 0 0 0 0 1 1 1 1 1 1 1 1 1 1 1 1 1 1 1 1 1 1 1 1 1 1 1 1 1 1 1 1 1 1 1 1 1 1 1 1 1 1 1 1 1 1 1 1 1 1 1 1 1 1 1 1 1 1 1 1 1 1 1 1 1 1 1 1 1 1 0 1 1 1 10 28 32 30 31 31 32 32 33 35 35 35 36 37 37 37 38 38 39 40 42 43 44 45 43 42 43 44 39 29 18 15 12 15 23 30 33 32 32 
22 22 18 17 16 16 18 22 24 23 24 26 28 30 31 32 36 39 39 42 44 40 30 22 28 25 23 9 1 2 1 1 1 1 1 1 1 1 0 0 0 0 0 1 1 1 1 1 1 1 1 1 1 1 1 1 1 1 1 1 1 1 1 1 1 1 1 0 0 0 1 1 1 1 1 1 1 1 1 1 1 1 1 1 1 1 1 1 1 1 1 1 1 1 1 1 1 1 1 1 1 1 1 1 1 1 1 1 1 0 0 1 1 11 29 33 31 32 33 33 35 35 36 36 36 37 38 38 38 39 39 40 42 43 44 45 44 43 42 42 45 40 28 17 15 12 18 32 35 35 35 35 
19 18 16 15 16 17 19 23 24 23 24 25 26 28 28 30 32 33 32 37 39 36 28 21 25 23 21 11 2 1 1 1 1 0 0 0 1 1 0 0 0 0 0 1 1 1 1 1 1 1 1 1 1 1 1 1 1 1 1 1 1 1 1 1 1 1 1 0 0 0 0 1 1 1 1 1 1 1 1 1 1 1 1 1 1 1 1 1 1 1 1 1 1 1 1 1 1 1 1 1 1 1 1 1 1 1 1 2 1 0 0 1 3 14 31 33 32 33 33 35 35 35 36 37 37 38 38 39 39 40 40 42 42 43 43 44 44 43 43 42 44 39 26 17 16 12 21 35 38 38 39 44 
17 17 16 15 16 17 19 23 24 23 24 25 26 26 26 28 29 31 33 37 36 33 25 21 22 21 18 12 2 1 0 0 0 0 0 0 1 1 0 0 0 0 0 1 1 1 1 1 1 1 1 1 1 1 1 1 1 1 1 1 1 1 1 1 1 1 1 0 0 0 0 1 1 1 1 1 1 1 1 1 1 1 1 1 1 1 1 1 1 1 1 1 1 1 1 1 1 1 1 1 1 1 1 1 2 2 2 2 1 0 1 1 4 17 32 35 33 35 35 35 35 36 37 38 38 39 39 40 42 42 42 43 43 43 43 44 43 43 43 44 39 26 21 17 13 13 18 28 32 39 46 57 
16 16 15 14 17 18 19 23 24 23 22 24 25 24 24 25 26 29 32 32 33 29 24 18 19 18 17 15 6 2 1 0 0 0 0 0 1 1 0 0 0 0 0 1 1 1 1 1 1 1 1 1 1 1 1 1 1 1 1 1 1 1 1 1 1 1 1 0 0 0 0 1 1 1 1 1 1 1 1 1 1 1 1 1 1 1 1 1 1 1 1 1 1 1 1 1 1 1 1 1 1 1 1 1 2 2 2 2 1 0 1 1 5 20 33 36 35 36 35 35 35 35 36 37 38 39 39 40 40 40 42 43 43 43 43 44 44 43 42 37 30 19 17 15 10 8 8 15 25 30 39 50 
14 14 12 14 17 18 19 22 22 21 19 21 22 23 23 22 23 24 26 25 26 24 19 15 18 16 15 15 8 2 1 1 0 0 0 0 1 1 0 0 0 0 0 1 1 1 1 1 1 1 1 1 1 1 1 1 1 1 1 1 1 1 1 1 1 1 1 0 0 0 0 1 1 1 1 1 1 1 1 1 1 1 1 1 1 1 1 1 1 1 1 1 1 1 1 1 1 1 1 1 1 1 1 1 2 2 2 3 1 1 1 1 8 24 36 36 35 35 35 35 35 35 37 38 38 38 38 39 40 40 40 42 42 40 42 43 43 44 36 26 16 11 14 12 8 7 9 11 19 26 31 37 
10 11 11 12 15 18 18 18 17 17 17 18 19 21 19 19 18 19 23 23 20 19 17 12 16 15 12 16 15 1 1 1 0 0 0 0 1 1 0 0 0 0 0 1 1 1 1 1 1 1 1 1 1 1 1 1 1 1 1 1 1 1 1 1 1 1 1 0 0 0 0 1 1 1 1 1 1 1 1 1 1 1 1 1 1 1 1 1 1 1 1 1 1 1 1 1 1 1 1 1 1 1 1 1 1 2 2 2 1 1 1 2 10 26 36 36 35 36 35 35 35 33 37 38 38 38 38 39 38 39 40 40 40 40 40 42 42 40 25 15 6 7 11 11 6 4 6 13 19 25 28 30 
8 10 11 10 12 15 15 15 14 14 12 16 18 18 17 17 16 17 18 19 18 16 14 14 12 12 11 16 15 3 1 1 0 0 0 0 1 1 0 0 0 0 0 1 1 1 1 1 1 1 1 1 1 1 1 1 1 1 1 1 1 1 1 1 1 1 1 0 0 0 0 1 1 1 1 1 1 1 1 1 1 1 1 1 1 1 1 1 1 1 1 1 1 1 1 1 1 1 1 1 1 1 1 1 1 1 2 2 1 1 2 3 13 30 36 36 33 35 33 33 33 33 36 37 37 37 37 38 37 38 38 38 39 39 39 38 44 38 16 9 9 9 10 8 4 2 4 10 14 21 25 28 
10 11 12 12 11 12 11 11 11 10 11 13 16 16 15 16 15 14 12 12 15 12 13 12 13 12 12 15 14 5 2 1 0 0 0 0 1 1 0 0 0 0 0 1 1 1 1 1 1 1 1 1 1 1 1 1 1 1 1 1 1 1 1 1 1 1 1 0 0 0 0 1 1 1 1 1 1 1 1 1 1 1 1 1 1 1 1 1 1 1 1 1 1 1 1 1 1 1 1 1 1 1 1 1 1 1 1 2 1 1 2 4 14 30 36 35 35 35 33 33 32 32 33 32 33 33 35 35 36 36 36 36 36 37 38 39 39 39 15 8 10 9 9 7 2 1 3 7 10 16 23 26 
11 11 12 12 11 11 10 10 9 10 11 11 13 13 12 14 12 11 10 10 12 10 11 11 11 11 11 12 9 7 3 1 1 0 1 0 1 1 0 0 0 0 0 1 1 1 1 1 1 1 1 1 1 1 1 1 1 1 1 1 1 1 1 1 1 1 1 0 0 0 0 1 1 1 1 1 1 1 1 1 1 1 1 1 1 1 1 1 1 1 1 1 1 1 1 1 1 1 1 1 1 1 1 1 1 1 1 1 1 1 2 4 15 29 35 33 33 33 32 31 31 31 32 32 32 32 32 33 32 33 33 33 35 35 36 37 38 36 19 9 9 9 10 8 3 2 3 5 9 14 21 25 
9 10 11 11 11 10 11 10 10 10 10 10 11 11 11 12 11 10 9 11 11 9 9 9 10 10 10 10 10 5 1 0 1 1 1 0 1 1 0 0 0 0 0 1 1 1 1 1 1 1 1 1 1 1 1 1 1 1 1 1 1 1 1 1 1 1 1 0 0 0 0 1 1 1 1 1 1 1 1 1 1 1 1 1 1 1 1 1 1 1 1 1 1 1 1 1 1 1 1 1 1 1 1 1 1 1 1 1 1 1 2 4 15 28 32 33 33 33 33 33 32 32 31 32 32 32 33 33 33 33 33 33 33 34 35 36 37 37 19 12 9 9 10 8 4 4 4 5 8 14 22 24 
10 11 10 10 10 9 10 11 10 10 9 10 10 10 10 10 10 9 9 10 9 9 9 9 10 10 10 8 8 4 2 0 1 0 0 0 1 1 0 0 0 0 0 1 1 1 1 1 1 1 1 1 1 1 1 1 1 1 1 1 1 1 1 1 1 1 1 0 0 0 0 1 1 1 1 1 1 1 1 1 1 1 1 1 1 1 1 1 1 1 1 1 1 1 1 1 1 1 1 1 1 1 1 1 1 1 1 1 1 1 2 3 14 26 30 32 33 32 33 33 32 32 32 33 32 31 32 32 32 32 33 32 32 33 35 37 36 33 18 15 12 9 9 8 7 5 5 7 9 15 20 23 
11 11 11 10 10 9 9 9 9 8 6 8 8 8 8 8 8 8 8 8 8 8 9 9 9 9 9 7 5 3 2 1 1 0 0 0 1 1 1 1 0 0 0 0 0 0 0 0 0 0 0 0 0 0 0 1 1 1 1 1 1 1 1 1 1 1 1 1 1 0 0 0 1 1 1 1 1 1 1 1 1 1 1 1 1 1 1 1 1 1 1 1 1 1 1 1 1 1 1 1 1 1 1 1 1 1 1 1 0 1 1 4 14 26 31 35 36 35 35 36 33 33 36 36 31 33 35 35 35 35 36 36 35 33 36 38 43 40 26 23 16 11 9 8 7 5 7 8 11 17 18 19 
11 11 11 10 9 8 8 8 8 6 5 6 8 8 6 7 6 6 7 7 5 6 8 8 9 11 11 7 4 2 1 1 0 0 0 0 1 1 1 1 0 0 0 0 0 0 0 0 0 0 0 0 0 0 0 1 1 1 1 1 1 1 1 1 1 1 1 1 1 0 0 0 0 0 1 1 1 1 1 1 1 1 1 1 1 1 1 1 1 1 1 1 1 1 1 1 1 1 1 1 1 1 1 1 1 1 1 1 0 0 1 5 18 32 38 40 42 42 42 42 40 40 44 45 43 44 44 43 43 42 43 43 42 40 43 47 52 53 46 33 18 11 9 9 8 8 8 10 13 18 18 18 
14 12 12 10 9 8 7 7 5 4 4 5 6 6 4 4 4 7 8 7 6 6 8 9 8 11 11 5 4 2 1 1 0 0 0 0 0 0 0 0 0 0 0 0 0 0 0 0 0 0 0 0 0 0 0 1 1 1 1 1 1 1 1 1 1 1 1 1 1 0 0 0 1 1 1 1 1 1 1 1 1 1 1 1 1 1 1 1 1 1 1 1 1 1 1 1 1 1 1 1 1 1 1 1 1 1 1 1 1 0 1 8 24 40 46 47 53 52 56 56 55 55 60 61 60 60 58 58 59 59 57 57 52 52 50 54 66 67 61 54 29 24 7 8 7 9 9 10 13 18 19 20 
14 14 12 10 8 7 5 5 5 4 3 5 5 5 4 4 4 8 9 7 8 9 10 10 8 9 8 3 3 1 0 1 0 0 0 0 0 0 0 0 0 0 0 0 0 0 0 0 0 0 0 0 0 0 0 1 1 1 1 1 1 1 1 1 1 1 1 1 1 0 0 0 1 1 1 1 1 0 0 1 1 1 1 1 1 1 1 1 1 1 1 1 1 1 1 1 1 1 1 1 1 1 1 1 1 1 1 1 1 0 2 10 29 46 51 51 54 54 58 58 56 56 61 62 62 62 59 59 60 60 58 57 51 51 47 50 66 69 60 53 27 20 3 8 7 9 9 11 15 17 18 20 
14 14 11 9 8 7 5 5 4 4 4 5 5 5 4 4 5 8 9 9 8 8 8 9 10 9 5 2 2 1 0 1 0 0 0 0 0 0 0 0 0 0 0 0 0 0 0 0 0 0 0 0 0 0 0 1 1 1 1 1 1 1 1 1 1 1 1 1 1 0 0 0 1 1 1 1 1 0 0 1 1 1 1 1 1 1 1 1 1 1 1 1 1 1 1 1 1 1 1 1 1 1 1 1 2 1 1 1 1 1 3 11 29 47 53 52 64 65 62 62 60 59 59 61 59 59 58 57 55 55 52 52 47 46 45 46 53 57 50 44 27 22 7 8 7 9 9 11 14 16 19 20 
11 11 9 8 8 7 5 4 4 4 3 5 5 4 4 5 6 8 10 10 9 9 10 11 12 10 7 4 3 1 0 1 0 0 0 0 0 0 0 0 0 0 0 0 0 0 0 0 0 0 0 0 0 0 0 1 1 1 1 1 1 1 1 1 1 1 1 1 1 0 0 0 1 1 2 1 1 1 1 1 1 1 1 1 1 1 1 1 1 1 1 1 1 1 1 1 1 1 1 1 1 1 1 1 2 2 2 2 1 1 4 12 29 45 52 50 62 63 60 59 57 56 55 57 56 55 54 52 51 51 49 48 43 42 41 42 49 50 46 41 26 24 8 8 7 9 9 10 12 15 18 20 
9 9 8 8 8 5 4 4 4 4 3 4 4 4 4 5 6 8 10 10 8 9 13 18 14 14 12 10 3 1 0 1 0 0 0 0 0 0 0 0 0 0 0 0 0 0 0 0 0 0 0 0 0 0 0 1 1 1 1 1 1 1 1 1 1 1 1 1 1 0 0 0 0 1 3 3 4 3 2 1 1 1 1 1 1 1 1 1 1 1 1 1 1 1 1 1 1 1 1 1 1 1 1 2 2 2 2 2 1 1 5 14 25 38 42 37 41 41 38 37 35 33 31 35 36 33 32 30 29 28 29 30 28 23 21 25 36 35 30 23 16 12 9 8 8 9 9 10 12 15 16 19 
9 8 8 8 7 5 4 4 4 4 3 3 4 4 4 4 6 8 10 10 8 9 19 25 19 14 9 12 4 2 1 1 0 0 0 0 0 0 0 0 0 0 0 0 0 0 0 0 0 0 0 0 0 0 0 1 1 1 1 1 1 1 1 1 1 1 1 1 1 0 0 0 0 1 2 4 6 5 4 1 1 1 1 1 1 1 1 1 1 1 1 1 1 1 1 1 1 1 1 1 1 1 1 2 2 2 2 2 2 2 5 14 23 28 29 30 32 32 30 30 29 29 29 31 32 32 32 31 30 29 30 31 30 29 28 26 24 24 28 22 15 12 8 8 7 8 9 10 11 14 16 18 
7 7 8 7 5 4 4 4 4 4 4 3 4 4 5 5 6 9 11 12 11 12 19 26 24 12 5 8 3 2 1 1 0 0 0 0 0 0 0 0 0 0 0 0 0 0 0 0 0 0 0 0 0 0 0 1 1 1 1 1 1 1 1 1 1 1 1 1 1 0 0 0 0 1 2 4 6 6 5 3 2 1 1 1 1 1 1 1 1 1 1 1 1 1 1 1 1 1 1 1 1 1 1 2 1 1 2 3 3 3 7 14 23 25 26 29 28 26 28 29 30 29 26 29 29 30 30 30 29 29 30 31 30 30 30 27 24 23 23 21 12 8 5 7 8 10 10 11 12 14 15 17 
4 7 7 5 4 4 4 4 4 4 3 4 4 4 5 7 8 9 13 16 16 15 15 20 24 19 10 3 0 1 0 0 0 0 0 0 0 0 0 0 0 0 0 0 0 0 0 0 0 0 0 0 0 0 0 1 1 1 1 1 1 1 1 1 1 1 1 1 1 0 0 0 0 1 2 3 6 6 5 3 3 2 1 1 1 1 1 1 1 1 1 1 1 1 1 1 1 1 1 1 1 1 1 2 1 1 2 3 3 4 5 15 24 26 32 35 32 30 29 29 29 29 28 28 29 30 30 29 26 25 26 27 26 25 25 26 23 21 18 17 10 6 5 7 9 12 12 12 12 12 14 17 
4 5 5 4 5 5 4 4 3 3 3 3 4 4 6 8 8 9 12 15 15 14 16 19 22 17 5 0 0 0 0 0 0 0 0 0 0 0 0 0 0 0 0 0 0 0 0 0 0 0 0 0 0 0 0 1 1 1 1 1 1 1 1 1 1 1 1 1 1 0 0 0 0 0 1 2 5 8 3 2 3 1 1 1 1 1 1 1 1 1 1 1 1 1 1 1 1 1 1 1 1 1 1 1 1 1 1 1 2 2 4 19 36 37 40 40 37 33 32 31 30 29 28 28 30 30 30 30 29 29 29 29 29 26 25 26 26 24 22 22 18 12 7 7 10 12 12 12 12 12 12 16 
4 4 4 4 5 5 4 4 3 3 3 4 5 4 6 9 9 9 10 13 15 15 21 25 22 20 8 0 0 0 0 0 0 0 0 0 0 0 1 1 0 0 0 0 0 0 0 0 0 0 0 0 0 0 0 1 1 1 1 1 1 1 1 1 1 1 1 1 1 1 1 1 1 1 1 2 5 8 3 2 2 1 1 1 1 1 1 1 1 1 1 1 1 1 1 1 1 1 1 1 1 1 1 1 1 1 1 1 2 2 7 26 45 47 49 46 45 44 43 42 40 39 38 38 39 39 39 39 39 39 39 39 38 36 32 31 31 31 32 33 33 24 15 14 15 15 16 16 15 12 14 18 
3 3 3 3 3 3 3 3 3 3 3 4 5 5 7 9 10 11 12 16 17 17 25 32 24 22 11 1 0 0 0 0 0 0 0 0 0 0 1 2 1 0 0 0 0 0 0 0 0 0 0 0 0 0 0 1 1 1 1 1 1 1 1 1 1 1 1 1 1 1 1 2 2 2 3 2 6 6 3 2 2 1 1 1 1 1 1 1 1 1 1 1 1 1 1 1 1 1 1 1 1 1 1 1 1 1 2 3 4 5 18 44 58 61 63 60 61 61 60 60 58 58 57 57 57 56 55 55 54 54 53 55 53 48 42 42 42 43 44 46 45 38 35 35 26 23 18 18 18 18 19 22 
3 3 3 3 3 3 3 3 3 3 3 5 5 5 5 9 10 11 12 15 16 18 24 33 31 30 21 6 1 0 1 1 1 0 0 0 0 0 0 1 4 8 0 0 0 0 0 0 0 0 0 0 0 0 0 1 1 1 1 1 1 1 1 1 1 1 1 1 1 1 1 2 2 3 4 3 3 4 2 2 2 1 1 1 1 1 1 1 1 1 1 1 1 1 1 1 1 1 1 1 1 1 1 1 1 1 2 6 10 16 35 61 77 75 74 72 72 72 72 73 73 71 69 66 64 64 64 62 63 63 64 65 62 57 51 46 44 47 50 51 50 39 42 52 47 39 31 29 30 29 29 29 
3 3 3 3 3 3 3 3 3 3 3 4 4 5 5 8 9 10 11 13 15 17 19 28 31 32 23 9 0 0 1 0 0 0 0 0 0 0 0 1 3 4 0 0 0 0 0 0 0 0 0 0 0 0 0 1 1 1 1 1 1 1 1 1 1 1 1 1 1 0 0 1 1 2 2 2 2 2 1 1 1 1 1 1 1 1 1 1 1 1 1 1 1 1 1 1 1 1 1 1 1 1 1 1 3 2 3 10 24 27 42 63 75 77 78 79 77 75 73 72 71 70 71 70 71 71 70 69 66 66 64 64 62 59 55 52 43 44 47 48 53 56 51 50 52 50 46 45 42 42 33 32 
3 3 3 3 3 3 3 3 3 3 4 4 4 5 5 7 9 9 11 12 15 16 21 28 23 22 15 4 1 0 0 0 0 0 1 1 1 1 1 1 1 1 0 0 0 0 0 0 0 0 0 0 0 0 0 1 1 1 1 1 1 1 1 1 1 1 1 1 1 0 0 1 1 1 1 1 1 1 1 1 1 1 1 1 1 1 1 1 1 1 1 1 1 1 1 1 1 1 1 1 2 2 1 2 4 3 7 19 39 54 67 86 96 97 98 98 96 95 99 100 87 75 70 68 69 68 66 66 63 62 59 60 59 58 53 52 42 42 45 45 44 43 48 48 49 49 44 44 42 43 33 32 
3 3 3 3 3 3 3 3 3 3 3 4 4 4 5 7 7 8 10 12 16 17 18 21 22 20 16 14 2 1 0 0 0 0 0 0 0 0 0 1 0 1 1 1 1 1 0 0 0 0 0 0 0 0 0 1 1 1 1 1 1 1 1 1 1 1 1 1 0 0 0 1 1 1 1 1 1 1 1 1 1 1 1 1 1 1 1 1 1 1 1 1 1 1 1 1 1 1 1 1 1 2 3 4 4 9 35 78 129 156 162 167 150 163 177 179 179 178 184 163 137 94 56 47 46 42 43 41 40 40 42 45 46 45 44 38 36 33 32 32 31 30 30 30 30 30 30 30 31 31 31 31 
3 3 3 3 3 3 3 3 3 3 3 4 4 4 5 5 7 8 10 11 15 15 14 14 15 12 9 7 3 1 0 0 0 0 0 0 0 0 0 0 0 1 0 0 0 0 0 0 0 0 0 0 0 0 0 1 1 1 1 1 1 1 1 1 1 1 1 0 0 0 0 1 1 1 1 1 1 1 1 1 1 1 1 1 1 1 1 1 1 1 1 1 1 1 1 1 1 1 1 1 2 2 3 3 4 25 90 170 220 234 226 229 220 226 231 231 231 231 232 225 212 158 73 40 36 33 32 32 33 33 32 36 37 37 35 30 29 28 28 28 28 26 26 25 24 25 24 24 23 23 23 23 
3 3 3 3 3 3 3 3 3 3 3 4 4 4 5 5 7 8 9 11 13 13 12 12 12 10 8 4 2 1 0 0 0 0 0 0 0 0 0 0 0 0 0 0 0 0 0 0 0 0 0 0 0 0 0 1 1 1 1 1 1 1 1 1 1 1 1 0 0 0 0 1 1 1 1 1 1 2 2 1 1 1 1 1 1 1 1 1 1 1 1 1 1 1 1 1 1 1 1 1 2 3 3 6 9 49 143 224 251 252 252 254 254 254 255 255 255 255 255 255 249 204 97 43 29 26 26 26 25 26 28 31 33 33 31 26 25 24 23 23 23 22 23 22 21 21 19 19 19 18 18 18 
3 3 3 3 3 3 3 3 3 3 3 3 3 4 5 5 7 8 10 11 12 12 11 11 10 9 5 3 2 1 0 0 0 0 0 0 0 0 0 0 0 0 0 0 0 0 0 0 0 0 0 0 0 0 0 1 1 1 1 1 1 1 1 1 1 1 1 0 0 0 0 1 1 1 1 1 1 2 2 1 1 1 1 1 1 1 1 1 1 1 1 1 1 1 1 1 1 1 1 1 2 4 5 8 10 53 153 227 246 250 246 239 254 254 254 252 254 252 250 248 239 185 88 39 26 22 22 20 22 24 25 26 29 30 30 25 22 21 19 19 18 18 19 18 17 17 17 16 16 17 17 17 
3 3 3 3 3 3 3 3 3 3 3 3 3 3 4 5 5 7 8 9 10 10 10 10 10 8 4 2 1 0 0 0 0 0 0 0 0 0 0 0 0 0 0 0 0 0 0 0 0 0 0 0 0 0 0 1 1 1 1 1 1 1 1 1 1 1 1 0 0 0 0 1 1 1 1 1 1 1 1 1 1 1 1 1 1 1 1 1 1 1 1 1 1 1 1 1 1 1 1 1 2 3 4 5 5 36 104 170 210 217 214 214 245 252 242 241 247 237 234 221 196 123 60 32 27 20 19 18 18 21 23 24 26 28 25 23 22 21 18 17 17 17 17 17 16 16 15 15 16 16 16 17 
3 3 3 3 3 3 3 3 3 3 3 3 3 3 3 5 5 8 8 8 10 10 9 9 9 8 4 2 1 0 0 0 0 0 0 0 0 0 0 0 0 0 0 0 0 0 0 0 0 0 0 0 0 0 0 1 1 1 1 1 1 1 1 1 1 1 1 0 0 0 0 1 1 1 1 1 1 1 1 1 1 1 1 1 1 1 1 1 1 1 1 1 1 1 1 1 1 1 1 1 1 2 3 4 3 9 38 87 137 142 135 148 194 199 189 188 193 184 185 162 131 71 46 29 27 24 22 21 19 19 21 23 24 26 24 22 21 19 18 17 17 17 17 18 16 15 16 16 16 16 16 17 
3 3 3 3 3 3 3 3 3 3 3 3 3 3 4 5 5 7 8 7 8 8 8 9 8 6 3 2 1 0 0 0 0 0 0 0 0 0 0 0 0 0 0 0 0 0 0 0 0 0 0 0 0 0 0 1 1 1 1 1 1 1 1 1 1 1 1 0 0 0 0 1 1 1 1 1 1 1 1 1 1 1 1 1 1 1 1 1 1 1 1 1 1 1 1 1 1 1 1 1 1 2 2 3 3 4 16 39 63 74 81 80 107 115 104 102 108 100 96 86 71 40 41 27 25 24 22 21 19 19 20 23 23 23 22 21 21 19 18 17 17 18 18 18 17 15 16 16 16 16 16 17 
3 3 3 3 3 3 3 3 3 3 3 3 3 3 3 4 5 5 7 5 7 7 9 9 8 5 3 2 0 1 1 0 0 0 0 0 0 0 0 0 0 0 0 0 0 0 0 0 0 0 0 0 0 0 0 1 1 1 1 1 1 1 1 1 1 1 1 0 0 0 0 1 1 1 1 1 1 1 1 1 1 1 1 1 1 1 1 1 1 1 1 1 1 1 1 1 1 1 1 1 1 2 2 3 3 4 13 25 28 39 49 45 57 65 56 56 58 52 49 44 38 25 29 25 24 23 21 21 18 18 19 22 21 21 21 21 21 19 18 18 17 17 17 18 17 16 17 16 17 16 16 16 
3 3 3 3 3 3 3 3 3 3 3 3 3 3 3 3 4 5 5 5 6 8 8 7 5 4 1 1 1 1 1 0 0 0 0 0 0 0 0 0 0 0 0 0 0 0 0 0 0 0 0 0 0 0 0 1 1 1 1 1 1 1 1 1 1 1 1 0 0 0 0 1 1 1 1 1 1 1 1 1 1 1 1 1 1 1 1 1 1 1 1 1 1 1 1 1 1 1 1 1 1 1 2 3 2 1 5 17 23 30 32 33 32 32 33 35 32 31 31 30 30 29 24 22 22 21 21 21 19 21 21 22 23 23 23 23 22 21 19 18 17 17 17 17 17 17 17 17 17 17 16 16 
3 3 3 3 3 3 3 3 3 3 3 3 3 2 3 3 3 4 5 5 5 5 4 5 5 3 1 1 1 1 1 0 1 1 1 1 1 1 0 0 0 0 0 0 0 0 0 0 0 0 0 0 0 0 0 1 1 1 1 1 1 1 1 1 1 1 1 0 0 0 0 1 1 1 1 1 1 1 1 1 1 1 1 1 1 1 1 1 1 1 1 1 1 1 1 1 1 1 1 1 1 2 2 3 1 1 3 10 19 25 27 29 29 29 29 31 30 28 28 26 27 27 24 22 22 22 23 23 22 23 24 25 25 26 26 26 25 24 22 21 18 18 17 17 17 17 17 17 17 17 17 17 
3 3 3 3 3 3 3 3 3 3 3 3 3 2 3 3 4 4 4 4 5 5 4 5 4 3 1 1 1 2 2 1 1 1 1 1 1 1 0 0 0 0 0 0 0 0 0 0 0 0 0 0 0 0 0 1 1 1 1 1 1 1 1 1 1 1 1 0 0 0 0 1 1 1 1 1 1 1 1 1 1 1 1 1 1 1 1 1 1 1 1 1 1 1 1 1 1 1 1 1 1 2 3 3 2 3 5 10 19 24 24 24 22 23 24 26 26 26 26 26 26 26 24 23 22 22 23 24 24 24 25 26 28 28 28 28 29 27 26 24 23 22 20 19 18 18 18 18 18 18 18 18 
3 3 3 3 3 3 3 3 3 3 3 3 3 2 3 3 3 3 4 4 6 5 4 5 4 3 1 1 2 2 1 1 1 1 1 1 1 1 0 0 0 0 0 0 0 0 0 0 0 0 0 0 0 0 0 1 1 1 1 1 1 1 1 1 1 1 1 0 0 0 0 1 1 1 1 1 1 1 1 1 1 1 1 1 1 1 1 1 1 1 1 1 1 1 1 1 1 1 1 1 1 1 2 3 3 4 4 9 18 20 20 22 21 22 23 24 24 26 26 26 26 26 25 23 22 23 22 24 24 24 26 28 28 28 28 29 29 29 27 27 25 24 23 22 21 21 21 21 21 21 21 21 
3 3 3 3 3 3 3 3 3 3 3 3 1 2 2 2 3 3 3 3 5 5 4 5 4 2 1 1 2 2 2 1 1 1 1 1 1 1 0 0 0 0 0 0 0 0 0 0 0 0 0 0 0 0 0 1 1 1 1 1 1 1 1 1 1 1 1 0 0 0 0 1 1 1 1 1 1 1 1 1 1 1 1 1 1 1 1 1 1 1 1 1 1 1 1 1 1 1 1 1 1 2 2 2 3 3 2 8 16 18 18 19 19 21 23 24 25 25 25 25 25 25 25 23 23 23 23 24 24 24 26 28 26 28 28 29 28 28 26 26 25 25 25 24 24 24 24 24 24 24 24 24 
3 3 3 3 3 3 3 3 3 3 3 3 1 3 2 2 3 3 3 3 5 5 4 5 4 2 1 1 2 2 2 1 1 1 1 1 1 1 0 0 0 0 0 0 0 0 0 0 0 0 0 0 0 0 0 1 1 1 1 1 1 1 1 1 1 1 1 0 0 0 0 1 1 1 1 1 1 1 1 1 1 1 1 1 1 1 1 1 1 1 1 1 1 1 1 1 1 1 1 1 1 1 2 2 3 2 2 9 16 17 17 19 19 21 23 24 24 25 25 25 25 25 24 23 23 23 23 24 24 24 24 26 28 28 28 28 28 26 26 26 25 25 25 25 25 25 25 25 25 25 25 25 
3 3 3 3 3 3 3 3 4 4 3 3 2 2 2 3 3 3 3 3 4 4 3 4 3 1 1 1 1 1 2 1 1 1 1 1 1 1 0 0 0 0 0 0 0 0 0 0 0 0 0 0 0 0 0 1 1 1 1 1 1 1 1 1 1 1 1 0 0 0 0 1 1 1 1 1 1 1 1 1 1 1 1 1 1 1 1 1 1 1 1 1 1 1 1 1 1 1 1 1 1 1 1 1 3 3 2 8 15 17 18 19 20 22 23 24 24 24 25 24 24 24 23 23 23 23 24 24 25 25 24 25 26 26 26 26 26 25 25 25 25 25 25 25 25 25 25 25 25 25 25 25 
3 3 3 3 3 4 4 3 3 4 4 4 3 2 2 2 3 3 3 3 3 3 3 4 3 2 1 1 1 1 2 1 1 1 1 1 1 1 0 0 0 0 0 0 0 0 0 0 0 0 0 0 0 0 0 1 1 1 1 1 1 1 1 1 1 1 1 0 0 0 0 1 1 1 1 1 1 1 1 1 1 1 1 1 1 1 1 1 1 1 1 1 1 1 1 1 1 1 1 1 1 1 1 1 2 2 2 8 14 17 18 21 22 23 24 24 24 24 25 24 24 24 23 23 23 23 24 24 25 25 24 24 25 25 25 25 25 25 25 25 25 25 25 25 25 25 25 25 25 25 26 26 
2 2 2 2 3 3 3 3 3 3 4 4 3 3 3 3 3 3 3 2 3 3 3 3 2 1 1 1 1 1 1 1 1 1 1 1 1 1 1 1 1 1 1 1 1 1 1 1 1 1 1 1 1 1 1 1 1 1 1 1 1 1 1 1 1 1 1 1 1 0 1 1 1 1 1 1 1 1 1 1 1 1 1 1 1 1 1 1 1 1 1 1 1 1 1 1 1 1 1 1 2 2 1 1 1 1 3 7 14 18 19 20 21 22 23 23 23 24 24 24 25 24 24 23 23 23 22 23 23 24 24 23 23 23 23 23 24 24 25 25 25 25 25 24 24 25 25 25 25 25 25 25 
2 2 2 2 2 3 3 3 3 3 3 3 3 3 3 3 3 2 3 2 2 3 3 3 2 1 1 1 1 1 1 1 1 1 1 1 1 1 1 1 1 1 1 1 1 1 1 1 1 1 1 1 1 1 1 1 1 1 1 1 1 1 1 1 1 1 1 1 1 0 1 1 1 1 1 1 1 1 1 1 1 1 1 1 1 1 1 1 1 1 1 1 1 1 1 1 1 1 1 1 2 2 1 1 1 1 3 8 15 18 20 20 22 23 24 24 24 24 24 24 24 24 23 23 23 23 22 22 23 23 23 23 23 23 23 23 24 24 24 24 24 24 24 24 24 25 25 25 25 25 25 25 
2 2 2 2 2 3 3 3 3 3 3 3 3 3 3 3 3 2 3 1 2 3 2 2 2 1 1 1 1 1 1 1 1 1 1 1 1 1 1 1 1 1 1 1 1 1 1 1 1 1 1 1 1 1 1 1 1 1 1 1 1 1 1 1 1 1 1 1 1 0 1 1 1 1 1 1 1 1 1 1 1 1 1 1 1 1 1 1 1 1 1 1 1 1 1 1 1 1 1 1 2 2 1 1 1 1 3 10 16 21 22 23 23 24 24 24 24 24 23 23 22 22 22 22 22 22 22 22 23 23 23 23 23 23 23 23 24 24 24 24 24 24 24 24 24 25 25 25 25 25 25 25 
2 2 2 2 2 3 3 3 3 3 3 3 3 4 3 3 2 2 2 2 3 3 2 2 1 1 1 1 1 1 1 1 1 1 1 1 1 1 1 1 1 1 1 1 1 1 1 1 1 1 1 1 1 1 1 1 1 1 1 1 1 1 1 1 1 1 1 1 1 0 1 1 1 1 1 1 1 1 1 1 1 1 1 1 1 1 1 1 1 1 1 1 1 1 1 1 1 1 1 1 2 2 1 1 1 1 3 11 17 22 24 24 23 23 24 24 24 24 23 23 22 22 22 22 22 22 22 22 23 23 23 23 23 23 23 23 24 24 25 24 24 24 24 24 24 25 25 25 25 25 25 25 
2 2 2 2 2 3 3 3 3 3 4 3 3 3 3 3 3 2 2 2 2 3 3 2 1 1 1 1 1 1 1 1 1 1 1 1 1 1 1 1 1 1 1 1 1 1 1 1 1 1 1 1 1 1 1 1 1 1 1 1 1 1 1 1 1 1 1 1 1 0 1 1 1 1 1 1 1 1 1 1 1 1 1 1 1 1 1 1 1 1 1 1 1 1 1 1 1 1 1 1 2 2 1 1 1 1 2 11 18 23 25 25 25 24 24 24 24 24 24 24 23 23 22 22 22 22 22 22 23 23 23 23 23 23 23 23 24 24 25 25 24 24 24 24 24 25 25 25 25 25 25 25 
1 1 1 1 1 2 2 3 3 3 3 3 3 3 3 4 3 3 2 2 2 3 3 3 1 1 1 1 1 1 1 1 1 1 1 1 1 1 1 1 1 1 1 1 1 1 1 1 1 1 1 1 1 1 1 1 1 1 1 1 1 1 1 1 1 1 1 1 1 0 1 1 1 1 1 1 1 1 1 1 1 1 1 1 1 1 1 1 1 1 1 1 1 1 1 1 1 1 1 1 2 2 1 1 1 1 2 12 18 24 26 26 25 24 24 24 23 24 24 24 23 23 22 22 22 22 22 22 23 23 23 23 23 23 23 23 24 24 25 25 24 24 24 24 24 25 24 24 24 25 25 25 
1 1 1 1 2 2 2 3 3 3 3 3 3 3 3 3 2 2 2 2 2 2 3 3 2 1 1 1 1 1 1 1 1 1 1 1 1 1 1 1 1 1 1 1 1 1 1 1 1 1 1 1 1 1 1 1 1 1 1 1 1 1 1 1 1 1 1 1 1 1 1 1 1 1 1 1 1 1 1 1 1 1 1 1 1 1 1 1 1 1 1 1 1 1 1 1 1 1 1 1 1 1 1 1 1 1 3 14 22 27 25 26 25 24 24 24 23 23 23 23 23 22 22 22 22 22 22 22 23 23 23 23 23 24 25 26 26 26 26 26 25 25 24 24 24 28 24 24 24 24 24 24 
0 0 1 1 2 2 2 2 3 2 2 3 3 3 3 3 2 1 2 2 1 1 4 7 2 1 1 1 1 1 1 1 1 1 1 1 1 1 1 1 1 1 1 1 1 1 1 1 1 1 1 1 1 1 1 1 1 1 1 1 1 1 1 1 1 1 1 1 1 1 1 1 1 1 1 1 1 1 1 1 1 1 1 1 1 1 1 1 1 1 1 1 1 1 1 1 1 1 1 1 1 1 1 1 1 1 2 11 19 24 25 26 25 25 23 23 23 23 23 23 23 22 22 22 22 22 22 22 22 22 22 21 22 24 26 29 29 29 29 29 29 28 26 26 26 28 24 22 24 24 22 19 
0 0 0 1 1 2 2 3 2 2 2 3 3 3 3 3 2 1 1 1 1 3 4 4 2 1 1 1 1 1 1 1 1 1 1 1 1 1 1 1 1 1 1 1 1 1 1 1 1 1 1 1 1 1 1 1 1 1 1 1 1 1 1 1 1 1 1 1 1 1 1 1 1 1 1 1 1 1 1 1 1 1 1 1 1 1 1 1 1 1 1 1 1 1 1 1 1 1 1 1 1 1 1 1 1 1 1 9 15 20 25 25 24 24 23 23 23 23 23 23 23 23 24 24 24 24 24 24 22 22 21 21 22 24 26 28 29 30 31 30 30 29 29 28 26 26 23 19 21 22 19 17 
1 0 1 1 1 1 1 2 2 2 3 3 3 3 3 4 2 1 1 1 3 8 4 2 1 1 1 1 1 1 1 1 1 1 1 1 1 1 1 1 1 1 1 1 1 1 1 1 1 1 1 1 1 1 1 1 1 1 1 1 1 1 1 1 1 1 1 1 1 1 1 1 1 1 1 1 1 1 1 1 1 1 1 1 1 1 1 1 1 1 1 1 1 1 1 1 1 1 1 1 1 1 1 1 1 1 1 7 15 22 25 24 24 23 23 23 23 23 23 23 24 24 24 24 24 24 24 24 23 23 22 21 23 24 26 29 29 30 31 30 30 29 29 28 26 25 24 19 19 18 17 17 
3 2 1 1 1 1 1 1 2 2 3 3 4 4 3 3 3 2 2 7 10 10 5 2 1 1 1 1 1 1 1 1 1 1 1 1 1 1 1 1 1 1 1 1 1 1 1 1 1 1 1 1 1 1 1 1 1 1 1 1 1 1 1 1 1 1 1 1 1 1 1 1 1 1 1 1 1 1 1 1 1 1 1 1 1 1 1 1 1 1 1 1 1 1 1 1 1 1 1 1 1 1 1 1 1 1 1 4 11 18 24 23 23 23 22 23 22 23 23 23 23 23 23 23 23 23 23 23 22 21 19 19 21 23 25 26 29 30 31 30 30 29 28 28 26 25 24 19 17 16 16 17 
3 3 1 1 1 1 1 1 1 1 2 3 4 4 3 4 3 2 7 12 14 10 5 2 1 1 1 1 1 1 1 1 1 1 1 1 1 1 1 1 1 1 1 1 1 1 1 1 1 1 1 1 1 1 1 1 1 1 1 1 1 1 1 1 1 1 1 1 1 1 1 1 1 1 1 1 1 1 1 1 1 1 1 1 1 1 1 1 1 1 1 1 1 1 1 1 1 1 1 1 1 1 1 1 1 1 1 3 10 19 24 24 22 23 22 22 22 22 22 22 23 23 23 23 23 23 23 23 22 21 19 19 21 23 25 26 29 30 30 30 29 28 28 26 25 24 23 18 16 15 15 17 
2 3 1 2 1 2 2 1 2 2 2 2 2 2 3 4 3 7 14 17 12 5 3 2 1 1 1 1 1 1 1 1 1 1 1 1 1 1 1 1 1 1 1 1 1 1 1 1 1 1 1 1 1 1 1 1 1 1 1 1 1 1 1 1 1 1 1 1 1 1 1 1 1 1 1 1 1 1 1 1 1 1 1 1 1 1 1 1 1 1 1 1 1 1 1 1 1 1 1 1 1 1 1 1 1 1 1 3 9 19 24 23 21 21 22 22 21 22 22 22 22 22 22 23 22 22 22 22 22 21 19 19 21 22 24 26 26 26 28 28 26 25 25 23 22 22 19 18 17 17 17 18 
1 3 3 4 2 4 3 2 2 2 3 3 2 2 3 4 5 11 15 14 8 4 3 2 1 1 1 1 1 1 1 1 1 1 1 1 1 1 1 1 1 1 1 1 1 1 1 1 1 1 1 1 1 1 1 1 1 1 1 1 1 1 1 1 1 1 1 1 1 1 1 1 1 1 1 1 1 1 1 1 1 1 1 1 1 1 1 1 1 1 1 1 1 1 1 1 1 1 1 1 1 1 1 1 1 1 1 3 9 18 23 22 19 19 21 21 21 21 21 21 21 21 21 21 21 21 21 21 21 21 19 18 21 22 24 25 25 25 25 25 24 23 23 21 21 19 14 16 17 17 17 18 
2 3 3 5 2 8 4 2 2 2 3 3 3 4 5 7 12 12 10 5 5 4 2 2 1 1 1 1 1 1 1 1 1 1 1 1 1 1 1 1 1 1 1 1 1 1 1 1 1 1 1 1 1 1 1 1 1 1 1 1 1 1 1 1 1 1 1 1 1 1 1 1 1 1 1 1 1 1 1 1 1 1 1 1 1 1 1 1 1 1 1 1 1 1 1 1 1 1 1 1 1 1 1 1 1 1 2 3 11 18 22 20 19 19 19 21 19 21 21 21 21 21 21 21 21 21 21 21 19 19 19 18 19 21 22 23 23 23 23 23 22 22 21 19 19 18 16 16 16 17 17 17 
1 2 0 5 2 9 5 2 2 2 3 3 4 5 7 9 12 11 7 5 4 4 2 2 1 1 1 1 1 1 1 1 1 1 1 1 1 1 1 1 1 1 1 1 1 1 1 1 1 1 1 1 1 1 1 1 1 1 1 1 1 1 1 1 1 1 1 1 1 1 1 1 1 1 1 1 1 1 1 1 1 1 1 1 1 1 1 1 1 1 1 1 1 1 1 1 1 1 2 2 2 2 1 1 1 1 2 4 12 19 20 19 19 19 19 21 19 21 21 21 21 22 21 21 21 21 21 21 19 19 19 19 19 19 22 22 22 22 22 22 22 21 19 19 18 18 19 17 16 17 17 17 
0 0 1 3 4 12 8 5 2 3 3 4 4 8 8 9 12 10 8 6 5 4 2 2 1 1 1 1 1 1 1 1 1 1 1 1 1 1 1 1 1 1 1 1 1 1 1 1 1 1 1 1 1 1 1 1 1 1 1 1 1 1 1 1 1 1 1 1 1 1 1 1 1 1 1 1 1 1 1 1 1 1 1 1 1 1 1 1 1 1 1 1 1 1 1 1 1 1 2 2 2 2 1 1 1 1 3 4 14 19 20 19 19 19 20 20 20 20 20 20 21 22 19 19 21 21 21 19 19 19 19 18 19 19 19 21 19 21 19 19 19 19 19 19 18 18 18 17 16 16 16 16 
0 1 3 3 3 12 9 8 4 4 5 5 8 11 10 9 10 9 8 6 6 4 2 2 1 1 1 1 1 1 1 1 1 1 1 1 1 1 1 1 1 1 1 1 1 1 1 1 1 1 1 1 1 1 1 1 1 1 1 1 1 1 1 1 1 1 1 1 1 1 1 1 1 1 1 1 1 1 1 1 1 1 1 1 1 1 1 1 1 1 1 1 1 1 1 1 1 1 2 2 2 2 1 1 1 1 3 4 15 19 20 18 19 19 20 20 20 20 20 20 19 21 18 19 19 19 19 19 19 19 18 18 19 18 18 19 18 19 18 19 18 18 18 18 18 17 18 16 16 16 16 16 
39 42 31 17 11 9 9 0 0 4 1 3 11 17 12 8 8 8 7 7 8 4 2 2 1 1 1 1 1 1 1 1 1 1 1 1 1 1 1 1 1 1 1 1 1 1 1 1 1 1 1 1 1 1 1 1 1 1 1 1 1 1 1 1 1 1 1 1 1 1 1 1 1 1 1 1 1 1 1 1 1 1 1 1 1 1 1 1 1 1 1 1 1 1 1 1 1 1 2 2 2 2 1 1 1 1 3 4 17 22 20 18 19 19 20 20 20 20 19 19 19 19 17 19 18 18 19 20 20 20 19 18 20 18 16 17 18 19 17 18 17 17 17 17 17 17 17 16 16 16 16 16 
123 118 97 74 56 40 32 17 18 20 5 5 14 17 9 7 6 8 7 7 6 3 2 1 1 1 1 1 1 1 1 1 1 1 1 1 1 1 1 1 1 1 1 1 1 1 1 1 1 1 1 1 1 1 1 1 1 1 1 1 1 1 1 1 1 1 1 1 1 1 1 1 1 1 1 1 1 1 1 1 1 1 1 1 1 1 1 1 1 1 1 1 1 1 1 1 1 1 2 2 2 2 1 1 1 1 3 5 19 24 20 19 19 19 19 19 19 19 19 18 18 21 17 18 18 18 19 19 19 19 19 18 18 17 16 16 18 18 17 17 17 17 17 17 16 16 16 16 15 15 16 16 
139 137 127 115 103 86 80 81 83 86 67 42 22 10 9 8 9 9 9 9 6 4 3 2 1 1 1 1 1 1 1 1 1 1 1 1 1 1 1 1 1 1 1 1 1 1 1 1 1 1 1 1 1 1 1 1 1 1 1 1 1 1 1 1 1 1 1 1 1 1 1 1 1 1 1 1 1 1 1 1 1 1 1 1 1 1 1 1 1 1 1 1 1 1 1 1 1 1 2 2 2 2 1 1 1 1 3 9 20 24 22 19 19 18 17 17 17 17 17 18 17 18 17 18 17 16 17 17 17 17 17 18 17 17 17 17 16 16 17 17 16 16 16 17 17 17 16 16 16 15 15 15 
72 81 73 67 71 72 78 89 97 132 125 72 24 7 8 8 9 8 8 8 5 3 2 2 1 1 1 1 1 1 1 1 1 1 1 1 1 1 1 1 1 1 1 1 1 1 1 1 1 1 1 1 1 1 1 1 1 1 1 1 1 1 1 1 1 1 1 1 1 1 1 1 1 1 1 1 1 1 1 1 1 1 1 1 1 1 1 1 1 1 1 1 1 1 1 1 1 1 2 2 2 2 1 1 1 1 3 10 22 25 22 19 19 18 17 17 17 17 17 18 17 18 17 18 17 16 17 18 17 17 17 17 17 17 17 17 16 16 17 17 17 17 17 17 17 17 17 16 16 16 15 15 
26 37 35 21 15 18 31 37 46 85 87 47 14 8 8 7 8 6 5 5 5 3 2 2 1 1 1 1 1 1 1 1 1 1 1 1 1 1 1 1 1 1 1 1 1 1 1 1 1 1 1 1 1 1 1 1 1 1 1 1 1 1 1 1 1 1 1 1 1 1 1 1 1 1 1 1 1 1 1 1 1 1 1 1 1 1 1 1 1 1 1 1 1 1 1 1 1 1 2 2 2 2 1 1 1 1 4 14 24 25 23 20 19 19 18 18 17 16 16 18 18 19 17 19 17 16 18 18 17 16 17 17 17 16 15 16 16 16 17 17 16 16 16 16 16 16 16 15 15 15 14 14 
39 26 32 39 29 18 19 23 25 34 26 12 7 8 8 8 8 8 5 5 5 3 2 2 1 1 1 1 1 1 1 1 1 1 1 1 1 1 1 1 1 1 1 1 1 1 1 1 1 1 1 1 1 1 1 1 1 1 1 1 1 1 1 1 1 1 1 1 1 1 1 1 1 1 1 1 1 1 1 1 1 1 1 1 1 1 1 1 1 1 1 1 1 1 1 1 1 1 2 2 2 2 1 1 1 2 4 16 23 22 22 20 19 19 18 16 19 20 20 18 19 19 18 21 17 16 18 19 18 18 17 17 17 17 16 16 16 16 17 17 16 16 16 16 16 15 15 15 14 14 14 14 
18 9 17 36 42 51 63 59 33 21 11 4 5 7 8 8 8 6 6 5 3 2 1 1 1 1 1 1 1 1 1 1 1 1 1 1 1 1 2 2 1 1 1 1 1 1 1 1 1 1 1 1 1 1 1 1 1 1 1 1 1 1 1 1 1 1 1 1 1 1 1 1 1 1 1 1 1 1 1 1 1 1 1 1 1 1 1 1 1 1 1 1 1 1 1 1 1 1 2 2 2 2 1 1 1 1 4 10 22 29 25 11 18 17 19 15 11 14 21 21 24 20 11 15 17 16 18 19 20 19 18 17 17 17 17 17 16 16 17 17 18 18 18 18 17 17 16 15 14 14 14 14 
0 1 7 19 38 58 65 50 30 15 9 4 4 5 6 8 8 6 6 5 3 3 1 1 1 1 1 1 1 1 1 1 1 1 1 1 1 1 2 2 1 1 1 1 1 1 1 1 1 1 1 1 1 1 1 1 1 1 1 1 1 1 1 1 1 1 1 1 1 1 1 1 1 1 1 1 1 1 1 1 1 1 1 1 1 1 1 1 1 1 1 1 1 1 1 1 1 1 2 2 2 2 1 1 1 1 4 30 64 89 65 44 33 28 30 34 24 12 16 22 30 36 30 24 19 17 18 20 20 19 18 17 17 17 19 19 18 18 18 19 20 20 20 20 19 19 18 17 16 16 16 16 
1 2 5 26 53 61 45 22 12 9 7 4 5 5 5 5 8 6 6 5 3 3 1 1 1 1 1 1 1 1 1 1 1 1 1 1 1 1 2 2 1 1 1 1 1 1 1 1 1 1 1 1 1 1 1 1 1 1 1 1 1 1 1 1 1 1 1 1 1 1 1 1 1 1 1 1 1 1 1 1 1 1 1 1 1 1 1 1 1 1 1 1 1 1 1 1 1 1 2 2 2 2 1 1 1 0 3 49 134 188 153 126 75 74 85 105 107 93 83 71 80 109 110 67 29 20 20 20 20 19 18 17 17 17 20 20 20 22 21 21 22 22 23 23 22 22 22 20 19 19 18 18 
6 3 19 55 77 61 26 3 2 4 4 4 5 5 5 7 8 6 6 5 3 2 1 1 1 1 1 1 1 1 1 1 1 1 1 1 1 1 2 2 1 1 1 1 1 1 1 1 1 1 1 1 1 1 1 1 1 1 1 1 1 1 1 1 1 2 1 1 1 1 1 1 1 1 1 1 1 1 1 1 1 1 1 1 1 1 1 1 1 1 1 1 1 1 1 1 1 1 2 2 2 2 1 1 1 1 2 44 145 207 183 156 102 109 150 188 196 170 161 154 165 202 189 109 40 20 19 19 20 19 19 18 19 18 19 20 20 22 22 23 23 23 24 24 24 24 24 23 22 20 19 19 
11 6 39 75 76 45 10 3 3 4 5 5 5 5 6 8 9 8 8 6 3 2 1 1 1 1 1 1 1 1 1 1 1 1 1 1 1 1 2 2 2 2 1 1 1 1 1 1 1 1 1 1 1 1 1 1 1 1 1 1 1 2 1 1 1 1 1 1 1 1 1 1 1 1 1 1 1 1 1 1 1 1 1 1 1 1 1 1 1 1 1 1 1 1 1 1 1 1 2 2 2 2 1 1 3 5 8 32 82 114 105 90 78 77 115 161 174 156 151 153 172 210 187 111 43 21 19 19 19 19 19 21 21 18 20 20 21 24 25 25 24 23 23 24 24 23 23 22 22 21 22 22 
10 33 67 77 48 15 5 9 9 4 5 5 5 5 6 8 8 8 8 6 3 2 1 1 1 1 1 1 1 1 1 1 1 1 1 1 1 1 2 2 2 2 1 1 1 1 1 1 1 1 1 1 1 1 1 1 1 1 1 1 1 2 1 1 1 1 0 0 0 1 1 1 1 1 1 1 1 1 1 1 1 1 1 1 1 1 1 1 1 1 1 1 1 1 1 1 1 1 2 2 2 2 1 1 3 7 11 22 30 36 32 29 29 32 38 62 69 66 66 74 91 121 114 79 38 25 32 31 25 20 18 24 21 19 20 22 22 23 23 25 23 23 23 23 24 24 24 23 22 21 22 22 
14 57 77 56 22 5 5 8 7 4 5 5 6 6 6 8 9 8 8 6 3 2 1 1 1 1 1 1 1 1 1 1 1 1 1 1 1 1 2 2 2 2 1 1 1 1 1 1 1 1 1 1 1 1 1 1 1 1 1 1 1 2 1 2 3 8 3 3 3 1 1 1 1 1 1 1 1 1 1 1 1 1 1 1 1 1 1 1 1 1 1 1 1 1 1 1 1 1 2 2 2 2 1 2 2 3 10 29 30 23 9 11 10 12 16 18 16 25 30 23 26 38 51 52 45 47 61 63 44 30 20 25 21 19 19 21 21 22 22 23 23 23 22 22 23 23 23 22 22 20 19 21 
18 40 39 17 10 11 7 4 4 5 6 6 6 6 8 9 10 9 9 8 3 2 1 1 1 1 1 1 1 1 1 1 1 1 1 1 1 1 2 2 2 2 1 1 1 1 1 1 1 1 1 1 1 1 1 1 1 1 1 1 1 1 1 4 5 5 12 12 11 2 2 2 2 1 1 1 1 1 1 1 1 1 1 1 1 1 1 1 1 1 1 1 1 1 1 1 1 1 2 2 2 2 1 3 1 0 8 45 53 35 3 9 9 10 12 12 11 18 31 24 21 16 27 43 65 85 101 94 61 34 20 22 18 18 17 18 19 21 21 21 23 23 22 22 23 23 23 22 22 20 19 21 
17 22 11 4 6 9 8 8 5 5 6 6 8 8 7 7 9 9 7 5 3 3 1 1 1 1 1 1 1 1 1 1 1 1 1 1 1 1 1 1 1 1 1 1 1 1 1 1 1 1 1 1 1 1 1 1 1 1 1 1 2 2 2 4 8 20 20 17 11 3 1 1 0 0 0 1 1 1 1 1 1 1 1 1 1 1 1 1 1 1 1 1 1 1 1 1 1 1 1 1 1 1 1 2 1 1 5 18 33 28 12 10 8 9 8 9 10 11 14 17 22 23 26 47 85 111 111 80 47 28 20 23 20 18 17 18 18 19 19 19 21 21 21 21 22 22 22 21 19 19 20 20 
13 16 10 9 6 6 6 6 6 6 6 6 8 8 7 8 9 9 8 7 4 4 1 1 1 1 1 1 1 1 1 1 1 1 1 1 1 1 1 1 1 1 1 1 1 1 1 1 1 1 1 1 1 1 1 1 1 1 1 1 2 2 3 6 15 30 29 24 18 5 1 1 0 0 0 1 1 1 1 1 1 1 1 1 1 1 1 1 1 1 1 1 1 1 1 1 1 1 1 1 1 1 1 2 1 1 3 16 36 35 17 15 7 10 10 9 10 11 16 17 19 22 25 39 73 100 92 57 33 25 23 23 23 22 20 20 19 19 19 18 19 19 19 19 21 21 19 19 19 18 19 20 
7 8 7 4 4 5 5 7 8 8 8 8 8 8 7 8 8 8 8 7 5 5 1 1 1 1 1 1 1 1 1 1 1 1 1 1 1 1 1 1 1 1 1 1 1 1 1 1 1 1 1 1 1 1 1 1 1 1 2 1 2 2 4 9 18 30 25 25 22 10 3 1 0 0 0 1 1 1 1 1 1 1 1 1 1 1 1 1 1 1 1 1 1 1 1 1 1 1 1 1 1 1 1 1 1 1 1 12 33 38 24 21 14 12 12 10 11 11 15 17 19 21 22 28 53 76 63 36 25 23 23 23 22 22 21 19 19 19 18 17 18 18 17 17 18 18 18 18 19 19 19 19 
