1 1 1 1 1 1 1 1 1 1 1 1 2 3 6 20 31 26 26 25 24 24 26 32 42 46 41 34 32 35 44 53 53 42 31 29 25 23 22 22 24 23 23 23 21 19 19 19 21 22 24 39 73 94 82 88 87 84 79 69 59 51 47 45 42 39 39 38 38 37 37 37 36 36 35 35 34 34 33 33 32 32 31 32 32 31 31 30 29 29 30 30 30 30 30 29 28 28 26 28 28 29 29 28 26 22 17 16 18 18 17 16 16 16 16 17 19 25 32 35 30 23 18 16 15 14 15 15 15 17 18 21 
1 1 1 1 1 1 1 1 1 1 1 1 2 3 5 20 31 26 26 24 24 24 26 32 44 47 40 33 35 37 42 51 51 40 30 26 24 22 22 23 23 22 22 22 21 21 19 19 19 21 25 45 84 113 108 102 101 104 102 97 86 70 57 51 44 41 40 39 38 38 38 38 36 36 35 35 34 34 33 33 32 31 31 31 32 31 31 30 29 29 30 30 30 30 30 29 28 26 26 25 26 26 29 27 26 22 18 17 17 17 17 17 16 16 16 17 19 25 32 35 30 23 18 16 15 14 15 15 15 16 18 21 
1 1 1 1 1 1 1 1 1 1 1 1 2 2 6 22 31 26 25 24 24 24 26 32 43 46 40 32 35 37 42 51 48 37 30 26 24 22 22 23 23 22 23 23 21 19 19 19 21 21 25 56 108 145 143 135 134 144 144 132 123 109 91 72 52 43 41 40 38 37 37 37 36 36 35 35 34 34 33 32 30 30 31 31 32 32 31 31 30 30 30 30 30 30 30 28 26 25 25 25 26 26 29 27 26 23 19 18 17 17 16 17 16 16 16 17 19 25 32 35 30 23 18 16 15 14 15 15 15 16 18 22 
1 1 1 1 1 1 1 1 1 1 1 1 1 2 8 24 32 25 24 24 24 24 26 32 42 45 40 34 36 40 47 51 40 32 24 24 23 22 21 23 24 23 23 23 22 22 21 21 21 22 27 66 142 188 181 177 173 182 180 167 165 156 142 113 80 59 46 43 39 38 38 38 36 36 35 33 34 34 33 32 29 30 30 31 32 31 31 30 29 29 29 29 29 29 29 28 26 25 24 25 26 28 29 29 29 25 21 17 18 18 16 16 16 16 16 17 19 25 32 35 30 22 18 16 15 14 15 15 16 17 18 22 
1 1 1 1 1 1 1 1 1 1 1 1 1 4 11 27 32 23 24 24 24 24 26 32 42 44 40 38 37 39 53 56 43 31 24 21 21 22 21 23 25 24 24 25 24 23 22 22 22 22 32 86 172 221 212 208 209 215 214 210 208 202 193 165 123 87 60 47 42 39 39 38 36 36 35 35 34 33 32 32 31 30 30 30 30 30 29 29 28 28 26 26 26 28 28 26 25 25 26 26 26 28 29 32 32 29 22 17 18 18 16 16 16 16 16 17 19 25 32 33 27 22 17 16 15 15 15 15 16 17 18 23 
1 1 1 1 1 1 1 1 1 1 1 1 1 5 13 29 30 24 24 23 24 25 28 33 43 46 44 38 37 37 78 75 45 24 22 19 21 23 25 26 28 26 26 29 27 25 24 23 23 22 37 113 201 242 231 233 233 234 231 229 230 233 228 213 178 129 82 59 46 40 37 36 35 35 35 35 33 32 32 31 30 30 30 29 30 30 29 29 28 28 26 26 26 26 26 25 25 25 26 26 26 28 29 34 35 30 23 18 16 17 16 16 17 17 17 18 21 26 31 31 27 20 17 17 16 16 14 15 15 16 18 24 
1 1 1 1 1 1 1 1 1 1 1 1 1 5 17 30 29 25 24 23 24 25 29 33 43 49 47 38 39 59 111 100 51 19 21 18 21 25 27 29 29 29 29 31 29 26 25 25 25 23 39 110 203 251 240 240 238 236 234 233 236 235 233 229 214 175 123 85 59 43 39 37 35 35 35 33 33 32 31 30 28 29 28 28 30 30 29 29 28 28 26 26 26 26 26 25 25 25 26 26 26 28 30 34 35 29 22 18 16 16 15 16 16 16 16 18 21 25 29 31 27 20 18 17 15 15 14 14 15 16 19 24 
1 1 1 1 1 1 1 1 1 1 1 1 1 4 16 29 28 24 24 23 26 27 29 35 44 49 47 46 54 90 157 138 83 33 12 16 32 31 29 29 30 31 30 33 32 30 27 26 24 23 39 107 192 228 238 241 239 237 238 237 236 235 235 233 228 212 175 131 87 56 44 37 36 33 33 33 31 31 29 29 28 28 28 28 26 26 28 28 25 26 26 25 25 25 25 25 25 24 26 25 26 28 31 36 36 26 19 17 17 18 15 15 15 15 16 18 21 25 31 32 26 23 19 17 16 15 14 15 14 15 18 25 
1 1 1 1 1 1 1 1 1 1 1 1 1 4 18 30 26 24 24 23 26 27 29 35 44 50 51 63 89 142 189 178 138 91 73 58 47 38 31 30 32 33 33 35 32 31 27 25 22 18 36 108 198 238 237 241 239 237 238 238 238 238 237 237 237 233 215 187 142 94 65 45 37 35 35 35 32 31 29 29 28 28 28 26 26 25 26 25 24 24 24 24 24 24 24 24 24 24 24 24 26 31 34 38 35 25 18 17 18 18 15 15 15 15 16 18 21 26 29 29 26 25 18 17 16 15 14 15 15 15 18 25 
1 1 1 1 1 1 1 1 1 1 1 1 1 7 18 29 25 24 24 24 26 26 30 35 45 51 65 100 144 191 221 220 203 185 175 153 117 75 37 33 36 37 37 38 34 31 29 25 20 16 32 109 203 241 236 239 239 239 238 239 239 239 240 240 242 240 228 221 198 151 107 67 46 38 32 33 33 32 31 30 29 28 28 26 26 25 24 24 24 24 23 23 23 23 23 23 23 23 24 24 28 33 43 43 35 25 18 17 17 16 15 15 15 16 16 18 21 24 24 29 32 30 20 15 14 15 15 16 16 15 18 25 
1 1 1 1 1 1 1 1 1 1 1 1 2 9 19 28 25 24 24 24 25 28 30 36 53 79 111 154 198 223 229 237 243 236 217 214 184 101 48 39 38 38 37 37 33 31 27 24 19 17 27 103 199 241 234 236 237 237 238 238 238 239 240 240 238 235 234 231 223 194 160 113 74 52 37 31 32 33 31 29 26 28 28 26 25 24 24 24 23 24 23 23 23 23 23 23 24 25 25 29 35 45 52 47 35 24 16 15 16 16 15 15 16 16 16 18 21 26 33 45 50 41 26 17 15 17 17 17 16 15 21 26 
1 1 1 1 1 1 1 1 1 1 2 0 1 16 22 24 23 22 23 23 25 28 31 39 73 128 172 206 230 238 241 244 246 246 238 242 215 120 51 40 38 38 36 35 33 33 31 23 9 9 45 117 194 229 232 231 229 228 230 233 234 235 234 234 235 236 236 234 227 210 188 151 109 74 52 44 37 33 30 28 25 27 25 24 23 23 24 23 23 23 23 23 23 23 23 23 23 24 26 30 40 51 58 51 37 23 15 16 18 17 15 15 16 16 17 19 22 33 50 60 64 52 30 20 17 17 17 17 15 15 23 31 
1 1 1 1 1 1 1 1 1 1 2 1 4 19 22 22 23 22 23 24 26 26 33 45 101 171 215 233 241 242 244 246 244 240 240 235 201 130 58 45 40 40 39 35 36 37 38 36 22 32 88 152 213 235 230 228 222 220 220 222 223 223 221 222 223 223 222 219 213 207 193 174 144 108 82 60 42 32 30 30 31 27 24 24 23 23 23 23 23 24 23 23 22 22 22 23 24 24 24 25 37 50 57 51 37 23 16 17 17 17 15 16 16 16 18 21 21 35 50 59 64 50 27 19 17 16 16 17 16 17 25 35 
1 1 1 1 1 1 1 1 1 1 2 1 6 19 22 23 24 24 25 26 26 29 29 47 113 194 236 242 244 244 230 241 245 241 241 233 195 125 56 46 43 43 40 38 37 37 61 81 95 124 158 193 230 233 230 228 224 221 219 220 220 218 216 214 210 209 207 203 200 199 194 186 174 151 120 87 66 56 30 26 29 27 28 25 23 23 22 22 22 22 22 22 21 21 19 21 22 23 22 19 31 47 52 48 36 24 18 17 17 17 16 16 16 16 18 23 29 38 45 51 45 33 24 19 18 17 15 18 18 19 28 36 
1 1 1 1 1 1 1 1 1 1 2 2 10 19 23 23 25 25 27 29 28 30 28 44 122 210 242 245 247 247 237 242 247 245 241 241 202 117 56 49 46 44 43 42 43 42 107 161 192 205 206 220 230 229 228 228 226 224 222 221 221 221 220 216 213 212 209 207 205 202 201 199 195 187 171 153 136 118 82 58 39 31 29 26 23 22 22 21 19 19 21 21 21 19 19 19 21 22 21 21 28 40 48 46 35 25 19 18 17 16 16 17 16 17 18 25 43 51 54 47 28 23 22 19 18 17 16 18 19 22 30 36 
1 1 1 1 1 1 1 1 1 1 2 2 10 19 23 24 26 26 27 29 28 32 21 39 128 210 246 249 250 251 251 252 245 251 241 249 181 111 53 49 46 43 44 43 47 56 166 217 235 230 231 230 231 228 229 229 229 227 224 223 223 223 224 224 226 227 225 224 224 225 224 224 224 223 221 215 207 192 159 138 108 73 44 30 25 23 22 22 21 19 19 21 20 19 17 18 19 22 23 29 32 39 46 45 33 25 21 18 17 17 17 17 17 17 19 28 40 54 58 47 35 28 23 21 19 18 18 19 21 24 31 36 
1 1 1 1 1 1 1 1 1 1 2 2 11 19 23 25 28 28 29 29 28 32 22 51 138 222 248 249 247 248 245 236 226 234 236 238 169 102 51 47 45 42 44 41 47 57 187 234 241 235 238 241 237 235 236 236 237 237 236 236 237 238 238 238 239 240 239 237 238 238 239 239 240 240 240 235 231 227 214 200 177 143 101 64 38 26 24 23 22 21 21 19 18 16 14 14 17 24 32 39 45 51 52 46 35 26 23 22 22 21 22 22 18 21 21 31 47 63 59 52 44 35 30 26 25 24 23 24 24 29 32 36 
1 1 1 1 1 1 1 1 1 1 1 3 12 20 24 26 29 29 29 29 29 35 32 66 153 230 250 249 249 251 247 236 234 238 241 243 170 86 42 46 45 39 43 39 45 57 178 238 247 244 248 246 245 243 244 244 245 246 246 246 245 244 244 243 242 242 240 240 241 241 242 243 245 245 245 244 242 242 240 234 222 198 162 113 63 31 28 25 24 24 21 19 17 12 9 9 14 28 46 58 63 64 58 46 35 28 25 26 26 26 26 26 25 24 29 40 52 63 59 53 48 41 38 34 31 29 29 29 30 33 35 36 
1 1 1 1 1 1 1 1 1 1 2 4 13 20 24 26 30 30 28 29 30 36 36 65 148 224 250 250 250 251 250 247 243 245 245 249 157 72 40 46 45 37 42 37 45 57 166 243 252 247 251 250 248 248 248 247 247 246 247 247 246 246 246 245 244 241 238 240 242 242 243 243 244 244 244 244 243 244 242 236 227 213 191 141 82 40 28 23 22 22 18 17 16 13 10 12 26 44 70 81 77 71 51 38 32 29 28 29 29 30 31 31 31 30 33 46 54 59 57 51 47 44 43 39 36 33 32 33 33 33 35 36 
1 1 1 1 1 1 1 1 1 1 4 9 16 21 24 28 31 31 28 29 32 40 42 65 150 233 252 249 249 250 250 245 243 246 247 233 131 58 36 42 43 35 38 32 43 53 153 239 252 248 251 251 251 250 249 249 248 247 248 248 248 248 248 247 245 241 236 235 235 235 234 233 233 233 231 230 229 230 230 220 207 191 165 123 77 44 29 22 22 23 22 21 24 26 26 32 53 72 87 92 85 74 42 36 31 29 30 31 31 31 31 31 30 30 33 45 54 54 52 49 45 43 41 38 33 31 30 31 31 32 35 35 
1 1 1 1 2 2 1 2 1 2 8 15 18 21 25 30 33 33 31 31 38 47 53 87 178 249 252 250 250 251 251 250 250 250 252 198 101 49 33 40 40 32 34 30 42 52 144 227 251 248 249 249 248 248 248 247 246 246 247 247 247 248 245 242 234 226 220 212 205 200 194 191 189 187 186 185 183 181 182 179 156 129 108 77 47 36 30 25 24 29 33 40 48 52 54 59 78 86 86 82 77 65 44 38 31 30 30 30 31 29 26 26 25 26 29 38 45 45 44 44 42 40 38 34 30 28 25 26 26 28 30 30 
1 1 1 1 1 1 1 1 1 3 10 22 22 21 28 31 35 35 37 39 46 50 87 142 213 254 252 250 250 250 250 251 251 252 248 165 80 44 34 40 37 31 30 28 38 46 144 227 252 250 251 251 250 250 250 249 247 244 245 244 240 233 216 202 191 179 167 155 145 138 129 123 120 116 115 116 113 104 111 108 85 65 56 45 37 33 33 37 40 49 63 78 84 86 85 82 84 82 74 65 57 49 45 40 33 31 31 30 31 31 32 32 29 25 24 28 35 43 40 38 37 34 32 30 25 23 23 23 23 25 25 28 
1 1 1 1 1 1 1 1 1 3 12 28 26 16 30 32 37 37 39 42 52 75 151 209 244 255 252 251 251 250 249 251 251 253 216 132 70 38 36 38 33 30 26 28 36 44 136 219 251 252 251 251 247 247 250 248 241 234 217 208 194 180 146 130 121 110 100 90 81 80 78 72 68 65 63 63 60 60 57 52 44 40 42 43 43 39 43 51 57 68 89 108 114 107 90 78 74 66 59 49 38 37 36 33 29 26 26 25 26 26 43 47 35 24 22 23 31 42 38 35 32 30 29 26 23 21 19 21 21 24 25 30 
1 1 1 2 1 1 1 1 1 5 12 31 45 39 32 35 37 37 40 41 57 88 165 223 244 251 252 252 251 250 251 252 252 249 203 114 51 36 39 38 32 31 26 28 36 39 137 194 235 252 251 249 242 231 214 188 164 153 130 111 99 94 81 71 68 67 64 63 61 60 60 57 54 51 50 49 47 46 45 44 43 45 47 47 47 47 47 49 51 60 77 93 96 84 68 63 65 63 55 45 36 32 29 26 26 25 22 24 26 25 37 37 30 25 22 25 32 36 36 32 29 25 24 22 22 19 19 21 24 26 29 33 
1 1 2 2 1 2 1 0 0 10 15 36 49 49 35 37 38 37 40 47 55 80 144 188 205 221 229 228 228 228 230 237 239 236 167 78 46 42 45 45 36 35 31 32 38 43 72 142 220 248 246 246 236 227 182 156 152 137 115 93 77 73 73 77 79 81 80 77 74 73 67 66 64 63 61 63 65 66 70 72 77 78 66 60 60 60 66 53 43 43 47 56 56 49 44 49 54 57 54 46 39 33 31 30 28 26 24 24 25 26 27 27 24 23 22 24 32 33 35 32 30 26 25 23 23 22 22 23 26 30 33 37 
1 1 1 2 1 2 1 0 1 16 20 40 44 38 38 40 39 38 40 52 52 71 114 140 152 172 191 191 191 196 202 212 235 212 143 78 59 58 56 51 46 44 45 47 52 57 50 110 203 242 242 242 234 222 199 190 191 174 148 118 106 95 102 118 129 128 125 122 120 118 103 101 102 107 110 116 121 127 141 146 152 157 135 124 124 120 117 85 52 37 31 30 30 29 31 36 39 45 46 42 36 32 30 29 29 26 23 21 22 23 23 24 23 22 23 24 32 36 37 34 33 30 25 22 23 23 24 25 28 32 36 47 
1 1 1 2 1 1 1 1 9 15 40 68 67 65 53 44 39 40 39 50 44 86 129 157 171 180 194 195 198 210 196 209 234 198 136 86 68 66 63 58 52 50 52 56 60 65 36 87 185 241 243 246 238 234 231 230 228 214 196 174 167 149 159 175 184 186 184 180 179 179 163 162 170 179 182 188 194 199 212 216 222 223 207 200 200 191 178 135 89 61 47 43 42 40 39 38 40 43 42 45 46 47 47 45 44 44 44 40 38 36 37 37 37 37 35 36 39 43 41 39 37 34 29 23 25 27 30 31 33 36 43 70 
1 1 1 2 3 4 3 4 9 15 54 118 137 92 54 36 38 40 38 46 43 102 174 224 235 229 231 233 234 238 226 230 250 194 121 79 61 58 54 52 50 50 54 59 67 71 39 80 172 245 251 252 248 244 243 241 240 237 235 228 226 205 212 216 221 226 227 223 219 219 214 214 223 229 231 233 235 238 237 237 236 237 236 234 231 226 219 189 160 138 125 118 116 115 114 113 113 108 102 109 123 124 122 118 117 121 121 120 115 109 104 101 102 102 102 102 100 97 96 95 95 89 82 80 78 77 78 78 78 79 85 113 
1 1 1 2 2 3 2 2 6 26 118 201 208 151 75 34 37 39 37 42 44 93 182 245 252 248 250 250 251 251 252 252 236 171 102 62 40 34 45 43 43 44 51 56 65 70 50 84 173 249 252 253 252 248 245 249 250 249 249 249 247 241 248 249 251 251 250 247 243 242 236 238 240 241 244 243 244 247 244 244 244 247 245 241 241 242 240 235 229 222 215 210 210 213 215 215 213 207 202 208 219 221 215 212 212 213 214 213 209 206 203 203 203 201 201 201 196 193 192 192 192 187 185 184 179 174 174 172 168 167 169 182 
1 1 1 1 2 2 3 5 13 52 167 240 242 170 86 32 38 39 37 40 45 85 172 238 252 252 250 250 250 251 253 249 215 141 65 30 34 32 32 32 32 35 42 47 57 61 68 80 157 248 251 253 250 244 249 251 251 250 249 248 250 251 250 250 250 250 250 248 249 250 249 248 247 247 247 247 247 248 247 247 245 247 245 244 244 245 245 249 250 248 248 248 248 248 249 250 250 247 245 247 251 253 252 252 252 251 251 251 250 249 249 248 248 248 248 248 247 247 248 246 244 245 246 244 242 241 242 242 243 243 240 236 
1 1 1 1 2 2 5 10 18 68 185 251 241 181 82 32 39 39 37 39 47 73 139 213 250 252 251 251 251 251 240 221 172 93 29 11 34 43 33 32 30 32 37 42 51 58 80 72 142 252 251 252 249 243 249 249 249 250 248 248 250 250 250 250 250 250 250 250 250 251 251 250 250 250 250 250 249 249 249 248 248 247 247 247 248 248 249 250 250 248 248 248 247 245 246 249 249 249 249 248 250 251 251 251 251 251 251 251 250 249 249 248 248 249 250 250 250 250 250 250 248 248 250 250 250 251 252 253 254 254 253 249 
1 1 1 0 1 1 5 11 21 74 172 250 237 174 82 32 39 39 37 40 47 74 118 199 247 252 252 252 251 251 251 239 165 87 44 36 33 31 35 32 34 33 37 39 43 43 51 65 132 218 249 250 249 248 248 248 244 245 248 245 245 244 250 250 249 249 250 250 251 251 251 251 250 251 250 250 250 250 249 249 248 248 247 248 249 249 250 249 249 249 249 249 248 248 245 248 249 250 250 248 248 249 250 250 251 251 249 249 249 249 249 249 249 249 249 249 249 249 250 249 249 249 249 249 249 249 249 249 249 249 249 250 
1 0 0 0 1 1 4 10 25 96 191 243 235 189 71 33 39 37 37 40 46 57 78 160 234 249 250 251 251 251 251 245 193 107 42 44 33 30 33 33 33 33 36 38 40 39 45 56 116 206 247 250 250 250 249 250 252 252 250 249 249 250 250 250 250 250 250 250 251 251 250 250 250 250 250 250 250 250 249 249 248 248 248 248 249 249 249 249 249 249 249 249 249 248 247 248 249 249 249 248 249 249 250 250 251 251 249 249 249 249 249 249 249 249 249 249 249 249 249 249 249 249 249 249 249 249 250 250 250 250 251 252 
1 0 0 0 0 1 9 10 32 114 215 253 238 188 62 36 39 36 38 40 46 54 64 148 229 249 249 251 250 250 250 244 229 151 66 44 36 32 33 35 33 32 33 34 36 38 40 49 106 195 243 251 250 250 249 249 250 250 250 250 250 250 251 250 250 250 250 250 250 250 250 250 250 250 250 250 250 250 251 251 250 250 250 250 250 250 250 250 250 250 250 250 250 250 249 249 249 249 249 249 249 249 249 249 249 249 249 249 249 249 249 249 249 249 249 249 249 249 249 249 249 249 249 249 249 249 250 250 250 250 251 251 
1 0 0 0 2 4 9 10 46 131 220 246 206 131 53 34 37 35 37 40 46 53 61 145 229 251 250 252 251 250 248 243 243 203 121 58 44 38 35 35 33 32 33 34 36 38 39 44 100 189 243 251 250 250 245 249 249 249 249 248 247 247 247 249 250 250 250 250 250 250 250 250 250 250 250 250 250 250 251 250 250 250 250 250 250 250 250 250 250 250 250 250 250 250 249 249 249 249 249 249 249 249 249 249 249 249 249 249 249 249 249 249 249 249 249 249 249 249 249 249 249 249 249 249 249 249 250 250 250 250 251 251 
1 0 1 1 1 2 1 0 44 148 213 198 145 82 44 36 38 37 39 40 46 52 63 141 224 251 252 252 251 251 250 246 241 234 206 139 84 44 37 35 33 32 33 35 37 38 38 42 82 175 245 252 250 250 249 249 249 248 243 242 241 234 248 249 250 250 250 250 250 250 249 249 249 249 249 249 249 250 251 250 250 250 250 250 250 250 250 250 250 250 250 250 250 250 249 249 249 249 249 249 249 249 249 249 249 249 249 249 249 249 249 249 249 249 249 249 249 249 249 249 249 249 249 249 249 249 250 250 250 250 251 251 
1 1 2 3 2 2 2 0 36 123 171 146 107 62 41 41 43 44 45 46 50 52 64 129 209 248 252 252 250 249 250 249 244 244 234 193 132 65 38 35 33 32 33 36 38 39 38 42 73 152 231 251 250 250 249 249 249 250 251 251 251 250 250 250 250 250 250 250 250 250 249 249 249 249 249 249 249 250 251 250 250 250 250 250 250 250 250 250 250 250 250 250 250 250 249 249 249 249 249 249 249 249 249 249 249 249 249 249 249 249 249 249 249 249 249 249 249 249 249 249 249 249 249 249 249 249 250 250 250 250 251 251 
1 1 1 1 3 5 4 3 44 120 141 103 78 59 46 43 45 47 47 50 51 50 58 114 195 241 253 252 251 251 250 249 248 245 241 243 204 131 47 39 35 35 35 37 37 37 38 40 59 125 207 242 251 251 250 250 250 250 252 252 251 251 250 250 250 250 250 250 250 250 249 249 249 249 249 249 249 250 251 250 250 250 250 250 250 250 250 250 250 250 250 250 250 250 249 249 249 249 249 249 249 249 249 249 249 249 249 249 249 249 249 249 249 249 249 249 249 249 249 249 249 249 249 249 249 249 250 250 250 250 250 250 
1 1 0 0 2 3 4 7 57 132 128 72 64 59 50 43 41 41 42 43 49 49 52 97 169 224 253 253 252 251 251 250 250 249 246 253 246 196 55 46 36 38 36 37 37 38 38 40 49 93 173 230 251 251 250 250 250 250 250 250 251 251 251 251 251 251 250 250 250 250 249 249 249 249 249 249 249 250 250 249 249 250 250 250 250 250 250 250 250 250 250 250 250 250 249 249 249 249 249 249 249 249 249 249 249 249 249 249 249 249 249 249 249 249 249 249 249 249 249 249 249 249 249 249 249 249 250 250 250 250 250 249 
1 1 1 0 1 1 2 8 35 52 66 61 45 41 39 39 37 36 35 36 40 50 46 61 125 214 253 252 252 252 251 250 250 251 248 248 246 200 101 46 37 40 38 38 38 39 38 39 44 64 132 213 245 251 250 250 250 249 250 252 252 251 250 251 251 250 250 249 249 249 249 249 249 249 249 249 249 249 249 248 249 248 248 248 248 248 249 249 249 249 249 249 249 249 249 249 249 249 249 249 249 249 249 249 249 249 249 249 249 249 249 249 249 249 249 249 249 249 249 249 249 249 249 249 249 249 250 250 250 249 250 250 
1 1 1 1 1 1 1 5 28 47 61 54 39 33 32 33 32 31 32 33 37 44 37 40 107 207 253 251 251 251 250 250 250 251 249 246 242 167 81 46 39 42 38 38 38 38 38 39 43 51 102 184 233 251 251 250 250 250 250 248 250 249 247 245 251 252 249 249 249 249 249 249 249 249 249 249 249 249 249 249 249 248 248 248 248 248 249 249 249 249 249 249 249 249 249 249 249 249 249 249 249 249 249 249 249 249 249 249 249 249 249 249 249 249 249 249 249 249 249 249 249 249 249 249 249 249 249 249 249 250 250 250 
1 1 1 1 1 1 1 3 18 38 51 45 31 26 30 30 33 32 33 34 37 43 32 50 124 210 252 248 250 252 251 251 250 251 250 244 230 131 64 46 40 43 39 38 39 39 36 37 39 46 69 142 221 249 251 251 250 250 249 250 249 249 237 241 251 252 249 249 249 249 249 249 249 249 249 249 249 249 249 247 248 248 248 248 248 249 249 249 249 249 249 249 249 249 249 249 249 249 249 249 249 249 249 249 249 249 249 249 249 249 249 249 249 249 249 249 249 249 249 249 249 249 249 249 249 249 249 249 249 250 250 250 
1 1 1 1 1 1 1 1 15 32 45 42 29 24 29 30 33 33 32 34 36 41 39 68 159 223 251 247 250 252 251 251 249 251 252 236 196 102 57 46 42 40 39 42 44 39 35 36 38 44 59 112 201 241 250 250 249 250 249 250 249 247 245 248 250 250 250 249 249 249 249 249 249 249 249 249 249 249 249 248 250 251 249 248 248 249 249 250 249 249 249 249 249 249 249 249 249 249 249 249 249 249 249 249 249 249 249 249 249 249 249 249 249 249 249 249 249 249 249 249 249 249 249 249 249 249 249 249 249 250 250 250 
1 1 1 1 1 1 1 1 11 28 42 37 28 24 31 31 34 33 33 34 36 38 48 95 191 242 248 249 250 251 250 250 249 251 252 231 154 82 50 45 43 39 41 46 49 36 33 34 37 41 39 71 160 226 241 247 250 250 250 250 250 250 250 250 250 249 249 249 249 249 248 248 248 248 248 248 248 248 250 250 249 251 250 250 250 250 250 250 249 249 249 249 249 249 249 249 249 249 249 249 249 249 249 249 249 249 249 249 249 249 249 249 249 249 249 249 249 249 249 249 249 249 249 249 249 249 249 249 249 250 250 250 
1 1 1 1 1 1 2 2 17 32 44 39 31 28 33 35 38 34 34 34 33 34 53 122 214 252 250 250 250 250 249 249 248 251 251 227 146 68 36 42 39 37 33 30 30 31 32 33 34 38 32 52 141 222 236 249 250 250 250 250 250 250 249 249 249 249 249 249 249 249 248 248 248 248 248 248 248 248 249 247 244 243 242 241 242 243 248 249 249 249 249 249 249 249 249 249 249 249 249 249 249 249 249 249 249 249 249 249 249 249 249 249 249 249 249 249 249 249 249 249 249 249 249 249 249 249 249 249 249 250 250 250 
1 1 1 1 1 2 3 11 34 41 50 50 46 45 43 42 39 39 38 38 39 38 57 136 227 251 250 250 250 250 250 249 247 248 251 224 139 64 32 39 37 34 30 29 30 29 29 30 32 35 29 59 116 215 251 250 250 250 250 250 250 250 249 249 249 249 249 249 249 249 248 248 248 248 248 248 248 248 248 245 241 238 234 229 223 223 243 249 249 249 249 249 249 249 249 249 249 249 249 249 249 249 249 249 249 249 249 249 249 249 249 249 249 249 249 249 249 249 249 249 249 249 249 249 249 249 249 249 249 250 250 250 
1 1 1 1 2 2 5 15 46 55 61 61 60 61 60 58 50 49 53 56 59 63 67 138 229 250 250 251 250 250 250 249 245 245 249 234 149 74 36 38 36 33 28 29 32 28 26 30 32 33 28 50 108 216 252 251 251 251 251 251 250 250 249 249 249 250 249 249 249 249 248 248 248 248 248 248 248 248 248 247 244 243 242 238 231 231 244 249 249 249 249 249 249 249 249 249 249 249 249 249 249 249 249 249 249 249 249 249 249 249 249 249 249 249 249 249 249 249 249 249 249 249 249 249 249 249 249 249 249 250 250 250 
1 1 1 1 4 4 7 15 48 82 87 77 66 59 57 57 54 54 53 60 68 67 78 127 203 245 250 251 251 250 249 248 245 244 244 245 217 157 78 51 37 27 28 29 28 24 26 30 35 33 43 66 148 244 252 250 251 251 250 250 250 250 249 250 250 249 249 249 249 249 249 249 249 249 248 248 248 249 248 247 247 247 245 245 249 249 247 248 248 249 249 249 249 249 249 249 249 249 249 249 249 249 249 249 249 249 249 249 249 249 249 249 249 249 249 249 249 249 249 249 249 249 249 249 249 249 249 249 249 250 250 250 
1 1 1 1 3 3 5 16 46 71 82 74 71 67 66 63 57 57 58 64 70 66 75 116 194 241 250 251 250 248 249 248 247 247 245 245 231 207 152 108 78 51 32 29 23 21 30 46 37 38 82 134 216 253 250 251 250 250 250 250 250 250 249 250 250 249 249 249 249 249 249 249 249 249 248 248 248 248 248 248 248 248 248 247 248 248 248 249 249 249 249 249 249 249 249 249 249 249 249 249 249 249 249 249 249 249 249 249 249 249 249 249 249 249 249 249 249 249 249 249 249 249 249 249 249 249 249 249 249 249 250 250 
1 1 1 1 2 3 5 17 45 68 73 60 53 53 54 53 52 50 50 54 61 58 71 97 174 235 250 252 250 247 247 247 248 248 247 248 243 241 229 194 169 141 109 87 59 71 72 57 75 113 148 200 237 245 250 250 250 250 250 250 250 250 250 250 250 249 249 249 249 249 249 249 249 249 249 248 248 249 249 249 249 248 248 248 248 248 249 249 249 249 249 249 249 249 249 249 249 249 249 249 249 249 249 249 249 249 249 249 249 249 249 249 249 249 249 249 249 249 249 249 249 249 249 249 249 249 249 249 249 249 250 250 
1 1 1 1 1 2 2 19 59 85 82 58 36 33 33 38 40 40 38 40 45 43 61 76 149 223 249 249 247 247 245 247 248 249 249 249 247 250 252 231 221 213 202 182 158 157 174 145 170 224 241 253 252 243 249 250 249 249 250 250 250 250 250 250 250 249 249 249 249 249 249 249 249 249 249 248 248 249 249 248 248 248 248 248 248 248 249 249 249 249 249 249 249 249 249 249 249 249 249 249 249 249 249 249 249 249 249 249 249 249 249 249 249 249 249 249 249 249 249 249 249 249 249 249 249 249 249 249 249 249 250 250 
1 1 1 1 1 1 0 25 87 116 109 75 40 29 35 26 21 23 22 25 30 32 50 60 131 210 247 245 245 245 245 247 248 249 252 252 253 253 252 248 241 245 245 242 241 236 234 233 236 253 253 237 241 244 245 246 248 248 250 250 250 249 249 249 249 249 249 249 249 249 249 249 249 248 248 248 248 249 248 248 248 248 248 248 248 248 249 249 249 249 249 249 249 249 249 249 249 249 249 249 249 249 249 249 249 249 249 249 249 249 248 248 248 248 248 248 248 248 248 248 248 248 248 248 248 248 249 249 249 249 250 250 
1 1 1 1 1 1 0 19 77 117 122 93 57 38 32 24 24 26 29 31 35 35 47 62 134 216 250 250 249 247 245 245 245 249 251 251 252 246 236 235 227 233 230 233 234 228 237 249 253 253 251 242 243 243 244 245 245 248 249 249 249 249 249 249 249 249 249 248 249 249 248 248 248 248 248 248 248 249 248 248 248 248 248 248 248 248 248 248 249 248 248 247 248 249 249 249 249 249 249 249 249 249 249 248 249 249 249 249 249 249 248 248 248 248 248 248 248 248 248 248 248 248 248 248 248 248 249 249 249 249 250 250 
1 1 1 2 1 2 0 8 51 96 106 90 62 43 43 43 43 44 46 47 47 44 50 74 151 224 249 251 250 248 246 249 249 247 231 209 198 187 159 161 151 155 156 159 166 162 189 210 221 224 233 233 240 248 250 250 250 249 250 249 249 249 249 249 249 249 249 249 250 250 249 249 249 248 248 248 248 249 248 248 248 248 248 248 248 249 248 248 248 248 247 245 247 248 248 248 249 249 249 249 249 249 249 248 248 250 249 249 248 248 248 248 248 248 248 248 248 248 248 248 248 248 248 248 248 248 249 249 249 249 250 250 
1 1 1 2 2 2 2 3 29 64 79 74 59 45 50 53 50 49 52 51 54 54 53 82 157 224 241 249 249 249 249 249 252 237 187 148 121 111 87 76 71 67 67 68 75 77 110 137 151 152 169 184 195 214 237 241 243 250 251 250 250 250 249 250 250 250 250 250 251 251 250 250 249 249 249 249 249 249 248 248 248 248 248 249 249 249 248 247 244 244 244 244 245 241 249 250 250 250 250 250 250 250 249 248 248 250 249 249 249 249 248 248 248 248 248 248 248 248 248 248 248 248 248 248 248 248 249 249 249 249 250 250 
1 1 2 3 3 3 2 0 19 46 73 65 55 51 52 51 53 52 54 56 64 60 57 99 171 222 249 244 249 251 251 249 243 220 160 109 77 70 67 61 59 55 55 55 54 54 53 54 59 61 71 89 112 154 186 210 249 252 250 249 249 250 250 251 251 250 250 249 250 250 250 250 250 249 249 249 248 248 248 248 249 251 251 248 248 248 248 244 242 240 240 242 244 240 244 244 244 245 245 244 245 244 245 247 248 249 248 249 249 249 248 248 248 248 248 248 248 248 248 248 248 248 248 248 248 248 249 249 249 249 250 250 
1 1 1 2 2 3 2 1 17 35 66 68 55 55 54 53 53 53 58 60 67 64 64 82 138 202 237 234 229 243 241 231 212 188 134 93 72 67 65 64 62 61 61 61 61 62 60 60 59 59 59 68 71 90 125 167 207 229 245 248 248 249 250 251 251 250 249 248 247 248 249 248 249 249 249 249 249 249 249 249 249 249 248 248 248 249 248 245 242 240 238 242 243 243 242 242 242 242 242 242 243 244 245 247 249 249 248 249 249 249 248 248 248 248 248 248 248 248 248 248 248 248 248 248 248 248 249 249 249 249 250 250 
1 1 1 1 1 3 4 8 15 27 54 58 58 59 59 58 56 57 60 63 66 66 67 78 97 137 157 170 169 174 175 170 151 138 107 85 75 65 63 64 64 65 64 63 63 63 63 63 65 62 60 60 54 66 82 95 123 157 187 188 187 191 194 196 200 202 205 209 223 236 243 247 248 249 249 249 249 249 250 249 249 248 248 248 248 248 247 247 242 240 238 242 243 245 245 245 247 248 247 247 247 247 249 249 249 249 249 249 249 249 248 248 248 248 248 248 248 248 248 248 248 248 248 248 248 248 249 249 249 249 250 250 
1 1 1 1 2 3 6 8 22 52 95 97 101 103 103 97 84 77 70 67 66 66 65 67 75 87 86 102 103 106 106 106 96 92 76 72 66 63 60 64 66 66 66 65 64 63 64 64 66 67 66 61 60 60 59 61 77 94 103 104 107 107 112 118 121 124 138 156 186 213 228 236 245 250 249 248 248 248 249 249 249 249 250 249 248 247 244 243 230 228 236 242 245 247 248 248 249 251 250 250 250 250 249 249 249 249 249 249 249 249 248 248 248 248 248 248 248 248 248 248 248 248 248 248 248 248 249 249 249 249 250 250 
1 1 1 1 3 4 6 8 32 103 180 188 190 190 184 172 154 139 128 117 97 87 77 71 71 68 67 71 75 73 72 72 71 70 66 64 65 65 66 67 70 70 71 71 71 71 74 80 89 99 114 109 102 95 102 113 114 109 103 101 105 110 113 118 127 134 148 166 198 222 237 243 249 249 248 247 247 248 248 248 248 249 247 242 241 243 244 217 200 212 233 243 244 245 247 247 248 247 248 248 248 248 250 244 238 240 243 247 249 249 249 249 249 249 249 249 249 249 249 249 249 249 249 249 249 249 249 249 249 249 250 250 
1 1 1 1 2 4 4 5 52 156 229 242 242 249 234 223 210 200 192 173 143 131 125 107 97 93 97 87 84 81 79 75 77 79 80 79 81 82 85 85 87 88 90 91 96 101 107 116 127 150 169 164 177 178 175 196 203 194 187 185 188 190 196 201 210 215 224 234 240 244 248 250 249 250 249 248 248 248 248 248 248 248 241 235 236 243 245 213 177 185 228 247 248 249 248 248 247 247 247 247 247 247 250 238 227 226 235 242 247 249 249 249 249 249 249 249 249 249 249 249 249 249 249 249 249 249 249 249 249 249 250 250 
1 1 1 1 2 4 3 1 66 186 234 243 245 250 249 243 236 229 223 210 194 182 182 167 159 156 157 148 143 136 134 134 134 137 138 139 144 150 155 157 156 155 155 156 160 164 170 180 195 220 231 229 231 233 236 242 250 248 247 247 247 247 250 251 252 252 252 252 252 252 250 250 249 248 248 249 249 248 248 248 248 248 242 238 241 245 247 230 193 182 223 250 249 249 248 248 247 248 248 248 249 249 249 240 230 227 235 242 247 248 249 249 249 249 249 249 249 249 249 249 249 249 249 249 249 249 249 249 249 249 250 250 
1 1 1 1 1 3 2 1 62 176 227 242 246 250 249 248 248 245 245 242 237 234 230 231 233 230 228 227 223 215 214 216 217 220 219 221 224 226 229 230 230 229 228 229 231 234 234 234 235 239 238 239 245 243 238 242 250 253 252 249 248 248 250 251 251 252 250 249 249 250 251 250 248 247 249 250 249 248 248 249 249 249 249 249 248 249 249 247 238 229 230 244 247 247 248 248 248 249 249 249 250 250 248 248 245 244 245 247 248 248 248 248 248 248 249 249 248 249 249 249 249 249 249 249 249 249 249 249 249 249 250 250 
0 0 0 0 2 4 4 24 84 186 230 229 230 230 244 248 250 250 250 251 250 249 249 250 250 250 250 250 250 250 250 250 251 251 250 250 250 248 247 248 248 248 248 248 248 248 247 244 244 242 241 245 249 242 233 243 249 248 247 249 249 248 243 245 248 249 248 248 248 247 249 249 244 245 247 249 249 249 248 248 248 248 249 249 249 249 249 248 244 243 242 238 242 245 247 247 248 249 248 248 250 249 249 249 250 249 248 248 248 248 248 248 248 248 249 249 248 249 249 249 249 249 249 249 249 249 249 249 249 249 250 250 
0 0 0 0 2 5 5 35 125 216 251 250 250 251 251 250 250 249 249 249 250 250 250 250 250 250 249 250 250 249 250 250 249 249 250 250 249 250 250 250 250 250 250 249 248 247 248 248 248 247 247 247 248 248 245 245 248 248 249 249 249 249 249 249 248 249 249 249 249 248 249 249 244 243 244 250 249 249 248 249 249 249 249 249 248 248 247 244 238 226 213 210 223 237 245 247 247 248 248 249 249 249 248 249 249 248 248 248 248 248 247 248 248 248 249 249 248 249 249 249 249 249 249 249 249 249 249 249 249 249 249 250 
0 0 1 1 2 6 9 38 146 227 253 253 252 252 251 251 250 249 249 249 249 250 250 249 249 250 249 249 249 249 249 249 248 249 249 249 250 250 248 248 248 248 248 248 248 249 248 249 250 250 250 250 249 248 249 249 249 251 251 251 250 250 250 251 251 251 251 250 251 250 249 250 251 251 251 250 250 250 249 249 249 249 249 249 248 247 245 245 241 224 214 215 227 238 244 247 247 247 248 249 248 248 248 248 248 247 248 248 248 247 248 248 249 248 249 249 249 249 249 249 249 249 249 249 249 249 249 248 248 249 249 248 
0 1 2 2 3 4 10 45 136 220 253 253 252 251 251 250 250 249 249 249 248 249 248 248 248 248 248 249 249 249 249 249 249 249 249 250 250 249 249 249 249 249 249 249 249 249 250 250 250 249 250 250 249 249 247 248 249 250 248 245 240 233 227 233 247 251 249 247 249 249 245 245 248 249 251 251 250 249 249 249 250 249 249 249 248 247 247 247 247 242 240 242 245 248 249 249 250 249 249 249 249 248 249 249 248 248 248 248 248 249 249 249 249 249 249 249 248 248 249 249 249 249 249 249 249 250 249 249 249 250 249 247 
0 1 2 2 3 3 12 39 120 212 251 251 251 251 251 250 249 249 249 248 248 249 248 248 248 248 248 248 248 248 248 248 248 248 248 249 249 249 249 249 249 249 249 249 248 247 247 249 249 250 249 249 248 248 247 247 247 245 243 238 231 224 219 226 244 250 244 244 245 245 248 248 247 245 247 248 249 250 249 249 249 249 249 249 248 247 247 247 249 251 250 250 249 248 248 249 251 251 250 249 250 250 249 249 248 249 249 248 248 249 249 249 249 249 248 249 249 249 249 249 249 249 249 249 249 250 250 249 249 248 247 247 
0 0 1 1 2 3 12 37 113 203 249 253 252 251 251 250 250 250 250 250 250 249 249 249 248 249 249 249 249 249 249 249 249 249 249 249 248 248 248 247 247 247 247 248 248 248 247 248 249 250 250 249 248 248 248 247 247 247 245 242 240 237 235 237 245 248 247 245 247 245 248 249 247 243 238 238 242 247 248 249 249 249 249 249 248 248 247 247 248 249 250 249 244 238 237 240 247 250 250 249 250 250 249 249 249 249 249 249 249 249 248 248 247 247 248 248 248 248 249 249 248 249 249 248 248 249 249 248 248 247 248 248 
0 0 1 1 2 3 11 32 107 195 251 253 252 251 251 250 250 250 250 250 250 250 250 248 247 248 249 250 250 249 248 248 248 248 248 248 248 248 248 247 248 248 248 248 248 249 249 249 249 249 249 249 249 248 248 250 251 251 249 248 248 248 247 247 248 247 248 248 248 248 249 249 245 243 241 242 242 245 248 248 249 249 249 249 248 248 247 247 248 248 249 247 244 236 231 230 243 247 247 248 248 248 248 249 249 249 249 249 248 248 245 244 242 243 243 242 242 242 243 244 245 247 247 245 247 248 247 250 251 251 251 250 
0 0 1 1 2 3 11 21 86 174 236 250 250 251 251 250 250 249 249 249 249 250 249 249 249 249 248 249 250 249 248 248 248 248 248 248 248 248 247 247 248 248 248 248 248 249 249 249 248 248 248 248 249 249 249 251 251 251 249 248 248 248 249 249 249 249 248 249 248 250 251 249 248 248 250 250 249 248 248 248 249 249 249 249 248 248 248 247 245 241 242 245 244 240 237 235 243 247 245 247 247 247 245 247 248 248 248 248 247 247 245 244 242 242 242 241 241 241 240 242 243 243 244 244 244 245 238 234 228 227 217 216 
1 1 1 0 1 2 18 11 45 150 226 245 249 252 251 251 250 249 249 248 248 249 249 249 249 249 248 248 247 247 248 247 247 247 247 248 247 247 245 247 247 247 247 247 248 248 248 248 248 248 248 248 249 249 249 250 251 250 249 248 248 249 249 249 249 249 249 249 249 250 249 249 248 248 250 249 249 249 248 249 249 249 249 249 249 248 247 245 243 238 237 243 244 244 245 244 245 248 248 247 247 248 248 248 247 247 247 247 247 247 245 245 244 243 245 245 245 245 245 244 242 243 244 244 245 248 216 178 149 135 129 130 
1 1 0 1 3 4 8 10 39 115 212 243 250 252 251 251 250 249 249 248 248 249 249 249 249 249 248 248 248 248 247 247 247 247 247 247 248 247 247 247 247 247 247 247 248 249 249 249 249 249 249 249 249 250 249 249 249 249 250 250 250 250 249 249 249 249 249 249 249 249 248 248 248 247 248 248 248 249 249 249 249 249 249 249 249 248 248 245 244 242 241 243 245 249 248 247 248 248 248 248 248 248 248 249 248 247 247 247 247 247 247 247 247 247 248 248 249 249 248 248 245 247 248 245 246 250 204 154 109 77 57 47 
1 1 0 1 1 1 4 9 26 85 189 252 252 251 251 251 250 249 249 248 248 249 249 249 249 249 248 248 248 247 247 245 245 245 247 247 248 248 249 248 248 248 248 248 249 249 249 249 249 249 249 249 249 250 249 249 249 250 251 250 250 250 249 249 249 249 249 249 249 249 248 248 248 249 248 248 248 248 249 249 249 249 249 249 249 249 248 247 245 247 244 244 248 247 247 248 248 247 247 248 248 248 247 247 247 244 244 244 245 245 247 248 249 249 249 249 250 249 248 247 245 248 249 247 247 248 223 193 160 115 54 23 
1 1 0 0 1 2 3 6 20 61 152 234 252 251 251 251 250 249 249 248 249 249 249 249 249 249 248 248 248 249 248 248 248 248 248 248 248 249 249 249 249 248 249 249 249 248 249 249 249 249 249 249 249 249 248 248 248 250 251 251 250 249 249 249 249 249 249 249 249 249 250 250 250 250 250 250 250 250 249 249 249 249 249 249 249 249 251 248 247 249 248 245 249 249 245 247 248 247 247 245 248 248 248 245 245 245 245 244 244 245 245 247 249 250 249 249 249 247 243 241 241 247 249 247 245 247 244 236 227 191 121 63 
1 1 0 1 1 1 3 4 20 39 120 206 250 251 250 250 250 249 249 248 249 249 249 249 249 249 248 248 248 249 248 248 248 248 248 248 248 249 248 248 248 248 249 249 249 249 248 249 249 249 249 249 249 249 248 248 250 251 251 251 251 250 249 248 249 249 249 249 249 249 250 250 250 250 250 250 250 250 249 249 249 249 249 249 248 249 251 248 244 245 245 247 248 247 247 247 247 247 247 245 248 248 247 245 245 245 245 247 247 247 247 247 248 249 247 245 245 243 237 236 240 244 247 245 247 247 247 247 248 237 195 115 
1 1 0 1 1 1 2 3 18 24 92 185 242 250 251 250 250 249 249 248 249 249 249 249 249 249 249 249 248 248 247 247 247 247 248 248 247 247 247 245 244 244 247 249 249 248 248 248 248 247 248 248 248 249 248 249 250 250 250 250 250 249 249 248 248 249 248 248 249 250 249 250 249 250 250 250 250 250 249 249 248 248 248 249 248 248 248 242 234 231 238 244 247 247 247 247 247 247 247 247 248 248 248 249 248 247 245 247 247 248 248 249 251 251 249 248 245 243 243 243 245 248 250 249 248 247 248 248 250 250 217 124 
1 1 0 1 1 1 2 3 17 9 60 164 235 250 250 250 250 249 249 248 249 249 249 249 249 249 249 249 248 248 247 247 247 247 248 248 247 245 243 241 241 243 244 247 247 247 247 248 248 247 248 248 248 248 248 248 244 242 240 242 245 248 248 247 247 248 247 247 250 250 249 249 248 248 248 247 248 248 248 248 248 248 248 249 247 248 247 238 223 221 234 244 248 248 247 245 247 247 247 248 249 249 247 249 251 250 249 248 247 249 248 248 247 247 247 247 247 248 247 249 249 249 249 247 247 247 248 248 245 229 178 92 
1 1 0 0 0 1 2 4 14 8 47 130 219 250 251 249 249 249 249 247 248 248 249 249 249 249 248 248 248 248 247 248 248 248 248 248 248 245 243 241 241 242 243 245 245 245 248 248 248 245 247 248 248 248 248 247 243 241 238 240 243 245 247 247 247 247 247 248 247 247 247 243 242 243 242 241 243 243 245 248 247 243 243 245 245 245 245 245 236 233 240 247 249 248 247 245 244 245 247 249 250 248 235 224 223 231 242 241 237 236 235 234 231 235 237 236 238 242 241 243 244 247 243 236 235 237 244 235 205 157 102 50 
1 1 0 1 1 1 2 3 14 9 42 136 221 249 249 248 248 248 248 248 248 249 249 249 249 249 248 248 248 247 245 247 248 248 248 249 248 247 244 242 240 241 244 244 245 247 248 248 247 245 245 248 248 248 248 248 247 247 245 244 244 245 245 245 245 247 247 245 244 242 241 241 240 237 236 237 238 240 243 247 246 235 234 241 243 244 244 243 243 245 245 245 247 248 247 245 242 242 244 247 248 247 217 191 173 173 187 200 206 206 207 212 222 233 231 230 233 237 237 240 244 245 241 227 216 216 213 186 125 65 33 22 
1 1 0 0 1 1 2 3 11 7 35 109 196 245 249 248 248 249 249 249 249 249 249 249 249 249 248 248 248 248 247 248 248 248 248 249 249 247 245 243 241 243 245 245 248 248 249 249 247 244 245 248 248 248 249 249 250 245 234 227 235 243 244 247 247 247 245 242 240 237 235 237 238 238 240 242 242 241 244 245 245 237 237 243 243 242 242 241 243 249 250 250 248 248 247 247 245 245 246 248 249 246 224 198 163 134 137 170 194 195 200 210 228 237 235 236 241 242 242 240 238 241 242 223 189 165 162 148 104 51 25 23 
1 1 0 0 1 1 1 2 5 7 29 79 177 235 248 248 248 249 249 249 249 249 249 249 249 249 248 248 248 248 248 248 248 248 249 250 250 248 247 244 242 244 248 249 249 250 250 251 248 245 244 247 248 248 247 248 248 241 226 219 230 241 245 247 248 247 245 240 236 237 238 242 240 240 241 241 233 224 228 238 243 243 243 244 244 244 244 243 246 250 251 250 250 248 249 244 243 248 252 252 252 250 241 234 212 184 180 208 227 227 230 235 240 233 223 231 241 243 243 242 242 243 247 234 186 135 118 117 92 49 22 18 
1 1 0 0 0 1 1 2 5 8 19 66 156 219 249 249 248 249 249 249 248 249 249 249 249 248 248 248 248 248 248 248 248 249 250 250 250 250 249 248 245 247 251 250 249 249 250 251 250 249 247 248 249 247 247 247 245 244 236 234 240 244 247 247 248 248 247 241 236 238 244 243 238 234 231 229 216 209 216 227 235 234 230 230 230 231 233 229 227 230 234 232 234 231 224 201 198 213 231 236 237 240 231 235 235 228 226 226 221 216 213 219 216 194 173 172 175 171 170 171 174 175 173 165 138 111 104 97 72 42 21 15 
0 0 0 0 0 0 1 2 5 8 12 47 132 219 249 249 248 249 250 249 249 249 248 249 249 249 248 248 249 249 248 248 249 249 249 250 250 250 249 250 249 248 248 245 245 248 248 249 250 250 249 250 250 248 247 247 247 247 249 248 249 249 250 249 248 248 248 245 242 244 245 247 242 238 235 231 230 229 230 233 234 231 226 224 224 220 208 194 193 200 204 206 208 208 194 172 165 175 189 191 192 196 189 189 184 171 162 155 150 143 148 162 166 152 130 114 104 99 99 103 108 108 101 93 95 109 131 128 108 92 80 74 
0 0 0 0 0 1 1 2 5 8 10 40 128 220 248 249 248 249 251 249 249 248 249 249 249 249 248 248 249 249 249 248 249 249 249 250 249 249 249 249 249 248 247 242 242 245 248 249 249 249 249 250 250 248 248 247 248 250 249 249 250 250 250 249 248 248 249 248 247 248 247 248 248 248 247 247 247 247 246 244 242 242 242 241 242 236 220 208 209 216 221 221 222 224 215 212 205 200 195 193 192 188 194 191 175 158 151 152 155 155 171 173 175 175 164 151 149 156 163 170 167 166 162 157 165 178 194 200 195 192 188 181 
1 1 1 1 1 2 1 3 8 8 12 44 130 217 247 247 247 249 249 249 249 249 249 249 249 249 248 248 248 249 249 249 249 249 249 249 248 245 245 247 249 248 247 244 244 247 248 250 250 249 250 250 249 249 249 248 248 247 245 244 245 247 248 248 248 248 248 248 249 249 249 248 248 249 249 249 249 248 247 248 249 250 251 250 251 249 248 244 244 249 247 244 245 245 247 247 246 242 240 238 236 231 236 233 229 225 227 229 231 236 237 237 236 234 228 228 234 238 244 243 238 237 238 240 239 241 243 246 248 249 250 248 
1 1 1 1 1 2 1 3 7 8 13 53 139 221 245 247 247 249 249 249 249 249 249 249 249 249 248 248 249 249 249 249 249 250 251 249 248 242 236 241 245 248 247 248 249 248 248 249 250 250 250 248 249 249 249 248 248 248 248 248 248 248 249 248 248 248 248 249 249 249 249 248 249 248 249 249 247 244 247 248 248 248 247 247 247 248 247 249 249 250 249 249 248 248 247 247 246 248 249 250 249 248 248 248 247 249 251 250 249 248 248 248 251 248 246 246 246 244 248 246 244 247 247 244 245 248 249 248 248 248 249 250 
0 0 0 0 1 1 2 3 5 7 11 46 129 214 248 248 248 249 249 249 249 249 249 249 249 248 248 248 248 249 249 248 248 249 250 247 243 236 223 228 241 248 248 248 248 248 247 248 249 250 249 248 248 248 252 250 250 250 251 248 248 248 248 247 247 247 247 248 249 248 249 248 248 248 249 248 247 248 248 249 248 247 247 247 247 245 245 247 248 249 249 249 249 249 248 247 247 249 249 249 249 248 248 249 250 250 250 248 247 247 247 248 247 248 248 248 247 247 245 247 247 247 247 247 247 248 248 247 247 247 247 248 
0 0 0 0 1 1 2 3 8 8 13 60 150 223 248 248 248 249 249 249 249 249 248 248 248 248 247 247 249 250 250 250 249 249 248 244 240 234 227 228 240 248 249 249 247 247 247 245 247 247 247 245 245 244 248 244 242 235 220 210 215 231 238 248 248 248 247 248 248 248 249 249 249 248 248 249 249 250 249 250 250 250 250 250 248 244 244 247 249 249 249 249 249 248 247 247 247 249 249 249 248 248 247 247 248 248 248 247 245 245 244 245 247 248 248 247 247 247 247 247 248 248 247 249 250 250 250 250 250 250 252 252 
1 1 1 2 1 2 2 3 9 9 15 74 174 238 248 248 248 249 249 249 249 249 248 248 248 248 247 247 248 248 247 248 247 249 248 248 243 240 241 242 244 248 249 250 249 247 245 244 245 245 244 245 247 247 248 243 240 224 191 173 181 209 240 249 249 248 247 247 247 248 248 248 249 249 249 249 250 250 248 245 244 244 243 242 242 242 243 245 249 250 250 250 249 248 248 249 249 250 250 250 250 249 249 248 247 247 240 240 240 240 240 243 247 249 249 248 248 248 248 248 248 247 247 247 245 244 243 244 244 244 244 247 
1 1 1 2 1 2 2 3 8 9 21 99 194 245 247 248 248 249 249 249 249 249 248 248 248 248 247 247 247 243 244 241 237 242 245 248 247 245 247 249 247 247 249 249 249 247 247 248 248 247 244 245 245 249 248 248 245 235 221 207 210 229 244 249 249 248 248 247 248 248 249 248 248 249 249 249 250 249 242 233 223 223 228 230 236 240 243 247 249 250 250 250 249 249 249 249 249 249 249 250 250 249 249 248 248 247 241 240 240 240 241 243 245 245 247 247 247 245 245 244 244 243 243 243 237 233 231 235 237 236 234 236 
1 1 2 2 1 2 2 3 6 15 54 144 224 251 248 248 248 249 249 249 249 249 248 248 248 248 247 247 247 244 243 237 235 237 243 247 248 248 247 248 247 248 248 247 249 249 249 249 249 245 244 241 241 245 248 248 250 251 249 249 249 249 248 249 249 248 248 248 249 250 249 249 248 249 249 249 249 249 243 231 220 220 229 235 241 244 247 248 249 250 250 251 251 250 249 249 249 249 249 250 251 250 250 249 248 248 248 247 247 248 248 248 248 248 248 249 249 248 247 248 249 248 247 245 243 240 240 241 243 243 240 240 
1 2 2 2 1 2 2 3 8 17 65 160 235 252 249 248 248 249 249 249 249 249 248 248 248 248 248 247 248 247 245 244 241 242 247 249 249 248 248 248 245 247 248 248 250 250 249 248 248 245 244 241 242 245 247 245 248 250 249 248 248 249 248 248 248 248 248 248 249 250 249 249 249 250 250 250 250 249 248 244 241 241 244 245 248 249 249 249 250 250 250 251 251 250 249 249 249 249 249 249 250 250 250 249 248 249 249 249 249 249 250 249 249 249 249 250 250 249 250 251 250 250 250 250 250 250 249 250 249 250 249 250 
1 2 2 2 1 2 3 3 7 19 81 185 237 247 250 248 248 249 249 249 249 249 248 249 249 248 248 247 248 248 247 247 245 247 249 249 248 248 248 248 247 244 248 248 249 249 248 248 248 247 245 247 248 247 247 248 248 248 249 245 248 249 248 248 248 248 248 248 249 249 249 249 249 250 250 250 249 249 248 249 251 251 250 249 249 249 249 249 250 250 250 250 250 250 249 249 249 249 249 249 249 249 249 248 248 249 249 249 249 249 249 249 249 249 249 249 249 249 250 250 249 249 249 249 249 249 248 249 249 250 250 250 
1 2 2 2 1 3 4 4 7 22 93 198 242 245 250 249 249 249 249 249 249 248 249 249 249 250 250 248 249 249 248 248 248 248 249 249 248 248 248 248 247 247 247 248 249 249 248 248 249 248 247 248 249 249 249 249 249 248 249 250 249 249 249 248 247 248 247 248 249 249 249 250 249 250 250 250 249 249 249 249 249 250 249 249 249 249 249 249 250 250 250 249 249 249 249 249 249 249 249 249 249 249 249 248 249 249 249 249 249 249 249 249 249 249 249 249 249 249 249 249 249 249 249 248 248 248 248 248 249 250 250 250 
1 1 1 1 1 3 5 4 1 44 152 230 247 247 248 248 249 249 249 249 249 249 248 249 249 250 250 249 249 249 248 248 248 247 248 248 248 248 248 248 248 247 248 248 248 248 247 248 248 249 248 248 248 249 250 249 249 249 249 250 249 248 247 247 248 247 248 248 248 249 249 249 249 250 249 249 248 248 249 249 249 249 249 249 249 249 249 249 249 250 250 249 249 250 249 249 249 248 248 248 248 249 249 249 249 250 250 250 250 249 249 249 249 249 248 249 249 249 249 249 248 248 248 248 248 249 249 249 249 250 250 249 
1 2 2 1 1 3 4 4 3 57 164 241 248 247 247 248 249 249 249 249 249 249 248 248 249 250 249 249 248 248 247 247 245 247 248 248 247 248 247 247 247 247 248 248 248 248 248 248 248 248 249 248 247 247 244 243 242 243 247 247 247 248 248 247 248 248 248 248 248 248 248 249 249 249 249 249 248 248 249 249 249 249 249 248 248 249 249 249 250 250 250 249 249 249 250 249 249 249 249 249 249 249 249 249 249 250 250 250 250 249 249 249 249 249 248 248 249 249 249 248 249 249 249 249 249 249 249 250 250 250 250 249 
0 1 2 0 2 4 7 9 15 86 184 245 248 247 247 248 249 249 249 249 249 249 248 248 248 249 248 249 248 248 247 247 245 247 247 247 247 248 247 247 247 248 248 248 248 248 248 248 248 248 250 249 244 241 227 224 230 234 245 248 247 247 248 248 248 247 247 247 247 247 247 248 248 248 248 248 248 248 248 248 248 247 247 247 248 249 249 249 250 250 250 250 250 250 250 249 249 249 249 249 249 249 249 249 250 250 250 251 251 249 249 249 249 249 248 248 249 249 249 249 249 249 249 250 250 250 250 250 250 250 249 249 
0 2 2 0 2 3 7 10 30 127 212 248 248 247 245 248 249 249 249 249 249 248 248 248 248 249 247 248 245 247 247 247 247 247 247 247 247 248 247 247 247 248 248 248 248 248 247 248 248 249 250 249 243 235 227 228 233 240 248 250 249 248 248 247 247 248 248 248 247 248 248 248 248 248 248 248 248 248 247 247 247 248 248 248 249 249 249 249 249 249 250 250 249 249 249 248 248 249 249 249 249 249 249 249 250 250 250 251 251 249 249 249 249 249 250 249 248 248 247 248 248 249 249 248 249 249 250 249 249 249 248 249 
0 2 1 0 3 3 10 17 57 171 233 250 250 248 248 248 249 249 249 249 249 249 248 248 248 247 247 245 245 245 245 244 244 244 245 245 245 245 244 244 243 243 242 243 245 245 245 245 245 247 247 248 244 242 242 242 242 247 249 249 249 249 248 247 247 248 247 247 247 247 245 247 245 245 245 245 245 247 247 247 247 248 247 247 247 247 248 248 249 249 247 249 249 249 248 248 248 248 248 248 248 248 249 249 249 250 250 251 251 249 249 249 249 249 250 250 249 249 248 248 249 251 251 250 249 248 247 244 245 247 248 250 
1 2 1 0 7 0 16 30 72 178 240 252 250 248 248 248 249 249 249 249 249 248 247 243 243 244 245 247 247 247 244 244 243 243 242 242 242 242 241 241 241 240 240 238 240 242 242 241 240 242 243 244 244 244 244 243 242 241 241 240 241 241 242 241 240 241 241 241 240 241 240 240 240 238 238 237 238 240 240 240 240 241 241 241 241 242 244 244 247 249 243 244 245 247 245 247 247 247 247 248 248 248 248 249 248 249 250 251 250 249 249 249 249 249 249 249 249 249 249 248 248 249 248 247 247 243 242 240 240 243 247 248 
1 1 1 1 9 1 19 39 92 186 243 250 249 247 248 248 248 248 248 248 248 247 245 244 243 244 245 248 248 248 248 247 245 245 245 245 244 244 244 243 243 244 243 237 235 241 242 243 242 244 244 245 245 245 247 244 243 241 240 240 240 240 240 240 241 240 240 240 238 238 238 240 240 240 240 240 240 240 241 241 241 240 240 240 240 241 243 247 247 247 245 244 244 244 244 244 247 245 245 248 248 248 249 249 249 250 250 250 250 249 249 248 248 248 249 249 248 249 249 245 238 235 234 237 242 242 242 241 241 244 247 248 
1 1 1 2 11 10 19 30 114 214 247 248 248 248 248 248 248 248 248 248 249 249 249 250 251 250 250 249 249 249 249 249 249 250 250 250 249 249 248 248 247 245 247 245 247 248 248 248 249 250 250 250 249 249 248 248 248 247 247 247 247 247 247 247 248 247 247 245 245 245 247 247 247 248 249 249 249 247 248 248 248 247 247 245 245 247 247 247 247 247 248 248 247 247 247 247 248 248 247 248 248 248 249 249 249 250 250 250 250 249 249 249 248 247 249 249 249 249 250 243 231 224 224 233 244 244 245 244 244 247 248 248 
0 1 2 2 12 11 18 68 171 234 247 245 247 248 249 249 249 249 249 249 249 250 250 250 251 250 250 249 249 249 248 248 247 247 247 247 247 248 249 248 248 247 248 248 248 249 249 249 250 251 250 249 249 249 249 249 249 249 249 249 249 249 248 248 248 248 248 248 248 248 249 249 249 249 249 249 247 247 247 247 247 247 247 247 245 244 244 244 247 247 247 248 248 249 248 248 248 249 249 248 249 249 248 248 249 249 249 248 249 249 249 248 248 245 245 247 248 249 249 245 242 237 237 243 247 247 247 248 248 247 247 248 
1 1 2 4 15 8 19 84 179 234 247 247 248 248 249 249 249 249 249 249 249 249 249 249 248 249 249 249 249 249 248 248 247 247 247 247 248 248 249 248 248 248 248 248 248 248 249 249 250 249 249 248 248 248 249 249 249 249 249 249 249 249 249 249 249 249 249 249 249 249 249 249 249 249 249 249 248 248 248 249 249 249 249 249 248 245 244 244 244 244 247 248 248 248 249 249 249 249 250 249 249 249 249 249 250 250 249 250 250 249 249 248 245 244 244 245 247 248 248 248 251 250 249 250 249 248 248 249 248 248 248 248 
1 2 2 7 17 10 41 117 202 236 249 248 248 248 249 249 249 249 249 249 249 248 248 248 248 248 248 248 248 248 248 248 248 248 248 248 249 249 249 249 249 249 249 249 248 248 248 248 247 247 245 245 247 248 249 249 249 249 249 249 249 250 250 250 250 250 250 250 250 250 250 250 250 250 250 250 249 249 249 249 249 249 249 249 248 248 247 247 247 248 248 249 249 249 249 249 249 249 250 249 249 249 249 249 250 250 249 250 250 250 250 249 249 248 248 248 249 250 248 248 249 249 250 250 249 249 248 249 249 249 248 248 
2 2 2 7 17 26 66 154 233 236 249 248 248 248 249 249 249 249 249 249 249 248 248 248 248 248 248 248 248 248 248 248 248 248 248 248 248 248 249 249 249 249 249 249 249 249 248 248 247 247 247 247 247 247 248 249 249 249 249 249 249 250 249 249 249 249 249 249 249 249 249 249 249 250 249 249 248 248 248 248 248 248 248 248 248 248 247 248 248 248 248 249 249 249 249 249 249 249 250 250 249 248 248 248 245 244 248 249 250 250 250 251 250 248 250 250 250 250 249 249 249 250 249 249 249 249 247 248 249 249 247 247 
2 2 2 7 17 30 80 183 243 238 249 248 248 248 249 249 249 249 249 249 249 248 248 248 248 248 248 248 248 248 248 248 249 249 249 249 250 250 250 249 249 249 249 248 248 248 249 249 249 249 249 248 248 249 249 249 249 249 249 249 249 249 249 249 249 249 249 249 249 249 249 249 249 247 248 247 247 247 248 248 248 248 248 248 248 248 249 249 249 249 249 249 249 249 250 249 249 248 248 249 248 248 247 247 244 242 244 245 245 247 247 247 247 247 247 247 248 247 247 245 247 248 248 249 249 249 248 247 247 247 245 244 
2 1 2 7 17 22 81 187 238 241 249 248 248 248 248 248 249 249 249 249 249 248 248 248 248 248 248 248 248 248 249 249 249 249 249 249 250 250 249 249 249 249 249 249 249 249 249 249 250 250 250 249 249 249 249 249 249 249 249 249 249 249 249 249 249 249 249 249 249 249 249 249 249 247 247 247 247 247 248 248 248 248 248 248 248 248 249 249 249 249 249 249 249 249 250 249 248 248 248 248 248 248 245 245 245 243 241 241 241 241 242 243 243 244 244 244 247 247 245 245 245 245 249 249 247 245 245 244 245 245 245 244 
2 3 2 8 19 28 86 195 250 241 249 247 247 247 247 248 249 249 248 248 248 248 248 248 248 248 248 248 248 248 248 248 248 248 249 249 249 249 249 249 249 249 249 249 249 249 249 249 249 249 250 249 249 249 249 249 249 249 250 250 250 250 249 249 249 249 249 249 249 249 249 249 249 248 248 248 248 248 248 248 248 248 248 248 248 248 248 248 249 249 249 249 249 250 249 249 248 248 248 248 248 248 247 247 247 245 243 244 243 244 243 244 244 244 244 244 243 241 237 237 236 234 233 233 231 229 228 227 228 230 232 234 
2 3 2 8 19 39 98 209 254 242 249 247 248 248 248 248 248 248 248 248 248 248 248 248 248 248 249 249 248 248 248 248 248 248 249 249 249 249 249 249 249 249 250 249 249 249 249 249 249 249 250 249 249 249 249 249 249 249 250 250 250 250 249 249 249 249 249 249 249 249 249 248 248 249 249 249 249 249 249 248 248 248 248 248 248 248 249 249 249 249 249 249 249 249 249 249 249 249 249 249 248 249 249 249 248 249 249 249 248 247 245 245 245 245 245 243 238 226 206 192 184 180 174 169 165 163 158 159 161 164 170 173 
2 2 2 8 19 37 107 209 242 242 249 248 248 248 249 249 249 249 248 248 248 248 247 248 247 247 248 249 248 248 248 248 248 248 248 248 248 248 249 249 248 249 249 249 249 250 250 249 249 249 249 249 249 249 249 249 248 248 249 249 249 249 248 248 248 248 248 248 248 248 249 249 249 249 249 249 249 250 249 249 249 249 249 249 249 249 249 249 249 249 249 249 249 249 249 249 249 248 248 248 248 249 249 249 249 249 249 249 248 247 247 247 247 245 245 244 238 216 188 165 153 150 141 128 117 110 103 101 102 103 104 106 
2 2 2 9 19 31 107 206 240 242 249 248 248 248 248 248 248 249 248 248 248 248 248 247 247 244 247 250 249 249 248 247 247 248 248 248 248 248 248 248 248 249 249 249 249 250 250 249 249 249 249 249 249 249 249 249 249 249 249 249 249 249 248 248 248 248 248 248 248 248 249 249 249 249 249 249 249 250 249 249 249 249 249 249 249 249 249 249 249 249 249 249 249 249 249 249 249 249 249 249 248 249 249 249 249 249 249 249 248 248 247 248 248 248 247 245 241 228 212 199 192 186 175 158 141 129 123 114 111 108 104 100 
2 2 2 9 18 39 114 219 252 243 250 248 248 248 248 248 248 249 249 248 248 249 248 247 244 241 234 229 233 243 243 244 247 248 248 248 248 248 248 248 248 249 249 250 250 250 250 249 249 249 249 249 249 249 249 249 249 249 249 249 249 249 248 248 248 248 248 248 248 248 249 249 249 249 249 249 249 250 250 249 249 249 249 249 249 249 249 249 249 249 249 249 249 249 249 249 249 249 249 249 249 250 250 249 249 250 250 250 249 249 248 249 249 249 248 248 245 243 243 242 240 236 228 216 201 194 193 182 174 170 167 158 
3 3 2 8 23 53 132 238 254 244 250 249 248 248 249 249 249 248 249 247 248 249 248 246 242 234 216 199 201 224 234 238 242 245 247 245 247 248 248 248 249 249 249 250 250 250 250 249 249 249 249 249 249 249 249 249 249 249 249 249 249 249 248 248 248 248 248 248 248 248 249 249 249 249 249 249 249 250 250 249 249 249 249 249 249 249 249 249 249 249 249 249 249 249 249 249 249 249 249 249 250 251 249 248 248 249 249 251 250 250 250 249 249 249 249 248 248 248 248 248 247 246 245 242 240 240 240 236 234 233 231 224 
3 4 3 9 22 59 152 240 247 247 248 248 249 249 249 249 249 249 249 248 248 249 248 247 244 240 226 205 201 221 231 238 242 245 247 247 247 248 248 248 249 249 249 250 250 250 250 249 249 249 249 249 249 249 249 249 249 249 249 249 249 249 249 249 247 247 248 248 248 248 249 249 249 249 249 249 249 250 249 249 249 249 249 249 249 249 249 249 249 249 249 249 249 249 249 249 249 249 249 249 248 247 245 240 237 240 243 247 248 250 249 249 248 248 249 248 248 247 247 248 248 248 248 248 248 247 244 244 244 247 248 247 
4 4 4 10 19 50 143 229 240 243 245 248 249 249 249 249 248 249 249 248 249 250 249 248 248 247 245 238 235 238 241 242 245 247 248 249 248 248 248 249 248 249 249 250 249 249 248 249 249 249 249 250 250 251 250 250 249 249 249 249 249 249 249 249 247 247 248 248 248 248 247 248 248 248 248 248 248 249 248 248 248 248 248 248 248 249 249 248 248 248 249 249 248 248 248 248 248 248 248 248 247 247 243 240 237 238 242 244 245 247 248 247 245 244 244 245 245 245 245 247 247 245 247 244 241 238 236 235 235 236 239 243 
3 4 5 11 18 46 142 228 241 244 244 249 249 248 248 248 248 248 248 248 249 251 249 249 248 248 249 250 249 249 250 249 249 250 250 250 248 250 250 249 250 249 249 250 250 249 249 249 248 249 250 250 249 249 249 249 249 251 252 252 252 252 250 250 250 251 252 252 252 251 248 249 249 249 249 249 248 248 248 248 250 250 250 250 251 250 250 250 249 249 250 250 249 249 250 250 250 250 250 250 249 249 248 247 245 245 245 248 248 248 249 248 249 251 250 251 250 250 249 249 249 249 248 247 247 247 247 247 247 247 248 248 
3 4 8 11 17 50 142 228 247 247 248 249 249 249 248 248 248 248 248 248 249 250 250 250 249 247 245 248 247 247 247 247 247 248 247 247 240 240 241 238 237 235 233 231 233 231 230 229 228 229 230 230 228 226 227 228 227 229 229 230 229 229 230 223 219 221 226 231 236 241 243 245 247 247 244 243 242 240 238 237 238 239 238 240 241 239 237 238 237 238 237 237 236 236 238 241 243 243 245 245 245 247 247 244 244 244 243 243 243 243 244 247 249 251 251 249 245 243 244 242 242 241 240 241 242 243 243 242 242 244 244 244 
2 3 6 9 17 53 143 226 247 247 249 249 249 249 249 248 248 248 248 249 249 249 248 250 250 247 247 245 237 227 212 203 205 209 215 212 201 191 189 185 175 172 170 166 163 162 160 161 162 164 164 163 157 156 153 150 148 146 148 150 152 153 148 141 132 132 141 149 160 168 178 180 185 185 182 179 178 178 178 178 178 179 179 179 180 182 182 184 186 186 185 184 184 182 181 181 182 185 187 191 194 194 194 195 193 194 194 194 191 189 189 189 192 193 195 194 190 190 188 185 183 183 185 187 191 194 196 194 193 195 198 199 
2 4 6 9 17 56 144 221 246 245 247 248 248 249 249 248 247 247 247 247 247 245 243 243 241 235 231 224 205 185 163 150 148 157 163 156 146 138 134 128 120 115 116 115 108 103 103 105 106 109 112 114 114 115 113 111 109 107 108 109 109 110 109 107 106 104 106 110 114 115 114 114 118 120 121 120 118 117 116 115 113 114 109 103 97 97 97 100 102 102 102 103 106 108 108 109 111 113 115 120 122 124 123 127 131 132 132 131 130 128 122 115 111 114 123 133 143 150 152 154 159 161 163 166 171 175 179 180 180 182 184 184 
2 4 6 10 19 59 146 221 244 243 245 247 247 248 248 248 245 244 243 243 243 243 241 235 229 222 216 213 201 184 171 162 152 148 146 149 147 149 151 152 151 151 152 151 145 141 139 137 135 139 155 160 165 167 167 166 166 166 166 165 165 165 165 167 169 167 164 158 150 142 128 135 141 142 142 141 139 138 136 129 127 124 115 104 93 90 92 95 99 99 99 101 106 113 120 120 123 128 130 132 135 136 136 144 152 156 156 155 155 153 145 136 129 129 138 158 181 189 195 202 206 208 210 214 215 215 216 219 221 222 222 221 
3 5 6 10 21 64 156 228 243 245 247 248 248 248 248 247 245 243 244 244 244 243 241 238 235 230 228 229 228 224 222 219 210 195 188 194 204 209 218 223 223 227 222 218 217 219 217 215 210 216 227 233 235 235 234 234 233 233 232 233 232 230 230 233 237 235 235 227 215 208 202 212 215 214 212 210 209 208 207 202 201 199 193 186 179 178 177 179 181 182 181 181 184 191 199 199 202 206 207 207 208 209 210 214 219 222 222 221 220 219 217 215 212 212 214 224 235 239 240 242 242 243 243 244 243 243 243 243 245 247 247 247 
4 4 6 10 31 81 196 250 242 243 247 247 247 248 248 248 247 244 245 245 245 245 243 247 249 247 243 244 244 245 245 243 243 238 234 235 243 246 247 249 246 245 243 243 245 246 248 248 248 248 249 250 250 249 247 247 247 247 247 248 245 244 244 246 247 248 249 247 247 245 245 247 247 244 242 242 243 244 243 244 243 243 243 243 242 241 238 237 237 238 240 238 240 241 242 244 247 247 244 244 245 247 247 247 247 247 247 248 247 247 247 248 250 250 250 250 249 248 248 247 247 245 244 245 247 247 247 247 248 249 249 249 
4 5 8 10 30 82 191 236 238 250 248 248 248 247 247 248 248 247 247 245 245 248 245 251 251 251 249 247 245 243 242 243 245 246 247 246 247 249 245 244 237 231 234 243 244 245 247 247 248 247 247 247 248 248 247 247 247 247 249 249 246 244 244 243 241 242 243 244 248 250 249 249 248 248 247 245 247 247 247 246 244 245 246 247 247 246 247 247 247 247 248 248 248 247 247 247 247 247 245 247 247 247 247 247 247 247 247 247 247 247 247 247 249 247 249 249 247 244 244 243 243 243 243 244 244 245 245 247 247 248 247 247 
5 5 5 8 11 63 121 146 181 224 248 248 247 247 247 248 248 247 247 247 247 250 248 250 250 250 248 248 248 244 244 245 248 249 249 247 248 248 247 245 237 231 235 245 245 247 247 247 248 248 248 248 248 248 249 248 248 248 250 250 247 247 247 244 243 242 241 243 245 248 248 247 245 247 247 245 247 247 247 247 245 247 248 249 248 248 247 247 247 248 249 248 248 247 248 248 248 248 247 248 248 248 248 248 248 249 249 249 249 248 248 248 248 245 247 248 248 247 247 247 248 248 248 249 248 248 248 248 247 248 248 248 
5 4 7 8 9 54 66 87 125 184 248 248 245 247 248 248 248 248 248 248 249 251 250 249 250 249 248 248 248 248 247 249 249 249 249 247 248 248 247 247 243 242 245 247 247 247 247 247 247 248 249 249 249 249 249 248 247 248 250 249 247 247 247 245 244 243 240 242 243 244 244 245 244 247 247 247 247 247 247 247 247 248 248 249 248 248 247 247 248 249 249 249 249 249 249 249 249 249 248 248 249 250 249 249 249 250 250 250 250 250 249 249 248 248 248 248 248 247 248 248 248 248 249 249 249 249 249 248 248 248 248 248 
7 7 10 9 11 50 51 52 89 172 249 249 245 245 248 249 248 248 248 248 249 251 250 249 249 249 248 248 249 250 249 250 250 250 250 248 248 248 248 249 248 249 250 249 248 248 247 247 247 248 249 249 249 248 248 247 245 247 249 248 248 248 247 247 245 244 241 243 243 243 244 244 244 247 248 247 247 247 247 247 247 248 248 249 248 248 247 248 247 248 249 249 249 249 250 249 249 248 248 249 248 249 249 249 249 249 249 249 249 249 249 249 249 248 248 248 247 248 248 248 248 248 249 249 249 250 250 249 248 248 248 249 
7 2 4 8 13 33 46 23 47 150 234 248 248 247 248 249 249 249 249 248 249 250 249 248 248 248 248 248 248 249 249 249 250 250 249 248 249 249 248 248 249 250 249 250 247 245 244 244 245 247 249 249 249 248 248 248 248 248 249 249 248 248 248 247 248 247 248 247 245 245 245 247 245 248 248 248 248 248 247 248 248 248 248 249 248 248 248 249 248 248 249 249 249 249 249 248 248 248 248 248 248 249 249 249 249 249 249 249 249 250 249 249 249 249 248 249 249 249 248 248 248 248 249 249 249 250 250 249 249 248 248 249 
7 4 5 9 15 30 54 40 47 127 210 248 247 248 249 250 249 250 251 249 250 250 249 247 245 248 248 248 248 249 249 250 251 250 247 248 250 250 249 248 249 249 250 251 247 243 243 243 244 245 249 249 249 248 247 249 249 249 248 248 248 248 249 249 249 250 250 250 250 250 249 249 248 249 249 249 249 249 248 249 249 248 249 249 249 249 249 249 249 249 249 249 249 249 249 248 248 248 248 248 248 248 249 249 249 249 249 249 249 250 249 249 249 249 249 249 249 249 248 249 249 249 249 249 250 250 250 250 250 249 249 249 
7 9 12 9 17 25 55 39 36 113 201 243 247 248 248 249 249 248 247 244 244 244 244 243 241 243 244 247 248 248 249 249 250 249 244 247 249 250 249 248 249 250 249 250 248 245 245 247 248 248 248 249 247 247 247 249 250 249 249 248 248 248 249 249 249 250 249 248 249 250 250 249 248 248 249 249 249 249 248 249 249 249 249 248 249 249 249 249 249 248 249 249 249 248 248 248 248 248 248 248 248 248 249 249 249 249 249 249 249 249 250 250 250 249 249 249 249 249 248 248 249 249 249 249 250 250 250 250 250 249 249 249 
7 7 9 9 18 25 43 32 28 94 181 223 233 240 242 246 245 244 244 241 238 237 240 241 237 240 241 244 245 247 247 244 241 237 234 237 240 245 248 248 250 250 250 250 250 249 249 249 249 249 248 248 249 247 247 248 246 246 247 247 248 248 249 249 250 249 250 250 249 250 249 249 249 249 249 249 249 249 248 248 248 249 248 248 248 249 249 249 248 248 248 248 248 248 248 248 248 248 248 248 248 248 249 249 249 249 249 249 249 250 250 250 250 249 248 249 250 250 249 249 248 248 249 249 250 250 249 249 249 249 249 248 
7 8 8 8 22 42 61 65 64 100 163 202 212 228 241 246 245 244 242 242 240 241 241 243 241 242 242 244 245 247 247 241 235 227 217 222 230 241 247 248 249 250 249 250 250 250 250 249 249 249 249 248 248 247 246 246 240 237 237 243 247 248 249 249 248 248 250 251 251 250 250 250 250 249 249 249 249 249 248 248 248 248 249 249 249 250 249 248 249 249 249 249 249 249 248 248 248 248 248 248 248 248 249 249 249 249 249 249 249 250 250 250 250 251 251 250 251 250 249 249 248 248 248 249 250 250 249 251 250 249 250 250 
