36 36 36 36 33 26 22 19 15 15 14 14 14 14 15 17 19 21 19 19 19 22 24 25 25 24 23 23 23 23 23 23 23 23 23 23 24 24 26 27 27 29 29 29 30 31 30 31 33 35 37 38 39 43 45 47 50 52 53 53 51 50 51 52 52 47 44 45 45 64 99 71 49 39 35 37 36 35 45 48 42 26 18 17 17 17 17 18 17 17 17 17 17 17 18 18 18 19 22 23 25 30 37 52 54 48 40 38 37 37 36 37 35 33 34 36 35 35 35 36 36 36 36 35 35 35 35 35 35 
29 32 33 35 36 36 31 29 23 22 19 19 18 18 18 21 21 23 24 25 26 28 28 29 30 30 28 28 28 28 29 29 29 29 29 30 32 33 36 38 39 40 40 40 40 40 40 40 43 45 46 47 47 50 51 51 52 51 50 47 47 42 36 42 45 46 39 38 38 53 91 82 45 36 30 35 35 37 51 53 40 25 18 18 17 17 17 18 17 17 17 17 17 17 18 19 19 21 22 23 24 29 36 50 48 45 39 37 36 37 37 37 35 33 33 35 35 35 35 35 37 38 37 36 36 35 35 35 36 
19 23 25 29 33 37 36 35 33 31 29 28 26 25 26 28 30 32 31 32 35 36 37 39 40 39 38 38 39 39 39 40 42 43 42 43 45 45 47 50 51 51 51 51 50 50 50 49 49 50 51 51 49 49 47 46 45 42 37 35 33 30 32 40 45 45 39 36 39 50 76 73 40 33 29 32 35 38 53 57 38 25 19 18 18 17 17 18 17 17 18 18 18 18 19 19 19 21 22 23 24 28 37 50 45 43 39 37 37 37 37 36 35 33 33 35 35 35 35 33 37 39 37 37 36 36 36 36 36 
18 19 18 21 23 25 25 26 31 32 32 32 33 33 36 38 42 44 43 45 47 49 51 52 51 48 49 49 47 50 50 51 52 52 52 53 53 53 53 54 53 53 53 53 51 51 51 50 47 46 46 44 42 38 36 33 31 29 24 25 22 35 43 45 44 44 39 42 46 54 71 64 45 33 29 32 33 38 56 54 36 24 20 20 19 19 19 19 18 19 18 18 18 18 19 21 21 22 23 24 24 28 35 46 44 41 39 38 35 35 35 35 36 36 35 35 35 35 34 34 36 38 43 38 38 37 36 36 37 
16 15 14 15 14 14 16 18 22 25 26 29 32 32 35 37 40 46 50 53 56 57 58 58 57 55 54 54 54 54 54 52 53 52 52 51 50 49 47 47 47 46 46 45 43 38 32 29 29 29 29 29 29 26 26 21 22 25 30 38 38 39 46 47 45 43 40 42 46 52 67 67 50 37 31 32 33 42 57 50 32 24 20 20 19 19 19 19 19 19 19 19 18 19 21 22 22 22 23 24 25 33 43 42 41 39 36 36 31 32 31 31 33 34 35 35 35 33 36 34 36 36 36 38 37 37 36 36 36 
23 19 17 15 14 12 14 15 16 17 19 22 24 26 26 29 33 40 44 47 50 52 52 52 53 53 52 52 52 51 50 48 47 46 45 44 40 38 37 36 33 31 30 29 27 26 22 19 18 20 21 22 24 25 25 28 30 33 35 39 37 43 47 45 44 43 43 44 46 50 66 79 54 42 33 33 33 45 60 46 30 24 22 20 19 19 19 19 19 19 22 22 19 21 22 23 23 23 23 24 26 39 50 42 33 31 31 28 28 28 26 29 31 32 33 33 33 33 35 35 33 33 33 36 36 37 37 37 36 
38 33 29 25 23 21 17 15 15 15 16 17 18 19 19 22 25 30 32 34 37 38 38 39 39 39 39 38 38 38 36 34 34 32 32 31 28 26 25 25 25 25 24 24 23 23 23 20 22 24 26 29 31 33 35 38 37 39 35 31 27 38 43 43 42 40 40 41 44 46 66 86 56 44 36 35 31 47 63 45 27 23 22 22 19 20 20 20 21 21 22 22 21 22 22 22 23 23 23 25 29 40 51 40 25 24 23 22 22 19 21 22 29 31 32 32 32 32 33 33 33 35 36 35 36 36 36 36 35 
46 46 45 44 43 40 32 26 23 22 17 16 15 14 14 13 16 19 22 24 28 29 29 29 30 30 28 28 28 29 29 29 29 27 29 29 27 27 29 29 30 30 30 32 34 34 34 34 35 37 39 40 40 40 40 39 35 30 24 17 14 33 42 40 40 39 38 38 40 43 64 86 55 46 38 35 32 49 65 45 25 22 21 21 19 19 20 20 21 21 22 22 22 22 22 22 25 24 23 28 31 42 47 37 21 18 18 19 17 16 17 18 21 22 23 23 24 24 25 28 31 32 32 32 33 33 33 33 32 
40 42 45 48 50 47 45 43 39 36 29 23 22 21 18 17 17 18 21 23 26 26 26 26 27 27 26 26 28 28 30 31 31 31 33 34 37 38 38 39 39 39 40 43 45 45 45 46 47 47 45 45 42 43 39 32 23 15 10 6 5 31 38 38 38 37 37 36 38 42 59 81 53 45 36 31 31 50 66 44 24 22 21 21 19 19 20 22 21 21 22 22 23 23 21 23 26 26 26 30 33 39 43 31 16 16 17 17 16 17 16 16 16 16 16 16 17 17 17 19 22 25 26 29 31 31 31 32 31 
22 25 29 36 39 37 40 44 44 43 42 39 36 35 35 32 30 30 31 35 36 36 36 36 38 38 37 38 38 38 40 40 39 40 41 43 44 45 46 47 49 47 46 46 46 46 40 39 44 42 38 36 36 35 28 17 10 3 3 3 3 31 38 38 38 36 36 37 38 44 57 74 51 37 26 24 32 54 65 38 23 23 22 21 19 21 21 21 22 22 22 22 24 24 24 25 26 27 29 31 35 38 38 25 14 15 15 16 16 17 17 16 15 15 14 14 14 14 14 15 18 19 21 23 28 29 29 30 28 
7 11 15 18 22 23 26 31 36 38 42 42 42 43 42 42 42 43 43 45 47 47 47 47 48 48 48 48 50 50 50 48 47 47 47 47 47 46 44 44 44 42 40 40 38 38 37 33 30 28 22 15 14 16 12 4 0 0 0 2 3 31 40 40 37 36 36 37 39 45 60 73 51 30 19 17 33 59 65 36 24 22 22 22 22 22 22 21 22 22 23 23 24 25 25 26 27 27 30 32 35 37 33 22 12 14 14 15 15 15 15 15 15 14 12 12 12 12 13 14 15 15 16 16 18 23 25 26 26 
1 2 4 4 7 8 10 11 18 21 28 31 35 35 36 37 38 40 42 45 45 46 45 44 44 44 46 46 46 45 44 43 43 43 41 40 37 35 31 29 26 24 23 21 18 18 17 15 14 10 9 4 2 3 3 1 0 0 0 2 3 31 43 40 38 36 35 38 42 46 63 72 51 38 28 21 33 59 63 36 25 23 23 23 23 23 22 22 23 23 24 24 24 25 25 26 28 28 29 31 35 38 32 19 12 12 14 14 14 15 14 12 11 11 12 12 12 12 12 14 14 15 15 15 17 17 20 23 24 
1 1 2 2 2 2 3 3 5 7 10 14 17 15 18 19 22 25 28 26 26 28 28 26 28 28 27 29 28 26 26 25 24 24 24 22 17 16 14 12 11 9 6 6 5 5 4 4 4 4 4 0 0 0 1 1 0 0 0 2 3 31 49 45 40 37 36 40 45 49 65 73 50 36 24 21 33 57 60 38 26 23 23 23 23 23 22 22 23 23 24 26 26 28 28 26 26 28 26 29 35 40 28 13 14 15 15 16 15 15 14 12 12 12 12 12 12 14 14 14 14 14 14 14 15 15 18 19 21 
0 0 1 1 1 1 1 1 1 1 1 1 3 4 4 4 7 9 10 10 11 11 10 10 10 9 10 9 9 9 9 8 7 7 7 5 4 4 2 2 2 2 2 2 1 1 1 1 1 1 0 0 1 1 1 1 0 0 0 1 2 34 54 52 44 40 37 43 46 51 68 73 56 43 28 19 33 56 57 38 26 23 23 23 23 23 23 23 24 25 26 26 26 28 30 31 29 29 29 31 44 47 30 13 16 16 16 17 16 16 15 14 12 12 11 11 12 12 12 14 15 15 16 16 15 15 16 16 17 
0 0 1 1 1 1 0 0 0 1 0 0 1 1 1 1 1 1 1 1 1 1 1 1 1 1 1 1 1 1 1 2 2 2 2 1 2 2 1 1 1 2 2 1 1 0 1 1 1 1 0 0 1 1 1 1 1 1 1 1 2 33 57 54 47 43 38 40 45 54 74 78 68 53 32 22 32 54 53 33 26 23 23 23 23 24 23 23 24 25 26 26 26 29 30 32 31 31 30 36 61 66 40 17 16 16 17 18 18 18 17 17 15 14 12 12 12 15 15 15 15 16 16 16 15 15 16 16 16 
0 0 0 0 0 0 0 0 0 0 0 0 0 0 0 1 1 1 1 0 0 0 0 0 0 0 0 0 0 0 0 0 0 0 0 0 0 1 1 1 1 1 1 1 0 0 0 0 0 0 0 0 0 0 0 0 0 0 0 0 1 26 53 53 45 39 36 37 43 54 78 81 82 66 42 29 33 52 50 29 27 24 23 23 23 24 23 23 24 24 25 26 28 28 29 30 28 31 31 34 73 87 54 21 17 17 17 19 18 19 18 17 18 18 18 18 17 16 17 16 15 15 15 15 15 15 15 15 15 
0 0 0 0 0 0 0 0 0 0 0 0 0 0 0 1 1 1 1 1 1 1 0 0 0 0 0 0 0 0 0 0 0 0 0 0 0 0 0 1 1 1 1 0 0 0 0 0 0 0 0 0 0 0 0 0 0 0 0 0 1 19 47 50 45 40 36 37 42 52 77 84 86 71 45 33 36 53 49 26 27 24 24 24 23 24 23 24 24 25 26 26 26 28 30 31 29 30 29 39 89 116 77 25 21 18 18 23 22 22 21 21 22 22 22 20 19 18 18 17 16 15 15 15 15 15 15 15 15 
0 0 0 0 0 0 0 0 0 0 0 0 0 0 0 0 0 0 0 0 0 0 0 0 0 0 0 0 0 0 0 0 0 0 0 0 0 0 0 0 0 0 0 0 0 0 0 0 0 0 0 0 0 0 0 0 1 1 1 1 1 18 46 49 45 40 38 40 45 53 74 81 81 66 43 33 36 54 51 31 27 24 24 24 23 24 23 24 24 25 26 26 26 28 29 30 30 29 26 42 108 162 130 53 18 22 26 30 27 24 20 19 19 20 22 22 21 19 19 17 17 16 16 16 15 15 14 15 15 
0 0 0 0 0 0 0 0 0 0 0 0 0 0 0 0 0 0 0 0 0 0 0 1 1 1 1 0 0 0 0 0 0 0 0 0 0 0 0 0 0 0 0 0 1 1 1 0 0 0 0 0 0 0 1 1 1 1 1 1 1 11 38 44 42 40 40 45 47 53 65 71 68 63 40 31 35 53 53 33 27 24 24 24 23 24 23 24 24 25 26 26 26 28 29 29 30 29 26 40 104 187 184 108 29 30 31 33 30 22 22 36 32 29 27 24 21 21 21 21 22 19 19 19 18 17 14 16 17 
0 0 0 0 0 0 0 0 0 0 0 0 0 0 0 0 0 0 0 0 0 0 0 0 0 0 0 0 0 0 0 0 1 1 1 1 0 0 0 0 0 0 0 0 0 0 0 0 0 0 0 0 0 1 1 1 1 1 1 1 2 9 29 41 47 43 42 47 54 56 65 67 57 37 35 26 30 47 51 33 25 23 24 23 23 24 24 25 23 24 25 25 26 26 28 29 30 29 25 38 101 186 219 163 90 44 28 35 32 17 18 19 14 14 20 21 22 26 30 30 25 18 16 22 18 8 12 15 15 
0 0 0 0 0 0 0 0 0 0 0 0 0 0 0 0 0 0 0 0 0 0 0 0 0 0 0 0 0 0 0 0 1 1 1 1 0 0 0 0 0 0 0 0 0 0 0 0 0 0 0 0 0 1 1 1 1 1 1 1 2 9 29 40 49 44 42 50 57 58 62 65 46 32 28 21 25 44 46 31 25 22 23 23 23 24 24 25 23 24 24 25 25 25 26 28 28 28 24 35 89 181 240 217 94 50 30 36 24 12 14 23 31 37 47 46 49 53 57 56 51 49 45 44 28 18 15 11 11 
0 0 0 0 0 0 0 0 0 0 0 0 0 0 0 0 0 0 0 0 0 0 0 0 0 0 0 0 0 0 0 0 0 0 0 0 0 0 0 0 0 0 0 0 0 0 0 0 0 0 0 0 0 1 1 1 1 1 2 2 3 9 28 38 47 44 42 47 53 54 58 60 35 23 18 12 19 38 42 29 24 22 22 22 22 23 23 23 24 24 23 24 24 24 25 26 26 26 23 35 96 181 231 213 99 47 32 44 35 28 36 52 81 90 100 99 108 113 120 121 118 116 107 94 66 51 43 28 11 
0 0 0 0 0 0 0 0 0 0 0 0 0 0 0 0 0 0 0 0 0 0 0 0 0 0 0 0 0 0 0 0 0 0 0 0 0 0 0 0 0 0 0 0 0 0 0 0 0 0 0 0 0 1 1 1 1 1 2 2 3 11 30 39 46 43 40 47 51 57 58 43 28 17 15 10 15 33 37 25 24 22 22 22 22 23 23 23 24 24 23 22 22 23 25 26 26 25 23 35 82 145 186 182 94 43 38 72 86 96 108 118 149 151 156 159 169 169 173 181 185 182 160 148 111 92 77 50 23 
0 0 0 0 0 0 0 0 0 0 0 0 0 0 0 0 0 0 0 0 0 0 0 0 0 0 0 0 0 0 0 0 0 0 0 0 0 0 0 0 0 0 0 0 0 0 0 0 0 0 0 0 0 1 1 1 1 1 2 2 3 11 31 39 42 39 40 46 50 58 58 32 20 14 11 8 12 31 37 25 23 23 22 22 22 23 23 24 25 24 22 22 22 24 25 26 26 25 25 33 61 106 123 116 64 45 66 107 137 153 167 168 181 175 169 169 174 184 188 189 182 192 181 166 141 117 90 61 32 
0 0 0 0 0 0 0 0 0 0 0 0 0 0 0 0 0 0 0 0 0 0 0 0 0 0 0 0 0 0 0 0 0 0 0 0 0 0 0 0 0 0 0 0 0 0 0 0 0 0 0 0 0 1 1 1 1 1 2 2 3 11 32 40 42 38 39 45 52 56 48 23 20 13 12 10 14 31 38 26 23 23 22 22 22 23 23 24 25 25 24 24 24 26 28 28 26 25 26 29 50 85 96 87 70 82 118 156 191 203 201 189 181 167 156 155 160 163 163 163 165 165 165 153 137 135 108 86 45 
0 0 0 0 0 0 0 0 0 0 0 0 0 0 0 0 0 0 0 0 0 0 0 0 0 0 0 0 0 0 0 0 0 0 0 0 0 0 0 0 0 0 0 0 0 0 0 0 0 0 0 0 0 1 1 1 1 1 2 3 3 12 33 42 38 36 39 46 56 54 40 20 20 14 15 11 16 33 42 32 23 23 22 22 22 23 23 24 24 24 24 24 25 28 28 28 28 28 24 29 53 93 117 116 113 136 164 182 196 195 196 179 158 149 143 145 146 138 129 132 172 167 156 142 130 135 128 110 66 
0 0 0 0 0 0 0 0 0 0 0 0 0 0 0 0 0 0 0 0 0 0 0 0 0 0 0 0 0 0 0 0 0 0 0 0 0 0 0 0 0 0 0 0 0 0 0 0 0 0 0 0 0 1 1 1 1 1 2 3 3 12 35 39 38 37 40 49 58 54 32 18 22 15 17 11 16 33 44 38 23 23 22 22 22 23 24 25 24 25 25 26 28 29 28 29 29 29 25 29 59 117 155 152 141 163 179 192 195 182 178 153 124 128 138 150 150 138 134 132 186 180 158 136 123 135 136 122 88 
0 0 0 0 0 0 0 0 0 0 0 0 0 0 0 0 0 0 0 0 0 0 0 0 0 0 0 0 0 0 0 0 0 0 0 0 0 0 0 0 0 0 0 0 0 0 0 0 0 0 0 0 0 1 1 1 1 1 1 2 4 15 35 40 40 38 39 49 57 52 28 16 22 16 13 11 15 30 45 39 25 24 23 23 23 24 23 24 24 25 26 26 28 29 29 29 30 29 25 29 58 110 147 147 142 146 153 158 163 157 141 124 130 143 146 153 155 150 138 124 144 139 136 135 134 132 121 109 104 
0 0 0 0 0 0 0 0 0 0 0 0 0 0 0 0 0 0 0 0 0 0 0 0 0 0 0 0 0 0 0 0 0 0 0 0 0 0 0 0 0 0 0 0 0 0 0 0 0 0 0 0 0 1 1 1 1 1 1 2 7 18 35 39 40 38 39 49 56 49 25 17 23 17 22 13 14 29 44 40 24 24 22 22 22 23 23 24 24 24 25 26 26 28 28 28 28 28 26 30 47 77 97 100 101 103 107 109 113 108 94 86 96 106 116 121 124 121 107 95 99 106 110 117 120 117 106 94 102 
0 0 0 0 0 0 0 0 0 0 0 0 0 0 0 0 0 0 0 0 0 0 0 0 0 0 0 0 0 0 0 0 0 0 0 0 0 0 0 0 0 0 0 0 0 0 0 0 0 0 0 0 0 1 1 1 1 1 1 2 8 22 36 39 39 37 38 50 54 47 26 17 15 16 21 14 13 25 39 37 25 24 22 22 22 23 24 25 24 24 25 25 28 28 28 26 25 26 30 33 44 60 64 59 59 61 65 66 67 65 65 65 66 67 71 72 72 70 67 65 64 66 67 70 70 67 64 61 68 
0 0 0 0 0 0 0 0 0 0 0 0 0 0 0 0 0 0 0 0 0 0 0 0 0 0 0 0 0 0 0 0 0 0 0 0 0 0 0 0 0 0 0 0 0 0 0 0 0 0 0 0 0 1 1 1 1 1 1 3 9 24 36 39 38 36 36 46 56 52 40 24 9 13 21 17 15 23 33 30 25 24 22 22 22 23 24 25 24 24 25 28 28 28 28 26 23 26 32 36 46 58 56 53 54 56 56 56 53 53 53 53 51 50 48 48 45 47 49 51 50 50 50 45 43 43 43 45 43 
0 0 0 0 0 0 0 0 0 0 0 0 0 0 0 0 0 0 0 0 0 0 0 0 0 0 0 0 0 0 0 0 0 0 0 0 0 0 0 0 0 0 0 0 0 0 0 0 0 0 0 0 0 1 0 0 1 1 1 3 12 25 37 38 36 33 33 45 56 56 49 30 7 25 57 65 59 52 42 33 24 22 22 22 22 23 24 24 24 25 26 28 28 28 28 26 21 26 32 36 47 57 53 53 59 60 59 57 53 52 49 46 43 43 40 42 42 43 43 43 43 42 43 43 41 41 41 43 40 
0 0 0 0 0 0 0 0 0 0 0 0 0 0 0 0 0 0 0 0 0 0 0 0 0 0 0 0 0 0 0 0 0 0 0 0 0 0 0 0 0 0 0 0 0 0 0 0 0 0 0 0 0 1 0 0 1 1 2 5 15 26 36 37 36 33 31 43 54 57 50 31 14 43 93 109 102 84 57 43 25 22 22 22 22 23 24 25 24 25 26 28 28 28 26 25 22 26 32 38 47 52 49 50 58 58 57 54 49 45 43 42 42 42 43 44 44 43 42 42 42 42 43 43 41 41 41 43 41 
0 0 0 0 0 0 0 0 0 0 0 0 0 0 0 0 0 0 0 0 0 0 0 0 0 0 0 0 0 0 0 0 0 0 0 0 0 0 0 0 0 0 0 0 0 0 0 0 0 0 0 0 0 1 0 0 1 1 2 5 16 29 36 37 36 35 32 42 51 56 50 30 22 54 107 123 114 92 63 53 25 22 23 22 22 23 23 24 24 24 25 25 25 25 26 26 24 28 31 40 51 58 52 47 57 57 54 52 47 46 44 39 38 41 42 43 43 43 43 42 42 42 43 43 41 41 41 43 42 
0 0 0 0 0 0 0 0 0 0 0 0 0 0 0 0 0 0 0 0 0 0 0 0 0 0 0 0 0 0 0 0 0 0 0 0 0 0 0 0 0 0 0 0 0 0 0 0 0 0 0 0 0 1 1 1 1 1 3 7 19 31 35 37 37 36 33 40 50 56 51 30 24 50 90 100 90 75 58 54 30 23 23 23 23 24 24 24 24 25 25 25 25 25 25 24 26 28 30 40 53 63 57 44 59 57 54 52 49 47 47 49 48 46 44 44 45 46 44 43 42 42 41 43 41 41 43 44 43 
0 0 0 0 0 0 0 0 0 0 0 0 0 0 0 0 0 0 0 0 0 0 0 0 0 0 0 0 0 0 0 0 0 0 0 0 0 0 0 0 0 0 0 0 0 0 0 0 0 0 0 0 0 0 1 1 1 1 3 7 22 34 36 38 38 36 35 39 47 56 51 29 24 30 43 47 50 54 54 47 32 24 23 22 23 24 23 24 24 24 25 25 25 25 26 26 26 29 30 47 72 75 75 88 81 80 75 53 50 50 50 49 47 49 47 46 46 47 46 45 44 43 43 41 43 41 42 42 43 
0 0 0 0 0 0 0 0 0 0 0 0 0 0 0 0 0 0 0 0 0 0 0 0 0 0 0 0 0 0 0 0 0 0 0 0 0 0 0 0 0 0 0 0 0 0 0 0 0 0 0 0 0 0 1 1 1 1 3 7 25 38 37 38 38 36 35 39 47 54 49 26 26 32 43 47 50 54 56 46 32 25 23 22 23 23 23 23 24 24 25 25 24 24 25 25 26 29 29 54 80 135 179 175 171 145 113 87 70 57 47 47 49 50 50 49 49 50 48 47 45 44 43 43 43 41 40 40 40 
0 0 0 0 0 0 0 0 0 0 0 0 0 0 0 0 0 0 0 0 0 0 0 0 0 0 0 0 0 0 0 0 0 0 0 0 0 0 0 0 0 0 0 0 0 0 0 0 0 0 0 0 0 0 1 1 1 1 4 8 26 38 39 40 38 37 35 38 47 54 47 26 30 34 44 48 51 57 57 49 35 26 24 23 22 22 22 23 23 24 25 25 24 24 25 25 28 31 29 44 108 188 247 241 250 196 138 115 99 80 60 54 52 53 53 52 52 52 50 47 46 44 43 43 43 41 39 39 39 
0 0 0 0 0 0 0 0 0 0 0 0 0 0 0 0 0 0 0 0 0 0 0 0 0 0 0 0 0 0 0 0 0 0 0 0 0 0 0 0 0 0 0 0 0 0 0 0 1 1 1 1 1 1 1 1 1 1 4 8 26 38 39 40 38 36 33 36 44 56 52 40 29 32 41 45 47 52 52 45 35 26 24 23 22 22 22 23 23 23 24 25 24 24 25 25 28 31 31 33 156 234 254 233 255 223 160 128 115 101 87 77 58 57 56 54 54 53 52 49 47 44 43 41 41 41 42 42 43 
0 0 0 0 0 0 0 0 0 0 0 0 0 0 0 0 0 0 0 0 0 0 0 0 0 0 0 0 0 0 0 0 0 0 0 0 0 0 0 0 0 0 0 0 0 0 0 0 1 1 1 1 1 1 1 1 1 1 4 8 26 38 39 39 37 35 31 33 43 56 54 46 34 34 40 44 45 51 53 47 35 26 24 23 22 22 22 23 23 23 24 24 24 24 24 24 26 30 33 35 144 216 253 251 237 181 131 115 120 128 107 68 59 58 57 54 53 53 50 47 45 42 40 40 40 39 40 42 46 
0 0 0 0 0 0 0 0 0 0 0 0 0 0 0 0 0 0 0 0 0 0 0 0 0 0 0 0 0 0 0 0 0 0 0 0 0 0 0 0 0 0 0 0 0 0 0 0 1 1 1 1 1 1 1 1 1 1 4 8 26 38 38 38 36 33 31 31 40 54 56 47 40 39 46 46 47 52 56 51 35 26 24 23 22 22 22 23 23 23 24 24 24 24 25 25 26 29 33 36 102 158 203 215 179 127 92 97 122 138 124 92 64 59 53 50 51 50 47 45 44 42 39 39 39 39 40 40 43 
0 0 0 0 0 0 0 0 0 0 0 0 0 0 0 0 0 0 0 0 0 0 0 0 0 0 0 0 0 0 0 0 0 0 0 0 0 0 0 0 0 0 0 0 0 0 0 0 1 1 1 1 1 1 1 1 1 1 4 11 26 37 36 36 36 33 32 31 39 53 56 47 45 44 45 44 46 53 58 53 33 25 23 22 23 23 23 24 23 23 24 24 24 25 25 25 26 28 29 32 61 94 111 114 92 74 79 99 110 134 135 111 87 60 48 46 45 45 43 43 40 40 40 39 39 39 39 39 40 
0 0 0 0 0 0 0 0 0 0 0 0 0 0 0 0 0 0 0 0 0 0 0 0 0 0 0 0 0 0 0 0 0 0 0 0 0 0 0 0 0 0 0 0 0 0 0 0 1 1 1 1 1 1 1 1 1 1 5 12 26 36 36 36 36 35 35 32 38 51 58 50 47 45 44 41 44 53 61 57 33 25 23 22 23 23 23 24 23 23 24 24 24 24 25 26 25 25 29 31 52 62 58 60 50 53 65 74 87 117 129 113 85 60 45 40 42 40 39 39 39 39 40 39 38 38 38 38 38 
1 1 1 1 1 1 1 1 0 0 0 0 0 0 0 0 0 0 0 0 0 0 0 0 0 0 0 0 0 0 0 0 0 0 0 0 0 0 0 0 0 0 0 0 0 0 0 0 1 1 1 1 1 1 1 1 1 1 5 16 26 33 33 35 35 35 35 32 38 52 57 53 46 42 41 41 45 54 64 60 33 25 23 22 21 22 22 23 23 23 23 24 24 25 25 25 26 26 30 43 40 40 39 38 37 44 52 65 72 96 128 120 114 65 38 39 38 39 38 37 38 38 40 38 38 38 38 38 38 
1 1 1 1 1 1 1 1 0 0 0 0 0 0 0 0 0 0 0 0 0 0 0 0 0 0 0 0 0 0 0 0 0 0 0 0 0 0 0 0 0 0 0 0 0 0 0 0 1 1 1 1 1 1 1 1 1 1 8 19 29 32 32 33 35 33 33 32 39 52 57 46 38 38 40 41 45 55 65 59 32 24 22 21 21 22 22 23 22 23 23 24 24 25 25 26 26 26 30 43 30 26 26 29 31 44 53 62 73 94 129 145 132 75 51 40 36 38 37 36 36 37 40 38 37 38 38 38 38 
1 1 1 1 1 1 1 1 0 0 0 0 0 0 0 0 0 0 0 0 0 0 0 0 0 0 0 0 0 0 0 0 0 0 0 0 0 0 0 0 0 0 0 0 0 0 0 0 1 1 1 1 1 1 1 1 1 1 10 23 31 32 32 33 33 33 33 32 39 52 57 47 37 35 38 40 44 52 57 50 32 24 22 21 21 22 23 24 22 23 23 23 24 25 25 26 26 28 31 43 29 26 25 25 21 42 53 59 70 90 137 173 132 93 67 56 52 52 48 46 44 44 44 44 43 41 40 39 38 
1 1 1 1 1 1 1 1 0 0 0 0 0 0 0 0 0 0 0 0 0 0 0 0 0 0 0 0 0 0 0 0 0 0 0 0 0 0 0 0 0 0 0 0 0 0 0 0 1 1 1 1 1 1 1 2 1 1 11 26 33 33 33 33 32 32 32 32 39 52 56 47 37 33 33 34 37 47 51 45 32 24 22 21 21 22 23 24 22 23 23 23 23 24 25 26 26 28 31 47 32 29 29 27 15 33 51 54 63 84 125 163 138 124 92 68 61 59 55 52 51 50 48 46 45 44 41 40 39 
1 1 1 1 1 1 1 1 0 0 0 0 0 0 0 0 0 0 0 0 0 0 0 0 0 0 0 0 0 0 0 0 0 0 0 0 0 0 0 0 0 0 0 0 0 0 0 0 1 1 1 1 1 1 2 2 1 1 15 30 35 33 33 33 32 32 31 31 39 52 56 44 30 28 29 26 27 38 45 38 32 24 22 21 21 22 23 24 22 23 23 23 23 25 25 26 25 26 32 49 37 32 32 31 32 44 51 51 75 103 142 172 139 128 87 63 57 57 53 52 50 49 47 46 44 41 39 37 36 
1 1 1 1 1 1 1 1 0 0 0 0 0 0 0 0 0 0 0 0 0 0 0 0 0 0 0 0 0 0 0 0 0 0 0 0 0 0 0 0 0 0 0 0 0 0 0 0 1 1 1 1 1 1 1 2 1 1 16 31 35 33 33 33 32 31 30 30 38 52 53 36 31 28 27 26 29 37 44 35 32 24 22 21 21 22 23 24 22 23 23 23 23 25 25 25 24 24 33 51 43 39 39 38 39 49 52 52 80 116 147 163 137 116 74 54 51 53 52 51 51 50 48 48 47 45 43 39 35 
1 1 1 1 1 1 1 1 0 0 0 0 0 0 0 0 0 0 0 0 0 0 0 0 0 0 0 0 0 0 0 0 0 0 0 0 0 0 0 0 0 0 0 0 0 0 0 0 1 1 1 1 1 1 1 2 1 1 20 34 33 35 33 33 32 31 31 31 37 49 52 38 30 26 31 32 33 43 46 36 33 25 22 21 21 22 23 24 22 23 23 23 23 24 24 24 23 24 35 57 61 57 50 47 47 52 54 60 93 141 167 160 116 102 65 45 45 49 50 49 49 50 50 47 46 45 40 38 35 
1 1 1 1 1 1 1 1 0 0 0 0 0 0 0 0 0 0 0 0 0 0 0 0 0 0 0 0 0 0 0 0 0 0 0 0 0 0 0 0 0 0 0 0 0 0 0 0 1 1 1 1 1 1 1 2 1 2 26 37 33 36 33 33 31 31 31 32 37 46 50 43 30 28 32 33 37 43 47 36 31 24 21 22 22 22 23 24 22 23 23 23 23 24 23 24 22 23 35 59 65 60 54 51 50 53 57 74 113 160 181 166 123 98 59 44 40 44 46 44 43 42 41 39 38 38 37 37 35 
0 0 0 0 0 0 0 0 0 0 0 0 0 0 0 0 0 0 0 0 0 0 0 0 0 0 0 0 0 0 0 0 0 0 0 0 0 0 0 0 0 0 0 0 0 0 0 0 0 0 1 1 1 1 1 1 1 14 30 37 33 35 33 32 32 32 32 33 37 43 46 42 30 36 43 34 33 40 49 37 28 21 22 23 23 23 23 24 23 23 23 23 23 23 23 23 22 24 38 59 68 64 62 69 75 60 58 86 132 152 153 125 85 66 53 41 38 40 38 38 38 36 35 35 35 35 33 33 32 
0 0 0 0 0 0 0 0 0 0 0 0 0 0 0 0 0 0 0 0 0 0 0 0 0 0 0 0 0 0 0 0 0 0 0 0 0 0 0 0 0 0 0 0 0 0 0 0 0 0 1 1 1 1 1 1 2 17 34 36 32 33 32 32 32 32 33 35 37 40 42 42 43 45 55 50 49 52 54 38 25 18 22 23 23 23 23 24 23 23 23 23 22 23 23 23 23 26 42 71 94 100 116 129 123 88 62 80 119 119 116 90 63 52 45 40 39 39 37 37 37 36 35 35 35 35 32 32 31 
0 0 0 0 0 0 0 0 0 0 0 0 0 0 0 0 0 0 0 0 0 0 0 0 0 0 0 0 0 0 0 0 0 0 0 0 0 0 0 0 0 0 0 0 0 0 0 0 0 0 1 1 1 1 1 1 12 24 33 35 32 33 31 31 32 33 35 37 38 38 43 45 52 56 66 67 68 79 63 39 24 18 22 23 23 23 23 24 24 24 23 23 22 23 23 23 24 29 46 77 123 146 188 214 195 141 87 74 89 90 88 71 52 47 38 38 38 38 40 40 38 36 33 33 33 33 31 31 30 
0 0 0 0 0 0 0 1 0 0 0 0 0 0 0 0 0 0 0 0 0 0 0 0 0 0 0 0 0 0 0 0 0 0 0 0 0 0 0 0 0 0 0 0 0 0 0 0 0 0 1 1 1 1 1 1 19 26 32 33 33 32 30 31 32 33 35 37 38 39 43 47 50 54 64 67 73 86 59 31 24 18 22 23 23 23 23 24 24 24 23 23 23 23 23 24 24 28 40 72 130 161 215 245 230 163 96 75 73 72 66 55 45 44 40 42 43 44 47 44 38 37 33 33 31 32 31 31 30 
0 0 0 0 0 0 0 1 0 0 0 0 0 0 0 0 0 0 0 0 0 0 0 0 0 0 0 0 0 0 0 0 0 0 0 0 0 0 0 0 0 0 0 0 0 0 0 0 0 0 1 1 1 1 1 1 24 28 30 31 31 30 30 30 31 31 32 35 38 37 39 43 45 47 51 68 89 102 65 31 25 18 22 23 23 23 23 24 24 24 24 24 23 23 25 28 28 29 30 56 103 130 167 188 189 139 92 77 66 64 54 48 47 47 46 46 46 45 44 41 37 35 33 31 31 30 30 30 29 
0 0 0 0 0 0 0 0 0 0 0 0 0 0 0 0 0 0 0 0 0 0 0 0 0 0 0 0 0 0 0 0 0 0 0 0 0 0 0 0 0 0 0 0 0 0 0 0 0 0 1 1 1 1 1 2 25 28 28 30 30 29 29 28 29 30 31 35 38 35 33 43 44 40 49 80 121 131 82 39 25 18 22 23 23 23 23 24 24 24 24 24 23 23 26 30 30 31 32 58 86 100 117 124 117 92 68 63 57 54 52 50 50 51 51 49 45 43 40 38 35 33 31 31 31 30 30 30 30 
0 0 0 0 0 0 0 0 0 0 0 1 0 0 0 0 0 0 0 0 0 0 0 0 0 0 0 0 0 0 0 0 0 0 0 0 0 0 0 0 0 0 0 0 0 0 0 1 1 1 1 1 1 2 2 3 26 26 26 28 30 29 28 26 26 28 30 33 35 32 36 46 36 28 54 103 163 165 102 45 27 20 22 23 23 23 23 24 24 24 23 24 24 23 26 30 31 37 53 93 107 104 95 89 86 77 65 61 57 57 55 58 58 57 54 52 48 45 38 36 33 32 31 31 30 30 30 29 30 
0 0 0 0 0 0 0 0 0 1 0 1 1 0 0 0 0 0 0 0 0 0 0 0 0 0 0 0 0 0 0 0 0 0 0 0 0 0 0 0 0 0 0 0 0 0 0 1 1 1 1 1 2 3 1 5 26 25 25 25 29 29 26 25 25 28 29 32 31 31 38 52 39 44 95 148 198 196 127 47 27 20 22 24 24 23 24 25 24 24 23 24 24 24 28 29 32 44 80 137 156 147 135 130 88 82 72 66 63 64 58 58 60 59 59 57 51 45 37 35 32 32 32 31 30 30 29 30 29 
0 0 0 0 0 0 1 1 2 9 17 7 0 0 0 0 0 0 0 0 0 0 0 0 0 0 0 0 0 0 0 0 0 0 0 0 0 0 0 0 0 0 0 0 0 0 0 1 1 1 2 2 2 3 5 16 29 27 25 26 27 27 25 25 25 28 30 32 31 32 43 58 40 45 109 171 207 180 94 43 32 22 19 23 22 23 24 24 22 23 23 24 24 24 26 26 30 47 104 176 213 213 206 202 186 160 143 118 84 66 57 54 57 58 59 57 50 45 36 33 32 32 32 31 31 30 30 30 30 
0 0 0 0 0 0 0 0 4 15 21 11 2 1 0 0 0 0 0 0 0 0 0 0 0 0 0 0 0 0 0 0 0 0 0 0 0 0 0 0 0 0 0 0 0 0 0 1 1 1 2 2 2 4 11 24 27 27 25 26 30 29 28 28 28 28 30 35 31 32 46 67 31 36 110 186 234 201 106 36 32 20 19 23 22 22 23 24 23 23 23 24 25 25 26 27 29 53 125 201 237 237 227 220 209 200 180 150 106 75 59 54 52 52 53 54 49 45 36 32 32 32 32 31 31 30 30 30 31 
0 0 0 0 0 0 0 0 5 19 29 14 3 2 0 0 0 0 0 0 0 0 0 0 0 0 0 0 0 0 0 0 0 0 0 0 0 0 0 0 0 0 0 0 0 0 0 1 1 1 1 2 1 4 19 30 26 26 26 28 30 30 31 32 30 29 26 28 28 32 43 68 36 26 90 172 235 209 108 26 32 19 18 23 22 22 22 23 22 23 25 25 25 25 26 26 27 58 134 209 234 230 227 223 223 228 216 181 135 94 66 53 54 46 41 44 46 45 36 31 30 30 29 30 31 30 31 31 32 
0 0 0 0 0 0 0 0 5 19 33 19 5 2 0 0 0 0 0 0 0 0 0 0 0 0 0 0 0 0 0 0 0 0 0 0 0 0 0 0 0 0 0 0 0 0 0 1 1 1 1 1 1 7 22 29 24 26 28 29 32 32 34 37 36 33 29 26 29 38 65 92 44 27 79 151 209 194 99 17 32 18 18 22 21 22 22 23 23 23 25 25 25 25 26 25 19 57 137 210 226 223 221 221 224 231 231 208 169 123 86 64 63 50 38 40 42 40 35 29 28 26 25 26 30 31 33 33 35 
0 0 0 0 0 0 0 0 8 22 33 24 9 2 0 0 0 0 0 0 0 0 0 0 0 0 0 0 0 0 0 0 0 0 0 0 0 0 0 0 0 0 0 0 0 0 0 1 1 1 2 2 5 15 20 24 24 26 30 32 38 36 38 40 43 45 38 37 43 60 88 110 60 18 30 86 130 137 77 17 32 18 18 22 21 22 22 22 23 23 25 26 24 25 26 25 12 59 138 206 218 215 212 209 210 213 213 200 180 150 115 85 84 68 54 47 43 38 33 31 29 26 24 24 28 30 35 37 39 
0 0 0 0 0 0 0 0 9 23 36 28 9 3 0 0 0 0 0 0 0 0 0 0 0 0 0 0 0 0 0 0 0 0 0 0 0 0 0 0 0 0 0 1 1 1 1 1 1 2 2 4 16 29 34 31 25 21 31 35 40 39 40 44 47 53 45 52 59 78 108 139 69 23 14 52 86 99 61 21 32 18 18 22 21 22 22 22 23 23 25 25 24 24 26 26 14 70 156 209 220 214 208 206 196 200 199 191 180 171 151 122 115 90 74 63 48 39 35 32 30 28 24 24 25 28 35 37 40 
0 0 0 0 0 0 0 0 9 23 37 30 10 2 0 0 0 0 0 0 0 0 0 0 0 0 0 0 0 0 0 0 0 0 0 0 0 0 0 0 0 0 0 1 1 1 1 1 1 1 1 8 37 46 61 65 33 20 32 39 40 40 45 53 54 58 58 72 66 75 87 113 56 19 11 29 47 63 47 28 31 19 18 21 21 22 22 22 23 23 23 23 23 24 26 27 21 75 169 219 221 214 210 207 204 202 199 195 186 179 171 165 160 143 122 100 59 47 37 24 26 25 25 25 25 26 31 35 36 
0 0 0 0 0 0 0 0 8 23 37 31 11 2 0 0 1 0 0 0 0 0 0 0 0 0 0 0 0 0 0 0 0 0 0 0 0 0 0 0 0 0 0 1 1 1 1 1 1 1 1 5 35 44 63 73 54 52 46 39 40 40 46 54 61 59 66 80 61 51 57 59 37 16 11 18 36 50 42 29 30 21 19 21 21 22 22 22 23 23 22 22 23 24 25 27 25 80 174 219 223 217 212 207 209 213 215 215 208 203 202 202 189 179 164 151 119 100 71 46 26 24 25 25 25 26 29 29 28 
1 1 1 1 0 0 0 0 8 23 40 32 10 1 0 0 0 0 0 0 0 0 0 0 0 0 0 0 0 0 0 0 0 0 0 0 0 0 0 0 0 0 0 0 0 1 0 0 1 1 1 5 7 18 30 37 38 38 40 39 37 38 43 45 47 53 71 109 84 97 61 12 30 18 14 19 25 30 31 29 28 21 20 22 19 21 21 22 21 21 22 22 23 24 24 25 27 54 143 217 219 215 214 213 212 209 206 201 200 200 198 196 195 194 182 172 164 148 131 110 49 45 36 31 28 25 26 26 23 
1 1 1 1 0 0 0 0 8 23 38 33 11 2 0 0 1 0 0 0 0 0 0 0 0 0 0 0 0 0 0 0 0 0 0 0 0 0 0 0 0 0 0 0 0 0 0 1 1 2 2 3 9 18 30 36 38 40 45 39 35 36 42 43 53 52 72 121 128 127 80 32 32 25 17 17 23 27 28 25 26 22 22 20 19 21 21 22 21 21 22 22 23 23 22 24 29 76 167 215 217 217 219 221 221 217 213 210 215 219 217 217 217 215 214 210 207 201 191 179 118 108 88 65 36 26 25 24 23 
1 1 1 1 0 0 0 0 8 23 36 32 17 3 0 0 1 0 0 0 0 0 0 0 0 0 0 0 0 0 0 0 0 0 0 0 0 0 0 0 0 0 0 0 0 0 0 1 2 3 1 1 10 21 28 35 38 39 42 40 36 37 42 42 57 51 81 173 224 209 155 106 33 31 18 13 18 23 23 23 25 23 23 20 19 21 21 22 21 21 21 21 21 21 21 23 36 92 186 234 231 234 235 236 238 241 236 232 234 235 236 237 237 238 240 240 240 236 227 219 189 184 157 116 67 35 26 24 23 
1 1 1 1 0 0 0 0 9 23 35 33 18 5 0 0 0 0 0 0 0 0 0 0 0 0 0 0 0 0 0 0 0 0 0 0 0 0 0 0 0 0 0 0 0 0 0 1 2 3 3 1 11 26 23 30 31 30 32 39 39 37 40 43 46 46 99 198 240 235 189 143 38 39 13 10 18 22 23 22 25 23 23 20 19 21 21 22 21 21 21 21 21 21 21 23 42 113 207 244 242 244 243 244 244 243 240 238 238 240 241 242 242 244 246 247 249 247 241 236 227 228 200 150 94 49 29 25 24 
1 1 1 1 1 0 0 0 11 24 35 35 19 4 0 0 0 0 0 0 0 0 0 0 0 0 0 0 0 0 0 0 0 0 0 0 0 0 0 0 0 0 0 0 0 0 1 0 2 4 6 3 13 26 30 51 61 73 63 44 43 37 39 44 47 46 95 190 247 248 222 192 68 68 27 18 24 26 25 22 25 23 23 20 19 21 21 22 21 21 21 21 21 21 22 24 51 137 224 249 237 243 245 247 244 242 238 236 237 238 240 241 241 241 243 245 249 248 245 243 241 228 194 148 82 45 29 26 24 
1 1 1 1 1 0 0 0 11 24 33 33 19 3 0 0 1 0 0 0 0 0 0 0 0 0 0 0 0 0 0 0 0 0 0 0 0 0 0 0 0 0 0 0 0 0 1 1 3 6 9 9 29 60 83 129 152 165 120 52 45 39 40 43 57 51 72 166 251 250 243 233 129 115 55 32 31 31 28 22 26 23 23 20 19 21 21 22 21 21 21 21 22 21 23 25 58 150 231 251 245 246 244 243 242 240 236 236 236 237 236 236 236 236 236 237 241 239 236 234 195 169 138 96 46 30 24 23 22 
1 1 1 1 1 1 0 0 12 23 32 33 21 3 0 0 0 0 0 0 0 0 0 0 0 0 0 0 0 0 0 0 0 0 0 0 0 0 0 0 0 0 0 0 0 1 1 1 3 5 4 10 72 145 180 222 243 228 154 65 48 40 40 42 58 57 82 175 253 251 253 254 215 187 106 54 41 41 31 21 29 24 23 21 19 21 22 23 23 23 23 23 22 22 22 25 63 166 243 252 250 249 245 243 241 236 230 224 222 222 220 219 217 215 211 208 203 201 201 201 129 93 72 49 16 17 19 21 23 
1 1 1 1 1 1 0 0 12 22 28 30 21 3 0 0 0 0 1 1 1 0 0 0 0 0 0 0 0 0 0 0 0 0 0 0 0 0 0 0 0 0 0 0 0 2 2 2 2 3 5 27 124 209 243 255 255 235 179 78 52 43 40 42 57 58 85 177 251 245 253 254 254 229 136 66 48 47 35 19 29 25 24 22 21 21 22 23 23 23 24 24 23 22 23 25 64 171 245 252 250 249 238 227 210 210 196 186 178 174 169 157 170 158 151 144 137 137 136 131 72 52 39 30 23 22 23 24 26 
1 1 1 1 1 0 0 0 14 18 23 27 23 5 1 0 0 0 0 0 0 0 0 0 0 0 0 0 0 0 0 0 0 0 0 0 0 0 0 0 0 0 0 0 0 1 1 1 2 4 8 51 153 226 244 255 253 245 175 81 51 39 43 44 55 67 84 141 230 254 252 252 252 252 226 166 83 44 36 18 31 29 24 22 22 23 23 24 24 24 25 25 24 23 25 26 61 157 217 228 231 218 204 192 166 164 144 125 116 109 104 100 118 100 76 65 53 50 44 38 24 22 23 24 23 23 23 26 30 
1 1 1 1 0 0 0 0 14 15 18 26 20 5 1 0 0 0 0 0 0 0 0 0 0 0 0 0 0 0 0 0 0 0 0 0 0 0 0 0 0 0 0 0 0 1 1 1 1 5 24 57 131 191 219 237 219 213 150 70 44 36 41 43 57 65 70 107 198 248 249 249 250 252 231 179 118 75 39 19 36 32 26 23 23 23 23 24 25 25 26 26 25 26 28 31 56 125 170 180 174 146 131 132 115 111 95 80 72 70 67 65 63 61 50 43 40 40 37 32 26 24 22 19 21 21 24 24 33 
1 1 1 1 0 0 0 0 15 14 16 23 18 4 1 0 0 0 0 0 0 0 0 0 0 0 0 0 0 0 0 0 0 0 0 0 0 0 0 0 0 0 0 0 1 1 0 0 1 2 23 50 103 121 134 149 151 145 102 47 31 32 40 42 44 49 53 71 156 213 237 237 238 238 236 200 142 85 46 43 39 36 31 25 23 23 24 25 26 26 28 28 30 30 32 32 40 74 104 107 121 105 116 118 79 74 65 59 52 46 44 41 37 38 38 38 37 39 38 36 30 28 24 23 18 22 36 43 52 
1 1 1 1 0 0 0 0 14 11 12 18 14 3 1 0 0 0 0 0 0 0 0 0 0 0 0 0 0 0 0 0 0 0 0 0 0 0 0 1 0 0 0 0 1 2 0 0 0 0 13 41 59 63 77 74 96 79 61 36 32 37 42 43 45 49 53 59 123 182 220 222 207 221 231 208 167 113 81 75 61 50 42 31 23 23 24 25 26 28 29 29 24 28 30 40 45 57 61 45 76 79 104 121 64 65 63 63 49 45 41 39 32 32 35 37 37 36 32 31 28 28 28 28 30 40 59 68 108 
1 1 1 1 1 1 1 2 10 10 8 14 15 5 1 0 0 0 0 0 0 0 0 0 0 0 0 0 0 0 0 0 0 0 0 0 0 0 0 1 0 0 0 1 1 2 0 0 0 0 11 59 94 109 99 71 92 59 52 44 46 46 49 51 55 62 68 67 121 179 206 209 200 220 228 226 220 179 165 149 121 70 39 28 26 26 27 29 30 30 31 26 23 43 65 86 102 112 108 93 101 96 94 92 90 92 89 87 82 79 75 71 58 57 53 53 47 44 40 38 38 42 45 46 60 84 132 156 175 
1 1 1 1 1 1 2 3 9 8 4 11 15 8 2 0 0 0 0 0 0 0 0 0 0 0 0 0 0 0 0 0 0 0 0 0 0 0 0 1 0 0 0 0 1 2 0 0 0 2 27 100 177 198 181 150 155 108 71 47 46 47 50 53 59 69 75 74 134 201 230 234 234 248 236 238 242 223 237 215 191 103 53 32 30 32 33 36 36 37 43 59 95 125 150 165 182 193 182 177 174 177 177 174 174 175 175 174 171 166 163 160 147 142 139 138 136 131 124 120 115 120 123 121 142 160 196 212 220 
1 1 1 1 1 1 1 1 11 8 3 11 16 10 1 0 0 0 0 0 0 0 0 0 0 0 0 0 0 0 0 0 0 0 0 0 0 0 0 1 0 0 0 0 1 2 2 2 0 9 54 149 236 237 253 235 199 141 88 55 43 44 45 51 56 66 72 72 136 217 245 249 251 252 243 244 250 244 254 253 236 144 67 40 35 36 39 39 40 50 92 143 196 209 224 233 234 244 245 245 244 243 241 238 238 240 240 240 237 233 230 229 227 224 222 221 221 220 217 215 215 217 218 220 222 231 244 249 237 
1 1 1 1 1 2 1 1 15 8 2 11 18 12 1 0 0 0 0 0 0 0 0 0 0 0 0 0 0 0 0 0 0 0 0 0 0 0 0 1 0 0 0 0 0 2 2 3 0 9 75 166 251 254 236 215 198 160 112 57 41 41 42 42 43 46 56 57 120 202 246 250 251 250 242 250 252 251 253 247 241 166 73 39 39 38 40 44 45 66 139 208 243 243 249 251 248 248 254 254 253 253 253 253 253 253 252 252 249 249 248 248 249 250 250 249 250 251 253 253 253 253 253 253 251 251 250 251 245 
0 0 0 0 0 0 8 16 16 8 3 12 19 15 3 0 0 0 0 0 0 0 0 0 0 0 0 0 0 0 0 0 0 0 1 1 1 1 1 1 1 0 0 0 0 1 1 0 0 8 60 175 251 254 255 223 179 95 61 45 37 37 39 50 47 46 45 52 78 150 244 251 251 249 249 252 252 251 252 249 228 136 59 41 43 41 40 45 46 81 171 237 251 248 249 251 250 249 246 246 245 248 250 251 251 250 248 250 251 250 250 250 251 250 250 250 249 249 249 250 250 249 249 249 249 249 251 250 250 
1 1 0 0 0 0 5 15 12 6 3 12 21 15 3 0 0 0 0 0 0 0 0 0 0 0 0 0 0 0 0 0 0 0 1 1 1 1 1 1 1 0 0 0 1 1 2 4 3 2 47 158 240 254 251 199 129 71 47 33 36 35 36 39 41 41 40 47 74 146 243 247 250 251 251 252 252 252 252 252 209 104 50 41 43 41 42 44 47 95 199 252 249 249 250 251 251 249 248 249 249 250 250 251 250 250 249 250 251 250 250 250 250 249 250 250 250 251 250 250 249 249 249 249 249 249 250 250 249 
0 0 0 0 1 1 4 15 9 4 3 12 22 16 3 0 0 0 0 0 0 0 0 0 0 0 0 0 0 0 0 0 1 1 1 1 1 1 1 1 1 0 0 0 1 1 2 4 11 0 47 153 233 253 230 162 88 47 33 28 35 35 32 31 31 32 37 45 73 144 241 249 235 253 252 252 250 251 252 243 171 80 44 39 42 43 44 40 50 107 207 253 250 248 249 251 251 250 250 250 250 251 251 251 250 249 249 249 250 249 250 250 249 249 249 249 249 249 249 250 249 249 249 249 249 249 249 249 249 
0 0 0 0 1 0 3 14 8 4 3 10 17 18 7 2 0 0 0 0 0 0 0 0 0 0 0 0 0 0 0 0 1 1 1 1 1 1 1 1 1 0 0 0 1 1 4 6 8 8 58 172 250 253 221 149 63 42 32 31 44 32 31 32 32 31 40 51 79 150 243 252 244 251 250 252 250 251 252 231 134 60 37 39 44 43 45 40 51 118 217 254 252 248 250 251 251 251 251 250 251 251 251 251 250 249 249 249 249 249 249 249 249 249 249 249 249 249 249 249 249 249 249 249 249 249 249 249 249 
0 0 0 0 1 0 4 16 8 4 3 6 18 28 15 2 0 0 0 0 0 0 0 0 0 0 0 0 0 0 0 0 1 1 1 1 1 1 1 1 0 0 0 0 1 1 3 5 10 19 77 186 254 254 210 132 51 42 50 45 47 44 44 45 46 46 59 67 92 159 243 255 247 252 245 252 250 251 251 208 111 56 30 36 44 43 44 44 54 118 220 253 250 250 250 251 251 250 250 249 249 250 250 250 250 249 249 249 249 249 249 249 249 249 249 249 249 249 249 249 249 249 249 249 249 249 249 249 249 
0 0 0 0 1 0 7 17 7 3 4 4 15 29 18 3 0 0 0 0 0 0 0 0 0 0 0 0 0 0 0 0 1 1 1 1 1 1 1 1 0 0 0 0 1 2 3 4 9 19 73 174 245 244 200 125 30 40 51 49 52 54 56 59 63 66 72 80 95 158 244 255 247 254 245 252 250 251 247 181 88 51 31 36 43 44 43 45 53 107 210 253 251 252 251 251 251 251 250 250 250 250 250 250 250 249 249 249 249 249 249 249 249 249 249 249 250 249 249 249 249 249 249 249 249 249 249 249 249 
0 0 0 0 1 1 4 12 7 3 4 2 15 30 19 3 0 0 0 0 0 0 0 0 0 0 0 0 0 0 0 0 1 1 1 1 1 1 1 1 0 0 0 0 1 1 3 4 6 10 62 170 242 238 182 92 37 52 59 56 62 68 66 66 73 78 84 86 92 146 241 254 243 254 247 252 250 250 236 159 71 50 42 42 42 44 44 42 44 93 189 251 252 252 251 251 251 251 250 250 251 251 250 250 250 249 249 249 249 249 249 250 249 250 249 249 250 250 250 249 249 249 249 249 249 249 249 249 249 
0 0 0 0 0 2 4 7 8 3 5 2 16 32 22 4 1 0 0 0 0 0 0 0 0 0 0 0 0 0 0 0 1 1 1 1 1 1 1 1 1 1 1 1 1 1 3 4 4 5 51 166 238 242 165 57 70 64 65 64 64 68 63 59 70 75 82 84 88 141 234 251 245 252 249 252 251 250 216 139 67 52 45 44 43 43 44 45 42 67 152 231 253 253 251 251 250 250 250 250 251 251 250 250 250 249 249 249 250 249 249 250 249 250 250 250 250 250 250 249 249 249 249 249 249 249 249 249 249 
1 1 1 1 0 1 9 12 8 4 5 3 16 32 22 3 0 0 0 0 0 0 0 0 0 0 0 0 0 0 0 0 1 1 1 1 1 1 1 1 1 1 1 1 1 1 2 2 4 6 47 163 254 189 109 70 76 80 72 66 56 47 58 60 65 61 51 64 79 109 191 242 247 249 250 252 251 236 180 105 70 52 47 45 43 43 43 47 43 56 130 217 252 252 251 248 249 249 249 251 251 251 250 251 250 250 250 250 249 249 250 249 249 250 249 250 250 249 249 249 249 249 249 249 249 249 249 249 249 
0 0 0 0 0 2 10 14 9 5 5 4 17 32 21 3 0 0 0 0 0 0 0 0 0 0 0 0 0 0 0 0 1 1 1 1 1 1 1 1 1 1 1 1 1 1 1 2 3 6 50 158 217 153 99 72 91 85 77 66 47 40 45 45 45 43 42 52 65 71 144 214 245 248 252 252 248 222 154 90 67 50 46 44 42 42 42 44 46 60 111 200 248 251 250 248 249 250 250 251 251 251 250 251 251 250 250 250 249 249 250 249 250 250 249 250 250 249 249 249 249 249 249 249 249 249 249 249 249 
0 0 1 0 0 4 15 19 9 7 7 7 18 32 21 3 0 0 0 0 0 0 0 0 0 0 0 0 0 0 0 0 1 1 1 1 1 1 1 1 1 1 1 1 1 1 2 2 3 6 45 125 171 123 84 75 95 85 71 54 37 31 33 36 21 31 33 37 22 46 89 181 244 248 252 252 244 205 128 74 63 47 43 40 39 40 40 43 52 54 81 166 236 249 249 249 250 250 251 251 251 251 250 250 249 249 249 249 249 249 249 249 249 250 249 250 249 249 249 249 249 249 249 249 249 249 249 249 249 
0 0 1 1 1 5 22 32 9 5 8 7 18 32 21 3 0 0 0 0 0 0 0 0 0 0 0 0 0 0 0 0 1 1 1 1 1 1 1 1 1 1 1 1 1 1 1 0 2 8 31 87 128 107 75 73 88 74 58 41 30 26 27 26 28 32 31 32 8 52 100 176 250 251 252 252 241 188 109 56 53 45 40 39 39 39 38 40 52 59 72 132 208 243 250 249 250 250 251 251 251 251 249 248 247 248 248 248 249 249 249 249 249 249 249 250 249 249 249 249 249 249 249 249 250 250 250 250 249 
0 1 2 2 0 7 28 37 7 7 7 4 17 31 21 3 0 0 0 0 0 0 0 0 0 0 0 0 0 0 0 0 1 1 1 1 1 1 1 2 1 1 1 1 1 1 2 2 0 13 18 45 94 79 77 59 61 50 36 23 25 28 24 23 25 30 26 33 40 86 141 200 251 253 252 252 242 189 96 38 41 43 37 37 39 38 40 40 46 58 62 105 185 236 249 249 250 250 250 250 250 250 249 248 247 248 249 249 249 249 249 249 249 249 249 250 249 249 249 249 248 249 249 250 249 250 250 250 249 
0 0 2 2 0 8 32 38 8 7 7 3 15 30 22 4 0 0 0 0 0 0 0 0 0 0 0 0 0 0 0 0 1 1 1 1 1 1 1 1 1 1 1 1 1 1 2 2 0 13 14 30 81 70 72 51 43 31 23 19 25 29 25 23 24 26 25 49 108 162 205 245 252 251 251 252 244 200 102 32 37 40 35 35 37 37 38 40 40 41 45 95 182 238 249 248 250 250 250 250 250 250 250 250 250 250 250 250 249 249 249 249 249 249 249 250 249 249 249 249 249 249 249 249 250 250 250 249 249 
0 0 2 2 0 9 33 39 9 7 5 2 16 30 23 5 0 0 0 0 0 0 0 0 0 0 0 0 0 0 0 0 1 1 1 1 1 1 1 1 1 1 1 1 1 1 1 2 0 7 8 22 66 73 68 44 25 17 18 19 23 26 28 35 25 47 79 137 207 236 241 254 248 251 251 251 248 221 134 50 40 37 33 31 32 32 33 35 35 35 40 89 184 244 250 247 249 249 249 250 250 250 250 250 250 249 249 249 249 249 249 249 249 249 249 250 249 249 249 249 248 247 247 245 248 248 247 248 248 
0 0 2 2 0 8 35 40 11 7 4 2 17 31 23 8 0 0 0 0 0 0 0 0 0 0 0 0 0 0 0 0 1 1 1 1 1 1 1 1 1 1 1 1 1 1 2 2 0 3 3 14 53 70 65 39 15 12 16 23 21 24 31 36 54 116 202 253 255 254 253 252 249 249 252 250 250 241 178 82 39 35 32 29 29 29 31 32 31 36 42 81 188 249 249 244 249 249 249 250 250 250 250 250 249 249 249 249 249 249 249 249 249 249 249 250 250 249 249 248 248 245 244 242 237 235 235 238 244 
0 0 1 1 0 7 23 31 11 5 2 2 16 30 25 10 1 0 0 0 0 0 0 0 0 0 0 0 0 0 0 0 0 0 1 1 1 1 1 1 1 1 1 1 1 1 1 1 0 1 1 12 36 53 48 36 24 11 11 7 21 23 30 37 78 109 172 245 248 253 252 251 251 251 251 249 251 248 196 99 39 37 32 29 28 26 28 29 30 37 43 72 150 223 247 245 248 249 250 250 250 250 250 249 249 249 249 249 249 249 249 250 249 249 249 250 250 249 248 248 247 245 243 240 241 238 236 231 243 
1 1 1 1 1 7 22 31 10 3 1 0 14 31 29 15 1 0 0 0 0 0 0 0 0 0 0 0 0 0 0 0 0 0 1 1 1 1 1 1 1 1 1 1 1 1 1 0 0 0 0 15 39 47 41 30 24 17 15 18 22 25 31 37 56 99 196 254 247 248 251 251 251 251 251 250 251 251 203 100 43 39 33 31 29 25 28 29 31 37 44 60 100 176 238 245 247 248 250 251 250 250 249 250 249 249 249 249 249 249 249 250 249 249 249 249 249 249 249 249 248 247 245 242 237 238 241 242 245 
1 1 1 0 1 8 24 29 9 4 1 1 12 31 33 17 1 0 1 1 0 0 0 0 0 0 0 0 0 0 0 0 1 1 1 1 1 1 1 2 1 1 1 1 1 1 1 0 1 0 1 18 39 39 33 28 25 23 22 22 24 27 31 26 37 99 191 236 241 245 252 252 252 252 251 251 251 251 219 122 56 50 44 40 38 39 43 45 45 50 57 66 80 144 217 243 250 250 249 250 250 250 249 250 250 250 250 250 250 249 249 250 249 249 249 249 249 249 249 249 249 249 249 248 247 245 247 248 249 
1 1 1 0 1 7 19 22 9 4 2 3 16 36 39 17 1 1 1 1 1 0 0 0 0 0 0 0 0 0 0 0 1 1 1 1 1 1 1 2 1 1 1 1 1 1 1 1 3 1 2 17 37 40 30 23 19 14 10 7 19 32 45 50 70 145 208 234 245 248 250 252 252 252 251 251 249 242 206 123 65 63 54 50 50 52 54 55 57 60 68 75 78 115 182 238 251 250 249 250 251 250 249 250 250 250 250 250 250 249 249 250 249 249 249 249 249 249 249 249 249 249 250 250 250 250 249 249 249 
1 1 1 0 1 8 18 18 10 5 3 5 19 40 40 16 1 1 1 1 1 0 0 0 0 0 0 0 0 0 0 0 1 1 1 1 1 1 1 2 1 1 1 1 1 1 1 2 3 2 0 16 47 65 86 74 61 52 54 65 61 77 102 141 174 222 249 248 251 250 250 250 252 252 252 250 249 239 186 110 67 66 60 56 55 58 61 64 64 67 75 85 87 96 146 221 240 244 248 250 250 250 250 250 250 250 250 250 250 249 249 250 249 249 249 249 249 249 249 249 249 249 250 250 250 249 249 250 250 
1 1 1 0 1 10 19 17 11 5 2 4 19 42 40 16 1 1 1 1 1 0 0 0 0 0 0 0 0 0 0 0 1 1 1 1 1 1 1 2 1 1 1 1 1 1 1 1 3 3 0 33 107 142 175 169 157 148 146 156 143 159 192 237 224 230 241 244 248 249 249 250 251 251 250 250 248 235 163 89 63 61 57 54 53 54 58 60 61 67 74 86 93 95 121 188 229 247 248 250 250 250 250 249 250 250 250 250 250 249 249 250 249 249 249 249 249 249 249 249 249 249 250 250 250 249 249 250 250 
1 1 1 0 1 11 21 18 10 5 3 5 19 42 42 16 1 1 1 1 1 0 0 0 0 0 0 0 0 0 0 1 1 1 1 1 1 1 1 2 1 1 1 1 0 0 1 1 2 3 4 47 141 208 237 235 223 206 195 189 178 193 216 235 228 231 240 243 246 245 248 250 251 250 250 250 248 228 146 68 58 56 52 51 51 52 43 43 46 54 68 75 75 84 110 169 231 252 249 249 249 248 248 249 249 249 249 249 249 249 249 249 249 249 249 249 249 249 249 249 249 249 250 248 248 248 248 249 248 
0 1 1 1 3 12 19 17 11 5 3 5 19 42 40 17 1 1 1 1 1 0 0 0 0 0 0 0 0 0 0 1 1 1 1 1 1 1 1 2 1 1 1 1 0 0 1 1 2 4 10 50 143 233 238 219 221 185 158 146 139 139 156 157 165 185 198 208 238 249 250 251 251 251 250 249 248 228 160 90 49 40 36 37 38 39 31 33 36 43 58 74 73 89 137 193 237 250 248 248 247 247 248 249 249 249 249 250 249 249 249 249 249 249 249 249 249 249 249 249 249 249 250 247 244 247 248 248 247 
0 0 1 1 5 17 21 18 9 5 3 7 12 31 33 17 2 1 1 1 1 0 0 0 0 0 0 0 0 0 0 0 0 1 1 1 1 1 1 2 1 1 1 1 0 0 1 2 2 4 10 44 131 210 231 210 237 186 113 93 53 61 74 82 95 93 111 160 215 249 250 250 250 250 248 243 249 244 213 160 117 68 40 26 28 26 28 29 31 33 65 115 144 164 194 234 249 250 250 249 249 248 249 249 248 248 249 250 249 249 249 249 248 248 248 248 248 248 248 248 250 250 250 247 245 248 248 248 247 
0 0 1 1 5 15 19 18 7 3 4 9 5 17 25 16 2 1 1 1 1 0 0 0 0 0 0 0 0 0 0 0 0 0 1 1 1 1 1 1 0 0 0 0 0 0 0 1 2 3 7 43 122 175 200 214 170 121 72 75 59 54 51 56 65 71 90 135 185 227 241 248 249 249 249 247 250 251 240 200 151 96 46 35 37 35 33 36 39 45 85 144 189 203 209 228 232 241 251 251 251 249 249 249 247 245 245 245 247 248 248 248 247 247 247 247 248 248 248 247 249 249 250 248 248 250 250 248 247 
0 1 1 0 1 10 17 16 4 3 5 9 7 17 21 16 3 0 1 1 1 0 0 0 0 0 0 0 0 0 0 0 0 0 1 1 1 1 1 1 0 0 0 0 0 0 0 1 2 3 4 26 80 120 132 137 93 86 75 66 61 58 58 60 72 63 54 81 129 192 235 244 248 251 252 251 251 251 237 193 134 86 51 50 54 52 49 47 47 49 67 104 121 129 136 145 157 190 215 230 238 245 249 250 249 249 250 250 249 249 248 249 248 248 248 249 249 249 250 251 250 250 250 250 250 251 251 248 248 
0 1 1 0 1 11 16 12 1 1 3 7 5 15 18 10 2 1 0 0 0 0 0 0 0 0 0 0 0 0 0 0 0 0 1 1 1 1 1 1 0 0 0 0 0 0 0 0 1 2 4 21 60 89 89 80 82 76 65 65 64 63 63 64 66 67 68 68 87 143 210 242 236 251 253 252 252 250 235 187 109 71 63 63 60 56 52 49 49 50 52 64 61 66 71 72 83 116 141 165 199 220 232 238 248 250 251 251 251 251 251 250 250 250 250 250 250 249 249 249 250 250 250 250 251 252 252 252 251 
1 1 1 0 4 17 23 11 1 1 3 4 4 12 16 15 4 1 1 0 0 0 0 0 0 0 0 0 0 0 0 0 0 0 1 1 1 1 0 0 0 0 0 0 0 0 0 0 1 2 4 19 54 79 73 63 67 67 67 65 64 64 64 65 68 71 68 72 75 102 153 195 186 207 214 226 226 223 203 163 109 89 72 63 57 54 56 57 59 61 63 59 60 65 64 61 60 71 79 94 128 149 163 171 189 196 200 208 216 221 222 222 219 219 221 223 224 220 217 216 217 219 225 227 230 227 229 230 231 
1 1 1 1 9 24 35 14 1 3 4 3 4 11 21 29 11 0 0 0 0 0 0 0 0 0 0 0 0 0 0 0 0 0 1 1 1 1 0 0 0 0 0 0 0 0 0 1 1 3 5 17 53 78 73 63 64 62 60 61 60 60 60 61 61 64 65 68 78 86 96 117 109 117 132 144 143 146 132 109 81 72 65 58 56 57 60 63 64 64 63 63 65 64 65 66 65 65 61 63 70 78 86 94 102 107 111 123 135 141 144 144 135 138 141 143 145 143 142 145 149 145 151 153 155 160 165 164 198 
1 1 1 2 10 26 35 14 2 3 4 3 5 16 26 31 10 0 0 0 0 0 0 0 0 0 0 0 0 0 0 0 0 0 1 1 1 1 0 0 0 0 0 1 1 1 1 2 3 5 7 26 61 84 82 82 81 77 73 69 68 69 71 71 70 70 72 74 78 85 89 84 81 80 82 86 86 85 78 73 68 57 53 56 56 59 64 68 67 66 64 64 65 65 67 69 67 66 65 63 59 58 61 63 61 64 67 71 72 74 75 74 74 73 73 72 71 68 71 71 75 81 93 103 122 142 146 143 196 
1 1 1 4 10 23 28 16 3 4 4 3 7 24 37 37 8 0 0 0 0 0 0 0 0 0 0 0 0 0 0 0 0 0 1 1 1 1 0 1 0 0 0 1 0 0 0 3 5 7 18 67 122 143 146 149 145 139 138 147 140 145 146 145 143 143 142 135 126 133 135 114 87 85 82 81 77 73 71 68 67 63 58 58 64 65 67 68 70 70 70 68 69 69 68 68 66 67 68 70 67 66 63 66 71 73 77 77 73 73 76 79 70 71 71 68 65 66 73 75 79 88 123 150 174 204 210 207 229 
1 1 1 4 12 20 18 10 3 3 4 4 8 23 44 42 2 0 0 0 0 0 0 0 1 1 1 1 1 1 1 1 1 1 1 1 1 1 1 2 1 1 1 2 0 0 3 5 8 10 43 124 202 228 230 233 235 234 234 231 230 229 228 226 230 228 226 224 221 216 208 196 159 137 118 111 103 90 82 80 80 79 74 68 71 72 69 67 67 67 68 67 66 66 66 64 62 64 65 67 71 72 80 93 101 110 118 130 146 156 158 156 144 139 135 132 135 139 145 158 170 173 193 208 227 237 244 248 249 
1 1 1 5 16 19 10 3 2 4 4 3 10 28 46 39 1 0 0 0 0 0 0 0 1 1 1 1 1 1 1 1 1 1 1 1 1 1 1 2 1 1 1 2 1 1 4 6 8 20 70 171 233 252 254 254 253 251 248 249 250 249 249 249 250 252 251 251 250 249 248 247 224 209 200 196 175 160 153 148 144 139 133 130 126 119 114 111 108 103 103 103 99 96 100 98 98 101 103 104 108 114 120 131 148 164 174 193 214 226 228 221 215 214 209 208 210 214 216 226 230 234 242 249 248 248 249 250 249 
0 0 0 8 19 18 8 1 2 4 4 3 12 32 46 32 0 0 0 0 0 0 0 0 1 1 1 1 1 1 1 1 1 1 1 1 1 1 1 2 1 1 1 2 2 1 1 4 9 36 116 208 247 250 252 252 252 251 250 250 249 250 249 249 249 249 249 249 248 249 251 251 251 250 247 247 240 233 228 224 221 217 216 213 209 206 202 199 194 189 188 188 188 183 185 187 187 189 193 192 191 196 195 200 213 224 227 233 235 241 242 240 241 242 243 244 245 245 247 248 248 247 248 248 250 249 249 249 249 
0 0 0 12 20 18 5 3 3 3 4 4 15 30 39 23 1 1 1 1 1 1 1 1 1 1 1 1 1 1 1 1 1 1 1 1 1 1 1 2 1 1 1 2 1 1 3 9 19 61 155 236 253 252 252 252 251 251 250 250 250 249 249 249 249 249 249 249 249 249 250 250 249 249 250 252 252 252 252 252 251 250 251 250 249 250 250 249 248 247 245 245 248 248 248 249 250 250 250 249 247 245 245 249 247 252 250 249 244 244 243 242 242 243 245 247 248 248 248 248 248 248 249 249 248 249 249 249 249 
0 0 0 16 20 17 5 5 4 4 4 5 15 30 37 21 1 1 1 1 1 1 1 1 1 1 1 1 1 1 1 1 1 1 1 1 1 1 0 0 0 0 1 1 1 1 8 15 22 67 166 243 252 252 251 251 251 251 250 250 250 250 249 249 250 250 249 249 249 249 249 249 249 248 248 248 249 249 249 249 250 250 250 250 250 250 250 250 250 250 250 250 251 250 250 251 251 250 250 249 248 244 240 241 240 245 248 248 250 249 248 247 247 245 244 245 248 249 248 248 247 248 248 248 248 249 249 249 249 
0 0 0 12 23 18 5 4 4 4 4 5 15 30 37 19 1 1 1 1 1 1 1 1 1 1 1 1 1 1 1 1 1 1 1 1 1 1 0 0 0 0 1 1 0 0 4 12 22 58 155 236 252 251 251 251 251 250 249 249 249 248 248 249 249 249 249 248 249 249 249 250 250 250 250 250 250 250 249 249 249 249 249 249 250 249 249 250 249 249 249 249 248 245 245 245 244 243 243 242 242 241 234 229 231 234 238 242 249 252 250 250 249 247 244 245 248 247 247 247 245 247 247 247 248 248 249 249 249 
0 0 1 12 23 18 5 5 4 4 4 4 15 29 36 15 1 1 1 1 1 1 1 1 1 1 1 1 1 1 1 1 1 1 1 1 1 1 0 0 0 0 0 0 0 0 0 9 18 46 122 209 245 251 251 251 250 250 250 249 249 248 248 249 250 249 250 249 249 249 249 249 250 250 249 249 250 249 249 249 249 249 248 249 249 249 249 249 248 248 248 249 248 248 248 248 248 247 247 247 247 245 241 240 240 243 248 248 250 251 251 251 249 248 247 247 248 247 245 245 245 247 248 249 248 248 249 249 249 
0 0 1 11 23 18 7 7 7 5 4 4 16 29 36 14 1 1 1 1 1 1 1 1 1 1 1 1 1 1 1 1 1 1 1 1 1 1 0 0 0 0 0 0 0 0 2 6 16 32 99 191 238 251 251 251 251 251 250 250 249 249 249 249 249 249 250 250 249 249 249 249 250 250 249 249 249 249 250 249 249 249 249 250 249 249 249 249 248 248 247 248 248 249 249 249 249 248 249 249 248 247 247 247 247 248 250 250 251 250 251 250 249 249 249 249 249 249 249 249 248 248 248 249 249 249 249 249 249 
0 0 2 12 24 18 9 9 8 7 5 5 17 35 39 16 1 1 0 0 0 0 1 1 1 1 1 1 1 1 1 1 1 1 1 1 1 1 0 0 0 0 0 0 0 1 2 4 12 31 82 160 221 249 250 250 250 249 250 249 250 249 249 249 249 249 250 250 249 249 249 249 249 249 249 249 249 250 249 249 249 249 249 250 250 249 249 249 249 249 248 248 249 249 250 249 250 250 249 249 248 249 248 248 249 249 250 250 250 250 250 251 249 249 249 249 249 249 249 249 249 249 249 250 249 248 248 249 248 
0 0 2 12 24 17 9 9 9 8 8 7 21 42 45 21 1 1 0 0 0 0 1 1 1 1 1 1 1 1 1 1 1 1 1 1 1 1 0 0 0 0 0 0 1 1 1 3 11 24 61 134 210 248 250 250 249 249 249 249 249 249 248 249 249 249 249 249 249 249 249 249 249 249 249 249 249 249 249 249 249 249 249 250 250 249 250 250 249 249 249 249 249 249 249 249 250 250 249 249 249 249 249 248 249 249 250 250 250 250 250 250 249 249 249 249 249 249 249 249 248 248 248 249 249 249 249 249 248 
0 1 2 14 24 17 8 8 8 9 10 8 22 47 46 23 1 1 0 0 0 0 1 1 1 1 1 1 1 1 1 1 1 1 1 1 1 1 1 1 1 1 1 1 1 1 3 5 9 15 37 104 198 247 249 249 248 249 249 249 249 249 249 249 248 249 249 249 249 248 248 248 249 248 249 249 249 249 249 249 250 249 249 250 250 250 250 250 250 250 250 249 249 249 249 250 250 250 250 250 250 249 249 249 249 249 249 249 250 249 250 249 250 250 250 250 250 250 249 249 249 248 248 249 249 249 249 249 248 
0 1 2 14 24 18 4 4 5 9 10 9 22 49 45 21 1 1 0 0 0 0 1 1 1 1 1 1 1 1 1 1 1 1 1 1 1 1 1 1 1 1 2 2 2 4 4 5 7 8 24 97 196 247 248 248 248 248 249 249 249 249 249 249 249 248 248 248 248 248 248 249 248 248 248 248 248 248 249 249 249 249 250 250 250 250 250 250 250 250 250 249 249 249 249 250 250 250 250 250 250 250 249 249 249 249 249 249 249 249 249 249 250 250 250 250 250 250 249 249 249 249 249 249 249 249 249 249 248 
0 0 2 15 24 17 3 3 4 7 8 9 24 50 42 17 1 1 0 0 0 0 1 1 1 1 1 1 1 1 1 1 1 1 1 1 1 1 1 1 1 1 2 2 2 2 3 5 7 8 30 108 206 249 248 247 247 248 249 249 249 249 249 249 249 249 249 248 248 249 249 249 248 247 247 248 248 248 249 248 249 249 249 249 249 249 249 249 248 248 248 248 247 247 249 249 249 250 249 249 249 249 249 249 249 249 249 249 249 249 249 249 249 249 249 249 249 249 249 249 249 249 249 249 249 249 249 249 248 
0 0 2 15 24 17 3 3 4 8 9 12 30 46 33 12 1 1 0 0 0 0 1 1 1 1 1 1 1 1 1 1 1 1 1 1 1 1 1 2 1 1 1 1 3 2 3 8 8 11 42 127 220 252 249 248 248 248 249 249 249 249 249 249 249 249 249 249 248 249 249 249 248 248 248 248 248 247 247 248 248 248 249 248 248 248 247 247 247 248 247 247 247 245 248 249 249 249 249 249 248 249 248 249 249 249 249 249 249 249 249 249 248 249 249 249 249 249 249 249 249 249 249 249 249 249 249 249 248 
0 1 3 16 24 16 4 4 4 5 8 15 33 45 25 8 1 1 0 0 0 0 1 1 1 1 1 1 1 1 1 1 1 1 1 1 1 1 1 2 1 1 1 1 2 2 2 5 7 9 43 135 222 250 249 248 248 248 249 249 249 249 249 249 249 249 248 248 248 248 248 248 249 248 249 249 248 247 248 247 247 245 247 245 247 248 247 247 247 247 247 245 247 245 248 248 248 248 247 247 245 247 247 247 248 248 248 248 248 249 248 248 247 249 248 248 249 249 249 249 248 248 248 249 248 248 248 249 248 
0 1 5 17 24 15 7 8 7 4 3 18 44 45 22 5 1 1 0 0 0 0 1 1 1 1 1 1 1 1 1 1 1 1 1 1 1 1 1 1 1 1 1 1 2 2 2 4 7 9 44 130 224 248 249 248 249 249 249 249 249 249 249 249 249 249 248 248 248 248 248 248 248 248 248 248 249 247 247 245 245 247 245 245 247 247 247 247 247 247 247 245 247 247 248 248 248 248 245 245 244 247 247 247 248 248 248 247 248 248 248 249 249 249 249 249 249 249 249 249 248 248 248 247 248 248 248 249 248 
1 1 5 18 22 17 8 7 6 4 3 12 36 44 26 3 2 2 1 1 1 1 1 1 1 1 1 1 1 1 1 1 1 1 1 1 1 1 1 1 1 1 1 1 1 2 3 4 5 7 43 141 223 249 249 248 249 249 249 249 249 249 249 248 249 249 248 248 248 248 248 248 247 248 248 248 248 248 247 247 245 244 243 244 244 245 247 247 247 247 245 245 245 247 247 248 248 248 245 245 242 244 245 245 245 248 247 247 247 248 248 248 249 249 249 249 247 245 245 245 245 248 248 250 247 248 248 249 248 
1 1 7 19 22 17 8 7 7 6 3 19 38 37 18 3 2 2 1 1 1 1 1 1 1 1 1 1 1 1 1 1 1 1 1 1 1 1 1 1 1 1 1 1 1 1 3 4 5 5 38 130 222 249 248 248 248 248 249 249 249 249 249 248 249 249 248 248 248 248 248 248 247 248 248 247 248 248 248 247 245 244 243 244 244 245 247 247 247 247 247 243 245 247 248 248 248 249 248 245 238 240 242 243 244 245 245 245 244 245 245 242 244 243 242 241 241 241 241 241 244 248 244 238 242 247 247 247 247 
1 1 7 19 21 16 7 7 7 8 11 28 39 30 11 3 2 2 2 1 1 1 1 1 1 1 1 1 1 1 1 1 1 1 1 1 1 1 1 1 1 1 1 1 1 1 3 4 4 3 38 136 221 249 247 247 248 248 249 249 249 249 249 248 249 249 248 248 248 248 248 248 248 248 248 247 248 247 248 248 247 244 243 245 245 247 248 248 247 247 247 242 244 247 248 249 249 249 250 245 235 227 234 241 242 244 247 245 245 243 242 238 240 238 240 240 241 243 244 245 247 247 242 234 238 245 245 243 244 
1 1 5 18 21 16 5 5 6 6 15 28 37 25 8 3 2 2 2 1 1 1 1 1 1 1 1 1 1 1 1 1 1 1 1 1 1 1 1 1 1 1 1 1 1 2 3 5 4 3 37 129 214 245 247 247 248 248 249 249 250 249 249 249 250 250 249 249 249 249 249 249 248 248 248 248 249 249 248 248 247 244 243 245 248 249 249 248 249 250 247 243 241 244 247 248 249 249 248 241 224 215 228 240 242 244 247 247 247 242 237 237 238 240 242 241 243 244 244 239 242 248 247 242 243 245 245 243 243 
1 1 4 16 19 15 5 5 7 8 18 30 33 21 5 3 1 0 0 1 1 1 1 1 1 1 1 1 1 1 1 1 1 1 1 1 1 1 1 1 1 1 1 1 1 1 4 5 6 4 37 116 206 245 247 247 248 248 249 249 249 249 249 249 250 250 249 249 249 249 249 249 249 249 248 249 249 249 248 248 249 248 245 249 250 249 248 249 249 251 249 247 244 245 248 249 250 249 247 243 231 228 235 243 244 247 247 247 248 243 236 238 241 242 240 237 235 235 228 217 224 237 243 240 240 240 241 241 241 
1 1 3 15 19 14 4 4 6 8 18 29 30 16 3 2 0 0 0 1 1 1 1 1 1 1 1 1 1 1 1 1 1 1 1 1 1 1 1 1 1 1 1 1 1 1 3 5 5 3 33 117 209 245 245 245 247 248 249 248 249 249 249 249 250 250 249 249 249 249 249 249 248 248 248 248 249 250 250 249 250 250 249 249 249 247 247 248 249 250 250 249 248 248 250 250 249 249 250 250 248 247 245 248 248 247 247 247 248 247 242 244 245 247 243 240 236 231 228 224 225 231 234 230 228 229 227 224 216 
1 1 2 14 18 14 5 4 6 8 19 30 25 8 1 1 0 0 1 1 1 1 1 1 1 1 1 1 1 1 1 1 1 1 1 1 1 1 1 1 1 1 1 1 1 1 4 6 6 2 32 128 219 248 245 245 245 247 247 247 248 248 249 249 250 250 249 249 249 249 249 249 248 249 249 249 249 249 248 247 249 249 248 248 245 244 245 248 248 249 248 249 249 250 250 249 249 249 251 251 251 250 249 251 250 249 247 248 249 249 248 248 248 249 249 248 248 245 244 244 243 242 240 236 233 231 231 223 210 
1 1 3 15 18 14 7 5 6 8 21 31 24 2 0 0 0 1 2 1 1 1 1 1 1 1 1 1 1 1 1 1 1 1 1 1 1 1 1 1 1 1 1 1 1 1 4 5 8 4 39 135 226 250 244 245 245 245 247 247 248 248 249 249 250 250 249 249 249 249 249 249 249 249 249 249 249 249 244 244 245 247 248 247 247 247 247 248 249 249 249 249 249 250 249 249 249 248 249 249 249 250 249 250 249 248 247 248 249 249 249 249 249 249 250 250 249 250 250 249 250 249 249 249 247 247 247 242 240 
1 1 3 15 19 15 8 8 7 7 19 34 26 9 0 0 0 2 2 1 1 1 1 1 1 1 1 1 1 1 1 1 1 1 1 1 1 1 1 1 1 1 1 1 1 0 2 5 7 11 53 148 227 250 245 245 245 245 247 248 247 248 248 249 250 250 249 249 249 249 249 249 248 249 249 249 249 248 245 241 240 243 248 247 247 248 248 248 248 248 249 249 249 249 249 249 248 248 248 249 249 248 245 247 248 248 247 247 247 249 250 250 248 249 249 249 249 249 249 248 248 248 249 249 248 248 248 248 250 
1 1 3 15 19 15 7 7 7 7 27 44 27 9 0 0 0 1 2 1 1 1 1 1 1 1 1 1 1 1 1 1 1 1 1 1 1 1 1 1 1 1 1 1 0 0 1 3 7 22 78 167 227 247 247 245 247 247 247 248 247 248 248 249 250 249 249 249 249 249 249 249 250 250 249 249 248 247 243 237 236 241 245 245 247 248 248 249 249 249 248 249 249 249 249 249 249 247 248 249 250 251 249 250 250 249 248 248 247 249 248 248 248 249 249 248 249 249 248 248 248 248 248 248 247 247 245 245 244 
1 1 3 16 21 16 7 5 8 8 32 45 27 9 0 0 0 1 2 1 1 1 1 1 1 1 1 1 1 1 1 1 1 1 1 1 1 1 1 1 1 1 1 1 2 2 2 3 8 38 104 188 227 241 245 247 247 247 248 248 248 248 249 249 250 249 249 249 249 249 248 248 249 249 249 249 248 244 238 236 234 238 244 247 249 249 249 249 249 249 248 248 249 248 249 248 247 248 247 243 238 233 230 237 241 248 250 249 248 247 248 248 249 249 249 248 249 249 249 250 250 250 250 250 250 250 248 246 243 
1 1 3 16 23 17 7 4 9 14 36 45 22 8 1 0 0 0 1 1 1 1 1 1 1 1 1 1 1 1 1 1 1 1 1 1 1 1 1 1 1 1 1 1 2 4 5 9 12 54 142 210 237 244 245 248 247 248 248 248 248 248 249 249 249 249 249 249 249 248 248 249 248 248 249 249 248 247 243 242 241 243 245 248 250 249 248 249 249 248 248 248 248 248 247 247 245 244 243 231 210 198 201 219 237 248 250 249 248 247 248 248 249 249 249 248 248 249 250 250 250 248 248 248 247 245 246 244 241 
1 1 3 17 23 17 8 5 8 14 33 38 16 5 1 0 0 0 0 0 1 1 1 1 1 1 1 1 1 1 1 1 1 1 1 1 1 1 1 1 1 1 1 1 3 8 11 16 32 89 186 234 248 248 248 247 248 248 248 249 248 249 249 249 249 249 249 249 249 248 248 248 247 244 243 245 248 249 249 248 248 249 248 250 250 248 247 248 248 248 248 248 247 248 247 248 248 245 247 236 217 206 210 229 243 249 250 249 249 248 248 248 249 249 248 249 249 248 250 249 244 234 228 228 230 233 238 242 241 
1 1 3 17 24 17 9 5 7 10 29 30 9 3 1 0 0 0 0 0 1 1 1 1 1 1 1 1 1 1 1 1 1 1 1 1 1 1 1 1 1 1 2 3 4 8 13 19 56 139 217 240 248 248 248 249 248 248 248 249 248 249 249 248 249 249 249 249 248 248 248 247 245 242 241 244 248 249 249 249 249 249 249 250 250 249 248 249 248 248 248 248 247 245 244 245 247 247 248 249 245 243 243 247 249 249 250 249 249 248 250 250 249 249 248 249 249 249 249 249 244 231 219 220 226 230 238 243 245 
1 1 4 18 24 17 11 10 5 9 29 27 7 2 0 0 0 0 0 0 1 1 1 1 1 1 1 1 1 1 1 1 1 1 1 1 1 1 1 1 1 1 2 3 5 6 9 25 74 177 238 247 250 248 248 249 249 249 249 249 249 249 249 248 249 249 249 249 248 248 248 248 247 244 243 245 248 249 249 249 249 248 249 249 249 249 249 249 249 249 249 248 249 245 243 247 247 247 248 249 250 250 251 249 249 249 249 249 249 249 250 250 249 249 248 249 249 249 249 249 249 244 238 238 240 242 245 247 249 
1 1 4 18 23 16 10 11 4 11 29 26 8 1 0 0 0 0 0 1 1 1 1 1 1 1 1 1 1 1 1 1 1 1 1 1 1 1 1 1 2 2 2 4 5 9 8 36 104 200 245 249 250 250 249 249 249 249 249 249 249 249 249 249 249 249 249 249 248 248 248 248 248 248 248 248 248 249 249 248 247 247 248 249 248 248 249 249 249 249 249 248 245 247 245 245 247 247 248 248 248 247 248 249 249 249 249 249 249 249 250 250 249 249 248 249 249 249 249 249 249 250 250 250 250 249 249 249 250 
1 1 3 14 21 14 10 10 7 11 30 26 10 2 1 0 0 1 0 1 1 1 1 1 1 1 1 1 1 1 1 1 1 1 1 1 1 1 1 1 1 1 1 3 3 10 17 48 129 205 241 248 250 250 250 250 250 250 250 250 250 250 249 249 249 249 249 248 249 249 249 249 249 249 248 248 248 248 248 248 247 247 248 248 248 248 248 249 249 249 249 248 248 247 247 247 247 247 247 247 247 247 247 247 249 249 249 249 249 249 250 250 249 250 248 249 249 249 249 248 248 249 248 249 249 249 249 249 249 
1 1 3 14 21 12 10 9 9 14 30 27 9 2 1 0 0 0 0 1 1 1 1 1 1 1 1 1 1 1 1 1 1 1 1 1 1 1 1 1 1 1 2 3 4 11 23 78 172 235 249 249 250 250 250 250 250 250 250 250 250 250 250 250 249 249 249 249 249 249 249 249 249 248 248 248 248 248 248 248 248 248 248 248 248 248 248 248 248 248 248 249 248 248 248 249 247 247 247 245 247 248 248 248 248 249 249 249 249 249 250 250 249 250 248 249 249 249 249 248 248 248 248 247 248 249 247 249 248 
1 1 3 12 19 10 8 8 11 17 31 25 9 2 0 0 0 0 0 1 1 1 1 1 1 1 1 1 1 1 1 1 1 1 1 1 1 1 1 1 1 1 2 4 4 11 37 103 201 247 247 249 249 249 250 250 250 250 250 250 250 250 250 250 249 249 249 249 249 249 249 249 249 248 248 248 248 248 248 249 249 249 249 249 249 248 248 248 248 248 249 249 248 248 247 245 244 244 243 244 247 247 247 247 248 248 248 248 248 248 248 248 248 249 249 248 248 248 248 248 248 248 249 248 248 249 248 249 250 
1 1 3 12 19 9 7 8 12 22 34 23 8 2 0 0 0 0 0 1 1 1 1 1 1 1 1 1 1 1 1 1 1 1 1 1 1 1 1 1 1 1 2 7 5 10 54 125 222 247 245 248 249 249 249 250 250 250 250 250 250 250 250 250 249 249 249 249 249 249 249 249 249 248 248 248 248 248 248 249 249 250 250 250 250 250 250 250 249 249 248 248 249 249 244 238 231 229 234 240 245 245 247 247 249 249 249 249 249 249 248 249 249 249 249 249 249 249 249 248 248 247 247 245 245 247 248 249 250 
1 1 3 12 18 9 7 5 14 24 38 22 6 2 2 1 0 0 1 1 1 1 1 1 1 1 1 1 1 1 1 1 1 1 1 1 1 1 1 1 1 2 4 8 7 10 63 143 234 250 245 248 248 248 248 249 249 249 249 249 249 249 249 249 248 248 248 248 248 248 248 248 248 248 248 248 248 248 248 249 249 249 250 250 250 250 249 249 249 249 249 248 247 247 241 233 227 227 231 240 247 248 248 248 249 249 250 250 250 250 250 250 250 249 250 250 249 249 249 249 248 248 248 247 247 248 247 249 249 
1 2 3 12 19 8 5 5 14 26 39 23 4 2 2 1 0 0 1 1 1 1 1 1 1 1 1 1 1 1 1 1 1 1 1 1 1 1 1 2 2 3 5 6 7 10 72 163 247 251 245 248 248 248 248 249 249 249 249 249 249 249 249 249 245 245 245 247 247 248 248 248 248 248 248 248 248 248 248 248 249 249 249 249 248 248 248 248 247 247 247 247 243 244 242 241 238 238 238 242 247 247 247 248 249 248 249 249 249 249 248 249 248 248 247 247 248 248 248 248 248 248 247 247 247 248 248 248 248 
1 1 4 14 18 7 4 4 15 29 39 23 3 1 2 0 0 0 0 1 1 1 1 1 1 1 1 1 1 1 1 1 1 1 1 1 1 1 1 1 1 2 5 8 7 10 70 162 241 245 247 248 248 249 249 249 249 249 249 249 249 249 249 249 245 245 245 247 247 248 248 248 248 248 248 248 248 248 248 249 249 249 248 248 245 244 244 244 244 243 243 243 243 243 243 244 244 244 244 244 244 244 244 244 244 243 243 243 243 242 242 242 242 241 241 241 242 242 242 242 242 241 242 241 241 242 243 245 242 
1 1 7 14 17 7 3 3 17 32 36 18 3 1 1 0 0 0 0 1 1 1 1 1 1 1 1 1 1 1 1 1 1 1 1 1 1 1 1 1 2 3 6 9 9 14 61 158 233 242 244 247 248 249 249 250 249 249 249 249 249 249 249 249 248 248 248 248 248 248 248 248 249 249 249 249 249 249 249 249 249 249 248 248 245 244 244 244 244 245 243 243 245 245 245 247 247 245 245 245 245 245 244 243 243 243 243 242 241 241 241 241 241 242 242 243 243 243 243 243 243 242 244 240 236 237 240 244 241 
1 1 7 15 15 7 4 3 15 29 35 21 5 1 2 1 0 0 0 1 1 1 1 1 1 1 1 1 1 1 1 1 1 1 1 1 1 1 1 2 2 4 6 9 14 24 73 181 243 244 248 249 250 249 249 250 250 250 250 250 250 250 250 249 249 248 248 248 248 248 248 249 248 248 248 248 248 248 248 248 248 248 248 247 247 247 247 248 247 248 248 247 248 248 245 245 247 247 247 247 247 247 245 245 244 245 245 245 245 245 245 245 248 248 248 249 249 249 249 248 247 244 245 247 244 245 244 247 247 
1 1 8 16 15 5 4 5 15 30 33 17 3 1 1 0 0 0 0 1 1 1 1 1 1 1 1 1 1 1 1 1 1 1 1 1 1 1 1 1 2 3 4 10 16 31 88 198 248 247 249 249 250 250 250 250 250 250 250 250 250 250 250 249 249 248 248 248 248 248 248 249 248 248 248 248 248 248 248 248 249 249 249 249 248 248 248 248 249 249 249 249 248 248 248 248 247 247 248 248 248 248 248 247 248 248 248 248 248 248 249 249 249 249 249 249 249 249 249 247 247 245 247 249 249 249 247 244 245 
1 2 10 16 14 5 5 7 12 29 30 14 2 1 1 0 0 0 0 1 1 1 1 1 1 1 1 1 1 1 1 1 1 1 1 1 1 1 1 2 1 2 4 10 14 31 103 201 249 249 249 249 250 250 250 250 250 250 250 250 250 250 250 250 249 249 249 249 249 249 249 249 248 248 248 248 248 248 248 249 249 249 249 249 248 248 248 248 248 248 249 250 249 248 248 248 248 248 249 249 249 249 249 249 250 250 249 249 249 249 249 249 249 249 249 249 249 249 249 249 249 248 247 245 244 242 241 240 240 
1 2 10 16 14 7 4 7 15 29 26 10 1 2 1 0 0 0 0 1 1 1 1 1 1 1 1 1 1 1 1 1 1 1 1 1 1 1 1 2 1 3 6 10 12 38 125 215 249 248 249 249 250 250 250 250 250 250 250 250 250 250 250 250 249 249 249 249 249 249 249 249 249 249 249 249 249 249 249 249 249 249 249 249 249 248 248 249 248 248 247 245 247 247 248 249 249 248 248 249 250 250 250 249 250 250 249 249 249 249 249 249 249 249 249 249 249 249 249 249 249 249 247 243 240 238 240 241 241 
1 2 10 16 12 5 4 5 16 29 26 8 1 2 1 0 0 1 1 1 1 1 1 1 1 1 1 1 1 1 1 1 1 1 1 1 1 1 1 1 3 6 7 11 13 48 143 229 249 248 249 249 250 250 249 249 249 249 249 249 249 249 249 249 248 248 248 248 248 248 248 248 249 249 249 249 249 249 249 249 249 249 249 249 249 249 249 249 249 245 244 243 245 248 248 248 249 249 249 250 250 250 250 250 249 249 249 249 249 249 249 249 249 249 249 250 250 250 249 249 249 248 245 245 243 241 245 245 247 
1 3 11 16 12 5 4 5 19 31 28 8 2 2 2 1 1 1 1 1 1 1 1 1 1 1 1 1 1 1 1 1 1 1 1 1 1 1 1 1 3 6 7 12 13 54 156 237 248 248 249 249 249 249 249 249 249 249 249 249 249 249 249 249 248 248 248 248 248 248 248 249 249 249 249 249 249 249 249 250 249 249 249 249 249 249 249 249 248 248 247 248 248 248 247 248 249 249 249 249 249 249 249 249 249 249 249 249 249 249 249 249 249 249 249 249 248 250 249 249 249 248 248 248 247 245 247 248 249 
1 3 11 16 12 5 3 4 23 32 30 7 1 1 2 1 1 1 1 1 1 1 1 1 1 1 1 1 1 1 1 1 1 1 1 1 1 1 1 1 3 5 7 11 16 71 172 242 248 248 248 248 249 249 249 249 249 249 249 249 249 249 249 249 248 248 248 248 249 249 248 249 249 249 249 249 249 249 249 249 249 249 249 249 249 249 249 249 249 249 249 249 249 248 248 248 249 249 249 249 249 249 249 249 249 249 249 249 249 249 249 249 249 249 249 248 248 249 249 249 249 249 249 249 249 249 247 248 249 
1 4 11 16 12 5 3 4 24 31 30 4 2 1 2 1 2 2 2 1 1 1 1 1 1 1 1 1 1 1 1 1 1 1 1 1 1 1 1 1 3 5 7 10 17 78 181 247 249 248 247 248 249 249 249 249 249 249 249 249 249 249 249 249 249 249 249 249 249 249 249 249 249 249 249 249 249 249 249 249 249 249 249 249 249 249 249 249 249 250 250 250 250 248 249 249 249 249 249 249 249 249 249 249 249 249 249 249 249 249 249 249 249 249 249 249 249 249 249 249 248 249 249 249 249 250 248 248 248 
2 3 9 15 15 6 5 4 23 37 30 9 2 1 1 1 1 1 1 1 1 1 1 1 1 1 0 0 0 0 0 0 0 0 1 1 1 1 1 1 1 4 5 9 22 93 194 245 249 248 249 249 249 249 249 250 249 249 249 249 249 249 249 249 249 249 249 249 250 250 249 249 248 249 249 249 249 249 248 249 249 249 249 249 249 249 249 250 250 249 249 249 250 249 249 249 249 249 249 249 249 249 249 249 249 249 249 249 249 249 249 249 249 248 248 249 249 249 249 250 249 249 249 249 249 249 248 248 248 
2 3 9 17 16 8 6 5 26 37 30 7 1 1 1 1 1 1 1 1 1 1 1 1 1 1 0 0 0 0 0 0 0 0 1 1 1 1 1 1 1 3 7 9 30 106 196 242 247 247 249 249 249 249 249 249 249 249 249 249 249 249 249 249 248 248 248 248 250 250 250 250 249 249 249 249 248 248 248 248 248 248 248 249 249 249 249 249 250 249 249 249 249 249 249 249 249 249 249 249 249 249 249 249 248 249 249 249 249 249 249 249 249 249 249 249 249 249 249 250 249 249 249 249 249 249 249 249 249 
2 3 10 18 17 10 7 5 28 37 29 4 1 1 1 1 1 1 1 1 1 1 1 1 1 1 0 0 0 0 0 0 0 0 1 1 0 1 1 1 2 3 8 8 32 110 196 237 247 247 249 249 249 249 249 249 249 249 249 250 249 250 250 249 248 248 248 248 250 250 250 250 249 249 249 249 248 248 248 248 248 248 248 249 249 250 250 250 250 249 249 249 249 249 249 249 249 249 249 249 249 249 249 249 249 249 249 249 249 249 249 249 249 249 249 249 249 249 249 250 249 249 249 249 249 249 249 249 249 
2 3 10 18 16 9 5 4 28 32 22 3 1 1 1 1 2 2 2 1 1 1 1 1 1 1 0 0 0 0 0 0 0 0 1 1 0 1 1 1 2 3 9 9 31 110 203 241 245 247 249 249 248 249 249 249 249 249 249 250 250 250 250 250 248 248 244 239 235 234 242 248 249 248 249 249 248 248 248 248 248 248 248 249 249 250 250 250 250 249 249 249 249 249 249 249 249 249 249 249 249 249 249 249 249 249 249 249 249 249 249 249 249 249 249 249 249 249 249 250 249 249 249 249 249 249 249 249 249 
1 2 9 15 13 8 4 3 26 31 19 3 1 1 1 1 2 2 2 1 1 1 1 1 1 1 0 0 0 0 0 0 0 0 1 1 1 1 1 1 3 4 9 8 39 134 220 243 248 249 249 249 248 248 248 248 248 248 249 250 250 250 250 250 248 245 241 229 209 201 215 235 240 242 245 247 248 247 248 248 248 248 248 249 249 250 250 250 250 249 249 249 250 250 249 249 249 249 249 249 249 249 249 249 249 249 249 249 249 249 249 249 249 249 249 249 249 249 249 249 250 249 249 249 249 249 249 249 249 
1 2 10 14 11 6 3 3 28 30 17 3 1 1 1 1 2 2 2 1 1 1 1 1 1 1 0 0 0 0 0 0 0 0 1 1 1 1 1 1 3 5 8 8 45 145 224 247 249 249 249 249 249 250 250 250 249 249 249 249 249 250 251 249 247 245 245 236 216 203 210 231 234 241 243 247 248 247 248 248 248 248 248 249 249 250 250 250 249 249 249 249 250 250 249 249 249 249 249 249 249 249 249 249 249 249 249 249 249 249 249 249 249 249 249 249 249 249 249 249 250 249 249 249 249 249 249 249 249 
1 3 11 14 11 8 5 4 29 31 19 4 1 1 1 1 2 2 2 1 1 1 1 1 1 1 0 0 0 0 0 0 0 0 1 1 1 1 1 2 3 5 9 9 50 157 237 249 249 248 248 248 248 248 248 249 249 249 249 250 250 250 251 251 248 249 249 248 245 238 240 241 243 243 245 247 248 248 247 247 248 248 248 249 249 250 250 250 250 250 249 249 249 249 249 249 249 249 250 250 249 249 250 249 248 248 247 247 248 248 248 248 248 248 248 248 247 247 248 248 248 248 248 248 249 249 249 249 249 
1 5 12 15 11 8 7 4 31 35 23 5 1 1 1 2 2 2 2 1 1 1 1 1 1 1 0 0 0 0 0 0 0 0 1 1 1 1 1 1 3 5 10 9 56 156 238 249 250 248 248 248 248 247 247 248 248 248 249 250 250 250 251 251 249 249 249 248 250 251 250 250 250 249 248 249 250 248 244 248 249 249 249 249 248 250 251 251 250 250 249 250 251 250 250 251 251 251 252 252 251 252 251 252 251 252 252 252 252 252 252 250 249 248 249 249 248 248 248 248 248 248 248 248 249 249 249 249 249 
1 5 12 15 9 7 8 6 31 30 21 5 2 1 1 2 2 2 2 1 1 1 1 1 1 1 0 0 0 0 0 0 0 0 0 0 0 1 2 4 4 4 9 25 57 135 223 250 249 248 248 247 248 245 245 245 247 247 248 249 249 249 250 251 250 250 248 247 248 250 249 249 250 249 248 248 248 244 241 245 244 244 241 240 242 242 242 242 243 243 243 244 245 247 247 244 244 245 247 247 247 248 247 247 247 243 241 243 246 250 250 250 249 249 250 250 249 249 249 248 248 248 249 249 249 250 249 249 249 
0 5 11 14 8 5 6 6 31 29 21 5 2 1 2 2 2 2 2 1 1 1 1 1 1 1 0 0 0 0 0 0 0 0 0 0 1 1 1 2 3 2 3 14 49 132 219 241 249 248 248 248 248 248 248 248 247 248 248 249 249 249 249 249 250 251 249 249 248 246 240 231 228 224 223 226 228 222 212 206 200 195 189 188 190 188 187 187 187 188 191 192 194 193 193 192 191 191 191 192 192 193 195 193 188 178 172 174 180 188 195 203 209 210 212 212 212 212 213 213 213 213 213 213 212 213 214 214 214 
0 5 11 12 7 4 6 6 31 29 19 4 1 1 2 2 2 2 2 1 1 1 1 1 1 1 0 0 0 0 0 0 0 0 0 0 1 1 2 3 3 0 1 8 39 122 206 231 249 249 249 249 249 249 249 249 249 248 248 248 248 248 247 247 245 244 241 237 234 222 208 189 173 165 169 177 179 169 157 148 136 130 123 118 121 116 114 111 111 114 116 117 118 117 116 116 116 116 116 115 115 118 122 121 117 111 107 104 109 116 125 131 132 132 132 132 132 132 132 134 134 134 134 132 131 126 125 124 123 
0 4 11 12 7 4 5 5 31 28 17 5 1 1 2 2 2 2 2 1 1 1 1 1 1 1 0 0 0 0 0 0 0 0 0 0 1 1 2 5 9 9 11 12 47 139 213 229 251 249 249 248 249 249 249 249 248 247 245 244 243 243 244 244 238 231 226 220 214 206 192 173 162 152 148 148 145 141 137 136 135 132 131 128 125 125 121 115 115 115 115 118 124 128 129 129 126 126 128 129 130 132 135 137 136 136 135 131 129 128 124 119 117 118 121 120 120 118 117 117 117 115 114 113 104 93 82 81 81 
0 5 12 12 7 4 5 6 31 29 18 5 1 1 2 2 2 2 2 1 1 1 1 1 1 1 0 0 0 0 0 0 0 0 0 0 1 2 3 7 11 12 15 16 54 135 213 242 248 248 248 248 248 249 248 247 247 245 245 243 243 242 244 244 237 235 231 226 221 220 216 215 212 206 191 175 171 180 185 193 201 201 205 205 202 200 199 199 198 194 189 195 205 210 214 212 209 207 207 207 208 210 212 214 215 217 220 217 212 202 189 182 179 185 189 186 188 188 187 187 186 185 184 180 172 163 156 152 152 
0 5 11 11 5 3 5 6 29 29 18 3 1 1 2 2 2 2 2 1 1 1 1 1 1 1 0 0 0 0 0 0 0 0 0 0 1 2 4 5 8 11 15 16 71 164 229 248 246 247 248 248 249 248 248 249 248 247 245 244 245 245 247 245 243 245 244 243 241 241 243 246 246 244 237 227 221 228 234 239 243 240 241 241 240 241 243 244 243 241 239 240 245 247 247 247 246 246 245 243 244 245 244 243 244 246 246 246 247 243 238 237 237 241 242 240 238 237 236 237 236 236 235 234 234 234 233 231 230 
0 5 12 12 9 5 5 7 25 28 19 3 1 1 1 2 2 2 2 1 1 1 1 1 1 1 0 0 0 0 0 0 0 0 1 1 1 2 1 1 2 3 4 9 77 191 251 252 250 250 249 248 249 249 250 250 249 248 247 245 247 245 247 248 247 247 247 247 246 245 245 247 247 247 247 246 246 245 247 247 247 246 237 233 238 244 247 247 247 247 247 247 247 247 247 248 248 248 248 247 248 248 247 245 244 243 243 244 244 247 248 249 249 249 249 247 247 244 246 246 244 244 244 247 248 249 248 248 247 
1 5 14 15 11 8 7 8 24 29 19 3 2 1 1 2 2 2 2 1 1 1 1 1 1 1 0 0 0 0 0 0 0 0 1 1 1 2 1 0 0 0 0 7 74 160 198 212 216 235 247 249 250 251 251 250 249 248 248 247 248 247 247 249 249 248 248 248 247 247 246 246 246 246 245 247 249 246 246 247 248 246 234 231 238 244 246 246 247 247 247 247 248 247 248 248 248 248 248 247 248 248 247 247 245 244 241 240 242 244 245 248 247 245 244 245 247 247 246 246 246 246 246 246 246 247 246 246 246 
1 5 14 15 13 9 8 8 21 28 18 3 1 1 1 1 1 1 2 2 1 1 1 1 1 1 1 1 1 1 1 1 1 1 1 1 1 1 2 2 1 2 8 12 46 99 124 129 93 113 150 207 250 252 251 251 250 249 248 248 248 247 248 250 249 249 249 249 248 247 247 247 248 248 248 250 250 247 247 248 249 248 243 243 247 247 249 249 248 247 247 248 249 249 249 250 250 249 248 248 249 249 248 247 247 244 243 242 242 243 244 244 247 245 244 245 247 247 247 247 247 247 247 248 249 249 247 247 247 
1 3 14 15 13 9 8 8 19 28 16 3 1 1 0 1 1 1 2 2 1 1 1 1 1 1 1 1 1 1 1 1 1 1 1 1 1 1 1 2 1 2 4 7 28 61 75 67 61 54 87 178 249 251 251 250 249 249 248 249 248 248 248 250 249 249 249 249 248 247 248 248 249 249 250 250 250 249 249 249 248 248 247 249 248 248 249 248 247 245 245 247 249 249 250 249 249 249 248 248 249 249 248 248 247 245 244 243 242 240 241 242 243 243 243 245 247 247 247 247 248 247 248 248 249 250 248 248 248 
1 2 14 16 14 9 8 9 18 26 15 3 1 1 0 1 1 1 2 2 1 1 1 1 1 1 1 1 1 1 1 1 1 1 1 1 1 2 2 2 3 3 2 1 26 57 64 53 58 45 63 152 233 249 249 250 249 249 248 249 249 249 249 250 249 249 250 250 249 249 250 250 250 250 250 250 250 249 249 249 248 249 249 249 250 250 247 245 244 243 243 244 248 249 249 249 248 249 248 249 250 250 249 248 248 248 247 248 244 243 243 243 244 244 244 248 248 248 248 249 249 248 248 249 250 250 249 249 249 
1 3 15 17 12 9 9 11 17 25 12 3 1 1 0 1 1 1 2 2 1 1 1 1 1 1 1 1 1 1 1 1 1 1 1 1 1 2 2 2 3 3 0 3 26 53 52 54 53 46 52 125 213 251 250 249 249 249 249 249 250 249 249 249 249 248 247 247 247 247 247 249 250 249 249 249 248 248 249 249 248 249 249 249 250 251 247 243 241 242 243 244 247 249 248 247 248 249 249 249 250 250 249 249 249 249 250 250 250 249 249 249 248 249 248 248 249 250 250 250 249 250 250 249 250 250 250 250 250 
1 1 17 21 12 9 8 11 18 25 10 3 1 1 0 1 1 1 2 2 1 1 1 1 1 1 1 1 1 1 1 1 1 1 1 1 1 2 3 4 4 3 1 12 28 45 37 40 40 30 35 110 206 249 248 248 247 247 248 247 247 244 246 246 246 244 243 244 244 247 248 248 249 250 250 250 248 248 250 249 249 248 249 249 249 249 247 243 243 244 244 245 248 248 247 247 245 249 250 249 249 249 249 248 248 249 251 250 250 249 249 249 250 250 248 249 249 249 249 248 249 249 250 250 250 250 250 250 250 
0 4 21 24 15 8 9 11 18 26 10 3 1 1 0 1 1 1 2 2 1 1 1 1 1 1 1 1 1 1 1 1 1 1 1 1 1 2 3 3 4 3 3 10 26 38 35 38 32 19 17 94 188 228 234 241 243 244 245 244 243 241 239 241 241 241 237 240 242 244 244 247 248 248 247 244 241 244 247 248 248 248 249 249 249 249 248 248 247 248 248 248 249 248 248 247 247 249 248 248 249 249 249 249 248 248 249 248 248 249 249 249 249 249 248 249 249 248 248 249 249 249 249 250 249 249 249 250 249 
0 7 24 27 17 10 9 11 22 28 10 3 2 1 0 0 1 1 2 2 1 1 1 1 1 1 1 1 1 1 1 1 1 1 1 1 1 2 2 2 3 3 5 10 31 47 45 47 47 47 49 93 166 202 203 227 243 246 244 243 242 242 241 241 242 242 238 238 241 242 244 245 246 241 232 227 220 227 234 242 247 248 250 250 250 251 250 250 249 249 249 249 249 248 247 244 246 247 243 239 243 245 248 248 249 247 247 247 249 251 250 250 250 250 249 249 249 249 249 249 249 249 249 249 250 250 250 249 249 
0 9 26 29 19 10 8 9 29 31 11 3 2 1 0 0 1 1 2 2 1 1 1 1 1 1 1 1 1 1 1 1 1 1 1 1 1 2 2 3 3 4 8 24 66 103 118 122 141 141 151 164 189 203 212 235 246 246 247 247 242 243 246 247 246 245 247 247 245 248 248 248 247 243 236 228 217 220 229 240 244 248 250 249 245 245 244 247 247 247 247 249 248 248 245 244 244 244 239 230 229 237 245 248 249 248 247 247 245 245 245 249 250 250 251 250 249 249 249 249 249 249 249 249 250 250 250 250 249 
0 9 26 30 22 17 23 23 36 37 14 3 1 1 0 1 1 1 2 2 1 1 1 1 1 1 1 1 1 1 1 1 1 1 2 2 2 3 3 3 4 5 4 18 103 192 238 235 223 227 231 233 231 237 241 244 246 247 250 248 242 238 240 244 248 248 250 250 250 250 250 249 248 250 249 245 238 238 241 243 245 249 249 247 237 228 230 237 241 243 244 247 247 247 247 247 242 242 238 229 228 235 245 248 249 248 245 237 226 226 233 241 249 249 250 249 249 248 248 249 248 249 249 248 247 245 245 247 248 
0 8 26 32 26 24 30 33 43 42 16 3 1 1 0 1 1 1 2 2 1 1 1 1 1 1 1 1 1 1 1 1 1 1 2 2 2 3 3 3 4 5 14 44 123 219 245 240 240 243 245 243 243 245 246 246 246 246 248 248 248 241 235 237 244 248 249 249 248 250 249 249 249 249 248 247 246 246 247 246 248 250 249 245 236 226 229 236 241 242 244 247 247 247 247 245 243 243 238 230 231 239 246 248 248 247 243 233 223 224 234 244 249 249 248 249 248 248 249 250 249 247 238 236 236 235 235 237 243 
1 7 25 38 36 33 34 36 56 46 16 4 1 1 0 1 1 1 2 2 1 1 1 1 1 1 1 1 1 1 1 1 1 1 2 2 2 3 3 3 4 6 15 45 135 225 248 245 245 244 244 245 247 247 247 247 249 249 249 249 249 245 243 244 249 249 249 248 249 251 250 249 250 249 247 244 245 248 249 249 249 250 249 248 242 238 242 244 245 244 247 248 248 249 248 247 243 244 239 229 230 242 248 248 248 247 245 241 238 240 244 247 249 249 249 248 248 248 249 251 249 244 235 230 231 234 235 238 241 
1 7 26 42 41 39 41 43 59 46 15 4 1 1 0 1 1 1 2 2 1 1 1 1 1 1 1 1 1 1 1 1 1 1 2 2 2 3 3 3 3 5 9 37 139 224 250 247 247 247 248 247 247 248 247 248 249 249 250 250 248 249 250 250 250 249 249 250 250 248 241 236 245 248 248 248 248 249 249 249 250 250 251 250 248 250 249 248 248 248 248 248 248 249 249 248 244 246 246 239 240 246 248 248 248 248 248 248 249 249 249 249 249 249 248 248 248 248 248 249 249 245 242 240 242 243 243 247 246 
1 7 26 42 40 39 44 47 61 46 10 3 1 1 0 1 1 1 2 2 1 1 1 1 1 1 1 1 1 1 1 1 1 1 2 2 2 3 2 2 0 0 5 40 129 220 248 245 245 245 247 248 249 248 248 249 249 249 250 250 249 248 248 248 248 248 250 251 251 245 228 220 233 247 249 251 251 251 249 249 250 250 251 251 251 251 250 248 248 249 248 248 249 249 249 249 248 249 249 249 249 249 249 248 249 249 249 249 251 250 250 249 248 248 248 248 248 249 248 248 248 248 249 250 249 249 250 250 250 
1 7 26 42 40 39 44 47 61 43 8 3 1 1 0 1 1 1 2 2 1 1 1 1 1 1 1 1 1 1 1 1 1 1 2 2 2 2 1 1 1 2 6 32 108 195 243 247 247 247 248 248 249 249 249 249 249 249 249 249 249 248 248 249 249 249 251 251 251 245 233 226 231 244 249 251 251 251 249 249 248 249 249 250 250 249 249 250 249 250 249 248 247 248 249 249 249 248 249 249 249 248 248 250 250 251 250 249 249 249 249 249 248 248 248 248 249 249 248 248 248 248 248 248 249 249 250 249 249 
1 7 28 42 40 39 45 47 58 33 8 3 0 0 0 0 1 1 2 2 1 1 1 1 1 1 1 1 1 1 1 1 1 1 2 2 2 2 2 2 1 3 9 26 75 155 214 241 243 244 247 247 248 248 247 247 249 249 249 249 249 248 248 249 249 250 250 249 249 249 245 244 245 247 249 250 250 250 249 249 249 249 250 249 250 249 250 250 249 249 249 248 248 249 249 249 249 249 251 251 249 247 248 251 250 250 250 247 247 249 249 249 248 249 249 249 249 249 249 249 248 248 247 248 247 248 249 249 249 
1 8 31 42 42 40 45 47 56 26 6 3 0 0 0 0 1 2 2 2 1 1 1 1 1 1 1 1 1 1 1 1 2 2 2 2 2 3 2 2 1 3 10 32 68 128 187 214 234 244 247 248 248 248 247 247 248 247 247 248 248 245 245 248 248 250 250 250 250 250 251 251 251 249 249 250 249 249 249 249 249 250 250 250 250 249 249 249 249 249 249 248 248 249 249 249 249 249 244 242 244 248 250 248 249 248 249 244 248 250 249 248 249 249 249 249 249 249 250 251 250 250 249 249 249 248 249 248 248 
3 8 32 43 44 44 47 38 59 36 9 3 1 0 0 1 0 0 1 1 1 1 1 1 1 1 1 1 1 1 1 1 1 1 1 1 1 2 3 3 0 1 15 36 53 79 132 175 228 242 247 248 248 248 247 247 248 247 247 248 248 245 247 247 248 250 250 249 250 249 249 249 247 247 249 251 251 249 250 249 250 250 250 250 249 249 248 249 249 250 249 248 248 249 249 249 249 244 233 230 240 248 250 251 249 248 249 248 248 249 249 249 250 250 249 249 249 249 249 249 244 235 224 223 231 241 245 247 247 
3 8 32 45 51 44 50 52 60 34 9 3 1 0 0 1 0 0 1 1 1 1 1 1 1 1 1 1 1 1 1 1 1 1 1 1 1 2 3 4 3 13 20 38 51 78 138 185 227 241 245 247 247 247 247 247 248 247 247 247 247 245 247 247 248 250 250 250 249 249 248 248 248 248 248 250 251 249 250 250 250 250 249 250 249 249 248 248 248 250 249 248 248 249 249 247 248 244 235 233 242 248 250 250 249 248 249 249 248 249 249 249 250 250 249 249 249 248 243 235 215 192 172 176 200 222 238 245 244 
5 8 31 47 61 59 58 57 60 34 9 3 1 0 0 1 0 0 1 1 1 1 1 1 1 1 1 1 1 1 1 1 1 1 1 2 2 2 3 5 6 14 29 41 67 90 138 186 227 238 244 245 244 246 247 248 248 247 247 247 247 245 248 248 248 250 250 250 249 248 249 249 248 248 248 249 249 249 250 250 249 249 249 251 251 249 248 249 250 250 250 249 249 248 248 248 249 248 247 248 249 250 250 249 249 249 248 249 250 249 249 249 249 249 249 249 249 248 242 231 216 200 184 186 201 219 235 241 242 
5 8 30 51 66 66 69 62 62 34 9 3 1 0 0 1 0 0 1 1 1 1 1 1 1 1 1 1 1 1 1 1 1 1 0 2 3 2 6 9 12 22 40 51 82 97 122 163 212 234 242 244 244 246 247 248 248 247 248 248 248 248 248 248 249 250 250 249 249 248 249 249 249 249 248 248 250 250 250 249 249 249 250 250 248 244 242 238 238 238 243 247 248 247 248 249 251 250 251 251 251 251 249 251 251 250 248 249 250 249 249 249 249 249 249 249 249 249 248 245 238 238 235 233 233 235 241 242 243 
7 5 45 73 86 89 84 80 61 32 9 2 0 0 0 1 0 0 1 1 1 1 1 1 2 2 1 1 0 0 2 2 1 0 0 1 4 2 3 12 28 37 64 75 93 101 115 136 176 209 228 236 243 246 246 247 248 248 249 249 249 249 250 250 249 249 249 249 249 248 249 249 248 250 250 250 251 252 251 248 245 247 247 244 240 236 229 217 210 209 223 236 245 248 248 248 249 250 249 249 250 250 249 250 250 249 248 247 247 249 249 249 249 248 249 249 249 249 249 249 245 248 251 251 250 249 248 248 248 
7 7 37 71 90 101 87 79 63 32 8 2 0 0 0 1 0 0 1 1 1 1 1 1 2 2 1 1 0 0 2 2 1 1 0 0 8 9 11 28 37 47 72 78 86 93 104 117 152 188 212 224 238 246 246 247 248 248 249 249 249 250 250 250 249 249 249 249 249 248 248 249 249 250 251 251 251 251 251 248 245 245 244 240 237 236 231 220 213 209 221 234 242 246 247 247 245 245 245 245 245 247 245 245 245 247 247 247 245 247 248 248 248 248 249 249 249 248 248 248 245 244 247 249 249 249 250 249 249 
4 7 32 65 81 82 81 82 64 33 8 2 2 0 0 1 0 0 1 1 1 1 1 2 1 1 1 1 0 0 1 0 1 1 3 8 19 36 46 59 65 72 80 73 73 72 75 94 145 188 217 229 242 245 247 248 248 248 249 249 249 249 250 250 249 250 250 250 250 249 249 249 249 249 248 250 250 248 247 247 248 248 244 242 243 243 242 241 238 237 239 243 245 247 247 248 245 247 247 247 247 244 243 245 246 246 245 245 244 242 244 245 247 249 248 249 248 247 250 250 250 249 248 249 249 250 250 249 248 
3 7 31 61 74 76 80 84 62 29 3 2 2 0 0 1 0 0 1 1 1 1 1 2 1 1 1 1 0 0 1 1 2 3 4 12 32 64 93 103 65 73 75 64 70 66 67 82 143 188 221 236 244 245 248 248 249 248 249 249 249 249 250 250 249 250 250 250 250 249 249 249 248 244 240 240 244 245 244 242 244 244 243 243 244 244 245 247 248 248 248 248 247 248 248 248 248 247 247 247 247 245 244 244 242 241 237 235 235 237 242 244 249 250 249 249 247 249 250 250 250 250 249 250 250 250 249 249 249 
1 9 53 100 107 91 93 88 62 26 4 3 2 0 0 1 0 0 1 1 1 1 1 2 0 0 0 0 1 1 1 2 1 2 4 10 66 101 137 151 97 82 61 59 60 66 66 84 142 182 210 217 226 242 247 248 249 248 248 248 249 249 249 249 249 249 249 249 249 249 249 249 247 242 238 234 238 243 242 241 242 241 242 242 243 243 243 243 244 245 245 247 247 248 249 248 248 247 247 247 244 244 243 241 235 233 229 228 231 237 243 245 250 250 249 248 248 249 249 249 249 249 249 249 249 249 249 249 249 
3 14 64 129 147 126 111 94 71 26 7 4 1 1 1 1 0 0 0 1 1 1 1 2 0 0 0 0 1 1 1 1 1 1 3 11 66 103 149 164 109 101 82 77 66 71 74 87 143 178 195 185 194 230 247 246 248 248 248 248 249 249 249 249 249 249 249 249 249 249 249 249 248 245 242 241 242 244 244 244 247 245 247 247 245 245 247 247 247 247 247 248 248 248 249 248 248 248 247 245 245 245 244 243 240 238 237 237 240 242 245 247 250 250 249 248 249 249 249 249 249 249 249 249 249 249 249 249 249 
5 24 79 156 187 172 143 114 75 26 7 4 3 2 1 1 0 0 0 1 1 1 1 2 0 0 1 1 1 1 1 1 1 1 4 5 41 73 115 130 109 115 102 93 84 85 92 99 143 173 186 182 191 223 243 246 248 248 249 249 250 250 250 250 249 249 249 249 249 249 250 250 250 250 249 249 249 249 250 250 250 251 251 251 250 250 250 251 251 251 250 251 251 249 249 249 249 249 249 248 248 249 247 248 247 248 248 247 248 248 247 249 249 249 249 249 249 249 250 248 249 249 249 249 249 249 249 249 249 
0 22 74 170 223 216 175 132 78 26 6 4 2 1 0 1 0 0 0 1 1 1 1 2 0 0 1 1 1 1 1 1 1 1 3 3 24 32 56 75 108 109 97 93 88 95 103 103 127 148 170 188 198 220 239 247 248 248 249 249 250 250 250 250 249 249 249 249 249 249 251 251 251 251 251 250 251 251 251 251 249 250 250 250 250 250 251 251 251 251 250 249 249 249 249 249 249 249 249 249 249 249 248 249 248 249 249 248 248 248 248 249 249 249 249 248 247 247 248 248 247 247 248 249 249 249 249 249 249 
0 3 54 155 224 235 202 153 79 26 4 2 2 0 0 1 0 0 1 1 1 1 1 2 1 1 0 0 1 1 1 1 1 1 2 3 4 1 6 31 95 96 90 88 85 90 100 97 104 120 154 186 200 217 238 246 248 248 248 248 249 249 249 249 249 249 249 249 249 249 251 251 251 251 251 251 251 251 251 250 250 249 249 249 249 249 249 249 250 251 251 249 249 249 250 250 249 248 249 249 249 249 248 249 249 250 250 249 249 249 248 249 249 249 248 244 245 244 244 247 247 248 248 249 249 249 249 249 249 
0 0 36 136 207 231 210 165 71 17 3 3 2 0 0 1 0 0 1 1 1 1 1 1 1 1 0 0 1 1 1 1 1 1 2 3 4 3 2 14 81 89 84 81 81 84 91 90 96 111 145 181 199 216 236 245 247 248 248 248 249 249 249 249 249 249 249 249 249 249 250 250 250 250 250 250 250 250 250 250 249 249 249 249 249 249 249 249 249 249 249 249 248 250 250 250 250 249 249 249 249 249 249 249 248 250 250 248 249 248 248 249 249 249 249 248 247 245 245 247 249 249 249 249 249 249 249 249 249 
0 0 18 100 171 214 194 139 71 18 2 1 3 1 1 1 0 1 0 1 1 1 1 1 1 1 0 0 1 1 1 1 2 1 2 3 3 3 4 17 67 74 74 73 81 84 88 88 95 110 138 174 196 212 230 242 244 247 249 249 249 249 249 249 249 249 250 250 250 250 250 250 250 250 251 251 250 250 250 250 249 249 249 249 250 250 249 249 249 249 249 249 249 249 250 250 250 249 249 249 249 249 249 249 248 249 249 248 248 248 248 248 249 249 249 249 249 248 248 249 249 249 249 249 249 249 249 249 249 
2 3 15 87 158 207 191 124 72 21 3 2 4 3 2 1 0 1 0 1 1 1 1 1 1 1 0 0 1 1 1 1 2 2 2 3 3 3 6 26 56 63 70 71 80 82 86 87 93 108 135 174 194 205 227 240 244 248 250 249 250 249 249 248 249 249 250 250 250 250 250 250 250 250 251 251 250 250 250 250 249 249 249 249 250 250 249 249 249 249 249 249 249 248 249 250 249 249 249 249 249 249 249 249 249 249 249 249 248 249 249 249 249 249 249 249 249 249 249 249 249 249 249 249 249 249 249 249 249 
2 0 12 52 132 177 178 123 74 23 3 2 2 1 1 1 1 0 0 2 2 1 1 1 1 1 0 0 0 0 0 0 1 1 1 1 3 3 8 36 63 74 79 80 82 86 87 89 93 106 132 170 193 205 224 237 242 247 249 249 250 250 250 249 249 249 250 250 250 250 250 250 250 250 250 250 249 249 249 249 249 249 249 249 249 249 249 249 249 249 249 249 249 249 249 249 249 249 249 249 249 249 249 249 249 249 249 249 249 249 249 249 249 249 249 249 249 249 249 249 249 249 249 249 249 249 249 249 249 
2 1 10 67 159 198 195 152 89 26 2 0 1 1 1 1 1 1 0 2 2 1 1 1 1 1 0 0 0 0 0 0 1 1 1 2 3 2 10 42 65 86 93 90 89 91 93 93 96 107 127 158 191 208 220 235 242 246 249 251 251 251 250 250 249 249 250 250 250 250 250 250 249 249 249 249 249 249 249 249 249 249 249 249 249 249 249 249 249 249 249 249 249 249 249 249 249 249 249 249 249 249 249 249 249 249 249 249 249 249 249 249 249 249 249 249 249 249 249 249 249 249 249 249 249 249 249 249 249 
2 5 30 90 185 208 209 186 121 49 9 0 0 0 0 2 2 1 1 1 1 1 1 1 1 1 1 1 1 1 1 1 1 1 1 2 3 2 15 51 74 88 95 98 100 98 98 98 100 107 118 143 172 193 204 217 227 234 240 243 247 247 248 249 249 249 249 249 250 250 250 250 249 249 249 249 249 249 249 249 249 249 249 249 249 249 249 249 249 249 249 249 249 249 249 249 249 249 249 249 249 249 249 249 249 249 249 249 249 249 249 249 249 249 249 249 249 249 249 249 249 249 249 249 249 249 249 249 249 
3 10 46 124 212 224 224 213 162 89 36 7 0 0 0 2 1 1 1 1 1 1 1 1 1 1 1 1 1 1 1 1 1 1 1 3 5 2 12 54 71 88 96 103 105 104 102 101 100 102 112 131 153 169 183 196 197 201 211 214 219 227 237 243 249 250 249 249 250 250 250 250 249 249 249 249 249 249 249 249 249 249 249 249 249 249 249 249 249 249 249 249 249 249 249 249 249 249 249 249 249 249 249 249 249 249 249 249 249 249 249 249 249 249 249 249 249 249 249 249 249 249 249 249 249 249 249 249 249 
5 12 58 151 228 246 248 244 208 147 75 37 10 4 1 0 0 0 1 2 2 1 1 1 1 1 1 1 1 1 1 1 1 1 1 9 10 8 12 43 66 88 99 107 109 107 105 104 103 104 110 124 141 153 167 184 181 178 184 187 197 214 230 242 249 249 249 249 249 249 250 250 249 249 249 249 249 249 249 249 249 249 249 249 249 249 249 249 249 249 249 249 249 249 249 249 249 249 249 249 249 249 249 249 249 249 249 249 249 249 249 249 249 249 249 249 249 249 249 249 249 249 249 249 249 249 249 249 249 
8 15 82 173 238 245 248 243 229 187 117 68 29 14 1 0 0 0 1 2 2 1 1 2 1 2 1 1 1 1 1 1 1 1 1 2 3 5 8 18 58 85 99 102 102 101 101 102 101 102 103 115 136 152 165 180 186 189 194 201 209 225 238 246 250 249 249 249 249 249 250 250 249 249 249 249 249 249 249 249 249 249 249 249 249 249 249 249 249 249 249 249 249 249 249 249 249 249 249 249 249 249 249 249 249 249 249 249 249 249 249 249 249 249 249 249 249 249 249 249 249 249 249 249 249 249 249 249 249 
