3 4 4 4 4 4 4 4 4 4 4 4 4 3 4 5 5 8 11 13 21 33 38 38 37 33 37 39 39 38 37 37 37 39 41 43 42 38 36 35 35 35 35 35 35 37 33 33 33 33 33 33 33 33 33 33 33 32 32 32 33 33 34 34 33 35 35 35 34 33 32 31 30 29 28 25 23 22 21 21 19 19 19 19 19 19 19 20 19 19 19 19 19 19 20 22 21 21 22 22 22 22 23 22 21 19 19 19 20 20 19 19 20 20 22 22 20 20 19 19 20 20 20 20 20 20 20 20 19 19 19 
3 4 4 4 4 4 5 5 5 5 7 4 7 5 7 7 7 8 10 12 22 34 40 40 42 40 44 54 57 50 44 42 41 43 43 45 46 43 40 39 39 40 44 44 46 38 33 33 33 33 33 33 32 32 32 32 32 32 32 32 32 32 33 33 33 33 33 33 33 32 33 33 33 31 28 26 24 22 21 19 21 21 19 19 20 20 20 20 20 20 20 20 20 20 20 20 21 21 21 21 21 21 19 19 19 19 19 19 18 19 19 18 20 20 20 20 20 20 18 18 18 18 18 18 18 18 18 18 20 20 20 
4 4 4 4 4 4 6 8 8 8 8 9 8 7 9 8 8 9 11 15 25 37 45 51 51 56 66 82 86 72 58 49 46 47 46 49 50 44 43 40 45 54 60 58 51 39 33 33 33 33 33 33 32 32 32 32 32 32 32 31 31 31 32 33 33 32 33 33 35 33 34 36 34 34 32 30 29 26 24 23 22 22 21 22 23 23 22 22 20 20 20 20 20 20 20 22 21 21 21 21 21 21 19 19 19 19 19 19 19 19 19 19 19 19 20 20 20 20 19 18 18 18 18 18 18 18 18 18 20 20 20 
5 5 4 5 6 5 4 5 12 7 11 12 8 8 9 9 16 24 24 29 41 50 65 74 71 78 100 129 130 104 78 60 52 56 57 53 51 47 45 42 49 65 73 67 52 39 35 35 36 34 33 33 32 32 32 32 31 32 32 32 31 31 31 31 31 30 31 32 33 33 33 35 33 33 34 34 32 31 28 25 25 24 22 23 23 22 21 21 21 21 21 21 21 21 21 21 21 19 19 19 19 19 20 20 19 19 19 19 19 19 19 19 19 19 20 20 20 20 19 18 18 18 18 18 18 18 18 18 20 20 20 
5 5 5 5 4 5 4 4 14 9 10 8 8 12 21 24 37 55 59 59 68 76 87 96 96 103 125 155 157 141 121 103 93 84 75 65 60 57 49 46 54 58 62 59 50 43 38 36 37 37 36 35 35 32 32 32 32 32 33 32 32 31 31 31 30 30 31 32 33 33 33 35 35 35 37 36 36 34 31 30 29 26 24 23 24 24 23 22 21 21 21 21 21 21 21 21 21 19 19 19 19 19 20 20 19 19 19 19 19 19 19 19 19 19 19 19 19 19 18 19 18 18 18 18 18 18 18 18 20 20 20 
4 5 4 4 4 5 6 6 17 12 18 19 25 46 70 81 95 113 120 121 124 125 127 130 139 151 167 193 206 210 201 193 184 162 142 124 105 86 67 65 73 68 63 52 46 44 42 38 38 39 38 37 37 36 33 32 33 33 33 33 32 32 32 32 31 31 31 32 32 32 33 33 35 35 36 35 35 33 33 33 32 30 29 26 25 25 23 23 22 22 21 21 21 21 21 21 21 19 19 19 19 19 20 20 19 19 19 19 19 19 19 19 19 18 21 19 18 19 18 19 18 18 18 18 18 18 18 18 20 20 20 
4 5 4 4 4 5 6 6 25 21 33 52 77 109 143 162 173 181 187 189 186 184 181 189 206 214 224 240 247 250 245 246 243 234 223 206 188 168 144 125 127 110 95 71 50 43 43 44 43 40 38 37 37 36 33 33 32 33 33 33 32 32 33 32 32 32 31 32 32 31 32 32 33 33 35 33 33 33 33 33 32 32 31 30 27 26 24 24 23 23 22 21 21 21 21 21 21 19 19 19 19 19 20 20 18 18 18 18 18 18 18 18 19 21 22 22 21 19 19 19 18 18 18 18 18 18 18 18 20 20 20 
3 4 4 4 5 7 5 5 24 25 43 82 132 175 210 227 234 231 233 235 236 235 231 236 249 251 251 251 251 252 250 251 251 251 249 245 242 235 226 212 209 185 164 137 100 74 64 65 61 51 45 40 36 32 33 33 32 33 33 33 32 32 33 32 32 32 31 32 31 31 31 32 32 32 33 33 33 33 34 36 34 34 34 34 32 29 26 25 25 24 22 22 21 21 21 21 20 20 19 19 18 18 20 20 18 18 18 18 18 18 18 18 18 19 22 26 28 23 21 19 19 19 19 19 18 18 18 18 19 19 20 
3 4 5 5 7 8 11 15 15 26 50 101 166 210 240 248 245 247 247 248 250 250 249 248 249 250 250 250 251 250 249 249 251 250 249 251 252 251 250 250 252 242 225 207 182 152 127 118 108 89 77 63 47 37 35 33 33 33 33 33 33 33 33 32 32 32 31 32 31 31 31 32 32 32 32 32 33 33 34 34 34 36 34 34 31 31 28 26 26 24 23 22 21 21 21 21 20 20 18 18 18 18 19 20 18 18 18 18 18 18 18 18 18 19 22 26 29 28 22 19 19 19 19 19 18 18 18 18 19 19 20 
3 4 4 5 5 7 9 9 19 38 75 137 194 227 247 248 248 249 250 251 251 251 249 248 248 248 249 250 251 250 251 251 247 248 248 249 252 252 248 248 251 250 247 243 234 220 200 184 164 135 110 88 65 46 38 36 32 32 32 32 32 32 32 32 31 31 32 31 31 30 31 32 32 32 32 32 32 32 32 33 32 33 33 32 32 32 32 30 29 27 24 23 22 22 21 19 19 19 20 20 19 19 18 18 18 18 18 18 18 18 18 18 18 18 21 24 30 29 24 21 19 19 19 19 19 19 19 19 19 18 18 
3 3 4 4 5 4 8 16 33 68 122 182 226 244 249 249 249 250 251 251 250 249 249 248 248 247 250 250 248 245 241 230 221 224 228 230 240 248 248 249 250 246 247 248 247 246 242 231 208 170 128 94 62 45 41 37 32 33 33 33 33 33 33 32 32 32 32 32 31 31 31 32 32 32 32 32 32 32 32 32 31 32 32 33 33 32 33 33 34 30 26 25 23 23 21 19 19 19 19 19 19 19 18 18 18 18 18 18 18 18 18 18 18 18 21 23 28 29 25 21 19 21 21 19 19 19 19 19 19 18 18 
3 3 3 4 4 1 16 40 75 137 187 227 247 249 249 247 247 248 249 250 248 247 249 250 245 251 252 251 242 223 196 182 173 169 174 186 203 223 241 248 250 248 247 246 246 246 246 245 234 198 146 99 59 43 44 39 31 33 35 35 35 33 33 33 32 32 32 32 31 31 31 32 32 32 32 32 32 32 32 32 31 31 31 32 33 33 33 35 36 32 31 29 25 24 22 19 19 19 19 19 19 18 17 17 18 18 18 18 18 18 18 18 18 18 19 21 24 26 22 21 19 21 21 21 19 19 21 19 19 17 18 
3 3 3 4 7 11 33 75 138 203 233 245 250 250 249 248 246 246 247 248 248 246 248 248 249 248 244 228 205 175 148 130 115 110 114 130 159 184 208 226 241 246 247 247 249 248 246 247 246 223 179 128 79 50 44 39 32 32 35 36 35 35 33 33 33 32 32 32 31 31 31 32 31 31 31 31 31 31 31 31 31 31 31 31 32 33 35 35 36 36 33 31 28 26 24 22 22 21 20 20 19 19 18 18 18 18 18 18 18 18 18 18 18 18 19 19 21 21 21 22 21 21 22 21 21 21 21 19 19 17 18 
2 3 3 3 8 16 45 116 196 238 247 248 246 246 242 240 238 239 241 240 240 237 234 231 236 224 213 186 150 124 101 87 84 84 82 90 115 132 153 177 196 209 220 229 236 242 244 246 246 238 215 174 116 67 43 39 37 35 35 35 35 35 33 33 33 32 32 32 31 31 31 32 31 31 31 31 31 31 31 31 31 31 31 31 32 33 35 35 36 36 33 32 32 30 26 24 25 23 21 19 20 20 18 18 18 18 18 18 18 18 18 18 18 18 19 19 19 19 21 22 22 22 22 22 21 21 22 22 21 19 21 
2 3 2 2 9 20 61 149 224 245 247 246 243 237 227 220 217 220 223 221 216 209 201 193 190 181 170 141 106 88 73 65 66 63 56 63 80 88 102 122 143 140 150 158 170 194 214 230 233 234 236 216 165 106 57 39 39 33 33 33 33 33 33 33 33 32 32 32 31 31 31 32 31 31 31 31 31 31 31 31 30 31 31 31 31 32 33 33 35 35 33 32 33 33 29 26 26 25 23 21 22 20 18 18 18 18 18 18 18 18 18 18 18 18 19 19 19 21 22 22 22 23 22 23 23 22 22 23 23 23 23 
2 3 2 3 8 22 79 172 230 243 242 238 233 216 200 193 191 189 192 191 182 169 151 139 129 122 111 92 70 61 56 50 47 45 44 51 57 59 64 72 87 88 96 106 114 130 157 179 193 210 227 229 198 144 89 59 40 37 35 32 32 33 33 33 33 32 32 32 31 31 31 32 31 31 31 31 31 31 31 31 30 31 31 31 31 31 32 33 33 33 33 35 36 36 33 31 30 28 24 22 21 21 19 19 18 18 18 18 19 19 19 19 18 18 19 21 21 21 22 22 22 23 23 23 24 23 24 25 25 25 24 
2 2 3 5 9 34 115 199 230 235 228 219 209 185 165 159 157 156 156 148 134 118 99 87 78 73 65 53 44 45 45 39 33 32 38 40 42 42 45 50 53 57 59 64 70 80 100 121 146 173 202 223 215 181 131 80 44 41 36 35 33 33 33 33 33 32 32 32 31 31 31 32 31 31 31 31 31 31 31 31 30 30 30 30 31 31 32 32 33 33 33 35 37 36 34 33 31 30 25 23 22 21 21 21 19 19 18 18 19 19 19 20 19 19 19 21 21 21 22 23 22 23 24 24 24 25 25 26 26 26 26 
2 3 4 4 18 63 145 213 223 213 209 199 181 156 135 125 121 120 117 104 85 73 63 52 39 37 34 29 33 36 31 25 24 24 30 32 31 31 34 38 38 39 42 44 47 53 63 84 113 135 167 201 216 209 167 102 54 46 36 36 37 36 33 33 32 32 32 31 31 31 31 32 31 31 31 31 31 31 30 30 30 30 30 30 30 30 31 31 32 32 32 35 35 33 33 33 32 31 28 25 22 22 21 19 19 19 19 18 18 18 18 19 18 19 18 19 19 21 22 23 23 23 24 24 24 25 26 28 28 28 28 
2 3 3 4 39 100 175 215 204 199 198 184 153 121 104 94 87 84 81 70 53 44 39 32 19 17 19 20 25 25 18 17 19 21 24 25 24 24 27 33 33 33 35 36 39 44 49 63 86 100 134 169 198 208 182 128 68 43 36 37 37 36 32 32 32 32 32 31 31 31 31 32 32 31 31 31 31 31 31 31 30 31 31 31 31 31 30 30 31 31 31 31 31 31 32 33 32 32 30 28 25 25 23 22 21 21 21 19 18 18 18 18 18 18 19 19 21 21 22 23 23 23 23 25 24 26 26 28 29 28 28 
3 4 3 10 58 134 200 212 185 186 179 158 122 89 77 65 58 56 52 45 38 31 26 21 16 16 14 12 12 11 14 15 15 17 17 21 21 23 26 30 31 30 30 29 30 33 39 50 64 75 103 135 170 193 189 156 89 47 39 37 33 33 32 31 32 33 32 32 32 31 31 32 32 31 31 31 31 31 31 31 30 31 31 31 31 31 30 31 30 30 30 29 29 30 30 29 30 31 31 30 29 27 26 25 23 23 22 19 19 19 18 18 18 19 19 19 21 21 22 23 23 23 23 24 24 26 26 28 29 29 29 
3 4 3 18 77 160 210 203 173 163 153 129 93 66 56 47 42 40 38 35 31 28 22 17 12 12 9 8 8 8 9 10 12 15 18 22 21 21 23 28 26 25 25 24 24 26 36 45 52 56 77 102 135 168 195 189 131 78 53 37 33 37 33 33 33 33 33 33 33 32 32 32 31 31 31 31 31 31 31 31 31 31 31 31 31 31 31 31 30 29 29 29 29 29 29 29 29 30 31 32 31 30 29 29 26 25 23 22 21 21 19 19 18 19 19 19 21 21 22 23 23 23 23 24 24 26 26 28 29 29 29 
5 4 4 33 111 187 208 191 160 148 135 101 65 47 38 36 33 32 32 31 29 26 21 16 9 7 6 8 8 8 10 12 13 16 18 18 18 17 19 26 26 26 25 24 24 26 32 39 46 44 59 85 109 138 187 203 170 116 68 40 37 37 37 36 35 33 33 33 33 32 32 32 32 31 31 32 31 32 32 32 31 32 32 32 32 32 31 31 31 31 31 31 30 31 31 31 31 31 31 31 31 32 32 32 32 27 26 25 23 22 21 21 19 19 21 21 22 22 22 23 23 23 23 24 24 26 26 28 29 28 28 
5 2 9 56 145 200 200 171 139 123 105 75 47 35 30 29 30 29 29 28 27 24 18 14 8 7 6 6 6 8 9 11 12 15 16 16 15 15 17 24 24 27 28 28 28 28 31 35 37 41 52 70 87 117 171 200 201 148 82 47 40 37 38 37 35 35 33 35 33 32 32 32 32 31 31 32 32 32 32 32 31 32 32 32 32 32 31 31 31 31 31 31 30 31 31 31 31 31 31 31 31 31 32 33 34 31 29 29 25 24 23 23 21 19 21 22 22 22 22 23 23 23 23 24 24 26 26 28 29 29 28 
3 2 24 87 163 188 178 146 115 95 78 56 38 30 26 28 26 26 27 26 23 21 18 12 8 7 6 6 5 6 8 9 10 12 12 12 13 13 16 22 23 26 29 30 29 29 31 31 30 35 43 55 72 96 148 195 206 159 94 54 43 38 37 36 37 36 34 36 33 33 33 32 32 32 32 32 32 32 32 32 32 32 32 32 32 32 32 32 31 31 31 31 30 31 31 31 31 31 31 31 30 30 31 32 32 32 31 31 30 29 26 24 23 23 23 24 24 23 23 23 23 24 24 25 25 27 28 28 29 29 28 
5 13 53 120 171 175 151 123 100 80 63 44 30 23 21 22 23 22 24 23 21 18 17 11 7 7 6 6 5 5 6 8 10 11 11 11 12 12 16 22 22 26 30 32 29 30 29 27 25 30 37 46 59 81 124 179 210 182 134 86 53 37 39 36 37 36 36 36 35 33 33 33 32 32 32 32 31 32 32 33 32 32 32 32 32 32 32 32 32 32 32 31 31 31 31 32 31 31 31 31 30 30 31 32 31 32 32 32 32 31 29 27 26 25 24 24 24 24 24 23 23 24 25 25 26 27 28 28 29 29 29 
5 33 96 162 180 158 130 109 79 66 57 35 22 19 18 20 22 20 19 19 17 17 16 10 9 8 9 8 6 5 4 5 7 8 11 10 10 12 15 19 23 26 31 31 27 26 26 25 26 29 35 43 57 75 114 170 214 213 193 152 101 64 43 38 36 33 36 36 35 35 33 33 32 32 32 32 31 32 32 33 32 32 32 32 32 32 32 32 32 32 32 31 31 31 31 31 31 30 30 30 30 30 30 31 31 31 32 33 33 32 31 30 30 30 27 26 26 26 23 22 23 24 25 25 26 29 30 29 30 30 28 
13 61 131 177 171 137 111 90 64 50 43 25 16 17 17 17 17 17 16 16 16 15 13 11 11 10 11 10 9 6 5 7 7 7 9 9 11 12 15 18 23 26 29 30 26 24 22 23 25 29 32 39 51 68 94 147 209 230 226 185 115 67 46 40 37 36 37 36 35 35 33 33 33 32 32 32 31 32 32 32 33 33 33 33 33 33 32 32 32 32 32 31 31 31 31 32 31 31 31 31 30 29 30 30 29 31 32 33 33 32 32 33 34 33 32 30 29 27 24 22 24 24 24 25 26 29 30 29 30 30 29 
11 64 131 157 148 118 95 73 49 36 29 22 17 14 12 11 11 10 11 11 12 12 11 11 12 12 14 12 10 8 5 7 5 5 5 7 10 11 15 19 20 23 25 25 25 24 20 20 25 29 32 38 47 59 79 123 194 227 223 181 108 64 47 42 38 37 38 37 36 36 35 35 33 33 32 32 32 32 32 32 33 33 33 33 33 33 33 33 32 32 32 32 32 31 31 32 31 31 32 31 30 29 29 29 29 29 30 31 31 31 32 33 35 32 34 32 30 30 26 24 25 24 24 26 27 29 30 30 30 31 30 
10 52 104 132 127 102 79 63 43 30 24 19 17 14 11 9 7 8 8 8 10 11 11 10 12 15 16 16 14 12 10 9 8 7 7 10 12 15 17 19 19 19 20 23 23 22 23 23 25 29 32 37 43 48 61 100 171 212 204 163 104 64 50 42 38 38 38 37 36 36 35 35 33 33 32 32 32 32 32 32 33 33 33 33 35 33 33 33 33 33 33 32 32 32 32 32 31 31 32 31 32 32 32 31 30 30 29 29 31 31 32 32 32 32 32 32 30 32 29 28 26 25 23 25 27 30 30 31 31 32 30 
9 50 99 120 115 93 70 51 39 30 23 18 15 11 10 9 5 5 5 5 10 10 10 10 11 15 17 17 17 17 15 14 11 10 11 12 14 16 17 18 19 19 19 19 18 18 20 23 26 30 32 36 38 43 54 83 142 193 206 172 120 73 54 45 40 39 38 37 36 36 35 35 33 33 33 33 33 33 33 33 33 33 35 35 35 35 33 33 33 33 33 33 33 33 33 33 32 32 31 31 31 31 31 31 30 29 28 28 29 30 30 32 30 30 30 30 31 31 29 29 27 26 25 26 29 30 30 31 30 31 32 
10 51 99 118 109 89 64 44 37 24 16 15 14 10 9 8 7 5 4 5 8 8 8 8 8 11 16 17 18 18 17 17 17 16 15 16 17 18 18 19 20 19 19 18 17 15 16 22 27 30 32 33 35 37 47 68 120 185 217 196 146 90 54 44 40 39 39 37 37 37 36 35 35 33 33 33 33 33 33 33 33 33 33 33 35 35 33 33 33 35 35 35 33 33 33 35 33 33 33 31 30 30 29 30 30 30 30 30 29 30 30 30 30 30 30 31 31 31 31 31 31 30 27 26 29 31 30 32 31 32 33 
9 50 103 131 120 93 65 37 32 16 14 11 12 11 8 7 5 5 4 5 5 5 5 5 5 9 12 14 17 17 17 19 20 20 20 20 22 22 21 21 22 20 19 17 16 13 16 19 26 30 32 33 32 35 43 58 101 170 206 194 144 90 52 40 39 38 38 37 37 38 37 36 36 35 35 35 35 35 33 35 33 33 33 35 35 35 35 35 33 35 36 36 33 32 33 33 33 33 33 31 30 29 29 30 30 30 31 31 30 31 30 30 29 29 29 31 31 31 32 33 32 30 28 26 29 30 30 31 31 32 31 
10 50 113 152 139 102 65 34 28 15 12 9 10 10 7 5 5 4 4 5 4 4 4 5 5 8 9 10 14 15 17 18 20 22 22 23 23 22 22 22 23 22 20 17 15 13 15 18 25 30 31 32 32 35 39 48 86 152 188 171 123 77 50 39 39 38 38 37 36 38 38 37 36 36 35 35 35 35 35 35 35 35 33 35 35 35 35 35 35 33 34 34 33 32 31 32 32 32 32 30 30 30 30 30 30 29 31 31 30 31 28 28 26 26 28 29 31 30 31 33 32 32 32 31 31 30 31 31 31 31 31 
9 48 114 162 156 114 63 31 25 16 14 10 8 8 7 5 5 5 4 4 4 4 4 4 7 8 9 9 9 12 15 16 18 19 20 23 23 23 23 23 22 22 19 17 14 14 15 17 21 26 30 32 33 35 38 47 76 138 175 153 108 68 48 40 39 39 38 37 36 38 38 37 36 36 36 36 36 36 36 36 36 36 35 35 35 36 35 35 35 33 32 31 31 32 31 32 32 33 33 32 30 31 31 29 28 30 31 31 31 31 28 28 26 26 25 29 31 30 31 32 34 34 35 35 33 31 32 32 31 31 31 
8 41 104 155 151 107 59 30 25 15 12 9 8 8 8 7 5 5 4 4 4 4 5 7 7 8 8 8 8 10 12 15 16 17 19 20 22 23 22 22 21 19 18 17 15 14 15 17 21 25 30 32 33 35 39 47 69 116 153 136 92 60 48 41 40 40 38 37 36 37 37 37 37 37 37 37 37 38 36 37 37 37 33 35 35 35 35 36 35 35 33 32 32 31 32 33 33 36 36 33 32 32 31 30 30 30 31 31 32 32 29 28 28 26 25 29 30 30 31 32 34 34 35 35 33 33 33 32 32 31 30 
5 33 90 142 136 93 52 29 23 14 13 10 9 10 8 8 7 7 5 3 4 4 5 7 8 8 8 7 8 8 9 11 14 15 17 18 19 21 21 21 19 18 17 17 16 15 16 18 19 24 29 31 32 35 40 45 63 103 138 124 85 55 47 43 41 40 39 38 37 36 36 37 37 37 37 37 37 39 38 38 38 37 35 33 35 35 36 37 36 36 35 32 32 31 31 32 33 36 36 35 32 32 31 31 31 30 31 32 34 34 31 29 29 26 25 26 28 29 30 31 32 32 33 35 35 35 35 33 32 31 30 
4 25 79 123 120 80 43 26 21 14 15 12 11 10 9 8 7 5 5 5 7 7 8 8 9 8 8 7 7 7 8 9 11 12 15 16 18 19 18 18 18 17 16 16 15 15 15 17 18 22 25 30 32 35 38 44 57 90 120 109 78 52 45 41 41 39 39 38 36 36 36 36 36 36 37 37 38 40 40 39 39 37 35 33 35 35 37 37 36 36 36 33 32 30 31 32 33 36 36 33 33 31 31 31 31 29 32 33 34 36 35 30 30 28 25 25 28 29 30 31 32 32 33 35 33 36 36 33 32 31 30 
4 22 68 108 102 64 32 23 19 15 14 14 14 11 9 8 5 7 7 7 7 8 9 9 10 9 9 7 5 5 5 7 8 10 12 14 17 17 17 17 17 16 16 16 15 15 15 16 17 21 24 29 32 35 37 40 54 85 110 97 70 47 42 38 39 39 38 37 36 35 36 37 36 37 37 37 38 40 42 40 39 37 35 35 33 33 36 37 36 35 35 33 33 31 31 32 33 36 36 35 33 32 31 30 30 30 32 33 32 36 34 32 32 31 28 28 28 26 29 31 31 32 33 33 35 36 35 33 33 32 30 
5 19 68 104 90 51 25 18 17 16 14 14 14 11 9 7 5 5 7 7 8 9 9 10 10 9 8 7 5 4 5 5 7 9 10 12 16 17 16 16 16 15 15 15 15 14 15 16 17 19 23 28 31 33 34 39 51 78 97 85 64 46 39 38 38 38 36 36 36 35 35 36 36 35 35 37 37 39 42 42 40 38 36 33 33 35 36 36 36 35 35 35 35 32 31 31 33 36 36 35 33 33 31 30 29 30 31 31 32 34 34 34 33 32 29 28 26 28 29 31 31 31 32 33 33 35 35 33 33 32 32 
5 19 74 109 87 49 24 17 15 15 14 14 14 12 10 8 8 7 8 8 10 11 11 11 11 10 9 8 5 5 5 5 8 9 11 12 14 16 15 15 15 14 14 14 14 12 14 15 17 20 23 26 31 33 33 38 45 64 86 78 59 46 42 38 37 36 36 36 36 36 35 36 36 35 33 32 33 36 39 39 39 37 36 33 32 32 33 35 35 35 35 35 35 32 31 31 31 33 35 33 33 33 32 31 30 30 31 31 32 32 34 34 33 32 30 27 27 29 30 31 31 32 32 32 33 33 33 33 32 31 31 
7 21 71 100 81 46 23 17 14 15 15 15 14 14 11 10 9 9 9 11 12 14 12 12 12 10 10 9 7 5 5 7 8 10 12 14 12 15 15 15 14 14 14 14 12 11 11 15 17 20 22 24 28 31 33 37 42 54 80 74 56 46 44 38 37 36 36 36 36 36 36 36 36 33 31 31 31 35 37 38 38 37 35 32 31 31 32 33 35 35 36 36 35 33 31 31 30 32 33 33 35 35 33 32 30 29 30 30 31 31 33 34 34 33 31 29 26 29 29 30 30 32 32 32 33 32 33 33 32 30 31 
8 20 56 86 79 46 24 17 15 15 14 14 14 14 14 11 11 11 11 12 12 14 12 12 11 11 10 9 7 7 7 7 9 10 12 14 14 14 14 14 14 14 12 12 14 12 12 15 19 19 22 24 26 29 33 34 39 52 70 73 58 46 43 37 36 36 36 36 37 37 36 36 35 32 30 29 30 31 35 36 37 36 36 34 32 31 32 33 32 33 35 35 35 32 31 30 30 30 32 33 33 33 32 31 32 31 30 30 29 31 33 34 34 33 32 30 27 27 28 29 30 31 32 33 33 32 33 33 32 30 31 
5 16 45 73 70 46 24 18 13 15 14 14 14 14 14 14 12 14 12 12 12 14 12 11 12 11 11 10 9 9 9 9 11 12 15 16 15 14 12 12 11 11 11 12 14 14 14 16 18 19 22 23 23 25 30 32 38 53 74 79 65 47 38 37 36 36 36 36 37 37 36 35 35 32 31 29 29 31 33 35 37 36 36 33 32 30 31 32 32 33 35 35 33 32 30 29 29 30 31 32 33 33 32 31 32 30 27 29 27 31 33 34 34 33 32 30 27 26 26 28 29 32 32 32 32 32 32 32 31 30 31 
4 11 39 68 70 47 23 16 12 14 12 14 15 14 16 16 16 16 14 12 12 14 14 14 12 12 12 12 12 12 12 12 15 16 17 17 16 14 11 10 10 9 9 11 15 15 15 17 18 18 19 22 22 23 27 32 36 54 84 87 68 53 43 38 37 37 35 33 38 38 37 37 35 32 30 28 29 30 32 35 36 36 36 33 31 29 30 31 32 33 36 36 34 32 30 30 29 30 31 33 33 33 32 32 30 29 26 27 27 30 32 33 34 32 31 27 26 26 27 29 29 32 31 31 32 32 32 32 31 31 32 
3 10 37 73 77 52 26 15 14 14 14 14 14 14 16 16 16 16 14 12 12 12 12 14 12 14 14 14 12 15 16 16 17 19 18 17 16 14 11 9 8 8 8 10 15 16 16 16 17 17 17 18 19 22 27 30 36 64 92 101 90 93 95 69 48 44 39 36 38 37 37 37 35 32 30 29 28 30 32 35 36 36 36 33 31 29 31 32 33 34 36 36 34 32 30 30 30 31 31 33 33 33 32 32 30 29 26 27 27 30 32 33 33 33 32 29 26 26 26 29 30 31 31 31 32 32 32 32 31 31 32 
2 8 40 75 85 59 30 15 16 15 15 14 14 14 15 16 16 15 12 11 11 11 12 14 12 14 15 14 15 16 17 17 18 19 18 16 15 14 10 8 7 8 8 10 14 17 17 15 16 16 15 17 18 22 25 26 38 79 112 136 156 171 173 143 96 66 51 41 37 36 37 37 35 33 31 29 28 30 32 35 37 36 36 34 32 30 31 31 33 34 36 37 36 33 31 31 30 32 32 33 34 34 32 32 30 29 25 26 26 29 31 31 32 32 31 28 25 25 26 27 29 30 31 31 32 32 31 31 31 31 31 
4 11 46 89 107 78 38 17 17 14 14 14 14 14 15 15 15 14 12 10 9 10 11 14 14 14 15 14 15 15 17 17 17 19 17 12 12 11 9 7 7 7 7 10 15 17 16 16 16 15 14 16 18 21 25 26 40 92 135 164 200 222 222 202 145 90 58 43 37 36 37 37 35 33 32 30 28 29 32 36 36 36 37 33 32 30 31 32 32 34 37 37 37 34 32 31 30 32 32 32 34 34 33 33 31 29 24 26 26 26 29 31 31 32 30 29 28 24 26 27 28 31 31 31 31 31 30 30 30 29 29 
4 11 57 106 115 84 44 22 19 15 14 14 14 14 12 14 14 12 10 9 9 10 11 14 14 15 17 16 15 16 16 16 16 16 14 9 8 9 8 8 8 8 8 11 17 22 20 18 17 16 15 16 19 22 24 28 46 107 149 157 177 196 202 203 162 106 61 42 37 36 37 37 37 36 33 31 28 29 32 36 36 36 37 36 33 31 31 32 32 33 36 37 36 33 32 31 30 31 31 33 33 34 33 33 31 29 25 25 25 26 29 31 31 31 30 29 28 25 25 27 29 32 31 31 31 31 30 28 30 30 29 
3 7 47 99 109 80 47 25 21 15 14 14 14 14 14 12 12 11 9 8 8 9 11 14 14 15 17 17 15 15 15 15 14 14 11 9 8 11 11 11 10 10 10 15 20 23 23 22 17 17 16 16 19 23 24 30 45 95 122 116 120 125 134 156 152 116 71 45 38 36 37 38 37 36 33 30 29 30 32 35 34 36 36 36 33 32 31 31 31 33 36 36 36 33 31 29 30 31 31 33 33 34 33 34 32 30 26 25 25 26 29 30 31 31 30 29 26 25 25 26 27 30 31 31 31 31 30 29 30 30 30 
1 3 26 72 96 80 48 30 23 18 15 15 15 14 12 11 11 11 9 8 8 9 11 12 15 15 16 15 13 13 13 15 15 15 11 9 10 12 14 15 14 14 15 18 21 23 21 19 19 18 17 18 19 22 23 30 37 61 74 71 72 70 74 106 134 106 71 51 40 36 38 38 38 36 34 31 30 31 34 37 36 36 37 36 34 32 31 31 31 32 34 37 36 34 32 29 30 30 31 33 33 34 33 34 32 30 27 26 25 24 27 31 31 32 31 30 27 26 25 26 26 28 30 31 31 31 30 28 28 28 30 
1 3 43 87 99 81 51 34 26 22 16 16 16 14 12 11 11 11 9 8 8 9 11 14 15 15 16 13 13 15 16 15 15 16 14 12 14 14 17 18 18 17 18 20 24 25 24 21 19 19 18 19 20 22 22 29 31 42 50 52 51 50 59 88 117 97 65 45 38 36 38 38 38 36 34 32 30 31 33 37 36 36 37 37 34 32 31 31 32 33 34 36 37 34 32 30 30 30 31 32 33 34 36 34 32 31 29 26 25 24 27 30 31 31 30 30 27 27 25 26 25 26 29 30 30 30 28 28 28 28 30 
0 15 60 110 116 90 53 34 26 18 18 17 15 14 13 12 11 10 9 8 9 10 12 13 15 15 16 15 12 15 17 17 16 18 17 16 16 18 20 20 20 20 19 22 24 24 22 21 20 20 20 22 22 20 21 29 28 31 41 45 43 44 58 87 103 87 58 38 35 36 38 38 36 35 34 32 30 31 33 36 36 36 37 37 34 32 31 31 31 32 34 36 36 34 32 31 30 30 32 33 34 36 34 36 33 31 28 25 24 25 26 28 29 28 29 29 26 26 27 25 25 26 29 30 30 30 28 28 29 29 30 
1 32 81 118 120 82 50 33 26 18 18 17 15 14 12 12 12 11 11 9 9 10 12 15 15 15 16 15 15 15 17 17 18 18 19 19 19 20 22 24 23 24 23 23 24 23 22 22 23 22 22 22 19 20 22 26 28 26 38 47 44 42 58 86 94 74 52 39 36 37 37 37 36 35 36 32 30 31 33 36 37 37 37 37 36 32 31 30 31 32 34 36 36 34 33 31 30 30 31 33 34 34 34 36 33 32 29 26 25 25 26 29 29 28 29 29 26 26 27 26 24 26 29 30 30 30 28 28 29 29 30 
1 25 70 96 86 60 39 28 24 19 18 17 14 14 12 12 12 11 11 9 8 8 10 12 15 15 16 16 15 16 16 16 18 19 20 22 22 23 25 27 25 25 27 27 25 26 25 24 24 24 23 22 20 23 23 26 29 33 45 54 52 51 61 86 95 73 49 38 38 37 36 36 36 35 36 32 31 32 34 36 37 37 38 37 36 33 32 31 31 32 33 36 36 34 33 31 31 30 31 33 34 34 33 35 33 32 29 26 25 25 26 29 29 28 29 29 26 26 27 26 24 26 29 30 30 30 29 29 29 29 30 
0 8 35 51 49 42 35 22 22 20 17 16 14 12 12 11 12 11 11 10 9 8 9 10 13 15 16 15 15 16 16 16 17 19 20 22 22 23 26 27 26 26 27 26 25 25 24 24 24 24 23 23 23 23 23 26 29 38 51 58 52 51 66 96 106 78 47 36 37 37 37 37 36 36 36 33 31 32 34 37 37 37 38 37 36 33 32 31 32 33 34 36 36 36 33 31 31 30 30 32 33 36 35 36 34 32 28 26 25 25 26 28 28 28 29 29 26 26 27 26 24 26 29 30 30 30 30 29 30 30 30 
0 0 4 8 17 21 31 22 20 19 17 16 13 12 11 11 11 10 10 9 9 7 8 9 12 13 15 15 15 16 17 17 18 19 22 23 22 24 26 29 28 28 28 28 28 28 26 25 25 24 24 24 24 24 24 28 29 37 48 55 49 50 75 115 118 84 49 36 38 37 37 37 37 37 36 33 32 32 33 36 36 38 39 37 37 34 32 31 31 32 33 36 35 35 33 31 31 30 29 30 31 33 34 36 35 31 29 28 25 25 26 28 29 28 29 29 28 26 27 27 24 26 29 30 30 30 29 28 29 30 31 
0 0 0 0 11 19 25 22 19 19 17 16 13 12 11 12 11 11 10 9 9 7 8 8 11 12 15 15 15 16 16 17 18 20 23 23 22 24 28 30 30 29 29 29 29 30 29 28 26 25 25 25 25 25 28 30 29 37 46 48 48 53 89 122 122 86 45 37 37 37 38 37 38 36 34 32 32 32 34 36 36 37 38 38 36 33 32 31 31 32 33 36 36 35 33 32 32 30 29 29 31 33 34 36 33 31 30 28 24 24 25 28 29 28 29 29 28 26 27 27 25 26 29 31 31 31 29 29 29 29 31 
1 2 5 2 9 18 22 22 19 19 18 16 13 11 11 11 12 11 9 9 9 8 7 8 8 9 12 13 16 15 12 14 14 15 16 21 23 23 25 29 30 30 30 30 30 30 30 30 28 28 28 28 26 26 29 30 30 36 43 45 45 60 96 122 103 59 42 36 37 36 37 37 37 36 36 32 32 32 36 36 37 37 38 38 36 33 31 31 31 31 33 34 36 37 35 32 32 31 29 29 31 32 33 33 33 31 28 25 25 25 28 28 29 29 29 29 28 28 26 25 26 28 30 31 31 30 29 30 29 30 31 
1 1 3 3 7 15 20 23 22 20 18 15 12 11 11 11 11 11 10 9 9 8 8 8 9 9 11 13 15 15 14 14 14 14 14 18 22 22 25 29 29 29 30 30 30 31 30 31 30 30 29 28 28 28 29 29 30 33 38 44 48 67 94 95 73 49 38 36 36 37 37 37 37 36 36 32 32 32 34 36 37 37 38 38 36 33 31 31 30 31 32 34 36 36 35 32 32 31 29 29 30 32 33 35 34 32 29 26 26 25 28 28 29 28 29 29 28 28 26 26 26 28 29 30 30 30 30 30 29 29 30 
1 2 2 2 4 9 16 21 22 21 18 15 12 11 11 11 11 11 10 10 8 8 8 9 9 9 10 10 11 15 14 12 13 13 15 18 22 23 25 28 28 29 30 30 30 31 31 31 31 31 31 30 29 29 30 30 31 31 32 43 54 76 94 79 53 43 39 37 35 36 38 38 37 36 35 32 31 31 33 34 36 37 37 37 35 32 31 31 30 31 32 34 36 36 36 34 33 32 30 30 30 32 36 37 33 31 29 26 26 25 28 28 29 28 29 29 28 28 26 26 25 28 29 30 30 30 30 30 30 29 30 
1 1 1 2 4 5 10 18 19 21 18 15 11 10 10 11 12 12 11 11 10 9 9 9 9 9 10 11 12 12 11 11 12 13 13 17 20 23 24 26 28 28 29 29 29 31 31 31 31 31 31 31 30 30 30 31 30 30 31 44 65 87 92 71 51 39 37 36 35 37 38 38 37 36 35 33 31 30 33 34 36 37 37 37 35 32 31 31 30 31 32 33 36 37 36 34 34 32 31 31 30 32 36 37 33 31 29 26 26 26 28 28 29 28 29 29 28 28 26 25 25 26 29 30 30 30 30 29 30 29 29 
1 1 1 1 4 4 5 16 16 24 24 19 15 12 11 12 14 14 11 11 11 10 10 10 10 10 11 12 12 12 11 11 13 12 15 17 18 21 25 25 26 26 26 26 29 30 31 31 31 32 31 31 31 31 33 34 35 35 43 59 86 101 85 58 45 38 35 35 35 36 37 38 36 37 37 33 32 30 33 34 34 37 38 38 36 33 31 31 31 31 31 33 36 37 36 36 34 33 31 31 31 31 33 36 35 31 29 26 26 26 28 28 29 28 29 29 28 28 26 25 25 28 30 31 30 31 31 29 29 29 29 
1 1 1 1 4 2 1 11 11 24 24 22 17 15 14 15 16 16 14 11 11 11 11 11 10 11 12 11 10 11 11 12 13 13 16 17 18 22 24 25 26 26 26 26 28 29 30 31 31 32 32 31 31 31 36 37 43 54 74 94 108 100 71 44 38 36 35 35 33 33 36 37 35 36 37 35 32 31 33 34 34 37 38 38 36 33 31 31 31 31 31 33 36 37 36 36 36 33 31 31 31 31 33 36 32 31 29 26 26 26 28 29 29 29 29 28 28 28 26 26 26 28 30 31 31 31 31 29 29 30 30 
1 1 1 1 2 2 2 9 9 24 19 19 19 18 16 18 18 18 17 14 14 12 11 10 10 10 11 12 12 12 12 14 16 16 16 16 18 22 23 25 25 25 26 26 28 29 29 31 31 31 33 33 31 31 36 42 59 82 104 115 107 85 65 39 33 36 35 35 35 35 35 35 35 35 37 36 33 32 33 34 33 37 37 36 35 33 31 31 31 31 31 32 34 37 36 36 36 33 32 32 32 32 34 37 36 33 31 29 26 26 28 28 29 30 30 30 29 26 26 26 26 28 30 31 31 32 31 30 31 30 31 
1 1 1 1 1 3 4 9 8 18 18 19 20 20 18 19 19 19 19 16 15 14 12 11 12 11 11 12 14 14 14 15 17 17 17 19 19 21 22 24 24 25 26 26 28 29 29 31 31 31 33 35 32 33 39 52 80 100 104 101 82 68 60 41 35 35 35 36 35 35 35 35 35 35 37 36 34 32 32 32 33 34 36 36 35 33 31 31 31 31 31 32 34 37 36 36 36 33 32 31 32 32 34 36 38 36 32 29 26 25 25 26 28 31 32 30 28 26 26 26 26 28 29 30 31 32 32 31 31 31 31 
1 1 1 1 1 2 3 5 5 12 17 19 18 18 18 20 18 18 19 18 17 14 14 12 14 14 15 15 15 16 16 16 18 18 18 19 19 19 22 23 24 24 25 25 25 28 29 30 32 32 33 36 33 32 40 57 80 85 82 73 59 52 47 42 37 36 33 36 36 34 34 34 35 35 37 34 34 32 32 32 33 34 36 35 35 35 32 31 32 31 30 32 34 36 36 36 36 33 32 31 32 33 34 36 37 36 33 31 28 26 25 26 28 31 32 31 30 29 27 27 27 27 29 31 30 31 31 31 32 31 30 
1 1 1 1 2 2 3 2 4 5 12 16 17 17 17 18 18 18 19 19 18 17 16 16 15 16 16 16 16 16 17 18 18 19 19 18 19 19 19 19 22 23 24 23 24 26 28 28 30 31 32 35 33 31 38 56 74 61 53 51 46 41 38 39 38 35 33 33 34 36 36 36 35 35 36 36 33 31 32 31 32 34 36 36 36 35 32 31 32 30 30 32 34 36 36 36 34 33 32 31 32 33 34 36 37 36 33 31 29 29 26 26 29 31 32 31 30 29 29 29 27 29 30 31 30 31 31 30 31 31 30 
1 1 2 2 3 3 3 3 2 2 6 12 16 17 16 16 16 17 18 19 18 18 17 16 16 16 18 19 21 19 19 22 22 19 18 17 18 18 18 18 19 20 21 22 23 25 25 26 29 29 30 32 32 32 39 55 69 51 37 39 40 39 39 39 37 35 34 33 33 34 33 35 35 36 38 36 34 33 32 32 32 33 34 37 37 36 33 32 32 31 30 32 36 37 37 36 36 33 31 30 31 32 33 36 36 36 32 30 30 29 26 28 29 32 32 31 31 30 30 30 28 29 29 30 31 32 31 30 31 31 29 
1 1 2 2 2 3 3 4 3 4 5 12 16 17 15 15 14 15 16 17 18 18 17 17 17 18 22 22 22 23 23 23 22 21 18 16 17 15 15 15 16 17 17 19 21 23 24 26 29 29 30 30 32 36 45 61 64 52 41 39 39 39 40 39 36 35 33 33 33 36 35 36 36 36 38 34 34 32 32 32 32 33 36 36 36 36 33 33 33 31 30 32 36 37 37 36 36 33 32 30 31 32 34 36 36 35 35 31 31 29 28 28 30 32 32 31 32 32 31 30 28 28 28 30 31 32 32 30 31 31 30 
2 1 1 1 1 5 5 4 5 6 8 12 16 16 15 12 12 12 14 16 16 16 17 18 17 18 19 20 23 23 22 22 22 20 18 16 14 11 11 11 13 15 15 17 19 22 23 26 26 26 29 31 32 39 51 67 73 65 54 50 36 35 39 38 36 33 34 32 33 35 36 36 36 36 37 36 36 32 32 31 32 33 35 36 36 35 34 33 33 31 30 32 33 36 37 36 35 32 32 30 31 32 34 36 36 36 36 33 32 32 30 29 31 33 33 32 32 32 31 30 30 30 29 31 31 32 31 31 32 31 31 
2 1 1 1 0 0 2 4 5 6 9 12 15 17 16 14 14 14 14 14 16 15 16 17 16 16 17 19 22 22 20 17 20 17 15 12 9 8 9 10 12 13 14 15 17 21 23 26 26 26 29 32 33 39 61 100 117 107 88 81 57 47 45 39 33 31 30 30 30 31 33 35 37 37 38 38 36 33 33 32 33 35 35 36 36 35 36 34 33 31 30 32 33 36 36 36 35 32 32 30 31 32 34 36 36 36 34 33 32 32 30 29 31 33 33 33 32 32 31 31 30 30 28 31 32 33 32 31 31 31 30 
2 1 1 2 1 3 5 5 5 7 9 14 18 21 19 17 15 14 12 12 14 15 15 15 15 15 16 17 18 18 19 17 19 16 13 11 8 7 8 9 10 12 14 16 17 21 23 26 27 29 30 32 33 42 70 122 159 155 146 136 114 93 70 53 44 38 36 33 32 32 33 35 36 37 39 39 39 36 33 32 34 37 37 37 36 35 36 34 32 31 30 32 33 35 35 35 33 32 33 32 31 32 32 33 35 35 32 32 30 31 31 30 31 32 33 33 32 32 30 30 29 29 28 30 32 32 32 31 31 30 29 
3 4 3 4 2 7 8 8 7 7 10 23 40 46 42 26 17 14 11 10 11 12 12 14 14 15 16 17 18 17 18 16 18 16 12 10 7 5 7 9 10 11 15 16 18 21 24 26 29 30 31 32 35 44 68 100 145 151 165 166 157 148 127 92 64 52 49 40 38 39 39 39 73 71 58 52 43 37 35 35 36 38 38 37 36 35 34 33 32 31 31 32 33 35 35 33 32 32 33 32 31 32 32 33 35 33 32 32 31 31 30 29 30 32 32 33 33 31 30 30 29 29 28 29 31 32 32 31 31 31 30 
3 4 4 3 4 6 7 9 10 11 14 26 50 65 58 33 22 15 12 10 9 11 11 14 14 14 16 16 16 17 17 17 17 17 13 10 8 7 8 8 10 12 15 17 18 22 25 27 28 29 30 32 35 45 65 80 82 90 113 155 186 200 182 161 116 97 90 106 115 129 142 142 121 131 128 123 111 82 59 44 39 39 39 38 36 35 36 36 34 34 34 34 36 36 36 36 33 33 33 32 32 33 33 35 35 35 35 32 32 32 30 29 30 31 32 33 33 31 31 31 30 29 29 30 30 31 32 31 32 30 30 
4 3 2 2 4 11 18 29 43 52 66 96 131 137 101 47 22 16 15 11 9 8 9 11 11 11 12 14 15 16 18 17 18 17 15 11 9 9 10 10 11 14 16 18 19 22 25 27 28 29 30 31 36 43 56 63 64 61 70 101 137 170 175 181 158 138 145 170 194 212 209 208 203 206 206 196 188 160 110 65 52 44 44 43 39 37 38 38 38 38 39 39 39 39 39 39 37 37 36 35 35 35 35 35 36 36 36 35 35 33 31 31 32 32 33 35 35 33 32 32 32 31 31 32 32 33 33 33 33 32 31 
5 7 11 19 36 52 70 85 96 116 135 169 192 169 113 54 29 19 16 11 10 9 8 8 10 9 9 11 14 16 17 17 18 17 15 12 11 13 12 12 14 15 18 20 23 24 26 29 29 29 30 31 36 39 46 56 57 57 52 60 81 108 139 174 179 175 194 210 226 241 241 241 237 230 227 230 222 206 159 107 84 67 60 52 48 46 44 43 44 44 44 44 44 43 42 42 40 40 39 38 38 38 37 38 39 39 40 39 38 38 37 35 35 36 36 37 37 37 36 36 35 35 33 35 35 36 36 36 36 35 33 
28 38 53 74 102 123 136 136 132 138 153 174 174 138 90 50 32 22 16 14 11 11 9 8 9 9 10 11 14 16 17 17 19 19 18 16 15 15 14 15 15 17 20 22 23 24 26 27 28 29 29 30 32 36 38 46 50 52 49 49 56 65 97 138 160 184 212 230 238 244 243 246 238 226 221 224 225 220 199 174 157 139 128 110 97 79 61 52 50 51 50 50 49 46 45 45 45 44 44 44 44 44 44 44 44 46 47 45 45 44 42 42 42 42 44 44 44 43 42 42 40 40 39 39 40 42 42 40 40 39 38 
76 103 123 136 145 144 136 125 106 94 104 122 116 89 61 43 30 22 17 15 14 11 10 10 11 11 11 12 15 17 17 18 19 19 19 19 17 18 17 17 17 18 21 22 23 24 27 29 28 28 28 28 31 33 37 42 44 46 42 43 52 61 78 97 125 162 194 223 233 229 228 231 232 230 227 229 240 243 242 231 227 224 220 209 178 137 107 81 68 61 56 54 54 51 50 50 50 50 51 51 51 51 51 51 52 52 52 50 51 50 49 47 47 49 49 49 49 47 46 46 46 46 46 46 47 47 48 47 45 44 42 
130 137 139 134 117 100 79 65 45 36 46 61 64 56 45 36 26 22 19 17 15 15 12 12 12 12 12 12 15 16 17 19 19 21 21 21 19 18 18 18 18 19 22 22 23 25 27 29 26 26 26 29 31 32 36 39 42 43 37 38 52 72 78 80 85 113 142 182 206 201 206 213 216 217 219 228 233 240 245 243 241 242 243 238 220 200 176 143 115 92 71 61 59 54 52 51 52 52 53 53 53 53 53 54 54 54 56 54 52 52 54 53 53 54 53 53 53 52 51 50 51 52 51 53 52 52 53 52 51 46 43 
123 102 81 68 52 36 22 12 2 4 22 35 43 43 39 33 28 23 19 17 16 15 15 12 12 12 12 11 14 16 17 19 21 21 21 22 21 18 18 19 19 21 22 22 24 24 27 27 26 26 25 26 29 31 35 37 38 38 36 37 50 65 71 73 78 83 97 112 142 169 179 192 199 195 195 196 195 206 212 208 208 210 214 215 215 215 217 206 170 142 106 79 66 56 52 48 50 50 51 52 52 52 52 53 53 54 56 54 53 53 54 54 55 55 56 56 54 53 52 52 53 54 55 55 56 56 54 54 52 49 46 
64 44 28 18 9 4 3 2 2 2 9 24 37 38 35 31 29 25 22 18 17 17 15 12 12 12 11 11 14 16 18 21 22 21 22 22 22 21 19 19 21 21 22 23 25 25 27 27 26 26 25 25 28 30 32 35 36 36 35 36 49 63 66 70 71 69 69 68 72 96 124 146 161 163 160 163 159 160 166 162 151 148 156 170 174 178 205 229 207 189 162 114 82 60 50 46 46 49 50 51 51 51 51 52 51 51 51 51 51 51 51 51 52 52 52 53 51 50 50 51 52 52 53 53 52 53 53 51 50 50 47 
17 9 3 2 2 1 2 2 2 2 5 16 25 29 33 31 25 23 21 18 17 17 16 12 12 12 11 12 15 18 19 21 22 22 22 22 22 19 18 19 21 22 23 25 25 26 28 26 25 25 25 26 26 28 30 31 33 32 32 36 49 60 65 65 64 64 59 45 35 36 40 56 80 93 104 116 131 142 144 144 148 130 111 110 124 148 184 217 227 220 202 167 113 56 34 45 44 44 46 45 46 47 47 46 46 45 45 45 45 46 46 46 46 46 46 47 46 44 45 46 46 46 47 47 48 50 50 47 45 45 44 
2 1 1 2 2 2 2 2 2 2 4 10 17 22 29 29 23 21 18 17 17 16 16 15 14 11 12 12 16 17 18 21 22 22 22 22 21 18 19 19 21 22 24 25 25 26 28 26 25 24 24 25 25 26 28 30 31 31 31 36 49 59 60 51 46 45 49 45 28 9 7 11 29 44 51 57 65 84 108 136 145 141 143 149 135 142 162 172 201 220 226 200 144 81 48 47 45 43 40 38 40 40 40 40 39 39 38 38 39 40 39 40 42 40 40 40 40 39 39 40 40 42 43 43 43 43 43 41 40 40 38 
1 1 1 2 2 2 2 2 2 2 3 9 16 17 23 25 22 19 17 16 16 15 15 16 14 12 13 13 15 17 19 20 22 22 22 22 21 21 21 21 21 22 24 24 24 25 26 26 24 23 24 24 25 26 26 28 28 28 30 39 52 58 54 44 21 19 26 26 16 10 8 4 4 8 12 15 15 25 44 63 84 99 118 134 132 144 158 157 192 215 227 217 176 119 72 59 51 42 38 37 37 37 37 37 36 36 36 36 36 36 36 36 36 36 36 36 36 36 36 36 36 36 37 37 36 36 36 36 37 36 32 
2 1 1 2 2 2 1 1 1 2 2 7 11 14 19 21 21 19 17 15 14 14 15 15 14 12 13 13 13 16 18 19 19 21 21 21 21 21 21 21 21 22 23 24 24 24 24 23 23 22 23 24 25 25 25 26 25 28 30 41 55 54 42 29 17 16 21 16 3 3 3 1 2 3 3 4 4 8 14 18 24 37 50 70 82 107 134 149 193 206 213 219 203 163 109 71 61 44 40 37 36 35 35 35 33 33 33 33 33 33 33 33 33 33 33 33 33 33 33 33 33 33 33 33 33 33 33 33 33 33 29 
1 1 1 1 2 2 1 1 0 1 1 4 9 13 18 19 19 18 17 15 14 14 15 15 14 12 12 12 13 13 16 18 19 20 21 21 22 22 21 21 20 22 21 23 23 22 22 21 21 21 22 23 24 25 24 24 24 28 33 45 57 52 33 28 26 25 24 12 0 0 1 1 2 2 2 2 3 4 6 9 10 10 8 15 25 44 73 114 144 165 186 208 221 207 162 104 80 44 35 35 33 33 33 35 33 33 33 33 33 33 33 33 33 33 33 33 33 31 32 32 34 34 34 34 34 34 34 33 31 31 28 
2 1 1 1 2 2 2 2 1 1 1 3 8 13 17 19 19 18 15 12 14 12 14 14 11 12 11 11 12 13 16 18 19 19 19 21 22 22 21 19 20 20 21 21 22 21 19 19 19 19 21 23 23 24 24 24 25 31 40 49 56 49 37 37 40 37 25 12 5 1 1 0 1 1 1 0 0 1 3 5 6 8 8 7 4 15 29 66 64 101 141 181 220 236 212 155 116 53 36 35 33 33 33 33 33 33 35 35 35 35 35 35 35 35 35 33 33 33 33 32 34 34 34 34 36 34 34 34 31 30 28 
3 2 2 2 2 2 1 1 1 1 1 3 6 13 18 21 19 19 15 11 12 12 11 11 11 11 11 11 11 11 15 16 18 18 19 20 21 19 19 19 19 20 19 19 21 19 18 18 19 19 21 21 22 22 23 24 29 37 45 54 57 54 51 46 54 53 38 19 5 2 1 0 0 0 0 0 0 1 0 0 0 0 1 2 2 2 8 16 11 54 101 144 194 232 239 208 157 89 56 29 36 35 33 33 35 35 36 36 37 36 35 36 35 35 35 35 35 35 35 35 36 36 35 35 35 33 33 33 32 31 29 
4 3 3 3 2 2 2 2 1 0 0 1 6 16 21 22 22 19 17 14 12 12 12 11 11 11 11 11 11 11 13 16 17 18 19 20 19 18 18 19 19 20 19 18 19 19 18 17 19 19 21 19 21 22 22 24 30 41 54 64 61 56 57 55 53 53 38 17 4 2 1 0 0 0 0 0 0 0 0 0 0 0 0 0 1 2 1 3 3 30 67 104 145 186 214 222 203 148 88 42 36 36 35 33 35 35 35 36 37 36 36 36 36 36 36 35 35 35 35 36 37 37 36 36 35 33 33 33 33 32 30 
3 3 4 3 3 3 2 2 1 1 0 0 8 19 24 24 24 20 16 14 14 12 12 11 11 11 11 11 10 10 11 12 16 17 19 20 18 18 18 19 19 20 19 19 18 18 18 17 18 19 19 19 18 19 21 25 32 43 57 60 56 59 55 53 52 53 42 22 5 2 0 0 0 0 0 0 0 0 0 0 0 0 0 1 0 0 1 2 2 11 37 75 115 142 156 172 179 141 86 47 40 36 35 33 33 33 35 35 36 37 37 37 37 37 37 35 35 36 36 36 36 36 36 36 36 35 33 33 33 32 30 
3 3 4 3 3 3 2 2 1 1 0 0 8 23 31 33 29 22 17 15 15 14 12 10 10 10 10 10 10 10 10 11 15 16 16 17 16 16 16 17 17 18 18 18 18 17 17 16 17 17 18 17 18 18 19 28 39 46 54 53 46 47 48 41 38 40 32 19 5 2 0 0 0 0 0 0 0 0 0 0 0 0 0 1 0 1 1 1 1 9 36 66 86 94 104 123 143 145 116 73 49 37 35 33 32 33 35 33 35 37 39 39 38 38 38 37 36 37 37 37 36 36 36 36 35 35 35 35 35 33 30 
3 3 3 3 3 2 1 1 1 1 0 0 7 22 38 43 36 26 19 17 16 15 13 11 11 11 10 9 10 10 9 10 11 12 12 12 14 15 16 17 15 16 16 17 17 16 16 16 16 16 16 16 17 17 17 31 44 45 46 43 32 36 36 30 29 29 24 15 5 2 1 0 0 0 0 0 0 0 0 0 1 1 1 1 1 1 1 1 0 8 30 52 61 64 67 78 104 144 150 106 60 39 33 33 33 33 32 33 35 37 38 39 39 38 39 38 37 37 37 37 38 37 37 37 36 36 36 36 37 36 30 
3 3 3 3 3 2 1 1 1 1 0 0 5 18 33 44 41 33 23 17 16 17 16 13 12 11 9 9 9 9 8 9 10 10 9 11 11 11 13 15 15 16 14 15 16 16 15 15 16 16 16 16 15 18 29 42 46 45 40 31 23 25 28 25 25 25 19 11 4 2 1 1 0 0 0 0 0 0 0 0 1 1 0 1 1 1 1 1 1 7 24 40 46 46 49 53 79 135 170 145 92 51 35 32 33 32 31 33 35 36 38 39 39 37 38 37 37 37 37 37 37 37 36 36 36 36 37 37 37 36 30 
3 2 3 3 2 2 1 1 1 1 0 0 2 14 24 35 38 37 34 30 25 18 15 14 14 12 10 11 10 9 8 7 8 8 8 9 9 10 12 12 13 15 14 15 15 14 14 15 14 14 15 15 17 28 43 47 45 41 32 23 19 22 25 28 26 28 18 9 3 2 0 0 0 0 0 0 0 0 1 1 1 1 1 1 2 1 1 1 2 5 19 32 36 32 33 46 66 116 170 174 130 76 40 31 33 31 31 33 36 38 39 39 39 37 37 37 36 37 36 35 35 35 36 37 37 37 37 38 38 35 32 
2 2 3 3 3 3 2 1 1 1 0 0 1 3 15 28 33 35 37 37 33 24 18 16 15 14 11 12 10 9 9 7 7 7 8 8 8 10 12 12 13 13 14 14 15 12 14 15 15 14 15 18 26 38 50 49 39 31 25 22 20 24 31 36 37 36 24 9 2 1 0 0 0 0 0 0 0 0 1 1 1 1 1 1 2 1 1 2 1 5 17 28 28 28 29 39 54 95 149 178 154 96 51 32 33 32 32 33 36 38 39 39 38 37 37 37 36 36 35 33 33 33 36 37 37 37 37 38 39 36 32 
3 3 3 4 3 2 1 1 1 1 0 0 1 0 9 22 30 33 36 37 36 31 24 21 18 16 13 12 10 10 9 9 7 7 7 8 9 10 11 12 12 11 10 11 12 12 14 16 17 15 17 25 36 47 54 52 41 33 30 28 28 31 39 49 53 46 29 9 0 0 0 0 0 0 1 1 1 1 1 2 1 1 2 1 1 1 1 1 3 10 24 35 30 24 28 36 52 79 116 152 156 108 58 33 33 33 35 36 36 38 38 38 37 37 37 36 36 36 35 35 34 36 35 37 39 39 40 39 40 38 32 
3 3 4 4 3 1 1 1 1 1 0 0 2 8 16 23 31 37 39 39 39 36 29 24 23 18 16 13 11 12 11 10 9 9 8 9 9 9 10 10 11 11 9 10 11 10 12 12 15 16 22 33 45 54 60 58 53 48 45 40 39 39 45 53 58 51 31 9 0 0 0 0 1 1 1 1 1 1 2 2 2 1 2 1 1 1 1 1 11 24 35 42 33 23 26 38 51 68 86 114 135 113 72 38 33 35 35 36 36 37 37 38 37 37 37 36 36 36 35 35 36 36 35 36 39 40 40 41 40 38 33 
3 4 5 4 4 2 2 2 1 1 0 0 5 18 24 29 33 38 39 40 40 38 32 28 25 21 18 16 12 14 12 10 11 12 10 10 9 8 9 10 8 8 8 9 11 11 12 15 17 24 33 44 52 58 63 60 62 60 54 47 43 43 44 45 46 46 31 10 1 1 0 1 1 1 1 1 1 1 2 3 3 2 1 1 1 1 1 1 15 31 42 43 32 21 24 38 51 60 64 81 108 111 81 50 36 35 35 36 36 37 37 37 37 36 37 36 35 35 35 35 36 36 36 37 38 40 42 42 39 36 33 
3 3 4 3 3 3 2 2 1 1 0 1 9 22 29 33 36 38 39 40 40 40 37 33 30 26 24 21 17 16 15 14 15 13 12 12 10 7 8 8 7 7 9 11 12 16 21 25 31 38 45 50 53 56 57 54 57 55 49 42 32 35 36 35 36 35 24 9 3 4 2 2 1 1 1 1 2 2 3 3 3 2 1 1 1 1 1 1 16 31 42 39 30 23 25 38 47 56 51 53 83 105 90 64 44 35 35 35 35 36 36 37 36 36 36 36 36 36 35 33 36 36 37 37 38 42 42 42 39 36 33 
2 1 3 3 2 1 1 1 1 1 0 1 9 17 24 30 32 37 37 37 37 36 36 35 35 31 28 24 22 21 21 19 19 17 15 16 14 10 10 10 10 10 18 23 23 28 33 39 43 46 47 47 47 47 47 44 42 40 38 33 24 24 28 26 29 29 17 6 4 4 3 3 2 2 3 3 3 3 3 2 3 3 2 2 1 1 1 1 15 28 33 32 25 23 28 37 44 46 38 38 64 98 102 75 51 37 36 36 35 36 36 36 36 36 36 36 37 37 35 33 35 36 38 37 39 42 42 43 39 36 33 
1 1 1 2 1 1 1 1 1 1 1 1 5 12 15 18 24 29 29 28 28 28 28 29 33 32 29 28 26 26 25 26 26 24 22 22 22 22 21 19 22 23 33 39 39 40 42 44 43 42 42 39 35 33 33 31 28 29 25 23 23 23 24 24 28 26 15 5 3 3 2 2 1 2 3 3 3 3 2 2 3 2 2 2 1 1 1 1 11 19 25 26 23 23 31 38 39 38 28 30 50 94 118 96 58 36 36 37 35 35 35 36 36 36 36 36 37 36 35 35 36 37 38 39 42 43 42 42 39 36 33 
1 1 1 2 1 1 1 1 1 1 1 1 4 8 9 11 16 18 19 18 18 18 18 18 25 26 25 25 26 26 28 29 29 28 26 26 29 30 30 29 35 35 38 40 42 40 40 38 33 30 32 28 25 24 23 22 19 21 18 18 28 30 29 28 28 24 13 6 3 2 1 1 1 2 2 2 2 2 2 2 2 2 2 2 1 1 1 2 8 15 19 21 19 22 31 37 38 35 22 28 47 94 131 114 77 43 37 37 37 35 35 36 36 36 36 36 35 35 35 36 36 37 38 40 43 43 42 42 39 36 33 
1 1 1 1 1 1 1 1 2 1 1 1 1 3 3 5 7 8 10 9 9 9 8 9 14 16 18 18 18 21 23 25 25 25 23 24 28 30 31 32 35 35 35 33 35 33 31 29 23 22 20 20 18 18 18 18 15 16 18 26 37 38 38 35 29 22 15 6 3 2 1 1 1 1 1 1 1 1 2 2 2 2 2 2 1 1 1 3 7 14 16 16 17 23 31 33 32 28 23 31 56 106 148 130 89 53 38 37 37 35 35 35 33 35 36 35 35 35 36 36 37 38 40 43 43 43 43 40 39 36 32 
2 2 2 2 1 1 2 2 2 2 2 2 3 3 5 5 5 6 6 5 5 5 4 5 6 8 10 11 11 12 16 17 17 17 17 18 22 25 26 28 26 26 24 23 22 22 22 20 18 17 17 17 16 17 17 16 14 15 21 32 43 45 45 39 32 25 18 6 2 2 2 2 1 1 1 1 1 1 2 2 1 1 2 1 1 2 2 5 8 14 16 17 19 24 26 29 28 25 23 33 58 101 146 148 103 60 39 36 36 35 35 35 33 35 35 35 33 33 35 35 36 38 40 43 43 42 42 39 38 35 31 
2 2 2 2 2 1 2 2 2 2 2 4 9 11 14 12 10 9 9 9 8 8 7 8 6 6 6 8 9 10 11 11 11 11 12 15 15 16 17 16 17 16 16 16 16 16 16 18 19 20 22 24 23 23 23 22 18 17 23 35 50 56 56 50 42 36 23 9 2 2 1 2 1 1 2 2 1 1 2 1 1 1 1 2 1 2 4 8 10 12 15 18 21 24 25 26 26 25 29 40 59 88 129 142 118 67 38 33 36 33 33 33 33 33 35 35 33 33 35 35 36 38 40 43 43 42 40 39 37 35 31 
1 1 1 1 1 1 2 2 2 2 2 9 21 24 23 19 18 16 17 17 16 15 16 17 16 17 17 18 17 18 20 20 20 19 20 20 20 22 18 19 19 19 19 21 20 22 22 23 25 26 30 33 35 35 35 32 26 23 24 35 50 57 56 53 51 46 31 12 3 2 2 1 2 2 2 2 2 2 1 2 1 1 2 2 1 3 10 17 16 14 16 21 23 25 26 29 30 31 37 46 60 79 110 128 106 72 42 29 36 35 35 35 35 35 35 33 33 33 33 35 35 37 40 43 42 42 39 38 37 33 30 
1 1 1 1 1 1 1 2 1 2 3 12 28 35 31 31 32 29 27 27 26 25 25 27 26 26 29 29 28 29 30 32 32 33 34 36 36 34 33 32 32 32 32 32 32 32 32 35 33 36 40 44 47 45 43 38 32 26 22 26 37 44 46 49 51 51 37 16 4 2 2 2 2 2 1 2 2 1 1 1 1 1 1 2 2 7 19 26 24 24 23 22 24 25 26 30 37 40 45 53 58 67 87 102 99 75 49 28 38 37 38 38 38 36 36 35 33 35 35 35 36 37 38 39 40 39 38 37 36 33 31 
1 1 1 1 1 1 1 1 2 2 5 16 30 37 35 39 44 39 36 36 36 33 33 33 35 35 35 36 36 36 36 37 38 39 40 43 44 44 44 43 44 43 43 41 39 38 39 42 42 43 45 49 50 47 44 37 31 24 21 22 26 33 39 44 46 45 35 17 4 2 2 2 3 3 1 2 2 1 1 1 1 1 1 1 3 11 23 30 30 30 28 24 25 26 29 33 42 47 50 56 57 54 64 84 86 81 60 37 45 44 43 42 42 39 37 36 36 36 36 37 36 37 37 37 39 38 36 36 36 34 31 
1 1 1 1 1 1 1 1 2 3 4 15 28 35 35 39 41 41 39 38 38 38 37 37 37 38 37 36 33 35 35 37 38 38 39 43 43 45 45 45 47 46 45 44 42 39 39 39 42 40 40 40 39 38 35 30 25 21 21 21 21 26 32 37 39 37 29 16 6 2 1 2 3 3 1 2 2 1 1 1 1 1 1 1 3 10 23 35 33 31 28 25 28 28 32 40 45 49 49 49 47 43 45 71 94 85 65 53 56 53 53 52 50 50 47 45 44 46 45 43 42 42 42 44 44 44 42 40 39 39 36 
1 1 1 3 2 1 1 1 1 1 3 9 21 30 29 30 30 30 31 31 31 31 31 31 32 31 29 29 29 29 29 30 30 30 29 31 36 38 38 39 41 41 39 39 35 36 35 33 32 32 31 29 26 24 22 22 21 19 18 17 17 21 29 32 35 32 22 14 7 2 1 2 2 2 1 2 2 2 2 2 2 2 1 1 2 7 19 32 35 31 29 26 30 33 38 45 47 49 40 35 37 37 43 70 108 97 82 73 66 63 63 63 61 61 60 58 58 59 57 56 53 53 52 54 56 54 53 51 49 49 48 
1 1 2 3 2 2 1 1 1 1 3 7 15 18 18 19 19 19 19 21 21 19 18 18 19 19 18 17 17 17 18 17 16 16 16 16 20 23 25 26 29 30 29 29 25 26 25 24 22 22 21 19 18 17 16 18 22 22 22 22 23 25 28 30 31 30 24 14 6 2 2 2 2 2 2 2 3 3 2 2 3 3 2 2 2 7 18 30 33 31 29 26 32 38 43 49 45 43 33 28 31 31 39 68 107 110 97 87 71 68 72 73 73 72 72 72 71 71 70 70 67 67 66 67 66 66 65 65 63 63 62 
1 1 2 3 2 1 1 1 0 1 3 7 10 12 12 12 14 14 14 15 14 11 10 9 9 9 8 7 7 7 8 9 8 8 8 9 11 12 15 17 18 21 19 19 19 19 16 15 15 15 15 16 16 16 16 21 29 29 32 35 35 36 37 37 36 37 33 16 5 2 2 2 2 3 3 3 3 3 3 3 3 3 1 1 2 7 18 28 32 30 29 30 38 42 45 46 38 29 24 23 26 36 47 73 113 118 104 96 84 81 82 80 80 80 78 78 77 77 78 78 78 77 77 77 77 77 75 75 75 74 73 
2 2 2 3 2 1 1 1 0 1 3 5 8 12 12 11 12 12 11 10 9 9 7 7 7 6 6 5 5 6 8 8 8 6 5 6 6 7 10 12 15 15 14 15 17 16 14 12 11 12 12 14 14 14 17 24 35 40 45 45 45 45 47 52 49 49 43 21 5 3 2 2 3 3 4 4 4 4 4 3 3 3 2 2 2 8 18 26 29 30 32 36 43 45 44 40 30 22 21 23 29 45 57 77 111 132 130 108 89 85 84 81 82 82 82 82 82 81 81 81 81 81 81 81 81 80 80 79 79 80 80 
2 1 2 3 3 1 1 1 0 3 5 9 12 16 16 15 15 12 10 10 9 10 10 9 10 10 8 8 6 9 9 9 8 6 6 6 6 9 12 15 17 18 19 20 18 16 16 13 13 13 12 12 15 15 17 23 35 45 51 52 53 54 58 61 62 60 51 30 12 5 2 3 3 3 4 4 4 4 4 4 3 3 2 2 4 10 19 28 26 30 37 44 46 45 40 33 25 22 24 30 44 60 64 72 93 117 120 106 90 87 84 84 84 85 84 85 85 85 84 84 82 82 82 84 84 84 82 81 81 81 84 
1 1 1 2 2 1 1 1 2 5 10 17 23 24 22 21 19 18 17 16 14 14 15 15 16 13 10 9 8 9 11 11 11 9 8 7 10 12 16 21 26 26 29 29 23 21 18 17 18 17 16 16 16 15 17 19 29 40 52 54 54 56 58 59 61 59 51 35 16 6 4 3 3 3 3 3 3 4 4 4 3 3 3 4 7 12 22 28 31 37 45 51 46 40 35 28 21 19 26 38 51 60 63 66 78 104 118 108 94 88 87 86 86 87 87 87 87 87 86 86 85 85 85 86 87 87 85 85 84 84 86 
1 1 1 1 2 1 0 1 2 7 16 23 29 30 30 25 22 21 18 17 16 16 16 17 18 16 11 9 8 9 13 15 15 15 12 11 11 14 16 22 27 26 30 31 26 24 19 19 19 18 18 18 16 15 16 16 22 33 45 46 43 43 43 44 47 46 41 30 15 7 3 2 2 3 3 3 3 4 4 4 3 4 6 4 10 19 24 31 36 40 47 50 40 31 26 23 21 22 32 45 52 54 56 54 60 85 107 109 97 90 90 89 89 90 90 92 92 90 90 90 89 89 89 89 89 89 88 88 87 89 89 
0 1 1 2 2 1 0 0 1 4 16 24 25 25 27 23 17 16 16 12 11 16 19 21 19 16 11 9 9 11 15 17 18 18 15 15 12 15 16 19 22 23 25 31 24 22 18 17 15 15 15 15 14 14 14 14 15 22 32 34 32 31 31 31 35 36 33 26 12 6 2 3 4 2 3 3 3 3 3 3 3 3 4 4 9 18 26 35 39 42 44 42 31 23 19 18 21 28 38 45 46 46 46 44 46 66 90 101 97 95 94 92 93 93 94 94 94 94 94 94 93 93 93 93 94 93 93 93 92 93 93 
0 0 0 0 1 1 1 1 3 5 17 22 19 17 18 18 15 12 14 14 12 15 19 22 18 14 11 11 11 13 16 18 17 16 15 15 14 16 16 18 19 21 22 24 19 18 16 15 13 13 13 13 12 12 12 13 15 15 24 25 25 24 25 25 25 26 26 23 12 6 3 5 3 3 3 3 3 3 3 3 3 3 3 3 8 17 25 33 40 39 37 32 23 19 16 18 25 32 39 42 42 38 38 38 39 54 82 100 102 97 94 94 94 95 94 94 95 95 94 94 94 93 93 93 95 95 95 95 95 94 95 
0 0 0 0 1 1 1 1 4 7 13 16 13 13 15 17 15 11 8 10 14 17 18 18 16 14 13 15 15 16 18 18 16 16 17 17 15 15 15 17 18 17 18 18 17 16 14 14 12 13 12 13 12 12 12 15 15 17 22 21 22 23 24 24 22 21 24 22 14 6 3 3 2 4 3 3 3 2 3 3 2 2 3 3 12 19 25 31 35 32 27 22 18 17 18 22 26 32 35 35 33 30 30 36 42 56 84 107 108 100 94 92 92 93 92 90 90 92 92 92 93 93 92 90 93 94 94 94 94 93 93 
0 0 0 0 1 1 1 2 6 8 10 12 12 14 17 16 12 10 8 10 13 16 15 13 13 16 16 17 18 19 17 17 16 16 18 20 18 17 15 12 15 23 20 17 15 12 11 11 11 12 12 12 12 12 15 15 16 17 17 22 28 28 26 24 22 22 24 23 14 6 2 3 2 2 2 2 2 1 1 1 1 1 2 3 12 18 22 24 26 25 22 17 16 17 18 22 25 29 30 28 26 28 31 38 43 71 112 123 105 90 87 87 86 87 86 85 85 85 86 86 87 87 88 87 89 89 88 88 88 88 88 
0 0 0 0 2 2 1 2 6 9 10 10 12 12 15 15 12 10 9 11 13 15 13 13 13 16 19 22 22 22 19 19 19 19 22 23 23 20 18 17 17 30 25 19 16 11 11 11 11 12 12 13 14 14 17 15 15 16 16 25 33 32 31 23 21 23 26 24 12 7 2 3 2 2 1 1 1 1 1 1 1 1 2 4 12 17 21 21 21 18 17 15 15 16 17 21 24 28 28 24 25 32 39 47 54 84 129 140 117 91 81 79 77 78 79 80 80 79 79 80 79 78 78 77 78 79 78 78 78 78 78 
0 1 1 1 2 2 2 4 7 8 9 9 12 10 7 8 9 8 9 11 11 11 11 12 15 21 23 26 28 29 30 30 29 32 34 33 30 25 26 30 28 31 31 25 16 10 10 10 10 11 13 17 18 19 17 15 15 15 16 23 38 39 35 23 22 24 28 29 21 10 4 3 3 2 1 1 2 2 1 1 1 1 2 5 12 18 18 19 17 15 16 16 15 17 18 22 25 25 29 31 33 37 46 58 65 93 136 151 121 89 77 73 72 73 73 73 73 74 73 72 72 71 71 71 71 71 72 72 73 72 72 
0 0 0 1 1 1 4 8 8 9 8 7 10 7 3 3 5 6 6 6 6 5 5 5 8 16 21 24 25 28 30 31 31 36 38 37 33 30 31 35 33 33 34 31 23 17 11 8 10 11 17 23 23 24 22 15 15 15 16 23 38 42 35 23 23 25 30 29 23 10 4 2 3 3 2 2 3 3 2 1 1 1 2 7 14 17 17 17 17 15 16 17 16 19 22 24 30 33 39 44 47 51 59 68 68 89 131 150 121 88 72 67 66 67 67 67 67 68 66 65 65 64 64 64 65 65 66 67 67 66 67 
0 0 0 0 1 1 4 15 13 11 8 5 5 4 2 1 2 3 3 3 5 4 3 3 5 9 14 17 19 22 24 29 30 33 35 33 31 30 32 36 37 40 38 35 30 26 19 12 9 16 22 25 29 31 24 15 13 13 15 21 32 37 33 23 23 25 30 30 22 12 5 3 3 3 3 4 4 4 3 2 1 2 3 9 15 16 16 16 16 15 16 20 25 31 35 36 40 49 53 57 59 61 65 66 61 74 110 134 111 80 68 65 64 64 64 64 62 64 61 61 61 61 61 61 61 61 61 61 63 61 61 
0 0 0 0 1 1 8 23 19 17 10 4 4 3 2 1 1 2 3 2 2 3 3 3 3 4 5 5 9 12 16 24 25 29 29 28 26 26 29 34 37 39 38 37 35 32 29 22 18 22 29 30 31 34 23 14 12 12 13 18 25 29 28 22 23 28 29 28 23 12 5 3 3 3 3 4 6 5 5 4 3 3 3 9 14 16 16 16 17 19 24 31 37 43 47 50 53 58 59 60 63 65 63 57 49 57 85 110 102 79 68 64 61 61 61 61 61 61 59 59 59 59 59 59 59 59 59 59 60 59 59 
0 0 0 0 2 4 17 29 23 22 16 5 4 2 2 2 1 1 1 1 0 1 1 2 1 2 3 2 2 4 9 15 16 22 24 23 22 23 24 30 33 38 39 40 39 36 33 26 22 24 26 26 22 25 16 12 11 12 13 16 21 22 24 19 23 28 29 25 19 15 7 4 2 3 3 4 5 4 6 5 4 3 3 8 14 17 18 18 21 25 32 40 47 52 53 57 59 58 56 54 56 58 56 47 37 42 64 89 93 77 69 66 63 61 61 63 63 63 61 61 61 61 61 61 60 60 60 60 60 60 60 
0 0 0 0 1 7 23 32 23 21 18 5 2 2 2 4 4 3 3 1 1 1 1 1 0 1 3 2 1 2 4 9 8 17 19 19 18 18 18 23 30 36 36 41 43 37 35 26 24 24 22 22 18 18 12 11 11 12 13 16 18 17 19 18 22 23 25 23 17 16 9 5 3 3 2 4 4 4 5 4 3 3 4 8 16 21 23 24 25 31 39 46 51 53 53 54 54 51 47 43 42 42 38 36 33 32 51 78 93 84 73 69 67 66 65 65 65 65 64 64 64 64 64 64 64 63 63 63 64 64 64 
0 0 0 0 3 11 28 33 25 21 17 5 1 1 1 2 2 2 3 3 2 2 1 1 1 1 2 1 1 1 2 5 8 15 16 18 17 14 14 16 19 25 29 33 38 37 32 31 27 24 18 16 15 12 11 11 11 12 14 16 17 16 15 17 19 18 22 23 21 17 10 5 3 3 2 4 4 4 4 4 3 3 5 10 19 25 28 30 31 37 41 45 44 45 45 44 42 39 36 32 32 31 29 31 31 32 46 74 99 97 78 71 70 68 67 67 67 67 66 66 66 66 66 67 67 68 68 67 67 66 66 
1 1 0 0 7 16 28 28 22 19 15 4 1 1 1 1 2 2 2 2 2 2 1 1 1 0 1 2 3 3 3 5 8 12 17 18 16 12 12 12 15 16 22 26 31 32 31 30 27 24 19 17 18 12 11 11 12 12 14 16 17 16 16 17 19 17 23 25 25 18 11 5 3 2 2 3 4 4 4 4 3 3 7 12 23 29 30 31 31 32 36 34 33 31 31 31 29 28 25 26 29 29 28 26 38 45 54 73 99 107 88 72 70 70 68 68 67 67 67 67 67 67 68 68 68 70 70 70 70 68 67 
1 1 0 8 16 22 25 22 17 17 14 4 1 1 1 1 2 2 2 2 3 3 3 3 4 4 4 6 9 9 11 12 13 18 19 18 16 14 12 10 11 14 17 22 26 29 31 30 28 24 22 24 25 22 12 10 12 12 15 17 18 17 16 17 19 19 23 29 29 22 11 6 4 3 2 2 3 4 5 4 3 3 8 16 25 29 28 28 27 26 24 24 24 23 23 23 22 23 24 26 31 36 38 38 49 57 65 84 108 113 94 77 71 70 68 67 67 67 67 67 67 68 70 68 68 68 67 67 67 68 68 
1 1 0 9 17 18 22 22 15 15 12 5 1 1 1 3 5 8 8 8 9 9 9 9 12 11 11 12 13 13 16 17 19 24 23 22 18 16 14 12 12 14 16 18 22 25 29 31 30 30 29 31 32 30 21 12 14 14 16 19 19 18 17 19 22 19 25 29 30 25 15 6 4 3 2 2 2 3 4 4 3 3 7 16 23 24 22 22 20 20 18 18 18 19 21 23 24 28 32 38 43 47 52 56 61 68 74 92 116 117 94 82 71 70 68 67 67 67 67 67 68 68 70 68 68 68 67 67 67 67 68 
1 3 2 10 17 17 20 23 16 14 11 5 2 2 3 4 9 12 12 12 15 15 14 14 17 17 19 19 19 19 20 20 23 25 25 25 23 21 19 18 17 17 18 19 19 23 29 32 36 38 39 41 43 38 29 17 19 19 21 22 24 21 17 22 22 19 26 29 30 25 16 7 3 3 1 2 2 2 4 4 4 4 8 16 21 21 19 18 19 19 22 22 21 24 25 29 33 39 46 52 58 61 64 66 67 71 74 90 115 121 100 85 73 71 67 66 67 68 68 67 68 68 68 68 68 67 67 67 66 67 68 
1 4 4 10 18 18 19 25 17 16 14 9 7 5 5 6 11 15 14 15 17 17 17 18 19 21 23 23 25 25 26 26 25 25 25 26 25 26 25 24 24 23 23 24 25 26 31 35 38 43 45 48 48 41 30 21 24 25 25 26 26 24 18 18 21 18 24 28 27 23 12 6 2 2 1 1 1 2 4 4 4 6 10 16 18 18 19 21 23 26 29 31 32 36 36 37 43 51 57 61 65 67 67 66 67 70 72 79 109 121 111 100 72 72 70 67 68 68 67 67 67 67 67 66 67 66 67 67 66 67 66 
1 2 8 12 17 19 22 23 22 17 15 15 12 11 9 8 10 15 14 15 16 16 17 18 17 18 18 19 19 21 22 24 25 24 24 25 26 28 28 29 29 29 29 28 29 30 33 37 39 43 45 47 47 41 29 17 22 26 27 25 23 23 19 18 18 18 22 24 24 18 11 6 3 3 1 1 1 2 3 4 4 6 12 18 19 19 22 25 30 34 37 39 43 47 48 50 53 59 60 61 60 60 60 60 58 58 59 67 100 139 152 135 80 68 72 70 70 68 68 68 67 66 66 66 67 66 67 67 66 66 65 
0 2 10 16 17 18 20 23 22 19 16 17 16 16 14 12 12 14 14 15 17 15 15 14 10 14 12 11 11 12 15 16 19 21 24 25 26 28 29 30 30 29 29 29 29 30 33 35 37 38 40 44 44 37 29 19 18 23 24 23 21 19 17 18 17 16 19 22 21 16 11 6 3 3 1 1 1 1 2 3 4 9 16 21 24 26 30 36 40 43 45 46 49 52 53 55 58 59 56 54 53 51 49 46 45 44 45 56 90 148 186 174 96 71 73 67 67 67 67 68 68 67 67 67 66 66 66 66 66 66 65 
1 4 11 16 16 18 19 22 21 17 16 17 17 16 16 16 15 14 14 12 11 9 8 5 3 4 4 3 3 3 4 8 11 14 18 23 24 24 24 26 26 28 29 29 29 28 30 31 32 35 37 39 39 37 29 21 19 22 22 22 20 18 15 15 16 15 17 19 18 15 10 6 4 3 1 1 0 1 2 3 3 11 19 24 31 37 39 45 46 46 44 44 46 47 48 50 51 51 47 44 43 42 39 37 37 38 40 51 88 144 194 194 124 84 74 73 74 73 72 71 70 68 68 68 67 67 67 66 66 66 65 
2 6 15 17 16 17 18 20 19 17 15 17 16 16 16 16 16 14 11 9 4 2 3 3 3 3 3 2 2 1 2 3 4 5 9 13 15 15 17 21 24 25 26 26 26 28 28 26 29 33 36 36 37 37 32 23 22 23 22 21 18 17 15 13 15 15 16 19 18 15 10 7 5 4 1 1 0 1 2 3 7 16 24 29 37 43 44 46 46 43 40 39 40 41 40 41 43 40 38 36 33 33 33 35 33 35 39 44 67 120 179 182 108 75 75 73 70 70 68 67 67 68 70 68 67 67 67 67 66 65 64 
1 6 16 18 17 16 16 18 17 16 15 16 16 15 14 12 12 10 9 7 4 3 3 3 3 3 3 3 3 3 5 4 3 5 7 8 9 10 12 15 17 22 22 22 23 25 25 24 28 30 33 35 37 36 36 31 26 25 24 22 18 15 15 13 13 13 16 19 19 16 11 9 5 5 1 1 0 0 1 4 10 23 31 36 40 40 39 38 37 33 31 29 30 31 32 34 33 31 31 31 30 30 31 32 33 36 44 51 63 101 169 181 121 84 78 75 79 82 84 84 81 79 78 75 71 67 70 67 66 66 65 
3 8 13 17 17 17 16 17 16 16 15 12 11 10 10 10 10 8 7 7 7 7 7 7 7 5 5 8 8 9 10 11 11 12 15 15 14 12 12 12 14 16 18 18 21 22 23 22 25 30 31 35 37 38 37 37 33 29 25 23 21 16 13 12 12 13 15 19 20 18 15 9 8 5 1 1 0 0 1 4 14 26 33 32 34 33 30 29 26 24 22 23 23 25 29 30 29 30 31 32 33 33 35 36 38 44 57 64 72 111 169 181 121 96 97 104 117 128 134 136 136 129 118 105 90 81 74 68 66 67 65 
3 8 12 15 16 16 16 16 15 15 14 9 7 4 8 9 8 9 9 8 9 9 9 9 9 9 8 11 12 12 12 15 15 18 19 21 19 18 17 17 17 17 18 19 22 22 25 24 25 30 32 35 36 38 38 37 37 32 29 28 28 23 14 11 11 12 14 18 21 17 14 11 10 4 1 1 0 0 0 5 14 22 24 23 23 24 22 22 21 21 19 22 23 25 30 31 33 36 38 40 42 45 50 52 54 59 70 74 72 117 169 175 124 115 130 149 169 186 197 200 200 196 184 165 143 124 101 81 71 68 66 
5 10 15 15 15 16 16 16 16 15 12 8 4 4 6 8 8 11 12 10 11 11 11 12 12 11 12 14 14 11 13 16 17 19 21 21 21 23 23 23 23 23 23 23 23 24 27 27 29 31 33 33 36 37 38 38 37 32 30 31 32 28 19 11 12 14 16 19 21 18 16 12 10 4 1 1 1 0 1 6 11 16 17 17 18 18 18 19 21 22 23 25 30 33 37 40 43 45 50 53 54 58 60 63 65 68 74 73 63 104 164 174 149 153 171 187 209 228 238 242 241 238 230 216 198 173 142 114 93 80 72 
9 14 15 16 17 17 17 17 18 16 15 12 9 6 8 8 10 14 14 12 12 12 12 12 12 14 14 14 14 11 14 14 15 17 18 19 21 23 24 25 25 25 25 25 25 25 26 28 33 34 33 33 34 38 38 39 36 32 31 32 31 27 17 12 13 16 17 21 22 18 16 14 10 5 1 1 1 0 1 8 12 17 19 19 19 18 21 25 26 30 33 36 39 44 46 50 53 56 58 60 59 57 58 58 59 61 64 61 54 85 144 173 169 192 199 205 216 228 236 241 238 230 219 213 208 195 173 149 128 109 95 
9 15 16 18 18 18 18 18 18 17 16 15 13 11 11 11 14 14 14 14 12 14 14 12 15 14 14 14 14 12 12 14 14 16 16 17 19 21 23 24 25 26 29 29 28 28 26 28 31 33 32 32 34 37 37 38 36 33 30 29 26 20 14 12 12 15 15 19 21 21 18 14 10 5 1 1 1 0 2 10 17 23 25 25 27 27 29 33 37 39 43 46 50 52 53 56 57 56 58 57 54 54 51 49 47 49 50 49 47 71 127 173 192 200 182 175 175 178 185 184 178 169 152 142 150 158 159 159 156 143 127 
10 15 18 18 18 18 19 19 19 17 15 15 14 14 14 14 14 14 14 12 12 12 12 15 15 16 16 16 16 15 15 16 17 17 16 17 17 18 19 21 23 24 26 26 28 28 27 27 28 29 31 32 32 35 36 37 35 32 29 25 18 13 10 12 12 15 18 22 23 19 16 11 9 5 1 0 0 0 1 9 18 26 29 30 32 33 38 41 44 44 45 49 51 51 51 50 49 47 46 44 39 37 36 38 39 40 42 45 45 67 122 174 187 171 137 110 102 103 103 99 92 85 72 64 74 88 103 124 144 156 151 
12 17 18 18 18 18 19 19 19 19 18 18 16 16 16 16 15 14 12 12 11 12 14 15 16 18 17 18 18 19 19 19 20 19 19 19 18 19 18 17 18 19 22 23 24 24 26 27 26 29 30 31 31 33 35 36 35 33 30 23 16 10 8 6 8 10 14 16 17 16 12 8 6 5 2 1 1 0 1 8 17 23 25 28 30 32 34 36 36 38 39 39 39 39 37 37 37 37 35 33 31 29 30 35 39 47 52 53 52 78 128 155 163 132 92 58 46 43 40 39 35 30 25 23 29 38 51 73 102 128 143 
14 16 18 18 19 19 19 19 19 19 19 19 18 18 17 16 15 14 12 12 11 11 14 15 16 17 18 19 19 21 22 22 21 22 22 23 25 24 22 21 19 20 19 21 23 23 25 25 27 30 30 30 31 32 33 34 33 32 29 23 15 8 6 5 5 6 8 10 10 10 9 6 5 3 2 1 1 1 1 4 11 16 18 21 23 25 25 25 24 25 26 28 30 31 30 30 32 33 35 36 37 39 44 47 53 65 68 71 85 111 141 169 139 108 68 39 28 24 22 19 19 17 14 14 17 23 30 39 54 78 106 
15 16 17 18 19 19 19 20 19 21 21 19 19 18 17 15 15 14 12 12 11 12 14 14 14 16 16 18 17 19 21 21 21 22 23 25 29 28 25 24 24 24 22 23 24 25 26 26 27 30 30 30 30 31 32 32 32 31 26 22 14 7 6 4 4 5 6 7 10 9 5 4 3 3 1 1 1 1 1 2 7 10 14 16 17 18 18 19 19 21 22 24 29 30 30 33 37 43 46 49 50 52 54 58 64 78 86 93 107 128 146 153 120 84 50 29 22 21 18 18 17 16 12 12 15 19 20 23 30 44 68 
16 16 17 17 19 19 18 18 19 21 21 19 17 17 16 15 15 11 10 11 11 12 12 14 12 14 15 16 16 17 18 21 21 22 24 26 29 29 26 25 25 24 25 26 26 26 25 26 29 29 29 29 30 30 29 30 30 29 24 19 12 5 4 3 3 3 5 6 7 7 4 4 3 2 1 1 1 1 1 3 5 11 16 21 22 21 22 24 25 28 30 32 35 37 39 44 50 54 54 54 53 53 56 61 68 82 95 114 130 146 158 144 102 60 35 24 19 17 16 15 15 12 12 12 16 19 21 23 26 30 42 
16 17 17 17 19 19 18 18 19 21 21 19 17 17 17 17 16 15 14 12 14 14 14 14 14 12 13 15 15 16 17 18 18 19 22 24 26 28 26 25 25 24 25 25 26 25 24 26 29 29 29 29 29 29 28 28 29 26 21 16 9 4 3 3 3 3 5 6 6 7 5 4 3 3 2 2 1 1 1 2 5 14 23 29 33 31 33 36 37 39 42 43 44 46 51 53 56 57 56 52 47 46 47 54 74 84 93 130 152 160 162 134 88 47 28 23 18 16 14 12 12 11 12 14 17 18 21 25 28 25 29 
16 16 17 17 17 18 18 19 19 21 21 19 19 19 18 18 18 18 17 17 17 15 15 15 14 14 14 14 14 14 15 15 16 17 19 19 22 24 25 25 25 24 24 24 25 25 24 28 28 28 29 29 29 29 26 26 25 24 19 14 7 2 2 2 2 2 4 5 7 8 6 5 3 3 1 1 1 1 1 2 4 10 21 29 33 37 39 40 42 43 44 44 46 47 50 51 49 50 50 43 36 35 36 40 67 80 106 149 173 181 165 125 84 46 26 23 18 16 15 14 14 14 14 15 17 18 24 27 29 30 30 
17 16 17 17 17 17 18 19 21 22 22 21 21 21 18 19 19 18 16 16 16 14 15 13 14 14 14 14 16 15 15 13 13 13 15 15 18 23 23 24 25 24 24 25 24 24 26 26 26 28 29 30 30 30 28 26 24 19 15 9 3 1 1 1 2 2 4 5 7 9 8 5 4 3 1 1 1 1 1 3 2 4 15 25 29 33 33 35 35 37 39 40 40 40 42 40 38 37 38 33 28 24 25 26 53 68 108 151 181 201 184 125 85 45 29 25 21 18 17 16 16 15 14 15 17 21 25 29 30 32 32 
17 16 17 17 17 17 18 19 21 21 21 21 21 21 19 19 18 17 16 16 14 14 14 14 14 12 12 15 17 19 19 19 17 16 15 12 15 21 22 23 24 25 23 24 24 24 26 28 28 29 29 30 29 29 28 26 22 16 13 9 2 1 1 1 1 1 3 4 6 11 12 8 4 2 2 2 0 0 0 1 1 3 11 17 21 25 26 26 28 30 34 37 38 38 36 33 31 30 30 29 27 26 25 25 43 71 111 152 184 200 178 122 79 43 31 26 23 21 19 19 18 18 16 17 20 23 24 28 30 31 32 
17 16 17 17 17 18 19 19 21 19 21 21 22 22 19 19 18 17 16 15 14 14 12 12 14 11 11 16 18 22 22 22 20 18 16 15 16 18 21 23 24 24 24 24 23 23 25 26 28 28 29 29 29 28 28 26 21 15 12 8 2 1 1 1 1 1 2 3 5 10 22 18 8 3 3 1 0 0 0 0 1 3 8 12 16 17 19 22 22 23 26 30 32 32 31 31 30 30 29 29 29 29 27 29 38 73 127 165 188 186 144 94 63 40 32 29 25 22 20 20 19 19 18 18 22 24 25 29 31 32 33 
17 17 17 17 17 17 19 20 21 21 21 21 22 23 21 19 18 17 16 15 14 14 14 14 12 11 11 15 19 21 21 19 18 17 15 14 15 17 21 22 24 24 25 23 22 23 25 26 28 28 28 29 29 28 28 25 21 15 10 6 2 1 1 1 1 1 1 2 9 19 24 24 18 9 2 0 0 0 0 0 1 3 5 9 14 16 18 21 22 22 24 26 27 29 29 29 30 30 30 31 30 30 30 33 37 75 138 173 185 165 117 77 52 40 33 29 26 24 22 21 19 19 19 21 22 24 25 28 31 32 33 
17 17 17 17 17 18 20 22 21 21 21 22 23 22 21 21 18 17 16 15 15 16 14 14 12 11 11 14 17 19 17 15 12 14 14 12 16 17 19 22 23 24 24 22 19 21 23 24 23 23 25 28 28 28 26 24 19 14 8 4 1 1 1 1 1 1 1 2 5 15 25 31 28 23 15 4 0 0 0 0 0 2 5 9 14 17 18 21 22 23 24 26 27 29 29 30 30 31 31 32 31 31 31 37 42 75 123 152 160 132 89 63 50 40 35 30 28 26 25 24 23 23 22 23 23 25 26 28 29 29 31 
17 17 17 17 17 19 22 23 24 23 23 24 23 22 22 21 19 18 17 16 16 16 14 11 11 14 15 13 16 17 15 14 12 12 14 15 16 18 19 22 22 22 18 17 17 18 18 21 19 21 22 24 26 26 24 21 13 10 5 3 2 2 1 1 1 1 1 1 2 11 25 33 32 31 26 18 6 0 0 0 0 3 5 8 12 16 18 21 23 25 26 27 27 29 29 30 31 31 32 33 33 32 33 41 52 78 101 111 104 89 72 53 47 41 36 32 30 29 28 28 28 26 25 26 25 28 28 28 28 26 28 
18 18 18 18 19 21 23 25 25 24 24 24 23 23 21 18 18 17 15 15 13 12 11 9 11 17 18 15 15 16 15 14 14 12 11 15 15 16 17 18 18 17 15 14 12 15 17 17 17 17 17 19 22 22 21 15 9 8 3 3 3 2 1 1 1 1 1 1 3 11 24 34 33 36 33 26 16 5 0 0 0 3 5 10 12 15 18 21 23 25 26 27 27 29 29 30 31 31 32 33 33 33 33 44 56 73 88 88 79 71 65 56 50 44 37 31 29 28 26 26 26 26 26 26 25 28 29 29 28 26 29 
17 18 19 21 22 23 24 26 26 25 23 22 22 22 18 18 18 16 15 12 9 9 10 10 12 18 17 16 14 14 14 12 12 11 11 11 12 15 16 17 16 15 13 12 10 11 14 15 14 12 12 14 12 12 12 7 4 4 2 2 1 2 2 1 1 1 1 1 5 12 25 34 33 34 35 33 25 12 4 1 0 3 6 11 12 15 18 19 22 24 24 26 26 28 28 28 29 29 30 31 32 31 31 43 55 71 83 82 78 73 71 63 57 48 40 32 29 26 25 24 24 25 26 26 25 28 29 29 29 29 32 
18 19 19 19 22 23 24 24 25 24 22 23 21 21 18 19 18 12 12 11 8 8 11 14 15 18 19 16 11 9 8 8 9 10 11 10 11 13 18 23 18 16 15 13 12 15 14 14 12 9 7 7 7 4 3 3 1 1 2 2 1 2 2 1 1 1 1 1 5 14 26 34 33 33 33 36 31 22 13 5 3 4 6 11 14 16 18 19 23 24 24 26 26 26 26 28 29 29 30 31 32 29 30 43 58 73 85 82 78 78 74 65 58 50 41 36 30 28 25 24 24 25 26 25 25 28 29 29 30 28 32 
18 19 19 19 21 22 21 21 21 21 22 22 21 22 20 18 15 9 4 5 9 10 10 15 16 18 19 18 15 11 10 10 10 10 11 11 14 17 22 25 24 23 23 22 23 23 22 17 12 5 3 1 0 0 0 1 0 1 2 2 0 0 1 1 1 0 0 1 8 18 27 34 33 33 34 36 33 30 24 13 9 6 7 10 12 15 17 19 22 24 25 27 27 27 27 29 30 30 30 31 32 28 29 43 58 75 90 88 79 77 73 64 55 50 40 36 33 30 27 25 25 25 24 23 24 26 27 26 26 25 27 
18 19 19 21 22 22 21 19 18 19 21 19 21 23 24 20 16 10 5 4 9 11 12 16 17 18 18 18 21 23 22 18 15 14 16 19 23 28 30 30 30 32 36 35 36 35 31 22 16 4 1 1 0 0 0 0 0 1 1 1 0 1 1 0 0 1 3 7 16 23 30 34 34 34 34 34 34 34 31 24 19 12 9 10 12 14 16 17 20 23 23 26 27 27 27 27 29 29 30 31 31 29 30 43 58 79 93 89 79 77 72 64 55 47 39 36 33 31 27 25 24 23 21 21 22 24 24 24 24 23 23 
18 19 21 21 21 21 19 18 19 19 20 20 19 22 23 22 18 12 8 7 9 11 16 21 23 18 16 18 25 31 32 25 18 22 28 30 35 37 37 33 36 39 42 42 40 39 36 29 24 10 4 4 2 1 1 0 0 0 0 0 0 0 0 1 1 3 7 14 22 26 30 35 33 33 34 34 36 36 36 34 26 18 11 10 11 12 15 17 17 18 22 25 26 26 26 27 29 29 30 31 31 29 30 44 59 79 93 88 78 77 72 64 53 46 40 37 33 30 26 24 22 22 19 18 19 21 23 24 23 23 21 
18 18 19 19 21 21 19 18 18 17 18 18 19 22 22 22 19 12 5 7 9 15 22 28 28 21 16 17 24 33 35 30 28 29 29 31 37 37 31 26 30 36 40 40 39 39 35 31 24 16 9 5 4 3 2 0 0 0 1 0 0 1 0 1 2 3 8 15 22 26 31 33 33 33 34 33 34 36 37 37 34 29 19 12 11 12 15 17 16 17 20 23 26 26 26 27 29 29 30 31 31 29 31 46 60 80 93 87 75 74 73 65 53 47 43 39 35 31 26 24 22 20 18 18 17 18 23 24 23 23 22 
18 18 19 19 19 19 19 18 19 19 18 18 19 19 21 23 22 13 5 7 8 15 25 31 30 24 19 16 21 29 31 29 25 25 25 26 29 28 23 17 22 25 30 31 32 32 29 24 17 13 9 7 5 5 4 2 3 3 2 1 1 2 1 1 1 4 11 19 24 29 31 31 32 33 33 32 33 35 37 37 37 33 30 23 16 13 15 16 17 18 18 21 25 26 26 27 29 29 30 31 30 29 32 49 61 82 94 86 72 73 74 66 56 50 46 43 37 32 26 23 21 18 16 16 17 19 21 22 23 25 22 
19 19 19 19 17 17 17 16 18 19 18 18 17 18 19 19 16 10 8 8 10 15 22 26 26 24 19 17 19 24 26 22 17 18 21 21 21 21 17 12 16 21 23 24 23 22 21 17 12 9 8 10 10 8 6 4 5 5 2 2 1 2 2 1 2 10 18 26 30 30 31 31 31 31 31 32 32 33 36 37 37 36 36 33 24 17 17 16 17 18 18 21 25 26 26 27 29 29 30 31 31 30 33 51 61 82 94 86 71 71 74 66 57 50 46 43 40 36 30 25 22 19 17 16 18 20 21 23 25 29 28 
21 19 19 18 17 15 14 14 15 15 14 12 14 15 16 14 10 6 7 8 10 11 17 22 21 18 14 14 12 16 17 16 16 15 12 15 16 15 14 10 11 14 16 16 16 15 16 13 10 9 10 13 15 13 10 8 9 8 4 2 3 4 6 6 11 18 25 30 30 30 31 30 30 30 30 31 32 33 33 35 36 36 37 37 32 25 22 19 19 20 19 22 24 25 26 27 29 29 30 31 32 32 33 51 62 83 95 87 70 67 73 67 62 53 48 46 42 37 31 26 23 22 19 19 20 23 24 28 30 33 34 
21 21 21 18 16 14 10 8 10 9 8 9 10 10 10 9 6 5 7 7 8 10 13 16 15 11 9 7 9 9 10 11 11 11 10 11 12 12 12 9 9 9 11 12 12 15 13 10 9 9 11 12 15 16 14 12 15 13 12 10 10 10 12 16 21 25 29 30 30 30 30 30 30 30 30 30 30 32 32 33 33 34 36 36 35 33 30 25 25 24 23 23 24 25 26 27 29 29 30 31 32 31 35 51 64 85 96 87 68 64 71 68 65 57 51 46 40 37 31 26 24 23 22 20 23 25 26 30 32 35 37 
22 22 22 19 15 11 9 4 5 5 5 7 9 9 7 5 5 5 8 8 9 11 12 12 10 8 7 6 9 9 8 9 8 9 9 11 11 10 11 10 10 10 10 11 12 15 15 11 13 11 12 13 13 17 19 22 29 27 24 19 16 16 16 19 24 25 29 30 29 30 30 30 30 30 30 30 31 32 31 31 30 31 32 33 33 33 32 32 31 28 25 25 25 26 27 27 29 29 30 30 30 30 33 50 64 85 96 85 66 61 67 66 66 58 50 44 40 36 32 30 26 24 22 22 23 25 29 30 34 38 37 
21 21 22 18 14 9 7 7 4 5 5 5 6 8 8 7 7 6 8 8 9 11 11 10 8 8 8 9 10 11 11 11 8 9 11 14 12 10 10 10 12 17 16 16 17 18 18 18 22 19 16 12 17 26 33 34 37 34 29 24 18 19 22 24 25 25 29 30 29 30 30 30 30 30 30 30 31 30 29 29 29 31 32 32 33 35 35 33 35 32 30 28 26 28 29 29 29 27 29 30 30 31 33 50 64 82 95 84 64 60 66 65 65 59 50 43 38 36 33 30 28 25 24 23 23 25 29 32 36 39 38 
21 21 19 15 12 10 9 8 8 8 6 6 7 9 12 12 10 9 8 10 12 12 12 10 8 6 8 9 12 15 18 17 12 11 11 15 19 17 12 10 16 24 26 26 28 29 31 29 25 20 14 12 24 35 39 37 38 37 32 25 18 19 19 23 24 25 27 30 29 29 30 30 30 30 30 30 29 28 29 29 28 29 30 31 33 35 35 35 35 33 33 31 30 29 29 28 28 28 29 29 30 31 33 47 64 81 96 83 65 61 66 65 61 56 47 40 37 33 30 29 27 25 22 23 25 27 32 33 34 37 37 
21 21 21 16 13 13 12 10 9 9 8 8 7 9 15 17 16 12 10 14 16 16 15 12 10 8 8 9 15 22 26 24 17 15 14 19 28 26 17 12 17 29 35 36 35 36 38 37 32 24 15 15 29 42 43 37 36 31 29 24 19 19 21 23 23 24 26 29 28 29 29 29 29 29 29 29 29 28 29 27 28 28 29 30 31 32 33 35 35 33 33 35 35 33 31 30 30 29 29 29 30 31 32 46 66 83 95 86 66 61 62 62 59 51 44 38 36 32 30 29 29 27 24 23 26 27 31 33 33 36 36 
22 21 19 18 18 18 16 11 8 9 9 8 9 10 17 25 22 15 14 16 20 20 17 14 12 9 6 8 19 28 32 29 18 15 16 23 31 29 19 15 19 30 38 39 39 38 38 37 33 27 19 19 24 31 36 31 30 29 27 24 22 19 19 18 21 23 25 27 26 28 29 29 29 29 29 29 29 28 28 28 29 27 26 28 29 31 32 33 35 35 37 39 37 36 37 36 33 31 31 31 31 32 33 45 65 81 93 87 70 61 64 63 57 45 38 35 32 30 29 29 28 26 24 22 25 27 31 32 33 35 36 
18 18 19 21 22 19 16 12 9 11 11 10 10 11 21 28 24 16 14 16 24 27 19 12 11 8 5 9 21 29 32 28 18 14 14 22 31 29 22 15 21 29 35 35 35 35 33 31 26 24 21 21 22 22 24 23 23 22 22 18 16 14 12 12 18 21 24 25 25 28 28 29 28 29 29 29 29 29 28 28 29 29 26 26 28 30 31 31 32 33 36 38 37 39 39 38 38 36 34 33 33 36 34 46 60 74 93 93 82 74 78 73 56 40 36 33 32 31 30 29 29 26 24 23 25 27 30 30 31 33 35 
17 18 20 20 18 17 13 11 10 11 11 11 10 11 18 22 19 16 14 17 25 27 19 12 11 9 8 11 18 24 25 24 19 14 11 16 24 25 21 16 18 23 25 24 25 26 25 24 19 15 16 15 15 16 15 15 15 12 12 11 10 11 10 12 16 18 22 24 26 27 28 28 28 29 29 29 29 28 28 28 28 28 26 26 27 29 29 29 30 31 32 33 37 39 39 39 39 38 38 37 37 36 35 49 61 74 101 107 98 90 88 73 52 40 37 36 33 32 30 30 30 28 26 24 24 25 29 27 29 31 33 
14 15 16 16 14 12 12 11 9 10 11 11 10 11 14 15 16 16 15 18 24 23 18 15 13 11 9 11 16 19 22 22 19 14 11 14 16 17 18 17 17 16 16 15 17 17 17 17 16 13 11 12 10 9 9 9 9 9 7 6 5 10 10 12 15 17 19 23 24 25 26 26 28 26 28 29 29 26 28 28 28 28 26 26 27 27 28 28 29 29 30 32 36 37 38 39 40 40 43 40 39 38 35 45 64 78 103 111 101 87 75 60 45 38 37 37 34 32 31 31 30 30 29 26 24 23 26 26 28 30 32 
12 10 11 11 9 9 9 9 10 10 9 10 10 9 11 11 12 14 16 21 23 20 17 15 12 10 11 11 15 17 18 19 17 14 11 11 13 13 13 13 15 12 10 10 10 10 10 11 13 12 10 11 11 9 9 10 10 10 7 5 6 8 9 8 11 15 18 22 23 23 24 26 26 28 28 29 28 28 28 28 28 26 26 25 26 26 26 26 28 28 28 29 31 32 37 37 38 40 39 40 40 40 38 46 66 78 100 108 90 67 49 43 38 37 35 35 34 32 32 32 32 31 29 26 25 23 26 27 27 30 32 
11 11 9 6 4 4 5 5 6 6 8 8 8 8 9 9 10 14 16 19 22 19 16 13 11 11 12 12 14 14 14 16 15 14 12 11 12 11 10 10 10 10 9 8 9 9 9 10 13 12 11 12 15 14 14 16 16 14 12 11 11 10 9 8 11 13 17 21 22 22 23 24 25 26 26 26 28 28 28 28 28 28 26 26 26 25 25 25 25 25 26 28 29 30 33 34 35 38 38 39 41 40 40 48 59 70 85 88 74 50 37 36 36 36 33 33 33 32 32 32 32 30 28 28 25 23 24 26 27 29 31 
17 13 5 5 5 4 6 8 7 7 6 8 8 8 6 8 10 11 14 16 17 17 15 13 13 12 12 13 15 13 12 15 15 14 12 12 12 10 10 11 10 9 10 12 14 15 16 17 17 18 20 22 23 23 21 23 24 22 22 21 17 15 15 14 14 16 19 22 22 22 23 23 24 24 26 28 26 25 28 28 29 29 27 27 25 26 25 25 25 25 25 26 28 29 31 33 35 36 38 40 43 41 40 49 63 71 78 85 71 45 37 33 33 32 31 32 32 32 32 32 32 31 29 28 25 25 24 24 26 28 29 
22 19 11 7 8 4 8 9 9 9 9 9 9 9 7 9 10 11 14 17 17 17 18 17 17 18 18 18 19 18 17 16 18 16 16 17 15 12 14 17 17 17 22 22 23 23 24 25 26 31 33 33 33 32 31 30 31 30 30 30 22 18 19 18 18 17 19 19 18 21 22 23 24 25 26 28 26 26 26 26 29 27 27 27 25 26 25 25 25 25 25 26 26 28 30 32 32 32 36 38 43 41 39 49 63 66 72 76 65 44 37 33 31 31 30 30 31 30 31 32 32 31 29 29 29 28 28 25 25 26 26 
26 25 22 14 10 11 11 14 13 16 18 18 19 18 19 20 21 21 22 24 23 23 25 27 27 29 30 27 26 26 24 22 24 25 25 26 19 15 17 21 23 28 33 31 30 28 26 29 30 35 37 38 38 37 37 36 37 36 34 34 28 24 23 23 21 17 17 18 17 19 22 23 23 25 25 25 26 26 26 26 26 26 26 26 26 25 25 26 25 25 25 26 26 26 29 31 31 31 31 35 39 39 40 49 59 64 68 70 60 41 33 33 30 30 30 30 30 30 31 32 31 30 30 30 30 29 28 26 25 24 23 
26 29 25 18 14 15 16 17 19 25 29 31 31 32 33 33 33 33 33 33 35 35 34 38 38 38 37 36 34 30 25 24 26 29 27 27 24 17 15 15 22 30 38 39 37 28 21 22 25 30 32 35 35 33 32 32 33 32 30 29 28 24 23 23 18 14 13 13 16 18 21 21 22 23 24 24 25 25 26 26 28 28 26 26 26 26 26 26 25 25 24 25 25 26 28 29 30 30 31 33 37 38 40 49 60 61 65 68 59 38 31 31 29 30 30 30 29 29 30 32 31 30 30 30 29 29 28 26 25 23 21 
18 19 18 16 15 14 19 24 24 31 36 38 37 37 37 37 38 39 39 39 42 42 43 43 42 42 37 36 35 29 22 18 19 23 19 17 17 11 7 7 15 24 33 36 32 22 10 11 22 28 28 29 27 26 22 23 23 22 19 18 17 17 12 12 12 8 8 10 12 17 18 22 22 22 23 24 24 25 25 25 28 26 25 25 25 26 25 25 25 25 25 24 25 25 26 26 29 29 29 31 35 37 39 49 61 60 61 66 57 38 31 31 30 30 29 29 26 26 28 29 29 29 30 30 30 30 28 28 25 23 22 
12 14 15 15 14 11 18 26 29 37 37 32 31 30 31 32 33 35 36 37 39 40 41 40 39 37 35 33 30 24 16 11 11 12 10 10 8 5 4 5 6 10 17 22 21 15 8 5 12 21 24 22 20 18 15 14 14 15 12 12 11 11 10 9 8 8 8 10 11 15 16 18 18 21 23 24 25 25 25 25 25 25 25 25 25 25 25 25 25 25 26 25 25 25 24 25 26 26 26 29 32 36 39 49 60 58 58 62 56 38 32 31 30 29 28 28 26 26 28 29 29 30 31 31 31 31 31 29 29 26 24 
8 9 12 11 9 11 15 22 28 32 30 24 24 24 26 29 29 29 30 31 32 32 32 31 31 30 28 28 24 18 9 5 5 5 4 5 4 4 3 2 3 4 8 14 15 9 7 4 4 10 16 15 11 10 9 8 8 8 8 9 10 10 11 10 9 9 9 10 11 13 15 16 16 18 22 23 25 24 24 25 25 25 25 25 25 25 25 25 25 25 25 24 24 24 24 24 24 25 26 28 31 33 38 46 58 56 53 57 52 39 33 31 30 28 28 26 25 25 26 28 28 30 32 32 32 33 33 33 32 30 29 
5 8 9 7 6 8 10 16 23 21 18 19 19 18 21 21 21 19 19 19 19 19 18 19 19 18 17 16 16 11 5 4 4 4 2 2 2 2 2 2 3 4 6 10 11 7 5 4 5 7 10 10 8 9 9 9 9 10 10 9 9 9 10 12 15 12 11 10 10 12 12 15 14 15 18 21 23 23 24 25 25 25 24 25 25 25 25 26 25 25 25 24 24 24 24 23 24 25 26 28 30 32 38 45 56 51 50 53 50 39 36 31 30 28 28 26 25 25 25 26 28 30 33 33 33 33 33 33 33 32 32 
8 8 7 7 6 5 9 11 15 16 15 14 12 11 11 12 14 12 12 11 12 12 12 12 10 10 8 8 6 5 4 3 3 2 0 1 1 2 2 4 2 3 7 9 10 8 5 4 5 8 11 14 14 14 14 15 15 21 22 21 18 17 18 22 31 26 18 15 11 10 11 11 10 12 14 16 19 22 23 24 24 24 24 24 24 25 25 25 25 25 24 24 24 24 24 23 23 25 25 26 29 32 37 47 64 49 34 38 43 38 36 32 29 28 28 26 24 24 25 26 26 30 32 33 33 33 33 33 33 32 33 
12 11 11 10 10 9 10 11 11 11 11 10 8 8 9 10 10 11 10 9 10 10 10 10 11 11 10 10 8 7 5 3 2 2 1 1 2 2 5 8 4 5 9 15 15 12 8 7 9 16 24 25 25 24 25 26 26 31 31 31 31 31 29 29 26 25 21 16 11 8 8 8 7 8 9 11 15 21 23 24 23 23 24 24 24 25 25 25 25 25 24 24 24 24 23 23 24 25 25 28 29 31 37 42 61 45 33 34 37 37 36 32 30 28 26 25 24 24 25 25 26 30 32 33 33 33 33 32 33 33 35 
23 18 19 19 18 18 17 17 14 14 14 14 12 12 12 12 11 11 11 11 11 11 12 14 19 21 19 19 16 11 7 2 1 1 2 2 3 5 9 14 10 12 16 22 23 23 16 12 16 28 37 37 37 36 37 37 38 38 37 37 35 37 34 29 22 21 16 10 7 5 6 6 5 6 9 12 14 19 22 23 24 24 24 24 24 24 25 25 25 25 24 24 24 24 23 24 24 25 25 28 28 31 35 37 56 43 30 30 35 36 35 32 30 28 26 25 24 24 25 25 26 29 31 32 34 34 34 34 33 35 35 
32 31 30 30 29 29 28 29 23 25 25 24 23 23 22 22 19 19 21 22 21 21 22 25 31 32 32 32 26 17 10 4 1 2 3 4 7 11 16 18 14 12 21 32 35 30 19 15 23 35 40 40 40 40 42 42 42 39 37 35 35 36 34 27 17 14 9 4 3 2 3 4 5 5 6 9 11 21 22 23 23 23 24 24 24 24 24 24 25 25 24 23 24 24 24 24 24 24 25 28 26 29 32 35 52 38 28 28 32 33 32 31 30 29 28 26 25 24 24 24 26 29 31 31 32 34 34 36 35 35 36 
33 36 36 35 36 38 39 39 35 37 37 35 35 33 32 32 33 35 38 38 36 36 37 36 40 42 44 44 38 25 14 6 2 4 4 4 9 12 16 17 15 16 28 40 39 29 19 17 25 35 37 35 36 36 36 35 32 31 29 28 28 29 28 21 9 7 4 2 2 2 2 2 3 4 6 9 12 18 19 21 22 22 22 23 23 23 24 24 25 25 24 24 24 25 25 25 25 24 26 28 28 28 30 35 46 33 25 26 28 30 31 31 32 31 29 26 26 25 25 25 26 29 31 31 32 33 36 36 37 37 39 
29 29 29 32 36 37 38 39 39 39 39 38 38 38 39 39 42 44 45 44 44 44 44 45 46 46 46 45 43 30 16 8 3 2 4 5 8 11 12 10 14 19 28 37 35 26 17 16 19 25 28 24 24 25 25 23 21 19 18 17 17 18 18 11 3 2 2 1 0 1 1 2 2 3 5 8 10 15 17 18 19 19 21 22 23 23 24 24 25 24 24 24 25 26 25 25 26 25 26 28 28 28 28 35 43 32 26 26 26 30 31 32 32 32 29 28 26 26 25 25 25 26 28 30 31 35 37 37 37 37 38 
26 23 22 24 28 30 31 31 35 35 34 33 33 35 36 38 40 43 43 43 43 43 43 45 40 39 38 37 35 25 16 10 4 2 3 3 3 7 8 5 9 16 22 26 26 22 16 10 9 12 16 15 15 15 15 14 14 12 12 11 11 10 10 5 2 1 2 2 1 1 1 2 2 2 4 7 12 11 11 12 14 17 19 22 22 23 24 24 24 25 25 25 25 26 26 26 26 28 26 26 28 28 28 35 39 32 28 26 28 30 32 33 32 30 31 30 27 26 26 26 26 26 27 30 32 32 33 33 34 36 38 
21 18 17 17 18 18 19 21 26 25 24 24 23 26 29 30 32 35 36 36 35 35 33 33 26 25 23 23 22 15 10 8 4 3 3 3 2 4 3 3 5 10 15 17 18 16 12 8 5 5 8 8 8 7 8 9 9 7 8 9 9 8 5 2 2 2 3 3 2 2 2 2 3 3 4 5 7 7 7 8 9 12 16 18 22 23 24 24 24 25 25 25 25 26 26 28 26 28 25 26 28 28 28 35 36 30 29 28 28 29 32 33 32 31 30 30 27 26 26 26 26 27 29 30 31 31 31 31 33 36 38 
11 11 15 15 15 15 14 12 16 16 16 16 16 17 19 19 22 24 24 25 24 22 21 21 17 16 15 15 15 11 7 5 4 4 4 4 4 4 2 3 5 7 11 14 12 9 8 7 5 5 7 7 5 5 7 8 5 4 5 8 7 8 5 3 3 4 5 5 7 7 5 3 3 3 5 5 5 5 5 9 2 4 11 15 20 23 24 25 24 25 25 25 26 26 26 29 28 25 26 26 30 29 26 35 35 31 30 29 29 29 32 33 32 31 30 29 27 26 26 26 27 29 31 31 30 31 31 31 31 33 37 
11 9 9 10 11 11 10 10 11 11 11 11 11 11 11 11 14 14 16 16 15 14 15 15 11 11 11 11 10 9 6 5 4 4 5 7 7 4 3 4 5 7 10 12 12 9 8 7 7 9 9 7 5 7 7 7 5 4 5 6 7 7 5 3 3 5 7 8 9 10 8 5 2 2 4 4 3 5 2 3 1 3 8 10 18 23 23 24 24 24 25 25 26 26 25 28 28 24 26 26 29 27 28 35 35 31 31 30 29 28 31 32 31 31 30 28 26 26 26 26 26 29 31 32 31 32 31 31 31 33 36 
14 9 5 5 5 6 6 6 8 8 8 8 9 9 8 9 9 9 11 10 10 10 10 10 9 8 9 10 9 7 5 5 5 5 10 10 10 6 4 4 7 9 10 12 12 9 10 10 11 11 10 8 7 5 5 7 5 5 4 8 7 5 4 4 4 4 5 7 7 8 5 4 2 2 2 1 1 1 1 3 0 3 7 8 10 16 24 25 24 24 25 25 26 26 24 25 25 25 26 28 25 23 28 36 33 31 31 30 28 28 29 31 32 31 29 28 24 23 24 24 25 28 31 32 31 32 31 31 32 33 33 
11 6 5 5 5 5 5 4 5 6 6 8 9 9 9 9 8 9 9 8 8 10 10 10 14 14 12 15 16 10 9 9 9 9 12 15 11 9 5 4 4 7 9 11 11 12 15 17 15 12 10 8 5 7 8 9 8 8 7 9 7 5 4 4 4 3 2 2 2 3 2 2 1 1 1 1 1 0 0 2 1 7 8 4 4 10 19 23 23 23 23 24 25 24 24 25 24 25 26 28 25 23 30 37 35 31 31 30 29 29 29 32 31 31 29 25 23 23 24 25 25 28 31 31 30 32 31 31 32 35 35 
10 6 7 6 7 7 7 6 5 5 5 8 8 9 9 9 9 9 8 8 9 9 10 15 19 23 24 24 24 15 11 10 10 11 11 14 12 9 6 4 3 4 8 11 12 16 19 18 15 14 12 8 8 11 17 18 17 12 9 7 5 3 3 3 2 2 1 1 1 1 1 2 1 1 0 0 0 0 0 1 2 12 7 3 2 4 14 19 21 22 21 22 23 24 24 25 24 25 26 26 25 28 32 38 33 30 31 30 29 29 29 30 31 31 29 26 23 24 24 24 26 29 30 30 29 30 31 31 32 35 35 
18 11 8 6 7 8 8 8 7 10 12 10 8 9 9 10 11 10 9 8 9 9 9 15 21 28 35 33 25 16 11 10 9 10 10 10 10 9 8 6 5 7 9 11 11 14 18 17 15 14 11 11 10 14 21 25 24 21 12 5 4 4 3 2 2 2 1 1 2 2 3 4 3 3 2 2 1 1 0 2 9 17 7 1 2 2 9 14 17 22 21 22 23 24 23 24 25 25 26 28 28 36 40 36 32 30 31 29 28 28 29 30 30 30 26 25 23 24 24 24 26 29 30 30 29 30 31 31 31 33 35 
21 15 10 8 7 8 8 10 14 19 21 14 9 8 9 11 12 11 9 9 10 9 8 12 18 33 43 37 25 15 10 8 7 8 9 9 9 10 10 9 10 10 10 10 10 11 12 15 14 10 10 10 9 12 19 23 23 17 10 5 4 4 3 3 2 2 2 2 2 4 8 9 10 9 9 8 4 2 0 1 0 3 5 1 0 0 4 7 11 14 17 21 23 24 23 24 25 25 27 29 30 36 37 32 32 31 30 29 28 28 31 31 29 28 25 24 23 24 24 25 27 29 29 30 30 30 32 33 31 32 33 
15 12 10 8 7 9 9 12 21 26 24 16 9 8 9 10 10 10 9 8 8 5 5 8 11 29 40 32 23 14 8 6 5 5 7 9 11 11 11 9 10 10 8 8 8 7 9 11 12 11 9 7 7 11 14 16 15 10 7 5 4 4 2 3 3 3 3 2 3 5 15 19 19 19 16 15 8 4 1 0 0 2 4 0 0 0 1 3 4 7 12 18 22 23 23 23 25 26 29 30 25 28 30 30 30 30 29 29 28 28 31 31 29 26 25 23 23 24 24 25 26 29 30 30 30 30 33 33 31 32 33 
14 11 9 7 6 7 8 11 17 21 19 15 7 4 7 5 4 4 3 4 3 2 2 2 6 21 29 29 19 11 6 5 4 4 5 5 7 8 8 7 5 4 4 4 4 4 4 7 6 5 4 4 4 4 5 6 5 5 5 5 5 4 4 4 7 7 6 5 7 12 23 29 32 31 24 14 9 5 2 0 0 1 4 0 0 0 0 1 1 3 8 15 18 22 22 24 26 26 28 28 36 37 32 31 30 30 30 29 30 31 29 29 29 26 24 23 23 23 23 25 27 29 30 31 30 30 31 31 31 31 32 
8 8 7 6 5 5 6 10 12 12 11 9 5 3 2 2 3 3 1 1 1 1 2 1 3 14 22 21 14 6 4 4 3 3 3 2 2 4 4 4 3 3 2 2 3 4 4 4 5 4 4 3 3 4 5 7 8 11 14 14 9 5 6 10 11 11 11 11 9 15 28 32 35 32 21 14 7 3 2 1 0 3 4 0 0 0 0 1 1 2 3 10 17 22 24 25 26 26 26 26 28 31 30 29 28 29 30 29 30 30 29 29 29 24 24 22 23 24 23 25 26 29 29 31 30 30 31 31 30 31 32 
