11 5 1 1 1 1 1 1 1 1 2 1 2 2 1 2 2 2 2 1 1 2 3 3 4 4 3 3 3 3 3 4 4 4 5 4 5 5 4 4 4 4 2 2 1 1 1 1 1 1 1 1 1 1 1 1 1 1 1 1 1 1 1 1 1 1 1 1 1 1 1 1 1 1 1 1 1 1 5 5 2 1 1 1 1 1 1 1 1 1 1 1 1 1 1 1 1 1 1 1 1 1 1 1 1 1 1 2 3 3 5 7 9 10 10 11 12 12 15 15 16 16 17 18 20 22 23 23 23 24 26 29 24 14 11 25 30 30 28 22 19 19 18 17 17 16 17 19 19 19 19 20 19 19 22 25 24 24 24 19 12 9 7 7 5 5 7 7 7 8 8 8 7 4 4 5 7 5 5 7 7 7 7 7 
31 15 1 1 1 1 1 1 1 1 1 1 1 1 2 3 2 2 2 1 2 3 3 4 4 4 4 4 3 4 5 6 8 5 4 3 3 5 4 4 4 5 3 3 3 2 1 1 1 1 1 1 1 1 1 1 1 1 1 1 1 1 1 1 1 1 1 1 1 1 1 1 1 1 1 1 2 2 5 7 2 1 1 1 1 1 1 1 1 1 1 1 1 1 1 1 1 1 1 1 1 1 1 1 1 1 1 2 3 5 8 9 9 10 10 11 12 12 14 14 15 15 16 18 20 22 22 22 24 25 26 30 25 12 11 25 30 30 26 22 19 18 18 18 18 18 18 19 19 19 19 19 19 19 23 25 23 24 25 19 11 7 7 5 4 5 5 5 5 5 5 5 5 4 4 5 5 5 5 5 5 5 7 7 
47 30 11 1 1 1 0 0 1 1 1 1 1 1 2 3 2 1 1 1 2 4 4 5 5 4 3 3 5 4 4 4 5 5 5 4 4 4 4 4 5 5 4 3 3 2 1 1 1 1 1 1 1 1 1 1 1 1 1 1 1 1 1 1 1 1 1 1 1 1 1 1 1 1 1 1 2 2 5 7 2 1 1 1 1 1 1 1 1 1 1 1 1 1 1 1 1 1 1 1 1 1 1 1 1 1 2 3 3 7 8 9 9 10 10 11 11 11 12 12 14 14 16 18 20 22 22 23 24 25 27 31 25 12 12 26 30 29 25 22 19 18 18 18 18 18 19 19 20 20 19 22 20 19 23 26 23 24 25 19 11 7 7 5 4 5 5 5 4 4 4 4 5 4 4 5 4 4 5 5 5 5 5 5 
42 36 25 11 3 1 0 1 1 1 1 1 1 1 2 2 1 1 1 1 2 4 3 2 2 1 0 1 5 5 4 4 5 8 11 14 11 8 7 7 5 6 5 4 3 3 1 1 1 1 1 1 1 1 1 1 1 1 1 1 1 1 1 1 1 1 1 1 1 1 1 1 1 1 2 2 2 2 7 8 2 1 1 1 1 1 1 1 1 1 1 1 1 1 1 1 1 1 1 1 1 1 1 1 1 1 2 3 4 7 9 10 10 10 10 11 11 11 12 12 14 14 16 18 20 22 22 23 25 25 26 32 27 15 12 26 29 27 25 21 18 18 18 19 18 18 19 19 19 19 19 20 19 21 24 25 24 26 28 21 12 8 5 4 4 4 5 4 4 4 4 4 4 4 4 5 5 5 5 5 5 5 5 5 
17 28 33 24 12 3 1 1 1 1 1 1 1 1 2 2 1 1 1 1 2 8 11 16 15 11 7 5 8 4 1 2 3 4 5 9 9 8 8 7 8 8 6 5 3 3 1 1 1 1 1 1 1 1 1 1 1 1 1 1 1 1 1 1 1 1 1 1 1 1 1 1 1 1 2 2 2 2 9 15 1 1 1 1 1 1 1 1 1 1 1 1 1 1 1 1 1 1 1 1 1 1 1 1 1 1 2 3 4 8 9 10 10 10 10 11 11 11 12 12 14 14 16 18 20 22 22 23 25 25 26 32 27 15 12 26 29 26 24 19 18 18 18 18 18 18 18 18 18 18 20 20 21 21 24 25 24 26 30 22 11 8 5 5 5 4 4 4 4 4 4 4 4 4 4 5 5 5 5 5 5 5 7 5 
2 14 28 25 18 9 2 1 1 1 1 1 1 1 2 2 1 2 3 7 21 49 81 97 115 107 98 86 70 64 50 35 37 31 24 16 7 3 3 7 8 9 9 7 5 3 1 0 1 1 1 1 1 1 1 1 1 1 1 1 1 1 1 1 1 1 1 1 1 1 1 1 1 1 2 2 2 5 12 22 1 1 1 1 1 1 1 1 1 1 1 1 1 1 1 1 1 1 1 1 1 1 1 1 1 1 2 3 4 8 10 10 10 10 9 10 12 12 12 12 14 15 17 18 20 20 22 23 25 26 29 33 27 15 12 26 27 25 23 18 18 18 18 18 17 17 17 19 19 18 20 22 21 21 23 24 23 26 30 21 11 7 5 5 5 4 4 4 4 4 4 4 4 4 4 5 5 5 5 5 5 5 7 7 
1 2 9 14 14 7 2 1 1 1 1 1 1 1 2 2 1 4 9 19 51 111 174 210 230 225 221 209 200 194 180 152 157 152 136 115 87 61 39 24 10 12 12 11 9 5 1 0 1 1 1 1 1 1 1 1 1 1 1 1 1 1 1 1 1 1 1 1 1 1 1 1 1 1 1 3 5 11 16 24 1 1 0 1 1 1 1 1 1 1 1 1 1 1 1 1 1 1 1 1 1 1 1 1 1 1 2 3 4 8 10 10 11 11 10 10 12 12 12 12 14 15 17 18 20 22 22 23 25 26 29 31 26 17 12 27 26 24 21 17 17 17 17 18 17 18 19 22 22 20 20 22 21 21 23 22 23 26 28 19 9 5 5 5 5 4 4 4 4 4 4 4 4 4 4 5 5 5 5 5 5 5 5 5 
1 1 1 3 3 2 1 1 1 1 1 1 1 2 2 2 3 5 9 18 45 97 158 196 199 202 207 211 216 216 215 209 217 216 213 203 182 142 94 59 16 15 16 15 13 9 1 0 0 0 1 1 1 1 1 1 1 1 1 1 1 1 1 1 1 1 1 1 1 1 1 1 1 1 2 4 14 21 16 11 0 0 0 0 0 1 1 1 1 1 1 1 1 1 1 1 1 1 1 1 1 1 1 1 1 1 3 4 6 10 10 10 10 10 10 11 12 12 12 12 15 16 18 19 20 22 23 23 25 26 30 43 36 16 11 29 26 22 19 16 16 17 17 18 18 18 22 24 24 22 20 22 22 24 23 22 24 27 26 18 9 7 5 4 5 4 4 4 4 4 4 4 4 4 4 5 4 4 4 4 4 4 5 5 
1 1 1 1 1 1 1 1 1 1 1 1 1 1 2 2 2 2 3 5 10 26 52 75 71 73 81 90 89 93 102 112 121 124 126 131 126 97 65 49 39 26 22 19 17 11 1 0 0 0 1 1 1 1 1 1 1 1 1 1 1 1 1 1 1 1 1 1 1 1 1 1 1 1 3 8 21 23 15 10 0 0 0 0 0 1 1 1 1 1 1 1 1 1 1 1 1 1 1 1 1 1 1 1 1 1 3 4 8 10 10 10 10 10 10 11 12 12 11 11 15 16 18 19 20 22 23 24 25 25 31 70 70 23 11 27 26 23 18 16 15 17 17 18 18 17 22 24 23 22 23 23 24 26 25 22 24 29 27 17 8 7 5 4 4 4 4 4 4 4 4 4 4 4 4 5 4 4 4 4 4 4 5 5 
2 2 2 2 2 2 2 2 1 1 1 1 1 1 1 2 1 1 1 1 0 0 4 6 8 6 8 11 9 11 16 21 22 21 21 25 22 16 17 15 23 23 22 19 19 15 5 1 0 1 1 1 1 1 1 1 1 1 1 1 1 1 1 1 1 1 1 1 1 1 1 1 1 2 5 13 21 22 19 14 0 0 0 0 1 1 1 1 1 1 1 1 1 1 1 1 1 1 1 1 1 1 1 1 1 1 3 4 8 10 10 11 11 11 12 12 11 11 11 11 15 17 19 19 20 23 23 23 24 25 35 71 72 28 10 26 26 23 19 16 16 16 17 17 17 18 21 22 22 21 23 22 23 27 27 24 26 33 31 18 9 5 5 5 5 5 5 5 4 4 4 4 4 4 4 5 4 4 4 4 4 4 5 5 
2 2 2 2 2 2 2 2 1 0 1 1 1 1 1 1 1 2 3 2 2 3 4 4 4 4 5 4 4 5 4 4 3 3 2 2 0 2 5 3 1 10 17 18 21 16 9 3 1 1 1 1 1 1 1 1 1 1 1 1 1 1 1 1 1 1 1 1 1 1 1 1 2 2 4 15 26 31 28 22 0 0 1 1 1 1 1 1 1 1 1 1 1 1 1 1 1 1 1 1 1 1 1 1 1 1 3 4 8 9 10 11 11 11 12 12 11 11 11 11 15 17 19 19 20 23 23 24 24 24 37 75 77 31 10 24 28 26 21 17 16 16 17 17 16 18 21 21 21 21 22 22 23 27 29 27 30 37 33 18 9 5 5 5 5 5 5 5 4 4 4 4 4 4 4 4 4 4 4 4 4 4 5 5 
2 2 2 2 1 1 2 1 1 1 1 1 1 1 1 1 1 1 2 3 2 2 4 5 4 4 4 3 4 4 2 2 2 3 5 4 2 2 1 2 2 4 11 17 25 30 19 4 1 1 1 1 1 1 1 1 1 1 1 1 1 1 1 1 1 1 1 1 1 1 2 3 3 2 5 24 50 60 40 32 1 1 0 1 1 1 1 1 1 1 1 1 1 1 1 1 1 1 1 1 1 1 1 1 1 1 3 4 8 9 10 11 11 11 12 12 11 11 11 11 15 17 19 19 20 23 23 24 25 26 37 77 78 32 12 25 29 26 21 18 16 16 16 16 16 18 21 22 22 21 21 23 25 25 27 30 33 39 34 18 8 5 5 5 5 5 4 4 4 4 4 4 4 4 4 4 4 4 4 4 4 4 5 5 
2 1 1 1 1 1 1 1 1 1 1 1 1 1 1 1 1 1 2 3 2 1 3 5 4 3 3 2 2 2 0 0 0 0 0 0 1 1 0 1 3 1 3 14 33 45 37 17 1 1 1 1 1 1 1 1 1 1 1 1 1 1 1 1 1 1 1 1 2 2 3 3 4 2 11 36 78 103 73 43 2 0 1 2 1 1 1 1 1 1 1 1 1 1 1 1 1 1 1 1 1 1 1 1 1 1 3 4 8 10 11 11 11 11 12 12 11 11 11 11 15 17 19 19 20 23 23 24 26 26 37 75 78 32 12 26 29 26 21 17 16 16 16 16 16 18 21 24 23 22 22 24 27 26 27 31 38 44 37 20 6 5 6 5 5 5 4 4 4 4 4 4 4 4 4 4 4 4 5 5 5 5 5 5 
1 1 1 1 1 1 1 1 1 1 1 1 1 1 1 1 1 1 2 2 2 2 2 3 3 3 2 2 3 3 1 0 1 1 0 0 0 1 1 1 2 2 4 24 77 110 80 37 1 1 1 1 1 1 1 1 1 1 1 1 1 1 1 1 1 1 1 1 1 1 2 3 3 2 7 47 119 158 133 78 2 1 2 2 0 0 0 0 1 1 1 1 1 1 1 1 1 1 1 1 1 1 1 1 1 1 3 4 9 11 11 11 11 11 12 12 11 11 11 12 15 17 19 19 20 23 23 24 25 24 38 76 75 30 10 23 28 24 18 15 15 16 16 16 16 17 21 23 22 21 21 22 25 26 27 30 37 44 37 20 6 5 6 5 6 6 5 5 5 4 4 4 4 4 4 5 4 4 5 5 5 5 5 5 
1 1 1 1 1 1 1 1 1 1 1 1 1 1 1 1 1 1 1 1 2 2 2 2 2 2 2 2 2 3 2 1 2 5 3 0 2 3 2 1 2 2 6 50 151 202 151 86 1 1 1 1 1 1 1 1 1 1 1 1 1 1 1 1 1 1 1 1 1 1 3 5 4 2 17 97 186 216 209 144 2 2 3 2 1 0 0 0 1 1 1 1 1 1 1 1 1 1 1 1 1 1 1 1 1 1 3 5 10 11 11 11 11 11 12 12 11 11 12 12 15 17 19 19 20 23 23 24 24 24 38 76 73 29 10 22 26 23 17 15 15 16 16 16 17 17 19 22 22 21 21 21 23 25 27 30 36 43 37 20 6 5 5 5 6 6 5 5 5 4 4 4 4 4 4 5 5 5 5 5 5 5 5 5 
1 1 1 1 1 1 1 1 1 1 1 1 1 1 1 1 1 1 1 1 1 1 2 2 1 1 2 2 2 2 2 1 1 2 2 0 0 2 2 2 2 3 18 81 181 231 157 33 1 1 1 1 1 1 1 1 1 1 1 1 1 1 1 1 1 1 1 1 1 1 2 3 4 3 58 167 241 254 228 158 12 4 3 1 1 1 1 1 1 1 1 1 1 1 1 1 1 1 1 1 1 1 2 2 2 2 3 5 10 12 12 12 10 11 11 12 13 13 12 14 15 16 18 18 18 21 22 23 24 22 37 76 73 29 10 23 25 22 17 15 15 16 16 17 17 17 18 19 19 21 21 19 21 23 25 29 35 39 35 18 6 5 5 5 6 6 5 5 5 4 4 4 4 4 4 5 5 5 7 7 7 7 7 7 
1 1 1 1 1 1 1 1 1 1 1 1 1 1 1 1 1 1 1 1 1 1 1 1 1 1 2 2 1 2 2 1 2 2 1 2 1 2 2 2 3 5 46 125 203 229 160 52 1 1 1 1 1 1 1 1 1 1 1 1 1 1 1 1 1 1 1 1 1 1 1 1 1 4 66 182 254 254 219 144 17 4 3 1 1 0 1 1 1 1 1 1 1 1 1 1 1 1 1 1 1 1 1 2 2 2 3 7 10 11 11 12 10 10 11 12 13 13 12 14 15 16 17 17 18 21 21 22 23 22 37 76 72 28 10 20 24 21 17 15 14 15 16 17 17 17 18 19 19 19 21 22 22 24 25 28 33 39 36 19 8 4 5 5 5 5 5 4 5 4 4 4 4 4 5 5 5 5 7 7 7 7 7 7 
1 1 1 1 1 1 1 1 1 1 1 1 1 1 1 1 1 1 1 1 1 1 1 1 2 2 2 2 1 2 1 1 1 1 1 1 1 1 2 3 4 24 92 165 201 206 161 81 1 1 1 1 1 1 1 1 1 1 1 1 1 1 1 1 1 1 1 1 1 2 2 2 0 7 61 163 237 252 215 121 8 4 3 2 0 0 1 1 1 1 1 1 1 1 1 1 1 1 1 1 1 1 1 2 2 2 3 8 11 11 11 12 11 11 11 12 13 13 14 14 15 16 17 17 18 21 21 22 23 20 36 75 71 28 9 18 24 22 18 16 16 17 17 17 17 17 17 18 18 19 21 23 23 24 25 28 32 39 36 21 7 3 5 4 5 5 4 4 4 4 4 4 4 4 5 5 7 7 7 7 7 7 7 7 
1 1 1 1 1 1 1 1 1 1 1 1 1 1 1 1 1 1 1 1 1 1 1 1 2 2 2 1 1 1 1 2 1 1 1 1 1 1 4 3 4 35 93 134 142 138 102 30 1 1 1 1 1 1 1 1 1 1 1 1 1 1 1 1 1 1 1 1 1 2 1 1 1 5 38 124 214 248 210 107 10 4 3 2 1 1 1 1 1 1 1 1 1 1 1 1 1 1 1 1 1 1 1 2 2 2 3 10 11 11 11 11 11 11 11 12 13 13 14 15 15 16 17 17 18 21 21 22 22 19 36 75 71 28 9 17 24 22 18 16 16 17 17 17 16 16 17 18 18 18 21 23 24 25 28 29 32 40 37 21 7 3 5 4 5 5 4 4 4 4 4 4 4 4 5 5 7 7 7 7 7 7 7 7 
1 1 1 1 1 1 1 1 1 1 1 1 1 1 1 1 1 1 1 1 1 1 2 2 2 2 2 2 1 1 1 2 1 1 1 1 1 1 2 1 3 14 36 46 40 38 36 35 1 1 1 1 1 1 1 1 1 1 1 1 1 1 1 1 1 1 1 1 1 2 1 1 1 1 15 84 177 243 224 121 17 4 4 3 1 1 2 2 1 1 1 1 1 1 1 1 1 1 1 1 1 1 1 2 2 3 7 14 13 11 11 11 11 11 12 13 12 12 15 16 15 16 17 17 18 21 21 21 22 19 37 75 72 29 9 18 21 21 18 16 16 17 17 17 16 16 17 18 18 18 21 22 24 25 29 30 32 40 37 21 7 3 4 4 4 4 4 4 4 4 4 4 4 4 5 5 7 7 7 7 7 7 7 7 
1 1 1 1 1 1 1 1 1 1 1 1 1 1 1 1 1 1 1 1 1 1 2 2 2 2 2 1 1 1 1 1 1 1 1 1 1 1 1 0 1 0 1 1 1 1 0 1 1 1 1 1 1 1 1 1 1 1 1 1 1 1 1 1 1 1 1 1 1 2 1 1 1 2 7 37 122 224 236 141 16 3 4 4 2 1 2 2 1 1 1 1 1 1 1 1 1 1 1 1 1 1 1 1 2 4 8 12 15 12 11 11 11 11 12 13 12 12 15 16 15 16 17 17 18 21 21 21 22 19 37 75 73 29 9 17 23 22 18 17 17 17 17 17 16 16 17 18 18 18 19 21 23 25 29 30 35 40 36 19 5 3 4 4 4 4 4 4 4 4 4 4 4 4 5 5 7 7 7 7 7 7 7 7 
1 1 1 1 1 1 1 1 1 1 1 1 1 1 1 1 1 1 1 1 1 1 2 2 2 2 2 3 2 2 2 2 1 1 1 1 1 1 1 1 0 0 1 1 1 1 1 0 1 1 1 1 1 1 1 1 1 1 1 1 1 1 1 2 1 1 1 1 1 2 0 0 0 0 0 17 107 215 249 171 32 5 4 4 2 2 2 2 1 1 1 1 1 1 1 1 1 1 1 1 1 1 1 1 3 4 10 18 17 12 10 11 12 12 12 13 12 12 15 16 15 16 17 17 18 21 21 22 23 20 35 74 75 31 9 17 21 21 18 17 18 18 17 17 16 16 17 17 17 17 18 19 21 24 29 31 35 40 35 17 5 3 4 4 4 4 4 4 4 4 4 4 4 4 5 5 7 7 7 7 7 7 7 7 
1 1 1 1 1 1 1 1 1 1 1 1 1 1 1 1 1 1 1 1 1 1 2 2 2 2 3 3 4 4 3 3 2 1 1 1 1 1 1 1 1 1 2 2 2 1 0 0 0 0 1 1 1 1 1 1 1 1 1 1 1 1 1 2 1 1 1 1 1 2 1 0 0 0 4 24 107 229 255 192 74 16 4 4 4 2 2 2 1 1 1 1 1 1 1 1 1 1 1 1 1 1 1 2 3 3 15 23 18 12 10 11 11 11 12 13 12 12 13 15 15 16 17 17 18 21 21 22 23 22 35 75 78 33 10 17 19 19 18 17 18 18 17 17 16 16 17 17 17 17 17 18 18 23 29 33 37 40 32 15 5 3 4 4 4 4 4 4 4 4 4 4 4 4 5 5 7 7 7 7 7 7 7 7 
1 1 1 1 1 1 1 1 1 1 1 1 1 1 1 1 2 2 2 2 2 2 2 2 3 3 3 4 4 4 3 3 3 2 1 1 1 1 1 1 1 3 3 4 3 2 1 0 0 0 0 0 0 0 0 0 1 1 1 1 1 1 1 1 1 1 0 0 1 1 2 2 1 5 8 43 156 249 255 233 111 32 4 5 5 3 2 2 1 1 1 1 1 1 1 1 1 1 1 1 1 1 1 2 1 5 21 25 19 12 11 12 11 11 12 13 12 12 13 15 15 16 17 17 18 22 23 23 24 23 32 73 81 37 10 17 23 22 19 17 18 18 17 17 16 16 16 17 17 17 17 17 18 23 29 33 38 40 32 15 5 3 4 4 4 4 4 4 4 4 4 4 4 4 5 5 7 7 7 7 7 7 7 7 
1 1 1 1 1 1 1 1 1 1 1 1 1 1 1 2 2 2 2 2 2 2 3 3 3 3 3 3 3 3 3 3 3 2 1 1 1 1 1 1 0 2 2 3 3 3 2 1 0 0 0 0 0 0 0 0 1 1 1 1 1 1 1 1 1 1 0 0 1 2 2 2 1 4 5 59 185 254 254 213 139 43 5 5 4 3 2 2 1 1 1 1 1 1 1 1 1 1 1 1 1 1 1 2 1 5 26 31 23 13 11 12 11 11 11 12 11 11 13 15 14 15 16 17 18 22 23 25 24 23 30 71 85 45 11 16 22 22 19 18 18 18 17 17 16 16 16 16 16 17 17 17 18 23 28 32 38 40 30 15 5 3 4 4 4 4 4 4 4 4 4 4 4 4 5 5 7 7 7 7 7 7 7 7 
1 1 1 1 1 1 1 1 1 1 1 1 1 1 1 2 1 1 1 1 1 1 1 2 1 1 2 1 2 2 2 2 3 2 2 2 2 2 1 1 1 2 2 3 3 3 3 2 1 0 0 0 0 0 0 0 1 1 1 1 1 1 1 1 1 1 0 0 1 3 2 2 2 3 5 56 174 248 254 200 138 36 4 4 3 3 1 1 1 1 1 1 1 1 1 1 1 1 1 1 1 1 1 2 1 5 29 36 29 12 9 10 12 11 11 12 12 12 15 15 15 15 16 17 18 22 23 25 24 23 28 67 89 53 14 16 22 20 18 18 17 17 17 17 16 16 16 16 16 16 16 17 17 21 25 31 38 40 29 14 5 3 4 4 4 4 4 4 4 4 4 4 4 4 5 5 7 7 7 7 7 7 7 7 
1 1 1 1 1 1 1 1 1 1 1 1 1 1 1 2 1 1 1 1 1 1 1 1 1 1 1 2 1 1 1 2 3 2 2 2 2 1 1 1 1 1 1 3 3 3 3 3 1 1 0 0 0 0 0 0 1 1 1 1 1 1 1 1 1 1 0 0 1 3 2 1 2 3 4 51 153 228 254 196 102 23 4 4 3 2 1 1 1 1 1 1 1 1 1 1 1 1 1 1 1 1 1 2 1 5 29 42 36 15 12 11 11 11 11 12 12 12 15 16 15 15 16 17 18 22 23 25 25 24 24 67 100 62 15 15 22 19 18 18 17 17 17 17 15 16 16 16 16 16 16 16 17 21 25 30 38 40 29 14 4 3 4 4 4 4 4 4 4 4 4 4 4 4 5 5 7 7 7 7 7 7 7 7 
1 1 1 1 1 1 1 1 1 1 1 1 1 1 1 2 1 1 1 1 1 1 1 1 1 1 1 1 1 1 1 1 2 1 1 1 1 1 1 1 1 1 2 3 4 4 3 3 3 2 1 0 0 0 0 0 1 1 1 1 1 1 1 2 1 1 0 0 1 3 1 0 1 1 2 28 116 221 254 193 86 21 3 3 3 3 1 1 1 1 1 1 1 1 1 1 1 1 1 1 1 1 1 2 2 5 23 42 39 21 14 11 11 12 12 13 14 14 15 16 14 15 16 17 18 22 23 24 25 24 24 66 102 68 19 16 20 19 19 18 17 17 17 17 15 16 16 16 16 16 16 16 16 21 25 30 37 38 28 11 4 3 4 4 4 4 3 3 4 4 4 4 4 4 5 5 7 7 7 7 7 7 7 7 
1 1 1 1 1 1 1 1 1 1 1 1 1 1 1 2 1 1 1 1 1 1 1 1 1 1 1 1 1 1 1 1 2 1 1 1 1 1 1 2 1 2 2 4 4 4 4 5 4 2 1 0 0 0 0 0 0 1 1 1 1 1 1 1 1 1 0 0 1 2 1 0 0 1 1 12 93 209 254 200 74 15 3 3 2 2 1 1 1 1 1 1 1 1 1 1 1 1 1 1 1 1 1 3 5 5 19 37 42 17 9 11 11 12 12 13 14 14 16 16 15 15 16 17 18 22 23 24 23 23 23 60 94 72 23 16 23 19 19 18 17 17 17 17 16 16 16 16 16 17 16 15 16 18 23 29 36 38 26 11 4 3 4 4 4 4 3 3 4 4 4 4 4 4 5 5 7 7 7 7 7 7 7 7 
1 1 1 1 1 1 1 1 1 1 1 1 1 1 1 2 1 1 1 1 1 1 1 1 1 1 1 1 1 1 1 1 2 1 1 1 1 1 2 2 2 2 2 2 3 4 4 9 4 2 1 0 0 0 0 0 0 1 1 1 1 1 1 1 1 1 1 1 1 2 1 0 0 0 0 8 67 184 252 201 61 6 2 2 2 2 1 1 1 1 1 1 1 1 1 1 1 1 1 1 1 1 1 3 5 5 10 31 42 23 7 11 12 12 12 13 14 14 16 16 15 15 17 18 18 22 23 24 23 22 23 59 95 79 26 16 23 19 18 18 18 18 17 17 16 15 15 16 17 17 16 15 16 18 23 29 36 38 25 10 4 3 3 3 3 3 3 3 4 4 4 4 4 4 5 5 7 7 7 7 7 7 7 7 
1 1 1 1 1 1 1 1 1 1 1 1 1 1 1 2 1 1 1 1 1 1 1 1 1 1 1 1 1 1 1 1 1 1 1 1 1 2 2 2 2 2 2 2 3 4 4 5 5 3 1 1 0 0 0 0 0 1 1 1 1 1 1 1 1 1 1 1 1 2 1 0 0 0 1 4 52 172 245 196 52 3 2 2 2 2 1 1 1 1 1 1 1 1 1 1 1 1 1 1 1 2 1 3 5 5 3 26 42 32 11 10 11 12 12 13 12 14 15 15 15 15 17 18 18 22 23 23 22 23 25 61 107 88 29 16 23 19 18 18 18 18 17 17 16 15 14 16 17 17 16 16 16 18 23 29 36 38 24 9 4 3 3 3 3 3 3 3 4 4 4 4 4 4 5 5 7 7 7 7 7 7 7 7 
1 1 1 1 1 1 1 1 1 1 1 1 1 1 1 1 2 2 2 2 1 1 1 1 0 0 0 1 1 1 1 1 0 0 0 1 1 1 1 1 2 2 2 2 3 3 5 5 4 2 1 1 1 1 0 1 1 1 1 1 1 1 1 1 1 1 1 1 1 1 1 1 0 1 1 2 15 95 202 175 44 1 1 3 2 2 1 1 1 1 1 1 1 1 1 1 1 1 1 1 1 2 1 3 5 5 4 24 40 32 12 10 11 12 13 13 12 14 15 15 15 15 17 18 19 23 24 24 23 26 30 60 105 91 31 16 22 18 18 17 17 17 17 17 16 14 12 15 18 18 17 16 16 18 24 30 36 37 24 8 4 4 4 4 4 4 4 4 5 5 5 5 5 5 5 5 5 5 5 5 5 5 5 5 
1 1 1 1 1 1 1 1 1 1 1 1 1 1 1 1 1 1 1 1 1 1 1 1 1 1 1 0 1 1 0 0 0 0 0 0 1 1 1 2 2 2 2 2 4 4 4 5 4 2 1 1 1 1 0 1 1 1 1 1 1 1 1 1 1 1 1 1 1 1 1 1 1 1 2 2 0 49 120 87 8 0 1 3 2 1 1 1 1 1 1 1 1 1 1 1 1 1 1 1 1 1 2 3 5 5 5 15 35 36 16 10 10 11 12 13 12 14 15 15 14 15 17 18 19 22 23 23 23 26 31 53 103 94 33 17 22 18 18 17 17 17 16 15 17 12 12 16 18 18 17 17 17 18 24 30 37 39 23 8 4 4 4 4 4 4 4 4 5 5 5 5 5 5 5 5 5 5 5 5 7 7 7 5 
1 1 1 1 1 1 1 1 1 1 1 1 1 1 1 1 1 1 1 1 1 1 1 1 1 1 1 0 1 1 0 0 0 0 0 0 1 1 2 2 3 3 3 3 4 4 4 4 3 2 1 1 1 1 1 1 1 1 1 1 1 1 1 1 1 1 1 1 1 1 1 1 1 1 2 3 0 12 39 17 0 1 1 3 2 1 1 1 1 1 1 1 1 1 1 1 1 1 1 1 1 1 2 3 7 7 4 11 33 40 22 9 9 10 12 12 11 12 13 13 14 15 16 16 19 23 23 23 21 26 29 44 99 95 38 18 21 18 18 17 17 17 16 15 18 11 11 16 18 18 18 19 18 18 24 31 39 40 23 8 4 4 4 4 4 4 4 4 5 5 5 5 5 5 5 5 4 5 6 6 7 7 7 5 
1 1 1 1 1 1 1 1 1 1 1 1 1 1 1 1 1 1 1 1 1 1 1 0 1 1 0 0 0 0 0 0 0 0 0 0 1 1 2 2 3 3 3 3 3 4 3 3 3 1 1 1 1 1 1 1 1 1 1 1 1 1 1 1 1 1 1 1 1 1 1 1 1 1 1 4 1 5 9 1 2 2 1 1 1 1 2 1 1 1 1 1 1 1 1 1 1 1 1 1 1 1 3 4 8 7 2 9 30 43 25 8 9 10 12 12 11 11 13 13 14 15 16 16 19 23 23 22 21 28 26 37 94 102 45 21 21 19 18 18 17 16 15 15 21 10 10 17 18 18 17 17 17 17 23 32 40 38 22 7 4 4 4 4 4 4 4 4 5 5 5 5 5 5 5 5 4 5 6 6 5 5 5 5 
1 1 1 1 1 1 1 1 1 1 1 1 1 1 1 1 1 1 1 1 1 1 0 0 1 1 1 1 0 1 1 1 0 0 1 0 1 3 3 4 3 3 3 3 3 3 3 4 3 2 2 2 1 1 1 1 1 1 1 1 1 1 1 1 1 1 1 1 1 1 1 1 1 1 1 2 3 4 3 2 3 2 3 2 2 2 2 1 1 1 1 1 1 1 1 1 1 1 1 1 1 1 3 4 8 7 1 3 26 47 35 11 9 10 11 12 12 12 11 11 13 15 16 16 19 23 22 22 19 28 26 34 90 106 54 26 24 24 23 23 21 19 17 14 23 14 12 17 18 18 18 17 16 18 23 36 44 37 18 5 4 4 4 4 4 4 4 4 5 5 5 5 5 5 5 5 4 5 6 6 5 5 5 5 
1 1 1 1 1 1 1 1 1 1 1 1 1 1 1 1 1 1 1 1 1 1 0 0 1 1 1 1 0 1 1 1 0 0 1 2 3 3 3 4 3 3 3 3 3 3 3 3 3 2 2 2 1 1 1 1 1 1 1 1 1 1 1 1 1 1 1 1 1 1 1 1 1 1 1 2 3 1 1 0 0 1 5 5 3 1 1 1 1 1 1 1 1 1 1 1 1 1 1 1 1 1 3 5 8 5 1 2 29 51 36 12 10 10 11 12 11 11 11 11 13 15 16 16 19 23 22 22 21 29 26 34 87 106 61 31 32 33 32 32 30 26 23 18 26 21 19 21 24 24 26 26 25 25 30 42 54 46 21 7 4 4 4 4 4 4 4 4 5 5 5 5 5 5 5 5 4 5 6 6 5 5 5 5 
1 1 1 1 1 1 1 1 1 1 1 1 1 1 1 1 1 1 1 1 1 1 0 0 1 1 1 1 1 2 2 2 1 1 1 3 4 4 4 4 3 3 3 4 4 4 3 3 3 2 1 1 0 0 1 1 1 1 1 1 1 1 1 1 1 1 1 1 1 1 1 1 1 1 1 2 3 1 1 0 0 1 1 3 2 1 1 1 1 1 1 1 1 1 1 1 1 1 1 1 1 1 4 5 7 5 1 3 23 45 36 15 9 9 11 11 11 11 11 11 13 15 16 16 19 22 22 22 21 29 26 34 85 103 61 30 37 42 39 40 39 37 31 28 32 26 28 30 30 31 33 35 36 35 39 56 72 64 30 7 4 4 4 4 4 4 4 4 5 5 5 5 5 5 5 5 4 5 6 6 5 5 5 5 
1 1 1 1 1 1 1 1 1 1 1 1 1 1 1 1 1 1 1 1 1 1 0 0 0 0 1 1 2 2 2 2 1 1 1 3 4 4 4 7 5 3 3 2 2 2 2 2 3 2 1 1 0 1 1 1 1 1 1 1 1 1 1 1 1 1 1 1 1 1 1 1 1 1 2 2 2 2 1 1 1 1 0 1 2 2 2 2 2 1 1 1 1 1 1 1 1 1 1 1 1 1 4 5 5 5 4 3 16 38 38 18 9 10 11 11 11 11 11 11 12 15 17 17 19 22 21 22 21 30 25 32 81 101 60 32 35 38 40 42 41 40 37 33 37 30 29 33 35 36 38 42 42 44 47 67 87 80 40 9 4 4 4 4 4 4 4 4 5 5 5 5 5 5 5 5 4 5 6 6 5 5 5 7 
1 1 1 1 1 1 1 1 1 1 1 1 1 1 1 1 1 1 1 1 1 0 0 0 0 0 1 1 1 1 2 3 2 1 1 2 4 4 5 8 7 8 8 5 9 12 10 8 3 2 2 2 2 1 0 1 1 1 1 1 1 1 1 1 1 1 1 1 1 1 1 1 1 1 1 2 1 2 1 1 1 1 1 1 1 2 2 1 1 1 1 1 1 1 1 1 1 1 1 1 1 2 5 5 4 4 4 3 10 35 40 24 10 11 11 11 11 11 11 13 13 16 18 18 18 21 21 21 22 30 25 32 74 89 53 32 31 32 36 37 38 37 36 35 36 30 26 31 37 38 40 43 43 44 49 68 92 85 44 10 4 4 4 4 4 4 4 4 5 5 5 5 5 5 5 5 4 5 5 5 5 5 7 8 
1 1 1 1 1 1 1 1 1 1 1 1 1 1 1 1 1 1 1 1 1 0 0 2 1 0 0 0 0 2 2 2 2 2 3 2 4 8 11 11 9 16 22 23 33 45 37 19 4 3 3 4 5 0 1 1 1 1 1 1 1 1 1 1 1 1 1 1 1 1 1 1 1 1 1 1 1 1 1 1 1 1 1 1 1 2 1 1 1 1 1 1 1 1 1 1 1 1 1 1 1 2 5 5 4 4 3 2 7 33 43 25 10 11 11 10 11 10 12 13 15 16 17 17 16 16 18 18 19 26 23 30 65 76 44 23 23 26 28 26 28 28 29 29 31 25 25 26 31 33 33 35 36 33 40 63 88 79 37 9 4 4 4 4 4 4 4 4 5 5 5 5 5 5 5 5 4 5 5 5 5 5 5 7 
1 1 1 1 1 1 1 1 1 1 1 1 1 1 1 1 0 0 0 0 0 0 0 2 2 0 0 0 0 2 2 2 2 2 3 7 10 14 17 18 17 23 31 37 53 64 54 35 7 5 5 7 9 2 2 2 1 1 1 1 1 1 1 1 1 1 1 1 1 1 1 1 1 1 1 1 1 1 1 1 1 1 1 1 2 2 1 1 1 1 1 1 1 1 1 1 1 1 1 1 1 2 5 5 3 3 4 2 4 32 45 28 9 9 10 9 10 11 12 13 14 15 16 16 15 16 16 16 18 24 18 26 67 86 48 10 9 13 12 12 15 16 17 19 17 17 19 18 17 19 21 21 22 22 29 49 67 60 28 7 5 5 5 5 5 5 5 5 5 5 5 5 5 5 5 5 4 5 5 5 5 5 7 8 
1 1 1 1 1 1 1 1 1 1 1 1 1 1 1 1 0 0 0 0 0 0 1 1 2 1 0 1 1 2 3 5 3 3 3 5 11 18 21 23 24 29 35 42 60 70 67 53 15 5 7 10 14 5 2 2 1 1 1 1 1 1 1 1 1 1 1 1 1 1 1 1 1 1 1 1 1 1 1 1 1 1 1 1 1 2 1 1 1 1 1 1 1 1 1 1 1 1 1 1 1 3 5 5 4 4 3 1 2 31 47 30 8 8 10 7 9 11 12 15 14 15 15 15 15 15 16 16 17 24 18 26 75 104 64 9 2 6 6 6 8 8 8 9 8 8 9 10 8 8 9 9 5 10 15 25 30 28 16 6 5 5 5 5 5 5 5 5 5 5 5 5 5 5 5 5 4 5 5 5 5 5 7 8 
1 1 1 1 1 1 1 1 1 1 1 1 1 1 1 1 0 0 0 0 0 0 1 1 1 1 3 4 3 4 4 5 3 3 3 7 15 22 24 25 26 30 31 33 45 53 52 51 32 18 15 17 17 7 2 2 1 1 1 1 1 1 1 1 1 1 1 1 1 1 1 1 1 1 1 1 1 1 1 1 1 1 1 1 1 2 1 1 1 1 1 1 1 1 1 1 1 1 1 1 1 3 5 5 5 4 3 1 2 19 35 30 9 5 7 6 9 11 13 16 15 15 15 15 15 16 16 15 17 22 17 25 74 108 73 16 4 7 6 5 5 5 7 7 7 3 3 4 4 4 4 4 1 3 5 9 7 7 6 6 5 5 5 5 5 5 5 5 5 5 5 5 5 5 5 5 4 5 5 5 5 5 7 8 
1 1 1 1 1 1 1 1 1 1 1 1 1 1 1 1 0 0 0 0 0 0 1 1 1 1 5 9 9 10 9 9 7 8 8 10 16 21 25 26 29 31 32 30 30 32 31 39 23 23 21 22 18 9 2 2 1 1 1 1 1 1 1 1 1 1 1 1 1 1 1 1 1 1 1 1 1 1 1 1 1 1 1 1 1 2 1 1 1 1 1 1 1 1 1 1 1 1 1 1 1 3 5 4 5 4 1 1 1 10 18 28 15 5 6 7 9 11 13 16 15 15 15 16 16 16 16 16 18 22 19 24 65 99 71 17 4 7 6 5 5 5 5 7 7 4 3 3 3 4 3 3 3 3 4 5 5 5 5 5 5 5 5 5 5 5 5 5 5 5 5 5 5 5 5 5 4 5 5 5 5 5 7 7 
1 1 1 1 1 1 1 1 1 1 1 1 1 1 1 1 0 0 0 0 0 0 1 2 3 6 11 13 16 15 14 12 11 11 11 9 10 14 23 31 32 36 37 33 29 26 23 32 22 19 16 21 21 12 1 1 1 1 1 1 1 1 1 1 1 1 1 1 1 1 1 1 1 1 1 1 1 1 1 1 1 1 1 1 1 2 1 1 1 1 1 1 1 1 1 1 1 1 1 1 2 3 5 4 4 3 2 1 1 5 11 24 21 9 5 8 9 11 13 16 15 16 16 17 17 16 18 19 18 24 21 22 57 89 62 15 3 6 5 5 6 6 6 8 5 5 4 4 3 4 3 3 4 4 4 4 4 4 4 4 5 5 5 5 5 5 5 5 5 5 5 5 5 5 5 5 4 5 5 5 5 5 7 7 
1 1 1 1 1 1 1 1 1 1 1 1 1 1 1 1 1 0 0 1 0 1 2 3 5 10 16 18 22 21 21 18 17 17 17 12 12 16 32 47 47 45 37 33 24 24 21 22 22 16 8 19 23 15 1 1 1 1 1 1 1 1 1 1 1 1 1 1 1 1 1 1 1 1 1 1 1 1 1 1 1 1 1 1 1 2 1 1 1 1 1 1 1 1 1 1 1 1 1 1 2 4 5 5 5 3 2 1 1 4 14 24 26 14 7 8 10 10 12 16 15 15 16 17 16 17 18 17 17 24 19 21 54 85 61 16 4 6 5 5 6 6 6 6 5 4 4 4 4 3 3 3 4 4 4 4 4 4 4 4 5 5 5 5 5 5 5 5 5 5 5 5 5 5 5 5 5 5 5 7 7 7 7 8 
1 1 1 1 1 1 1 1 1 1 1 1 1 1 1 1 0 0 1 0 0 1 1 2 5 12 18 25 25 22 25 38 38 38 33 28 25 36 52 73 86 80 67 58 46 43 38 35 32 29 21 11 11 17 2 0 1 1 1 1 1 1 1 1 1 1 1 1 1 1 1 1 1 1 1 1 1 1 1 1 1 1 1 1 1 1 1 1 1 1 1 1 1 1 1 1 1 1 2 2 3 5 7 5 4 4 2 1 1 3 15 31 30 12 7 9 9 9 13 16 15 15 16 16 17 18 16 15 15 16 17 22 47 78 61 17 4 5 4 4 5 5 5 5 5 4 4 4 3 3 3 3 3 3 3 4 4 4 4 4 5 5 5 5 5 5 5 5 5 5 5 5 5 5 5 5 5 5 5 7 7 7 8 9 
0 0 0 0 0 0 0 0 0 0 0 0 0 0 0 1 0 0 0 0 0 1 2 4 12 18 26 35 31 24 36 57 54 51 43 38 37 52 66 90 109 113 104 90 75 64 54 59 61 58 47 35 19 19 6 0 1 1 1 1 1 1 1 1 1 1 1 1 1 1 1 1 1 1 1 1 1 1 1 1 1 1 1 1 1 1 1 1 1 1 1 1 1 1 1 1 1 1 1 2 4 7 7 7 4 4 3 1 1 3 17 40 36 14 5 8 9 9 12 15 15 15 16 16 17 17 16 16 16 15 15 21 44 57 38 15 4 4 4 4 5 5 5 5 4 4 4 4 3 3 3 3 3 3 3 3 4 4 4 4 5 5 5 5 5 5 5 5 5 5 5 5 5 5 5 5 5 5 5 7 7 7 9 9 
0 0 0 0 0 0 0 0 0 0 0 0 0 0 0 0 0 0 0 0 0 1 3 8 17 23 32 42 45 45 52 66 68 67 50 42 51 66 81 104 124 128 123 110 95 81 64 71 101 88 71 65 49 36 10 1 1 1 1 1 1 1 1 1 1 1 1 1 1 1 1 1 1 1 1 1 1 1 1 1 1 1 1 1 1 1 1 1 1 1 1 1 1 1 2 2 1 1 1 2 7 9 7 4 4 3 2 2 2 3 14 33 32 16 10 10 9 9 10 12 13 13 13 16 16 15 15 16 15 15 15 21 38 44 23 8 4 4 4 4 5 5 5 5 4 4 4 4 3 3 3 3 3 3 3 3 4 4 4 4 5 5 5 5 5 5 5 5 5 5 5 5 5 5 5 5 5 5 5 7 8 8 10 9 
0 0 0 0 0 0 0 0 0 0 0 0 0 0 0 0 0 0 0 0 1 3 7 12 18 25 33 45 59 64 67 84 95 86 59 47 55 67 75 98 122 124 118 111 100 90 75 79 117 100 78 72 60 42 14 4 1 1 1 1 1 1 1 1 1 1 1 1 1 1 1 1 1 1 1 1 1 1 1 1 1 1 1 1 1 1 1 1 1 1 1 1 1 1 2 2 1 1 1 2 9 11 8 4 4 3 2 2 2 3 10 29 31 22 16 12 9 7 9 9 10 11 13 13 13 15 14 15 15 14 14 21 51 58 30 9 4 3 4 4 5 5 5 5 4 4 4 4 3 3 3 3 3 3 3 3 4 4 4 4 5 5 5 5 5 5 5 5 5 5 5 5 5 5 5 5 5 5 5 5 8 8 10 10 
1 1 1 1 1 1 1 1 1 1 1 1 1 1 1 1 1 1 1 1 4 8 11 15 18 23 29 42 57 68 80 99 113 90 64 53 58 68 72 87 101 100 94 93 95 96 89 90 104 93 73 64 53 35 15 7 2 2 1 1 1 1 1 1 1 1 1 1 1 1 1 1 1 1 1 1 1 1 1 1 1 1 1 1 1 1 1 1 1 1 1 1 1 1 2 2 1 1 1 3 10 12 8 4 4 4 3 3 2 4 8 17 23 24 17 12 8 6 6 6 6 9 11 11 13 13 14 15 15 14 12 22 60 78 47 12 3 4 4 4 5 5 5 5 4 4 4 4 3 3 3 3 3 3 3 3 4 4 4 4 5 5 5 5 5 5 5 5 5 5 5 5 5 5 5 5 5 5 5 5 8 8 9 9 
1 1 1 1 1 1 1 1 1 1 1 1 1 1 1 1 1 1 1 3 10 16 19 18 18 18 24 31 42 57 79 99 104 86 67 60 70 80 86 87 86 85 81 84 96 106 100 96 93 92 77 67 56 39 17 6 2 2 1 1 1 1 1 1 1 1 1 1 1 1 1 1 1 1 1 1 1 1 1 1 1 1 1 1 1 1 1 1 1 1 1 1 1 1 2 2 1 1 1 3 10 15 8 4 4 3 2 3 2 3 4 7 12 21 18 12 8 7 6 9 9 9 10 11 13 15 14 15 15 14 14 21 51 75 56 15 3 4 4 4 5 5 5 5 4 4 4 4 3 3 3 3 3 3 3 3 4 4 4 4 5 5 5 5 5 5 5 5 5 5 5 5 5 5 5 5 5 5 5 5 8 8 8 8 
1 1 1 1 1 1 1 1 1 1 1 1 1 1 1 1 1 1 2 7 17 24 23 22 19 18 19 23 29 42 61 79 85 75 66 65 72 82 92 89 87 88 92 99 111 117 116 103 95 101 85 71 63 45 19 9 2 1 1 1 1 1 1 1 1 1 1 1 1 1 1 1 1 1 1 1 1 1 1 1 1 1 1 1 1 1 1 1 1 1 1 1 1 1 2 2 1 1 2 2 14 21 10 3 3 3 2 2 1 3 3 4 11 22 22 12 6 8 9 10 10 10 11 11 11 13 14 15 15 15 15 19 37 64 54 18 3 4 4 4 5 5 5 5 4 4 4 4 3 3 3 3 3 3 3 3 4 4 4 4 5 5 5 5 5 5 5 5 5 5 5 5 5 5 5 5 5 5 5 5 8 8 8 8 
1 1 1 1 1 1 1 1 1 1 1 1 1 1 1 1 1 2 2 10 21 26 25 25 25 22 20 23 26 33 45 66 80 73 68 68 70 78 89 97 103 113 117 125 134 137 134 122 121 123 103 80 75 60 28 12 4 2 2 1 1 1 1 1 1 1 1 1 1 1 1 1 1 1 1 1 1 1 1 1 1 1 1 1 1 1 1 1 1 1 1 1 1 1 2 2 1 1 2 5 30 43 20 2 3 3 2 2 1 3 3 3 9 21 22 10 7 9 12 12 12 12 11 11 11 12 12 15 15 16 17 22 38 64 53 19 4 4 4 4 5 5 5 5 4 4 4 4 3 3 3 3 3 3 3 3 4 4 4 4 5 5 5 5 5 5 5 5 5 5 5 5 5 5 5 5 5 5 4 4 7 8 8 8 
1 1 1 1 1 1 1 1 1 1 1 2 2 2 1 0 0 3 9 14 17 25 34 40 40 35 30 29 30 31 43 64 81 77 74 77 79 84 90 104 120 135 142 145 148 149 145 136 132 134 129 104 87 76 42 19 4 2 2 1 1 1 1 1 1 1 1 1 1 1 1 1 1 1 1 1 1 1 1 1 1 1 1 1 1 1 1 1 1 1 1 1 1 1 2 2 1 1 1 11 53 72 36 4 3 3 2 2 2 3 3 3 6 17 22 12 6 7 12 13 12 12 12 12 11 11 12 15 15 17 20 23 41 78 77 36 7 2 4 4 5 5 5 5 4 4 4 4 3 3 3 3 3 3 3 3 4 4 4 4 5 5 5 5 5 5 5 5 5 5 5 5 5 5 5 5 5 4 3 3 5 8 7 8 
1 1 1 1 1 1 1 1 0 1 1 3 3 2 2 1 0 9 19 16 16 35 57 62 59 49 37 35 32 33 45 65 80 78 80 90 99 100 103 111 125 146 158 157 155 153 148 142 144 144 137 118 112 110 65 26 5 3 2 2 1 1 1 1 1 1 1 1 1 1 1 1 1 1 1 1 1 1 1 1 1 1 1 1 1 1 1 1 1 1 1 1 1 1 2 1 1 1 3 37 86 90 40 3 2 3 2 2 2 2 3 3 9 22 30 18 6 7 11 11 11 11 12 12 10 11 13 15 16 18 20 22 34 76 87 44 9 2 4 5 5 5 5 5 4 4 4 4 3 3 3 3 3 3 3 3 4 4 4 4 5 5 5 5 5 5 5 5 5 5 5 5 5 5 5 5 4 4 4 4 7 7 7 7 
1 1 1 1 1 1 1 1 1 0 1 3 3 2 2 2 1 14 24 21 25 51 76 80 75 60 46 41 42 40 49 68 80 77 85 103 116 116 118 126 140 160 173 172 165 158 153 144 150 144 142 132 125 132 108 44 7 5 2 2 2 2 1 1 1 1 1 1 1 1 1 1 1 1 1 1 1 1 1 1 1 1 1 1 1 1 1 1 1 1 1 1 1 1 2 2 2 1 4 57 125 129 61 12 4 3 2 3 2 2 2 2 9 34 47 24 6 8 11 11 11 10 11 11 10 10 12 15 15 17 19 18 29 59 63 26 4 3 4 5 5 5 5 5 4 4 4 4 4 4 4 4 3 3 3 3 4 4 4 4 5 5 5 5 5 5 5 5 5 5 5 5 5 5 5 4 4 4 5 5 7 8 8 9 
1 1 1 1 1 1 1 1 1 0 2 3 2 2 2 4 4 14 23 25 37 63 83 88 86 71 54 50 49 47 56 73 80 75 86 113 128 131 135 144 157 173 186 186 174 165 159 150 149 142 150 146 141 146 131 61 12 6 3 2 2 2 1 1 1 1 1 1 1 1 1 1 1 1 1 1 1 1 1 1 1 1 1 1 1 1 1 1 1 1 1 1 1 1 2 3 3 1 9 75 148 152 90 29 4 2 3 3 3 2 2 1 8 33 44 21 5 8 11 11 11 10 10 11 10 10 12 15 16 17 18 16 26 48 46 18 3 3 4 5 5 5 7 5 5 4 4 4 4 4 4 4 3 3 3 3 4 4 4 4 5 5 5 5 5 5 5 5 5 5 5 5 5 5 5 5 5 5 7 7 7 9 6 9 
1 1 1 1 1 1 1 1 1 1 2 3 2 2 3 5 7 11 21 31 52 78 87 89 93 78 60 55 56 64 79 96 89 78 90 121 137 142 149 158 166 179 193 192 180 170 163 152 142 134 159 166 163 166 151 99 37 9 5 3 2 1 1 1 1 1 1 1 1 1 1 1 1 1 1 1 1 1 1 1 1 1 1 1 1 1 1 1 1 1 1 1 1 1 2 3 2 0 15 86 157 157 97 34 5 3 2 4 4 2 2 1 3 22 35 18 7 8 11 11 11 10 11 11 9 10 12 15 17 17 17 16 29 51 49 19 3 3 4 4 5 7 7 5 5 4 4 4 4 4 4 4 3 3 3 3 4 4 4 4 5 5 5 5 5 5 5 5 5 5 5 5 5 5 5 5 5 7 8 7 5 8 6 9 
1 1 1 1 1 1 1 1 1 1 1 3 2 3 3 8 10 16 24 44 75 104 108 101 101 90 76 71 72 86 109 128 105 86 101 129 141 139 144 157 170 179 189 189 180 173 164 153 143 135 164 173 165 172 164 121 51 9 2 3 2 1 1 1 1 1 1 1 1 1 1 1 1 1 1 1 1 1 1 1 1 1 1 1 1 1 1 1 1 1 1 1 1 1 2 4 2 0 21 102 169 166 120 50 10 3 3 4 4 3 3 2 2 16 30 21 9 8 10 10 10 10 10 10 9 10 12 14 16 16 17 17 31 55 56 24 4 2 4 4 5 7 7 5 5 4 4 4 4 4 4 4 3 3 3 3 4 4 4 4 5 5 5 5 5 5 5 5 5 5 5 5 5 5 5 5 5 7 8 7 7 5 9 17 
1 1 1 1 1 1 1 1 1 1 1 2 2 3 4 12 17 24 38 59 91 123 130 122 117 111 100 92 94 108 129 144 124 100 106 125 134 128 124 143 165 174 180 179 175 170 164 152 148 138 158 166 159 166 167 144 75 18 1 3 1 1 1 1 1 1 1 1 1 1 1 1 1 1 1 1 1 1 1 1 1 1 1 1 1 1 1 1 1 1 1 1 1 1 2 3 0 0 42 118 159 163 136 67 19 7 4 4 3 2 3 2 3 12 28 26 13 8 10 10 10 10 10 10 11 11 13 15 15 16 17 17 27 53 58 26 5 2 4 5 5 7 7 5 5 4 4 4 4 4 4 4 3 3 3 3 4 4 4 4 5 5 5 5 5 5 5 5 5 5 5 5 5 5 5 5 5 7 8 8 8 7 10 28 
1 1 1 1 1 1 1 1 2 2 1 2 2 4 8 17 19 36 58 71 91 121 135 135 132 129 118 109 109 121 138 148 125 97 93 111 120 111 109 131 154 166 172 173 170 167 162 152 150 141 149 159 157 163 171 162 96 35 5 3 1 2 2 1 1 1 1 1 1 1 1 1 1 1 1 1 1 1 1 1 1 1 1 1 1 1 1 1 1 1 1 1 1 1 2 2 3 15 60 120 148 152 134 84 29 9 7 4 3 2 4 3 2 11 26 28 16 9 10 10 10 10 10 10 10 11 12 15 15 16 17 17 22 45 53 26 5 3 4 5 7 7 8 7 5 5 4 4 4 4 4 4 4 4 4 3 4 4 4 4 5 5 5 5 5 5 5 5 5 5 5 5 5 5 5 5 5 7 8 9 8 10 16 40 
1 1 1 1 1 1 1 1 2 2 1 2 3 9 15 24 31 53 73 80 89 113 127 135 140 140 131 122 121 127 129 125 102 79 72 89 101 99 101 118 136 151 164 167 166 165 159 151 150 142 143 148 150 159 172 175 153 82 22 5 1 3 2 1 1 1 1 1 1 1 1 1 1 4 4 1 1 1 1 1 1 1 1 1 1 1 1 1 1 1 1 1 1 1 1 1 8 25 79 138 167 161 145 104 46 18 8 3 3 3 5 4 2 11 25 28 15 8 9 9 9 8 8 9 10 11 12 14 14 15 17 16 18 37 46 26 7 3 4 7 7 8 7 7 7 5 4 4 4 4 4 4 4 4 4 4 5 5 5 4 5 5 5 5 5 5 5 5 5 5 5 5 5 5 5 5 5 7 8 9 10 13 26 71 
1 1 1 1 1 1 1 1 2 2 3 4 7 15 25 32 51 66 75 85 100 115 127 136 145 147 142 132 132 128 113 97 85 66 57 64 82 94 100 109 121 138 152 159 163 162 157 151 150 145 145 144 145 156 170 178 173 125 52 7 1 5 3 1 1 1 1 1 1 1 1 1 2 5 5 2 1 1 1 1 1 1 1 1 1 1 1 1 2 2 2 2 2 2 1 1 9 32 88 145 160 146 143 109 50 21 8 3 3 3 3 3 3 8 19 25 17 9 8 8 9 8 8 10 10 11 12 14 14 15 17 16 22 32 33 26 11 7 7 7 7 8 8 9 8 7 5 5 4 7 5 5 4 4 4 4 5 5 5 5 4 4 5 5 5 5 5 5 5 5 5 5 4 4 4 4 5 7 8 9 9 15 43 124 
1 1 1 1 1 1 1 2 1 2 4 7 15 24 33 44 60 72 78 89 109 129 141 144 148 149 149 148 142 124 107 92 75 60 53 60 78 99 114 120 123 135 146 152 156 157 155 153 152 151 148 143 142 151 167 172 159 137 71 13 3 10 4 1 0 1 1 1 1 1 1 1 2 4 4 2 1 1 1 1 1 1 1 1 1 1 1 1 2 2 2 2 2 3 1 2 11 43 110 155 143 135 141 117 71 27 6 4 2 2 4 4 3 4 14 22 17 9 5 8 9 8 8 10 10 11 12 12 14 16 18 17 21 28 32 29 18 14 9 8 8 9 9 10 9 8 7 5 4 8 8 7 5 5 5 4 5 7 5 4 4 4 5 5 5 5 5 5 5 5 5 5 4 4 4 4 5 7 9 11 8 16 72 169 
1 1 1 1 1 1 1 2 1 2 7 11 22 32 42 54 71 81 88 101 125 144 151 151 151 152 157 160 152 134 114 96 79 66 63 72 92 114 130 134 130 137 148 151 152 152 153 155 154 154 152 146 141 142 157 163 159 143 86 25 5 9 4 1 0 1 1 1 1 1 1 1 2 3 3 1 1 1 1 1 1 1 1 1 1 1 1 1 2 2 2 2 3 4 1 4 24 78 148 179 175 175 181 170 127 53 10 6 3 3 5 5 3 5 9 18 16 8 7 9 9 5 7 9 9 11 12 14 14 14 15 16 19 21 25 28 24 21 15 11 10 9 9 9 8 8 7 4 4 8 8 7 5 7 7 5 7 7 5 5 5 5 7 7 7 7 7 7 7 7 7 5 5 5 5 5 5 7 10 11 7 22 87 180 
1 1 1 1 1 1 1 1 1 2 7 12 22 38 56 72 87 96 106 117 134 145 150 151 153 159 168 173 169 151 130 110 92 81 86 97 114 130 143 142 138 144 151 153 152 151 153 155 156 157 158 152 137 137 152 165 157 148 108 44 6 6 1 1 1 1 1 1 1 1 2 2 1 2 2 1 1 1 1 1 1 1 1 1 1 1 1 1 2 2 2 2 4 5 2 6 47 131 202 219 220 225 223 216 182 101 31 11 9 4 3 3 4 5 7 11 11 9 8 10 9 7 8 9 10 10 11 14 14 14 15 14 15 11 12 18 21 18 14 10 9 9 8 8 8 7 5 4 7 7 7 5 5 5 7 7 7 7 7 8 8 9 10 9 9 9 9 9 9 9 8 8 9 9 8 8 8 9 11 12 9 24 77 158 
1 1 1 1 1 1 1 2 2 3 8 11 22 43 67 82 96 109 121 128 131 132 137 145 156 164 172 179 175 163 143 123 107 103 109 122 134 145 150 149 149 150 155 156 151 151 153 155 157 159 163 159 150 149 159 167 167 166 140 66 7 6 3 1 0 1 1 1 1 1 1 2 1 1 1 1 1 1 1 1 1 1 1 1 1 1 1 1 1 2 3 4 4 4 5 10 72 177 237 234 223 232 230 223 188 108 40 18 12 5 3 3 3 4 4 5 7 9 8 10 9 7 8 9 11 11 12 12 14 14 14 11 7 2 3 9 12 17 14 9 8 8 8 8 7 7 7 7 8 8 7 7 5 7 7 8 8 9 9 10 10 10 11 11 11 12 11 11 12 11 11 11 11 11 10 10 10 10 11 13 11 22 53 111 
1 1 1 1 1 1 1 3 4 7 11 14 19 38 61 75 89 103 117 127 122 114 120 139 155 159 166 172 173 165 145 129 121 124 131 141 149 153 155 153 154 154 158 158 151 148 150 150 150 156 165 169 170 167 163 159 160 167 158 88 13 4 3 1 1 1 1 1 1 1 1 2 1 1 1 1 1 1 1 1 1 1 1 1 1 1 1 1 1 1 2 3 3 3 2 19 90 180 230 213 187 184 190 193 143 72 26 18 11 4 3 3 3 3 4 7 7 7 8 9 9 7 7 9 11 11 11 12 12 11 10 7 3 2 2 3 9 22 25 19 9 5 7 9 9 8 7 7 9 10 10 10 8 10 11 11 11 12 14 14 15 15 16 16 17 17 17 17 16 15 16 16 15 15 15 16 16 16 16 16 16 19 33 63 
1 1 1 1 1 1 2 2 9 17 24 24 21 28 47 68 87 95 108 117 110 99 107 125 138 142 149 158 162 156 139 129 128 133 144 151 155 155 152 151 152 153 156 156 151 146 150 150 150 153 164 167 167 159 149 134 129 131 137 92 20 5 3 2 2 1 1 1 1 1 1 2 1 1 1 1 1 1 1 1 1 1 1 1 1 1 1 1 1 1 2 3 3 2 0 29 89 134 158 146 117 104 109 117 81 37 15 15 11 4 3 10 16 24 15 11 9 7 7 7 7 7 7 7 9 10 10 10 10 9 5 4 3 2 2 2 5 26 44 39 23 18 12 10 9 9 8 9 11 14 13 11 11 12 11 10 12 14 14 14 15 16 18 17 19 22 20 19 17 17 19 21 19 19 21 21 23 23 23 23 21 22 32 40 
1 1 1 1 1 2 2 3 18 35 44 40 28 26 47 73 93 94 97 106 102 90 93 102 108 111 121 132 143 144 135 130 132 142 154 159 158 158 158 157 157 158 162 164 162 162 166 173 181 167 152 142 125 104 71 54 75 74 65 44 10 3 2 2 1 1 1 1 1 1 1 1 1 1 1 1 1 1 1 1 1 1 1 1 1 1 1 1 1 1 2 3 4 1 1 22 26 47 64 61 45 37 37 39 42 25 15 14 12 5 7 19 43 58 35 19 7 3 5 8 8 7 7 7 7 8 8 8 7 4 2 3 3 3 2 2 4 23 44 47 45 43 26 11 15 18 15 13 15 15 13 12 10 11 12 17 15 18 18 17 16 15 21 22 21 19 17 22 26 25 24 26 25 24 23 23 22 24 25 26 25 24 29 30 
1 1 1 1 1 1 2 5 28 52 64 59 44 40 54 74 93 94 90 94 96 85 82 92 101 107 114 128 148 157 152 151 160 172 181 185 185 189 192 194 193 193 195 193 185 182 191 195 203 179 135 101 75 53 39 37 38 41 45 31 5 2 1 1 1 1 1 1 1 1 1 1 1 1 1 1 1 1 1 1 1 1 1 1 1 1 1 1 1 1 1 4 7 1 2 19 16 22 23 24 19 16 17 18 19 18 18 16 15 14 16 26 51 65 43 18 4 2 4 8 7 7 7 7 4 5 5 5 5 4 4 3 3 3 3 2 4 9 17 26 42 49 40 25 23 23 20 17 18 18 19 20 22 29 50 73 71 72 74 77 77 77 75 66 59 50 50 61 74 77 74 73 71 66 61 59 59 59 57 53 51 52 54 58 
1 1 1 1 0 1 3 15 41 64 76 79 74 72 67 71 93 101 100 101 108 106 111 128 143 152 158 172 191 200 201 202 206 214 221 226 228 231 230 224 219 210 203 193 176 167 173 175 171 139 90 59 42 24 22 21 21 24 22 3 3 2 2 2 2 1 1 1 1 1 1 1 1 1 1 1 1 1 1 1 1 1 1 1 1 1 1 1 1 3 2 8 9 4 7 18 18 19 18 17 18 19 22 22 23 24 25 24 22 24 29 34 44 51 35 12 3 2 4 6 4 4 4 4 4 4 3 3 3 3 3 3 3 2 2 3 4 4 5 8 18 29 43 43 39 34 27 23 28 29 31 40 54 90 131 163 179 174 174 173 171 172 174 164 145 137 140 152 164 168 168 170 167 161 153 148 149 145 137 129 127 130 136 142 
1 2 1 1 1 2 9 26 55 75 86 96 106 110 101 90 100 115 125 135 149 160 175 190 203 210 214 220 227 230 229 229 229 233 235 228 219 214 206 188 172 155 144 131 116 110 116 121 117 90 54 31 28 19 19 18 21 24 17 0 5 4 3 2 1 1 1 1 1 1 1 1 1 1 1 1 1 1 1 1 1 1 1 1 1 1 1 1 1 4 3 2 2 10 26 42 42 45 50 49 45 39 38 34 36 37 38 38 36 34 38 46 46 40 28 11 2 2 2 4 4 3 2 3 4 3 3 3 3 3 3 3 2 2 2 2 3 4 5 4 4 11 30 47 57 60 48 40 39 38 42 57 102 164 209 230 241 236 236 236 233 231 236 230 225 223 224 228 230 232 235 235 236 236 227 219 214 212 208 206 206 209 213 216 
1 2 3 1 1 8 22 44 70 86 92 100 112 122 121 115 117 136 155 171 186 201 214 217 223 228 231 233 233 231 226 221 218 211 193 165 141 129 121 103 88 75 71 68 67 74 86 95 93 75 53 33 31 24 20 17 13 13 15 10 8 8 5 3 1 1 1 1 1 1 1 1 1 1 1 1 1 1 1 1 1 1 1 1 1 1 1 1 1 5 5 4 8 25 53 82 104 115 130 132 114 81 55 47 45 44 44 39 37 37 40 46 45 33 19 7 3 1 2 3 3 3 2 3 3 3 3 3 2 2 2 2 2 2 3 3 4 3 3 3 3 4 15 34 57 70 69 62 52 52 58 71 123 186 229 244 242 242 245 251 251 249 249 248 248 249 249 248 248 246 245 247 247 247 241 235 234 235 235 238 238 241 242 243 
1 1 2 0 2 17 44 73 93 99 101 100 102 110 124 137 153 171 186 200 209 217 223 227 229 231 235 235 231 223 212 196 185 164 130 93 67 57 54 48 44 42 42 53 73 95 110 119 113 99 85 58 46 32 24 26 31 18 12 2 9 8 6 5 3 1 1 1 1 1 1 1 1 1 1 1 1 1 1 1 1 1 1 1 1 1 1 1 4 10 10 7 25 73 125 153 174 186 198 203 178 137 97 74 70 63 62 53 45 44 44 40 36 28 12 3 3 1 2 2 2 3 2 2 3 3 3 3 2 2 2 2 2 3 3 3 4 3 3 3 4 4 9 19 32 50 64 62 57 66 81 100 126 170 208 230 241 245 245 248 248 247 248 249 249 250 249 249 249 248 245 244 243 242 242 242 242 241 241 243 243 244 246 246 
1 1 2 1 4 29 78 116 131 134 132 127 123 130 152 174 196 211 220 227 229 235 236 237 237 234 230 222 208 189 169 144 124 103 79 56 40 37 36 36 36 38 40 56 88 129 158 169 159 152 141 110 80 50 42 47 89 64 36 11 10 9 8 7 4 2 1 1 1 1 1 1 1 1 1 1 1 1 1 1 1 1 1 1 1 1 1 1 11 15 3 17 73 143 194 207 212 216 213 215 206 185 157 136 130 124 121 115 101 90 85 73 61 38 11 2 3 2 2 2 2 3 2 2 2 2 2 2 1 2 2 2 2 3 3 2 2 2 2 3 3 3 5 8 10 22 32 37 41 59 96 143 163 184 207 230 241 244 245 247 247 247 248 249 249 250 249 249 249 248 249 248 247 245 245 245 245 244 244 245 247 248 248 248 
0 1 2 2 15 61 128 167 181 186 182 181 180 185 200 215 230 236 237 237 237 240 231 220 205 191 174 157 135 114 94 73 61 52 47 40 36 36 36 36 36 36 37 50 75 130 182 210 213 217 206 177 141 113 115 125 163 142 101 63 21 7 9 8 10 2 1 2 2 1 1 1 1 1 1 1 1 1 1 1 1 1 1 1 1 1 1 2 3 1 12 57 149 216 220 223 223 226 225 221 217 220 207 201 198 195 192 187 179 170 166 161 142 86 28 5 3 3 2 2 3 2 2 2 2 2 2 2 2 2 2 2 2 2 2 2 2 2 2 3 4 4 4 4 5 8 10 12 19 39 91 163 215 226 227 235 242 245 244 245 245 247 250 251 251 251 250 250 250 250 250 250 249 249 248 248 248 248 248 248 249 250 250 250 
0 0 1 3 42 113 179 206 217 222 223 229 234 233 233 235 231 224 214 203 191 181 167 151 139 121 101 85 71 61 51 43 40 43 44 44 45 49 53 56 57 58 66 82 99 135 179 216 240 246 236 219 200 189 198 206 213 215 208 195 123 86 31 1 5 2 3 2 1 1 1 1 1 1 1 1 1 1 1 1 1 1 1 1 1 1 2 4 3 3 24 106 192 234 243 237 235 235 236 235 235 241 241 236 238 238 235 233 234 233 232 232 201 131 48 9 5 3 3 3 1 2 1 1 1 1 1 2 3 3 3 3 2 2 3 3 3 3 3 3 4 4 4 4 4 4 6 6 9 24 71 142 213 251 251 241 244 246 245 244 247 248 249 250 251 251 250 250 251 250 251 251 250 250 249 249 249 248 248 248 249 249 250 250 
0 1 0 19 99 188 233 238 241 241 242 245 248 240 227 212 188 171 150 130 106 90 82 82 93 94 89 81 79 80 81 82 85 89 95 96 99 103 107 110 115 121 136 157 169 174 187 209 240 237 231 224 223 223 222 220 217 210 217 209 172 136 85 40 9 2 3 2 2 1 1 1 0 1 1 1 1 1 1 1 1 1 1 1 1 1 2 3 2 5 57 159 236 245 247 245 244 245 244 244 245 245 246 246 247 248 248 248 247 248 248 246 235 164 57 11 5 3 3 3 1 1 1 1 2 2 1 1 2 2 2 2 2 2 2 2 2 2 2 2 3 3 3 4 4 4 4 5 5 11 30 73 142 205 240 248 250 249 249 250 249 248 249 250 251 251 251 251 251 250 251 251 250 249 249 249 248 248 248 248 249 249 249 249 
12 10 5 52 159 236 252 250 250 246 236 229 212 187 160 138 116 97 82 73 58 49 50 61 78 98 114 122 130 135 142 151 158 165 172 175 175 171 163 162 164 169 181 195 205 205 208 214 216 215 215 216 220 220 214 213 214 212 218 214 215 205 164 96 8 4 2 2 2 1 1 1 0 1 1 1 1 1 1 1 1 1 0 1 1 1 3 4 2 3 54 167 253 252 250 249 249 248 247 247 248 247 247 248 247 247 247 248 247 247 245 247 242 178 67 14 7 4 4 3 1 1 1 1 2 1 1 1 1 1 2 2 2 2 2 2 2 2 2 2 2 2 2 3 3 3 3 4 5 7 9 23 53 100 151 185 209 223 235 247 247 248 248 249 252 252 252 252 251 250 251 251 251 250 250 249 248 248 248 248 249 249 249 249 
15 9 7 65 170 231 239 234 215 197 182 166 138 106 82 73 68 65 73 82 82 75 81 89 97 118 144 163 173 177 185 196 203 209 214 216 212 198 181 173 173 178 184 195 207 209 208 207 205 205 206 212 215 216 215 214 216 216 221 224 228 235 202 120 5 3 2 2 2 1 1 0 1 1 1 1 1 1 1 1 1 1 0 0 1 1 2 3 3 3 16 88 202 254 252 251 250 250 249 248 248 249 248 248 248 248 247 249 247 247 247 252 250 178 72 14 4 4 3 3 2 1 1 2 2 2 1 1 1 1 2 2 2 2 2 2 2 2 2 2 2 2 2 2 3 3 4 4 5 4 5 8 11 25 47 75 111 141 162 181 184 196 205 209 219 229 244 252 252 251 251 251 250 250 250 249 248 249 249 248 249 249 249 249 
4 3 8 63 151 202 206 192 171 158 151 139 121 104 101 103 108 115 137 156 157 152 158 157 156 167 185 198 195 191 198 210 216 217 221 222 218 204 192 183 182 190 198 207 214 215 210 207 207 207 212 217 222 224 224 224 225 227 226 229 238 235 196 120 4 3 2 2 1 1 1 0 1 1 1 1 1 1 1 1 1 1 1 0 1 3 2 2 1 4 2 18 95 191 241 249 251 249 249 248 248 249 248 248 248 248 249 249 248 249 250 249 241 166 66 14 8 7 3 4 2 1 2 2 2 2 2 2 1 2 3 3 2 2 2 2 2 2 2 2 2 2 2 3 3 3 4 7 7 5 6 8 6 9 10 16 32 50 68 80 79 95 107 115 127 144 177 216 244 251 251 251 251 250 250 250 249 250 250 250 249 249 249 249 
2 3 28 100 172 203 203 195 190 190 194 190 188 188 191 193 196 199 213 229 227 224 226 224 223 226 228 224 208 198 206 223 230 229 232 234 234 229 223 217 217 222 227 230 231 228 226 223 222 224 227 229 230 231 231 233 235 236 233 230 235 242 200 110 5 4 4 2 1 1 1 1 1 1 1 1 1 1 1 1 1 1 1 1 1 3 2 2 2 3 3 11 45 106 185 235 250 250 249 249 249 249 248 248 248 248 249 249 248 249 250 237 198 117 40 12 9 4 3 4 3 2 2 2 2 2 2 2 2 2 3 3 2 2 2 2 2 2 2 2 2 2 2 3 3 3 4 7 7 7 8 10 10 11 11 10 8 11 16 19 21 23 30 35 39 54 81 131 193 235 250 251 250 250 250 250 249 250 250 250 249 249 248 248 
11 16 70 169 228 238 238 238 239 241 243 244 244 244 243 243 243 243 245 249 248 248 249 250 250 249 247 240 224 213 222 240 244 243 246 246 246 247 246 244 244 244 244 244 243 242 241 241 240 240 240 237 236 237 236 236 238 242 240 236 235 237 181 99 5 4 3 2 1 1 1 1 1 1 1 1 1 1 1 1 1 1 1 1 1 2 2 1 1 1 4 3 16 47 142 226 249 249 249 249 249 249 249 249 248 249 249 250 248 249 248 210 148 60 11 8 3 2 4 3 3 3 2 1 2 2 2 2 2 2 4 4 3 2 3 2 2 2 3 3 3 3 3 3 3 3 4 7 8 6 7 7 8 9 12 12 8 10 10 11 11 12 15 12 14 21 28 54 121 201 249 252 250 251 251 251 250 251 251 250 249 249 248 248 
8 24 110 221 253 252 252 249 249 249 247 245 249 250 248 247 245 248 248 248 248 247 248 248 248 247 247 245 238 233 237 245 247 248 248 248 248 249 249 247 247 248 248 248 248 248 247 247 246 246 245 244 242 242 242 241 243 248 247 244 243 244 187 111 7 4 3 1 0 0 1 1 2 2 1 1 2 2 1 1 1 2 1 2 1 1 2 1 1 1 4 3 5 37 136 228 249 249 249 249 249 249 249 249 249 249 249 250 249 251 237 169 95 30 10 14 5 4 5 3 3 3 2 2 2 1 1 1 2 3 4 4 4 4 2 2 2 2 3 3 3 3 3 3 2 2 3 4 8 6 7 7 8 8 10 9 8 10 10 11 12 15 17 16 15 21 23 25 75 178 245 252 251 251 251 251 250 251 251 251 250 249 248 248 
5 31 130 235 253 250 250 236 202 178 170 179 208 236 243 242 242 244 249 249 249 248 245 247 245 245 247 247 247 247 249 250 250 250 249 250 250 250 248 245 245 247 249 250 251 251 250 251 250 249 247 248 248 248 249 249 248 251 251 249 250 251 206 124 4 5 2 1 0 0 1 1 2 1 1 1 1 1 2 2 1 1 1 1 2 2 1 1 1 1 7 7 3 33 139 233 247 248 249 249 250 249 249 250 250 250 250 249 250 251 222 129 60 21 12 8 3 5 4 4 3 3 2 2 3 3 3 2 2 3 5 5 5 4 4 3 2 3 4 3 4 4 3 3 4 3 4 5 8 8 8 8 8 8 8 7 4 5 8 9 10 10 12 12 14 18 21 17 64 175 244 251 250 250 251 251 250 250 249 249 249 249 247 244 
5 30 120 216 251 250 242 202 135 81 66 90 146 210 242 243 244 245 249 249 248 248 247 247 245 245 247 247 248 250 250 250 249 248 247 249 250 249 244 242 238 240 245 250 250 251 250 251 250 249 247 248 249 249 250 250 250 251 251 251 251 252 217 162 37 3 0 1 0 0 1 3 1 1 1 1 1 1 2 2 1 1 1 1 2 2 2 2 2 4 9 11 5 38 158 241 247 247 249 249 250 249 249 250 250 250 250 249 251 242 188 87 36 17 12 7 3 3 4 4 3 3 3 3 3 3 3 4 3 3 5 5 5 3 3 3 3 3 3 4 4 4 3 3 4 4 4 5 8 8 8 8 8 8 7 5 4 5 8 9 10 11 13 15 15 15 15 23 82 187 248 251 249 249 250 250 250 249 248 248 248 248 245 244 
3 19 95 182 228 233 219 169 110 73 63 88 139 204 242 249 251 249 249 249 248 248 247 245 245 245 245 247 247 248 248 248 249 248 247 248 250 250 247 240 234 235 241 249 251 251 251 250 250 250 250 250 250 250 250 251 251 251 251 251 251 250 231 199 103 26 14 3 0 0 1 5 1 1 1 1 1 1 1 2 1 1 1 1 2 2 3 4 5 5 3 8 3 68 191 248 249 249 249 249 249 249 249 249 249 249 249 249 251 228 157 64 22 16 12 5 9 2 2 6 3 3 4 4 3 3 5 6 4 3 5 5 5 3 3 4 4 4 3 4 5 5 4 4 4 4 5 5 5 6 8 8 5 5 7 7 7 9 10 12 12 12 14 16 16 25 43 75 138 214 251 251 245 248 250 251 250 250 248 248 249 249 248 249 
4 15 69 135 169 175 169 144 127 123 128 146 174 210 233 242 243 243 244 244 244 245 245 247 247 247 247 248 249 249 250 250 250 249 249 249 249 247 243 238 236 238 243 250 251 251 250 249 249 250 251 251 250 249 250 251 251 251 251 251 250 249 244 226 199 115 53 11 3 1 1 2 1 1 1 1 1 1 1 2 1 1 1 1 2 3 3 3 3 1 0 1 4 101 210 247 251 251 250 250 249 249 249 249 248 249 249 248 250 234 173 85 35 18 9 4 11 5 4 8 5 4 5 4 3 3 4 4 3 4 7 8 7 5 5 5 7 7 8 9 9 6 7 8 9 8 8 8 8 12 11 9 7 8 12 14 11 9 9 9 10 12 15 23 42 77 122 167 201 236 252 250 245 249 250 251 250 250 248 247 247 247 247 248 
6 15 44 73 92 94 93 99 106 111 122 138 150 160 169 178 185 192 198 200 203 208 214 216 221 224 230 235 236 236 241 242 245 249 250 250 249 248 247 247 248 250 252 252 252 252 251 251 250 250 250 250 249 249 250 250 250 250 250 250 251 250 252 234 250 185 79 18 6 3 1 1 2 2 3 2 2 2 1 1 1 1 1 2 3 3 3 3 5 5 15 30 71 191 240 241 247 250 250 250 249 249 249 249 249 249 249 250 250 249 217 164 103 75 49 30 21 10 10 9 5 4 4 3 3 4 5 6 4 7 7 7 8 8 7 5 5 8 10 11 10 6 7 9 9 8 8 8 12 15 12 9 10 12 12 15 12 11 11 12 34 59 75 93 125 167 210 236 240 244 252 250 248 249 249 250 249 248 245 244 243 244 245 245 
8 15 22 29 33 33 32 40 46 49 51 61 66 68 72 82 92 96 103 108 113 118 127 132 138 143 151 162 164 167 173 179 193 207 212 216 221 226 231 237 240 241 244 242 241 244 250 251 250 250 252 250 249 251 252 252 251 251 251 251 251 251 250 250 242 165 65 18 10 3 2 1 3 7 9 8 7 5 3 2 1 2 2 2 3 4 4 8 10 12 25 72 148 240 252 242 252 251 250 250 249 249 249 249 250 249 249 250 248 250 245 237 209 180 129 81 45 29 19 9 4 7 5 5 7 8 8 9 8 5 1 3 5 5 5 7 5 4 3 3 8 10 7 4 3 4 5 5 7 7 7 11 12 9 8 18 36 53 68 78 131 165 182 199 219 238 250 252 250 249 251 250 251 250 249 249 249 248 245 244 244 244 244 244 
11 13 16 15 11 11 12 15 12 12 10 12 12 14 18 24 26 30 35 37 42 44 46 50 50 52 54 63 67 72 79 85 104 116 122 128 136 143 153 164 174 178 175 172 172 179 198 213 220 226 230 226 222 224 237 250 250 251 252 252 251 251 251 252 200 116 28 3 5 1 2 4 3 16 12 12 11 10 9 7 3 3 3 3 3 4 4 5 10 14 42 114 201 253 253 247 251 251 250 249 248 248 248 248 247 247 247 248 250 248 247 247 243 210 160 103 62 40 24 11 11 12 11 11 14 14 13 11 11 14 17 24 32 36 38 43 44 44 42 43 50 57 57 53 50 47 44 41 42 43 46 56 56 50 56 74 105 139 172 192 223 240 244 247 250 251 249 249 249 250 250 251 250 250 249 249 248 248 247 248 247 247 247 247 
12 13 13 13 11 10 11 12 10 10 9 9 9 10 11 14 14 14 15 17 19 21 19 19 19 18 19 22 24 28 30 33 40 41 45 47 50 54 60 70 80 87 89 85 78 80 99 118 130 137 144 142 141 152 171 192 213 235 241 242 248 250 252 252 181 96 19 0 3 1 2 7 3 15 12 11 11 9 10 10 5 5 4 4 4 4 7 4 16 28 59 137 207 228 247 247 248 248 248 249 248 249 250 251 251 251 252 252 247 240 233 221 210 172 122 71 45 36 26 22 22 23 22 19 19 21 23 26 39 65 93 108 117 118 121 130 145 147 155 161 164 165 167 167 163 157 146 139 146 151 153 158 158 157 163 169 185 204 226 243 248 250 250 248 247 245 247 248 249 250 251 251 250 250 250 250 249 249 249 250 250 249 248 249 
11 10 10 10 13 13 11 12 11 11 13 13 13 13 13 15 14 14 14 14 16 17 17 17 18 16 17 19 18 18 18 19 19 21 22 21 21 21 24 26 30 32 37 34 30 32 39 43 43 46 50 50 53 66 75 95 136 173 188 196 208 217 224 233 202 114 19 5 4 2 3 7 4 7 8 9 8 8 7 5 5 4 4 4 4 3 5 4 7 7 11 51 152 236 251 252 252 252 252 252 252 251 251 250 243 229 214 202 188 180 166 155 124 92 63 43 40 36 34 41 37 37 39 44 54 70 90 101 141 181 209 223 232 234 230 230 234 236 240 243 243 241 241 242 240 237 230 229 237 240 240 238 238 238 237 235 234 235 237 242 244 245 249 248 247 248 248 249 249 250 250 250 250 250 250 249 249 249 249 251 250 250 249 250 
11 10 9 10 12 12 12 12 11 11 12 15 15 15 15 15 15 12 12 12 15 15 15 15 16 17 18 21 19 18 18 18 18 19 22 21 21 21 21 22 23 24 25 27 30 34 32 30 29 28 28 28 26 29 31 45 63 82 96 104 109 120 129 152 134 64 24 5 10 11 4 5 4 5 5 5 4 4 4 4 4 4 3 3 3 3 4 3 3 2 5 35 124 223 247 235 228 223 218 211 192 180 186 185 172 153 128 110 102 96 82 73 59 54 51 44 44 43 39 45 44 46 53 66 110 164 193 214 234 241 248 252 252 253 252 252 252 253 252 252 251 250 251 250 251 252 252 252 252 252 252 252 252 252 252 252 251 250 249 247 248 249 251 249 248 249 249 250 250 250 250 250 250 250 250 250 249 249 249 250 249 249 249 249 
16 16 15 15 15 13 13 15 14 15 18 21 19 21 18 17 17 17 17 17 17 16 17 18 19 20 20 22 24 25 23 20 19 21 23 23 23 23 23 24 24 24 25 28 29 29 31 32 34 34 33 33 32 33 33 37 32 31 39 45 45 50 52 61 65 24 15 3 7 10 8 5 4 5 4 3 3 3 3 4 4 3 4 4 4 4 5 8 5 1 0 13 84 171 193 173 142 132 123 116 105 111 123 120 109 97 89 92 96 96 96 96 96 97 99 87 80 82 80 90 93 90 96 102 152 206 227 236 233 231 235 237 238 240 241 243 244 245 248 249 248 248 248 248 248 248 248 250 250 248 250 250 248 249 249 249 251 251 251 251 250 251 251 250 250 250 250 251 250 250 249 250 250 250 250 249 249 249 249 249 249 249 249 249 
20 20 20 19 17 17 18 19 19 21 23 24 24 23 23 21 19 19 22 20 19 19 20 22 24 24 22 25 31 30 25 23 19 22 24 24 23 23 23 23 22 22 22 23 24 23 23 24 25 25 24 24 26 29 29 29 27 29 38 40 39 39 38 35 46 19 9 3 1 2 3 4 4 5 4 3 3 3 3 4 4 3 4 3 4 4 5 5 18 4 5 29 70 109 120 103 75 75 81 90 109 132 143 139 137 135 148 162 172 179 185 192 194 196 196 191 177 179 181 187 189 184 191 198 208 217 221 220 216 219 222 226 226 227 230 233 231 231 234 236 240 241 237 234 230 222 222 233 243 248 250 251 250 250 250 250 251 251 250 250 250 250 251 251 251 251 250 251 251 250 251 251 250 250 250 249 249 249 249 249 249 249 249 249 
19 19 18 18 18 18 19 20 20 20 22 19 17 17 18 19 18 18 21 21 19 21 22 24 25 25 25 29 32 31 28 25 25 26 28 29 28 29 28 28 28 28 28 29 29 29 29 30 30 29 28 29 31 30 29 29 29 30 37 39 39 38 33 32 26 18 11 4 3 1 1 3 4 4 4 3 3 3 3 3 4 4 4 3 4 4 5 5 22 4 4 35 60 74 97 102 108 117 138 160 180 198 202 203 203 202 216 223 228 233 236 244 250 251 251 250 244 244 244 245 244 242 247 251 247 241 236 234 233 233 234 237 237 236 236 236 235 234 236 237 240 237 235 231 209 196 201 215 233 247 249 249 249 251 251 251 251 251 251 251 251 251 251 250 251 251 250 250 250 251 251 251 250 250 251 250 249 249 249 249 249 249 249 249 
37 37 38 41 44 46 51 54 57 58 59 58 56 54 54 55 56 54 56 56 56 54 56 58 60 61 60 60 60 60 65 70 73 78 81 81 81 81 81 81 82 85 87 88 90 93 94 96 95 95 94 94 92 89 86 84 82 81 81 84 82 85 79 74 53 22 10 8 5 4 3 2 3 3 3 2 2 3 3 3 3 4 4 4 3 4 3 4 14 0 1 19 51 110 146 162 190 194 210 226 234 236 234 233 233 237 242 243 242 240 243 247 248 248 248 249 251 252 251 249 249 251 251 249 250 252 251 250 249 249 250 250 250 250 247 247 247 245 248 248 248 247 244 241 223 216 217 226 238 247 250 249 248 248 249 251 251 251 251 252 251 251 251 251 250 250 250 250 250 251 251 251 251 250 249 249 249 249 249 249 249 249 249 249 
88 92 102 113 120 129 139 150 155 156 162 162 160 157 154 153 152 152 150 149 150 149 149 151 152 152 150 145 142 141 151 161 171 175 177 177 175 174 176 176 177 180 184 187 189 191 192 193 193 192 192 192 191 189 187 187 185 185 185 185 184 184 177 173 128 39 9 9 8 8 5 4 3 3 3 2 3 3 4 4 3 4 3 4 3 4 4 4 17 2 3 17 32 104 183 227 237 241 245 248 242 238 240 237 240 242 247 248 247 244 245 247 248 249 251 250 248 249 250 250 250 250 249 248 250 251 250 249 248 249 251 251 250 250 250 250 249 251 251 251 251 251 249 248 245 245 245 245 249 249 250 250 250 249 249 250 251 251 251 251 250 250 250 249 249 250 251 250 249 250 249 250 250 249 249 249 249 249 249 249 249 249 249 249 
121 129 144 158 170 182 194 201 203 209 216 221 221 220 221 223 223 226 227 227 229 228 228 230 229 229 229 228 224 226 230 232 235 236 238 241 242 241 241 239 238 238 240 241 240 240 241 242 244 243 244 245 245 244 244 244 244 243 243 247 248 249 240 236 173 52 11 8 8 6 4 3 2 2 2 2 2 3 4 4 4 4 4 5 4 5 5 5 30 14 15 28 31 96 187 239 248 245 248 247 243 241 244 245 245 247 250 250 250 250 248 247 248 250 252 252 249 250 251 250 250 250 249 249 249 249 250 250 249 250 250 250 250 250 250 249 249 250 251 251 251 250 250 251 250 251 250 250 251 249 248 249 250 250 250 249 250 249 249 249 248 249 249 247 248 250 250 250 250 249 249 249 249 249 249 249 249 249 249 249 249 249 249 249 
93 95 101 111 122 130 134 136 137 144 151 156 163 167 172 180 183 188 195 197 199 203 212 221 222 222 227 231 231 231 230 231 229 228 228 233 235 237 238 240 238 238 237 235 236 238 242 245 247 247 248 247 245 245 245 245 245 245 245 245 249 251 251 249 192 84 11 8 5 5 4 3 2 2 1 1 1 2 3 3 3 4 4 5 5 5 8 8 4 19 25 36 38 81 173 233 249 248 248 248 244 243 247 249 249 249 251 251 250 250 248 247 245 248 250 249 251 251 250 250 249 249 249 249 249 249 249 249 250 251 251 250 250 250 249 249 249 249 250 250 249 249 249 250 249 249 249 250 249 248 247 247 248 250 251 250 249 249 250 251 251 250 250 249 248 248 248 248 250 249 249 248 249 249 249 249 249 249 249 249 249 249 249 249 
58 57 53 56 60 63 63 63 63 63 63 67 78 82 87 90 94 97 102 107 108 114 127 136 137 137 139 144 150 153 156 158 159 159 160 166 172 179 186 193 198 202 207 212 216 222 228 233 236 238 243 243 240 240 240 242 244 245 245 243 240 237 237 238 192 77 11 9 9 5 4 3 2 2 1 1 2 2 3 3 3 4 5 5 7 7 8 10 14 37 34 31 45 110 206 243 249 248 248 248 247 245 248 248 249 249 251 251 249 250 249 249 248 249 249 249 248 249 249 249 249 248 248 249 249 249 249 248 249 250 249 249 249 249 249 249 248 249 249 249 249 249 248 248 248 248 248 249 249 249 247 247 248 250 251 250 250 250 249 248 245 245 244 244 244 248 248 249 249 248 248 248 248 249 248 249 249 249 249 249 249 249 249 249 
44 43 40 40 39 39 39 40 41 39 37 40 46 48 50 51 53 56 59 63 65 66 68 72 72 71 73 80 86 92 93 96 101 108 116 124 135 146 157 166 172 182 192 200 207 212 216 220 223 227 236 244 244 243 243 245 247 247 245 244 241 238 238 238 193 77 20 17 8 4 3 3 3 3 2 2 3 3 3 4 4 5 7 7 9 9 8 5 8 37 27 34 90 180 251 251 251 250 249 249 248 248 250 249 248 249 252 251 248 247 248 248 249 249 250 249 248 248 249 250 250 249 248 249 250 250 249 248 249 249 249 249 249 249 249 249 250 250 250 250 250 250 249 249 248 249 250 250 251 251 249 248 250 250 250 250 250 249 244 231 223 227 234 238 242 245 247 248 249 249 250 251 250 248 249 249 249 249 249 249 249 249 249 249 
59 61 63 63 61 64 68 73 75 74 72 72 74 76 79 82 85 88 92 92 95 96 97 100 100 104 113 118 124 125 128 131 134 141 151 159 169 180 189 192 194 200 205 210 215 219 220 221 222 224 227 234 239 242 239 242 242 242 241 242 240 240 242 242 209 89 11 13 8 4 3 3 3 3 2 2 3 4 3 4 4 5 7 7 10 10 12 12 12 30 26 64 143 220 253 248 251 251 249 249 249 249 250 250 250 249 250 248 244 244 247 249 250 249 248 248 249 250 249 250 249 249 248 248 249 249 249 248 249 249 250 250 250 250 250 250 250 250 250 250 250 250 250 250 250 250 251 251 251 251 250 249 249 250 250 249 248 245 233 214 210 223 235 241 244 244 247 248 249 250 251 251 251 249 249 249 249 249 249 249 249 249 249 249 
117 119 122 127 132 139 150 155 157 155 155 152 151 151 156 159 162 160 162 163 166 171 175 180 182 189 197 202 207 207 207 207 207 210 214 220 226 230 229 228 227 226 224 224 227 228 229 229 230 230 230 231 235 237 237 238 240 240 241 240 240 243 243 243 210 115 25 8 5 4 3 3 3 3 2 2 3 4 3 4 4 5 7 7 9 10 10 12 23 47 73 139 214 249 251 252 251 251 250 250 251 251 251 251 250 248 248 245 244 245 247 248 249 248 248 248 249 249 250 249 249 248 248 248 248 249 250 249 249 249 250 250 249 249 249 250 250 250 250 250 250 250 251 251 251 251 250 250 250 250 250 250 249 250 250 248 248 242 227 215 222 236 243 243 246 244 246 248 248 247 248 248 248 248 248 249 249 249 249 249 249 249 249 249 
159 161 166 174 185 194 206 213 214 214 215 215 210 210 210 212 212 209 208 209 213 219 223 227 229 233 239 244 243 244 243 242 242 242 242 243 243 243 243 243 242 242 242 242 241 241 240 240 240 242 245 247 244 243 245 248 250 250 250 250 251 251 251 248 212 103 25 7 2 2 2 3 4 4 3 2 4 4 3 4 4 5 7 7 9 9 8 9 36 68 122 199 252 253 249 254 250 249 249 250 250 251 251 251 250 249 249 246 245 245 247 249 250 249 249 250 250 250 250 249 251 249 247 249 249 250 250 249 249 249 249 249 249 249 249 249 249 249 249 249 249 249 251 252 252 252 251 250 251 251 251 249 250 251 250 249 250 244 236 233 237 244 243 243 243 243 243 245 244 243 243 244 244 245 248 249 249 249 249 249 249 249 249 249 
144 148 153 163 172 177 182 189 193 194 198 198 194 193 190 189 186 186 186 183 185 187 187 191 193 196 201 206 206 205 206 206 203 202 200 199 199 200 205 209 213 219 222 223 224 223 223 224 224 228 231 234 231 230 231 235 237 240 242 242 242 242 240 236 201 87 11 5 3 3 3 3 3 4 3 2 3 4 3 4 4 5 7 8 9 10 10 16 47 115 184 243 254 244 237 254 245 249 247 247 247 248 249 250 249 251 252 251 250 249 248 249 249 248 248 247 247 248 248 247 251 248 246 249 250 249 248 248 248 249 249 249 249 249 249 249 249 249 249 249 249 249 250 250 251 251 250 250 250 250 249 249 249 249 249 249 249 249 247 245 245 245 247 247 245 244 244 245 245 247 247 248 247 248 248 249 249 249 249 249 249 249 249 249 
100 102 107 114 123 125 128 129 131 132 136 134 130 126 122 118 115 114 112 109 105 100 100 103 107 110 114 118 121 117 118 122 121 118 117 115 115 116 120 123 127 134 139 138 141 142 142 142 143 146 150 155 157 162 163 164 162 160 163 165 165 165 166 166 149 57 8 7 6 4 3 3 3 4 3 2 3 4 4 4 4 5 7 9 11 11 11 15 41 145 206 214 212 220 237 253 228 241 238 238 244 248 250 252 252 250 249 244 243 246 247 249 249 250 251 251 251 252 251 251 252 252 252 252 252 252 252 251 251 251 251 250 249 248 249 250 250 250 249 251 251 250 250 251 250 250 250 250 249 250 250 251 250 249 249 249 249 249 249 248 249 249 249 250 250 248 249 249 250 250 250 249 248 249 249 249 249 249 249 249 249 249 249 249 
66 68 73 75 81 81 79 77 77 74 73 71 68 63 59 57 54 53 51 50 50 51 53 55 55 58 57 57 58 59 61 64 66 67 67 67 65 63 64 67 68 70 70 72 72 73 73 72 70 71 74 80 86 90 94 95 95 93 93 96 99 100 99 92 52 32 19 9 5 5 4 4 3 3 2 1 2 3 3 3 3 4 6 10 11 12 14 35 30 109 114 129 138 138 139 148 153 162 165 177 187 195 205 207 205 196 187 179 167 170 184 191 205 207 212 215 222 228 233 234 235 236 238 241 242 243 243 245 248 249 251 250 251 251 250 250 249 249 249 250 251 251 251 251 249 248 248 248 249 249 248 249 250 250 250 250 248 248 248 248 247 247 247 248 249 249 249 249 248 249 249 248 248 249 249 249 249 249 249 249 249 249 249 249 
44 45 45 46 47 46 46 47 47 47 49 47 46 46 44 43 42 42 42 45 47 47 48 47 46 46 45 44 45 45 43 42 43 43 44 44 45 47 50 52 53 52 50 49 47 46 48 50 49 50 52 56 58 59 58 59 60 61 63 66 70 70 67 64 49 19 9 8 4 4 3 3 2 3 2 1 1 2 3 3 3 4 6 8 9 11 15 17 0 57 80 99 100 101 101 103 104 104 106 116 127 138 143 145 144 137 129 120 106 107 122 131 142 138 137 139 149 162 170 174 178 179 184 188 192 194 200 205 208 215 224 227 229 234 231 229 234 236 237 237 237 238 241 241 237 241 245 245 240 235 234 236 238 240 240 241 241 239 239 241 238 241 244 245 248 249 248 248 245 247 247 247 247 247 248 248 249 248 249 249 249 249 249 249 
30 31 33 37 38 42 45 47 50 51 53 54 54 52 52 53 52 52 51 50 47 47 50 51 51 51 52 53 53 52 51 50 50 50 50 51 53 54 57 57 59 58 55 53 53 53 54 57 58 59 61 64 67 69 68 66 66 66 66 68 70 71 72 70 47 16 7 5 5 5 3 2 2 2 1 1 1 1 3 4 3 3 4 4 8 11 12 15 5 43 92 134 132 139 142 143 144 146 150 158 158 164 165 166 165 162 158 156 153 155 157 157 155 149 143 139 141 144 148 153 156 158 160 162 164 165 170 173 175 179 183 181 180 187 192 198 202 209 209 205 201 201 202 203 209 214 219 217 210 207 206 207 209 212 213 213 213 213 216 221 222 227 231 234 235 234 236 241 244 245 245 245 245 247 247 247 248 248 249 249 249 249 249 249 
47 49 52 53 56 57 58 59 60 61 63 64 64 61 59 57 56 53 50 47 46 47 50 54 58 61 67 67 66 64 63 61 61 61 63 63 64 63 61 59 58 57 55 53 52 52 51 51 51 53 56 58 66 71 74 76 76 74 73 73 75 77 80 85 40 17 8 9 5 3 2 2 2 2 1 1 1 1 3 4 4 4 4 7 8 10 10 10 16 35 94 165 173 178 185 187 188 193 199 208 205 205 210 214 215 214 214 215 214 215 213 212 210 208 205 201 200 199 198 196 196 196 198 199 200 200 198 196 196 195 185 170 165 173 184 192 201 214 210 203 199 196 195 195 196 203 208 208 203 199 194 193 195 198 198 196 199 201 203 208 209 214 216 219 217 217 221 230 240 244 245 245 245 245 247 247 248 249 250 250 250 250 250 250 
66 65 66 65 66 65 64 62 60 60 61 62 64 62 57 52 49 44 42 43 45 46 48 53 59 62 65 65 62 60 57 56 56 56 56 53 53 53 51 49 46 46 46 46 45 45 45 45 44 43 44 46 47 50 54 60 63 61 61 63 66 70 72 79 37 19 24 15 2 1 1 1 1 1 1 1 2 2 3 3 3 4 5 7 8 9 10 10 18 52 110 167 167 172 178 179 165 155 156 167 171 173 182 193 196 198 201 207 210 213 214 216 216 216 217 219 220 220 221 220 221 221 220 218 216 215 209 203 202 207 201 187 182 193 206 215 226 236 234 231 228 228 227 226 227 231 234 229 224 221 216 215 214 213 214 216 219 219 220 220 223 226 228 229 228 227 230 236 243 247 248 248 248 248 248 248 249 249 250 250 250 250 250 250 
68 68 67 67 68 68 67 66 64 64 66 68 72 73 72 71 71 71 72 77 80 80 80 81 83 85 81 78 75 75 71 67 63 59 56 53 51 51 51 52 54 57 59 61 63 65 69 72 72 73 74 73 70 67 66 68 70 71 71 70 64 64 66 72 53 30 16 4 1 1 1 1 1 1 1 1 1 2 2 2 1 2 4 7 8 9 9 9 23 40 81 121 125 144 151 157 131 116 113 121 129 135 148 157 162 166 173 179 186 189 192 195 196 199 201 201 202 201 201 200 200 199 195 190 187 185 182 180 177 182 188 185 184 194 206 215 221 227 230 233 234 234 233 230 222 213 207 205 203 202 203 206 210 216 223 233 237 237 238 242 243 244 247 248 248 248 248 250 250 250 249 249 249 249 249 249 249 249 249 249 249 249 249 249 
81 81 82 85 85 86 87 87 89 92 96 101 107 112 116 120 124 131 137 143 144 143 142 141 142 137 131 128 128 127 123 119 110 107 103 102 100 97 96 97 99 101 104 109 113 118 124 128 131 136 138 138 139 139 137 137 136 137 137 132 121 116 115 116 102 43 11 5 3 2 0 0 1 1 1 1 1 1 1 1 1 2 5 6 6 8 10 9 23 31 68 130 150 163 174 174 171 166 162 165 169 177 181 185 187 188 191 192 196 202 203 207 206 205 202 199 195 193 192 192 191 189 187 186 186 185 186 186 181 180 187 186 192 202 210 210 209 216 221 223 224 223 226 214 181 162 158 162 165 172 178 184 198 208 222 233 237 242 244 247 248 247 249 249 250 250 250 250 250 250 250 249 249 249 249 249 250 249 248 248 248 248 248 249 
115 115 117 120 122 123 127 131 136 142 145 150 154 159 162 165 165 167 174 178 180 179 177 177 178 180 177 174 174 172 171 170 167 166 165 165 163 159 156 153 152 151 152 155 156 159 160 162 162 163 164 167 173 182 189 192 195 196 201 207 205 199 200 193 151 52 14 7 4 3 1 1 1 1 1 1 1 1 1 1 1 2 5 6 6 8 11 10 24 39 99 191 223 215 222 227 227 227 227 227 233 233 229 228 227 228 229 229 234 237 234 228 227 227 226 222 219 216 216 216 217 217 217 219 220 221 222 222 221 220 221 219 223 230 232 231 229 231 233 235 234 231 233 221 201 187 182 185 194 208 210 212 221 229 236 238 241 244 246 246 246 246 248 248 248 248 247 245 247 247 249 249 248 247 247 248 247 248 248 248 248 248 247 249 
137 139 143 148 152 157 160 163 165 166 169 173 177 181 181 174 170 162 165 171 175 177 178 177 181 187 187 187 186 185 187 188 188 191 193 195 195 195 195 193 188 184 178 172 166 164 162 160 160 160 160 164 167 178 189 202 198 205 219 230 230 224 222 214 117 38 14 5 4 4 1 1 1 1 1 1 1 1 1 1 1 2 6 6 6 8 10 9 20 40 108 191 247 250 252 249 247 247 244 243 245 243 242 243 243 244 247 247 249 249 247 243 243 245 247 247 246 244 244 244 244 244 244 244 245 245 247 247 246 246 244 244 243 246 246 247 248 247 247 247 247 245 244 242 243 240 235 236 243 248 246 244 246 247 248 246 246 246 247 247 247 247 247 248 249 249 248 247 247 247 247 247 245 244 243 245 244 245 245 245 247 247 247 247 
118 123 127 129 129 130 132 137 137 136 135 136 141 148 148 138 125 118 122 129 137 141 139 139 141 143 144 145 146 146 150 154 162 167 172 174 179 180 186 186 178 171 164 160 159 159 162 164 166 166 169 166 170 174 181 194 191 195 205 213 217 218 207 195 94 36 12 5 4 4 1 1 1 1 1 1 1 1 1 1 1 3 8 8 6 8 10 9 12 22 92 189 249 250 248 245 244 247 247 246 243 240 240 241 243 244 247 247 247 248 249 249 249 250 251 251 251 251 248 248 248 248 249 249 249 249 249 249 248 248 247 247 247 247 247 247 248 250 250 250 249 248 247 247 247 247 248 249 249 247 247 248 248 249 249 249 248 247 247 247 247 247 248 247 249 249 249 250 250 249 249 248 245 244 243 243 244 244 247 247 247 248 249 249 
79 78 77 77 74 73 75 78 78 77 77 75 78 85 87 85 82 82 82 87 94 96 99 99 100 99 97 96 96 95 100 104 108 115 121 127 134 143 151 155 155 152 156 160 166 170 175 185 188 193 192 191 198 199 206 210 215 209 206 215 223 227 208 181 74 30 10 4 4 3 2 2 2 1 2 2 1 1 2 3 4 6 8 8 6 5 11 11 26 33 111 213 248 248 246 246 245 249 252 252 249 247 247 245 247 247 248 249 249 249 250 251 251 251 250 250 250 250 250 249 249 249 249 249 249 249 249 248 249 249 250 251 251 251 249 249 250 251 250 250 251 251 250 250 249 249 248 247 248 249 247 249 249 249 249 249 249 249 249 250 249 249 249 249 249 250 251 251 251 251 250 250 248 245 245 247 248 247 248 249 249 248 249 250 
70 67 64 65 65 66 71 75 78 82 87 87 88 91 97 103 108 113 116 121 125 128 134 137 141 141 138 134 125 118 115 117 107 116 127 138 150 163 172 173 177 181 186 192 194 196 202 205 203 208 219 220 215 209 225 218 213 202 193 199 195 189 166 130 68 29 7 3 3 4 4 2 3 2 2 3 3 2 3 3 5 7 10 8 4 9 27 39 87 122 180 244 244 245 245 244 244 249 252 252 252 252 250 247 247 247 249 250 250 250 251 251 251 251 251 251 250 250 249 249 249 249 249 249 249 248 249 249 250 250 251 251 251 251 250 250 250 250 250 249 250 251 250 250 250 250 249 249 249 249 248 249 249 249 249 249 249 249 250 251 251 251 249 249 249 250 251 251 251 250 250 250 249 248 248 250 250 250 249 250 249 249 249 250 
102 100 100 102 109 115 122 130 141 149 156 159 157 159 167 172 174 177 181 180 178 179 182 189 193 192 189 185 174 164 160 156 149 153 163 174 185 194 198 199 202 203 205 206 202 196 189 174 162 165 175 164 146 138 155 141 129 121 101 109 98 94 85 55 52 22 6 6 4 5 5 3 3 3 3 3 3 4 6 6 8 9 12 15 17 30 51 74 100 156 220 254 248 245 245 245 248 249 249 249 250 249 247 244 244 245 248 249 250 249 250 251 251 251 250 250 251 251 250 250 249 250 250 250 250 250 250 251 251 251 251 251 251 251 251 251 251 250 249 250 250 250 250 250 251 251 251 250 249 249 249 249 249 249 250 250 249 250 250 251 251 250 248 247 247 248 249 251 251 251 251 251 250 250 250 251 251 251 250 250 249 249 249 250 
123 123 125 131 143 151 159 164 165 169 174 176 174 173 180 187 187 184 178 167 157 152 152 157 158 157 156 156 157 158 162 159 158 159 160 165 167 173 177 179 179 177 171 165 159 136 121 95 89 87 79 64 51 45 53 51 49 40 22 32 29 32 32 23 29 16 11 10 11 11 7 8 9 8 8 7 7 7 10 12 15 18 21 25 32 40 51 64 86 136 199 249 251 250 250 252 252 252 250 249 249 249 245 243 242 244 248 249 250 249 252 252 251 252 251 251 251 251 252 251 250 250 251 251 251 251 251 251 251 251 251 251 251 251 251 251 251 250 251 252 250 250 250 250 250 250 249 248 247 249 249 249 249 249 250 251 250 250 249 250 250 248 247 245 244 248 250 251 251 251 251 251 250 249 250 251 251 249 249 250 249 250 250 251 
90 93 97 102 112 118 120 121 120 120 121 121 120 116 118 124 125 122 113 103 92 81 80 79 77 73 73 79 90 101 114 124 132 131 128 129 123 123 124 121 116 108 102 90 82 68 59 40 40 31 17 16 15 15 19 25 25 21 16 20 24 31 26 23 25 32 32 30 31 30 21 15 16 15 14 14 12 14 15 18 24 23 25 28 31 35 40 44 50 74 115 160 191 203 221 240 242 250 252 252 252 250 247 243 242 244 247 248 249 251 250 248 245 248 249 248 247 244 243 241 240 241 243 247 248 249 249 248 247 248 250 250 249 250 248 243 243 247 248 249 247 247 246 247 247 244 238 237 240 242 241 243 244 245 247 247 247 244 243 243 242 241 241 240 240 242 245 247 247 244 243 242 240 238 240 241 240 241 243 244 244 247 247 248 
44 46 49 50 53 54 58 60 61 61 61 64 65 61 57 53 53 54 56 57 52 44 39 35 32 29 26 31 39 45 54 64 80 78 73 72 64 60 55 51 46 42 39 33 29 26 29 25 23 23 22 15 15 17 20 24 29 24 24 26 31 38 36 32 38 49 57 60 60 52 40 26 20 20 19 21 21 22 23 25 28 28 29 30 30 30 35 39 38 40 60 79 102 117 143 167 188 206 220 230 233 231 230 228 226 227 228 228 228 226 221 222 222 221 220 219 216 215 213 208 205 207 215 221 223 228 231 235 237 238 241 241 240 241 238 234 235 238 240 240 240 240 241 239 237 235 229 229 233 234 231 235 236 240 243 242 237 235 234 234 234 233 231 229 229 231 234 234 234 230 228 226 223 221 222 223 221 226 230 233 234 236 238 241 
30 32 32 32 30 33 38 41 41 41 42 44 47 45 38 35 35 39 44 45 45 43 41 40 30 26 23 23 23 24 25 29 29 28 29 25 29 26 23 22 24 24 25 25 22 19 19 19 22 28 25 21 18 19 22 25 29 24 25 30 37 45 47 51 53 50 47 51 56 49 39 31 22 22 22 23 23 25 28 31 30 29 30 30 29 30 33 38 47 40 36 38 40 47 60 73 96 122 145 165 181 181 180 182 184 185 189 192 191 187 184 185 185 187 186 185 186 184 181 180 175 181 191 193 198 205 212 216 220 223 224 224 224 226 226 226 226 228 229 228 228 224 223 223 221 221 222 222 228 230 231 233 233 235 237 237 236 236 237 240 240 238 235 231 232 235 236 236 235 233 229 228 228 229 230 229 229 232 234 236 239 243 242 243 
25 29 31 33 37 40 44 46 46 50 53 58 57 53 57 60 63 60 57 47 47 46 47 39 25 25 21 19 19 19 18 18 18 19 20 20 19 20 20 22 23 25 25 25 23 23 24 24 23 22 22 21 21 21 23 23 24 25 26 30 38 51 60 77 64 61 51 42 35 35 33 30 23 23 24 25 26 28 32 37 30 30 30 30 30 32 33 37 38 39 43 44 44 45 46 46 52 67 81 93 108 115 123 132 139 145 157 165 171 171 169 169 171 173 175 179 181 181 178 178 178 175 175 178 182 187 191 194 193 195 201 199 198 202 209 206 210 210 213 214 213 205 205 208 209 209 209 208 216 222 222 221 222 220 219 217 220 221 229 237 236 237 237 236 237 238 239 243 242 241 242 242 243 245 247 249 249 248 248 248 249 248 248 243 
28 28 29 32 36 37 43 47 52 57 63 64 66 66 67 70 71 69 53 44 39 35 31 26 24 22 19 18 18 18 19 19 19 19 19 19 21 22 21 22 22 24 24 24 24 24 24 23 24 24 23 22 22 23 24 24 25 26 25 25 31 38 43 49 50 43 34 31 30 31 29 28 29 29 30 31 32 33 37 35 32 31 31 31 30 29 32 36 37 39 38 40 44 42 43 44 45 50 56 61 71 76 81 94 110 117 130 138 144 146 144 142 140 140 144 149 156 161 166 166 160 165 166 170 172 173 179 179 170 175 186 185 182 186 193 196 206 205 207 209 210 207 208 206 201 196 192 189 192 193 191 191 188 188 185 178 176 180 193 208 210 213 215 215 217 218 224 230 234 234 235 238 240 240 243 251 249 247 247 245 244 241 239 237 
29 29 29 31 32 32 36 38 41 45 44 45 50 53 52 53 51 44 36 31 26 23 21 21 19 19 21 21 21 21 21 22 22 22 22 22 22 21 22 22 23 23 23 23 23 23 23 23 24 24 23 23 23 25 25 25 25 26 25 24 28 30 31 31 33 30 26 25 26 25 25 28 26 28 29 29 26 29 31 30 29 30 31 32 33 33 35 35 36 36 33 35 37 37 38 40 43 44 45 46 52 59 66 81 92 96 100 100 97 94 92 89 81 80 86 93 102 112 122 131 149 169 182 189 191 194 198 196 186 198 199 201 202 201 205 207 209 215 217 215 213 215 220 212 194 184 179 175 173 171 170 169 169 170 168 160 157 158 169 182 185 184 185 186 188 190 197 206 209 210 209 207 208 207 212 226 227 227 228 231 230 227 228 230 
23 23 23 25 28 28 28 28 26 24 22 23 25 26 26 26 25 28 29 24 21 18 19 20 21 22 22 22 23 23 21 21 22 22 22 22 21 21 22 22 23 23 23 23 23 23 23 24 24 23 23 23 23 24 24 24 25 25 25 25 26 29 31 32 33 33 33 32 33 32 31 30 30 30 29 28 26 28 29 29 30 31 31 33 37 37 38 38 38 38 38 38 39 40 43 43 42 44 45 49 52 62 74 88 94 94 90 85 76 71 64 59 51 53 58 63 68 74 87 107 139 167 189 203 214 219 222 220 213 223 220 220 222 220 220 222 217 224 223 221 219 220 222 210 193 184 185 185 186 187 189 191 189 188 186 184 180 178 181 185 181 173 177 180 181 182 188 194 195 188 182 175 169 166 169 181 200 208 208 214 217 216 220 224 
22 19 18 19 23 25 25 26 25 23 21 17 17 19 21 21 22 25 26 23 22 22 23 24 23 23 23 24 25 24 23 23 23 23 23 23 23 23 23 23 24 24 24 24 24 24 24 25 25 25 25 25 26 26 26 26 26 28 29 30 30 30 31 31 32 31 30 30 33 33 32 33 32 31 30 30 31 32 33 33 33 33 33 35 36 37 37 38 38 38 37 39 38 38 41 43 46 50 53 57 59 64 66 67 67 67 65 59 55 53 52 51 52 57 57 57 58 68 88 116 146 173 199 215 227 230 234 234 231 235 234 228 228 228 230 234 233 233 235 235 233 231 229 221 210 209 215 220 226 228 230 229 227 222 221 220 220 219 214 212 212 203 205 206 208 209 212 214 215 206 199 193 178 177 178 192 213 221 219 219 220 220 226 229 
44 38 33 33 33 33 33 33 33 32 32 31 32 32 35 36 38 39 37 36 35 33 32 32 33 33 32 32 31 31 30 30 30 30 30 30 30 29 29 29 30 30 30 30 30 30 31 32 32 32 32 32 31 31 31 31 32 32 33 33 33 32 32 32 31 31 31 33 35 35 34 34 32 31 28 28 30 35 38 40 39 38 36 37 39 40 40 42 40 39 40 40 40 42 43 45 47 51 56 59 57 53 47 45 43 40 39 40 45 47 51 54 57 60 61 66 75 94 116 144 172 194 213 224 231 235 237 238 240 241 243 239 237 240 241 243 244 247 249 249 248 248 244 242 237 238 242 245 245 245 245 245 245 242 243 243 244 243 241 240 242 241 240 238 241 241 242 243 244 243 241 240 233 231 234 236 241 245 244 241 240 242 245 245 
86 80 75 73 70 64 60 57 57 59 61 64 65 65 64 64 63 65 66 63 54 49 47 47 51 50 45 41 40 40 40 41 40 39 40 39 40 39 38 39 39 39 38 39 39 38 38 38 39 38 39 39 38 38 38 38 38 39 40 39 38 38 39 42 45 47 51 53 53 52 52 52 54 54 53 53 57 60 67 72 73 72 70 74 78 77 75 79 84 84 82 81 81 84 82 78 72 72 72 74 75 74 75 76 75 75 75 81 88 93 96 99 106 115 121 129 137 148 162 179 196 209 221 229 235 236 237 240 242 244 247 248 248 248 247 247 248 250 251 251 251 251 248 243 238 236 241 242 243 243 247 248 249 249 250 248 248 247 246 247 247 247 247 247 248 248 248 251 251 250 248 250 248 250 251 248 249 250 250 249 250 251 250 250 
111 111 110 110 113 109 101 102 102 103 104 103 103 102 100 99 98 96 96 84 68 63 63 66 71 66 60 57 53 50 46 43 43 42 43 41 41 41 43 43 44 43 41 40 40 41 41 43 41 41 40 40 40 40 40 40 40 40 39 38 37 38 41 57 59 72 77 79 86 94 107 115 114 110 104 104 107 109 116 124 125 128 131 136 142 142 142 146 155 156 157 159 160 164 164 162 152 150 149 151 156 159 163 164 163 165 169 172 177 177 177 180 187 195 201 205 203 206 215 221 223 230 236 238 238 239 240 242 245 246 248 249 250 251 250 250 249 248 249 251 251 250 245 229 217 216 228 235 241 245 249 250 251 250 251 250 248 248 248 248 248 248 248 248 248 249 249 250 251 249 248 249 247 249 251 250 250 250 249 249 251 251 250 249 
158 162 165 165 165 163 160 159 156 153 149 148 144 142 144 149 150 151 142 127 110 97 94 100 99 95 90 85 73 63 53 49 50 49 46 41 39 37 39 40 41 39 37 36 37 39 40 41 40 39 39 40 42 45 46 49 50 51 51 50 50 51 59 75 80 94 103 114 132 152 170 172 158 142 128 124 128 134 150 160 156 158 160 169 175 180 182 185 185 182 189 201 208 212 212 213 210 212 211 214 217 218 219 219 220 222 222 223 223 223 223 224 227 230 234 236 240 241 242 242 242 244 245 243 242 242 242 243 243 243 242 242 241 242 244 247 247 247 249 250 251 249 243 229 213 213 223 231 237 244 247 248 249 249 248 248 245 245 245 245 245 247 247 247 247 249 249 249 249 249 248 248 247 249 250 250 250 250 249 249 250 250 250 249 
210 215 219 217 217 216 212 208 206 203 201 199 198 199 195 192 192 190 187 182 172 156 146 149 150 143 138 137 132 130 127 123 110 108 103 96 92 88 86 85 86 88 87 87 85 85 86 85 85 85 88 90 94 97 102 108 110 114 115 114 111 113 120 130 138 149 156 164 175 184 186 185 179 167 156 153 155 162 174 181 181 185 187 191 189 191 189 191 191 194 200 207 214 217 216 216 219 220 221 222 226 228 228 229 230 229 229 229 227 227 227 227 227 229 233 236 237 238 238 238 238 239 240 240 239 238 237 235 231 224 220 217 212 213 217 226 233 240 241 242 243 241 236 231 227 228 234 238 242 244 244 244 244 244 243 244 244 245 245 245 245 245 247 245 245 247 248 249 249 249 248 247 248 248 247 245 245 245 245 248 249 250 249 247 
206 208 214 220 226 223 216 212 207 205 200 198 202 208 205 202 202 201 199 200 197 190 185 184 185 185 188 191 194 198 201 198 185 180 178 175 173 171 169 166 170 174 176 177 173 170 171 172 176 179 181 184 187 189 193 194 195 196 196 194 193 192 195 198 200 205 210 209 208 207 209 212 213 214 215 216 217 219 220 220 219 220 220 219 219 220 220 219 219 222 226 228 229 229 227 227 224 226 228 230 233 234 235 234 234 231 229 227 224 223 223 223 224 227 228 230 229 228 226 224 224 226 227 227 228 228 226 222 219 213 208 204 201 202 209 217 224 235 233 230 228 228 229 234 236 238 241 242 243 242 241 240 238 237 237 238 241 243 244 244 243 244 244 244 244 245 245 247 247 247 247 247 247 244 243 241 238 235 235 241 248 250 249 245 
193 195 202 207 213 213 208 206 202 200 195 193 194 200 205 207 210 212 213 214 214 210 206 205 206 212 217 224 230 231 233 233 233 229 227 228 228 228 227 228 230 234 235 236 234 230 231 233 233 231 231 233 234 237 238 231 229 229 230 230 229 227 228 228 230 230 232 230 229 231 238 240 241 244 249 251 251 248 245 244 244 244 244 243 244 244 244 244 244 245 247 247 245 245 244 242 240 240 241 243 244 245 245 244 243 240 237 236 235 235 236 236 237 237 237 236 235 234 231 229 227 226 226 226 222 220 216 214 214 216 222 224 226 226 227 227 226 231 229 224 224 227 230 234 236 238 241 243 242 243 242 241 238 237 237 238 242 243 243 244 244 243 243 243 244 244 244 245 245 247 244 243 242 240 238 237 236 234 233 238 243 247 247 244 
219 224 231 231 231 234 233 233 231 229 227 226 222 221 224 228 229 231 234 236 235 233 233 233 234 236 238 241 241 240 240 241 241 241 238 240 240 242 243 245 245 245 245 244 243 241 242 242 242 243 243 243 243 243 243 237 234 234 236 238 236 236 234 233 233 232 232 232 233 235 240 242 244 246 251 251 251 249 245 244 245 247 247 247 248 248 248 250 250 250 249 248 248 249 249 250 249 249 247 248 249 249 249 249 248 246 246 246 246 246 246 246 247 247 247 247 245 245 244 243 241 240 237 234 229 224 222 220 221 224 235 238 240 240 237 231 226 224 222 220 220 221 224 228 230 233 236 240 242 245 245 245 245 245 245 247 247 248 248 248 248 247 245 245 247 247 247 247 247 244 243 240 240 240 238 241 241 241 241 241 242 243 242 242 
245 247 249 250 249 249 248 248 247 245 243 243 240 234 235 236 237 240 242 243 242 242 242 243 243 242 241 237 236 236 242 245 246 243 240 238 238 238 241 243 246 247 249 249 249 248 248 246 246 247 247 248 249 248 248 247 244 244 244 246 244 243 242 241 241 241 241 241 241 242 245 248 248 249 250 250 249 249 248 248 247 248 248 248 249 250 251 251 250 250 248 248 249 250 250 250 250 249 250 250 250 251 250 250 250 249 249 249 250 250 249 249 249 248 248 248 248 248 248 248 248 248 246 244 241 238 235 234 235 237 242 244 243 242 240 235 233 226 224 226 227 226 227 228 230 232 235 238 244 247 249 249 249 249 249 248 249 249 249 249 247 247 247 248 248 248 248 248 248 247 247 245 244 244 244 245 244 243 244 243 243 244 244 244 
