0 0 0 0 0 0 0 0 0 0 0 0 0 0 0 0 0 0 0 0 0 0 1 1 1 1 1 1 0 1 0 1 1 1 2 8 17 28 31 30 29 29 26 26 25 25 25 24 23 23 24 25 28 29 26 35 66 82 81 80 72 52 47 42 43 38 38 38 37 37 36 37 36 36 36 36 34 33 33 33 33 32 32 
0 0 0 0 0 0 0 0 0 0 0 0 0 0 0 0 0 0 0 0 0 0 1 1 1 1 1 1 0 1 0 0 1 2 3 10 21 28 29 29 28 28 26 26 25 25 25 24 23 23 23 24 26 31 25 46 82 111 116 102 99 73 61 50 43 38 37 37 37 37 35 36 36 36 35 35 33 32 33 32 32 31 30 
0 0 0 0 0 0 0 0 0 0 0 0 0 0 0 0 0 0 0 0 0 0 1 1 1 1 1 1 1 1 0 0 0 0 7 15 24 29 29 29 28 28 26 26 25 25 25 24 23 23 24 26 29 28 30 63 115 151 158 143 139 116 97 77 56 43 40 39 39 38 36 36 36 36 35 33 33 33 33 32 31 31 30 
0 0 0 0 0 0 0 0 0 0 0 0 0 0 0 0 0 0 0 0 0 0 1 1 1 1 1 1 0 1 0 0 0 0 8 17 26 29 29 28 26 26 26 25 25 25 25 24 23 22 24 28 30 30 32 77 152 196 198 191 185 166 146 116 85 60 47 43 40 39 39 38 36 36 36 36 34 33 32 32 31 31 29 
0 0 0 0 0 0 0 0 0 0 0 0 0 0 0 0 0 0 0 0 0 0 1 1 1 1 1 1 1 1 0 0 0 0 10 23 30 30 28 26 26 26 25 25 25 25 25 23 22 22 24 28 30 29 39 97 181 222 224 227 221 208 195 170 129 89 61 48 43 39 38 37 35 35 36 36 33 32 31 31 31 30 29 
0 0 0 0 0 0 0 0 0 0 0 0 0 0 0 0 0 0 0 0 0 0 1 1 1 1 1 1 1 1 0 0 2 2 15 26 30 29 28 26 26 25 24 24 24 25 24 24 24 24 24 28 29 25 46 123 207 242 248 249 243 234 226 213 181 134 88 61 47 42 39 37 35 33 34 34 32 31 31 30 30 30 29 
0 0 0 0 0 0 0 0 0 0 0 0 0 0 0 0 0 0 0 0 0 0 1 1 1 1 1 1 1 1 0 0 2 5 19 32 30 29 28 26 26 25 24 24 24 24 23 24 24 25 25 28 30 26 58 150 226 251 252 248 245 247 247 240 221 184 132 90 61 43 38 36 35 32 33 33 32 31 30 31 31 31 28 
0 0 0 0 0 0 0 0 0 0 0 0 0 0 0 0 0 0 0 0 0 0 1 1 1 1 1 1 0 0 0 1 2 8 24 36 32 28 27 29 25 25 24 24 24 24 23 24 24 25 25 28 30 29 63 158 231 245 244 240 237 240 242 240 230 213 173 127 85 53 39 36 35 32 32 32 31 30 29 30 30 29 28 
0 0 0 0 0 0 0 0 0 0 0 0 0 0 0 0 0 0 0 0 0 0 1 1 1 1 1 1 0 1 0 1 3 12 30 39 35 30 29 29 25 24 24 23 23 24 23 24 25 25 25 28 29 30 61 153 230 242 245 242 242 240 238 237 237 234 215 185 138 90 57 42 37 33 31 31 30 29 29 29 29 29 26 
0 0 0 0 0 0 0 0 0 0 0 0 0 0 0 0 0 0 0 0 0 0 1 1 1 1 1 1 1 1 0 1 4 16 33 45 36 31 29 29 25 24 24 23 23 24 24 24 25 26 28 29 29 29 63 157 230 236 240 241 242 242 242 242 244 243 234 222 195 148 95 61 45 35 30 30 31 31 29 29 28 28 26 
0 0 0 0 0 0 0 0 0 0 0 0 0 0 0 0 0 0 0 0 0 0 1 1 1 1 1 1 1 1 0 0 1 16 38 51 36 31 29 29 26 25 24 23 23 24 24 24 25 26 29 31 31 26 68 163 225 232 236 240 241 242 242 243 244 243 238 234 226 194 143 97 64 45 32 30 31 31 29 29 28 28 26 
0 0 0 0 0 0 0 0 0 0 0 0 0 0 0 0 0 0 0 0 0 0 1 1 1 1 1 1 1 1 1 1 2 21 43 45 38 30 27 27 25 24 23 23 23 24 24 25 26 26 29 31 34 31 75 167 222 229 230 234 236 236 238 238 238 238 237 233 226 206 172 134 93 65 51 39 31 26 26 25 27 29 25 
0 0 0 0 0 0 0 0 0 0 0 0 0 0 0 0 0 0 0 0 0 0 1 1 1 1 1 1 1 2 1 1 12 38 50 46 38 30 26 26 24 23 23 22 23 24 24 25 26 28 29 30 34 34 81 170 221 229 227 226 226 223 224 222 222 222 221 217 212 201 184 165 134 101 73 50 37 31 30 28 29 29 24 
0 0 0 0 0 0 0 0 0 0 0 0 0 0 0 0 0 0 0 0 0 0 1 1 1 1 1 1 1 2 3 2 19 50 59 52 36 30 26 25 25 25 25 24 23 24 24 25 26 28 29 30 32 34 83 168 221 227 222 223 222 216 215 209 207 206 203 203 200 196 192 182 167 143 109 81 66 54 37 29 28 26 26 
0 0 0 0 0 0 0 0 0 0 0 0 0 0 0 0 0 0 0 0 0 0 1 1 1 1 1 1 1 2 5 5 18 51 68 50 35 30 28 26 26 25 25 24 24 24 24 25 26 28 29 30 30 33 89 175 217 221 221 227 230 222 215 212 208 207 205 205 202 201 198 195 191 179 160 142 122 106 86 63 44 32 26 
0 0 0 0 0 0 0 0 0 0 0 0 0 0 0 0 0 0 0 0 0 0 1 1 1 1 1 1 1 3 8 12 48 93 77 47 32 29 28 26 25 25 25 24 25 26 25 25 27 29 30 31 30 32 100 184 219 224 234 234 234 234 230 229 226 226 224 222 222 222 221 220 220 220 215 210 203 193 165 141 106 68 42 
0 0 0 0 0 0 0 0 0 0 0 0 0 0 0 0 0 0 0 0 0 0 1 1 1 1 1 1 1 1 12 20 59 111 89 45 32 30 28 26 26 25 25 24 25 26 25 25 27 29 30 31 31 35 111 196 235 236 243 243 243 242 241 240 240 238 237 237 237 237 235 236 236 237 236 234 229 222 212 196 170 134 93 
0 0 0 0 0 0 0 0 0 0 0 0 0 0 0 0 0 0 0 0 0 0 1 1 1 1 1 1 1 1 8 13 71 149 113 43 32 31 28 28 28 26 26 25 26 26 27 27 29 30 29 31 33 38 131 216 249 244 245 245 245 246 245 245 243 242 241 241 241 241 240 240 241 242 243 243 237 234 232 228 212 187 150 
0 0 0 0 0 0 0 0 0 0 0 0 0 0 0 0 0 0 0 0 0 0 1 1 1 1 1 1 1 1 6 26 103 182 127 40 32 31 28 28 28 26 26 25 26 26 27 27 29 30 29 31 33 47 150 233 252 252 249 249 248 248 247 246 244 242 240 241 240 240 238 238 237 238 240 240 238 238 236 231 223 202 162 
0 0 0 0 0 0 0 0 0 0 0 0 0 0 0 0 0 0 0 0 0 0 1 1 1 1 1 1 1 2 7 26 117 179 120 40 31 30 28 28 26 26 26 25 26 27 26 27 26 26 30 33 33 58 157 234 251 249 249 249 248 248 247 245 244 241 238 235 231 229 226 226 223 224 224 223 222 222 218 208 192 164 128 
0 0 0 0 0 0 0 0 0 0 0 0 0 0 0 0 0 0 0 0 0 0 1 1 1 1 1 0 2 2 8 45 143 185 116 45 35 33 29 28 26 26 26 25 26 26 27 27 28 28 30 33 38 64 169 238 250 247 248 247 245 245 244 241 236 228 223 215 206 198 193 188 184 184 181 180 179 177 170 152 121 96 74 
0 0 0 0 0 0 0 0 0 0 0 0 0 0 0 0 0 0 0 0 0 0 1 0 0 1 1 1 2 2 9 68 162 191 115 50 42 37 30 30 26 28 26 26 26 28 28 29 30 31 33 34 38 66 173 242 249 247 244 238 236 230 216 205 193 181 171 159 148 139 122 120 115 111 108 107 106 104 104 92 67 55 47 
0 0 0 0 0 0 0 0 0 0 0 0 0 0 0 0 0 0 0 0 0 0 1 1 1 1 1 1 2 2 10 77 173 199 115 53 45 42 30 31 26 28 28 26 28 28 29 30 32 30 38 36 29 57 151 210 227 217 206 202 188 170 151 135 124 115 97 87 79 71 63 60 54 53 54 54 58 60 59 56 52 50 47 
0 0 0 0 0 0 0 0 0 0 0 0 0 0 0 0 0 0 0 0 0 0 1 1 1 1 1 1 2 2 9 75 148 208 212 192 156 110 60 38 34 30 29 30 29 29 30 31 35 21 32 38 32 57 113 155 150 157 134 127 115 90 65 66 65 66 59 49 51 52 58 54 52 52 51 51 52 52 52 52 52 52 52 
0 0 0 0 0 0 0 0 0 0 0 0 0 0 0 0 0 0 0 0 0 0 1 1 1 1 2 1 2 2 7 58 141 217 231 233 208 156 85 48 45 36 33 36 33 31 31 36 50 43 58 73 68 94 136 146 127 115 88 77 73 68 85 84 81 78 70 66 67 78 89 81 84 85 84 85 86 87 88 88 88 90 86 
0 0 0 0 0 0 0 0 0 0 0 0 0 0 0 0 0 0 0 0 0 0 1 1 1 2 3 2 2 2 10 67 143 221 227 228 215 173 95 52 47 42 38 42 38 37 44 81 118 128 150 158 156 174 201 196 185 149 104 91 94 97 148 137 136 132 111 115 125 137 151 151 158 164 166 166 170 171 170 169 172 174 163 
0 0 0 0 0 0 0 0 0 0 0 0 0 0 0 0 0 0 0 0 0 0 1 1 1 2 3 2 2 2 30 81 163 236 224 229 224 181 100 56 47 44 43 45 40 47 90 165 209 216 224 227 237 250 250 243 235 204 167 151 146 156 202 194 192 188 180 185 191 199 208 216 226 233 235 234 237 236 235 234 236 236 229 
0 0 0 0 0 0 0 0 0 0 0 0 0 0 0 0 0 0 0 0 0 0 1 1 1 2 5 2 3 11 58 153 210 243 241 246 237 184 101 57 46 44 43 43 45 68 145 219 253 253 253 252 252 252 248 241 230 231 234 227 213 214 226 226 224 224 226 226 227 229 231 235 238 241 241 243 243 244 243 244 245 247 245 
0 0 0 0 0 0 0 0 0 0 0 0 0 0 0 0 0 0 0 0 0 0 1 1 1 2 5 2 8 32 94 184 237 253 248 247 238 185 99 52 45 44 43 40 49 84 184 240 253 251 253 249 240 244 248 247 241 241 243 244 243 242 244 247 248 245 243 242 244 245 245 245 245 245 248 248 249 249 248 248 249 249 247 
0 0 0 0 0 0 0 0 0 0 0 0 0 0 0 0 0 0 0 0 0 0 0 0 0 2 4 3 11 30 127 212 251 248 247 245 219 150 81 50 45 43 44 45 57 96 206 251 253 252 252 248 249 252 249 248 249 249 247 248 247 247 248 248 249 248 247 247 248 248 249 250 249 249 249 248 249 249 249 249 249 249 248 
1 1 1 1 1 0 0 0 0 0 0 0 0 0 1 1 1 1 1 1 0 0 1 1 0 2 4 5 11 36 139 231 252 243 249 248 193 103 59 47 44 42 43 47 60 111 209 249 252 252 251 244 250 252 250 249 251 251 251 250 250 250 250 250 251 251 250 251 250 251 250 251 251 251 251 250 250 250 250 250 250 249 249 
1 1 1 1 1 0 0 0 0 0 0 0 0 0 0 0 1 1 1 1 0 1 1 1 1 2 3 8 17 68 210 240 252 252 251 235 152 71 51 49 45 43 44 48 49 88 209 247 251 251 249 244 250 252 250 250 251 251 251 251 250 250 250 250 250 251 251 250 250 251 250 250 250 250 250 250 250 250 250 249 249 249 249 
1 1 1 1 1 0 0 0 0 0 0 0 0 0 0 0 1 1 1 1 0 1 1 1 1 2 3 18 28 107 217 243 252 252 251 221 132 57 52 52 47 44 45 50 49 81 207 250 252 250 250 247 251 252 250 250 250 251 251 251 250 250 250 249 250 250 250 249 249 250 249 250 250 250 250 250 250 250 249 249 249 249 249 
1 1 1 1 1 0 0 0 0 0 0 0 0 0 0 0 0 0 1 1 1 1 1 1 2 3 3 16 51 142 234 248 251 249 251 201 120 64 61 56 51 47 47 51 50 76 193 251 252 250 250 250 251 251 251 251 250 251 252 251 250 250 250 249 249 249 249 248 248 249 249 250 250 250 249 250 250 250 249 249 249 249 249 
1 1 1 1 1 0 0 0 0 0 0 0 0 0 0 0 0 0 1 1 1 1 1 1 2 4 5 19 72 173 243 250 251 245 226 169 100 65 71 60 53 48 47 51 52 71 167 238 250 250 250 250 251 251 251 251 251 251 251 251 251 251 250 250 249 249 249 248 248 249 249 250 250 250 250 250 250 250 249 249 249 249 249 
1 1 1 1 1 0 0 0 0 0 0 0 0 0 0 0 1 1 1 1 1 1 1 1 1 4 10 29 90 199 249 251 251 244 203 146 83 65 65 53 52 49 47 52 55 59 138 217 250 248 248 249 250 250 250 250 251 251 251 251 251 251 250 250 249 249 249 248 248 249 249 249 249 249 249 249 249 250 249 249 249 249 249 
1 1 1 1 1 0 0 0 0 0 0 0 0 0 0 0 1 1 1 1 1 1 1 1 1 5 12 36 123 223 251 251 251 244 194 124 73 64 57 50 50 47 47 52 57 60 108 199 246 246 248 249 250 250 250 250 251 251 251 251 250 250 249 249 249 249 249 248 248 249 249 249 249 249 249 249 249 250 249 249 249 249 249 
1 1 1 1 1 0 0 0 0 0 0 0 0 0 0 0 1 1 1 1 1 1 1 1 1 5 11 36 136 234 252 251 251 243 179 104 67 58 49 45 45 44 45 50 55 52 91 178 241 249 249 250 250 250 251 251 251 251 251 250 250 250 249 250 250 249 249 249 248 249 249 249 249 249 249 249 249 250 250 250 250 250 250 
1 1 1 1 1 0 0 0 0 0 0 0 0 0 0 0 1 1 1 1 1 1 1 1 2 4 9 29 132 236 252 250 251 235 146 79 47 44 44 42 43 43 44 45 50 47 72 153 234 251 249 250 250 250 250 251 251 251 251 250 250 250 250 250 250 249 249 249 248 249 249 249 249 249 249 249 249 250 250 250 250 250 250 
1 1 1 1 1 0 0 0 0 0 0 0 0 0 0 0 1 1 1 1 1 1 2 2 4 5 10 46 150 237 252 251 252 216 130 66 36 38 40 40 41 43 43 43 44 43 59 131 222 250 248 250 250 249 249 251 251 251 250 250 250 250 249 249 249 249 249 249 248 248 249 249 249 249 249 249 249 249 250 249 249 249 249 
1 1 1 1 1 0 0 0 0 0 0 0 0 0 0 0 1 1 1 2 2 2 2 3 5 5 12 61 163 237 251 251 251 221 147 75 32 35 41 39 39 39 39 40 42 38 47 112 205 242 248 250 249 248 248 250 251 250 250 249 248 248 247 248 249 249 249 249 248 248 249 249 249 249 249 249 249 249 249 249 250 249 249 
1 1 1 1 1 0 0 0 0 0 0 0 0 0 0 0 1 1 2 2 2 2 4 5 5 5 16 68 172 240 250 249 251 234 176 98 43 36 43 40 39 36 35 37 39 39 39 86 179 235 247 250 249 249 249 250 250 250 250 250 249 248 247 248 249 249 249 249 248 248 249 249 249 249 249 249 249 249 249 249 249 249 249 
1 1 1 1 1 0 0 0 0 0 0 0 0 0 0 0 1 1 2 2 2 2 4 4 6 9 23 81 184 243 250 250 251 242 193 118 52 39 43 42 38 35 33 32 38 39 37 66 158 231 245 249 250 250 249 250 250 250 250 250 249 249 248 249 249 249 249 249 248 248 249 249 249 249 249 249 249 249 249 249 249 249 249 
1 1 1 1 1 0 0 0 0 0 0 0 0 0 0 0 1 1 2 2 2 2 3 3 9 10 25 93 203 250 250 250 251 245 204 133 64 43 44 41 38 36 35 33 40 44 41 64 131 212 246 250 250 251 251 251 250 250 250 250 249 249 248 249 249 249 249 249 248 248 249 249 249 249 249 249 249 249 249 249 249 249 249 
1 1 1 1 1 0 0 0 0 0 0 0 0 0 0 0 1 1 2 2 2 2 4 5 10 11 26 108 217 252 250 251 251 249 225 159 82 53 52 44 40 39 39 39 47 53 53 64 96 178 238 250 250 251 251 251 250 250 250 250 249 249 248 249 249 249 249 249 248 248 249 249 249 249 249 249 249 249 249 248 248 247 244 
1 1 1 1 1 0 0 0 0 0 0 0 1 1 0 0 1 1 1 1 1 2 4 6 10 13 33 121 214 251 250 252 250 248 232 173 89 67 72 58 53 52 50 50 56 59 64 72 87 143 216 247 250 250 251 250 250 250 251 250 249 249 248 249 249 249 249 249 248 249 249 249 249 249 249 249 249 249 249 248 247 242 238 
1 1 1 1 1 0 0 0 0 0 0 0 1 1 0 0 1 1 1 1 1 1 3 6 10 15 41 122 212 253 250 253 251 247 216 153 99 85 78 69 66 61 61 63 64 65 68 82 91 121 180 226 248 253 250 250 250 250 251 250 250 250 249 249 249 250 250 250 249 249 249 249 249 249 249 249 249 249 249 248 247 244 242 
1 1 1 1 1 0 0 0 0 0 0 0 0 0 0 0 1 1 1 1 2 3 4 6 9 18 57 157 229 253 249 253 249 241 199 136 89 74 78 69 61 65 64 66 66 66 73 82 94 110 149 207 247 254 250 250 249 249 250 250 250 249 249 249 249 250 250 250 249 250 250 250 250 250 250 249 249 249 249 248 248 245 245 
1 1 1 1 1 0 0 0 0 0 0 0 0 0 0 0 1 1 1 1 2 3 4 5 6 20 63 167 243 253 248 250 243 223 158 102 74 60 72 65 58 65 63 56 53 61 69 81 89 94 122 182 222 237 249 249 247 248 248 248 248 249 249 249 249 250 250 250 249 250 250 250 250 250 250 249 249 249 249 248 249 249 249 
1 1 1 1 1 0 0 0 0 0 0 0 0 0 0 0 1 1 1 1 3 3 4 4 3 19 67 165 250 253 252 251 237 207 138 87 70 60 58 44 38 44 42 39 37 50 60 71 82 100 136 179 216 243 249 247 248 248 248 248 249 249 249 249 250 250 250 250 250 250 250 250 250 250 250 249 249 249 249 248 248 248 248 
1 1 1 1 1 0 0 0 0 0 0 0 0 0 0 0 1 1 1 1 3 4 4 5 1 15 74 174 250 253 252 252 247 226 171 137 117 86 50 25 26 37 32 28 26 42 61 96 130 163 199 221 242 252 253 250 250 249 249 250 250 250 250 251 251 250 250 250 250 250 250 250 250 250 250 249 249 249 249 248 248 248 248 
1 1 1 1 1 0 0 0 0 0 0 0 0 0 0 0 1 1 2 2 2 3 5 6 8 22 68 175 251 254 253 253 253 251 229 220 198 143 77 42 37 45 40 32 28 43 75 139 193 221 235 245 245 244 252 250 241 242 248 252 252 252 251 251 251 250 250 250 250 249 249 250 250 250 250 249 249 249 249 248 248 248 248 
1 1 1 1 1 0 0 0 0 0 0 0 0 0 0 0 1 1 2 2 1 1 4 6 10 16 51 138 196 207 224 233 245 245 253 254 236 202 125 73 54 43 43 45 45 52 82 128 167 185 185 199 207 207 210 214 207 224 240 249 251 252 252 251 250 249 249 249 249 250 249 249 250 250 250 249 249 249 248 248 248 248 248 
1 1 1 1 1 0 0 0 0 0 0 0 0 0 0 0 1 1 2 2 3 3 3 5 8 9 43 89 102 127 150 173 194 210 222 234 226 216 153 106 85 61 54 57 55 55 68 76 89 101 100 116 127 127 137 138 142 170 193 219 230 245 249 245 245 249 248 248 249 249 249 248 250 250 250 250 249 249 249 248 248 248 249 
0 0 0 0 0 0 0 0 0 0 0 0 0 0 1 1 1 1 2 2 2 3 3 5 7 14 38 66 63 82 93 93 102 121 138 187 210 234 214 180 131 97 80 60 50 55 55 48 52 54 52 59 64 67 72 72 81 93 125 165 196 223 232 239 245 250 250 245 245 249 244 247 248 250 250 250 249 249 248 248 248 249 249 
0 0 0 0 0 0 1 1 1 1 1 1 1 1 1 1 1 1 1 1 0 0 2 3 8 18 38 58 68 68 69 68 67 74 92 125 146 192 202 200 173 143 100 70 57 54 54 54 54 56 56 56 57 56 57 57 60 66 78 94 130 157 177 210 231 238 243 238 239 248 248 249 250 249 249 249 249 249 250 250 251 251 251 
0 0 0 0 0 0 1 1 1 1 1 1 1 1 1 1 1 1 1 1 2 1 3 1 8 30 60 77 82 83 80 75 68 66 70 80 92 115 135 144 132 112 85 65 60 59 60 60 60 59 59 59 59 60 63 61 60 60 63 70 81 101 115 136 156 178 184 193 208 224 242 244 248 250 249 249 249 249 249 249 251 251 247 
0 0 0 0 0 0 1 1 1 1 1 1 1 1 1 1 1 1 1 1 1 2 4 0 7 54 110 137 138 133 123 113 103 94 88 78 74 71 76 85 80 80 72 65 64 65 65 65 64 63 61 61 63 64 65 65 64 63 60 60 61 63 67 74 84 96 100 110 129 153 179 188 202 214 224 235 237 240 240 241 242 243 233 
0 0 0 0 0 0 1 1 1 1 1 1 1 1 1 1 1 1 1 1 1 4 5 1 29 107 179 215 214 206 196 186 178 165 153 135 125 107 93 86 77 81 78 78 80 78 77 74 72 72 71 70 70 71 71 68 68 66 64 66 66 63 61 63 65 70 70 74 85 103 121 137 159 175 194 211 223 231 234 236 240 240 231 
0 0 0 0 0 0 1 1 1 1 1 1 1 1 1 1 1 2 2 2 4 11 8 3 56 150 223 251 251 245 240 237 231 223 217 202 192 172 157 149 139 137 133 138 137 132 123 116 113 108 108 105 103 102 100 96 96 90 88 88 87 86 78 78 75 79 82 86 92 101 114 128 150 170 191 210 226 236 241 243 245 243 238 
0 0 0 0 0 0 1 1 1 1 1 1 1 1 1 1 1 1 1 2 4 11 12 14 63 163 237 252 251 250 249 248 245 243 242 237 230 223 219 217 215 214 213 213 212 207 196 189 185 177 178 178 175 172 169 165 159 160 158 154 149 147 135 134 132 132 135 136 139 145 156 167 182 198 213 228 240 245 247 247 248 245 241 
0 0 0 0 0 0 1 1 1 1 1 1 1 1 1 1 1 1 2 3 6 8 5 19 84 186 243 249 249 249 249 248 247 247 247 245 243 242 244 248 251 252 251 249 245 243 244 242 241 234 233 235 236 236 236 230 223 226 228 230 229 224 219 216 215 213 213 212 214 214 216 221 227 229 235 242 244 248 249 249 249 249 249 
0 0 0 0 0 0 1 1 1 1 1 1 1 1 1 1 1 1 2 3 6 6 0 26 130 217 248 249 249 249 249 249 249 249 249 249 248 247 247 249 251 253 253 252 249 249 249 249 249 249 248 248 248 248 250 247 245 247 247 249 250 249 252 252 249 249 247 247 247 247 247 246 247 245 248 247 248 249 249 249 250 249 249 
0 0 0 0 0 0 1 1 1 1 1 1 1 1 1 1 1 1 1 2 5 6 8 64 167 235 250 250 249 250 249 249 249 249 249 250 251 250 249 250 249 249 250 250 250 250 249 250 250 250 248 245 245 248 247 247 249 249 248 248 248 248 248 248 250 250 249 249 249 245 247 247 247 247 249 249 249 248 249 249 249 249 248 
0 0 0 0 0 0 1 1 1 1 1 1 1 1 1 1 1 1 1 0 2 8 23 89 184 240 250 250 250 251 250 250 250 250 250 249 250 250 249 249 249 249 250 249 249 249 250 250 250 250 249 249 250 250 249 250 249 249 250 250 249 249 248 248 250 249 249 249 249 249 248 248 247 247 249 249 249 249 249 249 249 248 248 
0 0 0 0 0 0 1 1 1 1 1 1 1 1 1 1 1 1 1 1 2 7 36 116 208 245 250 252 251 251 251 251 251 250 250 249 250 250 250 250 250 250 250 250 250 249 249 249 249 249 250 251 250 250 250 249 249 250 251 251 249 247 248 249 250 249 248 248 249 250 250 249 249 250 250 250 250 249 249 249 248 248 248 
0 0 0 0 0 0 1 1 1 1 1 1 1 1 1 1 1 2 3 5 3 4 43 137 228 253 251 252 251 250 251 251 251 251 250 250 250 249 250 250 250 249 249 249 249 249 249 249 249 249 249 249 250 249 249 249 250 251 249 247 240 235 240 248 251 250 248 247 250 249 249 249 249 250 250 250 250 249 249 248 249 249 248 
0 0 0 0 0 0 1 1 1 1 1 1 1 1 1 1 1 2 5 8 9 14 57 154 226 250 251 252 250 250 249 250 251 251 250 250 250 249 249 249 249 249 249 249 249 249 249 249 249 249 249 249 249 249 248 247 247 244 243 240 230 227 233 245 249 249 248 248 251 249 248 248 248 248 249 249 249 248 247 249 249 248 248 
0 0 0 0 0 0 1 1 1 1 1 1 1 1 1 1 1 2 5 7 8 17 73 176 226 250 249 250 249 250 249 249 250 250 249 249 249 249 249 249 249 249 249 249 249 250 249 250 250 249 249 249 249 248 247 244 243 244 245 242 237 234 236 244 247 247 245 245 249 248 247 247 247 245 245 247 247 245 245 247 248 248 248 
1 0 0 0 0 0 1 1 1 1 1 1 1 1 1 1 1 2 4 5 5 17 80 185 234 254 248 249 249 249 249 249 249 249 249 249 249 249 249 249 249 249 250 249 249 250 249 250 250 249 249 249 249 249 249 248 247 248 249 248 247 247 247 247 248 248 247 247 248 247 245 245 247 245 247 248 248 248 248 248 248 248 248 
1 0 0 0 0 0 1 1 1 1 1 1 1 1 1 1 1 2 3 4 3 16 71 164 230 248 247 249 249 249 249 249 248 249 249 249 249 249 249 249 249 249 249 249 249 249 249 250 249 249 249 249 249 250 250 250 250 251 249 248 248 249 249 249 248 247 248 249 249 249 249 249 249 249 249 249 249 249 249 250 249 248 248 
1 0 0 0 0 0 1 1 1 1 1 1 1 1 1 1 1 1 2 4 2 12 58 150 228 251 247 249 249 250 249 249 248 248 248 249 249 249 249 249 249 249 249 248 249 249 249 249 249 249 249 249 249 250 250 250 251 251 250 249 249 249 249 249 249 249 248 249 249 248 248 249 249 249 249 250 249 249 249 248 248 248 248 
1 0 0 0 0 0 1 1 1 1 1 1 1 1 1 1 1 1 2 3 3 9 36 110 196 242 248 249 249 249 248 248 248 248 249 249 249 249 249 249 249 249 249 250 249 249 249 249 249 249 249 249 249 249 250 249 250 251 250 250 250 250 249 249 249 249 249 249 249 249 249 249 250 250 250 249 249 249 249 248 248 248 248 
1 0 0 0 0 0 1 1 1 1 1 1 1 1 1 1 1 1 2 2 2 4 20 72 156 224 247 248 248 249 248 248 247 248 249 249 249 250 250 249 249 249 250 250 249 249 249 249 249 249 249 249 249 250 250 249 249 249 250 251 250 250 250 250 250 250 250 250 250 250 250 250 250 250 250 249 249 249 248 248 248 248 248 
1 0 0 0 0 0 1 1 1 1 1 1 1 1 0 0 1 1 2 1 2 5 17 43 110 201 241 248 250 251 251 249 248 248 249 249 249 250 250 250 249 249 249 249 249 249 249 249 249 249 249 249 249 250 250 249 249 249 250 251 250 250 250 250 250 250 250 250 250 250 250 250 250 249 249 249 248 248 248 249 248 248 248 
1 0 0 0 0 0 1 1 1 1 1 1 1 1 0 0 1 1 1 1 1 8 11 24 101 207 247 249 249 249 249 249 249 249 249 249 249 250 249 249 249 248 248 249 249 249 249 249 249 249 249 249 249 249 249 248 248 249 250 251 250 250 249 249 249 249 249 249 249 250 250 250 250 250 250 250 250 249 249 249 249 248 248 
1 0 0 0 0 0 1 1 1 1 1 1 1 1 0 0 1 1 1 0 1 8 9 19 108 213 251 251 249 249 249 249 249 249 249 249 249 248 248 247 247 245 247 247 248 248 248 248 248 248 249 248 249 249 248 248 249 249 250 249 249 250 249 249 249 249 249 249 249 249 249 249 249 250 250 250 250 249 249 249 248 248 248 
1 1 1 1 1 1 1 1 1 1 1 1 1 1 0 0 1 2 1 1 2 8 9 25 113 206 250 253 249 249 248 248 248 249 249 249 249 248 247 245 244 244 247 247 248 248 247 248 247 247 248 247 248 249 248 248 248 245 244 241 245 248 249 249 249 249 249 249 249 249 249 249 249 249 249 250 250 249 247 247 247 249 248 
1 1 1 1 1 1 1 1 1 1 1 1 1 1 0 0 1 1 2 1 3 8 10 36 134 219 252 252 249 249 247 248 248 249 249 249 249 248 247 244 243 244 247 248 249 248 247 248 247 247 247 247 248 248 248 248 245 244 238 240 244 245 247 247 247 247 247 247 247 247 247 247 247 245 245 247 245 245 244 244 243 241 243 
1 1 1 1 1 1 1 1 1 1 1 1 1 1 0 0 1 1 1 1 1 7 10 26 107 205 249 249 247 245 247 247 248 248 249 249 248 248 245 244 241 243 247 248 249 248 247 247 247 244 245 247 248 249 248 248 247 242 243 244 243 244 245 245 245 245 244 244 243 241 241 238 240 238 238 242 242 243 244 244 241 235 240 
1 1 1 1 1 1 1 1 1 1 1 1 1 1 0 0 1 1 1 1 2 8 9 22 100 203 249 248 245 245 247 247 247 249 249 249 248 248 245 243 241 244 248 248 249 249 248 248 245 242 244 247 248 248 248 249 248 238 229 233 242 244 243 244 245 245 243 241 238 237 236 240 241 240 241 244 243 243 244 243 241 237 241 
1 1 1 1 1 1 1 1 1 1 1 1 1 1 0 0 1 2 2 2 4 9 5 17 93 195 245 247 247 247 247 247 247 249 249 249 248 249 247 244 243 245 249 249 249 250 249 249 244 241 243 247 248 248 249 249 245 235 223 227 240 244 244 244 245 247 245 238 235 237 240 241 242 241 240 237 227 227 228 234 240 241 243 
1 1 1 1 1 1 1 1 1 1 1 1 1 1 0 0 1 2 2 2 5 11 5 17 88 189 244 248 248 247 248 248 248 249 249 249 248 249 248 248 248 247 248 249 249 250 250 251 249 244 244 247 248 247 247 247 247 243 237 238 243 247 247 247 247 248 248 240 235 238 244 243 238 234 230 227 215 213 215 223 233 233 233 
1 1 1 1 1 1 1 1 1 1 1 1 1 1 1 1 1 2 3 3 5 11 9 19 84 181 242 249 248 247 248 248 248 249 249 249 248 248 247 249 250 248 249 249 249 249 250 250 249 248 248 245 247 248 248 249 249 249 249 249 249 249 249 249 248 248 248 244 242 244 248 247 242 238 236 234 234 234 234 234 235 233 230 
1 1 1 1 1 1 1 1 1 1 1 1 1 1 1 1 1 2 3 3 5 11 10 17 74 172 240 249 248 248 248 248 248 250 249 249 247 248 247 250 249 248 244 243 247 248 249 251 249 248 248 247 247 249 248 248 249 249 249 249 249 249 249 249 249 248 249 250 248 248 248 248 248 247 248 248 248 250 249 248 247 247 244 
1 1 1 1 1 1 1 1 1 1 1 1 1 1 2 1 1 2 3 2 4 11 8 15 78 180 242 248 249 249 249 249 249 250 251 249 248 248 249 249 249 248 244 244 247 249 248 249 249 247 247 247 248 249 248 248 249 248 245 245 247 248 248 249 248 249 250 250 249 249 249 249 250 249 249 249 248 247 247 249 250 250 251 
1 1 1 1 1 1 1 1 1 1 1 1 1 2 2 2 2 2 3 3 4 12 14 22 89 193 244 249 250 250 249 249 248 249 251 249 245 244 243 247 247 247 244 245 248 248 248 248 248 247 247 248 249 249 249 248 250 249 249 249 249 248 249 249 249 249 249 251 250 249 249 249 250 249 250 249 245 244 245 248 249 248 247 
1 1 1 1 1 1 1 1 1 1 1 1 1 2 2 2 2 2 2 3 5 6 10 26 88 181 238 248 249 250 249 248 247 249 247 248 245 243 242 242 245 245 244 247 248 249 248 248 247 247 247 247 248 249 248 248 247 247 244 244 247 248 249 249 249 249 249 250 250 248 248 249 249 248 249 249 249 248 249 249 249 247 247 
1 1 1 1 1 1 1 1 1 1 1 1 1 2 2 2 2 2 2 3 8 5 3 37 137 221 247 248 248 248 248 247 248 248 247 247 244 242 240 241 245 247 245 245 247 248 247 247 247 245 245 247 247 247 247 247 238 224 210 213 229 241 249 251 249 249 249 248 249 249 248 249 249 249 250 250 249 250 250 250 250 249 249 
1 1 1 1 1 1 1 1 1 1 1 1 1 1 2 2 2 2 2 4 5 4 14 74 176 239 248 247 247 247 247 247 247 248 247 248 247 245 244 245 245 248 247 245 245 247 245 245 245 244 245 247 247 245 247 248 237 214 191 189 212 235 248 249 249 249 249 249 249 249 249 249 249 249 249 250 249 248 245 241 239 239 239 
1 1 1 1 1 1 1 1 1 1 1 1 1 2 2 1 1 0 3 6 7 8 38 122 208 245 248 248 247 247 247 245 245 247 249 249 249 248 248 249 250 250 248 247 245 245 245 244 244 244 244 244 245 247 247 245 244 231 217 213 224 240 249 249 250 249 249 251 251 249 249 249 249 249 249 249 249 245 238 226 218 220 227 
1 1 1 1 1 1 1 1 1 1 1 1 1 2 1 1 1 0 4 12 12 19 73 162 226 246 249 248 249 249 247 247 247 247 249 251 250 249 248 249 249 248 247 245 245 245 245 244 243 243 243 240 240 244 247 247 248 248 247 244 245 248 248 249 250 250 249 251 251 250 249 248 248 249 248 248 248 247 241 231 222 224 236 
1 1 1 1 1 1 1 1 1 1 1 1 1 1 1 1 2 3 6 18 22 46 115 196 238 248 249 248 249 249 249 249 248 249 248 249 248 248 247 248 248 247 247 245 245 244 245 244 244 244 242 242 243 244 245 247 249 249 247 247 248 249 249 249 250 249 249 251 251 251 250 249 249 249 249 249 248 248 247 247 245 247 248 
1 1 1 1 1 1 1 1 1 1 1 1 1 1 1 2 3 5 8 12 28 80 165 238 249 248 249 248 249 249 250 249 248 248 248 248 247 247 247 248 248 247 247 247 247 247 247 245 245 245 247 244 245 248 248 248 248 248 247 248 247 248 249 249 249 249 249 249 250 250 249 249 249 249 250 249 248 248 248 249 249 249 249 
1 1 1 1 1 1 1 1 1 1 1 1 1 2 2 4 5 9 10 8 42 136 219 248 250 249 249 249 249 249 249 249 248 249 248 249 248 248 247 247 247 248 248 248 248 248 248 248 247 248 247 245 245 247 247 247 248 247 248 249 248 248 249 249 249 249 249 249 250 250 249 249 249 249 250 250 248 248 247 247 247 248 249 
2 2 2 2 2 1 0 0 1 1 1 1 1 2 1 3 5 10 12 22 73 174 236 248 250 248 249 248 249 249 248 248 249 249 249 249 249 249 248 248 248 248 248 248 248 248 248 248 248 248 248 247 245 247 247 247 247 247 247 247 248 248 249 249 249 249 248 249 249 249 248 249 249 249 251 250 248 247 247 248 249 249 249 
2 2 2 2 2 1 0 0 1 1 1 1 1 2 2 4 7 10 16 37 111 208 243 249 250 249 249 248 248 248 247 248 249 249 249 249 249 249 248 248 248 248 248 248 248 248 248 248 249 248 247 245 244 242 236 236 240 242 245 247 249 249 249 249 249 249 249 249 248 248 248 249 249 249 251 250 249 248 248 248 248 247 247 
2 2 2 2 2 1 0 0 1 1 1 2 2 3 4 8 9 9 21 66 151 231 247 249 251 249 249 249 248 248 248 248 249 249 249 249 249 249 248 248 248 248 248 248 248 248 249 249 250 249 247 245 242 235 226 229 234 238 244 247 249 249 250 250 249 249 249 249 249 249 249 249 250 250 251 251 250 249 247 245 244 245 244 
2 2 2 2 2 1 0 0 1 1 1 2 2 3 4 8 9 5 30 99 184 241 247 249 250 248 249 249 248 248 248 247 247 248 249 249 249 249 249 248 248 249 249 247 247 247 247 247 248 248 245 244 241 237 235 236 241 243 247 248 249 250 250 249 249 249 249 249 248 248 249 249 250 249 250 251 249 247 247 245 247 248 248 
1 1 1 1 1 0 0 0 1 1 1 2 2 3 5 8 8 4 37 109 187 246 248 248 248 248 249 249 248 247 247 245 245 247 248 247 247 248 247 247 245 247 245 243 243 243 243 243 243 244 244 243 243 242 242 243 245 244 243 243 243 243 243 243 243 242 243 243 242 242 242 242 243 243 243 243 241 240 240 241 242 245 248 
1 1 1 1 1 0 0 0 1 1 1 2 2 4 5 8 8 9 63 150 214 247 247 248 248 248 248 248 247 247 245 245 245 247 247 245 245 245 245 243 242 241 241 238 238 240 240 241 242 244 242 241 241 243 243 244 245 243 241 240 238 240 238 238 238 238 238 238 238 238 238 238 240 240 241 241 237 236 236 237 237 238 241 
1 1 1 1 1 0 0 0 1 1 2 2 3 4 5 6 10 25 97 192 243 248 245 248 248 249 248 248 248 248 247 248 248 248 247 248 248 248 247 245 243 241 242 241 242 242 243 244 245 247 244 244 243 245 247 247 247 247 245 244 242 242 242 242 243 243 243 243 243 242 242 244 244 244 247 247 245 243 241 241 241 238 240 
1 1 1 1 1 0 0 0 1 1 2 2 3 4 5 8 15 51 143 228 250 247 245 249 248 249 249 248 248 248 248 249 251 249 248 249 249 249 248 247 247 247 247 248 248 247 248 248 248 248 249 249 249 249 249 248 249 248 250 250 247 247 248 248 248 248 248 248 248 247 247 247 247 247 248 249 249 248 247 245 247 248 247 
0 0 0 0 0 1 1 1 1 1 2 3 3 4 3 8 25 89 184 246 248 246 248 249 248 248 249 248 248 248 248 248 249 248 248 249 249 249 248 248 249 249 249 249 249 249 249 249 249 249 249 249 250 250 249 249 249 249 250 250 249 249 249 250 249 249 248 248 248 248 249 248 248 249 248 248 249 249 249 247 247 247 245 
0 0 0 0 0 1 2 2 1 1 2 3 3 4 3 11 44 128 212 248 247 246 249 249 249 248 249 247 247 247 248 248 248 248 249 249 249 249 248 248 249 249 249 249 249 249 249 249 249 249 249 249 249 249 249 249 249 249 249 249 249 249 250 250 249 249 249 249 249 249 249 249 249 249 249 249 249 249 249 248 244 242 240 
0 0 0 0 0 1 2 2 1 1 2 3 3 5 9 16 68 163 230 248 248 247 250 250 249 249 249 248 248 248 248 248 249 249 249 249 249 249 249 249 249 249 249 247 248 248 248 249 247 247 247 247 248 248 248 249 249 249 249 249 250 250 250 250 250 250 250 250 250 250 249 249 249 250 250 251 251 250 249 248 245 243 240 
0 0 0 0 0 1 2 2 1 1 1 2 4 5 9 29 96 193 244 248 248 249 250 250 249 249 249 249 249 249 248 249 249 249 249 249 249 249 249 249 249 249 248 247 247 247 248 248 247 247 247 247 248 248 248 249 249 249 249 249 250 250 249 249 249 249 249 249 249 249 249 249 249 249 249 249 248 248 248 249 249 248 243 
0 0 0 0 0 1 2 1 1 1 2 2 4 8 8 47 135 221 252 250 250 250 249 249 249 249 249 249 249 249 249 249 249 249 249 250 249 249 249 249 249 249 249 248 248 248 249 249 249 249 249 249 249 249 249 249 249 249 249 249 249 250 249 249 249 249 249 249 249 249 249 249 249 249 248 247 245 245 245 249 249 249 248 
0 0 0 0 0 1 2 2 1 1 2 3 6 11 19 84 181 235 250 249 250 250 249 249 249 249 249 249 249 249 248 249 249 250 250 250 249 249 249 249 249 249 249 249 249 249 249 249 249 249 249 249 249 249 249 249 249 249 249 249 249 249 249 249 249 249 249 249 249 249 249 249 249 249 248 247 247 247 248 249 249 248 249 
0 0 1 1 1 2 2 2 1 1 3 4 5 18 34 114 214 244 249 249 250 250 249 249 249 249 250 250 249 249 248 249 249 249 249 249 249 249 249 249 249 249 249 249 249 249 249 249 249 249 249 249 249 249 249 249 248 249 249 249 249 249 249 249 249 249 249 249 249 249 249 249 249 249 248 249 250 249 249 249 249 249 249 
0 0 1 1 1 2 2 2 2 2 5 5 8 26 70 173 245 252 249 249 250 249 249 249 249 249 250 250 250 249 248 249 249 249 249 249 249 249 249 249 250 249 250 250 249 250 249 249 249 249 249 249 249 249 249 249 248 249 249 249 249 250 249 249 249 249 249 249 249 249 249 249 249 249 249 250 250 250 250 249 249 250 250 
1 1 1 1 1 2 2 3 3 3 5 5 10 51 153 227 249 249 250 250 250 249 250 249 248 249 251 251 250 249 248 248 248 249 249 249 249 249 249 250 250 250 250 250 250 250 250 249 249 249 249 249 249 249 249 249 249 250 250 250 249 249 249 249 249 249 249 249 249 249 249 249 249 249 248 249 250 250 250 249 249 249 249 
1 1 1 1 1 2 2 3 3 3 6 8 18 73 178 236 248 248 250 250 250 249 249 247 247 248 251 251 250 248 245 247 248 248 248 248 248 249 249 249 250 250 250 250 250 250 250 249 249 249 249 249 249 249 249 249 249 250 250 250 249 249 249 248 248 248 248 248 248 248 248 248 248 248 249 249 249 250 250 249 249 249 249 
1 1 1 1 2 2 1 2 4 4 8 10 24 88 221 248 250 248 250 250 251 250 249 245 240 231 224 223 236 242 244 245 248 247 247 247 248 249 249 249 250 250 250 250 250 250 250 249 249 249 249 249 249 249 249 249 249 249 249 249 249 249 249 248 248 248 248 248 248 248 248 248 248 248 249 249 250 250 250 250 249 249 249 
1 1 1 1 1 2 1 2 4 6 9 14 33 108 245 250 250 248 249 249 250 250 248 244 238 228 208 202 222 236 241 243 247 247 245 248 249 249 249 250 250 250 250 250 250 250 250 250 250 249 249 249 249 249 249 249 249 249 249 249 249 250 249 248 248 248 248 248 248 249 248 248 248 248 248 250 250 251 250 250 249 249 249 
1 1 1 1 1 1 1 2 4 4 9 16 53 135 245 250 249 247 250 250 250 250 249 249 249 247 234 226 229 237 238 243 247 247 248 249 248 248 249 249 249 249 249 249 249 249 249 249 249 249 249 249 249 249 249 249 249 249 249 248 248 248 247 247 245 247 247 245 247 247 247 247 247 247 247 249 248 249 248 248 248 248 248 
1 1 1 1 1 1 1 2 4 1 10 21 72 167 249 250 249 248 250 249 250 251 249 249 249 249 250 249 247 245 244 247 249 249 250 250 248 249 249 249 249 249 250 249 248 248 247 248 249 249 249 250 250 250 250 250 249 249 249 249 249 249 249 249 249 250 251 250 250 247 247 247 247 247 248 248 248 248 248 248 248 248 248 
1 1 1 1 1 1 2 3 3 4 12 24 87 199 250 250 249 248 249 249 250 250 250 249 245 243 248 249 250 252 251 251 250 250 250 249 249 249 250 251 251 251 249 249 249 249 249 249 249 249 250 250 251 251 251 251 251 251 251 251 252 252 252 252 252 252 252 252 252 252 252 252 250 250 249 248 249 249 251 251 251 251 252 
1 1 1 1 1 1 2 3 3 5 11 29 102 209 252 249 249 248 250 249 250 250 251 251 250 249 248 248 245 241 240 242 241 240 242 235 229 227 226 223 220 220 220 220 221 221 223 223 224 225 224 222 221 220 220 221 221 222 223 223 224 223 216 209 208 210 214 217 222 227 229 230 231 233 231 231 230 229 230 230 232 234 235 
1 1 2 2 2 2 3 2 3 6 11 51 137 227 250 248 248 248 248 249 249 248 248 249 247 243 240 230 215 193 194 196 194 196 200 188 173 166 162 152 146 147 146 143 139 142 145 148 151 151 149 148 146 145 144 143 141 142 143 144 146 144 134 125 124 129 137 143 151 156 155 158 162 162 162 159 157 158 157 157 158 157 156 
1 1 2 2 2 3 3 3 5 9 17 67 165 238 249 248 248 247 247 245 243 243 240 235 230 224 219 209 189 170 164 158 153 156 156 146 139 137 135 130 129 126 123 117 110 104 103 104 108 115 118 120 122 122 120 117 116 116 116 117 118 118 118 117 117 117 118 117 116 114 110 114 117 118 116 116 116 116 114 113 110 103 94 
1 1 2 2 2 3 3 2 9 9 21 88 194 247 247 247 248 247 246 244 241 241 237 231 227 222 219 219 212 203 197 187 176 168 169 171 173 178 186 188 188 186 181 178 173 166 158 152 156 168 179 182 182 182 181 180 181 180 180 180 181 182 185 191 191 188 183 170 159 152 153 160 165 166 166 165 165 163 158 156 152 143 130 
1 1 2 2 2 3 4 4 8 11 31 113 216 247 247 247 247 244 245 245 242 241 242 243 241 237 237 241 240 240 240 235 227 216 215 223 229 236 241 241 240 239 237 235 235 234 232 228 229 236 240 241 240 239 238 238 237 237 237 237 236 236 238 240 243 241 238 229 221 220 226 231 230 230 229 228 228 226 224 223 223 220 214 
1 1 2 2 3 4 4 7 9 16 40 130 224 248 247 247 247 245 247 245 244 244 247 251 251 250 248 248 247 246 246 246 247 244 242 245 248 248 247 245 241 240 242 245 247 248 248 248 249 249 250 249 250 250 250 250 248 250 249 248 247 245 244 245 247 247 247 247 247 249 250 249 248 247 244 244 246 246 247 247 248 250 251 
1 1 1 2 2 3 4 8 11 17 53 159 235 248 247 247 248 248 248 247 248 247 249 251 251 251 249 248 246 245 246 246 247 248 248 247 246 246 245 240 230 231 240 243 245 245 247 247 247 247 247 248 249 249 249 248 247 249 249 248 246 244 243 242 241 243 245 247 250 249 248 247 247 246 246 246 247 246 247 247 247 248 249 
1 1 1 1 3 4 5 7 13 20 70 177 244 249 248 247 249 248 249 249 249 249 249 250 250 249 249 248 248 247 248 248 249 250 249 248 248 248 247 243 238 240 244 245 245 247 247 247 247 247 248 248 249 249 249 248 248 249 250 249 248 247 245 244 243 242 243 244 245 247 247 247 247 247 247 247 248 248 247 248 249 250 249 
1 1 1 1 4 5 5 7 15 24 79 180 243 249 249 248 249 249 250 251 251 251 250 250 250 249 249 249 249 248 248 249 250 250 248 248 248 248 247 245 247 249 247 247 247 247 247 247 247 248 249 249 249 250 250 248 248 250 250 249 248 248 248 247 244 243 241 242 242 242 245 245 247 247 247 247 248 249 248 249 250 250 249 
1 1 1 2 3 4 7 8 17 26 77 181 242 248 250 249 250 249 250 251 251 251 250 250 249 248 248 249 249 248 249 249 250 250 249 248 248 248 247 247 248 249 248 247 245 245 245 245 245 248 248 249 249 249 249 249 249 250 250 249 248 248 248 247 245 244 241 241 242 242 244 245 245 247 247 247 248 248 248 248 250 248 249 
1 1 2 2 3 4 7 9 16 25 84 184 243 248 249 249 250 250 250 250 250 250 249 248 248 248 248 248 248 248 249 250 251 250 248 249 249 249 248 247 247 249 249 247 245 244 244 245 245 247 248 248 248 249 250 249 249 249 250 249 248 248 248 247 247 247 247 245 245 244 245 247 247 247 248 248 248 248 248 249 249 248 249 
0 0 2 3 4 5 8 11 17 26 85 184 243 248 249 249 250 249 249 249 249 249 248 245 247 247 248 248 248 249 249 249 251 249 247 249 250 249 249 248 248 250 251 249 244 242 243 244 245 247 248 248 248 248 249 249 250 249 249 249 248 248 248 248 249 249 249 249 249 249 249 247 247 247 249 249 250 248 248 249 249 248 249 
0 0 1 2 3 4 5 9 13 22 80 177 234 248 248 250 249 247 247 245 244 243 241 240 242 245 247 248 248 248 249 249 250 248 247 249 249 249 248 248 249 249 250 250 244 244 245 247 248 248 247 248 248 247 249 249 250 250 249 248 248 248 249 249 249 249 247 247 248 249 249 249 247 247 248 249 249 249 248 249 249 249 249 
0 0 1 2 3 4 5 8 11 17 71 158 215 242 247 248 244 241 242 238 235 234 236 236 238 243 245 247 247 247 247 242 238 235 235 238 243 247 248 248 249 249 250 250 250 248 248 248 248 248 247 248 248 247 245 245 247 247 248 248 248 248 248 248 248 247 247 247 248 249 249 249 248 249 249 249 249 249 249 248 249 249 248 
0 0 1 2 3 4 5 8 11 17 63 146 206 240 244 246 242 240 242 241 238 237 236 237 237 241 245 247 247 247 244 238 232 220 213 223 237 245 248 248 249 249 250 250 250 250 249 248 248 248 248 247 247 244 241 238 237 236 241 246 248 248 247 247 247 248 248 249 249 249 248 249 250 249 249 249 249 249 249 248 248 248 249 
0 0 1 2 3 4 4 8 13 25 74 162 219 244 245 248 249 245 244 244 245 245 245 245 245 247 247 248 248 248 248 245 242 231 223 230 241 245 248 248 249 247 241 240 243 245 244 245 247 248 248 248 247 244 238 237 231 228 235 244 248 249 248 248 245 243 241 242 247 249 249 250 252 251 250 250 249 248 249 249 250 250 249 
0 0 1 2 3 4 4 9 15 29 98 190 240 246 248 248 251 248 244 240 240 245 250 249 249 249 249 249 249 249 249 248 247 245 243 243 246 246 248 248 249 244 231 227 234 240 240 242 247 248 247 248 247 244 243 240 234 228 235 245 248 249 249 247 241 230 220 223 238 248 248 250 250 251 251 250 248 248 249 247 245 244 243 
0 0 1 1 3 3 4 8 12 32 104 199 243 248 247 248 250 249 245 241 238 242 248 249 249 249 249 250 249 249 248 247 247 245 246 248 248 248 248 249 249 243 234 233 237 241 242 243 245 248 248 249 247 247 247 241 233 229 236 246 249 248 248 247 241 231 219 221 236 245 248 249 248 249 250 249 247 249 248 241 231 228 235 
0 0 1 1 3 3 4 8 12 39 116 205 243 248 247 248 249 248 249 248 247 247 248 248 249 249 249 248 247 247 247 247 247 243 244 248 248 248 248 249 250 247 245 248 247 247 247 247 248 248 248 249 248 248 247 242 236 234 241 248 249 248 248 247 245 241 235 234 242 248 249 248 248 248 248 247 247 249 248 240 229 226 236 
1 1 0 1 3 3 4 8 11 46 134 221 249 248 249 250 250 249 249 250 250 249 250 250 251 251 249 241 235 235 238 245 248 247 248 249 249 250 249 250 250 250 251 251 250 249 248 249 249 249 249 249 249 249 248 247 245 245 248 250 250 249 249 248 247 248 248 247 249 249 249 248 248 248 248 247 249 249 245 245 242 243 247 
1 1 0 1 3 3 4 7 9 47 142 229 250 248 248 249 249 250 250 248 249 249 248 249 251 252 249 237 229 230 234 245 248 249 249 249 248 249 249 249 250 250 250 250 249 249 249 249 250 250 250 250 250 251 250 250 251 251 250 249 250 250 249 248 247 249 249 249 249 247 247 248 248 248 248 248 249 247 247 249 249 249 249 
1 1 0 1 3 3 4 7 9 44 141 231 252 248 249 249 249 250 250 249 248 248 249 250 251 251 251 245 241 241 243 245 249 250 250 249 248 248 248 250 250 250 250 249 249 250 250 250 250 250 250 250 250 251 251 251 252 251 250 250 250 250 249 248 247 249 248 248 248 247 247 248 248 248 248 248 248 247 248 248 248 247 247 
1 1 0 1 3 3 4 7 10 46 138 226 249 248 249 249 250 249 249 249 248 249 249 250 250 250 250 251 249 249 249 249 249 249 250 249 248 248 249 250 249 250 249 249 250 250 251 251 251 251 250 250 250 251 250 248 244 244 245 248 249 251 251 249 247 245 248 249 249 247 248 247 248 248 248 248 248 248 250 250 250 250 250 
1 1 0 1 3 3 4 7 11 51 136 223 247 247 249 249 249 248 248 248 248 248 249 249 250 249 249 250 249 249 249 249 248 250 250 249 249 248 249 250 249 249 249 249 250 250 251 251 251 250 250 249 249 248 247 235 230 236 245 247 249 251 250 248 245 245 247 248 248 248 248 248 248 249 249 248 248 248 247 244 243 242 244 
1 1 0 1 3 4 4 8 12 53 146 224 245 247 248 248 248 248 247 248 248 248 249 249 250 249 249 250 249 249 249 248 248 249 249 249 249 248 249 250 248 248 250 251 251 251 251 251 251 250 250 249 248 248 243 233 229 237 245 249 249 250 250 248 245 247 247 248 248 249 248 249 249 250 249 249 248 243 228 210 199 201 217 
1 1 1 3 3 3 5 8 11 56 152 228 247 247 247 247 248 247 247 247 247 248 248 249 249 249 248 249 249 249 248 248 248 249 249 248 248 248 249 249 249 249 250 250 250 251 250 250 249 249 249 249 248 247 247 243 242 244 247 249 249 249 249 248 245 247 247 248 248 248 248 249 249 250 249 248 242 231 207 186 174 182 199 
1 1 1 2 3 3 5 7 11 58 158 231 247 247 247 247 248 247 247 248 247 248 249 249 250 249 249 249 249 249 249 249 249 248 249 249 248 250 250 250 249 250 250 251 251 249 248 247 248 249 249 248 248 248 248 249 249 249 249 248 249 249 249 248 247 248 248 248 248 249 249 249 249 250 249 249 241 229 231 227 224 230 229 
1 1 2 2 3 3 5 7 12 58 156 233 247 247 247 247 248 247 247 248 247 249 249 250 250 250 249 249 249 250 249 249 249 248 249 249 249 249 248 250 249 248 245 243 234 222 215 226 237 245 248 248 249 248 247 247 247 249 250 249 249 249 249 249 248 248 249 248 248 249 249 249 249 249 250 250 246 243 246 247 247 249 246 
1 1 2 3 3 3 7 7 18 63 164 233 248 248 247 248 249 249 248 248 249 248 249 250 250 250 249 249 249 249 248 249 249 249 250 250 249 247 245 247 247 242 237 234 218 204 203 214 228 238 245 248 247 247 247 245 245 247 248 248 248 249 249 248 247 247 248 247 248 249 250 249 249 249 249 249 247 246 246 244 245 245 245 
1 1 2 3 3 1 7 7 21 70 182 239 249 248 247 248 250 250 249 249 251 248 249 249 249 249 249 249 249 250 249 249 249 249 250 250 249 247 247 244 242 240 240 237 230 226 230 231 236 240 243 246 246 245 243 244 245 247 244 244 244 245 245 245 245 245 245 247 247 248 249 249 249 249 248 248 247 247 248 247 244 244 245 
1 1 2 3 3 1 7 7 21 80 193 244 248 247 247 248 250 250 249 249 251 248 249 249 249 249 249 249 249 250 249 247 245 245 247 247 244 245 244 244 243 245 245 245 245 245 245 245 244 245 246 246 247 247 245 244 245 247 245 243 244 245 244 244 243 242 241 243 244 245 247 247 247 247 248 249 249 249 249 248 248 248 247 
1 1 2 3 3 1 4 5 21 89 200 247 248 248 247 247 249 249 249 249 249 248 248 249 249 249 249 249 249 249 248 244 241 238 238 238 240 241 243 245 245 247 247 244 245 245 245 247 248 249 249 248 249 248 249 248 248 249 247 247 247 241 239 237 233 233 237 241 245 247 248 248 249 248 248 249 248 249 249 249 249 249 249 
1 1 2 4 3 2 3 7 28 89 194 242 248 248 247 247 249 249 249 249 249 248 249 249 249 249 249 250 250 249 249 247 244 242 242 242 243 244 244 247 247 247 245 244 244 244 245 247 248 248 248 247 248 249 249 249 249 248 247 247 247 241 237 234 230 233 241 244 248 248 249 249 249 249 249 249 248 248 248 249 249 249 249 
2 1 2 3 3 2 4 3 36 104 193 233 246 248 248 248 249 249 249 249 248 249 249 249 249 249 249 250 249 249 249 247 247 247 247 247 247 248 249 248 248 248 249 249 248 248 248 249 248 248 248 247 248 249 249 249 249 249 248 249 247 245 245 244 242 244 243 246 248 249 249 249 249 249 249 249 249 249 248 248 249 249 249 
2 1 1 3 3 2 4 17 60 132 196 230 243 247 249 248 249 249 249 250 249 249 249 249 249 249 249 249 249 249 249 249 249 249 250 250 249 249 249 249 249 249 249 249 250 250 249 249 249 248 248 247 249 249 249 249 249 249 249 249 249 249 249 249 248 248 247 247 248 249 249 249 249 249 249 249 249 249 249 249 249 249 249 
2 1 2 3 2 2 17 35 88 167 206 229 238 245 248 248 249 249 249 249 249 249 249 249 249 249 249 249 249 249 249 249 249 249 249 249 249 249 249 249 249 249 249 249 250 250 249 249 248 248 248 248 249 249 250 250 249 249 249 249 249 249 249 249 250 249 249 249 249 249 249 249 249 249 248 248 248 248 249 249 249 249 249 
1 0 4 2 3 0 23 66 122 187 216 230 237 245 248 248 249 249 249 249 249 249 249 249 249 249 249 249 249 249 249 249 249 249 249 249 249 249 249 249 249 249 249 249 250 250 249 249 248 248 248 248 249 250 250 250 249 249 249 249 249 249 249 249 249 249 249 249 249 249 249 249 249 249 247 247 248 248 249 249 249 249 249 
2 3 11 4 10 36 61 102 158 201 215 230 237 245 248 248 249 249 249 249 249 248 249 249 249 249 249 249 249 249 249 249 249 249 249 249 249 249 249 249 249 249 249 249 249 249 249 249 249 249 249 250 250 250 249 249 249 249 249 249 250 250 249 249 249 249 249 249 250 250 250 250 249 249 249 248 248 249 249 249 249 249 248 
6 12 13 9 24 56 88 122 174 213 214 230 236 247 247 248 249 249 249 250 249 249 249 249 249 249 249 249 249 249 249 249 249 249 249 249 249 249 249 249 249 249 249 249 249 249 249 249 249 249 249 249 249 249 249 249 249 249 249 249 249 249 249 249 249 249 249 249 250 250 249 249 249 249 249 249 249 249 249 249 249 249 248 
3 4 3 2 28 70 103 142 174 198 212 229 238 246 248 248 249 249 249 249 249 249 249 249 249 249 249 249 249 249 249 249 249 249 249 249 249 249 249 249 249 249 249 249 249 249 249 249 249 249 249 249 249 249 250 250 250 250 250 250 250 250 249 249 249 249 249 249 249 249 249 249 249 249 249 249 249 249 249 249 249 249 249 
28 31 14 19 65 97 92 129 158 184 208 222 236 242 247 248 250 250 250 250 250 250 249 249 249 249 249 249 249 249 249 249 249 249 249 249 249 249 249 249 249 249 249 249 249 249 249 249 249 249 249 249 249 249 250 250 250 250 250 250 250 250 249 249 249 249 249 249 249 249 249 249 249 249 249 249 249 249 249 249 249 249 249 
16 12 5 22 58 96 75 112 153 187 207 219 233 241 244 245 249 249 250 250 249 248 249 249 249 249 249 249 249 249 249 249 249 249 249 249 249 249 249 249 249 249 249 249 249 249 249 249 249 249 249 249 249 249 249 249 249 249 249 249 249 249 249 249 249 249 249 249 249 249 249 249 249 249 249 249 249 249 249 249 249 249 249 
10 11 7 23 56 94 82 118 149 171 187 195 208 223 227 230 235 237 240 244 247 248 250 249 249 249 249 249 249 249 249 249 249 249 249 249 249 249 249 249 249 249 249 249 249 249 249 249 249 249 249 249 249 249 249 249 249 249 249 249 249 249 249 249 249 249 249 249 249 249 249 249 249 249 249 249 249 249 249 249 249 249 249 
5 7 8 25 64 97 98 125 141 150 167 181 189 194 198 200 203 207 217 231 240 246 250 250 249 249 249 249 249 249 249 249 249 249 249 249 249 249 249 249 249 249 249 249 249 249 249 249 249 249 249 249 249 249 249 249 249 249 249 249 249 249 249 249 249 249 249 249 249 249 249 249 249 249 249 249 249 249 249 249 249 249 249 
3 4 6 28 74 104 111 122 127 135 155 174 184 184 185 187 191 198 213 230 242 248 250 250 249 249 249 249 249 249 249 249 249 249 249 249 249 249 249 249 249 249 249 249 249 249 249 249 249 249 249 249 249 249 249 249 249 249 249 249 249 249 249 249 249 249 249 249 249 249 249 249 249 249 249 249 249 249 249 249 249 249 249 
3 2 10 38 82 113 98 105 115 129 146 171 187 193 199 207 210 216 230 241 247 248 250 250 250 249 249 249 249 249 249 249 249 249 249 249 249 249 249 249 249 249 249 249 249 249 249 249 249 249 249 249 249 249 249 249 249 249 249 249 249 249 249 249 249 249 249 249 249 249 249 249 249 249 249 249 249 249 249 249 249 249 249 
3 2 15 50 85 116 87 96 106 125 146 170 189 203 221 231 235 238 242 246 249 247 250 250 250 250 249 249 249 249 249 249 249 249 249 249 249 249 249 249 249 249 249 249 249 249 249 249 249 249 249 249 249 249 249 249 249 249 249 249 249 249 249 249 249 249 249 249 249 249 249 249 249 249 249 249 249 249 249 249 249 249 249 
3 4 16 49 82 113 82 90 99 120 144 167 187 205 224 235 241 243 246 246 249 250 249 249 250 249 250 250 249 249 249 249 249 249 249 249 249 249 249 249 249 249 249 249 249 249 249 249 249 249 249 249 249 249 249 249 249 249 249 249 249 249 249 249 249 249 249 249 249 249 249 249 249 249 249 249 249 249 249 249 249 249 249 
3 4 15 36 67 97 90 96 101 118 144 166 187 206 219 229 236 241 244 245 249 250 250 250 250 249 249 250 250 250 249 249 249 249 249 249 249 249 249 249 249 249 249 249 249 249 249 249 249 249 249 249 249 249 249 249 249 249 249 249 249 249 249 249 249 249 249 249 249 249 249 249 249 249 249 249 249 249 249 249 249 249 249 
4 6 30 69 99 123 104 104 108 119 138 162 180 200 215 226 235 242 246 248 250 250 251 251 251 250 250 250 250 250 249 249 249 249 249 249 249 249 249 249 249 249 249 249 249 249 249 249 249 249 249 249 249 249 249 249 249 249 249 249 249 249 249 249 249 249 249 249 249 249 249 249 249 249 249 249 249 249 249 249 249 249 249 
4 6 26 58 87 110 107 108 111 125 139 162 180 198 215 227 235 243 247 248 249 249 250 250 251 251 251 250 249 249 249 249 249 249 249 249 249 249 249 249 249 249 249 249 249 249 249 249 249 249 249 249 249 249 249 249 249 249 249 249 249 249 249 249 249 249 249 249 249 249 249 249 249 249 249 249 249 249 249 249 249 249 249 
3 5 12 33 71 100 108 106 111 122 135 152 173 193 209 221 230 238 243 244 244 243 242 242 244 244 247 248 248 249 249 249 249 249 249 249 249 249 249 249 249 249 249 249 249 249 249 249 249 249 249 249 249 249 249 249 249 249 249 249 249 249 249 249 249 249 249 249 249 249 249 249 249 249 249 249 249 249 249 249 249 249 249 
3 4 4 16 47 75 114 106 111 114 123 134 158 181 198 209 217 227 231 231 233 229 227 227 227 233 242 245 247 249 249 249 249 249 249 249 249 249 249 249 249 249 249 249 249 249 249 249 249 249 249 249 249 249 249 249 249 249 249 249 249 249 249 249 249 249 249 249 249 249 249 249 249 249 249 249 249 249 249 249 249 249 249 
2 4 4 4 12 37 81 101 113 116 120 130 154 175 184 195 203 212 215 217 223 223 221 224 228 237 247 248 249 249 249 249 249 249 249 249 249 249 249 249 249 249 249 249 249 249 249 249 249 249 249 249 249 249 249 249 249 249 249 249 249 249 249 249 249 249 249 249 249 249 249 249 249 249 249 249 249 249 249 249 249 249 249 
2 3 4 1 0 5 67 93 110 106 109 120 135 156 167 179 186 192 199 212 224 230 234 241 246 249 249 249 249 248 248 248 248 248 248 248 248 248 248 248 248 248 248 248 248 248 249 249 249 249 249 249 249 249 249 249 249 249 249 249 249 249 249 249 249 249 249 249 249 249 249 249 249 249 249 249 249 249 249 249 249 249 249 
2 2 2 2 6 6 52 85 100 80 93 103 109 124 139 155 164 172 186 205 222 237 245 248 249 250 249 248 249 249 250 250 251 251 252 251 250 250 250 250 250 250 249 249 249 249 249 249 249 249 249 249 249 249 249 249 249 249 249 249 249 249 249 249 249 249 249 249 249 249 249 249 249 249 249 249 249 249 249 249 249 249 249 
2 2 2 2 4 5 25 64 83 67 84 90 93 97 104 120 130 142 156 169 182 198 209 213 214 219 222 226 229 230 231 234 236 235 236 237 238 240 241 242 242 242 242 242 243 245 247 248 249 249 249 249 249 249 249 249 249 249 249 249 249 249 249 249 249 249 249 249 249 249 249 249 249 249 250 250 250 250 249 249 249 249 249 
2 2 1 1 3 3 8 24 45 60 74 81 77 74 85 94 103 114 117 121 125 131 134 137 142 145 151 158 163 166 169 172 178 173 178 182 185 188 189 191 193 194 194 194 198 199 202 205 209 209 212 214 214 215 216 220 220 220 220 223 224 227 227 228 230 233 234 234 235 236 234 233 234 234 235 236 236 237 236 237 237 242 247 
3 2 2 1 3 3 4 8 30 53 73 87 88 88 88 92 94 97 96 96 96 97 95 96 97 99 103 107 110 114 116 116 118 116 119 123 124 127 127 127 128 128 128 128 129 129 130 132 136 136 137 141 143 143 145 149 151 149 148 151 156 157 158 160 164 165 165 166 169 170 170 170 171 171 171 171 171 171 171 175 184 199 214 
5 4 3 3 2 3 1 0 8 37 71 94 104 104 102 100 95 93 94 91 90 90 91 90 89 92 94 95 94 94 94 93 94 94 92 90 90 92 93 93 92 92 90 90 90 90 92 93 95 95 95 96 100 101 100 102 102 101 101 101 100 101 101 101 101 101 101 103 104 106 106 106 106 106 106 104 103 103 116 130 145 164 181 
5 5 4 3 3 3 3 1 4 19 55 88 102 112 110 110 108 106 104 101 97 96 96 96 95 94 94 94 93 93 93 92 91 91 88 86 86 86 86 87 87 88 89 88 88 88 89 89 89 90 89 89 90 90 89 89 90 90 89 89 87 86 85 85 83 83 83 81 85 86 86 85 84 85 84 84 84 82 102 118 137 152 164 
7 7 5 3 3 3 3 3 5 8 26 59 95 127 131 137 143 141 136 134 130 127 125 124 122 120 118 118 118 120 118 118 118 120 120 120 120 121 121 122 122 122 123 122 120 118 117 115 113 111 111 109 109 108 107 106 103 103 103 101 96 94 92 89 86 86 85 86 89 92 93 90 90 92 90 90 90 90 107 120 136 148 157 
