26 31 38 38 42 54 79 111 119 89 44 14 3 2 2 2 2 2 2 1 2 2 3 3 2 2 2 2 1 1 3 4 5 6 14 32 45 47 47 49 49 47 44 38 32 31 32 32 32 32 33 35 36 37 39 39 40 40 42 39 39 40 40 40 39 39 38 40 40 40 40 40 42 42 40 40 40 39 39 39 38 38 39 39 40 40 40 40 40 40 
27 27 34 33 37 50 74 114 131 115 68 24 5 2 2 2 1 1 1 1 2 2 3 3 3 2 2 2 1 2 4 4 5 6 15 32 44 46 47 49 50 49 46 38 32 32 33 33 33 33 35 36 35 37 37 38 38 37 37 37 37 37 37 36 36 36 36 36 37 37 37 37 37 37 37 37 36 36 35 36 36 37 37 37 39 39 39 40 40 40 
35 29 30 31 36 50 74 111 129 122 85 36 11 3 2 1 1 1 1 1 2 2 2 2 3 2 2 2 2 3 4 4 5 6 15 32 44 46 46 50 50 49 46 38 33 32 33 33 33 33 35 36 36 37 37 38 37 37 37 35 35 35 35 33 33 32 31 32 33 33 35 33 33 33 33 33 33 33 32 35 33 35 36 36 38 39 39 40 40 40 
43 33 28 30 38 50 74 104 118 109 86 47 15 2 1 1 1 1 2 2 2 2 2 2 3 2 2 2 2 2 3 4 5 6 14 32 43 45 46 49 50 49 45 39 33 32 33 33 33 33 35 37 37 38 38 38 38 37 37 33 32 32 32 32 32 31 31 31 31 32 32 32 32 32 32 31 31 31 30 32 32 33 36 36 38 39 39 40 40 40 
45 36 26 31 40 51 72 92 101 104 88 57 28 10 3 2 1 2 2 1 2 2 2 2 2 1 2 2 1 2 4 5 6 6 15 32 44 46 47 47 46 46 44 40 35 32 33 32 33 35 35 36 37 37 38 38 38 36 36 33 31 31 31 30 30 30 30 31 31 31 31 31 31 32 31 31 31 30 30 32 32 33 35 36 38 39 40 40 39 40 
45 36 28 31 43 54 68 82 87 97 96 79 53 26 5 2 2 2 1 2 2 2 2 2 2 1 2 2 1 2 4 7 6 8 16 33 44 45 46 46 45 43 41 40 36 32 32 33 33 35 36 37 37 37 38 39 38 38 38 38 37 35 33 31 31 31 31 32 32 32 31 31 32 33 32 31 30 30 30 31 32 33 36 38 39 39 40 40 40 40 
37 33 29 32 45 54 65 73 74 90 114 110 80 39 10 3 3 2 1 2 3 2 2 2 2 1 1 1 1 2 4 7 8 8 17 33 44 45 45 45 45 44 43 41 37 35 33 35 33 36 37 38 38 38 40 41 42 42 42 39 39 37 36 33 33 33 35 35 33 33 33 35 35 35 33 32 31 32 31 32 33 35 36 38 39 40 40 40 40 40 
30 26 27 34 44 53 61 66 63 85 120 132 104 56 16 4 3 2 2 2 4 3 2 2 2 1 1 1 1 2 4 5 6 8 17 35 44 45 46 46 46 45 46 44 39 37 35 36 37 37 38 39 39 40 41 44 43 45 45 43 42 40 38 38 38 38 38 38 38 38 38 38 38 39 39 39 38 37 36 36 37 37 36 38 39 40 40 40 40 40 
21 21 26 35 43 53 57 58 53 75 119 150 130 77 28 7 3 4 3 2 3 3 2 2 2 2 1 1 1 2 4 5 6 8 18 37 44 44 45 46 46 46 46 45 40 38 36 35 35 36 38 38 39 39 40 43 45 46 47 47 45 43 42 42 42 40 40 40 40 40 40 42 43 43 43 43 43 42 39 38 38 39 39 39 40 40 40 40 40 42 
16 16 26 37 45 54 57 47 45 66 114 152 145 96 40 10 5 4 3 2 2 2 2 2 2 2 1 1 1 2 4 5 6 8 19 38 44 43 45 47 47 47 47 46 43 40 38 35 33 36 36 38 38 39 42 44 45 46 47 47 46 45 44 44 43 43 42 42 40 40 42 43 43 43 43 43 43 43 40 37 38 40 40 40 40 40 40 42 42 42 
16 17 29 40 50 54 54 40 40 59 104 150 154 116 53 17 8 4 3 2 2 2 2 2 2 1 2 2 1 2 4 5 6 6 19 38 44 44 45 46 46 49 50 47 44 43 39 36 37 36 36 38 38 39 42 44 45 45 46 45 45 45 45 44 44 43 42 42 42 42 42 42 43 43 43 42 42 42 40 39 39 40 40 40 40 40 40 40 40 42 
18 19 30 45 51 54 50 38 39 51 95 143 153 123 64 21 10 5 4 2 2 3 2 2 2 2 3 3 1 2 4 5 6 6 19 38 44 44 45 47 46 47 47 46 44 43 42 39 40 38 38 39 42 43 43 43 44 44 44 44 44 45 45 44 44 43 43 43 42 42 42 42 43 43 42 42 42 42 40 39 39 40 40 40 40 40 40 40 42 42 
20 25 33 47 45 46 43 33 39 49 78 122 142 123 70 21 10 5 3 2 3 3 2 3 2 2 2 2 2 2 4 5 6 6 19 39 43 42 44 46 46 45 46 44 44 43 43 42 41 40 40 40 42 43 45 45 43 44 44 44 44 44 44 44 43 43 43 43 42 42 42 42 42 42 42 42 42 42 40 40 40 40 40 40 40 40 40 42 42 42 
23 30 40 49 46 44 40 32 39 51 78 109 133 119 68 24 11 4 3 2 3 3 3 3 2 2 2 2 2 2 4 5 6 6 19 39 43 42 43 44 44 43 43 42 42 43 43 42 43 41 42 42 42 43 46 46 46 46 46 46 46 45 45 45 45 44 44 43 42 42 42 42 40 40 40 40 40 40 40 40 40 40 40 40 40 40 42 43 43 43 
30 36 44 46 43 40 35 32 39 56 78 100 123 116 74 36 12 4 3 2 3 3 3 3 2 2 2 2 2 2 4 4 5 8 21 39 44 43 42 43 43 42 42 40 39 40 40 42 43 39 40 42 42 42 44 46 47 47 47 47 47 47 46 46 44 43 43 43 42 42 42 42 40 40 40 40 40 40 40 40 39 40 40 40 40 40 40 42 42 40 
36 40 44 40 40 39 33 39 49 63 75 87 104 106 79 45 16 4 3 2 3 3 3 3 3 2 2 2 2 3 4 4 6 9 21 37 41 40 39 39 39 38 38 37 37 38 38 38 39 38 38 39 40 42 40 44 44 45 45 45 45 44 44 43 42 40 39 39 39 39 38 39 39 39 39 40 39 39 39 39 39 39 40 40 39 39 39 39 39 38 
41 45 43 38 38 39 36 46 60 67 72 83 93 101 93 62 23 7 2 1 3 3 3 3 3 3 3 2 2 3 4 4 5 9 21 36 36 35 36 37 38 37 37 37 38 38 37 36 35 36 37 37 37 37 37 38 39 39 39 39 39 39 38 39 39 39 38 37 37 37 37 37 37 37 38 38 37 37 37 39 40 40 38 39 39 39 39 39 39 38 
45 45 42 38 38 40 43 52 60 65 71 76 85 94 103 83 29 10 2 0 2 3 3 3 4 5 4 2 2 3 4 4 6 11 22 33 35 32 33 36 37 37 38 40 40 40 40 38 37 38 39 39 39 42 42 42 40 42 42 42 42 42 43 43 43 43 43 43 43 42 42 42 40 40 40 40 39 38 40 41 41 41 40 42 42 42 42 42 42 42 
44 43 37 36 38 42 47 56 60 63 68 68 75 89 113 103 39 18 5 1 2 3 3 3 4 5 3 2 2 3 4 4 6 11 23 35 37 37 38 40 40 42 43 44 46 48 48 47 47 47 46 46 47 50 52 52 52 52 51 51 51 51 51 51 51 50 50 50 50 49 49 50 51 51 50 49 49 49 49 49 49 49 52 52 50 50 50 52 53 53 
43 39 33 33 38 43 49 58 60 60 59 63 67 82 118 125 65 32 9 2 2 3 3 4 3 3 3 2 2 2 4 4 6 12 25 42 46 46 49 51 52 53 53 53 54 57 57 58 57 57 57 58 58 60 61 61 62 62 60 60 59 59 58 58 58 57 57 58 59 61 61 61 61 63 63 64 64 63 61 61 61 63 62 62 61 61 63 65 66 67 
39 35 32 31 36 42 49 57 59 58 57 57 61 80 115 123 73 38 11 3 2 2 3 4 3 3 2 1 2 3 5 5 6 9 26 49 54 52 57 62 61 60 60 60 61 61 60 60 60 61 63 63 66 66 66 67 67 67 67 66 63 61 61 61 61 61 61 63 66 71 71 70 71 72 72 72 71 72 73 72 72 72 72 72 71 72 73 73 74 75 
35 29 26 29 35 43 51 53 53 51 51 51 58 78 111 124 81 44 17 3 2 2 2 3 3 2 2 1 2 2 4 5 6 9 30 57 64 64 67 69 68 67 67 68 68 68 70 70 68 68 70 71 72 72 72 73 73 72 72 67 64 61 61 60 59 58 59 61 64 68 72 74 75 79 79 80 80 81 82 81 81 82 81 82 82 82 82 84 82 82 
28 25 24 29 38 43 47 49 46 44 44 50 56 75 104 117 85 51 21 4 3 2 2 3 3 2 2 1 2 2 5 5 6 6 33 62 72 72 71 70 70 70 68 68 68 68 70 68 67 67 67 68 68 71 71 70 73 71 67 62 56 53 50 47 45 45 47 50 52 57 64 66 71 75 77 78 78 81 82 85 85 85 84 85 86 86 86 86 86 86 
20 25 28 36 42 43 42 38 36 35 39 52 61 74 99 114 85 50 19 4 3 2 3 4 3 2 1 1 2 2 5 5 6 6 34 65 78 76 73 72 70 68 68 68 66 66 66 66 66 66 66 67 67 67 68 68 68 64 58 52 43 38 32 30 30 26 30 35 37 39 47 54 63 72 74 75 81 84 85 85 86 86 86 86 86 86 86 86 85 85 
22 28 36 43 39 38 35 29 26 28 37 51 60 71 86 97 85 51 16 4 4 2 2 4 4 3 2 1 2 2 4 5 6 9 36 66 78 77 76 76 73 72 72 71 72 71 68 68 71 72 72 71 72 71 70 67 65 54 44 38 30 25 20 18 16 16 18 21 23 25 31 38 54 65 70 74 79 81 83 85 84 84 84 85 87 86 86 87 85 84 
24 30 39 43 38 33 31 25 24 31 43 52 58 65 70 77 73 49 21 7 3 2 2 4 5 3 2 1 2 2 4 4 6 15 40 70 80 80 81 81 79 78 78 77 78 78 75 74 74 74 74 74 73 74 73 67 59 46 32 25 21 17 15 14 13 13 15 15 18 20 21 28 45 57 66 74 82 85 87 88 88 87 87 88 89 89 90 90 89 89 
26 33 38 39 37 33 29 22 26 36 46 53 54 53 53 58 57 47 33 15 4 2 3 4 4 2 2 1 2 2 5 5 7 23 47 77 87 86 87 87 86 85 84 84 84 82 83 81 79 77 75 75 76 76 77 68 56 40 29 21 15 15 14 12 12 11 14 14 16 18 17 22 40 53 66 79 88 89 91 93 92 92 92 93 94 94 94 94 94 93 
30 35 38 39 36 30 28 21 33 45 52 56 51 44 44 54 64 58 42 18 3 2 3 4 4 2 2 2 2 2 5 6 7 16 47 79 89 90 90 89 86 88 88 87 87 87 88 87 85 84 84 82 83 82 81 71 56 40 29 21 16 13 12 12 12 14 14 14 16 18 17 19 34 51 70 84 93 93 95 96 95 96 97 96 95 96 96 96 97 97 
32 36 37 37 31 28 29 26 43 53 58 61 57 46 47 56 75 82 61 31 9 3 3 4 4 2 2 2 1 2 5 5 7 16 46 80 90 89 88 87 88 92 94 94 94 94 94 94 94 93 93 90 90 90 88 78 53 36 23 16 15 13 14 14 12 14 14 12 15 17 16 17 33 53 71 90 97 99 96 97 96 97 99 96 97 97 99 99 100 100 
32 35 37 36 32 32 33 38 50 53 54 49 46 39 37 53 78 88 73 44 17 7 4 3 3 2 2 2 1 2 5 5 7 21 50 79 86 85 87 89 90 92 94 96 96 96 97 97 97 96 96 95 96 97 96 84 58 37 24 18 15 13 14 14 12 12 11 12 12 14 14 16 33 54 75 92 100 101 100 101 100 100 99 97 95 96 96 96 96 95 
29 28 30 33 35 37 39 45 53 52 47 39 37 35 32 52 81 95 82 50 19 8 5 3 2 2 2 1 2 3 5 5 6 18 46 71 80 79 82 86 86 87 88 90 94 95 96 97 99 100 99 97 99 101 101 87 64 43 29 18 14 13 14 14 14 11 11 11 11 12 12 17 32 53 74 90 99 99 97 96 95 95 94 94 93 92 92 92 92 90 
24 21 24 30 37 42 45 50 51 46 43 37 35 37 39 56 83 95 81 52 22 7 5 4 3 2 1 1 3 3 5 5 5 14 40 60 66 67 73 75 77 79 81 84 87 89 90 92 93 94 94 94 95 99 96 84 63 46 31 21 15 13 14 14 12 12 12 10 12 14 12 16 33 51 66 80 89 88 87 86 85 84 84 84 85 84 84 84 82 81 
20 19 25 32 39 45 46 49 46 40 38 35 32 38 52 61 81 95 80 53 23 7 4 5 4 3 2 2 2 3 4 4 3 10 37 54 56 58 63 63 64 65 67 71 73 76 77 79 79 80 81 81 85 88 87 75 59 43 28 21 14 12 12 12 12 12 12 12 13 15 12 15 32 46 59 72 78 82 81 78 78 75 73 73 73 73 73 71 72 71 
23 25 32 39 43 47 47 45 40 35 32 30 35 43 59 66 76 83 67 49 25 8 5 7 7 4 2 2 3 3 4 4 4 11 33 51 52 56 56 50 53 54 54 55 58 60 61 63 61 64 65 66 69 72 71 64 50 33 22 16 13 13 11 12 12 12 12 12 12 15 12 16 31 40 54 64 68 73 72 68 68 68 66 66 64 64 64 63 64 62 
30 34 40 46 50 50 45 38 36 32 31 36 45 53 61 67 70 66 51 42 26 7 5 5 7 4 3 3 3 3 4 5 4 12 32 50 51 55 53 46 52 50 50 50 50 50 50 50 47 50 49 50 51 51 50 49 40 32 23 18 15 15 11 11 15 13 13 13 11 12 12 16 30 40 50 59 64 64 61 60 60 61 60 58 58 57 57 56 56 54 
34 40 47 50 47 40 37 32 29 30 33 43 50 56 64 68 66 71 65 46 22 9 4 5 4 4 3 3 3 3 4 5 5 13 33 50 52 54 53 47 50 50 49 49 47 46 46 44 42 40 42 40 40 40 38 38 34 30 25 21 17 15 11 11 16 15 13 13 11 12 14 17 26 35 43 51 59 58 54 53 52 53 51 50 50 49 49 50 49 49 
42 46 50 46 38 31 24 22 21 29 33 40 50 57 63 66 67 72 75 60 36 11 7 4 4 3 3 4 3 3 5 6 5 15 34 51 52 54 52 50 50 50 49 47 47 47 45 43 43 41 41 41 38 37 35 33 32 28 25 22 19 16 11 11 15 14 12 12 11 12 15 17 22 27 33 43 50 51 50 46 46 45 43 43 43 42 40 40 42 36 
44 46 45 39 31 25 21 19 21 31 43 53 58 58 61 61 59 68 85 81 52 21 8 4 3 3 4 4 3 3 5 6 6 16 36 51 52 54 52 50 51 51 51 50 48 48 46 45 44 43 43 40 37 35 33 33 33 30 25 23 22 17 12 12 15 14 12 12 12 12 15 16 19 23 26 35 38 37 35 32 32 32 30 29 28 28 28 28 28 25 
40 42 40 33 24 19 19 21 28 40 52 59 61 60 59 50 52 66 94 102 67 33 11 3 3 4 4 4 3 4 5 6 6 14 36 51 52 55 52 51 53 54 52 51 51 50 48 47 46 44 42 40 38 37 36 36 37 33 26 24 24 18 15 16 16 15 14 14 14 14 15 15 16 18 22 26 28 24 23 21 21 19 19 19 18 18 18 18 19 18 
36 35 33 26 17 16 22 30 40 49 57 59 58 57 52 43 44 64 96 104 71 33 9 5 3 3 4 4 3 4 5 5 6 12 34 51 52 55 53 51 53 54 52 51 51 51 50 48 47 45 44 42 38 37 37 38 38 37 35 33 29 22 18 18 18 16 16 16 16 15 14 14 12 15 17 19 19 18 18 18 17 17 16 16 15 15 14 14 15 15 
25 25 29 22 18 23 33 43 49 54 57 57 53 51 43 35 40 66 99 100 71 38 10 4 3 3 3 3 3 4 5 6 8 13 36 51 51 53 52 52 52 51 51 51 50 50 48 47 45 45 44 43 38 37 38 42 44 45 46 42 33 26 22 21 18 18 16 16 16 16 15 14 12 14 14 15 14 14 15 15 16 16 16 16 15 14 14 12 11 11 
21 22 25 26 29 37 43 50 52 63 57 50 45 39 32 29 43 68 96 99 71 37 14 3 4 4 3 3 3 3 5 5 8 16 38 52 51 52 52 52 51 51 51 51 50 50 47 45 45 44 40 40 38 39 38 45 55 58 57 52 43 36 29 24 19 18 17 17 16 15 15 15 15 14 14 14 12 12 13 13 13 13 13 13 12 14 12 12 11 11 
22 25 30 37 42 47 50 52 53 56 50 37 33 27 26 29 44 68 89 93 74 38 12 3 3 3 3 3 3 3 5 5 7 17 40 53 50 50 51 51 51 50 50 51 50 49 45 43 45 42 38 36 37 40 46 53 66 70 67 60 51 43 35 29 24 22 19 19 18 18 17 16 16 14 12 14 15 15 13 12 12 12 12 12 11 13 13 13 13 12 
28 37 43 48 56 53 55 54 50 37 31 24 23 26 30 37 52 72 84 85 74 42 12 4 3 3 3 3 3 3 5 6 6 18 43 54 51 50 50 51 51 50 49 50 47 46 45 43 43 39 36 35 37 43 50 57 78 78 77 68 58 46 37 35 31 29 26 25 25 25 23 22 22 19 17 15 17 17 16 15 13 13 13 13 12 12 12 13 13 12 
38 48 53 55 60 55 54 49 39 30 26 25 25 29 35 44 57 67 83 89 80 45 15 6 3 3 2 2 3 4 6 6 5 18 42 53 52 50 49 49 50 50 49 47 45 44 44 43 42 39 36 36 38 49 60 67 78 82 83 74 63 51 42 38 38 35 33 32 31 31 31 31 31 26 22 17 18 17 16 15 14 14 14 14 12 10 11 11 12 11 
50 54 57 59 55 52 43 36 31 30 28 28 32 38 39 46 60 68 87 96 88 59 23 8 2 3 2 2 3 3 5 5 6 19 39 52 51 50 49 47 47 46 46 45 44 42 40 39 38 38 35 36 40 53 66 73 79 81 82 73 63 54 45 40 40 37 36 36 36 36 36 37 35 32 29 25 25 25 23 21 21 19 18 18 17 14 12 12 11 11 
51 52 55 55 46 40 33 31 31 29 28 29 37 46 49 56 62 68 84 95 95 77 37 8 3 3 2 2 3 3 6 6 6 19 37 51 51 50 47 46 47 46 46 46 43 40 39 38 37 37 33 38 45 60 73 80 82 80 80 70 60 51 43 43 43 39 39 39 39 40 39 39 38 37 35 35 36 33 33 32 31 30 26 24 23 19 15 14 12 12 
47 50 46 40 36 29 30 30 29 29 30 37 46 57 61 65 61 61 72 89 103 93 59 10 4 3 2 2 3 3 6 7 6 21 36 50 50 50 46 45 45 45 45 43 40 39 37 38 37 36 36 46 58 70 77 81 80 78 74 64 55 50 44 44 43 40 39 40 39 40 40 40 40 39 39 40 42 40 41 41 41 40 38 35 32 26 22 17 12 12 
40 39 31 26 29 25 28 29 31 36 43 51 56 63 64 63 57 53 65 85 113 114 84 28 10 4 2 2 3 3 6 6 9 18 35 49 48 48 45 43 43 42 42 40 37 36 36 36 35 33 42 53 63 72 75 77 74 72 68 60 51 45 39 42 40 38 38 37 38 40 40 40 39 40 42 42 43 44 45 46 47 46 46 45 40 32 25 19 15 15 
24 24 23 25 28 29 30 33 43 51 57 61 64 65 64 61 46 39 53 80 116 128 103 49 8 4 2 2 3 3 5 6 10 16 35 49 47 47 44 42 42 40 42 39 37 33 36 37 33 37 49 58 66 75 75 74 72 71 65 59 52 44 40 40 38 36 33 31 32 35 35 36 36 37 38 39 42 44 45 45 46 46 47 50 47 40 32 24 18 16 
16 17 23 26 31 37 39 46 57 58 58 63 61 61 58 56 42 35 44 72 109 130 117 64 9 5 2 2 3 3 6 6 10 18 36 47 44 44 44 42 40 40 40 37 35 33 33 35 33 42 57 66 72 75 74 72 70 66 60 57 54 48 44 40 37 33 31 30 30 31 31 32 33 33 35 33 37 42 43 43 44 46 47 49 49 45 40 31 20 18 
15 21 29 32 39 45 52 59 60 59 58 53 49 43 38 29 39 42 46 68 104 134 128 75 32 9 2 2 2 4 6 6 10 18 35 45 40 42 43 40 39 39 37 35 32 33 33 32 38 51 61 67 71 72 70 66 63 59 56 53 52 47 44 40 36 32 30 29 28 29 29 30 30 31 32 33 36 36 39 42 43 45 47 49 49 49 44 33 23 18 
23 31 38 42 50 55 59 60 58 57 54 47 42 35 29 25 31 35 44 68 102 131 129 84 56 25 3 2 2 4 6 6 11 18 33 42 39 39 39 38 38 37 37 34 33 33 32 40 51 60 65 68 70 67 63 59 58 54 52 52 49 46 43 39 36 32 30 29 28 29 29 29 30 32 33 36 37 38 38 40 42 44 46 47 47 46 40 32 25 18 
36 41 46 50 54 57 55 54 52 50 45 37 31 28 28 33 39 46 53 68 96 125 128 93 70 36 9 3 1 3 5 4 11 19 32 38 38 37 37 38 37 36 36 34 32 33 33 46 58 63 64 66 66 64 59 56 54 52 51 50 47 46 43 40 38 35 32 30 28 28 28 28 28 31 33 35 35 37 38 39 37 40 44 45 45 45 40 36 26 19 
45 47 50 50 50 50 47 45 42 39 35 30 25 24 28 40 45 47 58 66 86 116 128 109 84 49 18 5 1 3 3 3 11 19 31 37 36 36 36 36 35 33 33 32 30 32 39 53 64 65 65 63 61 59 57 54 52 50 50 48 46 46 44 43 42 38 35 32 29 28 26 26 26 29 32 34 34 38 38 38 36 37 40 44 44 43 40 38 28 22 
46 46 45 45 44 40 38 34 31 30 28 25 25 26 32 46 52 52 64 66 73 102 124 127 94 56 25 8 2 5 5 2 11 21 31 36 35 35 35 35 35 32 32 31 30 32 45 58 67 67 65 59 59 57 53 50 50 48 48 47 46 45 43 44 43 40 37 36 32 29 26 25 25 25 29 31 32 34 35 36 36 36 38 42 44 44 39 36 29 22 
44 43 42 39 36 32 29 25 24 24 23 24 30 37 44 52 60 59 64 61 59 85 115 136 95 58 24 7 2 4 6 2 10 22 31 36 35 33 35 35 33 32 32 31 30 37 51 64 70 67 64 59 54 54 48 47 48 47 47 47 44 44 43 43 43 42 40 38 35 31 29 28 27 26 27 29 30 31 35 38 38 39 39 42 44 43 40 36 29 22 
37 34 31 29 25 25 24 22 22 24 26 33 42 49 54 57 59 57 52 49 49 72 106 130 83 47 14 2 0 2 3 3 10 21 31 36 35 35 33 33 33 32 31 31 35 46 60 71 71 66 61 57 53 51 47 46 47 46 45 44 44 44 43 42 42 42 39 38 36 33 31 29 27 25 25 26 26 31 35 37 37 38 40 42 40 43 42 36 30 23 
26 24 21 19 19 21 22 25 28 30 37 46 51 53 57 57 53 51 44 38 43 65 95 103 71 38 10 2 2 4 3 1 11 21 30 35 35 35 33 33 33 32 31 35 43 54 67 73 70 65 59 54 52 50 47 45 46 44 42 42 43 42 42 42 42 40 39 39 37 35 33 30 26 23 25 26 26 30 35 35 36 36 37 40 39 40 39 36 30 24 
22 21 21 21 21 21 24 35 35 39 44 47 51 51 51 50 46 44 42 38 44 61 78 81 58 31 8 3 4 5 2 0 9 19 30 35 35 35 35 33 33 33 36 40 50 63 71 74 70 64 58 54 53 48 46 44 44 41 40 42 42 42 40 42 42 42 40 39 38 37 33 31 28 25 23 24 24 28 32 35 35 35 37 40 40 39 37 35 30 24 
23 23 24 26 28 28 32 39 42 45 45 49 49 46 45 42 40 40 40 44 60 72 72 68 22 8 6 4 3 5 4 4 7 15 29 35 35 35 35 32 33 33 38 46 56 66 72 75 70 63 58 54 52 50 44 42 41 41 41 43 39 40 42 40 42 42 40 40 39 37 33 31 29 25 22 22 24 26 30 32 33 33 37 39 39 40 37 33 29 23 
27 29 29 31 35 36 39 46 47 47 47 46 42 39 36 35 36 40 47 58 74 82 67 55 12 7 5 3 4 9 11 6 10 19 30 35 33 32 33 32 33 37 44 53 64 71 74 74 67 61 57 53 52 48 43 40 40 40 40 40 39 39 40 40 42 40 40 39 38 37 35 33 32 28 24 23 25 26 29 29 31 31 36 39 39 38 35 31 29 23 
30 33 36 37 40 43 44 44 52 45 43 40 36 33 28 30 37 44 65 79 85 78 58 39 12 7 3 3 7 14 18 11 12 24 33 34 32 32 31 31 35 39 49 61 71 74 75 73 65 60 56 52 51 47 42 39 38 38 38 38 38 39 39 40 39 39 39 39 38 37 36 33 33 30 25 24 25 26 29 30 30 32 36 39 39 37 35 31 29 23 
26 32 36 37 38 38 37 37 36 30 26 27 30 32 32 38 46 53 67 78 82 73 45 20 8 4 2 2 10 23 33 32 23 28 33 34 33 32 31 32 38 45 56 68 75 75 74 72 63 59 56 52 51 46 42 38 37 36 37 37 37 39 39 40 39 39 39 38 38 37 35 33 33 31 26 24 26 27 29 30 29 30 33 37 37 37 32 30 28 23 
21 25 28 28 29 29 29 29 28 25 23 26 31 38 43 50 53 60 68 75 79 67 35 9 4 1 1 2 11 30 43 45 36 31 32 33 32 31 31 35 44 53 66 77 78 74 73 71 60 59 54 52 50 46 40 37 36 36 36 36 37 39 39 39 39 38 39 38 37 36 35 35 35 33 29 24 25 25 28 29 28 29 31 36 37 36 33 29 26 22 
15 17 19 23 24 25 25 26 26 29 32 35 39 44 48 53 54 57 61 66 72 60 31 10 5 2 2 2 6 22 35 37 35 31 30 31 32 32 33 38 50 60 71 78 77 72 70 67 58 57 53 50 48 45 39 36 35 36 35 36 37 38 38 38 37 38 37 38 36 36 35 35 35 33 30 26 24 24 25 28 24 25 30 33 37 36 32 29 24 22 
12 16 19 24 26 26 26 28 31 36 42 44 45 45 48 50 50 47 49 56 65 55 31 10 5 4 4 3 6 17 28 29 30 30 29 31 32 33 34 43 58 68 74 77 74 70 68 66 56 54 52 50 46 43 38 36 35 35 35 36 36 38 38 38 37 37 37 37 36 35 33 33 32 32 30 28 25 23 24 24 23 23 28 31 35 33 30 26 24 22 
11 16 19 24 29 31 33 36 39 43 46 46 46 45 44 41 40 36 40 49 59 54 33 11 3 0 3 4 8 15 26 33 31 30 29 29 33 38 43 52 67 75 75 74 72 68 65 63 53 52 51 48 45 42 38 36 35 33 33 35 37 38 38 38 37 37 37 36 36 35 32 32 31 31 30 28 26 24 23 22 23 22 25 29 32 32 29 25 23 20 
10 14 19 23 28 32 36 38 39 40 44 41 40 39 36 32 30 31 36 47 57 51 32 10 3 2 3 4 7 12 14 21 30 31 28 28 36 43 53 65 73 78 77 72 70 67 64 58 54 52 49 46 44 40 39 36 34 34 34 36 36 38 38 38 38 37 36 36 35 33 32 32 31 31 29 28 26 24 24 22 21 22 24 29 35 35 31 25 21 19 
5 11 18 22 24 26 28 29 31 32 34 33 32 31 29 26 28 30 35 45 57 54 36 12 5 3 3 3 5 7 10 12 24 30 29 30 37 46 57 67 75 79 77 71 68 66 59 56 53 52 47 45 43 39 37 34 34 33 34 34 37 38 38 38 37 37 36 35 33 33 32 32 31 31 29 28 26 25 25 23 22 22 23 28 31 32 30 25 21 18 
5 11 16 18 20 23 23 24 25 26 29 26 25 25 24 24 26 29 32 42 57 59 41 17 5 2 4 4 4 6 8 10 22 31 30 32 38 49 60 68 78 79 75 72 68 64 59 54 50 49 48 46 42 38 35 32 33 32 34 34 37 38 38 38 37 37 36 35 33 33 32 31 31 30 28 28 25 26 28 24 24 24 24 25 29 30 25 24 21 17 
3 8 11 14 17 19 19 21 22 23 25 25 24 23 25 25 28 29 31 39 58 65 51 20 3 1 3 3 3 7 8 11 19 31 33 36 44 56 65 73 75 76 75 72 65 59 54 51 47 47 48 46 40 37 33 32 32 32 33 34 36 38 38 38 38 37 35 35 35 33 32 32 32 31 30 28 26 26 28 26 24 24 24 23 26 27 25 22 19 17 
2 3 9 12 16 17 19 20 19 21 23 23 24 24 25 25 25 28 30 38 58 70 58 23 8 5 2 2 1 5 8 8 18 33 35 40 51 61 67 72 76 76 72 64 60 58 53 49 44 47 49 44 40 37 33 32 32 32 33 34 36 38 38 39 39 38 36 36 35 33 33 32 32 31 30 29 26 26 26 25 24 24 24 23 24 25 24 22 21 17 
1 2 6 11 15 17 19 20 19 21 22 24 24 24 26 26 25 28 30 38 57 74 65 29 11 5 1 2 2 6 8 11 18 33 37 45 58 68 72 72 74 74 68 63 61 59 53 47 44 46 46 43 40 37 33 31 32 31 33 33 36 37 38 39 39 38 38 37 36 36 35 35 33 32 31 30 29 29 29 25 26 25 24 22 24 25 24 22 19 16 
2 3 6 11 16 18 18 19 21 22 23 23 25 25 26 25 26 28 30 37 56 74 66 35 16 1 1 2 5 8 10 17 18 33 40 52 64 71 73 71 72 70 68 61 59 53 47 43 43 45 45 40 38 35 32 30 31 31 33 33 36 37 38 39 40 39 40 38 37 37 36 36 35 35 33 31 31 31 31 28 30 26 24 22 22 23 22 21 18 16 
2 3 6 11 16 18 19 21 22 22 23 25 26 26 26 26 28 29 30 38 56 74 67 42 24 8 1 4 8 9 10 19 19 38 47 57 68 72 74 71 70 67 66 60 53 49 43 43 43 45 44 40 38 35 32 30 31 31 33 33 36 37 39 40 40 40 40 40 39 38 37 37 36 36 36 35 35 35 35 31 32 28 25 22 19 21 19 18 17 16 
2 4 7 10 16 19 19 21 22 23 24 26 26 26 28 29 28 28 31 38 54 72 71 46 23 8 4 5 7 8 18 23 21 37 53 66 71 73 72 70 67 65 61 57 51 46 43 42 44 45 43 39 36 33 31 29 30 31 31 33 36 37 38 39 40 40 40 40 39 39 38 38 37 38 36 37 37 36 36 33 30 31 26 23 21 19 19 18 17 16 
3 4 5 10 16 19 19 21 22 23 25 26 28 29 30 30 30 30 32 37 51 71 75 52 27 10 4 4 5 6 11 19 22 40 60 72 75 72 71 67 64 60 58 52 49 43 40 42 43 44 42 37 35 32 31 30 30 30 31 32 35 36 38 39 40 42 42 42 40 39 39 38 38 38 38 37 37 37 36 35 33 35 28 25 22 18 18 18 16 16 
3 4 5 9 15 18 19 21 22 23 25 26 28 29 30 31 31 32 32 36 49 68 78 56 33 15 4 4 5 5 10 18 27 51 65 77 78 72 70 66 64 58 52 45 42 38 39 41 40 40 39 35 32 31 30 29 29 29 31 32 33 36 37 39 40 42 42 42 40 39 39 39 38 38 38 38 37 37 37 36 36 35 30 26 24 20 19 18 17 17 
3 4 4 9 13 17 18 21 22 23 25 25 28 29 29 31 31 31 33 37 46 68 80 59 40 18 5 4 6 5 9 17 32 55 70 78 77 70 67 64 60 54 47 42 37 35 37 40 39 38 37 33 32 30 29 29 28 29 30 31 33 35 36 38 39 42 42 42 40 40 39 38 38 38 38 38 37 37 37 36 36 36 31 26 24 23 22 19 18 17 
3 4 5 9 13 17 18 21 22 23 24 24 26 30 30 30 32 33 35 37 47 70 82 64 45 23 5 2 7 7 11 19 36 61 74 78 73 68 66 60 57 51 44 39 33 31 33 36 37 36 35 32 30 29 29 28 29 29 31 32 35 36 37 38 39 40 42 42 40 40 39 39 38 38 38 37 37 38 38 37 36 37 35 30 29 26 24 22 18 17 
4 5 6 9 13 16 17 19 22 23 25 25 26 30 30 30 31 32 33 37 46 68 85 70 52 30 10 2 8 11 14 19 40 65 74 74 70 64 61 57 53 46 39 32 30 30 32 35 35 33 31 30 29 29 29 29 29 30 31 33 36 37 37 38 39 40 42 42 40 40 39 39 38 38 38 38 38 38 38 38 37 37 37 35 32 30 27 24 18 18 
4 4 4 8 13 16 17 19 22 23 25 26 26 29 29 30 30 32 33 35 43 66 84 77 58 36 11 3 6 10 15 20 37 58 67 70 66 63 59 54 46 40 33 29 29 29 31 33 32 32 31 29 30 28 28 29 30 31 32 33 36 37 38 38 39 39 40 40 40 40 39 39 38 38 38 38 38 38 38 38 37 37 36 33 33 31 27 24 19 18 
3 5 5 8 12 15 17 19 22 23 25 26 28 29 29 30 30 32 33 35 40 58 86 90 60 38 15 3 5 10 15 20 35 56 65 65 63 61 57 50 40 36 30 25 23 23 26 30 29 31 31 29 29 28 28 29 30 31 32 33 36 38 38 39 39 39 40 40 40 40 39 39 38 38 38 37 37 38 38 37 37 36 36 35 34 32 29 25 21 19 
4 6 8 10 12 15 16 18 21 23 26 28 28 29 29 29 30 31 32 33 39 58 87 102 87 50 14 4 3 7 13 20 32 54 64 65 61 60 56 46 45 37 29 23 20 18 17 16 18 22 22 24 24 25 26 29 31 31 32 35 36 37 38 39 39 39 39 39 39 39 39 38 38 38 38 37 37 37 37 37 37 37 36 36 35 30 26 24 23 20 
3 6 10 10 12 15 16 18 21 22 25 28 28 28 28 29 29 30 32 33 38 50 85 125 117 82 28 3 2 5 13 18 32 57 64 64 60 59 54 46 42 33 25 19 18 17 17 15 16 18 18 19 21 24 25 29 31 32 32 35 36 38 38 40 39 39 40 40 39 39 39 38 39 38 37 37 37 37 37 37 37 37 37 36 35 31 26 24 22 19 
4 8 10 11 12 13 17 19 19 22 25 28 28 28 28 28 28 29 31 32 36 45 78 114 130 104 49 14 1 5 15 15 33 57 61 60 59 58 53 45 39 31 25 18 15 15 16 12 14 17 17 18 20 24 27 30 32 37 35 36 37 38 40 42 40 40 40 40 39 39 39 39 39 38 38 37 37 37 37 38 38 38 37 37 33 30 26 23 21 17 
5 9 11 11 12 13 17 19 19 22 25 28 28 28 28 28 28 29 30 30 33 40 71 113 130 116 68 29 4 5 17 17 31 53 60 60 59 58 52 43 39 30 23 16 15 15 15 12 12 15 17 17 20 24 29 31 37 40 39 37 39 40 40 42 40 40 40 40 39 39 39 39 39 38 38 38 37 37 38 38 38 37 37 36 33 31 28 25 23 22 
5 9 13 13 13 15 17 19 19 22 25 28 28 28 28 28 28 29 30 29 31 39 61 106 130 128 88 47 9 9 18 19 30 51 58 59 59 57 53 43 37 30 24 15 15 15 15 14 12 15 16 17 21 25 31 36 43 44 43 39 40 42 43 42 42 42 39 39 40 40 40 40 39 38 38 38 37 37 38 38 38 38 37 37 36 35 33 32 31 32 
7 10 15 16 16 17 18 19 20 23 25 28 28 28 28 29 28 29 29 26 30 36 49 90 129 137 109 72 24 15 17 18 32 50 56 57 59 57 52 42 37 30 25 18 16 16 15 14 15 17 19 19 23 30 38 43 46 46 44 40 42 43 43 43 42 42 39 39 40 40 40 40 39 39 38 38 38 38 38 38 38 38 38 39 40 42 43 43 44 44 
8 12 16 18 18 18 19 19 20 23 24 28 28 28 28 28 28 28 28 26 25 30 43 75 115 139 122 86 44 22 19 18 33 49 53 56 59 55 51 44 37 31 24 19 18 17 17 15 17 21 24 26 29 36 43 50 49 49 45 42 44 44 43 43 42 42 39 39 40 40 40 40 39 38 38 38 37 38 38 38 38 38 39 44 47 50 52 54 56 57 
9 15 19 19 20 19 18 18 19 22 23 26 28 26 26 28 28 28 26 26 25 29 35 58 97 135 132 99 58 28 21 17 35 50 51 53 58 57 53 45 38 35 27 22 21 19 21 21 22 24 29 31 34 40 46 51 50 49 45 44 44 43 44 43 40 39 38 39 39 39 39 39 38 38 38 38 37 37 38 37 38 38 38 40 46 52 58 61 64 64 
10 15 19 22 21 18 19 18 19 22 23 25 26 26 26 26 28 28 28 28 26 29 33 46 75 111 129 113 77 37 18 18 36 47 48 53 57 59 55 46 43 38 32 29 29 29 29 29 31 34 31 35 42 45 47 51 50 47 45 43 43 43 45 44 40 40 39 38 39 38 40 40 39 39 37 37 37 37 37 37 37 37 37 40 44 50 57 60 62 64 
10 16 21 23 22 19 18 18 19 22 23 25 26 26 26 26 25 26 28 28 28 30 32 35 51 90 111 110 84 57 28 19 35 45 47 51 54 55 53 50 46 43 38 37 39 39 39 37 37 40 37 38 43 46 47 50 50 49 46 45 45 44 45 44 41 40 39 39 40 42 43 41 41 40 37 37 37 38 38 37 37 37 36 38 43 47 53 57 60 60 
10 16 23 26 24 19 18 17 17 19 22 24 25 26 25 24 24 26 28 28 28 30 32 33 36 67 91 103 88 70 40 27 36 47 46 47 51 50 49 49 49 45 43 44 46 46 46 44 43 43 43 44 46 49 50 50 50 49 47 46 45 46 46 43 41 40 38 39 40 42 43 43 40 40 39 39 39 39 40 40 38 37 37 39 43 46 51 55 57 58 
11 16 24 29 25 19 17 16 15 18 22 24 24 23 23 24 25 26 26 28 29 30 31 33 33 46 69 85 88 71 50 32 37 53 51 49 54 51 51 51 51 50 49 49 51 47 49 45 45 45 45 46 50 50 49 49 49 49 47 46 46 46 46 43 43 40 40 40 40 40 41 41 40 40 40 40 42 42 43 42 42 40 39 39 42 46 52 54 55 55 
10 16 23 29 25 18 15 15 16 20 22 24 24 23 22 23 24 25 26 26 29 30 31 32 33 37 52 68 81 74 57 39 39 56 52 50 57 56 54 53 53 52 52 51 50 50 49 44 45 46 47 49 52 52 51 50 49 49 46 46 46 46 46 44 44 42 42 43 42 42 42 42 42 40 42 43 43 44 43 43 43 42 39 42 44 47 51 53 54 54 
10 15 23 28 23 17 15 15 15 18 21 23 23 23 23 22 22 24 25 26 28 29 30 31 31 32 43 59 78 76 62 45 42 57 52 50 59 58 56 53 53 53 53 51 50 50 50 45 46 46 49 50 54 54 51 50 49 47 47 46 45 44 45 44 44 40 40 40 39 39 39 40 39 39 42 43 43 44 43 44 44 44 42 43 46 49 52 53 54 54 
8 14 21 26 21 16 13 13 15 17 19 22 22 22 23 22 22 22 24 25 26 28 29 29 30 30 35 50 71 75 67 54 45 56 50 47 57 57 54 53 52 52 51 50 50 51 51 47 49 49 47 50 53 53 50 49 47 47 47 45 44 44 44 40 38 37 35 36 35 32 32 33 33 35 36 37 37 38 38 40 42 43 42 44 47 49 51 52 53 53 
7 14 19 24 19 15 13 12 13 16 18 21 21 21 22 22 22 23 23 24 25 28 28 29 29 29 28 37 59 68 68 61 52 56 49 46 55 55 53 53 51 51 51 49 50 52 51 49 51 51 50 51 54 53 51 49 47 47 46 43 40 38 36 33 29 28 28 25 24 25 23 24 26 28 29 31 31 31 32 32 35 38 39 43 47 50 51 52 53 53 
7 12 19 23 19 14 11 11 12 15 19 20 19 21 22 22 22 22 23 23 24 26 28 28 29 28 29 31 40 57 71 78 65 56 49 45 53 53 52 52 53 51 50 50 51 52 52 50 53 52 56 56 52 53 50 49 45 44 40 37 35 32 31 30 26 24 23 22 19 19 21 21 23 24 23 22 22 22 23 24 27 31 35 42 47 50 51 52 52 53 
8 14 19 23 19 14 11 11 12 15 18 20 19 19 21 21 21 22 22 23 24 24 25 26 28 28 30 31 37 52 69 79 72 58 50 45 51 52 53 54 53 51 50 52 51 51 52 50 52 51 56 51 47 50 45 43 42 37 32 29 26 24 23 23 19 17 18 16 16 15 16 17 18 18 17 17 17 18 19 18 19 24 29 35 44 50 51 51 52 52 
8 15 18 21 18 12 11 11 12 15 18 19 19 19 20 20 21 21 23 24 22 23 24 26 26 28 30 31 35 50 68 78 75 62 52 46 47 49 53 57 51 47 50 53 51 51 52 49 49 49 53 49 44 44 39 38 33 29 24 21 18 17 17 16 15 14 12 14 14 14 14 14 15 16 14 14 15 16 18 17 16 18 23 29 37 44 49 50 52 52 
8 14 18 19 17 12 10 11 11 14 17 18 18 18 18 19 19 21 22 23 22 22 24 26 26 28 29 30 33 46 65 80 79 64 50 44 44 43 50 53 49 47 50 51 49 50 49 46 46 46 50 45 40 39 33 30 25 22 19 17 16 15 15 14 12 14 14 14 14 12 14 14 14 12 12 12 14 15 15 15 15 17 20 25 32 39 47 51 50 51 
10 15 18 19 15 11 10 11 11 14 17 18 18 18 18 19 18 19 22 23 22 22 24 25 26 26 28 28 32 43 64 88 86 61 46 40 43 42 46 50 47 47 51 52 50 48 46 46 46 47 47 40 35 33 28 22 18 17 16 15 14 14 14 14 14 15 14 15 15 15 15 15 12 12 14 14 15 13 12 14 14 15 17 21 30 38 46 51 52 53 
11 15 17 19 15 11 11 10 11 14 17 19 18 17 18 19 19 19 20 23 22 22 23 24 25 25 26 28 30 39 63 92 90 65 43 32 37 38 39 44 49 50 51 54 54 52 50 50 52 50 51 42 33 31 25 18 16 16 14 13 12 14 14 14 15 15 15 14 15 15 15 13 12 12 14 14 13 15 15 14 14 14 17 23 32 42 49 52 54 55 
12 16 17 18 14 11 11 10 11 14 17 19 18 18 17 19 19 18 20 23 21 22 23 24 25 25 25 28 29 37 60 95 101 76 45 29 36 37 38 44 47 50 55 59 58 57 58 57 60 58 58 49 36 30 24 17 15 14 14 12 12 12 14 14 14 14 14 14 14 12 13 13 13 13 13 13 13 15 16 15 12 14 17 25 36 46 53 56 58 59 
11 13 17 17 14 11 11 10 11 14 17 18 17 18 19 20 19 19 23 22 22 22 23 23 24 25 26 28 29 35 58 97 114 89 60 39 32 32 36 44 47 47 54 60 59 59 64 67 61 57 54 47 37 26 19 16 15 15 14 12 14 12 14 12 14 14 12 14 12 12 13 13 13 13 13 13 13 15 16 15 14 14 17 25 37 49 56 58 60 61 
10 13 16 17 14 11 10 10 10 12 16 18 18 18 20 20 19 19 23 23 22 24 24 24 25 25 27 29 29 33 55 98 107 87 63 36 29 34 38 42 46 50 53 58 60 63 64 63 61 59 56 49 37 26 19 16 14 14 14 14 14 12 12 12 12 12 12 12 13 13 13 13 12 12 12 12 14 14 14 14 14 14 18 28 40 52 57 58 59 60 
9 12 15 16 14 10 9 9 9 11 16 17 18 19 20 20 21 21 22 23 23 24 24 24 25 24 25 27 28 32 52 94 108 97 74 47 40 45 46 44 46 51 52 57 61 64 64 61 61 62 63 54 40 31 21 15 14 13 12 14 14 12 12 12 12 12 12 12 13 13 13 13 12 12 12 12 14 14 14 14 14 15 19 31 45 52 56 58 59 60 
8 11 14 15 14 11 10 9 9 11 15 17 18 19 19 19 21 21 22 23 23 23 24 25 26 25 24 26 26 30 47 90 113 103 84 58 53 52 50 48 45 49 51 54 58 61 63 61 61 61 60 52 38 28 20 14 14 13 12 14 14 12 14 14 12 12 12 12 13 13 13 13 12 12 12 12 12 14 14 14 13 14 21 32 44 53 57 58 59 59 
9 12 14 15 14 11 10 9 9 11 15 17 18 18 19 19 19 19 22 23 22 22 24 25 26 25 24 25 25 29 46 86 114 114 95 74 68 63 60 54 44 45 45 47 52 54 59 59 59 59 56 46 35 25 19 14 14 14 14 15 14 14 14 12 12 12 12 12 13 13 13 13 12 12 12 12 12 12 14 14 14 16 24 36 45 53 58 58 59 59 
8 12 16 17 15 12 11 10 9 11 13 17 18 18 18 19 19 19 22 22 22 23 24 25 25 24 23 25 25 26 42 78 110 118 100 79 74 67 61 57 46 42 40 42 47 51 55 58 56 54 52 43 33 24 18 15 14 14 14 15 14 12 12 12 12 12 12 12 12 12 13 13 13 13 13 13 12 12 14 14 15 17 25 37 45 51 56 58 59 59 
9 14 17 18 16 12 10 9 9 10 13 16 17 17 18 18 19 19 22 22 22 23 24 25 25 24 23 25 25 23 35 72 109 123 101 78 72 65 61 54 47 42 38 40 43 47 54 57 53 52 49 39 30 23 18 15 14 14 14 14 14 12 12 12 12 12 12 12 12 12 13 13 13 13 13 13 12 12 14 14 14 16 25 39 45 50 53 54 55 57 
9 14 17 18 16 12 10 9 9 10 13 15 16 17 18 19 18 18 20 20 21 22 23 24 24 23 22 24 25 25 36 68 106 127 104 79 70 60 57 47 47 42 39 39 42 45 50 53 50 50 45 37 28 21 16 13 14 14 14 15 14 12 12 12 12 12 12 12 12 12 13 13 13 13 13 13 12 12 14 12 17 21 31 40 46 50 52 53 53 53 
10 15 17 18 16 14 10 9 9 10 13 15 16 17 18 19 18 18 20 20 21 21 22 23 23 22 22 24 26 30 32 52 94 118 114 90 68 54 53 48 43 42 39 38 42 45 47 51 50 50 44 35 25 18 15 13 13 13 14 14 14 12 12 12 12 12 12 12 12 12 13 13 13 13 13 13 12 12 12 14 17 22 32 41 47 51 51 52 53 52 
10 15 17 18 17 14 11 9 8 10 11 14 16 17 18 19 19 19 20 20 19 21 22 23 23 23 22 23 25 29 33 49 86 113 113 92 67 51 51 46 43 42 38 36 40 44 46 50 52 50 43 33 24 18 15 14 14 14 14 14 14 12 12 12 15 15 15 15 15 13 13 13 13 13 12 12 12 12 12 14 16 21 27 40 46 51 52 52 53 52 
9 14 16 18 17 14 10 8 8 9 10 12 15 16 17 18 18 18 19 19 19 19 21 22 23 23 23 23 24 29 33 38 73 103 115 100 70 46 46 46 44 40 36 31 33 39 44 50 52 48 42 31 24 18 15 14 14 14 14 14 14 12 12 12 15 15 15 15 15 13 13 13 13 13 12 12 12 12 14 14 16 21 29 40 46 51 51 51 52 52 
9 14 16 18 18 15 11 7 7 8 9 11 13 16 16 17 18 18 18 18 18 19 21 21 22 23 24 23 23 26 33 36 66 95 115 102 72 45 42 43 44 40 33 29 30 35 43 49 51 47 40 30 24 18 16 15 14 14 14 14 14 12 12 12 15 15 15 15 15 13 13 13 13 13 13 13 12 14 15 16 18 24 32 41 46 51 51 51 50 50 
9 15 17 19 19 16 11 7 5 7 7 10 12 16 16 17 18 18 18 18 18 18 19 21 22 23 25 24 22 25 32 36 60 89 113 104 77 47 40 40 40 38 31 29 31 36 43 49 51 46 39 30 24 18 16 15 14 14 14 14 14 12 12 12 15 15 15 15 15 13 13 13 13 13 13 13 12 14 15 16 21 28 36 43 47 50 51 50 51 50 
10 15 19 20 19 15 11 7 4 5 5 9 12 16 16 17 18 18 18 18 18 18 19 21 22 23 24 24 22 24 31 33 56 84 110 109 82 50 33 31 33 32 29 27 31 36 44 47 50 47 39 31 23 17 16 15 14 14 14 14 14 12 12 12 15 15 15 15 15 13 13 13 13 13 13 13 12 14 15 17 22 29 37 43 47 49 49 49 49 49 
10 15 19 20 18 15 10 5 4 5 5 7 10 15 15 16 18 18 17 18 18 18 19 21 22 22 24 24 22 23 30 32 51 78 110 115 90 54 33 30 29 29 29 30 31 35 43 47 50 47 40 33 24 19 17 16 14 14 14 14 14 12 12 12 15 15 15 15 15 13 13 13 13 13 13 13 14 14 15 18 23 31 38 43 46 47 47 49 49 47 
10 15 18 20 19 15 9 5 3 4 4 7 9 12 15 16 18 18 17 18 18 18 19 19 21 22 23 25 24 25 29 31 46 77 117 125 103 65 39 31 29 29 29 30 32 36 43 47 49 47 42 35 26 22 18 16 14 14 14 14 14 12 12 12 15 15 15 15 15 13 13 13 13 13 13 13 14 15 16 19 25 32 38 43 45 45 46 47 49 47 
11 14 18 20 18 13 8 4 3 3 3 5 9 12 14 16 17 18 18 18 18 18 19 21 22 22 23 25 25 25 27 30 42 71 119 132 115 75 45 33 29 28 27 30 32 36 43 47 49 50 45 38 31 24 20 18 15 15 14 14 14 12 12 12 15 15 15 15 15 13 13 13 13 13 13 13 14 15 17 21 26 32 38 43 45 45 46 47 46 47 
11 16 19 19 17 12 7 4 3 3 3 5 9 12 14 16 17 18 18 18 18 19 21 21 22 22 23 25 24 24 25 29 38 60 117 139 125 85 50 35 29 29 26 28 31 36 41 47 47 49 45 38 32 25 21 17 16 16 15 14 14 12 12 12 14 14 14 14 14 12 12 12 12 12 12 12 12 15 17 21 26 33 39 43 44 45 45 45 46 46 
11 16 19 18 16 11 7 4 3 2 2 5 8 11 14 16 17 17 17 18 18 19 21 21 22 22 23 24 23 24 26 30 35 50 108 138 131 93 56 33 32 30 26 26 31 36 41 46 46 49 45 39 33 26 22 17 16 16 15 14 12 12 12 12 14 14 14 14 14 12 12 12 12 12 12 12 14 16 18 22 28 33 40 43 43 44 44 45 45 45 
11 17 19 18 15 10 5 4 3 2 2 4 8 11 14 15 16 17 17 18 18 19 21 22 22 22 23 23 23 24 26 30 31 44 97 135 137 103 61 31 34 32 28 26 28 31 39 45 46 49 47 42 36 29 23 18 17 17 15 14 12 12 12 12 14 14 14 14 14 12 12 12 12 12 12 12 14 16 19 23 28 35 40 43 43 44 45 46 46 46 
13 19 20 17 13 9 4 3 2 2 2 4 8 11 14 15 16 17 17 18 18 19 21 22 22 22 23 23 23 24 28 30 30 40 87 131 143 113 67 30 31 31 29 25 24 29 38 45 46 51 49 44 37 29 23 19 18 17 15 14 12 12 12 12 14 14 14 14 14 12 12 12 12 12 12 12 14 17 19 23 30 36 40 43 44 44 45 45 45 45 
14 19 20 18 12 8 4 2 1 2 2 4 8 11 14 16 16 17 17 18 18 19 21 22 22 22 23 23 23 24 28 31 32 37 77 123 144 120 77 33 24 24 24 23 23 29 38 45 48 54 51 44 38 31 25 21 18 17 15 14 12 12 12 12 14 14 14 14 14 12 12 12 12 12 12 14 14 17 21 24 31 37 41 43 44 44 44 45 45 45 
16 18 19 17 11 7 3 2 1 1 2 4 8 11 14 16 17 17 17 18 18 19 21 22 22 22 23 23 23 24 28 32 35 38 67 114 142 124 86 42 19 21 19 21 21 26 36 43 50 55 51 45 40 35 28 24 19 17 15 14 12 12 12 12 14 14 14 14 14 12 12 12 12 12 14 14 15 17 21 25 32 37 41 44 44 44 44 44 45 44 
15 17 19 16 11 8 3 2 2 2 2 3 8 11 14 16 17 17 17 18 18 19 21 22 22 22 23 23 23 24 28 31 33 36 58 104 136 127 93 50 22 19 18 18 19 24 36 45 52 55 53 46 44 37 31 25 19 17 15 14 12 12 12 12 14 14 14 14 14 14 14 14 14 14 14 14 15 18 22 26 32 37 41 43 43 44 43 44 43 43 
15 17 18 16 11 8 3 2 2 2 2 3 8 11 12 16 16 16 17 18 18 19 21 22 22 22 23 23 23 24 28 31 32 35 50 96 131 128 97 54 23 19 16 17 18 24 36 46 50 55 54 51 46 39 33 27 20 17 15 14 14 12 12 12 14 14 14 14 14 14 14 14 14 14 14 14 15 18 23 28 33 38 41 44 43 43 43 44 43 43 
14 16 17 13 10 8 4 3 2 2 2 3 8 11 12 17 15 15 16 18 18 19 21 22 22 22 23 23 23 24 28 30 30 33 43 85 125 128 94 52 25 17 16 16 17 23 29 33 50 53 53 52 48 43 36 29 21 16 16 15 14 12 12 14 14 14 14 14 14 14 14 14 14 14 14 14 15 18 23 28 34 39 40 43 44 44 43 43 42 42 
14 16 16 12 10 8 4 3 2 2 2 2 5 8 10 13 14 14 16 17 17 19 21 22 22 22 23 23 23 24 26 29 30 32 40 78 122 129 99 58 29 16 16 16 18 21 25 30 45 50 51 53 51 45 39 31 24 18 16 15 14 12 12 14 14 12 14 14 14 14 14 15 14 14 14 14 15 18 24 29 36 39 40 43 44 44 43 43 42 42 
15 16 14 10 9 8 4 3 2 2 1 2 2 4 8 11 12 14 16 17 17 19 21 22 22 22 23 23 23 24 25 28 29 32 39 70 117 132 104 65 30 17 18 18 18 18 22 25 38 46 50 53 54 47 42 35 26 22 17 16 15 14 14 14 14 12 14 14 14 14 14 14 15 14 14 14 16 19 25 31 37 40 42 43 43 43 43 43 42 42 
16 17 12 9 9 6 4 3 3 2 1 1 1 3 6 11 12 14 16 17 17 19 21 22 22 22 22 23 23 23 25 26 29 33 38 61 111 132 108 71 35 22 20 20 19 21 22 23 32 38 44 51 54 50 43 36 30 22 17 15 15 14 14 14 14 14 14 14 14 14 12 14 14 14 14 14 16 21 26 33 39 41 43 43 43 43 43 43 42 42 
17 16 14 10 9 6 4 3 2 2 1 1 1 3 4 9 15 15 15 17 17 19 21 22 22 22 22 23 23 23 24 26 25 33 38 57 102 124 108 74 39 26 23 22 22 21 22 22 26 32 39 49 52 49 45 38 30 22 17 16 15 14 14 14 14 14 14 14 14 14 14 15 14 14 14 14 16 21 28 35 39 42 43 44 43 43 43 43 42 42 
16 16 14 10 8 5 4 3 3 3 2 1 1 3 5 10 15 15 15 17 17 19 21 22 22 22 22 23 23 23 24 24 25 31 36 52 92 116 104 75 44 30 28 26 24 24 23 21 24 30 35 43 51 50 46 39 32 24 18 16 15 15 14 14 14 14 14 14 14 14 14 15 14 14 14 14 16 21 26 35 39 40 43 44 43 43 43 43 42 42 
17 15 12 9 8 5 4 3 3 3 2 1 1 3 5 10 13 15 16 18 17 19 21 22 22 22 22 23 23 23 24 24 22 29 33 44 78 100 96 73 51 35 29 28 27 26 24 21 22 25 31 38 45 47 44 38 33 26 18 16 15 15 14 14 14 14 14 14 14 14 14 14 14 14 14 14 17 22 26 33 39 41 42 43 42 42 42 42 42 42 
18 16 12 9 6 5 3 3 3 2 2 2 2 2 5 10 12 15 17 18 18 19 21 22 22 22 22 23 23 23 23 24 22 28 31 38 67 89 90 73 54 35 30 31 29 27 23 22 22 24 28 33 39 43 44 38 34 26 19 16 15 16 15 14 14 14 14 14 14 14 14 15 14 14 14 14 17 22 26 32 38 40 40 40 40 42 42 42 42 42 
19 16 12 9 6 4 2 2 2 2 2 2 2 2 3 8 11 14 17 18 19 20 21 22 22 22 22 23 23 23 23 23 22 26 30 35 54 79 88 78 51 37 31 31 30 27 25 24 24 24 25 26 33 39 42 38 34 26 19 15 15 15 15 15 15 14 12 14 14 14 14 15 14 14 14 15 18 22 25 30 37 40 40 40 40 40 40 42 43 43 
22 15 14 8 5 4 3 3 2 2 2 2 2 2 3 5 11 14 17 17 19 20 21 21 22 22 22 22 23 23 23 24 23 26 30 32 49 72 86 79 57 40 33 32 31 30 29 29 28 25 22 22 25 33 40 37 36 29 21 15 15 15 15 15 15 14 14 14 14 14 14 14 14 14 14 14 17 21 25 29 36 39 39 42 42 42 42 42 43 43 
18 14 14 8 5 4 3 3 2 2 2 2 2 2 3 3 10 14 16 17 18 19 19 21 22 22 22 22 23 23 23 24 24 26 30 31 40 65 84 82 64 44 37 36 36 38 37 37 36 31 24 21 24 31 37 36 36 30 21 16 15 15 15 15 14 14 14 12 14 14 14 15 14 14 14 14 17 21 25 29 34 39 39 40 42 42 42 42 43 43 
22 16 14 9 5 3 3 3 2 2 2 2 2 2 2 2 7 12 16 17 18 19 19 21 21 21 22 22 22 22 24 25 25 28 30 31 38 61 84 85 69 51 42 43 43 46 47 50 39 33 25 22 23 26 31 35 34 31 23 16 16 15 14 15 15 14 14 14 14 14 14 15 14 14 14 14 16 18 22 26 32 37 39 40 42 42 42 42 43 43 
28 18 14 9 5 4 3 4 3 3 3 3 3 3 3 3 4 9 14 14 16 19 18 19 19 21 21 22 22 22 24 26 26 28 30 31 37 58 82 88 76 55 49 53 53 54 58 59 44 35 24 22 23 24 26 31 33 32 24 16 16 16 15 16 15 15 14 14 14 14 14 14 14 14 14 14 15 16 19 24 29 34 38 40 42 42 42 42 43 43 
42 30 21 10 5 4 4 4 3 3 3 3 3 3 3 3 3 7 11 14 16 18 18 19 19 19 21 22 22 22 24 26 26 28 30 31 34 55 81 88 78 58 53 58 57 59 61 64 49 36 23 18 22 23 25 30 32 31 23 16 16 16 15 16 15 15 15 15 14 14 15 15 15 14 14 14 15 15 17 21 25 32 36 39 40 40 40 42 43 43 
43 33 24 12 5 3 4 4 3 3 3 3 2 2 2 2 3 5 9 11 14 16 17 18 19 19 21 22 22 22 24 26 26 28 30 31 31 49 74 85 78 58 54 58 54 54 54 57 49 35 24 18 19 22 24 27 29 28 22 17 16 16 15 15 15 15 15 15 14 14 15 15 15 15 14 14 14 15 16 19 24 30 34 39 39 40 40 40 43 43 
46 40 29 14 4 3 4 3 3 3 3 3 2 2 2 2 3 4 7 10 14 15 16 17 19 21 21 22 22 23 24 26 26 28 30 31 30 42 66 82 78 52 45 49 45 44 45 44 39 32 28 18 17 20 23 25 25 23 21 17 16 15 16 16 16 16 15 15 15 15 15 15 15 15 15 14 15 15 16 19 24 29 33 38 39 40 42 42 43 43 
46 52 40 17 4 3 4 3 3 3 2 2 2 2 3 3 4 4 5 10 15 16 18 20 19 19 21 21 21 22 23 25 26 26 29 30 28 38 60 80 71 56 41 33 32 32 31 31 31 30 24 17 17 19 21 22 23 22 19 17 16 15 15 15 15 15 15 15 15 15 15 15 15 15 14 14 14 15 17 21 24 30 33 37 38 40 40 40 41 41 
57 61 45 22 4 4 3 3 3 3 2 2 2 2 3 3 3 4 5 9 13 17 19 20 21 19 18 21 22 22 23 25 25 26 29 30 28 36 57 78 68 54 38 29 24 24 24 24 25 25 21 16 17 19 19 22 23 22 19 18 16 15 15 15 15 15 15 15 15 15 15 15 15 15 15 14 14 15 16 19 23 29 33 38 40 40 40 40 41 41 
55 58 46 23 4 4 3 3 3 3 2 2 2 2 3 3 3 3 4 8 13 18 20 22 22 19 17 19 22 22 23 25 25 25 28 29 28 33 52 71 64 52 36 24 19 21 21 21 22 21 17 15 16 17 19 21 22 21 19 18 17 14 15 15 15 15 15 15 15 15 15 16 15 15 15 14 14 14 16 18 22 28 33 40 42 42 42 42 41 41 
54 55 41 20 4 4 3 3 3 2 2 2 1 1 2 3 3 3 3 7 13 17 20 22 21 18 17 19 22 22 23 25 25 25 28 29 28 33 47 66 61 50 33 23 17 18 19 21 21 21 17 15 17 17 18 21 21 21 19 18 17 14 14 15 15 15 15 15 15 15 15 16 15 15 14 14 14 12 15 16 21 25 32 38 40 40 40 40 41 41 
44 44 34 18 3 3 3 3 3 2 2 2 1 1 2 2 3 3 3 7 12 17 20 23 22 19 17 19 22 22 23 25 25 25 28 29 29 32 46 63 64 51 32 21 17 18 18 21 21 21 16 15 18 17 17 19 21 21 19 18 17 14 14 15 15 15 15 15 15 15 15 16 15 15 15 14 14 12 14 15 18 24 32 37 39 39 39 39 39 40 
37 38 30 15 3 3 3 3 2 2 2 2 1 1 2 2 3 3 3 7 12 17 19 22 21 18 17 18 21 22 24 25 25 26 29 29 29 32 45 61 65 53 33 21 17 18 18 18 19 18 17 16 17 17 17 19 21 21 21 19 17 14 14 15 15 15 15 15 15 15 15 16 15 15 15 14 14 14 12 15 17 23 31 36 38 38 38 39 39 39 
32 34 29 15 3 3 3 3 2 2 2 2 1 1 2 2 3 3 3 5 11 15 18 20 19 18 17 18 21 21 23 25 25 25 29 30 30 32 43 59 69 55 37 23 17 17 17 17 18 17 17 16 17 17 16 18 22 22 22 19 17 15 14 15 14 14 14 15 15 15 15 15 15 15 15 14 14 12 12 14 17 22 29 34 37 38 38 38 39 39 
36 34 27 13 3 3 3 3 2 2 2 2 1 1 2 2 3 3 3 4 10 15 18 20 18 18 18 18 21 21 23 25 25 25 29 30 30 32 42 57 73 58 39 24 17 16 16 17 17 17 15 16 16 15 17 21 22 22 22 19 17 15 15 15 14 12 12 14 15 15 15 15 15 15 14 12 12 12 12 14 16 21 27 34 36 37 38 39 39 39 
43 37 27 12 3 3 3 3 2 2 2 2 1 2 2 2 2 2 2 3 9 13 17 19 19 18 17 18 18 19 22 23 25 25 29 30 29 30 40 56 68 60 40 25 17 16 17 17 16 16 17 16 16 16 18 21 22 23 23 21 17 15 14 14 14 12 12 14 15 16 15 15 15 15 14 12 12 11 12 15 16 22 28 32 36 38 39 40 38 38 
52 40 29 13 3 3 2 2 2 2 2 2 1 2 2 2 2 2 2 3 8 13 17 19 17 17 17 17 17 21 22 23 24 25 29 30 29 31 39 52 66 61 43 26 16 16 17 17 15 15 16 17 16 16 18 21 23 23 23 22 18 16 14 14 14 14 12 14 15 16 16 16 16 15 14 14 12 11 12 14 16 21 25 32 37 39 40 41 40 39 
58 43 29 12 3 3 2 3 2 2 2 2 1 2 2 2 2 2 2 2 6 12 15 17 18 17 16 16 17 19 21 23 24 25 28 30 30 31 38 51 66 62 44 29 17 16 17 17 15 16 17 16 16 17 19 22 23 23 24 23 19 17 15 14 14 14 14 14 15 17 17 17 17 16 15 15 12 12 12 14 16 19 25 33 38 43 44 45 44 43 
61 42 26 12 3 3 2 3 2 2 2 2 1 2 2 2 3 3 3 2 6 12 15 16 18 17 16 16 17 18 21 23 24 25 28 31 32 31 36 50 62 60 46 30 17 16 18 18 17 16 17 16 16 17 19 22 24 23 25 24 22 19 17 15 14 12 14 15 16 17 18 18 17 16 16 15 14 14 12 14 16 19 25 33 40 45 47 48 47 46 
59 39 23 10 4 3 2 2 1 1 1 1 1 2 2 2 4 4 4 3 6 11 15 17 18 17 16 16 16 17 19 23 24 26 29 32 32 32 34 46 60 61 47 32 20 18 18 17 16 16 17 16 16 16 18 22 23 23 24 24 23 19 17 15 15 14 15 16 16 18 17 17 17 16 16 15 14 14 12 14 16 19 25 33 39 44 48 51 49 49 
51 33 19 9 4 4 3 2 1 1 1 1 1 2 2 2 4 4 4 3 6 10 13 15 16 16 15 15 16 17 19 22 24 26 29 31 32 31 33 40 59 60 50 36 22 18 17 17 17 16 17 17 16 16 18 22 23 24 25 25 24 21 18 17 15 14 15 16 17 19 18 18 18 17 16 15 14 12 12 14 16 18 23 31 38 43 45 47 45 45 
40 26 13 6 3 3 2 2 1 1 1 1 1 2 2 2 4 4 4 4 4 7 11 13 13 15 16 16 16 17 19 22 23 25 28 30 32 31 32 38 57 58 52 39 25 19 18 19 18 17 16 16 16 17 19 22 23 24 25 25 23 19 17 16 15 14 15 17 18 21 21 19 19 17 16 15 12 12 12 14 15 17 21 28 34 39 39 42 42 42 
29 19 11 5 3 3 2 2 1 1 1 1 2 2 2 2 4 4 4 4 3 4 8 12 12 15 16 16 16 17 19 22 23 25 28 30 32 31 32 38 48 55 53 42 29 20 19 20 18 18 16 16 16 17 21 22 23 24 26 25 22 19 17 16 15 15 16 17 19 22 22 22 19 18 16 15 12 12 12 14 14 17 21 28 34 38 38 38 38 38 
21 15 9 5 3 3 1 1 1 1 2 2 1 2 3 3 3 3 4 3 2 3 6 11 11 15 14 15 15 16 18 22 23 25 28 30 31 31 33 38 46 55 54 44 30 21 20 22 17 17 16 16 16 18 21 23 23 24 26 24 21 19 16 15 15 15 17 18 19 22 22 21 21 18 16 14 12 12 14 14 14 17 22 28 32 36 38 38 37 37 
18 10 7 4 3 3 1 1 1 1 2 2 1 1 2 3 3 3 3 2 2 2 5 8 10 15 15 15 16 17 19 22 22 24 26 30 31 31 32 37 44 54 54 45 32 21 20 20 17 17 16 16 16 18 21 23 23 24 26 24 19 18 16 15 15 15 16 18 21 21 22 22 21 18 16 14 12 12 12 14 15 17 22 28 31 35 37 37 36 36 
11 8 5 4 3 2 2 2 1 1 2 2 2 2 2 2 2 2 2 2 1 1 3 5 9 15 15 16 16 17 19 22 22 24 26 30 32 33 33 37 41 53 54 47 33 22 21 19 18 17 16 16 16 18 21 23 23 24 26 23 18 17 15 15 15 15 16 18 19 21 22 21 19 17 15 14 12 12 12 14 15 17 23 28 31 33 36 36 36 36 
11 5 4 4 2 2 2 2 1 1 1 1 2 2 2 2 1 1 1 2 1 1 2 4 8 13 16 17 16 17 19 21 22 25 28 30 33 33 35 37 39 51 53 49 37 24 21 18 18 17 16 16 16 18 21 23 23 24 25 22 18 17 15 15 14 15 16 18 19 21 21 21 19 17 15 14 12 12 14 14 15 18 24 29 32 35 36 37 36 36 
10 6 4 3 2 2 2 2 1 1 1 1 1 1 1 1 1 1 1 1 1 1 2 5 8 13 15 16 15 16 18 21 22 24 26 30 32 33 33 36 38 47 54 52 44 32 24 19 18 17 16 16 16 18 21 23 24 24 24 22 18 16 15 14 14 14 16 18 19 21 21 21 19 17 15 14 14 12 14 14 15 19 24 28 31 32 33 35 36 36 
9 4 4 3 2 2 2 2 1 1 1 1 1 1 1 2 2 2 1 1 1 1 3 5 8 12 15 16 16 17 19 22 22 24 26 30 32 33 33 36 36 45 53 56 51 40 30 22 16 17 16 16 16 18 21 24 24 23 23 21 17 15 15 15 15 14 16 18 19 21 21 21 19 15 14 14 14 12 14 14 16 19 24 28 30 32 33 35 36 36 
9 4 2 2 1 1 1 1 2 1 1 1 1 1 1 1 1 1 1 1 1 1 5 8 9 12 15 16 16 17 18 22 23 24 26 29 31 32 33 32 36 43 52 60 61 51 39 26 16 15 16 16 17 18 21 23 24 23 23 19 16 15 14 15 15 14 16 17 19 21 19 21 17 15 15 14 12 12 14 14 16 19 24 28 31 33 33 35 36 36 
5 4 2 2 1 1 1 2 2 2 2 2 2 2 1 2 1 1 1 1 1 3 6 9 10 15 16 16 16 18 18 22 23 24 26 28 30 31 31 31 32 38 51 60 64 57 44 30 16 15 15 16 16 18 21 23 24 24 24 21 16 15 14 15 15 14 15 16 18 18 18 18 18 16 15 14 12 12 14 14 15 19 24 29 33 35 35 35 34 34 
4 4 2 2 1 1 1 1 1 1 2 2 2 1 1 2 1 1 2 1 2 2 3 4 9 10 15 18 21 19 19 22 23 24 27 29 29 30 31 32 31 35 39 51 58 51 41 30 15 15 15 16 18 19 21 23 23 23 24 21 17 15 15 15 15 15 15 16 15 17 17 18 18 16 15 14 12 12 12 14 16 19 23 28 35 36 35 35 33 33 
