50 50 51 51 50 49 46 44 38 35 33 31 30 30 28 28 28 26 27 29 28 28 29 29 30 30 31 31 31 30 28 26 26 25 26 28 28 28 29 28 28 25 24 23 24 25 28 30 32 33 35 36 37 38 40 40 44 48 49 54 56 59 61 58 53 47 48 46 44 40 31 22 18 16 12 12 11 11 11 12 12 12 15 15 15 13 14 14 15 13 13 13 13 13 13 13 13 13 13 13 13 13 13 13 15 15 15 15 15 15 15 15 16 16 16 16 15 15 15 15 15 15 15 15 15 15 15 15 16 16 
49 49 50 52 51 49 46 44 39 36 34 32 31 30 29 29 28 28 29 27 26 28 28 28 30 30 31 30 30 29 26 25 25 25 25 26 28 28 28 28 26 25 24 24 24 25 28 30 32 33 35 36 37 38 40 41 45 51 53 61 63 64 62 46 22 15 41 58 66 67 61 53 40 29 17 16 14 12 12 12 12 12 13 13 13 13 12 12 13 13 13 13 13 13 13 13 13 13 13 13 13 13 13 13 15 15 15 15 15 15 15 15 16 16 16 16 15 15 15 15 15 15 15 15 15 15 15 15 16 16 
46 47 47 50 50 47 47 44 41 38 36 33 31 30 29 29 29 29 28 28 26 28 28 28 29 29 29 28 28 28 26 25 24 24 24 25 26 28 28 28 26 25 25 24 24 25 28 30 32 33 35 36 38 38 39 44 43 50 59 58 47 36 24 14 1 1 17 32 47 59 68 67 61 52 33 24 17 15 14 12 12 12 13 13 13 13 12 12 13 13 13 13 13 13 13 15 13 13 13 13 13 13 13 13 15 15 15 15 15 15 15 15 16 16 16 16 15 15 15 15 15 15 15 15 15 15 15 15 16 16 
44 45 46 47 47 46 46 44 40 38 36 33 32 31 31 30 30 29 29 28 26 28 28 28 28 28 28 28 28 28 25 25 24 23 24 25 26 28 28 28 28 26 26 24 24 25 28 30 31 33 35 35 39 37 36 43 40 44 45 32 18 10 4 2 1 5 2 2 9 19 35 44 46 53 50 44 32 23 16 12 12 12 13 13 13 13 12 12 13 13 13 13 13 13 13 13 15 13 13 13 13 13 13 13 15 15 15 15 15 15 15 15 16 16 16 16 15 15 15 15 15 15 15 15 15 15 15 15 17 17 
40 44 45 46 47 46 47 44 40 38 35 33 32 32 32 31 31 30 29 28 29 29 29 29 29 29 29 29 27 27 25 24 24 23 24 26 28 28 29 29 29 29 26 24 23 25 28 29 31 32 33 32 36 33 28 32 35 24 14 4 3 1 1 1 1 1 1 1 3 4 5 11 15 25 38 46 43 36 29 16 13 13 13 13 13 13 12 12 13 13 13 13 13 13 13 13 13 13 13 13 13 13 13 13 15 15 15 15 15 15 15 15 16 16 16 16 15 15 15 15 15 15 15 15 15 15 15 15 15 15 
40 42 44 45 46 46 46 45 41 39 35 35 33 33 32 32 31 30 29 28 29 29 29 29 29 29 29 29 29 26 25 25 24 24 24 26 28 29 29 29 29 29 26 23 23 23 25 26 29 30 32 31 31 26 16 15 14 7 2 1 1 1 1 1 2 2 2 2 3 3 4 5 5 8 11 19 26 32 39 30 13 13 13 13 13 13 12 12 13 13 13 13 13 13 13 13 13 13 13 13 13 13 13 13 15 15 15 15 15 15 15 15 16 16 16 16 15 15 15 15 15 15 15 15 15 15 15 15 16 16 
38 39 43 45 45 45 43 42 39 37 35 33 32 31 31 31 31 30 30 30 30 30 29 29 29 29 29 29 27 27 25 25 25 24 25 28 29 29 29 30 30 28 24 22 22 23 24 25 28 26 26 24 22 15 6 4 1 1 1 1 1 1 1 1 1 1 2 2 2 2 2 2 2 2 2 3 5 15 29 32 14 14 14 12 13 13 13 13 13 13 13 13 13 13 13 13 13 13 13 13 13 13 13 13 15 15 15 15 15 15 15 15 16 16 16 16 15 15 15 15 15 15 15 15 15 15 15 15 16 16 
37 39 43 44 44 43 42 39 39 37 35 31 31 31 31 31 30 30 31 30 30 30 30 30 29 29 29 29 29 27 25 28 26 25 26 29 29 30 30 30 30 28 24 21 21 22 24 24 25 21 16 14 11 6 2 2 1 1 1 1 2 1 1 1 1 1 1 1 2 2 1 1 1 1 1 1 1 1 8 21 12 12 15 14 13 13 13 13 13 13 13 13 13 13 13 13 15 15 15 15 15 15 15 15 15 15 15 15 15 15 15 15 16 16 16 16 15 15 15 15 15 15 15 15 15 15 15 15 15 15 
37 38 39 40 41 40 38 38 36 36 33 32 31 31 31 31 30 31 31 30 31 31 30 30 30 29 29 29 29 29 28 28 26 26 29 30 30 30 31 30 30 26 23 21 19 21 21 23 25 17 8 4 1 1 2 2 1 1 1 1 1 1 1 1 1 1 1 1 1 1 1 1 1 1 1 1 1 1 1 3 10 19 15 14 14 12 13 15 15 15 15 15 15 15 15 15 15 15 15 15 15 15 15 15 15 15 15 15 15 15 15 15 16 16 16 16 16 16 16 16 15 15 15 15 15 15 15 15 16 16 
36 37 37 38 37 37 35 33 33 32 32 31 30 30 30 31 31 31 31 31 31 31 31 31 30 30 30 30 30 30 29 28 29 29 29 30 31 30 31 30 29 25 23 21 19 17 18 19 21 10 6 5 4 2 1 1 1 1 1 1 1 1 1 1 1 1 1 1 1 1 1 1 1 1 1 1 1 1 1 3 4 10 16 16 14 12 13 15 15 15 15 15 15 15 15 15 15 15 15 15 15 15 15 15 15 15 15 15 15 15 15 15 16 16 16 16 16 16 16 16 15 15 15 15 15 15 15 15 16 16 
33 35 34 34 35 33 33 32 30 30 29 29 29 30 30 30 31 31 32 32 31 31 32 32 31 31 31 31 31 31 31 31 30 30 31 32 32 31 31 30 29 25 24 22 18 16 15 15 16 6 3 2 1 1 1 1 0 0 0 0 0 0 1 1 1 1 1 1 1 1 1 1 1 1 1 1 1 1 1 2 2 3 8 15 14 12 15 15 15 15 15 15 15 15 15 15 15 15 15 15 15 15 15 15 15 15 15 15 15 15 15 15 16 16 16 16 16 16 16 16 15 15 15 15 15 15 15 15 16 16 
37 38 37 34 35 32 31 31 31 29 28 28 29 30 30 31 31 31 32 32 31 31 32 32 31 31 31 31 31 31 31 31 31 31 32 32 32 32 31 31 28 26 24 22 17 16 15 14 10 4 2 2 1 1 0 0 0 0 0 0 0 0 1 1 1 1 1 1 1 1 1 1 1 1 1 1 1 1 1 1 1 2 4 10 12 14 15 15 15 15 15 15 15 15 15 15 15 15 15 15 15 15 15 15 15 15 15 15 15 15 15 15 16 16 16 16 16 16 16 16 15 15 15 15 15 15 15 15 15 16 
44 43 42 40 37 33 31 31 30 29 28 26 28 29 31 31 31 31 33 33 33 33 33 33 32 32 32 32 32 32 32 32 31 31 32 32 32 32 32 31 28 25 25 23 16 15 15 15 5 2 1 1 0 0 0 0 0 0 0 0 0 0 0 0 1 1 1 1 1 1 1 1 1 1 1 1 1 1 1 1 1 1 3 8 13 15 15 14 14 12 14 14 15 15 15 15 15 15 15 15 15 15 15 15 15 15 15 15 15 15 15 15 16 16 16 16 16 16 16 16 15 15 15 15 15 15 15 15 16 16 
51 50 49 47 45 39 32 32 32 30 29 28 28 30 30 31 31 31 33 33 33 33 33 33 32 32 32 32 32 32 32 32 31 31 32 32 32 32 32 31 29 25 24 21 16 15 15 13 5 2 1 1 0 0 0 0 0 0 0 0 0 0 0 0 1 1 1 1 1 1 1 1 1 1 1 1 1 1 1 1 1 1 2 4 12 15 15 14 14 12 14 14 15 15 15 15 15 15 15 15 15 15 15 15 15 15 15 15 15 15 15 15 16 16 16 16 16 16 16 16 15 15 15 15 15 15 15 15 16 16 
66 62 60 58 55 48 38 36 35 33 32 30 30 30 30 31 32 32 33 33 33 34 34 34 33 32 33 32 32 32 31 31 31 31 32 32 32 32 31 30 29 25 24 21 17 15 11 10 4 1 1 1 0 0 0 0 0 0 0 0 0 0 0 0 1 1 1 1 1 1 1 1 1 1 1 1 1 1 1 1 1 1 1 3 9 15 15 14 14 12 14 14 15 15 15 15 15 15 15 15 15 15 15 15 15 15 15 15 15 15 15 15 16 16 16 16 16 16 16 16 15 15 15 15 15 15 15 15 16 16 
74 69 68 64 60 57 49 42 38 37 33 32 31 30 30 31 32 32 33 33 34 34 36 34 34 34 34 33 32 32 31 32 32 31 32 32 32 32 31 30 29 25 23 21 18 13 10 7 4 2 1 1 0 0 0 0 0 0 0 0 0 0 0 0 1 1 1 1 1 1 1 1 1 1 1 1 1 1 1 1 1 1 1 2 6 15 16 14 15 14 14 14 15 15 15 15 15 15 15 15 15 15 15 15 16 16 16 16 16 16 16 16 16 16 16 16 16 16 16 16 15 15 15 15 15 15 15 15 16 16 
60 58 56 54 53 55 56 49 43 40 37 34 32 31 31 32 31 32 32 32 35 35 35 36 35 35 35 32 33 32 31 31 32 32 32 31 32 31 31 29 28 26 24 22 20 22 11 5 2 1 1 1 0 0 1 1 1 1 0 0 1 1 1 1 0 0 1 1 1 1 0 0 0 0 1 1 1 1 1 1 1 1 1 1 4 12 17 15 15 15 13 13 13 13 13 13 15 15 15 15 15 15 15 15 16 16 16 16 16 16 16 16 16 16 16 16 16 16 16 16 16 16 16 16 16 16 16 16 16 16 
53 52 52 53 55 57 56 49 46 43 39 36 33 31 32 32 31 32 32 33 35 35 37 39 38 37 35 33 33 32 31 32 31 32 32 31 31 31 31 29 26 25 25 23 22 16 7 3 1 1 1 1 0 0 1 1 1 1 0 0 1 1 1 1 0 0 1 1 1 1 0 0 0 0 1 1 1 1 1 1 1 1 1 1 3 9 15 17 16 15 13 15 15 15 15 15 15 15 15 15 15 15 15 15 16 16 16 16 16 16 16 16 16 16 16 16 16 16 16 16 16 16 16 16 16 16 16 16 16 16 
46 45 47 51 54 57 55 51 48 45 40 37 32 31 33 32 33 33 33 35 35 37 38 39 40 39 37 34 32 32 32 32 31 32 33 32 31 31 31 29 25 25 26 25 19 11 5 2 1 1 1 1 0 0 1 1 1 1 0 0 1 1 1 1 0 0 1 1 1 1 0 0 0 0 1 1 1 1 1 1 1 0 1 1 2 7 15 19 16 14 13 15 14 14 14 14 14 14 14 14 14 14 14 14 16 16 16 16 16 16 16 16 16 16 16 16 16 16 16 16 16 16 16 16 16 16 16 16 15 15 
43 40 43 46 50 52 53 51 48 45 40 37 31 30 31 31 32 33 32 35 36 37 39 40 40 39 37 36 32 32 32 32 32 31 32 32 31 31 32 31 28 28 29 25 18 9 3 2 1 1 1 1 0 0 1 1 1 1 0 0 1 1 1 1 0 0 1 1 1 1 0 0 0 0 1 1 1 1 1 1 1 0 1 1 2 4 15 22 17 14 13 15 14 14 14 14 14 14 14 14 14 14 14 14 16 16 16 16 16 16 16 16 16 16 16 16 16 16 16 16 16 16 16 16 16 16 16 16 15 15 
41 40 40 44 46 49 50 51 51 45 40 37 33 30 31 31 31 32 33 33 35 36 39 40 38 37 35 33 33 32 32 32 33 33 33 33 31 31 32 31 31 30 30 25 19 8 2 2 1 1 1 1 0 0 1 1 1 1 0 0 1 1 1 1 0 0 0 0 1 1 1 1 1 1 1 1 1 1 1 1 1 1 1 2 1 1 11 21 19 17 15 13 14 14 14 14 14 14 14 14 14 14 14 14 16 16 16 16 16 16 16 16 16 16 16 16 16 16 16 16 16 16 16 16 16 16 16 16 15 15 
41 40 40 42 45 46 50 52 52 46 40 37 33 30 30 30 30 31 32 32 32 33 37 38 36 35 33 33 32 31 32 33 33 33 33 33 31 31 32 32 31 31 30 26 19 6 2 2 1 1 1 1 0 0 1 1 1 1 0 0 1 1 1 1 0 0 0 0 1 1 1 1 1 1 1 1 1 1 1 1 1 1 1 1 1 1 11 22 22 17 15 13 14 14 14 14 14 14 14 14 14 14 14 14 16 16 16 16 16 16 16 16 16 16 16 16 16 16 16 16 16 16 16 16 16 16 16 16 15 15 
42 40 40 40 43 46 48 51 50 45 41 37 31 27 29 29 30 31 30 30 30 31 33 32 32 31 30 31 30 29 30 31 31 31 31 31 32 32 33 32 31 31 32 26 19 6 2 2 1 1 1 1 0 0 0 0 1 1 0 0 1 1 1 1 0 0 0 0 1 1 1 1 1 1 1 1 1 1 1 1 1 1 1 2 1 1 10 24 24 18 16 16 15 15 15 15 14 14 15 15 15 15 15 15 16 16 16 16 16 16 16 16 16 16 16 16 16 16 16 16 16 16 16 16 16 16 16 16 15 15 
39 42 42 42 43 44 48 51 50 45 41 36 30 26 27 26 26 29 28 28 26 28 30 29 29 28 28 26 26 28 29 30 30 30 30 30 32 32 33 33 31 31 32 28 21 6 2 2 1 1 1 1 0 0 0 0 1 1 0 0 1 1 1 1 0 0 0 0 1 1 1 1 1 1 1 1 1 1 1 1 1 1 0 1 1 1 12 23 19 17 15 15 15 15 15 15 14 14 15 15 15 15 15 15 16 16 16 16 16 16 16 16 16 16 16 16 16 16 16 16 16 16 16 16 16 16 16 16 15 15 
44 43 42 42 42 44 47 52 52 49 43 37 32 27 25 25 24 25 25 25 25 25 26 26 25 25 25 25 25 26 28 29 29 29 31 32 31 31 32 32 31 31 33 31 21 6 2 3 1 1 1 1 0 0 0 0 0 0 0 0 1 1 1 1 0 0 0 0 1 1 1 1 1 1 1 1 1 1 1 1 1 1 0 1 1 1 9 19 23 18 17 17 14 14 15 15 15 15 15 15 15 15 15 15 16 16 16 16 16 16 16 16 17 17 17 17 17 17 17 17 16 16 16 16 16 16 16 16 15 15 
44 43 42 42 42 44 48 51 51 49 44 37 32 27 24 24 24 24 24 24 23 24 24 24 23 23 22 23 24 25 26 28 28 29 31 31 31 30 30 32 31 32 36 33 23 6 2 2 1 1 1 1 0 0 0 0 0 0 0 0 1 1 1 1 0 0 0 0 1 1 1 1 1 1 1 1 1 1 1 1 1 1 1 1 1 1 1 22 66 84 52 20 15 15 15 15 15 15 15 15 15 15 15 15 16 16 16 16 16 16 16 16 17 17 17 17 17 17 17 17 16 16 16 16 16 16 16 16 15 15 
43 44 44 42 43 46 47 51 53 49 44 37 30 26 23 23 23 23 23 23 23 23 23 23 22 22 21 23 24 25 27 27 28 28 30 30 31 31 30 31 33 35 40 39 26 9 2 2 1 1 1 1 0 0 0 0 0 0 0 0 1 1 1 1 1 1 1 1 1 1 1 1 1 1 1 1 1 1 1 1 1 2 3 3 3 7 12 36 94 137 110 51 19 15 15 15 15 15 15 15 15 15 15 15 16 16 16 16 16 16 16 16 17 17 17 17 17 17 17 17 16 16 16 16 16 16 16 16 15 15 
44 45 44 43 43 45 47 51 51 49 44 37 30 26 24 22 23 23 23 22 22 22 22 22 22 21 22 22 23 24 26 29 28 28 30 31 31 32 32 32 35 37 43 40 28 10 2 2 1 1 1 1 0 0 0 0 0 0 0 0 1 1 1 1 1 1 1 1 1 1 1 1 1 1 1 1 1 1 1 1 1 2 4 8 8 16 36 45 63 97 101 54 19 17 16 15 15 15 15 15 15 15 15 15 16 16 16 16 16 16 16 16 17 17 17 17 17 17 17 17 16 16 16 16 16 16 16 16 15 15 
46 46 46 44 44 45 47 50 50 49 44 37 31 26 24 23 23 23 23 23 22 23 22 22 22 21 22 23 23 24 26 29 28 28 29 30 30 31 32 33 35 37 43 40 28 10 3 2 1 1 1 1 0 0 0 0 1 1 0 0 1 1 1 1 1 1 1 1 1 1 1 1 1 1 1 1 1 1 1 1 2 4 9 16 17 24 40 39 30 47 67 50 19 16 14 14 14 14 15 15 15 15 15 15 16 16 16 16 16 16 16 16 17 17 17 17 17 17 17 17 16 16 16 16 16 16 16 16 15 15 
46 47 46 45 44 45 47 48 49 46 43 37 31 26 24 23 22 22 22 20 22 22 21 21 21 21 21 22 23 24 26 27 28 28 29 30 30 31 32 32 33 35 40 38 26 9 3 2 1 1 1 1 0 0 0 0 1 1 0 0 1 1 1 1 1 1 1 1 1 1 1 1 1 1 1 1 1 1 1 1 2 6 17 24 25 25 35 35 28 39 57 46 20 15 14 14 14 14 15 15 15 15 15 15 16 16 16 16 16 16 16 16 17 17 17 17 17 17 17 17 16 16 16 16 16 16 16 16 16 16 
46 46 46 44 44 44 45 46 47 46 43 37 30 25 24 22 22 21 21 21 21 21 21 21 21 21 23 22 23 24 25 26 29 29 29 30 30 31 31 31 31 33 37 35 24 9 3 2 1 1 1 1 1 1 0 0 1 1 0 0 1 1 1 1 1 1 1 1 1 1 1 1 1 1 1 1 1 1 1 1 5 12 18 25 25 23 28 28 29 42 37 23 17 15 15 15 15 14 15 16 15 15 15 16 16 16 16 16 16 16 16 16 17 17 17 17 17 17 17 17 16 16 16 16 16 16 16 16 16 16 
46 46 46 45 44 44 45 46 46 45 41 36 30 25 23 22 21 21 19 21 21 21 21 21 21 22 23 23 23 24 25 26 29 29 28 29 29 29 30 29 29 31 35 35 24 9 3 2 1 1 1 1 1 1 0 0 1 1 0 0 1 1 1 1 1 1 1 1 1 1 1 1 1 1 1 1 1 1 1 1 12 19 22 26 24 23 26 25 30 42 32 19 17 15 15 15 15 15 16 16 16 16 16 16 16 16 16 16 16 16 16 16 17 17 17 17 17 17 17 17 16 16 16 16 16 16 16 16 16 16 
45 45 46 45 44 43 44 45 46 44 40 35 30 25 23 22 21 21 19 21 21 21 21 21 22 23 23 23 23 24 26 27 27 27 29 29 28 26 26 28 28 30 33 36 23 8 3 2 1 1 1 1 1 1 1 1 1 1 1 1 1 1 1 1 1 1 1 1 1 1 1 1 1 1 1 1 1 1 1 1 11 20 24 24 23 22 23 23 26 31 25 18 17 16 15 15 17 17 17 17 16 16 16 17 16 16 16 16 16 16 16 16 16 16 16 16 16 16 16 16 16 16 16 16 16 16 16 16 16 16 
47 49 47 47 46 45 46 46 46 44 40 36 30 24 23 23 21 21 21 21 21 21 21 22 22 23 23 23 23 24 25 26 26 26 27 27 26 26 26 26 26 29 32 36 23 7 2 2 1 1 1 1 1 1 1 1 1 1 1 1 1 1 1 1 1 1 1 1 1 1 1 1 1 1 1 1 1 1 3 5 11 19 22 23 22 19 17 17 22 26 22 17 17 17 16 15 17 17 17 17 17 16 16 17 16 16 16 16 16 16 16 16 16 16 16 16 16 16 16 16 16 16 16 16 16 16 16 16 16 16 
52 52 51 51 50 49 50 50 49 46 43 36 30 25 23 23 22 21 21 21 21 21 21 22 23 23 23 23 23 24 24 24 25 25 25 27 25 25 26 25 26 29 32 33 21 6 2 3 2 2 1 1 1 1 1 1 1 1 1 1 1 1 1 1 2 2 1 1 1 1 1 1 1 1 1 1 1 1 3 11 17 20 21 23 23 19 14 16 25 28 19 16 16 16 16 16 17 17 18 17 17 17 17 17 16 16 16 16 16 16 16 16 16 16 16 16 16 16 16 16 16 16 16 16 16 16 16 16 16 16 
58 58 58 57 57 56 56 53 53 51 45 37 31 26 23 23 21 21 21 21 21 21 21 22 23 23 22 22 23 23 23 23 25 25 25 26 25 24 25 25 25 29 33 33 21 6 2 3 2 2 1 1 1 1 1 1 1 1 1 1 1 1 1 2 2 2 2 1 1 1 1 1 1 1 1 1 1 3 6 15 19 20 21 22 23 19 15 19 37 37 18 15 16 16 16 16 17 17 18 18 17 17 17 17 16 16 16 16 16 16 16 16 16 16 16 16 16 16 16 16 16 16 16 16 16 16 16 16 16 16 
67 66 66 65 65 65 63 60 59 56 50 42 32 26 24 23 22 21 21 21 21 21 22 22 22 22 22 22 22 22 23 24 23 23 24 24 24 24 25 24 25 29 32 33 25 11 5 5 3 1 1 1 1 1 1 1 1 1 1 1 1 1 1 1 2 2 2 2 2 1 1 1 1 1 1 1 2 4 6 15 18 19 21 21 22 17 15 29 45 40 19 16 16 15 16 16 18 18 18 18 17 17 17 17 17 16 16 16 16 16 16 16 16 16 16 16 16 16 16 16 16 16 16 16 16 16 16 16 16 16 
73 73 73 72 73 73 70 68 65 61 56 46 35 26 24 23 22 21 21 21 21 21 22 22 22 22 22 22 22 22 23 23 22 22 22 23 23 23 25 24 26 30 33 35 31 19 15 15 5 1 1 1 1 1 1 1 1 1 1 1 1 1 1 2 3 3 2 2 2 1 1 1 1 1 1 1 4 5 9 17 24 23 21 19 20 18 19 36 44 30 18 17 16 16 16 16 17 17 18 18 18 17 17 17 16 16 16 16 16 16 16 16 16 16 16 16 16 16 16 16 16 16 16 16 16 16 16 16 16 16 
75 75 75 76 78 78 75 73 71 66 59 46 35 28 24 22 21 19 21 21 21 22 23 23 23 23 23 23 23 23 23 23 22 22 22 22 23 24 24 24 26 30 34 40 40 37 35 23 8 3 1 1 1 1 1 1 1 1 1 1 1 1 1 2 2 2 2 2 2 1 1 1 1 1 2 4 5 9 15 22 24 23 23 21 19 19 23 37 38 20 15 16 15 15 16 17 17 17 18 18 18 18 18 17 16 16 16 16 16 16 16 16 16 16 16 16 16 16 16 16 16 16 16 16 16 16 16 16 16 16 
74 75 75 76 78 78 75 73 73 68 58 46 33 26 23 22 19 19 21 21 21 22 23 23 24 23 23 24 24 23 23 23 22 22 22 22 23 24 24 25 28 31 37 43 45 46 49 36 16 3 1 1 1 1 1 1 1 1 1 1 1 1 2 2 3 3 2 2 2 1 2 1 1 1 2 6 5 10 17 19 21 25 24 23 23 22 22 28 27 20 16 15 15 15 16 17 17 17 18 18 18 18 18 17 16 16 16 16 16 16 16 16 16 16 16 16 16 16 16 16 15 15 16 16 16 16 16 16 16 16 
68 69 71 72 71 72 70 70 68 64 53 44 33 26 22 21 21 21 21 22 22 23 23 24 24 24 24 24 24 24 23 23 22 22 23 23 24 25 25 26 28 32 37 42 50 56 58 42 15 4 1 1 1 1 1 1 1 1 1 1 1 2 3 3 3 4 3 3 2 2 2 2 2 1 2 5 8 11 16 19 22 25 28 24 24 22 25 24 20 19 15 14 16 16 15 16 16 16 18 18 18 18 17 17 16 16 16 16 16 16 16 16 15 15 15 15 15 15 15 15 15 15 15 15 15 15 16 16 16 16 
60 61 61 61 62 62 61 63 61 57 50 39 32 26 23 22 22 22 22 22 24 23 24 25 25 26 26 26 26 25 24 24 23 23 24 24 24 25 25 26 28 32 38 43 50 56 59 46 19 4 1 1 1 1 1 1 1 1 1 0 1 2 3 4 4 5 5 4 4 2 2 3 3 4 3 9 12 14 18 21 23 26 28 25 24 19 17 18 17 16 15 15 16 16 15 16 16 16 18 18 18 18 17 17 16 16 16 16 16 16 16 16 15 15 15 15 15 15 15 15 15 15 15 15 15 15 16 16 16 16 
51 52 52 52 52 52 52 53 53 49 44 36 31 26 24 23 23 23 23 24 25 25 26 26 27 27 27 27 27 27 25 24 24 24 24 23 23 24 24 26 29 32 38 43 47 52 58 44 21 6 2 1 1 1 1 1 1 1 1 0 1 2 3 4 7 7 7 5 5 3 3 4 5 5 8 10 15 17 19 22 23 24 25 24 23 16 10 12 15 15 16 17 16 16 16 16 17 17 17 17 16 17 16 16 15 15 15 15 15 15 15 15 15 15 15 15 15 15 15 15 15 15 15 15 15 15 16 16 16 16 
43 44 45 45 45 44 44 44 44 40 36 32 30 26 24 24 24 24 25 26 26 28 28 29 30 30 30 30 30 30 26 24 24 24 24 23 24 25 25 26 28 31 36 40 44 49 53 40 22 8 2 1 1 1 1 1 1 1 1 1 2 2 3 5 8 9 10 9 8 7 7 7 9 10 10 14 18 18 21 22 23 24 25 23 19 15 11 12 15 15 17 17 16 16 16 16 17 17 17 17 16 17 16 16 15 15 15 15 15 15 15 15 15 15 15 15 15 15 15 15 15 15 15 15 15 15 16 16 16 16 
39 39 40 40 39 39 39 39 38 37 33 31 28 25 25 24 25 25 26 28 28 29 30 30 31 31 30 30 30 30 28 26 25 25 24 24 24 25 26 26 28 30 32 36 40 44 50 43 26 10 3 2 1 1 2 2 2 2 2 2 2 3 4 6 10 11 12 14 11 8 7 8 9 10 11 14 17 17 19 22 22 24 26 29 22 17 15 14 16 16 17 19 18 18 18 18 17 17 17 16 16 17 17 16 15 15 15 15 15 15 15 15 15 15 15 15 15 15 15 15 15 15 15 15 15 15 16 16 16 16 
37 38 38 38 38 38 37 37 36 35 34 31 28 25 25 25 25 26 28 29 29 30 30 30 31 31 30 30 30 30 28 28 26 26 26 25 25 25 25 28 28 29 31 35 38 42 46 36 31 16 4 2 1 1 2 2 2 2 2 2 2 3 3 8 12 14 15 16 11 9 9 9 9 10 11 14 16 16 17 19 19 22 30 38 29 19 19 18 17 16 16 18 17 17 17 17 17 16 16 16 16 17 17 16 15 15 15 15 15 15 15 15 15 15 15 15 15 15 15 15 15 15 15 15 15 15 16 16 16 16 
38 38 38 38 39 38 38 38 38 36 32 29 26 25 25 25 25 26 28 29 29 30 31 31 31 30 30 30 30 30 28 28 26 26 25 25 25 25 25 28 29 30 31 33 37 39 40 38 35 18 5 3 1 1 2 2 2 2 2 2 2 3 3 9 15 16 17 16 11 9 9 10 10 10 11 12 14 15 16 17 18 19 24 30 24 22 24 21 17 17 16 18 19 18 18 18 18 17 16 16 16 17 17 16 15 15 15 15 15 15 15 15 15 15 15 15 15 15 15 15 15 15 15 15 15 15 16 16 16 16 
39 39 40 40 40 39 40 39 39 37 32 29 26 25 25 25 25 26 28 29 29 29 31 30 30 30 29 29 30 30 28 26 26 25 25 26 25 26 26 30 30 31 32 33 37 38 38 40 36 22 6 4 1 2 2 2 2 2 2 2 2 3 4 11 16 19 18 16 12 10 9 9 11 11 11 12 12 14 15 16 16 16 16 12 13 20 24 23 23 18 17 22 21 19 19 19 18 18 17 16 16 17 17 16 16 15 15 15 15 15 15 15 15 15 15 15 15 15 15 15 15 15 16 15 15 15 16 16 16 16 
40 40 42 42 41 41 39 38 38 36 32 29 26 26 26 26 26 26 26 28 28 29 29 29 28 28 27 27 27 29 26 26 25 25 25 25 27 27 28 30 33 36 33 33 38 41 39 40 36 25 10 5 2 2 2 2 1 1 1 1 1 2 4 11 16 19 18 16 12 10 10 11 11 11 11 12 14 14 14 15 16 19 21 10 5 6 12 24 29 30 32 30 21 18 20 20 19 17 16 16 16 17 16 16 15 15 16 15 15 15 15 15 15 15 16 15 15 15 15 15 15 15 15 15 16 16 16 17 17 17 
39 40 42 40 43 41 39 37 36 35 31 28 25 25 25 25 26 26 28 28 28 28 26 28 26 26 27 26 26 26 25 25 24 24 24 25 26 27 29 30 31 32 31 35 41 44 42 37 35 32 28 11 2 2 2 1 1 1 1 1 1 2 5 11 16 18 17 15 14 11 11 11 12 12 12 12 14 15 15 15 17 19 18 8 2 0 3 24 38 51 50 39 23 18 20 22 19 18 16 15 16 17 16 16 16 15 16 15 15 15 15 15 15 15 16 15 15 15 15 15 15 15 15 15 16 16 16 17 17 17 
39 40 43 43 42 40 39 37 35 32 30 28 25 25 26 26 26 26 28 28 26 26 26 25 25 24 25 25 23 23 23 24 24 24 25 25 25 26 29 31 31 31 32 36 42 44 42 43 44 45 53 32 8 3 3 1 1 1 1 1 1 1 3 8 15 16 15 15 14 12 12 12 14 15 14 15 15 15 16 17 17 18 17 15 4 0 3 22 38 55 54 50 38 24 22 23 22 19 16 15 17 17 16 16 16 16 16 15 15 15 15 16 16 16 16 15 15 15 15 15 15 15 15 15 16 16 16 17 17 17 
38 40 41 43 42 40 39 36 35 32 29 26 24 24 26 26 26 26 26 26 25 25 24 24 24 24 24 24 22 22 23 24 24 24 25 24 25 29 31 32 35 35 35 37 39 39 37 51 54 52 56 49 23 4 1 2 2 1 1 1 1 1 1 4 10 11 10 12 14 14 14 14 15 16 16 16 15 16 16 16 16 16 16 16 7 0 3 17 24 30 33 44 46 39 29 29 25 19 16 16 17 18 18 16 16 16 16 14 14 16 16 16 16 16 16 15 15 16 15 15 15 16 15 15 15 16 16 16 16 17 
37 38 40 43 42 39 37 35 32 31 28 25 25 25 26 27 26 26 25 25 26 24 24 23 23 24 24 23 22 21 22 24 24 24 24 25 26 29 30 31 32 36 39 42 44 50 56 58 47 36 32 33 23 4 0 2 1 1 1 1 1 1 2 4 6 6 7 11 14 14 14 14 16 17 17 17 16 16 16 16 15 16 16 15 5 1 1 7 8 7 9 18 30 33 33 43 50 37 24 20 19 18 19 18 18 17 17 15 14 15 16 17 16 16 15 16 16 16 15 15 15 16 15 15 16 16 16 17 17 17 
37 38 39 40 40 38 36 33 32 30 26 25 25 25 25 26 26 26 25 26 26 25 23 23 23 24 24 23 21 21 22 24 24 24 25 25 28 29 31 29 31 40 50 53 57 63 66 51 32 11 5 9 3 1 1 2 1 1 1 1 1 1 2 3 5 6 8 10 12 12 12 11 12 15 17 17 17 16 16 15 15 16 17 16 5 1 1 1 2 2 2 3 9 15 18 31 71 86 68 46 30 18 21 18 18 17 17 17 15 16 16 17 16 16 16 16 16 16 16 16 15 16 15 16 16 16 16 17 17 17 
36 37 38 39 39 37 35 32 30 28 25 24 24 24 24 25 25 26 25 26 26 25 23 23 24 24 23 22 21 23 24 24 25 25 26 28 28 30 32 35 44 56 64 61 54 45 37 26 15 4 1 2 0 1 2 2 1 1 1 1 1 2 3 3 3 5 7 5 8 8 8 8 10 15 17 17 17 16 16 15 14 15 17 16 9 2 1 2 2 1 2 2 3 3 3 11 52 87 86 57 43 26 20 20 18 18 19 17 16 18 17 18 18 17 17 17 16 16 16 16 15 16 15 16 17 17 16 17 17 17 
36 36 37 38 37 36 33 31 30 26 25 24 23 24 24 25 26 26 26 28 26 24 24 24 24 24 22 22 22 23 23 24 23 24 24 26 29 35 49 52 49 56 63 50 30 12 7 6 4 4 3 2 1 2 1 1 1 1 1 1 1 1 1 2 2 3 4 3 4 4 3 8 11 14 15 16 16 16 15 13 12 14 16 15 10 3 1 2 2 2 2 2 2 2 2 3 20 36 38 26 43 72 64 33 24 23 20 18 15 18 18 19 22 19 17 18 17 16 16 16 16 16 16 16 17 17 16 17 17 17 
35 36 37 38 38 36 33 31 31 27 25 23 25 26 26 27 27 27 29 29 28 25 25 24 25 24 23 23 24 24 23 22 23 24 29 38 54 71 82 60 31 19 17 15 8 3 2 1 3 3 1 1 1 2 1 1 0 1 1 1 1 1 1 1 1 2 3 4 3 4 4 7 10 12 15 15 16 15 15 13 12 13 13 12 8 2 1 1 1 1 1 2 2 1 1 1 3 10 6 9 45 111 150 127 82 47 22 16 18 20 23 25 22 19 18 17 16 16 15 16 16 16 16 16 16 16 16 17 17 16 
36 37 38 39 38 37 35 31 30 27 25 24 25 26 27 27 27 29 29 29 28 26 25 25 25 25 24 23 22 22 24 23 36 49 64 70 71 71 61 37 16 7 4 4 3 3 2 2 2 2 1 1 1 1 1 1 1 1 1 1 1 1 1 1 1 2 4 4 5 7 8 9 11 11 14 15 16 16 15 13 12 12 11 9 3 1 1 1 1 1 2 2 1 2 3 1 3 11 16 13 23 57 110 150 163 136 95 60 32 15 11 18 18 18 17 17 16 15 15 16 16 16 16 16 16 16 16 17 16 16 
37 37 39 39 39 38 36 33 32 29 25 25 25 26 28 28 29 29 29 30 29 28 28 28 26 26 26 25 25 26 36 44 64 74 78 68 51 33 22 12 12 13 11 6 2 2 1 1 1 1 0 0 0 1 1 1 0 0 1 1 1 1 3 4 4 5 7 7 9 12 14 14 14 11 14 14 14 14 12 11 10 9 8 5 1 1 1 1 1 1 1 1 1 2 3 8 10 10 12 12 7 5 27 69 122 152 161 144 100 60 41 31 28 21 17 17 15 14 15 16 16 16 16 16 16 16 16 17 16 16 
38 38 40 42 42 40 37 33 33 31 26 26 26 26 28 28 29 29 29 30 29 29 29 29 28 29 29 31 40 50 59 65 67 60 50 36 25 18 15 14 17 18 14 6 2 2 1 1 1 1 0 0 0 0 1 1 0 0 1 2 2 1 2 4 3 5 8 9 11 16 16 16 14 12 11 12 12 12 11 10 9 8 5 3 1 1 1 1 1 1 1 1 2 2 2 14 29 12 3 4 4 4 5 11 30 61 107 138 140 129 124 117 95 67 38 19 15 14 15 16 16 16 16 16 16 16 16 17 16 16 
39 40 42 44 44 42 40 37 33 30 29 29 27 27 27 27 27 27 28 29 29 28 28 29 30 30 35 37 51 61 59 56 42 33 26 22 20 20 18 17 14 10 5 3 2 2 1 1 1 1 0 0 0 0 0 0 0 0 0 2 2 2 3 4 4 5 5 8 12 16 15 15 15 14 12 12 12 11 9 9 8 5 3 3 1 1 1 1 1 1 1 1 1 1 4 18 33 18 3 2 3 3 7 7 4 2 24 58 87 112 132 153 142 120 81 40 21 17 16 17 17 17 17 17 17 17 17 17 16 16 
40 42 44 45 45 44 43 40 37 32 31 30 29 27 27 27 27 29 28 29 28 26 28 28 30 31 38 42 45 43 37 31 22 21 18 17 17 15 11 9 8 7 8 9 8 5 3 1 0 0 0 0 0 0 0 0 0 0 0 0 1 2 3 3 4 4 3 4 8 11 11 12 14 14 11 10 10 10 8 7 5 4 2 2 1 1 1 1 1 1 1 1 1 2 5 10 15 16 10 2 2 2 3 4 4 4 16 32 45 59 73 90 100 109 100 73 40 22 18 18 18 17 17 17 17 17 17 17 17 16 
42 43 45 45 46 45 44 42 39 35 31 29 28 26 26 26 26 26 28 28 26 26 26 26 26 29 32 38 30 23 19 17 16 15 12 12 12 13 12 11 10 10 14 11 9 5 3 2 0 0 0 0 0 0 1 1 0 0 0 0 1 1 2 3 4 3 3 4 7 9 10 10 12 12 11 10 8 6 5 5 3 3 1 1 1 1 1 1 1 1 1 1 1 2 3 2 3 4 5 2 1 2 2 1 3 5 15 24 31 38 45 45 49 63 75 79 61 35 21 18 18 17 16 16 16 17 16 16 17 16 
44 44 46 46 47 46 45 44 40 37 32 29 26 26 26 26 26 26 28 28 26 28 26 25 24 23 23 23 18 13 13 15 15 18 23 24 26 26 22 18 15 10 8 5 3 2 2 2 1 1 0 0 0 0 1 1 0 0 0 0 1 1 2 3 4 4 4 6 7 8 10 12 11 10 9 8 5 4 3 3 2 2 1 1 1 1 1 1 1 1 1 1 1 1 2 2 2 1 1 2 1 1 2 2 2 3 4 4 4 12 23 27 28 39 53 61 63 57 36 18 18 18 16 16 16 17 16 16 17 17 
44 45 46 46 46 46 47 46 42 37 32 30 28 26 26 26 26 26 26 26 26 26 24 24 22 18 15 10 11 15 15 16 16 17 19 21 17 17 19 12 5 3 3 2 2 2 1 1 1 0 0 0 0 0 0 0 0 0 0 0 1 1 1 1 2 3 4 4 6 8 8 11 10 8 8 5 3 2 3 2 1 1 1 1 1 1 1 1 1 1 1 1 1 1 1 1 2 2 2 2 2 2 1 2 1 2 1 1 1 1 1 3 6 18 35 51 51 52 56 40 24 16 16 16 16 16 16 16 16 16 
44 45 45 46 46 46 46 47 42 37 33 30 29 26 26 26 26 26 28 28 26 26 23 19 16 11 8 8 13 19 18 16 12 9 6 4 2 2 1 1 1 1 1 1 1 1 1 1 0 0 0 0 0 0 0 0 0 0 0 0 0 0 1 1 2 2 2 2 4 5 4 5 7 5 5 3 2 2 2 2 1 1 1 1 1 1 1 1 1 1 1 1 1 1 1 1 2 2 2 2 2 2 1 1 1 1 1 1 1 1 1 1 1 1 8 36 47 43 51 54 44 29 17 15 14 15 15 15 16 16 
45 45 46 46 45 45 45 45 41 39 35 31 29 26 26 26 26 26 28 28 28 25 22 17 12 6 9 11 12 15 12 8 4 2 1 1 1 1 1 0 0 0 0 0 0 0 1 1 0 0 0 0 0 0 0 0 0 0 0 0 0 0 1 1 1 1 1 1 2 3 3 3 3 3 3 2 2 2 1 1 1 1 1 1 1 1 1 1 1 1 1 1 1 1 1 1 1 1 1 1 1 1 1 1 1 2 1 1 1 1 1 1 2 1 2 14 40 50 44 43 42 37 23 14 11 12 12 14 16 16 
43 43 41 41 41 41 41 41 39 39 36 32 29 26 25 25 24 26 28 28 26 24 19 11 9 8 15 15 9 5 5 3 2 2 1 1 2 1 1 1 0 0 0 0 0 0 0 1 0 0 0 0 0 0 0 0 0 0 0 0 0 0 1 1 1 1 1 2 3 3 3 3 3 3 2 2 2 1 1 1 1 1 1 1 1 1 1 1 1 1 1 1 1 1 1 1 1 1 1 1 1 1 1 1 1 1 1 1 1 1 1 1 2 1 2 2 21 47 45 31 28 35 31 21 14 16 16 15 16 16 
36 36 35 35 35 35 36 37 37 36 35 33 30 26 25 25 25 25 25 25 24 24 12 6 6 9 11 8 4 2 1 1 1 1 1 1 0 0 0 0 0 0 0 0 0 0 0 0 1 1 0 0 0 0 0 0 0 0 0 0 0 0 1 1 1 1 3 3 4 4 3 3 2 2 2 2 1 1 1 1 1 1 1 1 1 1 1 1 1 1 1 1 1 1 1 1 1 1 1 1 1 1 1 1 1 1 1 1 1 1 1 1 1 1 1 1 6 32 47 42 35 36 43 42 31 23 19 17 18 18 
30 29 30 29 29 30 31 31 33 33 35 33 30 26 25 25 25 25 25 25 25 19 8 9 12 12 7 3 2 1 1 1 1 1 1 1 0 0 0 0 0 0 0 0 0 0 0 0 1 1 0 0 0 0 0 0 0 0 0 0 0 0 1 1 1 1 3 4 5 5 4 3 2 2 2 1 1 1 1 1 1 1 1 1 1 1 1 1 1 1 1 1 1 1 1 1 1 1 1 1 1 1 1 1 1 1 1 1 1 1 1 1 1 1 1 1 3 12 33 49 47 42 51 61 49 28 15 17 19 19 
23 23 24 23 22 24 25 25 30 33 33 32 30 28 26 25 24 25 25 24 23 10 3 8 11 9 3 2 1 1 1 1 1 1 1 0 0 0 0 0 0 0 0 0 0 0 0 0 1 1 0 0 0 0 0 0 0 0 0 0 0 0 1 1 1 1 2 5 4 4 4 3 2 2 1 1 1 1 1 1 1 1 1 1 1 1 1 1 1 1 1 1 1 1 1 1 1 1 1 1 1 1 1 1 1 1 1 1 1 1 1 1 1 1 1 1 1 1 10 30 47 51 49 54 60 48 28 21 17 18 
19 21 21 21 21 22 23 23 28 31 31 31 31 29 28 26 25 24 22 14 10 6 4 6 7 5 2 1 1 1 1 1 0 0 0 0 0 0 0 0 0 0 0 0 0 0 0 0 1 1 0 0 0 0 0 0 0 0 0 0 0 0 1 1 1 1 2 5 5 5 5 4 2 2 1 1 1 1 1 1 1 1 1 1 1 1 1 1 1 1 1 1 1 1 1 1 1 1 1 1 1 1 1 1 1 1 1 1 1 1 1 1 1 1 1 1 2 1 2 6 25 47 49 37 43 48 44 31 28 22 
17 17 18 19 19 21 21 22 28 31 32 31 31 29 26 25 25 23 19 8 5 12 15 9 6 4 1 1 1 0 0 1 0 0 0 0 0 0 0 0 0 0 0 0 0 0 0 0 0 0 0 0 0 0 0 0 0 0 0 0 0 0 1 1 1 1 2 5 5 4 4 3 2 1 1 1 1 1 1 1 1 1 1 1 1 1 1 1 1 1 1 1 1 1 1 1 1 1 1 1 1 1 1 1 1 1 1 1 1 1 1 1 1 1 1 1 1 1 2 1 6 29 47 43 31 37 42 37 32 24 
16 16 17 18 18 18 19 21 25 30 32 31 32 30 28 26 24 21 17 9 10 18 18 10 5 2 1 1 1 1 1 1 0 0 0 0 0 0 0 0 0 0 0 0 0 0 0 0 0 0 0 0 0 0 0 0 0 0 0 0 0 0 1 1 1 1 1 4 4 4 5 3 2 1 1 1 1 1 1 1 1 1 1 1 1 1 1 1 1 1 1 1 1 1 1 1 1 1 1 1 1 1 1 1 1 1 1 1 1 1 1 1 1 1 1 1 1 1 2 2 2 9 31 47 42 32 32 30 29 21 
16 16 16 17 17 17 18 19 24 28 30 31 32 30 26 25 22 18 16 15 17 18 15 6 2 2 1 1 0 0 0 0 0 0 0 0 0 0 0 0 0 0 0 0 0 0 0 0 0 0 0 0 0 0 0 0 0 0 0 0 0 0 1 1 1 1 1 3 4 4 3 2 2 1 1 1 1 1 1 1 1 1 1 1 1 1 1 1 1 1 1 1 1 1 1 1 1 1 1 1 1 1 1 1 1 1 1 1 1 1 1 1 1 1 1 2 2 1 1 1 2 2 10 29 43 39 31 26 24 23 
16 16 16 17 17 17 18 19 23 26 29 30 31 29 25 24 21 12 12 19 21 14 6 3 1 1 1 1 0 0 0 0 0 0 0 0 0 0 0 0 0 0 0 0 0 0 0 0 0 0 0 0 0 0 0 0 0 0 0 0 0 0 1 1 1 1 1 2 3 4 3 3 2 1 1 1 1 1 1 1 1 1 1 1 1 1 1 1 1 1 1 1 1 1 1 1 1 1 1 1 1 1 1 1 1 1 1 1 1 1 1 1 1 1 1 1 1 1 1 1 3 3 3 5 26 44 43 36 31 26 
17 17 18 18 18 18 18 19 22 25 30 31 31 29 25 24 20 15 11 17 18 9 4 1 1 1 0 0 0 0 0 0 0 0 0 0 0 0 0 0 0 0 0 0 0 0 0 0 0 0 0 0 0 0 0 0 0 0 0 0 0 0 0 1 1 1 1 2 2 3 3 3 2 2 1 1 1 1 1 1 1 1 1 1 1 1 1 1 1 1 1 1 1 1 1 1 1 1 1 1 1 1 1 1 1 1 1 1 1 1 1 1 1 1 1 1 1 1 1 1 1 2 2 2 8 26 46 50 39 29 
17 18 18 18 18 18 18 19 22 25 29 31 31 30 25 22 18 15 15 15 9 4 2 1 1 1 0 0 0 0 0 0 0 0 0 0 0 0 0 0 0 0 0 0 0 0 0 0 0 0 0 0 0 0 0 0 0 0 0 0 0 0 0 1 1 1 1 2 2 2 3 3 2 2 1 1 1 1 1 1 1 1 1 1 1 1 1 1 1 1 1 1 1 1 1 1 1 1 1 1 1 1 1 1 1 1 1 1 1 1 1 1 1 1 1 1 1 1 1 1 1 1 2 2 3 6 30 50 35 33 
18 18 18 18 18 18 18 19 22 25 29 31 32 31 25 19 15 12 15 11 2 2 2 1 1 1 0 0 0 0 0 0 0 0 0 0 0 0 0 0 0 0 0 0 0 0 0 0 0 0 0 0 0 0 0 0 0 0 0 0 0 0 0 1 1 1 1 2 2 2 2 2 2 2 2 2 1 1 1 1 1 1 1 1 1 1 1 1 1 1 1 1 1 1 1 1 1 1 1 1 1 1 1 1 1 1 1 1 1 1 1 1 1 1 1 1 1 1 1 1 1 1 1 1 2 4 21 42 27 36 
17 18 18 18 18 18 18 19 22 25 30 32 33 32 26 19 12 10 8 4 2 2 1 1 1 1 0 0 0 0 0 0 0 0 0 0 0 0 0 0 0 0 0 0 0 0 0 0 0 0 0 0 0 0 0 0 0 0 0 0 0 0 0 1 1 1 1 1 2 2 2 2 2 2 2 2 1 1 1 1 1 1 1 1 1 1 1 1 1 1 1 1 1 1 1 1 1 1 1 1 1 1 1 1 1 1 1 1 1 1 1 1 1 1 1 1 1 1 1 1 1 1 1 1 2 3 14 30 27 31 
17 17 17 17 17 17 18 20 23 26 30 33 35 33 29 23 9 6 4 3 1 1 1 1 1 1 0 0 0 0 0 0 0 0 0 0 0 0 0 0 1 1 1 1 1 1 1 1 1 1 0 0 0 0 0 0 0 0 0 0 0 0 0 0 0 0 1 1 1 1 1 1 1 1 1 1 1 1 1 1 1 1 1 1 1 1 1 1 1 1 1 1 1 1 1 1 1 1 1 1 1 1 1 1 1 1 1 1 1 1 1 1 1 1 1 1 1 1 2 2 1 2 2 1 1 2 7 24 37 23 
16 16 16 16 16 16 18 19 23 26 30 36 37 33 26 19 6 4 3 2 1 1 1 1 1 1 0 0 0 0 0 0 0 0 0 0 0 0 0 0 1 1 1 1 1 1 1 1 1 1 0 0 0 0 0 0 0 0 0 0 0 0 0 0 0 0 1 1 1 1 1 1 1 1 1 1 1 1 1 1 1 1 1 1 1 1 1 1 1 1 1 1 1 1 1 1 1 1 1 1 1 1 1 1 1 1 1 1 1 1 1 1 1 1 1 1 1 1 2 2 1 2 2 1 1 1 5 21 41 30 
16 16 16 16 16 16 18 19 23 26 32 37 38 30 22 15 3 2 2 1 1 1 1 1 0 0 0 0 0 0 0 0 0 0 0 0 0 0 0 0 1 1 1 1 1 1 1 1 1 1 0 0 0 0 0 0 0 0 0 0 0 0 0 0 0 0 1 1 1 1 1 1 1 1 1 1 1 1 1 1 1 1 1 1 1 1 1 1 1 1 1 1 1 1 1 1 1 1 1 1 1 1 1 1 1 1 1 1 1 1 1 1 1 1 1 1 1 1 2 2 2 2 2 1 0 1 4 21 44 34 
16 16 16 16 16 16 18 18 22 25 32 37 35 28 19 11 3 3 2 1 1 1 1 1 0 0 0 0 0 0 0 0 0 0 0 0 0 0 0 0 1 1 1 1 1 1 1 1 1 1 0 0 0 0 0 0 0 0 0 0 0 0 0 0 0 0 1 1 1 1 1 1 1 1 1 1 1 1 2 2 1 1 1 1 1 1 1 1 1 1 1 1 1 1 1 1 1 1 1 1 1 1 1 1 1 1 1 1 1 1 1 1 1 1 1 1 1 1 2 2 2 1 1 1 0 1 4 22 45 36 
16 16 16 16 16 16 18 18 22 25 30 35 31 24 15 8 2 1 1 1 1 1 1 1 0 0 0 0 0 0 0 0 0 0 0 0 0 0 0 0 1 1 1 1 1 1 1 1 1 1 0 0 0 0 0 0 0 0 0 0 0 0 0 0 0 0 1 1 1 1 1 1 1 1 1 1 1 1 1 1 1 1 1 1 1 1 1 1 1 1 1 1 1 1 1 1 1 1 1 1 1 1 1 1 1 1 1 1 1 1 1 1 1 1 1 1 1 1 2 2 2 1 1 1 1 1 4 23 44 37 
17 17 17 17 17 17 18 18 20 24 28 31 26 21 11 5 2 1 1 1 1 1 1 1 0 0 0 0 0 0 0 0 0 0 0 0 0 0 0 0 1 1 1 1 1 1 1 1 1 1 0 0 0 0 0 0 0 0 0 0 0 0 0 0 0 0 1 1 1 1 1 1 1 1 1 1 1 1 1 1 1 1 1 1 1 1 1 1 1 1 1 1 1 1 1 1 1 1 1 1 1 1 1 1 1 1 1 1 1 1 1 1 1 1 1 1 1 1 1 2 2 1 1 1 1 1 3 24 44 40 
19 19 19 18 18 18 18 18 19 23 25 28 22 17 10 4 2 1 1 1 1 1 0 0 0 0 0 0 0 0 0 0 0 0 0 0 0 0 0 0 1 1 1 1 1 1 1 1 1 1 0 0 0 0 0 0 0 0 0 0 0 0 0 0 0 0 1 1 1 1 1 1 1 1 1 1 1 1 1 1 1 1 1 1 1 1 1 1 1 1 1 1 1 1 1 1 1 1 1 1 1 1 1 1 1 1 1 1 1 2 2 2 1 1 1 1 1 1 1 1 1 1 1 1 1 1 2 21 45 45 
20 20 19 19 19 19 19 19 19 22 24 25 19 16 9 4 2 1 1 1 1 1 0 0 0 0 0 0 0 0 0 0 0 0 0 0 0 0 0 0 1 1 1 1 1 1 1 1 1 1 0 0 0 0 0 0 0 0 0 0 0 0 0 0 0 0 1 1 1 1 1 1 1 1 1 1 1 1 1 1 1 1 1 1 1 1 1 1 1 1 1 1 1 1 1 1 1 1 1 1 1 1 1 1 1 1 1 1 2 2 2 2 1 1 1 1 1 1 1 1 1 1 1 1 1 1 2 18 44 46 
19 19 19 19 19 19 17 17 19 22 23 23 19 14 8 3 1 1 1 1 1 1 0 0 0 0 0 0 0 0 0 0 0 0 0 0 0 0 0 0 1 1 1 1 1 1 1 1 1 1 0 0 0 0 0 0 0 0 0 0 0 0 0 0 0 0 0 1 1 1 1 1 1 1 1 1 1 1 1 1 1 1 1 1 1 1 1 1 1 1 1 1 1 1 1 1 1 1 1 1 1 1 1 1 1 1 1 1 1 1 1 1 1 1 1 1 1 1 1 1 1 1 1 1 2 1 2 15 41 48 
20 20 20 19 19 19 17 17 18 19 22 22 18 12 6 2 1 1 1 1 1 1 0 0 0 0 0 0 0 0 0 0 0 0 0 0 0 0 0 0 1 1 1 1 1 1 1 1 1 1 0 0 0 0 0 0 0 0 0 0 0 0 0 0 0 0 0 1 1 1 1 1 1 1 1 1 1 1 1 1 1 1 1 1 1 1 1 1 1 1 1 1 1 1 1 1 1 1 1 1 1 1 1 1 1 1 1 1 1 1 1 1 1 1 1 1 1 1 1 1 1 1 1 1 1 1 2 9 33 51 
19 19 19 18 18 18 17 17 18 18 20 20 17 12 4 1 1 1 1 1 1 1 0 0 0 0 0 0 0 0 0 0 0 0 0 0 0 0 0 0 1 1 1 1 1 1 1 1 1 1 0 0 0 0 0 0 0 0 0 0 0 0 0 0 0 0 0 1 1 1 1 1 1 1 1 1 1 1 1 1 1 1 1 1 1 1 1 1 1 1 1 1 1 1 1 1 1 1 1 1 1 1 2 2 1 1 1 1 1 1 1 1 1 1 1 1 1 1 1 1 1 1 1 1 1 1 1 3 25 47 
19 19 19 18 19 18 17 17 18 18 19 19 16 11 4 1 1 1 1 1 1 1 0 0 0 0 0 0 0 0 0 0 0 0 0 0 0 0 0 0 1 1 1 1 1 1 1 1 1 1 0 0 0 0 0 0 0 0 0 0 0 0 0 0 0 0 0 1 1 1 1 1 1 1 1 1 1 1 1 1 1 1 1 1 1 1 1 1 1 1 1 1 1 1 1 1 1 1 1 1 2 2 3 2 1 1 1 1 1 1 1 1 1 1 1 1 1 1 1 1 1 1 1 1 1 1 1 3 19 39 
21 21 19 19 19 18 17 17 18 17 18 18 15 9 4 1 1 1 1 1 1 1 0 0 0 0 0 0 0 0 0 0 0 0 0 0 0 0 0 0 1 1 1 1 1 1 1 1 1 1 0 0 0 0 0 0 0 0 0 0 0 0 0 0 0 0 0 1 1 1 1 1 1 1 1 1 1 1 1 1 1 1 1 1 1 1 1 1 1 1 1 1 1 1 1 1 1 3 3 4 3 1 2 3 3 2 2 2 1 1 1 1 1 1 1 1 1 1 1 1 1 1 1 1 1 1 1 3 12 29 
21 21 21 19 19 19 18 18 19 18 19 18 15 9 4 2 1 1 1 1 1 1 0 0 0 0 0 0 0 0 0 0 0 0 0 0 0 0 0 0 1 1 1 1 1 1 1 1 1 1 0 0 0 0 0 0 0 0 0 0 0 0 0 0 0 0 0 1 1 1 1 1 1 1 1 1 1 1 1 1 1 1 1 1 1 1 1 1 1 1 1 1 1 1 1 1 2 8 16 14 2 1 5 15 10 3 2 2 1 1 1 1 1 1 1 1 1 1 1 1 1 1 1 1 1 1 1 2 3 12 
23 23 21 21 21 19 19 21 21 19 20 18 15 10 5 3 2 1 1 1 1 1 0 0 0 0 0 0 0 0 0 0 0 0 0 0 0 0 0 0 1 1 1 1 1 1 1 1 1 1 0 0 0 0 0 0 0 0 0 0 0 0 0 0 0 0 0 1 1 1 1 1 1 1 1 1 1 1 1 1 1 1 1 1 1 1 1 1 1 1 1 1 1 1 1 1 3 9 23 18 7 10 26 34 25 9 2 1 1 1 1 1 1 1 1 1 1 1 1 1 1 1 1 1 1 1 2 2 2 2 
23 23 22 21 21 21 21 21 21 21 22 18 15 9 5 3 2 1 2 1 1 1 0 0 0 0 0 0 0 0 0 0 0 0 0 0 0 0 0 0 1 1 1 1 1 1 1 1 1 1 0 0 0 0 0 0 0 0 0 0 0 0 0 0 0 0 0 1 1 1 1 1 1 1 1 1 1 1 1 1 1 1 1 1 1 1 1 1 1 1 1 1 1 1 1 1 5 15 29 25 18 22 37 45 29 9 2 2 2 1 1 1 1 1 1 1 1 1 1 1 1 1 1 1 1 1 2 2 2 2 
24 24 23 23 22 21 21 22 22 22 22 18 12 7 3 3 2 2 2 1 1 1 0 0 0 0 0 0 0 0 0 0 0 0 0 0 0 0 0 0 0 0 0 0 0 0 0 0 0 0 0 0 0 0 0 0 0 0 0 0 0 0 0 0 1 1 1 1 1 1 1 1 1 1 1 1 1 1 1 1 1 1 1 1 1 1 1 1 1 1 1 1 1 1 1 1 7 22 25 28 22 23 36 39 22 7 2 1 2 1 1 0 1 1 1 1 1 1 1 1 1 1 1 1 1 1 1 1 2 2 
27 26 25 26 25 24 23 24 23 23 22 17 10 6 3 3 3 2 2 1 1 1 0 0 0 0 0 0 0 0 0 0 0 0 0 0 0 0 0 0 0 0 0 0 0 0 0 0 0 0 0 0 0 0 0 0 0 0 0 0 0 0 0 0 1 1 1 1 1 1 1 1 1 1 1 1 1 1 1 1 1 1 1 1 1 1 1 1 1 1 1 1 1 1 1 2 8 14 16 21 17 23 31 25 9 3 1 1 1 1 1 1 1 1 1 1 1 1 1 1 1 1 1 1 1 1 1 1 2 2 
29 28 30 32 31 29 28 26 25 24 23 16 8 5 3 3 4 3 1 1 1 1 0 0 0 0 0 0 0 0 0 0 0 0 0 0 0 0 0 0 0 0 0 0 0 0 0 0 0 0 0 0 0 0 0 0 0 0 0 0 0 0 0 0 1 1 1 1 1 1 1 1 1 1 1 1 1 1 1 1 1 1 1 1 1 1 1 1 1 1 1 1 1 1 1 2 9 11 14 14 14 17 18 11 2 2 1 1 1 1 1 1 1 1 1 1 1 1 1 1 1 1 1 1 1 1 1 1 2 3 
30 32 35 37 38 38 36 31 26 25 22 12 6 4 3 3 4 3 1 1 1 1 0 0 0 0 0 0 0 0 0 0 0 0 0 0 0 0 0 0 0 0 0 0 0 0 0 0 0 0 0 0 0 0 0 0 0 0 0 0 0 0 0 0 1 1 1 1 1 1 1 1 1 1 1 1 1 1 1 1 1 1 1 1 1 1 1 1 1 2 1 1 1 1 1 3 9 15 17 18 17 15 9 5 2 2 1 1 1 1 1 1 1 1 1 1 1 1 1 1 1 1 1 1 1 1 1 1 2 3 
30 32 37 40 44 44 45 37 26 21 13 10 4 3 2 3 3 1 1 1 1 1 0 0 0 0 0 0 0 0 0 0 0 0 0 0 0 0 0 0 0 0 0 0 0 0 0 0 0 0 0 0 0 0 0 0 0 0 0 0 0 0 0 0 1 1 1 1 1 1 1 1 1 1 1 1 1 1 1 1 1 1 1 1 1 1 1 1 1 1 1 1 1 1 1 3 8 18 22 26 22 16 5 3 2 2 1 1 1 1 1 1 1 1 1 1 1 1 1 1 1 1 1 1 1 1 1 2 1 1 
28 32 39 44 49 50 52 38 24 15 9 6 4 3 3 3 3 1 1 1 1 1 0 0 0 0 0 0 0 0 0 0 0 0 0 0 0 0 0 0 0 0 0 0 0 0 0 0 0 0 0 0 0 0 0 0 0 0 0 0 0 0 0 0 1 1 1 1 1 1 1 1 1 1 1 1 1 1 1 1 1 1 1 1 1 1 1 1 1 1 1 1 1 1 1 3 7 15 18 23 17 11 5 3 2 2 1 1 1 1 1 1 1 1 1 1 1 1 1 1 1 1 1 1 1 1 1 2 1 1 
25 30 38 44 50 52 54 38 17 11 10 8 4 3 2 3 4 2 1 1 1 1 0 0 0 0 0 0 0 0 0 0 0 0 0 0 0 0 0 0 0 0 0 0 0 0 0 0 0 0 0 0 0 0 0 0 0 0 0 0 0 0 0 0 1 1 1 1 1 1 1 1 1 1 1 1 1 1 1 1 1 1 1 1 1 1 1 1 1 1 1 2 1 1 2 4 10 10 10 8 4 3 3 2 2 2 1 1 0 0 0 0 1 1 1 1 1 1 1 1 1 1 1 1 1 1 1 1 1 1 
24 28 36 43 50 52 56 40 11 10 10 10 7 3 3 3 3 2 1 1 1 1 0 0 0 0 0 0 0 0 0 0 0 0 0 0 0 0 0 0 0 0 0 0 0 0 0 0 0 0 0 0 0 0 0 0 0 0 0 0 0 0 0 0 1 1 1 1 1 1 1 1 1 1 1 1 1 1 1 1 1 1 1 1 1 1 1 2 2 1 1 2 1 2 4 8 15 11 9 5 4 4 4 2 2 2 1 1 0 0 0 0 1 1 1 1 1 1 1 1 1 1 1 1 1 1 1 1 1 1 
23 28 35 42 51 52 39 17 10 10 11 11 11 8 6 4 3 2 1 1 1 1 0 0 0 0 0 0 0 0 0 0 0 0 0 0 0 0 0 0 0 0 0 0 0 0 0 0 0 0 0 0 0 0 0 0 0 0 0 0 0 0 0 0 1 1 1 1 1 1 1 1 1 1 1 1 1 1 1 1 1 1 1 1 1 1 1 1 1 1 1 1 3 2 7 15 18 17 18 20 19 18 12 8 4 3 1 1 0 0 0 0 1 1 1 1 1 1 1 1 0 0 0 0 0 0 0 0 1 1 
24 28 35 42 49 47 36 14 10 12 11 10 9 5 5 4 2 2 1 1 1 1 0 0 0 0 0 0 0 0 0 0 0 0 0 0 0 0 0 0 0 0 0 0 0 0 0 0 0 0 0 0 0 0 0 0 0 0 0 0 0 0 0 0 1 1 1 1 1 1 1 1 1 1 1 1 1 1 1 1 1 1 1 1 1 1 1 1 1 1 1 1 2 3 9 23 24 23 25 30 30 28 23 21 11 4 1 1 0 0 0 0 1 1 1 1 1 1 1 1 0 0 0 0 0 0 0 0 1 1 
26 28 36 40 41 34 25 14 8 8 8 5 4 3 3 3 2 1 1 1 1 1 0 0 0 0 0 0 0 0 0 0 0 0 0 0 0 0 0 0 0 0 0 0 0 0 0 0 0 0 0 0 0 0 0 0 0 0 0 0 0 0 0 0 1 1 1 1 1 1 1 1 1 1 1 1 1 1 1 1 1 1 1 1 1 1 1 1 1 1 1 1 2 3 4 12 17 19 21 23 25 24 23 22 11 4 1 1 0 0 0 0 1 1 1 1 1 1 1 1 0 0 0 0 0 0 0 0 1 1 
32 36 40 40 37 24 16 10 5 5 3 2 2 2 2 2 1 1 1 1 1 1 0 0 0 0 0 0 0 0 0 0 0 0 0 0 0 0 0 0 0 0 0 0 0 0 0 0 0 0 0 0 0 0 0 0 0 0 0 0 0 0 0 0 1 1 1 1 1 1 1 1 1 1 1 1 1 1 1 1 1 1 1 1 1 1 1 1 1 1 1 2 2 2 3 5 7 8 8 9 11 12 14 14 8 2 1 1 0 0 0 0 1 1 1 1 1 1 1 1 0 0 0 0 0 0 0 0 1 1 
39 39 39 31 21 10 3 3 2 2 1 1 1 1 2 2 1 1 1 1 1 1 0 0 0 0 0 0 0 0 0 0 0 0 0 0 0 0 0 0 0 0 0 0 0 0 0 0 1 1 0 0 0 0 0 0 0 0 0 0 0 0 0 0 1 1 1 1 1 1 1 1 1 1 1 1 1 1 1 1 1 1 1 1 1 1 1 1 1 1 1 2 2 2 1 2 2 1 2 2 3 3 4 5 3 1 0 0 0 0 0 1 1 1 1 1 1 1 1 1 0 0 0 0 0 0 0 0 1 1 
37 36 33 23 11 5 2 2 2 2 2 2 2 1 1 2 1 1 1 1 1 1 0 0 0 0 0 0 0 0 0 0 0 0 0 0 0 0 0 0 0 0 0 0 0 0 0 0 1 1 0 0 0 0 0 0 0 0 0 0 0 0 0 0 1 1 1 1 1 1 1 1 1 1 1 1 1 1 1 1 1 1 1 1 1 1 1 1 1 1 1 1 2 2 1 1 1 1 1 1 1 1 1 1 1 1 0 0 0 0 0 1 1 1 1 1 1 1 1 1 0 0 0 0 0 0 0 0 1 1 
35 31 28 23 16 9 3 2 2 2 1 1 2 2 1 1 1 1 0 0 1 1 0 0 0 0 0 0 0 0 0 0 1 1 0 0 0 0 0 0 1 1 1 1 1 2 2 2 2 1 1 1 0 0 1 1 1 1 0 0 0 0 0 0 1 1 1 1 1 1 1 1 1 1 1 1 1 1 1 1 1 1 1 1 1 1 1 1 1 1 1 1 1 1 1 1 1 1 1 1 1 1 1 1 1 1 0 0 0 0 0 1 1 1 1 1 1 1 1 1 0 0 0 0 0 0 0 0 1 1 
32 29 19 21 21 14 8 6 5 4 2 2 2 2 1 1 1 1 0 0 1 1 0 0 0 0 0 0 0 0 0 1 1 1 0 0 0 0 0 0 1 1 2 2 2 3 3 5 4 3 1 1 0 0 1 1 1 1 0 0 0 0 0 0 1 1 1 1 1 1 1 1 1 1 1 1 1 1 1 1 1 1 1 1 1 1 1 1 1 1 1 1 1 1 1 1 1 1 1 1 1 1 1 1 1 1 0 0 0 0 0 1 1 1 1 1 1 1 1 1 0 0 0 0 0 0 0 0 1 1 
32 35 35 26 23 19 10 5 6 5 3 3 3 2 1 1 1 1 1 1 1 1 1 1 1 1 1 1 1 1 1 1 2 2 1 1 1 1 1 1 1 2 2 2 3 4 4 5 6 8 8 6 2 2 1 1 1 1 1 1 1 1 1 1 1 1 1 1 1 1 1 1 1 1 1 1 1 1 1 1 1 1 1 1 1 1 1 0 1 1 1 1 1 1 1 1 1 1 1 1 1 1 1 1 1 1 0 0 0 0 0 0 0 0 1 1 1 1 1 1 0 0 0 0 0 0 0 0 0 0 
33 39 37 29 24 17 8 6 4 5 4 3 3 2 1 1 1 1 1 1 1 1 1 1 1 1 1 1 1 1 1 1 2 2 1 1 1 1 1 1 1 2 2 3 3 4 4 5 8 9 11 10 8 4 2 1 1 1 1 1 1 1 1 1 1 1 1 1 1 1 1 1 1 1 1 0 0 0 0 0 1 1 1 1 1 1 1 0 1 1 1 1 1 1 1 1 1 1 1 1 1 1 1 1 1 1 0 0 0 0 0 0 1 0 0 0 0 0 0 0 0 0 0 0 0 0 0 0 0 0 
38 39 40 35 23 14 6 4 4 4 5 3 3 2 1 1 1 1 1 1 1 1 1 1 1 1 1 1 1 1 1 1 3 3 2 1 1 1 1 1 2 2 3 4 4 3 4 4 5 6 9 9 10 6 4 1 1 1 1 1 1 1 1 1 1 1 1 1 1 1 1 1 1 1 1 0 0 0 0 0 1 1 1 1 1 1 1 0 1 1 1 1 1 1 1 1 1 1 1 1 1 1 1 1 1 1 1 1 1 1 1 1 0 0 0 0 0 0 0 0 0 0 0 0 0 0 0 0 0 0 
38 39 39 30 15 9 5 4 4 4 4 3 3 1 1 1 1 1 1 1 1 1 1 1 1 1 1 1 1 1 1 2 2 2 2 2 1 2 2 2 3 3 3 3 2 2 2 2 2 3 3 3 5 3 2 2 2 1 2 1 1 1 1 1 1 1 1 1 1 1 1 1 1 1 1 0 0 0 0 0 1 1 1 1 1 1 1 0 1 1 1 1 1 1 1 1 1 1 1 1 1 1 1 1 1 1 1 1 1 1 1 1 0 0 0 0 0 0 0 0 0 0 0 0 0 0 0 0 1 1 
39 39 36 25 15 8 4 3 3 3 4 2 3 2 1 1 1 1 1 1 1 1 1 1 1 1 1 1 1 1 1 1 1 1 2 1 2 2 2 3 3 4 4 4 3 2 2 1 2 1 1 2 1 2 2 2 2 2 2 2 2 1 1 1 1 1 1 1 1 1 1 1 1 1 1 1 1 1 1 1 1 1 1 1 1 1 1 0 1 1 1 1 1 1 1 1 1 1 1 1 1 1 1 1 1 1 1 1 1 1 1 1 0 0 0 0 0 0 0 0 0 0 0 0 0 0 0 1 0 0 
38 33 25 17 11 8 4 3 4 5 4 3 3 1 1 1 1 1 1 1 1 1 1 1 1 1 1 1 1 1 1 1 1 1 2 2 2 2 2 4 4 5 6 5 4 3 3 2 1 1 1 1 1 1 2 2 1 2 2 2 2 2 1 1 1 1 1 1 1 1 1 1 1 1 1 1 1 1 1 1 1 1 1 1 1 1 1 0 1 1 1 1 1 1 1 1 1 1 1 1 1 1 1 1 1 1 1 1 1 1 1 1 0 0 0 0 0 0 0 0 0 0 0 0 0 0 0 1 0 0 
33 26 20 15 9 6 4 4 5 5 8 6 3 2 1 1 1 1 1 1 1 1 1 1 1 1 1 1 1 1 1 1 1 1 2 2 2 2 3 3 5 6 8 8 6 5 4 2 2 1 1 1 1 1 1 2 3 2 3 2 2 2 1 1 1 1 0 1 1 1 0 0 1 1 1 1 1 1 1 1 2 2 3 3 2 2 1 1 1 1 1 1 1 1 1 1 1 1 1 1 1 1 1 1 1 1 1 1 1 1 1 1 0 0 0 0 0 1 1 1 1 1 1 1 1 1 0 1 1 1 
24 18 16 12 7 6 4 5 5 4 4 3 2 2 1 1 1 1 1 1 1 1 1 1 1 1 1 1 1 1 1 2 2 3 3 2 2 2 3 3 5 6 8 9 8 6 5 3 2 2 1 1 1 1 1 2 2 2 3 2 2 1 1 1 1 1 0 0 1 1 0 0 1 1 1 1 1 1 1 1 2 2 3 3 2 2 2 2 1 1 1 1 1 1 1 1 1 1 1 1 1 1 1 1 1 1 1 1 1 1 1 1 1 0 0 0 1 2 2 1 1 1 1 1 1 1 0 1 1 1 
16 13 10 9 5 4 4 4 4 3 2 2 2 1 1 1 2 2 1 1 1 1 1 1 2 2 1 2 1 0 0 0 3 3 3 3 3 3 2 4 4 5 8 8 8 6 6 3 3 2 1 1 0 1 0 1 1 2 1 0 1 1 1 1 1 0 0 0 1 1 1 1 1 1 1 1 1 1 1 1 1 1 2 2 1 1 2 1 1 1 1 1 1 1 1 1 1 1 1 1 1 1 1 1 1 1 1 1 1 1 0 0 0 0 0 0 0 1 5 17 17 11 8 2 1 1 1 1 1 1 
12 11 6 5 4 2 2 3 3 3 2 2 2 2 2 1 2 2 2 2 2 2 2 2 2 2 2 3 2 2 1 2 2 3 3 4 4 3 3 3 3 4 5 5 6 6 6 6 5 5 4 4 4 5 5 5 6 5 4 2 2 1 1 1 1 1 0 1 1 1 1 1 1 1 1 1 1 1 1 1 1 1 2 2 1 2 2 1 1 1 1 1 1 1 1 1 1 1 1 1 1 1 1 1 1 1 1 1 1 1 1 1 0 0 0 0 0 1 11 29 28 19 14 4 1 1 1 1 1 1 
9 9 4 3 2 1 1 1 2 2 2 1 1 2 2 3 2 2 2 2 2 2 2 2 2 2 2 3 2 3 2 2 2 2 3 2 3 3 3 2 2 2 2 2 3 5 5 8 7 7 8 8 9 10 10 11 12 12 8 5 3 3 3 4 4 2 1 1 1 1 1 1 1 1 1 1 1 1 1 1 1 1 2 2 1 2 2 1 1 1 1 1 1 1 1 1 1 1 1 1 1 1 1 1 1 1 1 1 1 1 1 1 1 1 1 1 1 1 15 34 31 26 21 7 3 1 1 1 0 1 
12 9 4 3 1 1 1 1 1 1 2 2 2 2 2 3 3 3 3 3 3 3 3 3 3 3 3 3 3 3 2 2 2 2 2 2 2 2 1 1 1 1 1 1 2 3 4 5 7 8 9 9 10 12 10 12 13 11 10 8 8 9 12 12 12 5 1 1 1 1 1 1 1 1 1 1 1 1 1 1 1 1 2 2 1 1 2 2 1 1 1 1 1 1 1 1 1 1 1 1 1 1 1 1 1 1 1 1 1 1 1 1 1 1 1 1 1 2 16 32 30 28 23 12 4 2 1 1 0 1 
17 16 10 6 2 0 1 1 1 1 1 2 2 2 3 3 2 2 2 2 2 2 2 2 2 2 3 3 2 2 2 2 1 1 2 2 2 1 2 1 1 1 1 1 2 2 3 5 4 5 7 7 8 9 10 10 10 8 8 9 11 15 18 21 19 15 6 2 1 1 1 1 1 1 1 1 1 1 1 1 1 1 2 2 1 1 1 1 1 1 1 1 1 1 1 1 1 1 1 1 1 1 1 1 1 1 1 1 1 1 1 2 1 1 1 1 1 3 18 37 32 31 26 15 7 2 1 1 1 1 
22 21 16 12 4 0 0 1 1 1 2 2 3 2 3 3 2 2 2 2 2 2 2 2 2 2 2 2 2 2 2 2 1 1 2 1 1 2 2 2 1 2 1 1 2 2 3 4 3 4 4 5 8 8 9 10 9 9 8 8 10 14 17 22 24 24 16 5 2 1 1 1 1 1 1 1 1 1 1 1 1 1 2 2 1 1 1 1 1 1 1 1 1 1 1 1 1 1 1 1 1 1 1 1 1 1 1 1 1 1 1 2 1 1 1 1 1 5 19 37 32 31 26 20 15 7 3 2 1 1 
31 27 22 13 5 2 1 0 0 1 2 2 2 2 2 2 2 2 2 2 2 2 2 2 2 2 2 2 2 2 2 2 1 1 1 1 1 1 2 2 2 2 2 2 2 2 2 2 2 3 3 4 5 8 8 8 8 8 7 7 8 9 12 16 18 21 13 5 2 1 1 1 1 1 1 1 1 1 1 1 1 1 1 1 1 1 1 1 1 1 1 1 1 1 1 1 1 1 1 1 1 1 1 1 1 1 1 1 1 1 1 2 1 1 1 1 1 5 22 37 32 31 26 26 22 14 10 2 2 2 
36 33 24 15 7 4 2 0 1 0 1 2 2 2 2 2 2 2 2 2 2 2 2 2 2 2 2 2 2 2 2 2 1 1 1 1 1 1 2 2 2 2 2 2 2 2 1 1 1 1 1 3 4 8 8 8 8 8 5 5 7 7 7 7 8 7 6 3 1 1 1 1 1 1 1 1 1 1 1 1 1 1 2 2 2 2 2 2 2 1 1 2 1 1 1 1 1 1 1 1 1 1 1 1 1 1 1 1 1 1 2 2 2 2 1 0 1 7 25 40 31 31 26 25 23 18 18 11 6 8 
35 30 36 36 13 6 4 0 0 1 1 1 1 1 1 1 1 1 2 2 2 2 2 2 2 2 1 1 1 1 1 1 1 1 1 1 1 1 2 2 1 1 1 1 2 2 1 1 1 1 2 3 4 6 9 8 9 8 6 5 5 4 3 2 2 2 3 2 1 1 1 1 1 1 1 1 1 1 1 1 1 1 1 1 1 1 1 1 1 1 1 1 1 1 1 1 1 1 1 1 1 1 1 1 1 1 1 1 1 1 1 1 2 1 0 0 2 7 26 45 32 30 28 25 23 21 22 23 19 10 
33 37 59 66 39 17 5 2 0 1 2 2 2 1 2 1 1 1 2 2 2 2 2 2 2 1 1 1 1 1 1 1 1 1 1 1 1 1 2 2 1 1 2 2 3 3 2 2 1 2 2 2 3 5 6 8 9 9 6 5 3 3 2 2 2 1 1 1 1 1 1 1 1 1 1 1 1 1 1 1 1 1 1 1 1 1 1 1 1 1 1 1 1 1 1 1 1 1 1 1 1 1 1 1 1 1 1 1 1 1 1 1 1 1 0 0 2 5 26 46 35 33 30 26 23 22 23 24 22 17 
35 50 90 106 74 24 1 8 1 2 3 3 3 1 1 1 1 1 2 2 2 2 2 2 2 2 1 1 1 1 1 1 1 1 1 1 1 1 1 1 1 2 3 4 4 4 3 2 2 4 3 2 3 3 5 8 8 8 6 4 2 2 1 1 1 1 1 1 1 1 1 1 1 1 1 1 1 1 1 1 1 1 1 1 1 1 1 1 1 1 1 1 1 1 1 1 1 1 1 1 1 1 1 1 1 1 1 1 1 1 1 1 1 0 0 1 2 4 27 50 39 37 32 29 23 23 23 23 22 21 
42 53 95 116 89 31 0 7 1 1 2 2 2 1 1 0 1 1 1 1 2 2 2 2 2 2 1 1 1 1 1 1 1 1 1 1 2 2 1 1 1 2 3 3 4 3 3 3 3 4 3 2 4 4 5 6 7 7 5 3 2 1 1 1 1 1 1 1 1 1 1 1 1 1 1 1 1 1 1 1 1 1 1 1 1 1 1 1 1 1 1 1 1 1 1 1 1 1 1 1 1 1 1 1 1 1 1 1 1 1 1 1 1 0 0 1 1 3 26 50 40 39 33 30 24 22 22 23 23 23 
51 52 81 99 71 22 0 5 1 1 1 1 1 1 1 0 1 1 1 1 2 2 2 2 2 2 1 1 1 1 1 1 1 1 1 1 2 2 2 2 2 3 2 2 3 2 3 3 2 2 2 2 4 4 5 5 4 4 4 2 1 1 1 1 1 1 1 1 1 1 1 1 1 1 1 1 1 1 1 1 1 1 1 1 1 1 1 1 1 1 1 1 1 1 1 1 1 1 1 1 1 1 1 1 1 1 1 1 1 1 1 1 1 0 0 1 1 3 25 47 45 43 36 32 26 25 23 19 23 25 
53 47 63 72 44 10 3 2 2 2 2 2 1 1 1 1 1 1 1 1 2 2 2 2 2 2 1 1 1 1 1 1 1 1 1 1 1 1 1 1 1 2 1 2 2 2 2 2 1 2 2 2 3 3 4 4 3 1 1 1 1 1 1 1 1 1 1 1 1 1 1 1 1 1 1 1 1 1 1 1 1 1 1 1 1 1 1 1 1 1 1 1 1 1 1 1 1 1 1 1 1 1 1 1 1 1 1 1 1 1 1 1 1 0 0 1 1 7 29 47 45 44 37 33 26 25 23 21 23 24 
51 44 46 45 24 6 3 3 3 3 4 4 2 1 1 1 1 1 1 1 2 2 2 2 1 1 1 1 1 1 1 1 1 1 1 1 1 1 1 2 1 1 1 1 1 1 1 1 2 1 1 1 3 3 2 2 1 1 1 1 1 1 1 1 1 1 1 1 1 1 1 1 1 1 1 1 1 1 1 1 1 1 1 1 1 1 1 1 1 1 1 1 1 1 1 1 1 1 1 1 1 1 1 1 1 1 1 1 1 1 1 1 1 0 1 1 1 10 32 51 50 45 39 34 26 25 23 22 22 23 
46 45 45 37 15 5 4 4 3 4 5 5 2 2 1 0 1 1 1 1 2 2 2 2 1 1 1 1 1 1 1 1 1 1 0 1 1 2 1 2 1 1 1 1 1 1 1 1 1 1 1 1 1 2 2 2 1 1 1 1 1 1 1 1 1 1 1 1 1 1 1 1 1 1 1 1 1 1 1 1 1 1 1 1 1 1 1 1 1 1 1 1 1 1 1 1 1 1 1 1 1 1 1 1 1 1 1 1 1 1 1 1 1 0 1 1 1 10 31 53 52 44 38 32 28 24 23 23 23 25 
51 51 51 41 19 4 3 2 2 4 5 5 3 2 1 1 1 1 2 2 1 1 1 2 1 1 1 1 1 1 1 1 0 0 0 0 1 1 1 1 1 1 1 1 1 1 0 0 0 0 0 0 1 0 1 1 1 0 0 1 1 1 1 1 1 1 1 1 1 1 1 1 1 1 1 1 1 1 1 1 1 1 1 1 1 1 1 1 1 1 1 1 1 1 1 1 1 1 1 1 1 1 1 1 1 1 1 1 1 1 1 1 1 1 1 1 1 10 23 26 29 31 31 31 26 25 24 23 24 25 
27 27 27 24 17 9 3 2 3 3 3 2 2 2 2 2 1 2 2 2 2 2 2 2 2 1 1 1 1 1 1 0 0 0 0 0 1 1 1 1 0 0 1 1 1 1 0 0 0 0 0 0 0 0 1 1 1 1 1 1 1 1 1 1 1 1 1 1 1 1 1 1 1 1 1 1 1 1 1 1 1 1 1 1 1 1 1 1 1 1 1 1 1 1 1 1 1 1 1 1 1 1 1 1 1 1 1 1 1 1 1 1 1 1 1 1 1 9 21 24 26 29 29 29 26 25 24 23 24 24 
9 9 9 9 10 7 4 1 1 2 2 2 1 2 2 2 2 2 2 2 2 2 2 2 2 2 2 1 1 2 1 0 0 0 0 1 0 1 1 1 1 1 1 1 1 1 1 1 0 0 0 0 0 0 1 1 1 1 1 1 1 1 1 1 1 1 1 1 1 1 1 1 1 1 2 1 1 1 1 1 1 1 1 1 1 1 1 1 1 1 1 1 1 1 1 1 1 1 1 1 1 1 1 1 1 1 1 1 1 1 1 1 1 1 1 1 1 9 18 24 24 26 26 26 26 26 24 23 22 24 
5 5 5 5 4 3 0 0 1 2 2 2 2 2 2 2 2 2 3 3 3 4 4 4 3 4 5 4 5 3 1 0 0 0 0 0 0 0 1 1 1 1 1 1 1 1 1 1 0 0 0 0 0 0 1 1 1 1 1 1 1 1 1 1 1 1 1 1 1 1 1 1 1 1 2 1 1 1 1 1 1 1 1 1 1 1 1 1 1 1 1 1 1 1 1 1 1 1 1 1 1 1 1 1 1 1 1 1 1 1 1 1 1 1 1 1 1 9 19 25 25 26 26 26 26 26 25 24 24 23 
3 3 3 4 3 1 1 0 1 2 2 1 2 2 2 3 2 2 2 3 3 4 5 7 8 11 16 18 6 5 0 0 0 0 0 0 0 0 1 1 1 1 1 1 1 1 1 1 1 0 0 0 0 0 0 1 0 0 1 1 1 1 1 1 1 1 1 1 1 1 1 1 1 1 2 1 1 1 1 1 1 1 1 1 1 1 1 1 1 1 1 1 1 1 1 1 1 1 1 1 1 1 1 1 1 1 1 1 1 1 1 1 1 1 2 1 1 10 21 26 28 26 26 26 26 26 25 25 25 25 
3 3 3 3 2 2 1 1 1 1 1 1 1 3 3 4 3 5 9 9 10 9 11 16 17 19 26 30 16 8 0 0 0 0 0 0 0 0 1 1 1 1 1 1 1 1 1 1 0 0 0 0 0 0 1 1 1 1 1 1 1 1 1 1 1 1 1 1 1 1 1 1 1 1 2 1 1 1 1 1 1 1 1 1 1 1 1 1 1 1 1 1 1 1 1 1 1 1 1 1 1 1 1 1 1 1 1 1 1 1 1 1 1 1 2 1 1 10 19 26 29 26 25 25 26 26 25 25 25 25 
1 1 1 1 0 0 1 1 1 1 1 1 1 2 3 4 7 15 19 21 21 19 22 28 30 32 36 32 14 5 0 0 0 0 0 0 0 0 1 1 1 1 0 0 1 1 1 1 0 0 0 0 0 0 1 1 1 1 1 1 1 1 1 1 1 1 1 1 1 1 1 1 1 1 2 1 1 1 1 1 1 1 1 1 1 1 1 1 1 1 1 1 1 1 1 1 1 1 1 1 1 1 1 1 1 1 1 1 1 1 1 1 1 1 1 1 1 11 22 28 28 26 26 26 26 26 25 25 25 25 
0 0 0 0 0 0 1 1 1 1 1 0 2 2 4 5 14 21 30 33 36 33 33 36 39 44 39 28 12 4 0 0 0 0 0 0 0 0 1 1 1 1 0 0 1 1 1 1 1 0 0 0 0 0 1 1 1 1 1 1 1 1 1 1 1 1 1 1 1 1 1 1 1 1 2 1 1 1 1 1 1 1 1 1 1 1 1 1 1 1 1 1 1 1 1 1 1 1 1 1 1 1 1 1 1 1 1 1 1 1 1 1 1 1 1 1 1 12 25 30 29 28 28 28 28 28 26 26 26 25 
1 1 1 1 0 1 0 0 1 0 0 1 1 1 1 3 18 22 21 17 19 24 25 25 30 29 28 22 12 6 0 0 0 0 0 0 0 0 0 0 0 0 0 0 0 0 0 0 0 0 0 0 1 1 1 1 1 1 1 1 1 1 1 1 1 1 1 1 1 1 1 1 1 1 1 1 1 1 1 1 1 1 1 1 1 1 1 1 1 1 1 1 1 1 1 1 1 1 1 1 1 1 1 1 1 1 1 1 1 1 1 1 1 1 1 0 1 12 27 32 30 29 29 29 28 26 25 25 26 26 
0 0 0 0 0 0 0 1 1 0 0 0 1 0 0 1 16 19 18 15 16 17 22 24 25 25 22 17 11 6 2 0 0 0 0 0 0 0 0 0 0 0 0 0 0 0 0 0 0 0 0 0 1 1 1 1 1 1 1 1 1 1 1 1 1 1 1 1 1 1 1 1 1 1 1 1 1 1 1 1 1 1 1 1 1 1 1 1 1 1 1 1 1 1 1 1 1 1 1 1 1 1 1 1 1 1 1 1 1 1 1 1 1 1 0 0 1 12 27 31 30 29 27 27 26 26 25 25 26 26 
0 0 0 0 0 0 0 1 1 0 0 0 0 0 0 0 11 16 18 18 16 16 19 23 25 23 19 16 10 7 3 2 0 0 0 0 0 0 0 0 0 0 0 0 0 0 0 0 0 0 0 0 1 1 1 1 1 1 1 1 1 1 1 1 1 1 1 1 1 1 1 1 1 1 1 1 1 1 1 1 1 1 1 1 1 1 1 1 1 1 1 1 1 1 1 1 1 1 1 1 1 1 1 1 1 1 1 1 1 1 1 1 1 0 0 0 2 12 27 31 30 28 26 27 26 26 26 26 26 27 
0 0 0 0 0 0 0 1 1 0 0 0 0 0 1 1 9 14 19 21 16 16 17 17 21 21 18 15 10 7 3 2 0 0 0 0 0 0 0 0 0 0 0 0 0 0 0 0 0 0 0 0 1 1 1 1 1 1 1 1 1 1 1 1 1 1 1 1 1 1 1 1 1 1 1 1 1 1 1 1 1 1 1 1 1 1 1 1 1 1 1 1 1 1 1 1 1 1 1 1 1 1 1 1 1 1 1 1 1 1 1 1 1 0 0 0 2 15 31 33 29 28 29 29 28 26 27 27 27 27 
0 0 0 0 0 0 0 0 0 0 0 0 0 0 1 2 5 10 15 15 14 12 12 11 17 17 16 12 8 5 3 1 0 0 0 0 0 0 0 0 0 0 0 0 0 0 0 0 0 0 0 0 1 1 1 1 1 1 1 1 1 1 1 1 1 1 1 1 1 1 1 1 1 1 1 1 1 1 1 1 1 1 1 1 1 1 1 1 1 1 1 1 1 1 1 1 1 1 1 1 1 1 1 1 1 1 1 1 1 1 1 1 1 0 0 0 1 17 35 37 33 31 31 31 30 29 30 30 30 30 
1 1 1 1 1 1 1 1 1 1 1 1 0 0 1 2 2 3 8 8 10 10 9 9 14 14 11 8 5 3 1 1 0 0 0 0 0 0 0 0 0 0 0 0 0 0 0 0 0 0 0 0 1 1 1 1 1 1 1 1 1 1 1 1 1 1 1 1 1 1 1 1 1 1 1 1 1 1 1 1 1 1 1 1 1 1 1 1 1 1 1 1 1 1 1 1 1 1 1 1 1 1 1 1 1 1 1 1 1 1 1 1 1 0 0 0 2 19 36 38 36 34 34 33 32 31 32 32 32 31 
1 1 1 1 1 1 1 1 1 1 1 1 0 0 0 1 1 1 4 5 8 8 8 8 10 10 8 5 5 4 2 1 0 0 0 0 0 0 0 0 0 0 0 0 0 0 0 0 0 0 0 1 1 1 1 1 1 1 1 1 1 1 1 1 1 1 1 1 1 1 1 1 1 1 1 1 1 1 1 1 1 1 1 1 1 1 1 1 1 1 1 1 1 1 1 1 1 1 1 1 1 1 1 1 1 1 1 1 1 1 1 1 1 1 0 0 4 22 38 42 36 36 37 36 36 34 34 33 33 32 
2 2 2 2 2 2 2 1 1 1 0 0 0 0 0 1 0 1 1 4 7 8 7 7 6 6 5 5 6 6 3 3 0 0 0 0 0 0 0 0 0 0 0 0 0 0 0 0 0 0 0 1 1 1 1 1 1 1 1 1 1 1 1 1 1 1 1 1 1 1 1 1 1 1 1 1 1 1 1 1 1 1 1 1 1 1 1 1 1 1 1 1 1 1 1 1 1 1 1 1 1 1 1 1 1 1 1 1 1 1 1 2 1 1 0 1 7 25 42 44 38 39 39 39 39 39 38 38 38 37 
2 2 2 2 2 2 2 1 1 1 0 0 0 0 0 0 0 0 1 2 5 5 7 5 9 12 16 16 13 11 7 5 3 1 0 0 0 0 0 0 0 0 0 0 0 0 0 0 0 0 0 1 1 1 1 1 1 1 1 1 1 1 1 1 1 1 1 1 1 1 1 1 1 1 1 1 1 1 1 1 1 1 1 1 1 1 1 1 1 1 1 1 1 1 1 1 1 1 1 1 1 1 1 1 1 1 1 1 1 1 1 2 1 1 1 1 8 26 42 45 40 42 43 44 44 44 43 43 43 41 
2 2 2 3 3 2 2 2 2 0 0 0 0 0 0 0 0 0 0 1 4 5 7 7 10 17 22 24 23 16 9 5 2 2 0 0 0 0 0 0 0 0 0 0 0 0 0 0 0 0 0 1 1 1 1 1 1 1 1 1 1 1 1 1 1 1 1 1 1 1 1 1 1 1 1 1 1 1 1 1 1 1 1 1 1 1 1 1 1 1 1 1 1 1 1 1 1 1 1 1 1 1 1 1 1 1 1 1 1 1 1 2 1 1 1 1 8 26 42 46 43 44 46 46 46 46 45 45 45 44 
3 3 3 3 3 3 3 2 2 2 1 1 1 1 0 0 0 0 0 1 3 4 7 7 12 19 24 26 30 22 12 9 2 1 0 0 0 0 0 0 0 0 0 0 0 0 0 0 0 0 0 1 1 1 1 1 1 1 1 1 1 1 1 1 1 1 1 1 1 1 1 1 1 1 1 1 1 1 1 1 1 1 1 1 1 1 1 1 1 1 1 1 1 1 1 1 1 1 1 1 1 1 1 1 1 1 1 1 1 1 1 1 2 1 1 1 9 27 42 47 43 46 47 47 47 47 47 47 47 46 
3 3 3 3 3 3 4 3 2 2 2 2 1 0 0 0 0 0 0 0 1 4 7 8 10 17 24 30 32 29 21 17 1 1 0 0 0 0 0 0 0 0 0 0 0 0 0 0 0 0 0 1 1 1 1 1 1 1 1 1 1 1 1 1 1 1 1 1 1 1 1 1 1 1 1 1 1 1 1 1 1 1 1 1 1 1 1 1 1 1 1 1 1 1 1 1 1 1 1 1 1 1 1 1 1 1 1 1 1 1 1 1 2 1 1 1 6 25 40 46 44 45 47 47 47 47 47 47 47 46 
3 3 3 3 3 3 3 4 4 2 2 2 2 2 1 1 0 0 0 0 2 3 5 8 11 13 20 26 31 31 27 24 1 0 0 0 0 0 0 0 0 0 0 0 0 0 0 0 0 0 0 1 1 1 1 1 1 1 1 1 1 1 1 1 1 1 1 1 1 1 1 1 1 1 1 1 1 1 1 1 1 1 1 1 1 1 1 1 1 1 1 1 1 1 1 1 1 1 1 1 1 1 1 1 1 1 1 1 1 1 1 1 1 1 3 2 5 24 37 43 44 43 43 45 46 45 45 45 45 44 
5 5 5 4 4 5 4 4 4 3 3 3 3 3 1 1 1 0 0 0 1 3 5 8 11 12 15 22 27 30 30 27 2 0 0 0 0 0 0 0 0 0 0 0 0 0 0 0 0 0 0 1 1 1 1 1 1 1 1 1 1 1 1 1 1 1 1 1 1 1 1 1 1 1 1 1 1 1 1 1 1 1 1 1 1 1 1 1 1 1 1 1 1 1 1 1 1 1 1 1 1 1 1 1 1 1 1 1 1 1 1 1 1 1 3 2 5 22 35 43 40 39 39 40 40 39 40 39 41 40 
5 5 5 5 5 5 5 4 5 4 4 4 4 4 3 2 1 0 0 0 2 4 8 10 12 13 16 19 24 25 24 18 2 0 0 0 0 0 0 0 0 0 0 0 0 0 0 0 0 0 0 1 1 1 1 1 1 1 1 1 1 1 1 1 1 1 1 1 1 1 1 1 1 1 1 1 1 1 1 1 1 1 1 1 1 1 1 1 1 1 1 1 1 1 1 1 1 1 1 1 1 1 1 1 1 1 1 1 1 1 1 1 1 1 1 1 4 19 32 36 36 39 36 36 37 37 36 36 37 37 
6 6 6 6 6 6 6 5 5 5 5 6 5 4 3 3 1 1 0 0 2 5 9 11 13 15 18 23 26 22 14 5 1 1 0 1 0 0 0 0 0 0 0 0 0 0 0 0 0 0 0 1 1 1 1 1 1 1 1 1 1 1 1 1 1 1 1 1 1 1 1 1 1 1 1 1 1 1 1 1 1 1 1 1 1 1 1 1 1 1 1 1 1 1 1 1 1 1 1 1 1 1 1 1 1 1 1 1 1 1 1 2 1 1 1 1 4 18 31 22 35 35 35 35 36 36 35 35 35 35 
6 6 6 6 6 6 5 5 6 6 6 6 4 4 3 3 3 1 0 1 3 8 11 13 11 17 24 27 26 17 15 5 0 1 0 0 0 0 0 0 1 1 1 1 1 1 1 1 1 1 1 1 1 1 1 1 1 1 1 1 1 0 0 0 0 0 1 1 1 1 0 0 1 1 1 1 1 1 1 1 1 1 1 1 1 1 1 1 1 1 1 1 1 1 1 1 1 1 1 1 1 1 1 1 1 1 1 1 1 1 2 2 2 2 2 2 1 14 33 45 25 29 31 32 32 33 35 35 35 35 
8 8 8 8 8 8 6 6 8 8 8 8 5 5 5 5 5 3 2 2 4 10 16 18 16 22 27 30 25 17 10 2 1 1 0 0 0 0 0 0 1 1 1 1 1 1 1 1 1 1 1 1 1 1 1 1 1 1 1 1 1 0 0 0 0 0 1 1 1 1 0 0 1 1 1 1 1 1 1 1 1 1 1 1 1 1 1 1 1 1 1 1 1 1 1 1 1 1 1 1 1 1 1 1 1 1 1 1 1 1 2 2 2 2 2 2 2 12 35 46 33 25 30 31 32 32 32 32 32 31 
9 9 9 9 9 9 8 8 10 10 9 10 9 9 9 9 8 6 3 4 8 14 19 24 26 27 31 30 23 16 8 3 1 1 0 0 0 1 1 1 1 1 1 1 1 1 1 1 1 1 1 1 1 1 1 1 1 1 1 1 1 0 0 0 0 0 1 1 1 1 0 0 1 1 1 1 1 1 1 1 1 1 1 1 1 1 1 1 1 1 1 1 1 1 1 1 1 1 1 1 1 1 1 1 1 1 1 1 1 2 2 2 2 2 2 2 1 29 75 97 53 33 30 30 31 31 31 31 30 29 
10 10 10 10 10 10 10 10 11 11 10 11 10 9 9 10 10 5 2 4 9 16 23 29 32 30 29 24 17 10 5 3 1 1 0 0 0 0 0 0 1 1 1 1 1 1 1 1 0 0 0 0 0 0 0 0 0 0 0 0 1 1 1 1 1 0 1 1 1 1 0 0 1 1 1 1 1 1 1 1 1 1 1 1 1 1 1 1 1 1 1 1 1 1 1 1 1 1 1 1 1 1 1 1 1 1 1 1 1 2 2 2 2 2 2 2 1 40 113 150 92 53 33 29 30 31 31 30 29 28 
11 11 11 11 12 12 13 13 12 11 10 11 11 11 11 12 11 6 4 5 11 19 25 29 30 27 23 17 11 6 2 1 0 0 0 0 0 0 0 0 1 1 1 1 1 1 1 1 0 0 0 0 0 0 0 0 0 0 0 0 1 1 1 1 1 0 1 1 1 1 1 1 1 1 1 1 1 1 1 1 1 1 1 1 1 1 1 1 1 1 1 1 1 1 1 1 1 1 1 1 1 1 1 1 1 1 1 1 1 2 2 2 2 2 2 2 20 66 127 165 134 81 43 24 31 31 31 30 29 27 
14 14 15 15 15 15 15 15 13 11 11 12 13 13 15 16 13 11 8 8 13 18 23 24 23 22 16 12 8 5 1 1 0 0 0 0 0 0 0 0 1 1 1 1 1 1 1 1 0 0 0 0 0 0 0 0 0 0 0 0 1 1 1 1 1 1 1 1 1 1 1 1 1 1 1 1 1 1 1 1 1 1 1 1 1 1 1 1 1 1 1 1 1 1 1 1 1 1 1 1 1 1 1 1 1 1 1 1 1 2 2 2 2 2 2 2 45 96 141 162 152 107 64 40 32 31 31 30 30 30 
14 15 15 15 15 14 15 15 13 11 11 13 13 15 18 20 20 18 16 16 18 19 20 20 18 16 13 10 5 4 1 1 1 0 0 0 0 0 1 1 1 1 1 1 1 1 1 1 0 0 0 0 0 0 0 0 0 0 0 0 1 1 1 1 1 1 1 1 1 1 1 1 1 1 1 1 1 1 1 1 1 1 1 1 1 1 1 1 1 1 1 1 1 1 1 1 1 1 1 1 1 1 1 1 1 1 1 1 1 2 2 2 3 1 3 3 43 108 136 132 149 111 68 42 33 32 32 32 33 33 
12 14 14 12 12 12 13 13 12 10 11 13 13 17 23 27 29 29 28 26 25 23 23 20 17 14 12 8 6 3 1 1 1 0 0 0 0 0 1 1 1 1 1 1 1 1 1 1 0 0 0 0 0 0 0 0 0 0 0 0 1 1 1 1 1 1 1 1 1 1 1 1 1 1 1 1 1 1 1 1 1 1 1 1 1 1 1 1 1 1 1 1 1 1 1 1 1 1 1 1 1 1 1 1 1 1 1 1 2 2 2 2 4 2 4 5 43 99 116 105 118 108 73 42 35 33 33 33 33 34 
12 14 14 12 12 12 11 10 9 9 10 11 11 16 23 29 33 36 37 35 30 25 22 18 15 12 11 8 5 3 2 1 1 1 1 1 1 1 1 1 1 1 0 0 0 0 0 0 0 0 0 0 0 0 0 0 0 0 0 0 1 1 1 1 1 1 1 1 1 1 2 2 1 1 1 1 1 1 1 1 2 1 1 1 1 1 1 1 1 1 1 1 1 1 1 1 1 1 1 1 1 1 1 1 1 1 1 1 2 3 2 1 8 2 7 22 68 75 90 96 94 88 71 44 37 34 32 32 33 34 
14 14 14 12 14 12 11 8 4 6 5 7 10 16 25 31 38 43 42 37 31 25 20 17 14 10 10 6 3 2 1 1 1 1 1 1 1 1 1 1 1 1 0 0 0 0 0 0 0 0 0 0 0 0 0 0 0 0 0 0 1 1 1 1 1 1 1 1 1 1 2 2 1 1 1 5 9 4 1 1 1 1 1 1 1 1 1 1 1 1 1 1 1 1 1 1 1 1 1 1 1 1 1 1 1 1 1 1 2 2 2 2 9 2 8 24 52 60 75 82 84 74 63 47 41 37 33 33 36 37 
