19 19 19 21 21 21 19 18 18 19 19 20 20 20 22 22 24 24 22 21 21 19 18 16 15 16 16 16 16 16 16 18 21 22 21 19 19 18 18 18 17 17 17 17 16 16 15 17 17 19 20 21 23 25 26 28 25 24 26 26 23 22 28 37 43 43 36 25 22 19 21 22 24 24 20 19 19 19 22 23 24 24 23 23 23 22 22 22 16 13 12 11 10 
19 19 19 18 19 19 19 19 18 18 19 19 18 20 20 21 23 23 22 21 19 19 17 15 15 16 16 15 15 15 17 19 22 23 22 19 18 18 17 17 17 17 16 16 16 16 16 17 17 20 20 22 24 27 29 28 26 25 29 35 40 74 127 150 156 149 132 111 97 66 39 29 28 26 24 22 23 19 22 23 24 24 23 23 23 22 22 21 12 10 10 10 10 
22 21 19 19 19 18 19 19 19 18 18 18 19 20 22 22 22 22 21 19 19 18 17 15 15 16 16 15 15 16 17 19 22 23 22 19 18 18 17 16 16 16 16 16 17 16 16 17 19 22 23 24 25 25 26 24 28 48 80 113 136 175 212 226 229 228 224 224 213 172 120 73 37 23 28 25 24 22 22 23 23 24 23 23 23 22 21 18 11 10 10 11 12 
22 21 22 22 19 18 19 19 19 19 19 19 19 20 22 22 22 22 21 19 18 18 16 15 14 16 16 15 15 16 17 19 22 23 22 19 18 17 17 16 16 16 16 17 17 16 16 17 19 22 24 25 27 23 32 58 93 135 175 210 235 244 249 249 248 248 248 250 252 244 216 160 85 37 24 23 23 23 23 22 21 22 22 22 23 23 21 17 12 11 11 11 11 
22 22 22 21 21 19 19 19 19 21 21 21 21 20 22 22 23 22 19 18 18 17 16 15 14 16 16 15 15 16 17 19 22 23 22 19 18 18 16 15 15 15 16 16 17 17 16 17 19 22 23 26 27 40 94 152 196 230 242 248 252 251 253 251 245 243 243 243 244 245 248 233 173 100 39 15 24 26 23 19 19 21 22 22 23 22 19 17 14 12 11 11 11 
21 21 21 21 19 19 18 18 19 21 21 21 21 20 22 22 23 21 21 19 18 17 16 15 14 16 16 15 15 16 17 19 22 23 22 21 19 18 17 15 15 15 15 16 17 16 16 18 19 22 22 29 36 80 167 236 252 253 252 248 236 227 227 217 213 213 209 206 206 212 221 238 225 174 96 29 29 31 19 20 22 21 21 21 22 21 19 17 14 11 11 11 11 
21 19 19 18 19 18 18 18 18 18 19 19 19 22 22 22 22 22 21 19 18 17 16 15 14 16 16 15 15 15 16 18 21 23 22 19 18 18 16 14 15 15 15 15 16 16 17 20 20 23 23 29 50 127 214 254 253 238 229 216 195 173 165 156 151 145 141 138 137 143 159 190 213 215 174 89 42 35 24 22 23 22 21 21 21 19 18 16 14 11 11 11 11 
19 18 18 18 19 18 18 18 18 18 18 19 19 19 19 21 21 21 21 19 18 17 16 15 14 16 16 15 15 15 16 18 22 23 21 19 18 17 17 17 17 17 16 17 18 18 18 19 21 23 24 32 70 177 234 242 221 196 173 147 124 101 97 93 86 80 80 81 76 77 84 118 165 217 233 169 82 46 31 26 26 23 21 20 20 19 17 16 14 11 11 11 11 
18 17 17 18 19 18 18 18 18 18 18 19 19 19 19 21 21 21 21 19 18 18 17 16 14 15 16 15 15 14 15 16 19 21 21 19 19 17 17 17 16 15 15 17 18 17 18 21 21 24 28 56 120 220 224 195 154 126 103 82 69 65 64 57 50 47 51 50 44 42 47 69 105 173 229 222 169 95 42 33 30 25 21 18 18 18 17 16 12 11 11 11 11 
17 16 16 16 17 17 17 17 17 17 18 18 18 18 19 19 19 19 19 19 19 17 16 15 15 15 15 15 14 14 16 17 21 21 19 17 15 16 16 17 15 15 15 17 18 15 17 19 23 24 38 104 194 249 201 149 101 80 68 52 52 51 49 46 44 41 41 39 37 38 46 58 73 110 172 224 236 191 111 52 30 26 23 19 19 19 18 17 15 10 10 11 11 
17 17 17 17 18 17 17 17 18 18 18 19 18 18 18 19 19 19 19 19 18 18 16 15 14 15 15 14 14 14 15 17 19 21 21 18 17 16 17 18 16 15 15 17 17 11 21 19 28 37 73 164 240 234 177 124 78 65 61 47 39 44 46 46 43 40 39 37 36 36 41 49 57 70 118 186 235 247 181 89 33 24 25 23 22 20 19 18 15 11 10 11 11 
18 17 17 17 18 17 17 17 18 18 18 20 19 19 19 19 19 20 20 19 18 18 17 15 12 15 15 14 14 14 15 17 19 22 21 18 17 16 17 18 16 16 16 17 17 25 25 26 52 94 156 216 235 194 143 101 71 62 60 45 32 39 46 44 40 38 36 35 32 33 40 46 51 52 74 129 195 243 210 118 42 22 25 23 22 22 20 19 16 12 10 11 11 
18 19 18 18 19 19 19 19 19 18 17 19 19 19 19 19 19 20 20 19 18 18 17 15 12 15 15 14 14 14 15 17 19 22 21 18 17 16 17 17 16 16 17 19 23 29 18 29 90 165 228 243 223 160 110 79 59 54 52 45 39 40 43 41 38 36 36 33 30 32 39 45 49 47 54 85 141 208 213 143 67 29 24 23 22 20 20 19 16 12 11 11 11 
18 21 21 19 19 19 19 21 19 18 17 19 19 19 19 19 19 19 19 19 18 18 17 15 12 15 15 14 14 14 15 17 19 22 22 19 18 16 17 17 17 17 17 19 22 21 24 67 153 224 253 253 246 170 121 97 73 52 45 43 42 40 39 38 36 33 33 32 32 32 38 43 45 46 51 66 106 159 202 168 95 30 18 23 23 22 21 19 16 11 11 11 11 
21 21 21 19 19 19 19 21 19 21 18 20 20 19 19 19 19 19 19 19 18 18 17 15 12 15 15 14 15 14 15 17 21 23 21 19 18 17 17 17 17 18 21 20 23 31 46 110 203 253 249 237 215 156 117 97 79 60 47 36 36 36 36 36 33 33 33 33 33 35 38 42 44 44 51 61 90 129 187 197 142 63 22 25 24 26 23 18 16 11 10 11 11 
24 24 22 22 22 22 22 22 22 22 19 19 19 19 18 18 19 19 19 19 19 18 17 15 14 14 15 14 15 15 15 17 18 23 22 19 18 16 18 18 19 19 16 23 24 59 84 153 230 253 248 236 202 148 121 111 100 73 53 37 35 36 36 35 32 32 33 33 35 35 38 43 44 44 50 60 79 111 173 219 198 131 68 49 38 36 24 18 15 13 11 11 11 
29 28 26 25 24 24 24 25 23 22 21 21 19 19 18 19 19 19 19 19 19 18 17 15 14 15 15 14 15 15 16 18 18 19 21 21 18 16 18 19 22 21 21 19 17 88 132 199 244 241 231 222 188 149 144 152 135 90 58 38 35 36 36 33 32 32 33 35 36 36 39 44 45 44 50 59 68 95 155 215 234 196 136 88 54 53 33 19 12 12 11 11 11 
38 41 41 34 33 36 36 31 29 28 26 25 24 23 23 22 22 21 21 21 19 18 17 17 16 16 16 16 16 16 17 18 19 18 18 21 21 15 21 21 23 21 22 31 95 155 209 230 245 248 244 234 226 186 157 132 113 82 59 39 35 36 36 33 32 32 32 33 35 37 39 44 45 44 50 55 68 96 136 200 253 241 206 170 129 77 40 21 12 12 11 11 11 
58 59 59 53 52 53 54 47 45 44 42 40 38 36 35 32 32 31 30 29 26 24 23 22 20 18 18 17 18 17 17 18 19 21 21 19 17 16 23 24 26 31 54 95 159 208 242 243 251 252 252 252 248 218 196 165 121 86 57 39 36 37 35 33 31 32 32 32 32 35 40 45 45 44 50 55 68 94 125 182 245 253 244 228 202 110 53 23 15 12 11 11 11 
77 68 67 66 66 66 65 63 61 60 59 58 57 54 53 51 50 49 46 45 43 39 38 35 31 29 26 23 22 22 21 21 23 24 23 22 21 19 28 30 32 54 124 185 210 240 250 247 250 252 251 251 248 237 222 196 146 94 54 41 38 38 35 33 31 32 32 32 32 35 38 44 46 46 50 58 66 84 118 165 223 253 253 248 232 175 82 24 14 12 11 11 11 
90 84 84 82 81 81 79 77 77 75 73 74 72 72 71 69 67 66 64 61 60 58 54 51 49 47 45 40 38 37 37 37 36 35 33 31 30 28 26 26 47 107 192 240 244 249 252 250 251 252 252 250 245 253 249 222 174 104 59 40 38 37 35 33 31 31 32 33 35 36 42 46 46 47 46 57 69 80 103 151 214 244 250 246 236 202 93 32 12 13 11 11 11 
95 96 96 96 96 96 95 93 94 93 92 90 89 89 88 86 84 82 80 77 75 73 72 70 68 68 66 64 63 61 60 59 57 53 48 45 43 38 37 45 89 162 230 250 246 249 250 249 249 251 251 249 247 248 251 231 177 101 59 41 40 36 33 31 31 31 32 35 35 38 42 46 45 47 48 55 74 80 94 144 209 239 238 235 221 203 93 33 11 12 11 11 11 
97 99 99 99 100 100 100 99 100 99 99 97 96 96 95 94 93 94 93 89 88 87 86 86 85 84 81 80 78 78 78 75 73 71 67 61 60 49 45 63 125 196 237 245 245 249 250 247 247 247 237 241 234 252 247 213 157 79 53 45 43 37 33 31 30 30 30 32 35 37 39 44 44 48 48 54 73 82 89 127 181 221 218 220 206 201 100 31 10 11 12 11 11 
108 107 105 104 104 103 103 102 103 102 101 100 99 99 97 97 97 99 100 97 96 94 93 93 93 94 93 90 90 90 89 89 88 87 85 81 79 64 64 84 149 217 244 245 248 248 244 233 230 228 208 206 201 244 224 184 129 65 49 43 40 36 32 30 30 30 30 32 35 36 38 42 43 47 49 55 71 81 88 111 146 175 183 201 194 188 99 28 12 10 10 11 11 
102 101 101 101 102 103 103 103 103 102 103 102 101 100 100 100 101 100 101 101 99 95 94 95 94 96 95 96 96 97 96 96 97 96 95 92 90 84 82 96 165 230 249 248 249 247 231 209 199 178 159 143 134 192 188 157 109 74 58 45 38 36 32 30 30 30 31 33 35 36 38 40 44 47 51 60 71 75 87 105 131 151 170 183 178 162 84 24 10 10 10 11 11 
94 95 95 97 97 96 95 94 95 95 96 96 96 97 97 97 96 95 94 93 93 93 94 94 94 93 94 93 94 95 95 95 96 95 95 95 94 93 90 88 114 175 227 240 224 219 199 162 137 109 110 113 113 111 106 101 91 77 65 51 40 35 32 30 29 29 31 33 35 36 38 40 42 46 51 60 68 70 85 100 108 111 151 215 217 131 49 22 9 9 10 11 11 
89 90 90 88 88 88 88 88 88 88 89 88 88 89 89 89 89 89 89 89 89 89 89 89 89 88 89 89 89 90 90 89 89 89 88 89 90 90 92 93 104 156 208 217 198 181 148 101 72 61 72 78 80 80 79 79 76 73 65 54 45 35 32 30 29 29 30 32 35 36 37 39 42 45 49 58 67 66 82 97 103 116 157 213 209 180 72 18 9 10 10 11 11 
81 84 82 82 80 79 80 81 81 81 82 82 82 81 81 81 81 84 84 84 84 85 84 84 85 84 84 82 84 82 82 82 82 82 81 82 85 86 86 86 90 130 176 201 181 141 103 66 51 59 63 68 68 67 66 67 69 70 65 58 48 35 32 30 28 29 30 32 33 36 37 38 40 43 47 56 64 69 80 94 117 139 181 224 199 189 92 22 6 10 10 11 11 
74 77 75 76 76 74 74 73 74 74 74 74 74 73 73 73 73 74 74 75 77 77 75 75 75 77 77 77 75 77 77 75 77 77 78 79 80 80 80 78 84 101 136 164 160 123 94 68 59 68 68 68 61 57 57 59 64 65 64 59 48 35 32 30 28 28 29 31 32 35 37 38 39 42 47 56 65 72 79 94 128 153 196 229 189 148 68 22 10 10 10 11 11 
68 71 68 68 70 70 70 70 68 69 68 68 68 67 67 67 67 67 67 67 68 67 67 68 68 69 69 69 69 68 68 68 70 70 72 72 73 73 73 73 79 85 100 117 132 104 89 71 59 79 77 72 64 51 49 53 60 61 64 61 51 35 31 29 28 28 28 30 31 32 35 37 37 40 45 54 60 68 75 94 142 174 208 216 163 117 53 24 15 10 10 11 11 
66 65 64 65 66 66 66 67 66 67 66 66 66 65 65 65 65 65 65 64 64 65 65 66 66 66 66 66 66 64 64 65 65 65 67 67 67 67 68 71 72 75 81 86 103 109 103 86 71 94 90 81 68 50 46 51 58 58 61 61 52 36 31 29 28 28 28 29 30 31 33 36 37 39 45 54 58 72 82 106 157 186 214 208 150 94 43 24 15 10 10 11 11 
66 66 64 64 64 64 64 65 66 65 64 64 64 64 64 65 65 65 65 65 65 65 65 64 64 64 64 64 64 64 64 63 63 63 61 61 63 64 65 67 67 71 73 77 87 92 87 84 82 93 87 80 72 50 45 45 49 56 58 59 51 39 33 30 28 28 28 30 30 30 32 35 37 40 46 54 60 75 92 124 177 206 220 195 139 67 32 19 13 10 10 11 11 
66 66 64 65 65 66 66 66 66 66 65 65 65 64 64 65 65 65 65 65 65 65 65 64 64 64 64 64 63 64 63 63 61 60 60 60 60 61 63 64 65 66 70 73 77 74 72 77 82 88 86 78 72 56 45 40 42 49 56 58 53 44 36 30 29 28 28 29 29 30 32 35 36 41 48 54 60 80 100 130 184 211 221 182 132 47 23 16 11 10 10 11 11 
67 66 66 67 67 68 68 68 68 68 67 67 67 66 66 66 66 66 66 67 66 66 66 66 65 65 65 65 65 65 64 65 66 64 64 64 64 62 62 64 64 65 67 71 75 84 89 87 82 85 84 80 75 59 45 37 36 43 52 57 54 47 39 32 30 28 28 29 30 30 32 36 38 41 48 53 60 82 120 175 228 248 229 177 99 35 18 15 11 10 10 11 11 
71 70 70 71 72 71 71 71 71 71 70 70 70 70 70 70 70 70 70 69 69 68 68 68 67 67 67 67 67 67 67 68 68 67 67 67 67 66 67 67 66 65 67 70 73 75 75 75 79 82 84 86 82 67 50 36 32 39 51 59 58 52 44 36 31 29 28 27 27 29 32 36 37 41 48 53 63 84 118 172 228 248 242 196 124 44 23 15 12 11 10 11 11 
74 74 74 74 74 75 75 74 74 74 74 74 74 74 74 74 74 74 73 73 73 74 74 73 72 72 72 71 71 72 72 72 72 72 72 72 72 70 70 70 68 67 66 67 70 72 75 75 77 79 97 115 110 74 56 38 30 36 50 60 60 56 47 40 33 30 28 26 26 26 31 36 37 40 46 53 66 86 122 173 224 247 248 221 157 47 19 17 15 14 11 11 11 
74 74 74 74 74 75 75 75 75 75 75 75 75 75 75 75 75 75 75 75 74 76 76 77 75 75 75 75 75 76 76 75 76 75 76 76 76 74 74 73 72 71 68 67 67 70 72 73 74 86 117 145 137 86 61 40 30 35 47 59 60 57 49 44 38 33 30 26 25 26 30 36 37 39 44 53 65 83 121 171 220 248 252 241 181 60 26 16 16 14 11 11 11 
74 74 74 74 74 74 74 75 75 76 75 75 75 75 75 75 75 75 75 75 75 76 76 77 75 75 75 75 74 74 75 74 75 74 74 74 74 74 73 73 72 71 68 67 65 64 74 79 75 106 157 177 155 95 64 44 31 33 44 57 58 58 54 50 47 38 31 26 25 25 29 34 36 38 41 51 61 79 108 153 206 240 251 250 203 92 43 20 16 14 12 11 11 
72 72 71 72 73 73 72 72 72 73 74 72 72 72 73 73 74 74 73 73 73 75 75 74 74 73 72 71 71 71 72 73 72 72 72 72 71 72 71 71 70 70 68 68 66 65 72 79 81 113 170 188 163 106 68 47 33 33 40 50 54 53 54 54 52 45 36 27 26 25 29 33 36 38 39 49 58 74 101 143 194 234 251 252 219 124 53 19 16 14 15 12 11 
68 68 68 68 70 70 70 70 70 70 71 70 70 70 71 71 72 72 71 71 71 72 71 72 72 71 71 69 71 70 70 71 68 70 70 71 70 70 70 70 70 70 68 69 71 71 71 74 85 120 174 193 162 107 68 49 37 33 36 42 51 45 46 49 52 50 45 36 28 29 31 32 36 38 38 44 50 64 82 125 180 228 250 252 226 148 58 16 15 19 14 12 11 
66 66 66 66 67 67 67 68 68 68 68 68 68 68 70 70 70 70 70 70 70 70 68 69 69 68 68 69 69 68 68 68 67 67 68 70 68 68 68 68 68 68 70 71 76 78 79 84 100 128 169 192 158 95 63 50 39 35 33 35 38 40 43 42 45 45 47 42 31 30 31 33 37 38 38 40 44 53 65 108 169 221 249 252 229 180 75 18 13 18 14 12 12 
65 65 65 65 65 66 66 67 67 67 67 68 67 68 68 68 68 68 68 68 68 68 67 67 66 67 68 69 69 68 68 68 66 66 68 68 68 68 68 68 68 68 74 77 81 81 94 89 84 104 133 157 142 84 61 51 40 35 32 31 33 37 39 45 49 51 49 43 35 32 32 33 37 38 37 38 40 40 53 86 144 198 236 252 240 201 87 19 13 16 14 12 12 
65 65 65 65 65 65 65 66 66 66 67 66 66 66 67 67 67 67 67 67 67 67 67 67 66 67 67 68 68 67 67 67 66 66 67 67 68 68 68 70 70 75 81 86 87 90 101 97 93 79 96 108 93 57 45 44 38 35 33 32 31 32 35 38 42 44 46 43 38 34 33 33 36 37 37 36 33 36 42 68 127 185 226 250 244 201 87 19 12 15 14 13 13 
64 64 64 64 64 64 64 65 65 65 66 65 65 65 65 65 65 65 65 65 65 66 66 67 67 66 66 66 67 67 66 66 66 65 66 67 68 70 70 71 69 75 79 82 72 67 79 91 93 59 63 59 50 40 40 38 37 35 33 32 31 30 32 32 35 37 40 42 40 37 33 33 36 36 36 33 31 31 36 50 92 153 207 245 250 202 106 19 10 14 14 15 15 
65 64 63 63 63 63 63 63 64 64 64 64 64 64 64 65 64 64 64 64 64 64 64 65 66 66 66 65 65 65 66 67 67 66 67 70 72 73 74 73 71 64 57 49 37 36 50 65 60 47 39 32 29 29 33 37 37 36 33 32 31 29 30 30 31 30 35 39 40 37 32 32 35 35 32 30 27 27 29 32 60 118 171 222 239 179 79 19 10 14 14 15 15 
65 64 63 63 63 61 61 61 63 63 63 63 63 63 64 63 63 63 63 63 63 64 64 64 65 64 64 65 65 65 66 65 65 66 70 78 82 82 69 50 44 39 27 15 12 14 14 14 14 15 16 16 16 20 29 33 37 37 34 31 30 29 30 29 29 30 31 34 38 37 33 31 32 31 30 26 24 23 21 17 35 82 123 172 200 122 53 18 10 12 12 13 15 
65 64 63 61 61 61 61 61 61 61 61 61 61 61 61 61 61 61 61 61 61 63 63 63 63 64 64 65 65 65 65 65 64 67 71 75 67 62 47 28 21 19 12 10 10 10 10 10 10 10 10 9 9 13 22 28 32 36 36 32 31 30 30 29 28 29 30 33 36 36 33 30 30 30 29 25 23 21 18 17 21 39 67 102 121 66 31 13 10 11 12 13 15 
63 63 61 60 60 60 60 60 60 60 60 60 60 60 60 60 61 61 60 60 60 60 60 61 61 63 63 64 65 65 66 69 72 71 64 56 37 32 22 12 10 9 7 7 8 8 8 8 9 7 7 7 7 9 12 21 28 31 33 32 31 31 30 28 26 26 28 30 33 34 32 29 28 28 25 22 21 18 15 12 15 19 28 46 60 38 21 12 9 11 11 12 13 
64 63 61 60 60 60 60 60 60 60 60 60 60 60 60 60 61 61 60 60 60 60 60 61 61 61 61 61 63 64 67 69 75 67 47 32 20 17 12 7 7 6 7 7 7 8 8 8 8 6 6 7 8 8 11 14 24 29 32 32 32 32 31 28 25 25 26 29 31 33 31 29 26 25 24 21 19 16 14 10 11 12 17 21 35 26 18 11 9 11 11 12 13 
63 61 60 60 60 60 60 60 59 60 60 60 60 61 61 61 61 61 61 60 60 60 60 61 61 61 61 61 63 65 67 67 59 47 30 17 10 10 10 7 6 8 9 8 8 7 7 8 6 6 6 7 7 9 11 19 24 31 33 32 33 32 30 26 26 25 26 28 29 31 29 25 25 24 22 19 17 16 12 8 8 9 10 13 19 19 16 11 8 10 11 12 13 
63 61 60 59 59 59 59 59 59 60 60 60 60 61 61 61 61 61 61 60 60 60 60 60 61 61 61 61 63 62 67 64 44 29 16 11 9 7 9 8 7 9 9 8 8 7 7 6 6 6 6 8 8 8 10 16 25 32 33 32 32 31 29 26 25 24 24 26 28 30 27 24 23 21 19 18 17 15 11 8 8 9 10 13 16 15 14 11 9 10 10 11 12 
60 60 60 59 59 59 59 59 59 60 60 60 60 60 60 60 60 61 61 60 60 60 60 60 60 61 61 61 61 60 57 39 22 15 8 6 6 6 7 9 8 9 8 8 8 8 8 6 6 5 6 8 9 8 10 12 28 33 32 31 30 29 26 24 24 24 23 24 26 27 25 22 19 17 17 16 15 12 10 7 5 7 9 11 12 15 13 12 10 9 9 10 11 
60 60 60 59 59 59 59 59 59 60 60 60 60 60 60 60 60 60 60 59 60 59 59 59 61 61 61 61 59 58 40 14 9 9 8 6 6 6 6 8 6 6 8 6 8 6 6 6 6 4 5 6 8 8 8 9 29 35 31 30 30 28 25 23 23 22 23 24 25 27 24 21 19 17 15 13 13 11 9 5 5 5 8 10 11 13 12 11 10 10 10 11 12 
60 60 60 60 60 59 59 60 60 60 60 60 60 60 60 60 60 60 61 59 59 59 59 60 61 61 60 61 60 52 35 13 8 8 7 7 7 6 5 5 4 5 5 5 6 6 6 5 5 4 4 5 5 6 7 7 21 32 32 30 29 28 25 23 22 22 22 23 24 23 22 20 19 17 15 11 10 9 8 6 6 5 7 9 10 12 11 10 9 10 10 11 12 
60 60 60 60 60 59 59 60 60 60 60 60 59 59 59 60 60 60 60 59 59 59 59 60 60 60 60 60 60 46 31 13 8 8 7 6 6 5 4 4 4 4 4 4 5 6 6 5 5 5 5 5 5 5 6 8 12 26 30 29 29 28 25 22 21 21 21 21 22 22 21 20 19 16 15 11 9 8 7 6 6 5 5 8 9 12 12 11 9 9 10 11 12 
59 60 60 59 59 59 59 60 60 59 60 60 59 59 59 60 60 59 59 60 60 60 60 59 59 61 61 60 58 43 25 11 7 6 6 5 5 5 4 4 4 4 4 4 4 5 5 4 4 4 4 5 5 6 7 9 12 22 30 31 30 26 24 21 18 18 18 18 18 19 18 19 17 15 13 11 9 8 7 6 6 5 5 8 10 12 12 12 10 10 11 12 12 
59 60 60 59 59 59 59 60 60 60 60 60 59 59 60 60 60 60 60 60 60 60 60 59 59 61 61 60 58 39 21 9 6 6 6 6 6 5 5 4 4 4 4 4 4 5 5 5 5 5 5 6 6 7 8 10 12 21 31 30 28 25 23 21 17 16 16 16 16 19 17 18 16 15 12 11 9 9 8 7 7 6 5 7 10 12 12 12 11 11 12 12 12 
59 60 60 60 60 60 60 60 60 60 60 59 59 59 60 60 60 60 60 60 60 60 60 60 60 60 61 60 56 36 17 7 6 6 6 5 5 4 4 4 4 4 4 4 5 4 4 4 5 5 4 4 3 6 10 16 23 28 31 28 26 24 22 19 17 15 15 15 15 17 17 14 12 11 11 11 10 8 8 7 7 6 5 8 11 12 11 10 9 11 12 12 12 
58 59 59 59 60 60 60 60 60 60 60 59 60 60 60 60 60 60 60 60 60 59 59 59 59 60 61 58 50 29 15 8 6 7 7 5 5 4 4 4 4 4 4 4 5 4 4 4 4 4 4 4 4 6 9 14 21 29 29 25 24 22 21 19 17 16 15 13 13 13 13 11 10 9 9 10 9 7 6 6 6 5 5 8 11 12 12 10 10 11 11 12 12 
58 58 58 59 60 60 60 60 60 60 60 59 60 60 60 60 60 60 60 60 60 59 59 59 59 60 61 56 42 23 12 9 6 5 5 4 4 3 3 3 3 3 3 3 4 4 4 4 4 4 4 4 4 5 8 10 17 26 28 24 23 21 19 18 17 16 15 13 12 10 10 9 8 7 7 7 7 6 5 6 6 5 5 9 11 12 14 10 10 11 11 12 14 
58 58 58 59 59 60 60 60 60 60 60 60 60 60 60 60 60 60 60 60 61 60 60 60 59 59 61 54 35 16 11 8 6 5 5 4 4 3 3 3 3 3 3 3 4 4 4 4 4 4 4 4 4 5 6 8 12 23 26 23 21 21 19 18 17 17 13 11 10 9 9 9 8 7 7 6 6 5 5 6 6 6 7 9 14 15 15 11 10 10 11 12 14 
58 58 58 59 60 59 60 60 60 60 60 59 59 59 59 59 59 59 59 59 59 60 60 60 59 57 58 52 31 12 9 8 6 4 5 4 4 3 3 3 3 3 3 3 4 4 4 4 4 4 4 4 4 5 6 7 10 17 19 18 18 18 17 17 17 15 12 10 9 8 8 8 8 7 7 5 5 5 4 5 5 5 7 10 12 16 15 12 13 13 13 13 15 
58 58 58 59 60 59 60 60 60 60 60 59 59 59 59 59 59 59 59 59 60 59 59 59 59 58 59 50 26 12 9 8 6 4 5 4 4 3 3 3 3 3 3 3 4 4 4 4 4 4 4 4 4 5 5 6 8 12 14 15 15 16 15 15 15 12 10 8 7 8 7 7 7 7 5 5 5 5 4 4 5 4 5 9 11 16 15 12 15 16 16 15 15 
59 58 58 59 60 59 59 59 59 59 59 59 59 59 59 59 59 59 59 59 59 59 59 59 59 58 59 51 26 10 9 7 6 4 5 4 4 3 4 4 4 3 3 3 4 4 4 4 4 4 4 4 4 5 5 5 7 8 8 9 10 10 10 11 11 10 9 7 7 5 7 7 7 5 5 5 5 5 4 4 4 4 5 9 10 12 15 12 13 16 16 13 15 
59 58 58 59 60 59 59 59 59 59 59 59 59 59 59 59 59 59 59 59 59 59 59 59 59 59 59 52 30 11 9 7 6 4 4 4 4 3 4 4 4 3 3 3 4 4 4 4 4 4 4 4 4 5 5 5 6 6 4 5 7 8 8 9 8 9 9 7 7 7 5 5 5 5 5 5 5 5 4 4 4 4 5 9 9 16 12 11 12 13 13 11 13 
58 57 57 57 57 59 59 59 59 59 59 59 58 58 59 59 59 59 59 59 60 60 60 60 60 59 59 52 31 11 7 6 6 4 4 4 4 4 4 5 5 4 4 4 4 4 4 4 4 4 4 4 4 4 4 4 5 6 5 5 6 7 7 7 7 8 8 7 7 5 5 5 5 5 5 5 5 5 4 4 4 4 5 9 10 15 12 11 11 11 11 11 11 
59 57 57 57 57 58 58 58 58 58 58 58 58 58 58 59 59 59 59 59 60 60 60 60 61 60 58 47 28 10 8 8 6 4 4 4 4 4 4 5 5 4 4 4 4 4 4 4 4 4 4 4 4 4 4 4 4 5 5 5 6 7 7 7 7 7 7 7 7 5 5 5 5 5 5 5 5 5 4 4 4 4 5 9 10 11 11 11 10 10 10 9 10 
59 57 57 57 57 58 58 58 58 58 58 58 58 58 58 58 58 59 59 59 59 60 60 59 60 61 57 41 22 9 7 8 5 4 4 3 4 4 4 5 5 4 4 4 4 4 4 4 4 4 4 4 4 4 4 4 4 5 5 5 6 6 6 7 7 7 5 5 5 5 5 5 5 5 5 5 5 5 4 4 4 4 5 9 12 10 10 9 9 9 9 10 8 
57 57 57 57 57 58 58 58 58 58 58 58 58 58 58 58 58 58 59 59 59 59 60 59 60 61 57 40 17 8 7 5 5 4 4 4 4 4 4 5 5 4 4 4 4 4 4 4 4 4 4 4 4 4 4 4 4 5 5 5 6 6 6 7 7 7 5 5 5 5 5 5 5 5 5 5 5 5 4 4 4 4 5 9 11 10 10 7 7 8 9 10 9 
57 57 57 57 57 58 58 58 58 58 58 58 58 58 58 58 58 58 59 59 59 59 60 61 60 61 59 44 20 7 6 5 5 4 4 4 4 4 4 5 4 4 4 4 4 4 4 4 4 4 4 4 4 4 4 4 4 5 5 5 6 6 6 7 7 7 5 5 5 5 5 5 5 5 5 5 5 5 5 5 4 4 5 10 11 11 10 9 7 8 9 11 9 
57 57 56 56 56 58 58 58 58 58 58 58 58 58 58 58 58 58 59 59 59 59 61 62 60 63 59 44 22 8 6 6 5 4 4 3 4 4 4 5 4 4 4 4 4 4 4 4 4 4 4 4 4 4 4 4 4 5 5 5 6 6 6 7 7 7 5 5 5 4 4 4 4 4 4 4 5 5 5 5 4 4 5 10 13 11 11 10 9 10 12 14 11 
56 58 57 57 57 58 58 58 58 58 58 58 58 58 58 58 58 58 58 59 58 59 60 60 58 61 57 39 19 8 6 6 5 5 4 3 4 4 4 5 4 4 4 4 4 4 4 4 4 4 4 4 4 4 4 4 4 5 5 5 6 6 6 6 6 6 6 5 5 5 5 4 4 4 4 4 5 5 5 5 4 3 5 9 12 17 12 12 12 13 13 15 14 
56 58 58 58 58 58 58 58 58 58 58 58 58 58 58 58 58 58 58 59 58 59 59 57 58 59 50 33 17 9 6 6 5 5 4 3 4 4 4 5 4 4 4 4 4 4 4 4 4 4 4 4 4 4 4 4 4 5 5 5 6 6 6 6 6 6 6 5 5 5 5 4 4 4 4 4 5 5 5 5 4 3 5 9 12 16 12 11 11 12 13 14 14 
54 56 56 56 57 58 58 58 57 58 58 57 57 57 57 58 58 58 58 58 58 57 57 57 57 57 56 52 33 9 6 6 5 5 4 4 4 4 4 4 4 4 4 4 4 4 4 5 5 5 5 5 5 5 6 5 5 5 5 5 5 5 5 5 4 5 5 6 6 5 5 5 5 5 5 4 4 5 5 5 4 4 4 9 12 15 11 10 10 12 13 15 13 
54 57 57 57 58 58 58 58 58 58 58 58 57 58 58 58 58 58 58 58 58 57 57 57 59 57 53 45 24 9 6 6 5 5 4 4 4 4 4 4 4 4 4 4 4 4 4 5 5 5 5 5 5 5 6 5 5 5 5 5 5 5 5 5 5 5 5 6 6 5 5 5 5 5 5 4 4 5 5 5 4 4 4 9 12 17 12 10 9 12 13 13 13 
54 57 57 58 59 58 58 57 57 57 57 58 57 58 58 58 58 57 57 58 59 57 57 58 60 57 48 38 18 10 8 6 6 5 4 4 4 4 4 4 4 4 4 4 4 4 4 5 5 5 5 5 5 5 6 5 5 5 5 5 5 5 5 5 5 5 5 6 6 5 5 5 5 5 5 4 4 5 5 5 4 4 4 9 12 16 12 10 10 12 13 13 13 
57 57 57 57 57 57 57 57 57 57 57 58 57 58 58 58 58 57 58 58 58 57 57 58 60 47 34 27 16 11 8 6 6 5 4 4 4 4 4 4 4 4 4 4 4 4 4 5 5 5 5 5 5 5 6 5 5 5 5 5 5 5 5 5 5 5 5 6 6 5 5 5 5 5 5 4 4 5 5 5 4 4 4 9 12 16 14 10 10 13 13 13 13 
57 58 57 55 55 55 57 57 57 58 57 56 56 56 56 56 56 58 58 57 57 57 57 57 50 32 23 19 15 11 8 6 5 3 3 3 3 4 4 4 4 4 4 4 4 4 4 5 5 5 5 5 5 5 6 5 5 5 5 5 5 5 5 5 5 5 5 6 6 5 5 5 5 5 5 4 4 4 4 4 4 2 4 8 11 16 14 11 10 13 13 12 12 
57 57 57 55 55 54 55 56 56 57 57 56 53 54 54 56 56 57 57 57 57 57 57 51 37 19 16 15 14 10 9 8 5 3 3 3 3 4 4 4 4 4 4 4 4 4 4 5 5 5 5 5 5 5 6 5 5 5 5 5 5 5 5 5 5 5 5 6 6 5 5 5 5 5 5 4 4 4 4 4 4 3 4 8 11 16 12 11 11 13 13 14 14 
52 52 53 53 53 52 53 53 54 53 54 52 46 52 53 54 53 56 57 56 57 56 54 45 30 13 12 15 11 9 8 7 4 3 3 3 3 4 4 4 4 4 4 4 4 4 4 5 5 5 5 5 5 5 6 5 5 5 5 5 5 5 5 5 5 5 5 6 6 5 5 5 5 5 5 4 4 4 4 4 4 3 4 8 11 17 11 10 12 13 15 14 15 
49 50 45 47 49 49 49 50 51 50 50 49 43 45 46 47 47 50 52 52 50 53 50 35 21 8 10 12 9 7 7 7 4 3 3 3 3 4 4 4 4 4 4 4 4 4 4 5 5 5 5 5 5 5 6 5 5 5 5 5 5 5 5 5 5 5 5 6 6 5 5 5 5 5 5 4 4 4 4 4 4 3 4 7 12 17 11 10 12 13 15 14 15 
45 47 39 38 36 36 38 43 43 45 45 45 40 37 40 37 36 40 44 45 44 43 44 27 14 7 9 9 8 5 6 4 4 3 3 3 3 3 4 4 4 4 4 4 4 4 4 5 5 5 5 5 5 5 6 5 5 5 5 5 5 5 5 5 5 5 5 6 6 5 5 5 5 5 5 4 4 4 4 4 4 3 4 8 12 16 11 10 12 14 14 16 16 
40 44 38 37 33 32 35 37 38 40 40 42 37 36 35 32 33 37 38 40 38 36 33 17 10 8 9 8 8 5 5 4 4 3 3 3 3 3 4 4 4 4 4 4 4 4 4 5 5 5 5 5 5 5 6 5 5 5 5 5 5 5 5 5 5 5 5 6 6 5 5 5 5 5 5 4 4 4 4 4 4 3 4 5 14 16 10 11 12 14 14 16 16 
38 42 40 39 35 35 37 38 39 41 43 40 40 36 36 35 35 38 39 40 36 34 27 10 6 8 8 7 7 5 5 4 3 3 3 3 3 3 4 4 4 4 4 4 4 4 4 5 5 5 5 5 5 5 6 5 5 5 5 5 5 5 5 5 5 5 5 6 6 5 5 5 5 5 5 4 4 4 4 4 4 3 3 4 11 17 10 10 11 14 14 15 15 
44 46 45 40 37 37 40 43 47 48 48 47 45 40 40 38 40 44 45 43 36 24 17 7 6 8 8 7 7 5 5 4 3 3 3 3 3 3 4 4 4 4 4 4 4 4 4 5 5 5 5 5 5 5 6 5 5 5 5 5 5 5 5 5 5 5 5 6 6 5 5 5 5 5 5 4 4 4 4 4 4 3 4 4 11 16 10 10 11 12 14 14 15 
52 53 45 40 34 37 45 51 56 59 59 57 52 49 43 38 43 52 52 50 40 23 10 5 4 6 7 5 5 5 5 4 4 4 4 3 3 3 4 4 4 4 4 4 4 4 4 5 5 5 5 5 5 5 6 5 5 5 5 5 5 5 5 5 5 5 5 6 6 6 6 6 6 6 6 5 4 4 4 4 4 3 4 5 12 15 11 11 13 12 14 14 15 
59 59 46 39 34 37 44 53 58 58 58 57 53 50 45 40 43 53 52 47 38 18 8 5 3 6 7 5 5 5 5 4 4 4 4 3 3 3 4 4 4 4 4 4 4 4 4 5 5 5 5 5 5 5 6 5 5 5 5 5 5 5 5 5 5 5 5 6 6 6 6 6 6 6 6 5 4 4 4 4 4 3 4 5 12 15 10 12 13 12 14 14 15 
58 58 45 39 36 38 45 53 57 58 58 56 52 49 45 42 44 50 50 45 36 12 7 5 4 5 7 6 6 6 6 4 4 3 3 3 3 3 4 4 4 4 4 4 4 4 4 5 5 5 5 5 5 5 6 5 5 5 5 5 5 5 5 5 5 5 5 6 6 6 6 6 6 6 6 5 5 4 4 3 3 3 4 5 12 14 10 11 12 12 14 15 16 
57 53 44 39 38 39 46 53 56 58 58 56 51 47 45 43 44 47 43 39 32 8 7 5 5 5 7 8 6 8 6 5 4 4 3 3 3 4 4 4 4 4 4 4 5 4 4 5 5 5 5 5 5 5 6 5 5 5 5 5 5 5 5 5 5 5 5 6 6 6 6 6 6 6 6 5 5 4 4 4 4 3 4 5 14 12 10 11 13 12 14 15 16 
56 51 44 39 38 40 47 53 56 57 57 56 51 46 44 43 45 51 52 40 23 16 7 5 4 5 6 7 7 7 7 5 5 4 4 4 4 3 3 4 4 4 4 4 4 5 5 6 6 5 5 5 5 4 5 5 5 5 5 5 5 6 6 6 6 6 6 6 6 4 4 5 5 5 5 4 4 4 4 4 4 4 4 7 14 18 11 11 12 12 14 15 15 
54 50 43 39 38 40 47 52 54 56 56 54 50 46 45 43 45 50 46 34 17 11 6 4 3 5 6 7 7 7 7 5 5 4 4 4 4 3 3 3 3 4 4 4 4 5 5 6 6 5 5 5 5 4 5 5 5 5 5 5 5 6 6 6 6 6 6 6 6 4 4 5 5 5 5 4 4 4 4 4 4 4 4 9 15 16 12 11 12 12 14 15 15 
54 49 43 39 39 42 49 53 55 55 57 54 49 45 44 43 44 45 37 23 10 9 5 4 4 4 4 7 8 8 8 7 5 5 4 4 4 4 3 3 3 4 4 4 5 6 6 6 6 5 5 5 5 4 5 5 5 5 5 5 5 6 6 6 6 6 6 6 6 4 4 4 4 4 4 4 4 4 4 4 4 4 5 11 18 18 13 11 12 12 14 15 15 
54 49 42 40 40 42 49 53 55 55 57 54 47 44 44 44 42 37 22 10 8 6 5 4 4 4 5 7 7 7 7 7 7 5 5 5 4 4 4 3 3 4 4 5 6 6 6 6 6 5 5 5 5 4 5 5 5 5 5 5 5 6 6 6 6 6 6 6 6 4 4 4 4 4 4 4 4 4 4 4 4 4 5 11 18 17 13 11 12 12 14 14 15 
55 49 42 40 42 40 49 53 55 55 57 56 49 43 43 43 39 31 17 9 8 6 6 4 4 4 4 5 5 7 7 7 7 7 5 6 6 4 4 4 4 4 4 5 6 5 5 5 5 5 5 5 5 4 5 5 5 5 5 5 5 6 6 6 6 6 6 6 6 4 4 4 4 4 4 4 4 4 4 4 4 4 5 11 18 15 11 12 12 12 14 15 15 
54 49 43 42 42 40 49 53 55 55 57 56 49 44 43 43 35 26 11 8 6 6 5 3 4 3 4 5 7 7 7 7 5 5 5 6 6 5 4 4 4 4 4 5 6 5 5 5 5 5 5 5 5 4 5 5 5 5 5 5 5 6 6 6 6 6 6 6 6 4 4 4 4 4 4 4 4 5 4 4 4 4 4 10 17 18 13 12 12 12 14 15 16 
54 47 43 42 40 40 46 52 54 54 55 54 47 44 43 40 31 21 9 6 5 4 4 3 4 4 5 7 7 7 7 7 7 5 5 6 6 6 6 4 4 4 4 4 5 5 5 5 5 5 5 5 5 4 5 5 5 5 5 5 5 6 6 6 6 6 6 6 6 4 4 4 4 4 4 4 5 5 5 4 5 3 3 8 14 19 12 10 12 12 14 15 15 
54 47 43 42 40 42 46 52 53 54 55 53 46 45 43 39 24 15 7 6 5 4 4 4 4 7 7 8 9 9 10 9 9 10 10 10 10 10 10 7 5 4 4 5 5 5 5 5 5 5 5 5 5 4 5 5 5 5 5 5 5 6 6 6 6 6 6 6 6 4 4 4 4 4 4 4 5 5 5 4 5 4 3 8 15 18 12 10 13 12 14 15 15 
53 47 43 42 39 42 46 51 51 52 52 50 46 45 43 37 23 9 6 4 4 4 4 4 5 8 9 11 16 19 18 18 18 19 19 18 17 16 12 10 8 5 5 5 5 5 4 4 4 4 4 4 4 4 5 5 5 5 5 5 5 5 5 5 5 5 5 5 5 4 4 4 4 4 4 4 5 5 4 3 4 4 4 9 17 18 12 11 13 12 14 15 15 
52 45 39 32 36 39 46 51 51 52 52 49 45 45 40 32 17 8 6 4 4 4 4 4 5 8 12 19 23 25 27 26 26 27 26 25 24 21 17 12 10 7 5 5 5 5 4 4 4 4 4 4 4 4 5 5 5 5 5 5 5 5 5 5 5 5 5 5 5 4 4 4 4 4 4 4 5 5 4 3 4 5 5 14 23 19 11 11 15 15 14 15 15 
51 44 37 30 35 40 46 51 51 52 52 49 45 46 39 27 16 7 5 4 4 4 4 4 5 10 17 24 29 30 30 31 30 29 29 29 27 22 18 14 9 8 6 5 5 5 4 4 4 4 4 4 4 4 5 5 5 5 5 5 5 5 5 5 5 5 5 5 5 4 4 4 4 4 4 4 4 5 5 5 4 5 15 49 49 19 10 10 15 16 14 13 15 
54 46 39 31 33 43 47 51 52 52 52 49 45 44 37 25 14 6 5 4 4 4 4 4 5 12 19 26 30 30 30 30 30 29 28 29 26 22 18 12 8 6 5 5 5 5 4 4 4 4 4 4 4 4 5 5 5 5 5 5 5 5 5 5 5 5 5 5 5 4 4 4 4 4 4 5 5 7 9 10 5 7 44 120 101 30 10 10 14 16 14 12 15 
58 50 44 36 37 43 49 52 53 53 53 50 46 43 33 23 12 5 4 4 4 4 4 5 7 14 23 28 30 29 29 29 29 29 28 28 26 22 18 13 9 6 5 5 5 5 4 4 4 4 4 4 4 4 5 5 5 5 5 5 5 5 5 5 5 5 5 5 5 4 4 4 4 4 4 5 5 4 7 10 5 12 79 174 139 33 9 12 15 17 15 15 15 
59 51 46 40 42 44 50 53 54 54 54 51 47 39 30 19 12 6 5 4 4 4 4 5 9 17 26 29 30 29 29 29 29 29 28 26 25 22 18 13 9 6 5 5 5 5 5 4 4 4 4 4 4 4 4 4 4 4 4 4 4 5 5 5 5 5 5 5 5 4 4 4 4 4 4 4 4 2 4 7 4 6 78 170 135 35 9 10 12 17 15 15 15 
58 51 46 42 43 44 50 54 54 56 56 52 50 39 28 18 12 6 5 4 4 4 5 8 12 22 29 30 30 29 28 28 29 29 28 26 24 19 16 11 6 4 4 4 5 5 5 4 4 4 4 4 4 4 4 4 4 4 4 4 4 5 5 5 5 5 5 5 5 5 5 5 5 5 5 5 6 3 4 5 5 4 46 106 96 30 10 9 12 16 15 16 17 
57 51 45 43 44 46 50 54 54 56 56 52 49 42 29 17 12 6 5 4 5 4 7 9 15 25 31 30 30 29 28 28 28 28 26 25 24 19 14 9 6 5 5 5 5 5 5 4 4 4 4 4 4 4 4 4 4 4 4 4 4 5 5 5 5 5 5 5 5 5 5 5 5 5 5 5 5 4 4 4 5 5 17 40 49 24 10 11 13 13 15 15 16 
56 52 46 42 43 44 49 53 54 54 56 53 49 50 29 18 12 6 5 4 5 4 7 10 17 27 32 32 31 29 28 28 28 28 28 26 24 20 13 10 6 5 5 4 5 5 4 4 4 4 4 4 4 4 4 4 4 4 4 4 4 4 4 4 4 4 4 4 4 3 3 3 3 3 3 3 3 4 3 4 4 3 10 26 31 16 9 10 11 12 14 14 15 
54 51 45 42 43 45 49 53 54 54 56 53 49 53 30 17 12 6 5 5 5 5 7 11 19 30 34 33 31 29 28 28 29 29 28 28 24 20 15 10 6 5 5 4 4 5 5 4 4 4 4 4 4 4 4 4 4 4 4 4 4 4 4 4 4 4 4 4 4 3 3 3 3 3 3 3 3 4 4 4 4 2 5 17 17 15 12 11 11 11 12 12 12 
54 50 45 44 44 45 49 52 54 54 54 52 49 54 29 16 12 8 6 6 6 7 8 12 22 31 36 35 32 30 29 29 29 29 30 28 25 22 13 9 5 5 5 4 5 5 4 4 4 4 4 4 4 4 4 4 4 4 4 4 4 4 4 4 4 4 4 4 4 3 3 3 3 3 3 4 3 4 4 4 4 3 4 12 16 15 14 12 11 11 14 14 14 
53 50 45 44 45 45 47 51 53 53 53 51 49 56 28 13 12 8 6 6 6 6 7 12 22 32 37 35 32 31 29 29 30 30 29 28 25 22 13 9 5 5 5 4 4 4 4 4 4 4 4 4 4 4 4 4 4 4 4 4 5 5 4 4 4 4 4 4 4 3 3 3 3 3 3 4 4 5 4 2 3 3 4 9 12 14 11 11 12 14 14 14 14 
52 49 44 43 44 45 47 50 52 52 52 50 47 44 21 13 12 9 8 6 5 5 6 14 25 34 37 36 33 32 32 31 31 30 30 28 23 17 11 9 6 3 3 3 4 4 3 3 4 4 4 4 4 3 4 4 4 4 4 4 5 5 5 5 4 4 4 4 4 3 3 3 3 3 3 3 4 5 5 4 2 3 4 9 14 14 11 11 12 15 15 14 14 
51 47 43 43 43 44 46 49 51 51 51 50 46 31 16 14 13 9 9 10 11 13 17 24 32 38 38 37 36 35 35 33 32 31 30 28 22 14 9 5 5 4 3 4 4 4 4 4 4 4 4 4 4 4 4 4 4 4 4 4 5 5 5 5 5 4 4 4 4 3 3 3 3 3 3 4 3 4 4 4 3 3 4 11 14 14 11 12 12 15 15 14 14 
49 46 42 41 43 43 45 47 50 50 50 49 46 30 19 16 12 9 12 21 23 25 30 33 36 37 37 37 37 36 37 36 35 33 30 25 19 11 8 5 5 3 4 4 4 4 4 4 4 4 4 4 3 3 4 4 4 4 4 4 5 5 4 4 4 4 4 4 4 3 3 3 3 3 3 4 4 4 4 4 4 3 7 12 15 15 11 12 13 15 16 16 15 
47 45 42 41 43 43 45 47 50 50 50 49 46 36 28 23 23 24 26 30 33 34 36 37 37 38 38 38 38 37 37 37 36 35 30 23 15 9 5 5 5 4 5 5 5 5 4 4 5 4 4 4 4 4 4 4 4 4 4 5 5 4 4 4 4 4 4 4 4 4 4 4 4 4 4 3 4 4 4 4 4 4 8 14 16 15 11 12 12 15 16 16 15 
47 44 40 41 43 42 44 47 50 50 50 47 45 40 32 31 35 38 40 43 46 46 45 43 42 39 38 38 38 38 37 37 36 33 30 23 14 9 6 5 4 5 5 5 5 4 4 4 5 6 6 6 5 4 4 4 5 5 5 5 5 5 4 4 4 4 4 4 4 4 4 4 4 4 4 4 4 5 5 5 5 5 9 13 16 15 13 11 11 12 14 14 14 
46 44 39 41 41 42 44 47 50 50 50 47 46 43 37 37 39 44 47 51 53 55 55 50 43 39 38 38 38 38 38 38 36 33 26 18 10 6 5 4 5 5 5 5 5 4 4 4 5 5 5 5 5 4 4 4 5 5 5 5 5 5 4 4 4 4 4 4 4 4 4 4 4 4 4 4 4 5 5 5 5 5 9 12 16 15 13 11 11 12 14 14 14 
46 43 36 39 41 42 44 47 50 50 50 47 46 44 39 37 39 46 50 51 57 58 58 50 42 37 38 37 38 38 38 38 37 31 24 17 10 5 4 4 5 5 5 5 5 4 4 4 5 4 4 4 4 4 4 4 5 5 5 5 5 5 4 4 4 4 4 4 4 4 4 4 4 4 4 4 4 5 5 5 5 5 8 11 15 15 12 11 11 12 14 14 14 
47 42 38 40 41 42 44 47 50 50 50 47 46 44 39 37 39 44 50 53 63 61 58 50 43 38 38 38 38 38 38 38 33 25 17 11 8 3 3 3 4 5 5 5 5 4 4 4 5 4 4 4 4 4 4 4 5 5 5 5 5 5 4 4 4 4 4 4 4 4 4 4 4 4 4 4 4 5 5 5 5 4 8 11 15 15 12 11 11 12 14 14 14 
47 42 38 40 41 42 44 47 50 50 50 47 45 44 40 38 42 43 49 54 66 64 58 50 42 38 39 38 38 38 38 37 31 23 15 11 6 3 3 3 4 4 4 5 5 4 4 4 5 4 4 4 4 4 4 4 5 5 5 5 5 5 4 4 4 4 4 4 4 4 4 4 4 4 4 4 4 5 4 4 4 4 6 11 15 13 12 11 11 12 14 14 14 
46 42 38 40 41 42 44 47 50 50 50 47 46 43 39 38 40 43 49 56 66 62 55 47 42 38 39 39 39 38 38 35 28 21 14 10 6 3 3 3 4 4 5 5 4 4 4 4 5 4 4 4 4 4 4 4 5 5 5 5 5 5 4 4 4 4 4 4 4 4 4 4 4 4 4 4 4 5 4 5 4 4 6 11 13 15 13 11 11 12 14 14 14 
46 42 38 40 43 42 44 47 50 50 50 47 45 43 39 38 39 42 49 57 65 62 53 46 41 38 39 38 38 37 36 31 24 17 11 9 6 4 3 3 4 5 5 5 5 4 4 4 5 4 4 4 4 4 4 4 5 5 5 5 5 4 4 4 4 4 4 4 4 4 4 4 4 4 4 4 4 5 4 5 4 4 6 11 13 14 12 12 12 12 14 14 14 
45 42 35 40 43 42 44 47 50 51 50 47 44 42 39 38 39 42 50 59 67 61 52 45 40 38 39 38 38 36 32 25 19 15 10 9 6 4 4 3 4 5 5 5 5 4 4 4 5 4 4 4 4 4 4 4 5 5 5 5 5 4 4 4 4 4 4 4 4 4 4 4 4 4 4 4 4 5 5 5 5 5 8 12 15 12 12 12 12 12 14 14 12 
46 42 36 39 43 43 45 48 51 52 51 46 43 42 39 38 39 43 50 57 53 60 52 44 39 39 39 38 37 35 30 24 17 12 9 7 5 4 4 4 4 4 4 4 4 4 4 4 4 5 5 5 5 5 5 6 6 5 5 5 5 4 4 4 4 4 4 4 4 4 4 4 4 4 4 4 4 5 5 5 5 5 8 12 13 12 12 12 12 11 12 12 12 
45 40 36 39 43 43 45 48 51 51 51 46 43 40 39 38 39 44 52 59 60 60 52 43 39 39 39 37 37 35 30 23 17 11 9 7 5 4 4 4 4 4 4 4 4 4 4 4 4 5 5 5 5 5 5 6 6 5 5 5 5 4 4 4 4 4 4 4 4 4 4 4 4 4 4 4 4 5 5 5 5 5 8 12 13 12 12 12 12 12 14 14 14 
45 40 35 39 41 44 45 48 51 51 51 45 43 40 39 38 37 45 52 66 67 58 50 42 38 39 39 37 37 34 30 21 14 9 7 6 6 5 4 4 4 4 4 4 4 4 4 4 4 5 5 5 5 5 5 6 6 5 5 5 5 4 4 4 4 4 4 4 4 4 4 4 4 4 4 4 4 5 5 5 5 5 9 13 13 12 12 12 12 13 15 14 14 
45 40 35 39 41 44 45 48 51 51 51 45 43 40 40 39 36 45 54 70 71 56 49 40 38 38 38 37 36 34 29 21 14 9 7 6 6 5 4 4 4 4 4 4 4 4 4 4 4 5 5 5 5 5 5 6 6 5 5 5 5 4 4 4 4 4 4 4 4 4 4 4 4 4 4 4 4 5 5 5 5 5 9 13 13 12 11 11 13 13 13 14 14 
45 40 35 39 41 44 45 48 51 51 51 46 42 39 39 40 37 45 54 70 66 52 45 39 37 37 38 37 36 36 31 23 15 9 6 6 6 4 4 4 4 4 4 4 4 4 4 4 4 5 5 5 5 5 5 6 6 5 5 5 5 4 4 4 4 4 4 4 4 4 4 4 4 4 4 4 4 5 5 5 5 5 9 13 13 12 12 11 12 12 15 15 15 
45 40 35 39 41 44 45 48 51 51 51 45 42 40 39 39 37 47 57 67 64 50 44 38 37 37 37 36 35 33 30 24 17 12 8 6 6 4 4 4 4 4 4 4 4 4 4 4 4 5 5 5 5 5 5 6 6 5 5 5 5 4 4 4 4 4 4 4 4 4 4 4 4 4 4 4 4 5 5 5 5 5 9 13 13 13 13 12 12 13 15 15 15 
44 38 33 38 41 43 45 47 50 49 49 45 42 40 39 38 37 50 60 66 59 49 42 39 38 36 36 36 34 33 30 25 20 13 9 5 4 4 4 4 4 4 4 4 4 4 4 4 4 5 5 5 5 5 5 6 6 5 5 5 5 4 4 4 4 4 4 4 4 4 4 4 4 4 4 4 4 5 5 5 5 5 9 13 13 12 12 12 12 13 15 16 16 
44 38 33 38 41 43 45 47 50 49 49 45 43 42 40 38 37 53 66 67 56 45 42 39 38 36 36 36 34 32 29 24 18 12 8 5 5 5 4 4 4 4 4 4 4 4 4 4 4 5 5 5 5 5 5 6 6 5 5 5 5 4 4 4 4 4 4 4 5 4 4 4 4 4 4 4 4 5 5 5 5 5 9 13 15 13 12 12 13 13 13 16 16 
44 39 33 38 41 42 44 45 47 47 46 44 42 41 40 39 39 57 68 68 53 45 40 39 38 35 33 31 32 33 23 17 12 9 7 5 5 4 4 4 4 4 4 4 4 4 4 4 4 5 5 5 5 5 5 5 5 5 5 5 5 4 4 4 4 5 5 5 5 4 4 4 4 4 4 4 4 5 5 5 5 6 10 15 15 15 13 13 13 12 13 15 15 
43 37 32 37 40 42 43 45 47 47 46 44 42 41 40 38 42 60 71 65 47 45 40 39 38 33 31 28 28 29 18 14 10 7 5 5 4 4 4 4 4 4 4 4 4 4 4 4 4 5 5 5 5 5 5 5 5 5 5 5 5 4 4 4 4 5 5 5 5 5 4 4 4 4 4 4 4 5 5 5 5 6 10 15 16 15 13 13 13 12 13 14 14 
43 37 32 37 40 42 43 45 47 46 45 43 40 40 39 37 43 60 68 62 45 45 40 39 38 33 30 27 25 23 16 10 8 5 4 4 4 4 4 4 4 4 4 4 4 4 4 4 4 5 5 5 5 5 5 5 5 5 5 5 5 4 4 4 4 5 5 5 5 5 4 4 4 4 4 4 4 5 5 5 5 6 10 15 16 13 12 12 13 12 13 14 14 
43 37 32 37 40 42 43 45 47 46 45 43 40 40 39 37 43 60 67 58 43 44 40 40 38 33 31 31 27 20 12 9 8 5 4 4 4 4 4 4 4 4 4 4 4 4 4 4 4 5 5 5 5 5 5 5 5 5 5 5 5 4 4 4 4 5 5 5 5 5 4 4 4 4 4 4 4 5 5 5 5 6 10 15 16 13 12 12 13 13 13 14 14 
43 37 32 37 40 42 43 45 47 46 45 43 40 39 37 35 43 59 64 54 40 43 39 38 36 30 29 29 25 18 11 9 8 7 5 4 4 4 4 4 4 4 4 4 4 4 4 4 4 5 5 5 5 5 5 5 5 5 5 5 5 4 4 4 4 5 5 5 5 5 4 4 4 4 4 4 4 5 5 5 5 6 10 15 16 15 12 12 13 13 13 14 14 
43 37 32 37 40 42 43 45 47 46 45 43 40 39 36 35 45 61 60 51 40 42 37 36 32 26 25 26 24 16 10 8 7 5 4 4 4 4 4 4 4 4 4 4 4 4 4 4 4 5 5 5 5 5 5 5 5 5 5 5 5 4 4 4 4 5 5 5 5 5 4 4 4 4 4 4 4 5 5 5 5 6 10 15 16 13 12 12 12 13 15 14 14 
42 38 34 37 40 40 43 44 46 45 45 43 40 37 35 36 49 64 57 46 39 40 36 33 30 27 26 24 19 12 8 7 5 4 4 4 4 4 4 4 4 4 4 4 4 4 4 4 4 5 5 5 5 5 5 5 5 5 5 5 5 4 4 4 4 5 5 5 5 5 4 4 4 4 4 4 4 5 5 5 5 6 10 15 15 13 11 13 12 12 13 15 15 
42 39 36 38 40 40 43 44 46 45 45 43 40 37 35 37 53 65 54 45 39 39 34 32 30 29 26 23 18 10 7 5 5 4 4 4 4 4 4 4 4 4 4 4 4 4 4 4 4 5 5 5 5 5 5 5 5 5 5 5 5 4 4 4 4 5 5 5 5 5 4 4 4 4 4 4 4 5 5 5 5 6 10 13 15 13 11 12 12 12 12 12 12 
43 39 37 37 39 41 44 45 46 45 44 44 41 37 33 35 54 66 60 43 38 37 32 30 28 27 26 21 15 10 5 5 5 5 5 5 5 5 5 5 5 5 5 5 5 4 4 4 4 4 4 4 4 5 5 5 5 5 5 5 5 5 5 5 5 5 5 5 5 5 5 5 5 6 6 6 6 5 5 5 5 5 9 10 10 9 10 11 11 11 10 12 12 
43 38 34 35 38 40 43 44 45 44 44 44 40 36 35 39 61 66 54 40 37 36 31 28 26 25 25 19 15 9 5 5 5 5 5 5 5 5 5 5 5 5 5 5 5 4 4 4 4 4 4 4 4 5 5 5 5 5 5 5 5 5 5 5 5 5 5 5 5 5 5 5 5 6 6 5 5 5 6 6 5 5 9 13 16 15 14 11 10 10 9 10 11 
42 36 32 33 37 40 43 44 44 44 44 43 39 36 35 47 65 67 50 38 36 33 29 26 24 24 23 18 11 8 5 4 5 5 5 4 4 5 5 5 5 5 5 5 5 4 4 4 4 4 4 4 4 5 5 5 5 5 5 5 5 5 5 5 5 5 5 5 5 5 5 5 5 6 6 5 4 4 5 8 3 4 20 39 34 16 14 11 9 9 9 9 10 
39 33 33 33 37 40 43 43 43 43 43 43 39 36 36 51 63 60 46 36 32 31 28 24 23 22 22 17 10 7 6 5 5 5 5 4 4 5 5 5 5 5 5 5 5 4 4 4 4 4 4 4 4 5 5 5 5 5 5 5 5 5 5 5 5 5 5 5 5 5 5 5 5 6 6 5 4 4 6 8 5 9 27 51 41 17 9 12 11 11 11 10 11 
39 35 33 35 38 41 41 42 42 42 42 42 38 35 37 49 59 55 40 33 30 29 25 24 23 24 23 16 8 6 5 5 5 5 5 4 4 4 4 4 4 4 4 4 4 4 4 4 4 4 4 4 4 5 5 5 5 5 5 5 5 5 5 5 5 5 5 5 5 5 5 5 5 6 6 5 5 5 5 5 4 9 17 30 26 17 12 13 13 12 11 11 11 
37 33 32 37 40 41 41 40 40 40 40 39 37 36 39 51 54 48 38 32 28 28 24 23 22 24 23 16 9 6 5 6 6 6 5 4 4 4 4 4 4 4 4 4 4 4 4 4 4 4 4 4 4 5 5 5 5 5 5 5 5 5 5 5 5 5 5 5 5 5 5 5 5 6 5 5 4 4 5 5 4 6 10 16 15 15 13 15 15 13 13 13 13 
36 34 32 38 40 42 40 39 38 39 39 35 35 36 44 60 51 40 37 33 29 25 23 22 22 24 22 16 10 6 5 6 6 6 5 4 4 4 4 4 4 4 4 4 4 4 4 4 4 4 4 4 4 5 5 5 5 5 5 5 5 5 5 5 5 5 5 5 5 5 5 5 5 6 5 5 5 5 5 4 6 8 11 16 13 13 13 13 13 13 16 13 12 
32 33 32 35 38 39 39 38 37 38 37 33 33 36 45 66 50 38 36 33 28 24 21 19 21 23 19 16 10 7 5 6 6 6 5 4 4 4 4 4 4 4 4 4 4 4 4 4 4 4 4 4 4 5 5 5 5 5 5 5 5 5 5 5 5 5 5 5 5 5 5 5 5 6 5 5 5 5 5 5 5 6 13 17 15 13 12 12 13 15 16 15 15 
30 31 31 31 33 38 40 39 37 34 34 32 33 43 58 60 47 38 36 31 25 22 18 18 22 23 20 16 13 9 5 5 5 5 5 5 5 5 5 5 5 5 5 5 5 4 4 4 4 4 4 4 4 4 4 4 4 4 4 4 4 4 4 4 4 4 4 4 4 5 5 5 5 5 5 4 4 5 5 5 4 6 13 17 15 12 11 12 13 15 15 13 15 
28 31 30 29 30 32 34 33 32 31 33 32 38 50 60 54 44 37 35 30 25 23 19 19 21 22 20 17 13 10 6 6 6 6 5 5 5 5 5 5 5 5 5 5 5 4 4 4 4 4 4 4 4 4 4 4 4 4 4 4 4 4 4 4 4 4 4 4 4 5 5 5 5 5 5 4 4 5 5 5 5 6 13 17 16 14 12 12 13 15 15 15 13 
29 30 29 28 28 29 29 31 29 29 30 35 49 63 60 49 39 37 34 29 25 24 23 21 19 19 18 18 16 11 6 6 6 6 5 5 5 5 5 5 5 5 5 5 5 4 4 4 4 4 4 4 4 4 4 4 4 4 4 4 4 4 4 4 4 4 4 4 4 5 5 5 5 5 5 4 4 5 5 5 5 8 12 15 16 14 12 12 13 15 15 15 15 
29 28 29 30 30 29 30 30 29 29 30 42 61 67 54 44 38 36 33 29 26 25 23 21 21 19 17 17 16 11 6 6 6 6 5 5 5 5 5 5 5 5 5 5 5 4 4 4 4 4 4 4 4 4 4 4 4 4 4 4 4 4 4 4 4 4 4 4 4 5 5 5 5 5 5 4 4 5 5 5 5 8 12 15 16 14 12 12 12 13 13 13 13 
31 28 31 32 32 31 30 30 28 26 33 54 70 64 51 44 39 33 30 28 25 24 22 21 21 19 17 18 17 12 8 8 8 8 6 6 6 6 5 5 5 5 5 5 5 4 4 4 4 4 4 4 4 4 4 4 4 4 4 4 4 4 4 4 4 4 4 4 4 5 5 5 5 5 5 4 4 5 5 5 5 8 12 15 16 15 13 12 13 15 15 15 13 
33 33 35 36 35 33 31 31 29 31 39 66 71 58 43 37 33 29 28 26 24 23 22 21 21 21 18 19 18 12 8 8 8 8 6 6 6 6 5 5 5 5 5 5 5 4 4 4 4 4 4 4 4 4 4 4 4 4 4 4 4 4 4 4 4 4 4 4 4 5 5 5 5 5 5 4 5 5 5 5 5 8 12 16 16 15 13 12 13 15 15 15 15 
37 39 41 38 36 36 35 33 33 37 46 66 60 45 36 32 30 26 25 25 25 24 23 22 22 23 20 20 20 13 9 8 8 8 8 6 6 6 6 5 5 5 5 5 5 4 4 4 4 4 4 4 4 4 4 4 4 4 4 4 4 4 4 4 4 4 4 4 4 5 5 5 5 5 5 5 5 5 5 5 5 6 13 17 16 13 12 11 12 13 13 13 15 
35 39 44 40 35 37 36 36 35 40 50 51 43 36 32 30 26 24 25 25 25 24 24 24 23 23 23 23 23 18 12 9 9 9 9 8 6 6 6 5 5 5 5 5 5 4 4 4 4 4 4 4 4 4 4 4 4 4 4 4 4 4 4 4 4 4 4 4 4 5 5 5 5 5 5 5 6 5 5 5 4 6 13 17 16 13 13 12 13 13 13 15 15 
34 38 43 39 35 35 36 36 35 36 36 37 37 37 32 25 21 22 24 26 27 27 26 24 24 24 24 23 23 22 16 10 8 8 7 6 6 5 5 5 5 5 5 5 5 4 4 4 4 4 5 4 4 4 4 4 4 4 4 4 4 5 5 5 5 5 5 5 5 6 6 5 5 5 5 5 6 5 4 4 4 5 11 16 14 13 13 13 12 13 13 13 15 
39 39 40 37 35 33 36 36 33 36 36 37 37 36 31 22 18 19 24 26 26 26 26 24 24 25 24 23 23 23 19 10 8 8 7 6 6 5 5 5 5 5 5 5 5 4 4 4 4 4 5 4 4 4 4 4 4 4 4 4 4 5 5 5 5 5 5 5 5 6 6 5 5 5 5 5 6 5 4 4 4 5 11 16 14 13 12 11 12 13 12 13 15 
39 38 36 34 33 33 33 33 31 32 33 35 35 33 30 22 18 19 23 25 25 25 26 25 25 25 24 24 25 24 21 10 6 5 4 5 5 4 4 5 5 5 5 5 5 4 4 4 4 4 5 4 4 4 4 4 4 4 4 4 4 5 5 5 5 5 5 5 5 6 6 5 5 5 5 5 6 5 4 4 4 4 11 15 14 13 13 12 12 11 12 14 15 
35 35 32 33 33 32 32 31 30 31 33 33 35 33 30 22 16 18 23 25 26 26 26 26 26 26 26 26 28 25 21 10 5 5 4 5 5 4 4 5 5 5 5 5 5 4 4 4 4 4 5 4 4 4 4 4 4 4 4 4 4 5 5 5 5 5 5 5 5 6 6 5 5 5 5 5 6 5 4 4 4 5 11 15 14 13 13 12 12 12 12 14 15 
30 31 31 30 30 30 30 29 29 34 36 35 35 32 26 20 17 17 22 25 26 28 28 28 28 28 29 28 28 26 21 9 5 4 4 5 5 4 4 5 5 5 5 5 5 4 4 4 4 4 5 4 4 4 4 4 4 4 4 4 4 5 5 5 5 5 5 5 5 6 6 5 5 5 5 5 6 5 4 4 4 5 11 15 14 13 13 12 12 12 12 14 15 
25 26 26 27 29 29 29 28 30 34 37 35 33 29 23 17 15 16 21 24 25 26 28 28 28 28 28 28 28 25 19 9 5 5 4 5 5 4 4 5 5 5 5 5 5 4 4 4 4 4 5 4 4 4 4 4 4 4 4 4 4 5 5 5 5 5 5 5 5 6 6 5 5 5 5 5 6 5 4 4 4 5 11 15 14 12 11 12 12 12 12 14 15 
26 25 26 26 27 26 28 29 31 33 36 33 31 26 19 15 13 16 19 24 25 27 27 26 26 26 26 25 26 24 16 8 5 5 4 5 5 4 4 5 5 5 5 5 5 4 4 4 4 4 5 4 4 4 4 4 4 4 4 4 4 5 5 5 5 5 5 5 5 6 6 5 5 5 5 5 6 6 5 5 4 6 12 16 15 12 11 11 11 11 12 15 16 
26 26 27 27 27 25 28 30 31 33 35 33 29 24 19 13 13 16 18 23 25 27 27 26 26 25 25 24 25 23 12 7 6 5 4 5 5 4 4 5 5 5 5 5 5 4 4 4 4 4 5 4 4 4 4 4 4 4 4 4 4 5 5 5 5 5 5 5 5 6 6 5 5 5 5 5 6 6 5 5 4 6 12 16 15 12 10 10 11 12 12 15 17 
29 26 26 26 23 23 28 31 32 32 33 33 30 24 17 13 13 15 18 23 25 24 25 27 26 23 24 25 25 23 11 6 5 5 5 5 5 4 4 4 4 4 4 5 5 4 4 4 4 4 5 4 4 4 4 4 4 4 4 4 4 5 5 5 5 5 5 5 5 5 5 5 5 5 5 5 6 4 4 4 4 5 12 16 15 12 9 11 12 13 15 15 17 
26 25 25 25 25 24 26 29 30 32 33 33 31 26 19 13 12 13 17 22 25 24 24 26 26 24 24 24 26 23 11 6 6 5 5 5 5 4 4 4 4 4 4 5 5 4 4 4 4 4 4 4 4 4 4 4 4 4 4 4 4 5 5 5 5 5 5 5 5 5 5 5 5 5 5 5 6 4 4 4 4 5 12 16 15 12 10 12 13 13 15 16 17 
24 24 26 25 25 25 26 27 29 30 32 32 32 29 21 14 10 11 16 19 24 24 25 25 24 23 24 25 25 21 10 6 6 5 5 4 4 4 4 4 4 4 4 5 5 5 4 4 4 4 4 4 4 4 4 4 4 4 4 4 4 5 5 5 5 5 5 5 5 5 5 5 5 5 5 5 6 5 5 5 4 8 13 17 16 13 11 13 13 15 15 16 17 
25 23 25 24 24 24 25 26 27 28 30 31 32 31 24 14 11 11 15 22 24 25 25 26 25 24 24 24 24 19 10 7 7 5 5 4 4 4 4 4 4 4 4 5 5 5 4 4 4 4 4 4 4 4 4 4 4 4 4 4 4 5 5 5 5 5 5 5 5 5 5 5 5 5 5 5 6 5 5 5 4 8 13 17 16 15 11 13 13 15 15 16 16 
24 21 18 22 24 24 25 26 26 28 29 32 33 34 23 15 9 11 15 24 29 27 27 28 29 27 26 25 24 18 10 7 7 5 5 4 4 4 4 4 4 4 4 5 5 4 4 4 4 4 4 4 4 4 4 4 4 4 4 4 4 5 5 5 5 5 5 5 5 5 5 5 5 5 5 5 6 5 5 5 4 8 13 17 17 13 10 12 13 15 15 16 16 
23 19 23 25 26 27 29 29 29 31 30 34 34 37 25 15 9 11 16 24 30 27 29 29 30 31 29 25 25 18 10 7 8 5 4 4 4 4 4 4 4 4 4 5 5 4 4 4 4 4 4 4 4 4 4 4 4 4 4 4 4 5 5 5 5 5 5 5 5 5 5 5 5 5 5 5 6 5 5 5 4 8 13 17 16 13 11 13 13 15 15 15 15 
25 24 25 26 28 28 29 30 30 30 29 31 36 35 24 16 11 11 16 25 30 28 29 30 31 31 30 28 25 18 10 7 7 5 4 3 3 4 4 4 4 4 4 4 4 4 4 4 4 4 4 4 4 4 4 4 4 4 4 4 4 4 3 3 3 3 3 3 3 5 5 5 5 5 5 5 6 4 4 4 4 8 13 18 16 13 12 13 13 15 15 15 15 
29 25 28 28 28 29 30 32 32 29 29 33 37 35 24 17 11 12 16 25 31 29 30 31 33 33 33 29 25 18 11 8 6 5 4 3 3 4 4 4 4 4 4 4 4 4 4 4 4 4 4 4 4 4 4 4 4 4 4 4 4 4 3 3 3 3 3 3 3 5 5 5 5 5 5 5 6 4 4 4 4 8 13 18 16 13 12 13 13 15 15 15 15 
26 29 29 29 29 29 31 33 33 30 28 33 37 32 22 15 11 10 16 23 26 28 29 31 32 33 33 31 26 17 11 8 6 5 4 3 3 3 3 3 3 3 3 4 4 4 4 4 3 3 3 3 4 3 4 4 3 4 4 3 3 3 3 3 3 3 3 3 4 4 4 4 4 4 4 4 5 6 5 4 4 7 14 17 14 13 13 13 13 15 16 16 15 
29 29 29 29 29 29 30 33 33 31 29 25 29 28 19 14 10 6 6 18 23 26 29 30 32 32 32 33 28 17 9 8 6 4 4 3 3 3 3 3 3 3 3 3 3 3 3 3 3 3 3 3 4 3 4 4 4 4 4 4 3 3 3 3 3 3 3 3 3 4 4 4 4 4 4 4 5 6 5 4 4 7 14 17 14 13 13 13 13 15 16 16 15 
30 31 30 29 30 30 30 30 32 33 34 39 45 39 23 15 11 6 6 13 20 24 28 30 32 32 32 35 29 16 8 8 6 4 4 4 4 3 3 3 3 3 3 3 3 3 3 3 3 3 3 3 4 3 4 4 4 4 5 5 4 4 4 4 4 4 4 3 3 4 4 4 4 4 4 4 5 5 3 2 3 7 14 17 14 13 13 12 14 15 15 14 14 
31 31 30 29 29 29 30 32 37 40 44 54 61 57 33 17 13 10 9 11 18 21 25 29 31 31 33 35 28 17 10 8 5 4 4 4 4 3 3 3 3 3 3 3 3 3 3 3 3 3 3 3 3 4 4 4 4 4 5 5 4 4 4 4 4 4 4 3 3 4 4 4 4 4 4 4 5 5 3 2 2 5 12 17 12 13 13 12 14 15 15 14 14 
31 32 31 29 29 29 31 35 38 44 45 50 59 59 38 17 12 9 8 8 12 16 23 28 32 33 35 35 29 18 11 8 6 6 6 5 4 3 3 3 3 3 3 3 4 3 3 4 4 5 4 4 5 4 4 4 4 4 4 4 4 3 4 5 5 4 4 3 3 4 4 4 4 4 5 5 7 7 3 1 2 7 12 17 11 13 13 12 12 15 15 14 14 
33 34 33 32 31 32 32 32 32 35 33 35 47 57 42 21 11 8 6 8 10 12 21 26 36 36 38 38 33 21 12 8 6 6 6 5 4 3 3 3 3 3 3 4 4 4 4 5 5 5 5 5 5 4 4 4 4 4 4 3 3 3 3 4 5 6 6 4 4 4 4 5 4 7 8 8 9 9 5 5 7 10 16 18 10 13 13 12 12 15 15 14 14 
36 37 36 35 36 33 33 30 28 20 18 19 33 53 47 24 12 8 6 5 8 10 18 23 35 36 39 39 33 22 11 8 6 6 6 4 4 3 4 3 3 3 3 4 4 4 4 5 5 5 5 5 5 6 6 4 4 4 4 3 3 3 4 4 5 7 7 6 6 8 9 10 10 11 13 12 15 16 13 12 15 18 22 22 12 12 12 12 12 14 14 14 14 
