15 17 19 23 30 36 39 37 36 32 30 29 28 28 26 26 26 26 26 26 26 26 25 25 24 24 24 24 24 23 23 22 21 19 19 19 21 22 23 24 24 23 22 22 22 22 20 19 19 19 19 18 19 19 20 20 21 19 21 22 23 24 25 26 26 26 25 25 24 24 24 24 24 24 24 23 21 21 20 20 19 21 22 23 23 23 22 22 21 21 18 17 17 18 17 11 9 10 9 9 11 11 11 11 11 11 11 11 11 11 11 11 11 
12 16 17 24 38 40 44 44 43 40 39 36 31 30 29 29 29 29 28 28 26 26 25 25 24 24 24 24 24 23 23 22 21 19 19 19 21 22 23 24 24 23 22 22 22 22 20 19 19 19 19 18 19 19 20 22 22 23 24 26 25 28 30 31 31 31 31 30 30 29 29 29 29 29 29 29 23 20 20 20 19 21 22 23 22 22 22 21 21 21 18 18 17 18 16 11 9 9 10 10 11 11 11 11 11 11 11 11 11 11 11 11 11 
11 17 18 26 42 44 47 49 46 45 45 40 33 33 32 30 30 29 29 29 28 26 26 25 25 24 24 24 24 23 23 22 21 19 19 19 21 22 24 24 24 23 22 22 23 22 20 19 19 19 19 18 19 20 22 23 23 26 30 30 28 31 35 36 36 37 36 36 35 35 33 33 35 35 35 35 26 22 20 20 19 22 22 22 22 22 22 21 21 19 19 19 18 17 15 10 9 10 10 10 11 11 11 11 11 11 11 11 11 11 11 11 11 
9 14 20 23 38 39 44 47 49 46 40 36 32 32 33 30 30 30 29 29 28 26 25 25 25 25 25 25 24 24 23 21 21 19 18 18 21 22 24 24 24 24 24 23 23 22 22 20 19 19 19 19 19 19 20 22 23 28 32 39 44 46 47 47 49 49 49 49 49 47 45 44 42 42 40 39 28 22 21 21 21 22 22 23 22 22 22 21 21 19 19 19 18 17 14 9 11 10 9 10 10 11 11 11 11 11 11 11 11 11 11 11 11 
8 14 20 23 33 36 40 43 43 42 37 33 31 30 30 29 29 27 27 27 25 25 24 24 24 25 25 25 24 24 23 21 21 19 18 18 19 21 23 24 24 24 24 23 23 22 22 20 19 19 19 19 19 19 20 22 24 30 36 43 47 50 51 52 52 52 51 51 51 49 47 45 44 44 43 40 31 24 21 21 21 23 23 23 22 22 22 21 21 19 19 19 18 17 14 9 11 10 9 10 10 11 11 11 11 11 11 11 11 11 11 11 11 
8 12 19 22 27 29 31 32 33 33 31 30 29 27 26 26 26 26 26 26 24 25 23 24 24 25 25 25 25 24 23 21 21 19 18 18 19 22 24 25 25 25 24 23 23 22 22 20 19 19 19 19 19 19 19 20 25 31 38 44 49 51 54 53 53 53 52 53 51 50 47 45 44 44 43 42 33 25 22 21 22 23 23 23 22 22 22 21 21 19 19 19 18 17 13 10 11 10 8 9 10 11 11 11 11 11 11 11 11 11 11 11 11 
5 9 18 20 24 24 25 26 26 27 26 25 25 24 24 24 24 24 24 24 23 23 23 24 24 25 25 25 25 24 23 21 21 19 18 18 19 20 23 24 25 25 24 23 23 22 22 20 19 19 19 19 19 19 19 20 25 32 39 45 49 51 53 53 54 54 53 52 51 49 45 43 42 42 40 39 33 26 23 19 22 24 23 23 22 22 22 21 21 19 19 19 18 18 13 10 11 10 8 9 10 11 11 11 11 11 11 11 11 11 11 11 11 
4 9 19 22 20 20 20 20 22 22 20 20 20 20 22 22 22 22 22 23 22 23 23 24 24 25 25 25 25 24 23 21 21 19 18 18 19 20 23 24 25 25 24 23 23 22 22 20 19 19 19 19 19 19 19 20 25 33 42 45 49 50 51 52 52 53 51 50 49 46 44 42 40 40 39 38 33 26 22 19 21 23 23 23 22 22 22 21 21 19 19 19 19 18 13 10 10 10 8 9 10 11 11 11 11 11 11 11 11 11 11 11 11 
7 12 24 25 23 20 20 20 20 20 20 20 22 22 22 22 22 22 22 23 22 23 23 24 24 25 25 25 25 24 23 21 21 19 18 18 19 20 23 24 25 25 24 23 23 22 22 20 19 19 19 19 19 19 19 20 26 35 42 46 49 51 51 51 52 52 50 49 47 45 43 40 39 39 38 37 35 26 22 19 21 23 23 23 22 22 22 21 21 19 19 21 21 18 13 10 10 10 8 9 10 11 11 11 11 11 11 11 11 11 11 11 11 
9 17 29 30 26 22 19 22 22 22 22 22 22 22 22 22 22 22 22 23 22 23 23 24 24 25 25 25 25 24 23 21 21 19 18 18 19 20 23 24 25 25 24 23 23 22 22 20 19 19 19 19 19 19 19 22 26 35 42 47 50 52 53 53 53 53 52 51 50 49 46 44 43 43 42 40 35 28 23 19 21 23 23 23 22 22 22 21 21 19 19 19 19 18 13 9 9 9 7 8 9 10 10 10 10 10 10 10 11 11 10 10 10 
11 23 33 33 30 23 22 22 22 22 22 22 22 22 23 22 22 22 22 23 22 23 23 24 24 25 25 25 25 24 23 21 21 19 18 18 19 20 23 24 25 25 24 23 23 22 22 20 19 19 19 20 19 19 19 22 28 36 43 47 50 53 54 56 54 54 53 53 53 52 50 47 46 47 47 45 36 28 23 21 22 24 23 23 22 22 22 21 21 19 19 21 21 18 13 10 9 9 7 8 9 10 10 10 10 10 10 10 11 11 10 10 10 
12 22 29 30 28 21 19 21 21 22 22 22 21 22 22 22 22 21 22 22 22 22 24 25 25 26 26 26 25 24 23 21 21 19 18 18 19 20 23 24 25 25 24 24 23 23 22 20 20 20 20 20 20 19 18 20 26 35 43 49 51 53 56 56 56 56 54 53 54 53 53 52 51 50 49 45 36 28 23 19 22 24 23 23 22 22 21 21 21 19 19 19 22 17 12 10 9 9 8 9 8 9 9 9 9 9 9 9 11 11 11 11 11 
12 18 23 26 26 23 21 21 19 21 21 22 22 22 23 22 22 21 22 22 22 22 24 25 25 26 26 26 25 24 23 21 21 19 18 18 19 20 23 24 25 25 24 24 23 23 22 20 20 20 20 20 20 19 18 20 26 35 42 47 50 52 54 56 56 56 54 54 54 54 56 54 54 52 50 46 37 29 24 21 21 24 23 23 22 22 21 21 21 19 19 21 22 18 13 10 9 9 8 9 8 9 9 9 9 9 9 9 11 11 11 11 11 
11 15 18 23 25 26 23 21 19 21 22 22 23 23 23 22 22 21 22 22 22 22 24 25 25 26 26 26 25 24 23 21 21 19 18 18 19 20 23 24 25 25 24 24 23 23 22 20 20 20 20 20 20 19 18 19 25 33 40 46 49 52 54 56 56 57 56 56 56 56 57 58 57 56 51 46 38 30 24 21 21 23 23 23 22 22 22 22 21 19 19 21 22 18 13 10 9 9 8 9 8 9 9 9 9 9 9 9 11 11 11 11 11 
7 9 14 18 22 25 23 21 21 22 22 22 22 22 23 22 22 21 22 22 22 22 24 25 25 26 26 26 25 24 23 21 21 19 18 18 19 20 23 24 25 25 24 24 23 23 22 20 20 20 20 20 20 19 18 19 24 32 40 45 49 52 54 56 57 57 56 57 57 57 59 60 59 58 54 47 39 31 25 21 21 22 22 23 22 22 22 22 21 19 21 21 22 18 13 10 9 9 9 9 8 9 9 9 9 9 9 9 11 11 11 11 11 
6 8 11 17 19 22 22 21 21 22 22 22 22 22 23 23 22 21 22 22 22 22 24 25 25 26 26 26 25 24 23 21 22 21 19 19 19 20 23 24 25 25 24 24 23 23 22 20 20 20 20 20 20 19 18 19 23 31 38 44 47 51 53 56 57 58 58 58 59 60 61 63 63 61 56 49 39 31 25 22 21 22 22 23 22 22 22 21 21 19 21 21 21 18 13 9 10 9 9 9 8 9 9 10 9 9 9 9 11 11 11 11 11 
6 8 11 17 18 21 21 21 21 22 22 23 22 23 23 23 23 22 22 22 22 22 24 25 25 26 26 26 25 24 23 21 22 21 19 19 19 20 23 24 25 25 24 24 23 23 22 20 20 20 20 20 20 19 18 19 23 31 38 43 46 50 53 54 57 58 59 60 60 61 65 65 65 63 57 49 39 31 25 22 21 23 22 23 22 22 22 21 21 19 19 21 19 18 13 10 10 10 9 9 10 10 9 10 9 9 9 10 11 11 11 11 11 
6 8 11 16 18 22 21 21 21 22 23 24 22 23 23 22 23 22 21 21 23 23 24 25 24 25 25 25 24 23 22 21 22 21 21 21 19 21 22 23 24 25 24 24 23 23 22 20 20 20 20 20 20 20 19 20 24 30 36 40 46 50 52 54 57 59 60 60 61 64 66 68 67 65 57 50 39 32 26 22 21 22 22 23 22 22 22 21 21 19 19 21 19 18 12 10 9 9 9 9 10 10 10 11 11 11 10 10 11 11 10 10 10 
6 8 11 16 18 22 21 22 22 23 24 24 22 23 23 22 23 22 22 22 23 23 24 25 24 25 25 25 23 22 22 21 22 21 21 21 21 22 22 23 24 25 24 25 24 23 22 20 20 22 20 20 20 20 22 23 25 30 35 38 46 49 52 54 57 59 61 61 61 65 67 70 67 65 58 50 40 35 26 22 21 22 22 23 22 22 22 22 19 19 19 21 19 18 12 10 9 9 9 9 9 9 10 11 11 11 10 10 11 10 10 10 10 
8 9 11 16 18 22 21 22 22 23 22 22 23 22 24 23 22 23 22 22 23 23 23 23 23 24 24 23 23 22 21 21 22 23 24 24 24 23 24 24 24 24 23 23 23 23 22 22 22 22 22 20 20 22 23 24 27 30 35 39 44 47 53 55 59 61 62 62 64 66 69 69 67 65 62 52 42 35 28 23 21 21 21 22 22 22 22 22 19 19 19 21 19 18 12 10 9 9 8 8 8 8 9 11 11 11 12 12 11 11 10 10 10 
8 9 11 16 18 22 21 22 22 22 22 22 23 22 23 22 22 23 22 22 23 23 23 24 24 25 24 24 23 22 23 23 24 26 26 25 25 25 25 25 25 25 22 21 23 22 22 23 23 23 22 20 20 22 24 25 27 30 33 37 43 46 52 55 59 61 62 62 64 66 71 71 68 66 64 53 43 36 28 23 21 21 21 22 22 22 22 22 19 19 19 21 19 18 12 10 10 10 9 8 8 9 10 11 11 11 12 12 11 11 10 10 10 
8 9 11 16 18 22 21 22 22 22 22 22 23 22 21 21 22 23 22 23 23 23 23 24 24 25 25 25 24 24 24 25 30 33 29 26 26 26 26 26 26 24 22 22 26 25 23 23 24 24 23 22 20 23 25 27 29 30 32 36 41 45 51 55 59 62 62 64 65 66 69 71 68 66 66 55 43 36 28 24 21 21 21 22 22 22 22 22 19 19 19 21 19 18 13 10 10 9 9 8 8 10 10 10 11 11 12 12 12 11 11 11 11 
8 9 11 16 18 22 21 22 22 22 22 22 23 22 22 21 22 22 22 23 23 23 23 24 25 26 27 27 26 26 18 35 53 56 45 42 47 45 43 40 38 37 29 24 24 24 25 23 25 24 23 22 22 23 25 27 29 30 33 36 40 45 51 54 59 62 64 64 65 66 68 71 68 68 67 59 43 36 29 24 21 21 22 23 23 22 22 22 19 19 19 19 19 18 13 10 9 10 9 8 9 10 9 10 11 11 12 12 12 11 11 11 11 
8 9 11 16 18 22 21 22 22 22 22 22 22 22 22 21 22 22 23 23 24 24 24 25 27 30 31 33 35 37 45 72 102 108 106 103 124 111 115 104 109 92 67 47 19 17 16 21 24 25 23 22 22 22 24 27 27 30 33 36 39 43 50 53 59 62 64 64 65 64 67 69 67 67 66 60 44 37 29 24 22 22 22 23 23 22 22 22 19 19 19 19 19 18 13 10 9 9 10 10 10 9 10 11 11 11 11 11 12 11 11 11 11 
8 9 11 16 18 22 21 22 22 22 22 22 22 22 22 21 22 22 23 23 23 24 25 25 27 27 31 40 77 74 107 146 180 196 205 195 219 193 200 194 200 172 136 103 58 36 24 26 27 25 23 23 22 23 25 26 27 30 32 36 38 42 47 52 58 62 64 64 64 64 66 66 65 66 67 62 44 37 29 25 22 22 22 23 23 22 22 22 19 19 19 19 19 17 13 11 10 8 10 10 9 9 11 11 11 11 11 10 11 10 10 10 10 
8 9 11 16 18 22 21 22 22 22 23 23 22 22 22 22 22 22 23 23 23 25 24 26 33 46 59 90 136 162 199 220 231 245 235 236 249 249 248 247 248 235 205 175 144 111 71 38 26 24 23 24 24 24 25 26 29 31 34 37 38 42 48 52 58 61 64 64 63 63 62 64 61 65 66 61 45 38 31 26 22 22 22 23 23 22 22 22 19 19 19 21 19 18 13 12 10 10 10 10 9 10 11 11 11 11 11 11 11 10 10 9 9 
8 9 11 16 19 22 21 22 22 22 23 24 23 22 22 23 23 22 23 24 23 26 29 33 42 68 99 151 222 243 241 243 249 250 250 249 247 247 246 248 248 248 240 227 220 190 143 78 36 24 25 28 26 26 28 26 30 31 34 38 39 42 46 51 57 61 64 64 61 61 61 61 59 61 64 60 46 39 32 26 23 22 23 24 24 23 23 23 21 21 21 21 19 18 12 11 10 10 11 11 11 11 11 11 11 11 11 11 11 11 11 10 10 
8 9 11 16 19 23 21 22 22 22 24 24 23 23 23 23 22 22 24 24 25 30 44 66 90 115 145 191 239 241 242 242 244 246 246 243 240 228 221 240 240 247 245 243 240 236 221 151 81 45 31 26 28 26 28 28 30 32 35 38 39 42 46 51 57 61 64 62 61 60 60 59 57 59 61 59 46 40 35 28 23 21 23 24 24 24 23 23 21 21 19 19 19 17 11 9 10 10 11 11 11 11 11 11 11 11 10 10 11 11 10 10 10 
8 9 11 16 19 23 21 22 22 22 23 24 22 22 22 22 22 23 24 24 28 35 44 70 107 155 182 213 244 241 244 244 242 233 217 215 182 172 157 159 166 180 203 215 221 228 232 203 141 74 37 25 24 26 26 28 31 33 35 37 39 42 46 51 57 61 62 62 60 60 59 57 56 56 58 57 46 42 36 28 24 21 22 23 24 24 23 23 21 21 21 21 19 17 12 9 11 10 9 10 11 11 11 11 11 11 10 10 11 11 11 10 10 
8 9 11 16 19 23 21 22 22 22 22 22 22 21 21 22 22 24 25 22 29 40 52 79 130 189 213 223 216 209 193 186 166 146 123 111 88 76 64 67 66 80 100 120 154 157 153 172 172 139 93 46 22 22 25 28 31 35 37 39 38 42 46 52 57 61 62 62 60 59 58 55 54 54 55 54 47 43 37 30 25 21 22 23 24 24 23 23 21 21 21 21 21 16 11 10 10 10 10 10 11 10 11 11 11 11 10 10 12 12 12 11 11 
8 9 11 16 18 22 19 21 21 22 22 22 22 21 19 19 19 22 28 36 44 58 80 118 171 212 214 208 169 138 128 118 87 66 49 46 44 43 39 32 26 29 38 50 75 78 84 102 135 153 145 113 74 46 37 35 33 37 38 39 38 40 45 52 58 62 64 62 60 59 58 54 53 53 54 53 47 42 38 31 25 23 22 23 24 24 23 23 21 21 21 21 19 18 11 10 8 9 9 9 10 11 11 11 11 11 10 10 12 11 11 11 11 
8 9 11 16 17 20 18 19 21 21 23 24 24 22 19 23 25 22 28 58 96 118 142 171 198 210 193 169 101 79 72 66 42 30 30 31 31 31 31 31 31 26 25 28 31 31 30 46 87 135 172 175 155 127 102 72 47 40 39 39 41 44 46 52 59 65 65 64 63 60 59 55 53 52 53 50 47 43 38 31 25 23 23 22 24 24 23 23 21 21 21 21 21 18 15 12 8 9 9 8 9 11 11 11 10 9 9 10 11 11 11 11 11 
8 9 11 16 17 20 18 19 21 22 23 24 23 22 17 17 25 30 43 66 130 181 200 202 194 180 142 100 43 39 36 32 25 24 23 24 24 24 24 25 25 22 14 14 14 14 16 24 50 96 158 194 199 194 186 152 76 46 43 42 43 45 47 53 60 66 67 65 64 61 60 57 53 53 52 48 46 43 38 32 28 23 23 23 24 24 23 23 21 21 22 23 23 25 20 15 10 10 9 10 10 10 11 11 9 9 9 9 11 11 11 11 11 
8 9 12 16 16 19 19 21 23 24 24 25 23 22 21 25 37 37 61 96 153 205 209 199 173 123 77 49 26 18 16 16 18 17 17 17 18 17 17 17 16 16 12 12 9 12 16 14 21 52 110 163 200 220 230 207 129 66 39 43 45 47 50 54 61 66 67 65 64 61 59 57 53 53 52 48 46 43 38 32 28 23 23 23 23 24 23 23 22 21 22 22 28 33 29 19 12 11 10 11 10 10 8 8 8 8 8 8 9 9 10 9 8 
8 9 12 16 17 21 21 22 24 25 25 26 24 24 23 36 58 68 100 143 182 210 196 166 130 81 44 31 20 17 14 12 13 13 12 14 12 12 13 12 11 11 11 10 10 11 14 14 15 32 68 110 165 206 233 223 187 111 50 42 48 50 51 55 63 67 68 67 65 63 59 57 54 53 52 48 45 43 38 32 28 24 23 23 23 24 23 23 22 22 22 23 28 33 31 22 12 10 10 8 8 8 7 7 7 7 7 7 8 8 9 8 7 
7 8 12 16 17 19 22 24 25 26 25 25 25 25 26 50 68 93 136 174 207 208 177 138 93 53 30 23 16 15 12 12 11 11 12 12 12 11 10 10 10 9 9 8 10 11 12 12 15 26 50 80 118 180 229 241 220 153 78 45 47 49 51 57 64 68 68 67 65 62 60 59 54 53 51 48 46 44 38 33 28 24 22 22 23 23 23 23 23 22 23 24 25 25 25 17 12 9 9 8 7 8 8 8 6 8 8 8 8 8 8 8 7 
7 8 11 15 16 19 22 25 27 30 30 31 31 32 33 64 95 129 175 206 216 198 152 100 57 33 17 15 14 12 12 11 11 11 12 12 12 11 10 10 10 9 9 9 10 10 11 11 14 21 31 47 77 135 198 238 238 186 102 51 46 49 52 59 64 68 68 67 66 64 60 59 56 53 52 48 45 43 38 32 28 24 22 22 23 23 23 23 23 22 23 24 24 26 22 15 10 9 8 6 7 9 9 9 9 10 9 9 9 9 9 8 7 
7 8 11 16 16 18 22 27 30 32 36 35 43 50 57 96 128 159 194 212 207 175 125 77 37 17 10 11 10 10 12 12 11 10 11 11 11 11 9 9 9 8 8 9 9 10 10 11 14 17 19 31 44 77 139 192 222 199 116 53 45 49 54 61 65 68 68 67 66 64 61 60 58 55 52 47 45 41 37 32 28 24 22 22 23 23 23 23 23 22 23 24 24 25 19 12 9 9 9 8 9 10 11 11 11 11 10 10 9 9 8 8 8 
6 8 11 15 16 18 22 27 32 36 38 35 67 89 113 156 186 208 223 229 206 150 92 55 31 18 12 10 9 9 11 11 10 10 11 11 11 11 10 9 9 9 8 9 10 10 10 11 12 12 14 19 22 42 76 121 175 184 118 46 45 49 54 61 65 68 68 68 66 65 62 60 58 55 52 47 45 41 37 32 28 24 22 22 23 23 23 23 23 22 22 23 22 22 16 11 10 9 9 9 11 11 11 11 11 11 11 11 10 9 9 9 8 
5 7 11 15 17 19 23 29 33 32 37 44 96 141 179 211 228 240 238 236 207 138 77 49 29 18 14 10 9 9 9 9 11 11 10 10 10 10 9 9 9 9 8 9 10 10 10 10 10 11 15 16 19 24 44 84 153 182 127 46 45 49 54 61 65 70 69 68 68 66 64 61 57 54 52 48 46 43 37 32 28 24 22 22 23 23 23 23 23 22 22 23 23 19 13 11 10 11 9 9 11 11 12 11 11 11 12 12 10 10 10 10 9 
5 8 12 16 18 21 24 26 33 49 60 73 139 188 223 248 240 242 245 243 215 143 74 45 25 18 12 9 8 9 9 9 11 11 10 10 10 10 9 9 9 9 8 8 9 9 9 9 10 11 12 12 15 18 22 51 129 179 143 61 45 49 54 61 65 70 69 69 68 67 65 61 57 54 51 50 47 43 37 32 28 24 22 22 23 23 23 23 23 22 22 22 23 18 12 10 11 11 10 12 12 12 13 11 11 11 12 13 11 10 10 10 9 
6 10 13 18 19 21 25 29 40 73 102 132 186 216 233 248 243 244 246 242 208 131 56 25 18 15 12 10 8 9 10 10 10 10 10 10 10 10 10 9 9 9 8 8 8 8 9 9 12 12 11 9 13 17 17 37 117 188 181 96 45 49 53 59 63 67 67 70 68 67 65 61 58 56 54 51 47 44 37 32 28 24 21 21 23 23 23 23 23 22 22 22 23 18 12 10 11 10 11 13 12 13 13 11 10 10 12 12 11 11 11 10 9 
8 11 15 18 19 23 29 38 51 71 129 195 220 241 242 247 244 245 245 237 189 110 45 23 17 12 11 9 7 8 10 10 10 10 10 10 10 10 9 9 8 8 8 7 8 8 8 9 10 11 11 11 13 17 15 22 94 172 191 113 46 50 53 60 63 66 67 72 70 68 66 63 59 58 57 52 48 44 36 31 28 25 21 21 23 23 23 23 23 22 22 22 23 18 12 10 11 10 11 12 11 11 12 11 10 10 10 11 11 10 10 10 9 
5 9 14 18 51 74 97 132 137 145 196 221 241 248 247 247 244 247 240 219 163 88 34 21 17 12 10 9 9 9 10 11 10 10 10 10 10 10 9 9 8 8 8 7 7 7 8 8 9 10 10 14 12 16 15 28 79 153 179 121 45 50 53 58 60 59 66 73 70 70 66 63 61 59 59 54 50 45 36 31 26 25 21 21 22 22 23 23 22 22 22 22 22 17 13 10 10 11 9 10 11 11 11 11 11 10 10 10 11 11 10 10 10 
5 9 14 17 68 120 177 210 210 213 237 248 249 250 248 246 244 247 241 210 142 71 28 24 17 10 9 9 9 9 10 10 10 10 10 10 10 10 9 9 9 8 8 8 7 7 8 8 9 10 11 12 12 16 12 28 65 122 137 90 44 45 49 53 53 52 61 70 67 67 66 65 63 63 62 54 52 46 38 33 29 26 23 21 22 22 22 22 22 22 22 22 22 17 13 11 10 11 11 9 10 11 11 11 11 11 10 10 11 11 10 10 10 
4 8 14 17 85 152 219 241 245 249 249 249 248 248 247 242 238 235 226 186 122 63 26 24 17 10 10 9 7 8 8 8 9 9 9 9 9 9 9 9 9 8 8 8 7 7 8 8 9 10 11 11 15 17 12 27 60 95 89 51 41 41 44 46 49 47 54 64 65 66 67 67 66 66 64 57 54 48 39 35 30 28 25 22 22 22 22 22 22 22 22 22 22 17 12 10 9 10 10 10 10 11 11 11 11 11 11 11 11 11 11 11 11 
4 8 12 17 85 135 189 220 237 249 248 244 243 242 241 233 230 223 202 152 93 49 24 19 15 11 10 8 7 7 8 8 9 9 9 9 9 9 9 9 9 8 8 8 7 7 7 8 8 9 9 9 13 18 15 36 75 94 70 31 41 39 39 44 45 44 50 58 61 64 67 67 67 68 65 58 55 51 43 36 31 29 26 24 22 22 22 22 22 22 22 22 21 16 12 10 10 10 10 10 10 11 11 11 11 11 11 11 11 11 11 11 11 
4 8 14 18 47 85 146 193 227 247 243 241 238 237 234 232 217 193 163 117 71 40 18 15 14 11 10 8 7 7 8 8 9 9 9 9 9 9 9 9 9 8 8 8 8 8 7 7 8 8 9 10 13 18 23 64 101 93 65 42 46 39 39 46 47 47 52 57 59 65 67 68 68 70 65 58 55 51 43 37 32 30 28 24 23 23 22 22 22 22 22 22 19 16 11 10 11 11 10 10 11 11 11 11 11 11 11 11 11 11 11 11 11 
4 8 14 17 31 60 123 182 217 237 238 235 226 219 212 205 200 164 117 74 41 27 15 12 11 9 9 9 7 7 7 9 9 9 9 9 9 9 9 9 9 9 9 9 9 9 7 5 6 8 9 11 15 19 30 73 106 96 92 90 52 46 43 47 51 53 56 58 60 64 67 68 70 70 66 57 54 50 44 39 33 31 28 24 23 23 22 22 22 22 22 22 19 15 12 10 11 11 11 11 10 11 11 11 11 11 11 11 11 11 11 11 11 
5 9 14 18 26 40 102 177 202 209 228 228 210 200 188 179 170 130 85 53 31 23 12 10 9 8 9 9 7 8 9 10 9 9 9 9 9 9 9 9 9 9 9 9 10 10 9 8 5 7 9 10 16 20 30 53 78 95 134 149 59 54 48 53 59 59 63 63 61 65 68 68 70 70 67 57 54 50 44 40 35 31 28 24 21 22 22 22 22 22 22 22 18 14 13 11 11 11 11 11 11 11 11 11 11 11 11 11 11 11 11 11 11 
6 9 15 19 32 42 95 177 198 196 216 217 167 150 127 106 94 75 64 47 33 22 11 9 8 8 9 9 8 8 10 10 9 9 9 10 10 10 10 10 10 10 11 11 12 11 9 8 7 8 11 15 20 24 28 28 31 58 115 134 59 55 53 55 60 61 63 65 64 66 70 68 70 70 66 57 53 51 45 40 37 31 28 24 21 22 22 22 22 22 22 21 18 14 13 12 11 11 11 12 12 11 11 11 11 11 11 12 11 11 11 11 11 
6 9 15 22 35 61 108 170 198 202 202 190 148 122 97 79 72 59 42 36 32 21 9 7 9 9 9 9 9 9 10 10 9 9 9 10 10 10 10 10 11 12 15 15 12 11 8 7 8 11 17 23 28 28 29 23 17 38 73 80 48 53 54 54 60 62 63 64 65 66 68 68 67 66 62 54 53 50 45 44 37 31 28 24 21 22 22 22 22 22 21 19 18 15 11 10 11 11 12 12 12 12 11 11 11 11 11 12 11 11 11 11 11 
6 9 15 23 33 47 73 115 150 158 156 144 113 100 92 90 75 58 45 36 30 22 10 8 9 9 9 9 9 9 10 10 9 9 9 10 11 11 11 11 12 12 17 17 14 14 10 11 11 16 24 30 35 33 30 23 11 16 29 39 46 50 53 54 58 61 61 64 65 65 65 62 61 58 54 53 51 48 44 39 33 30 26 24 22 22 22 22 22 22 21 21 18 15 12 10 11 11 12 12 12 12 11 11 11 11 11 12 11 11 11 11 11 
7 8 14 23 33 40 47 67 99 108 100 94 96 103 111 110 87 73 58 42 34 25 11 9 10 9 9 9 10 10 10 10 9 9 10 10 11 12 12 14 15 16 17 16 16 17 18 18 19 22 29 35 38 33 29 25 19 18 22 31 40 44 46 46 49 51 52 52 54 54 53 52 50 47 45 44 43 40 37 36 31 28 25 24 23 23 22 22 22 22 21 19 18 15 12 10 11 11 12 12 13 12 12 12 12 11 11 12 12 11 11 11 11 
7 9 12 24 33 33 36 43 66 77 73 72 115 139 149 139 114 99 74 49 37 24 11 9 9 8 9 9 10 10 10 10 9 10 10 11 11 12 14 14 16 17 16 16 17 24 28 29 31 35 36 38 39 35 29 26 26 25 26 30 34 40 40 40 43 43 42 42 43 44 44 43 42 40 39 38 37 36 33 32 29 26 24 22 23 23 22 22 22 22 21 21 18 16 14 11 11 11 12 12 13 12 12 12 11 12 12 13 12 12 11 11 11 
7 9 14 23 39 41 46 53 68 75 84 95 152 188 194 177 171 140 97 61 38 22 11 9 9 8 8 9 9 9 10 10 9 10 10 11 11 11 12 14 17 18 18 17 19 29 35 38 39 43 43 42 45 42 29 23 26 23 25 29 30 31 33 33 32 32 33 35 35 33 33 32 31 31 30 30 30 29 29 28 26 25 23 22 22 23 22 22 22 22 19 19 17 15 12 10 10 10 11 11 12 12 12 12 11 12 12 12 11 11 11 11 11 
7 9 14 22 48 59 73 80 99 109 123 145 193 231 231 222 209 166 115 72 43 23 12 10 9 8 8 9 9 9 10 10 9 10 10 10 11 11 9 10 16 20 21 21 24 31 37 39 42 44 47 51 53 47 30 23 22 17 20 24 25 26 28 28 28 28 26 26 26 25 25 25 25 24 23 23 23 23 24 24 24 24 22 21 20 22 22 22 22 22 21 19 18 15 12 10 10 10 11 11 12 12 12 12 12 11 11 12 11 11 11 11 11 
8 9 12 18 67 77 92 99 108 126 159 184 202 229 237 235 216 175 125 84 59 31 15 11 9 7 8 9 8 8 10 11 10 10 10 10 10 9 9 8 15 19 22 28 30 33 37 38 40 43 47 53 58 47 30 25 24 23 22 21 22 22 22 22 22 23 22 22 22 22 22 22 22 22 21 21 21 21 21 22 22 22 21 19 20 22 22 22 22 22 21 21 19 15 12 11 10 10 11 11 12 12 12 11 11 11 11 12 10 10 10 10 10 
8 9 12 18 81 84 89 89 102 128 171 198 206 224 231 229 208 175 138 108 85 43 17 12 9 7 8 8 8 8 9 9 8 9 9 9 9 9 9 8 14 18 22 25 32 37 39 42 44 46 50 56 58 44 29 24 23 20 18 18 18 18 18 18 18 19 18 18 19 19 19 21 19 19 19 19 19 19 19 19 21 19 19 19 20 22 22 22 22 22 21 21 19 16 14 12 10 10 11 11 12 12 12 11 11 11 11 12 10 10 10 10 10 
7 8 11 17 70 86 90 90 96 116 149 178 206 221 224 219 199 176 160 135 93 47 20 12 9 5 5 7 7 7 8 9 8 9 9 9 9 10 10 8 15 21 24 28 35 42 46 49 50 51 57 61 58 43 27 22 21 19 18 18 18 17 17 17 18 18 18 18 19 19 19 19 19 18 18 19 19 19 19 19 19 19 18 19 21 22 22 23 23 23 22 19 21 16 14 12 12 12 12 12 11 11 11 11 10 11 11 11 11 11 11 11 12 
7 8 10 17 70 85 92 92 97 115 148 177 206 217 213 205 187 178 171 143 88 44 18 11 8 5 5 7 5 7 8 8 7 7 8 9 9 10 10 9 16 22 24 29 36 42 46 49 49 52 59 64 58 42 26 20 19 18 18 18 18 18 18 18 18 18 18 18 18 18 18 19 18 18 18 18 18 18 18 19 19 18 18 19 21 22 22 23 23 23 22 21 21 16 14 12 12 12 12 12 11 11 11 10 10 10 10 11 11 11 11 11 12 
8 9 10 17 71 85 94 92 97 118 152 178 206 213 210 199 182 182 177 142 86 41 19 12 9 5 6 8 8 8 8 8 7 7 7 8 9 9 10 10 16 22 28 31 39 44 47 50 52 56 63 67 59 43 28 24 24 23 19 18 18 18 18 18 18 18 18 18 18 18 18 18 18 18 18 18 18 18 18 18 18 18 18 19 21 22 22 23 23 23 23 21 21 16 15 14 12 12 12 12 11 11 10 10 10 10 10 11 11 11 12 12 12 
8 9 10 18 68 82 93 90 99 125 156 180 202 204 202 191 175 171 153 116 67 33 16 12 8 5 6 8 8 8 8 6 7 7 7 8 9 9 10 10 17 23 29 35 43 48 53 57 63 72 78 77 67 52 38 31 30 27 23 19 18 18 18 18 18 18 18 18 18 18 18 18 18 18 18 18 18 18 18 18 18 18 18 19 21 22 22 23 23 23 22 22 22 16 14 14 12 12 12 12 11 11 10 10 10 10 10 11 11 11 12 12 12 
8 9 10 18 61 78 88 87 97 128 157 180 195 195 186 184 181 159 129 93 47 26 12 9 7 5 6 8 7 7 8 6 7 7 7 8 9 9 10 11 17 23 29 37 46 53 57 61 67 78 84 78 68 58 49 44 39 33 29 22 19 19 18 18 18 18 18 18 18 18 18 18 18 18 18 18 18 18 18 18 18 18 18 19 21 22 22 23 23 23 22 22 22 16 14 14 12 12 11 11 11 11 10 10 10 10 11 11 12 12 12 12 13 
8 9 10 18 56 71 82 82 93 122 152 175 186 186 177 175 166 125 88 63 39 25 11 9 5 5 6 6 5 5 6 6 7 5 7 8 9 9 10 11 17 22 29 38 51 59 65 67 74 84 87 82 73 66 60 57 50 42 36 28 22 21 19 19 19 19 19 19 19 19 19 19 19 19 19 19 18 18 18 18 18 18 18 19 21 22 22 23 23 23 22 22 22 16 14 14 12 12 11 11 11 11 11 11 10 10 11 12 12 12 13 13 13 
9 10 11 19 47 64 77 77 86 113 143 165 186 186 179 169 138 89 59 45 30 19 9 7 5 4 4 4 5 5 6 6 5 5 5 7 8 9 10 11 16 19 29 40 53 63 73 79 85 95 98 91 84 79 74 72 59 47 43 35 23 21 19 19 19 21 21 21 21 21 21 21 19 19 19 19 19 19 19 19 19 19 19 21 22 23 23 24 24 24 23 22 22 16 15 14 13 13 12 12 12 12 11 11 11 11 11 12 12 12 12 12 13 
10 11 12 21 47 61 77 75 82 96 127 150 192 198 194 145 99 63 44 35 25 18 9 7 5 4 4 4 4 4 5 6 5 4 5 7 5 7 9 11 15 19 29 42 58 70 79 83 86 87 88 88 86 81 72 63 61 53 46 39 25 22 21 21 21 21 21 22 22 22 21 21 21 21 19 19 21 21 21 21 21 21 21 21 23 23 24 25 24 24 23 22 23 17 15 14 13 13 12 12 12 12 11 11 11 11 11 12 12 13 12 12 13 
11 12 14 21 19 58 72 77 94 119 152 185 203 203 187 132 79 46 32 29 23 14 9 7 6 5 4 4 4 4 4 4 5 5 5 5 6 5 5 8 12 21 30 46 75 86 86 86 86 86 86 86 86 84 82 82 74 60 48 37 29 22 22 22 21 22 23 23 23 23 23 23 21 21 21 21 21 21 22 22 22 22 22 23 23 24 24 25 25 24 24 23 23 17 15 14 14 12 13 13 12 11 11 11 11 11 11 11 12 12 12 12 12 
11 13 15 22 54 118 145 155 176 189 212 226 221 202 162 97 58 39 30 25 18 12 8 5 6 4 3 3 4 4 4 4 4 4 4 4 5 4 4 7 10 18 30 49 78 94 93 87 83 85 85 86 85 86 87 87 80 67 53 39 32 30 24 24 23 24 24 25 25 25 24 24 22 22 22 21 22 22 23 23 23 23 23 23 23 24 25 25 25 24 24 24 24 18 16 15 14 14 15 15 12 12 12 12 11 11 11 11 12 12 11 11 12 
10 14 17 24 110 181 217 229 231 234 240 237 223 179 127 65 43 32 26 22 15 10 8 6 6 4 3 3 3 2 2 4 4 4 4 4 5 4 5 6 9 17 27 46 71 89 91 86 82 82 82 85 85 86 87 88 86 74 58 42 36 34 26 25 24 25 25 26 26 26 25 25 24 24 23 23 23 23 24 24 24 24 24 24 23 24 26 26 26 25 25 25 24 18 16 15 14 14 14 14 12 12 12 12 11 11 11 11 12 12 11 11 11 
10 14 17 24 132 177 198 196 187 182 179 171 173 122 72 42 30 26 23 19 14 10 9 6 6 5 4 4 3 3 2 4 4 3 3 3 4 3 4 5 8 15 25 39 61 84 93 85 80 81 81 82 84 84 85 87 87 79 65 50 37 33 30 25 25 26 26 28 28 28 26 26 25 25 24 24 24 24 25 25 25 25 25 25 24 25 27 26 26 25 26 26 24 18 16 15 15 14 14 14 14 12 12 12 11 11 11 11 12 12 11 11 11 
10 14 19 26 111 128 124 117 115 111 109 101 112 79 46 35 29 25 21 16 15 14 9 7 7 5 5 5 5 5 5 4 4 5 5 4 4 4 5 8 10 15 18 29 41 66 84 79 79 80 81 82 84 84 85 86 84 79 70 54 41 33 29 26 26 28 28 28 28 28 28 28 26 26 26 26 25 25 26 26 26 26 25 25 24 24 26 27 27 27 26 29 24 18 16 15 15 14 14 14 14 12 12 12 11 11 11 11 12 12 11 11 11 
10 14 18 27 67 74 72 72 75 75 75 74 72 60 44 37 29 23 17 10 14 16 11 8 8 7 5 7 10 11 9 7 5 8 8 5 5 8 9 10 12 12 11 17 27 50 65 81 84 82 83 83 82 82 82 84 82 78 73 59 51 38 31 29 28 28 28 28 28 28 28 28 26 26 26 26 25 25 26 26 26 26 26 25 25 25 27 27 27 29 29 30 24 18 16 15 15 14 14 14 14 12 12 12 11 11 11 11 12 12 11 11 11 
9 12 17 26 43 56 68 71 74 72 66 63 62 59 49 43 31 21 17 13 15 17 16 11 11 11 7 7 12 15 12 9 10 12 10 7 9 11 10 12 15 11 9 10 24 32 58 106 115 99 88 82 81 82 84 84 82 79 75 65 57 43 33 30 30 30 28 28 28 28 28 28 26 26 26 26 25 25 26 26 26 26 26 26 25 26 27 29 29 30 29 30 24 18 16 15 15 14 14 14 14 12 12 12 11 11 11 11 12 12 11 11 11 
8 12 17 26 39 54 68 72 72 68 51 49 54 52 49 51 45 36 25 18 22 23 20 16 17 16 12 12 19 23 21 17 21 17 11 10 15 12 10 21 26 28 29 29 32 29 53 109 156 160 132 101 84 82 84 84 82 79 79 72 60 46 33 32 31 30 29 28 28 28 28 28 28 28 26 26 26 25 26 26 26 27 27 27 25 26 29 30 30 30 29 30 24 18 16 15 15 14 14 14 14 12 12 12 11 11 11 11 12 12 11 11 11 
8 11 16 25 38 53 68 70 68 66 61 58 58 56 53 53 51 47 44 36 37 39 35 30 25 22 24 25 31 36 33 32 29 23 19 19 20 19 22 32 37 39 41 44 40 44 52 85 159 210 202 172 148 113 91 83 82 82 81 80 66 51 36 33 31 30 28 28 28 28 28 28 28 28 26 26 25 25 25 25 26 26 26 26 27 29 29 30 31 31 30 30 24 18 16 15 15 14 14 14 14 12 12 12 11 11 11 11 12 12 12 12 12 
8 11 15 25 39 52 66 66 64 64 59 57 56 56 56 56 53 52 51 49 46 46 43 38 33 30 31 36 38 41 39 32 30 30 27 27 29 31 36 41 44 45 46 47 45 46 51 68 122 182 214 227 213 171 139 116 86 89 84 79 72 56 37 32 32 30 29 28 28 28 28 28 28 28 26 26 26 25 25 25 26 26 28 28 29 30 30 30 31 31 29 29 24 18 16 15 15 14 14 14 14 12 12 12 11 11 11 11 12 12 12 12 12 
6 10 14 24 41 52 65 65 61 60 58 57 56 57 57 57 55 54 52 51 50 49 45 40 44 46 45 44 43 42 40 35 36 37 37 38 39 36 39 45 49 50 49 49 49 49 50 54 78 111 143 166 203 216 208 180 145 103 82 79 74 61 45 35 35 31 30 29 28 28 28 28 28 28 26 26 26 26 26 26 28 28 29 30 31 31 31 31 31 31 29 29 24 18 16 15 15 14 14 14 14 12 12 12 11 11 11 11 12 12 12 12 12 
6 9 14 24 41 53 65 65 61 60 58 57 56 57 58 58 58 54 53 51 50 50 47 47 52 53 52 50 47 43 42 38 45 47 51 54 53 46 46 52 53 52 53 53 54 56 53 52 59 69 78 87 131 174 207 210 195 136 98 87 76 67 53 39 37 32 31 30 29 29 29 29 29 29 28 28 26 26 26 28 28 29 30 31 32 32 32 32 31 30 29 27 24 18 16 15 15 14 14 14 14 12 12 12 11 11 11 11 12 12 12 12 12 
6 9 14 22 43 54 64 66 64 61 59 58 58 58 58 59 59 55 52 51 51 51 52 52 53 52 53 51 46 44 44 45 51 51 57 59 58 52 52 55 54 54 57 58 57 57 57 57 57 59 56 58 70 95 137 173 202 175 135 104 78 71 57 44 39 33 31 30 29 29 29 29 29 29 28 28 28 28 28 28 29 30 31 31 33 33 34 33 31 31 27 29 24 18 16 15 15 14 14 14 14 12 12 12 11 11 11 11 12 12 12 12 12 
6 9 14 22 41 53 61 67 67 62 60 59 58 58 58 59 60 55 52 51 52 51 53 53 53 53 53 48 46 44 47 54 53 53 57 59 58 57 57 57 54 56 58 59 59 58 58 57 56 56 58 59 51 60 79 106 151 178 169 135 73 72 59 47 43 34 32 30 29 29 29 29 29 29 29 29 28 28 28 29 30 31 32 32 33 34 34 34 33 31 29 29 24 18 16 15 15 14 14 14 14 12 12 12 11 11 11 11 12 12 12 12 12 
7 9 14 23 39 52 61 66 66 62 61 60 59 59 58 58 59 54 53 52 51 50 50 51 50 50 50 46 46 46 50 54 55 55 58 60 59 58 58 58 56 57 58 58 58 58 58 56 56 57 57 58 56 59 59 65 87 125 174 179 71 72 66 56 45 37 36 33 30 29 28 28 29 28 28 28 28 29 29 30 31 31 32 33 33 34 36 36 34 31 29 27 24 18 16 15 15 14 14 14 14 14 12 12 12 11 11 12 11 11 11 11 11 
7 9 14 23 39 53 61 65 64 62 62 61 60 60 59 58 58 56 53 52 50 49 50 50 49 47 45 44 47 51 53 56 57 58 59 59 59 59 59 59 57 58 59 59 58 57 57 57 56 57 57 56 57 59 64 67 66 95 146 167 123 84 63 59 46 39 39 36 33 30 26 28 29 28 26 26 28 29 29 30 31 32 33 33 34 36 36 36 33 31 29 27 24 18 16 15 15 14 14 14 14 14 12 12 12 11 11 12 11 11 11 11 11 
8 9 15 24 38 53 60 61 61 61 61 61 60 60 59 58 59 56 53 50 49 47 47 47 46 46 46 48 51 53 56 56 57 57 58 59 59 59 59 58 59 59 58 58 58 57 57 57 57 56 57 57 58 60 65 66 70 77 128 172 166 107 75 66 59 51 43 36 37 31 26 27 28 26 27 27 28 29 29 31 32 33 35 36 36 35 35 35 32 30 28 26 23 17 15 15 14 14 14 15 15 14 14 14 12 12 12 12 12 12 12 12 12 
8 10 15 24 38 52 59 61 60 60 61 61 60 60 59 58 59 57 54 51 47 44 44 45 45 46 48 54 57 58 59 58 59 59 59 59 60 59 59 59 59 60 59 59 58 58 57 57 57 57 58 58 58 60 64 66 70 68 108 163 192 159 131 111 68 51 46 37 43 33 27 30 30 28 27 27 28 29 30 31 33 35 36 37 37 36 35 35 32 30 28 26 23 17 15 15 14 14 14 15 15 15 14 14 14 12 12 12 12 12 12 12 12 
8 10 15 25 36 50 58 60 59 60 59 60 59 59 59 59 59 59 57 52 46 40 39 42 44 49 52 57 58 60 60 60 61 61 61 60 61 60 60 60 60 61 60 60 59 59 58 58 58 59 59 59 59 61 64 67 70 74 97 150 212 222 201 157 89 54 47 39 46 36 29 31 31 28 26 26 28 29 30 32 35 36 37 38 38 36 35 33 31 29 28 26 23 17 15 15 14 14 14 15 15 15 14 14 14 12 12 12 12 12 12 12 12 
8 10 15 24 36 51 59 59 60 60 59 59 59 59 59 59 59 59 57 50 45 39 39 43 46 52 59 59 58 59 61 60 60 60 60 60 60 60 60 60 61 61 60 60 59 59 59 59 60 60 60 60 59 60 63 65 67 79 82 136 193 234 236 188 108 57 49 43 45 39 32 34 31 29 28 28 29 30 31 33 36 37 38 39 38 37 35 33 31 29 28 26 23 17 15 15 14 14 14 15 15 15 14 14 14 12 12 12 12 12 12 12 12 
6 9 15 24 36 51 59 58 57 58 58 59 59 59 60 59 58 58 54 47 42 39 40 47 54 59 58 59 59 59 60 60 61 60 60 61 60 60 61 61 61 61 61 61 60 60 59 60 60 61 60 59 60 60 60 64 65 66 67 108 142 193 222 185 102 56 50 44 48 45 35 36 33 31 30 30 31 32 33 36 38 38 39 40 40 37 35 33 31 29 28 26 23 17 15 15 14 14 14 15 15 15 14 14 14 12 12 12 12 12 12 12 12 
6 10 14 24 36 52 59 58 57 58 58 59 59 59 60 59 58 53 49 40 38 40 46 56 61 62 60 59 59 59 60 60 61 60 60 61 60 60 61 61 61 61 61 61 60 60 60 60 60 61 60 59 57 58 58 59 59 58 56 71 108 165 213 173 89 54 51 45 51 46 37 37 32 31 31 31 32 32 35 36 38 39 39 42 39 37 35 33 31 29 28 26 23 17 15 15 14 14 14 15 15 15 14 14 14 12 12 12 12 12 12 12 12 
6 9 14 25 37 52 58 57 57 58 58 58 59 59 59 58 57 51 45 38 36 42 51 63 65 61 60 59 59 59 59 59 59 59 59 60 61 61 61 61 61 61 61 61 60 60 60 60 60 61 60 59 57 57 56 58 59 73 60 67 103 170 220 172 89 57 54 45 54 50 42 38 35 33 34 34 33 33 36 38 42 44 43 44 42 38 35 33 31 28 26 25 23 17 15 15 14 14 14 15 15 15 14 14 14 12 12 12 12 12 12 12 12 
6 8 10 23 43 53 58 57 58 58 58 58 59 58 56 54 52 46 42 38 37 46 56 59 60 60 59 59 60 59 59 59 59 59 59 60 61 61 61 61 61 61 61 61 61 60 61 61 61 61 60 60 57 54 53 57 59 54 60 66 106 181 219 165 85 58 56 47 60 56 44 39 38 37 36 36 33 35 36 39 44 46 45 45 43 39 36 33 31 28 26 24 23 17 15 15 14 14 14 15 15 15 14 14 14 12 12 12 12 12 12 12 12 
7 10 15 22 52 53 58 58 57 57 58 59 58 56 53 51 47 44 40 39 44 51 58 59 59 58 58 58 59 59 59 58 58 59 59 60 61 61 60 60 61 61 61 61 61 61 61 61 62 62 61 60 58 56 57 58 60 64 73 74 96 151 195 160 92 60 60 58 64 60 47 40 39 38 36 35 35 35 37 42 47 51 49 47 45 40 36 35 30 28 24 23 22 16 14 14 15 15 15 15 15 14 14 14 14 14 14 14 14 14 14 14 14 
16 26 36 44 53 56 58 57 57 57 58 58 56 53 49 44 42 42 40 43 47 53 58 59 59 58 58 58 58 58 58 59 59 59 59 59 61 61 60 60 61 61 61 61 62 61 62 62 62 62 61 61 59 59 59 63 66 73 82 81 88 148 192 163 104 65 65 62 65 63 49 43 41 40 38 37 37 37 40 49 56 56 52 46 44 40 36 35 30 26 24 22 22 16 14 14 15 15 15 15 15 14 14 14 14 14 14 14 14 14 14 14 14 
29 49 61 60 59 58 56 56 57 57 57 57 55 51 44 40 40 43 46 47 50 53 58 58 59 59 58 58 57 58 58 59 59 59 59 59 60 60 60 60 61 61 62 62 62 61 62 62 64 64 64 65 63 63 63 66 71 78 82 80 88 145 188 161 110 71 71 69 68 67 52 45 44 46 39 39 40 42 51 59 63 60 52 47 44 42 37 35 30 26 23 21 22 16 14 14 15 15 15 15 15 14 14 14 14 14 14 14 14 14 14 14 14 
32 57 67 61 59 58 57 57 58 57 57 57 54 46 39 39 45 49 49 49 50 53 57 59 60 59 58 58 58 58 59 59 58 59 59 60 59 60 60 60 61 61 62 62 62 61 62 64 65 65 66 66 65 67 70 73 75 81 83 78 87 135 174 158 113 74 73 72 69 66 53 49 46 44 40 40 42 45 59 68 71 67 54 49 45 42 37 35 30 26 23 21 22 16 14 14 15 15 15 15 15 14 14 14 14 14 14 14 14 14 14 14 14 
24 42 52 53 56 57 58 58 59 59 59 55 48 41 39 44 52 54 50 50 51 54 58 59 60 60 60 59 59 59 59 59 58 59 59 59 59 60 59 58 60 60 61 62 61 61 62 64 65 66 66 67 66 71 74 77 79 85 82 80 82 121 159 149 104 77 78 76 74 72 61 58 52 53 46 45 43 53 71 79 79 72 59 52 45 42 37 35 30 26 23 21 22 16 14 14 15 15 15 15 15 14 14 14 14 14 14 14 14 14 14 14 14 
15 22 29 37 57 58 59 59 60 60 58 51 45 40 40 47 57 57 51 50 52 57 59 59 60 60 59 59 58 58 58 59 59 60 59 59 60 60 59 59 60 60 61 61 61 60 62 64 65 66 67 68 70 75 79 82 83 85 87 90 82 101 135 129 88 77 81 80 79 75 67 65 58 58 52 50 52 63 79 86 82 74 61 54 47 42 37 35 30 26 24 22 22 16 15 14 15 15 15 15 15 14 14 14 14 14 14 14 14 14 14 14 14 
13 15 16 26 57 57 58 58 58 57 53 45 43 41 46 53 58 56 50 49 52 57 59 59 59 59 58 58 58 58 58 59 59 59 59 59 59 59 58 58 59 59 59 59 60 61 63 64 65 66 67 68 72 78 82 86 83 87 93 101 79 88 115 120 93 83 86 82 87 77 75 75 67 65 59 57 67 77 89 90 84 73 61 56 49 42 38 36 29 28 25 23 23 16 15 15 16 16 15 15 15 14 14 14 14 14 14 14 14 14 15 15 13 
11 13 16 26 57 57 57 57 57 52 46 43 45 47 52 58 58 54 50 49 53 58 59 59 59 58 58 59 58 58 58 59 59 59 59 59 59 59 58 58 59 59 58 58 60 61 63 65 67 67 68 68 72 79 82 91 86 78 67 59 50 69 97 113 109 93 92 89 95 78 78 79 73 71 64 70 79 86 94 94 84 72 59 57 50 42 38 34 29 29 26 23 23 18 16 15 16 16 15 15 15 15 15 15 14 14 14 14 14 14 15 15 13 
9 12 16 25 57 57 56 57 57 50 44 43 47 53 57 59 58 55 50 50 54 59 61 61 59 60 59 59 60 60 59 59 60 59 58 58 58 58 58 57 58 58 58 59 59 61 64 65 68 69 68 71 72 75 83 85 82 74 67 61 58 67 85 104 107 103 103 103 108 109 108 101 87 80 77 82 94 100 104 99 85 67 60 59 52 43 33 30 30 31 28 25 24 21 17 15 17 17 16 17 16 15 15 15 16 16 14 14 13 13 13 13 13 
9 11 15 25 57 57 56 56 54 49 45 46 51 58 61 59 58 55 50 48 53 58 60 61 60 60 59 59 60 60 59 59 59 59 58 58 58 57 57 58 59 58 58 58 58 60 64 65 69 68 65 63 63 66 72 74 75 72 68 68 72 74 90 101 109 110 110 111 117 124 127 120 103 95 94 102 118 124 121 109 85 78 70 63 53 43 35 30 31 33 30 26 25 23 18 16 17 17 16 17 16 15 15 15 16 16 15 15 15 15 13 13 13 
8 11 14 24 54 54 54 54 52 47 45 47 54 60 64 60 57 55 49 47 52 57 59 60 60 60 59 59 59 59 60 60 58 58 58 58 58 57 57 58 59 58 57 57 58 60 65 66 67 63 59 57 59 64 68 72 77 79 81 82 85 88 102 110 116 115 109 105 128 141 146 136 116 106 113 125 166 156 136 116 85 75 68 66 52 42 33 33 36 40 35 33 33 31 23 19 16 16 16 16 17 16 17 17 15 15 15 15 14 14 13 13 13 
8 11 14 24 53 53 52 52 51 47 46 52 57 63 64 60 57 55 49 47 52 57 59 60 60 60 59 60 59 59 60 60 58 58 58 58 58 57 57 58 59 57 57 57 57 59 65 66 66 60 53 51 57 60 67 74 81 87 90 92 96 101 115 122 126 124 117 114 138 156 166 155 134 122 132 149 178 159 137 116 81 71 63 58 47 35 33 37 42 44 42 39 59 47 34 25 16 16 16 16 17 17 17 17 15 15 15 15 14 14 13 13 13 
8 11 15 24 52 52 51 51 50 50 51 56 59 64 65 61 57 55 49 47 52 57 59 60 60 60 59 59 59 59 59 59 58 58 58 58 58 58 58 58 58 58 57 56 57 59 62 62 62 55 50 47 52 58 65 73 86 92 101 107 115 122 136 145 153 153 149 146 169 187 200 192 173 164 176 195 180 171 147 130 102 91 84 81 79 78 79 81 85 85 77 67 78 68 41 24 17 17 17 17 17 17 17 17 15 15 15 15 14 14 13 13 13 
8 10 15 25 50 50 50 51 51 51 52 59 61 64 65 63 59 55 50 47 52 57 59 60 60 60 59 59 59 59 59 58 58 58 58 58 58 58 58 57 58 58 57 56 56 57 61 62 61 52 47 46 47 54 63 70 82 92 103 108 125 135 153 165 178 180 179 179 209 224 237 230 217 211 222 238 219 221 201 188 166 158 152 152 153 155 156 156 158 160 143 129 101 84 51 27 20 20 19 19 18 18 17 17 15 15 15 15 14 14 13 13 13 
8 11 18 29 49 49 50 51 52 54 57 61 63 64 64 61 60 55 52 51 54 58 60 61 60 60 59 59 59 58 58 58 58 58 58 58 58 58 58 57 58 58 57 56 56 57 60 61 59 46 44 43 43 47 56 63 78 88 104 110 134 146 171 187 210 216 222 227 231 241 249 247 243 242 250 251 247 245 234 228 218 220 221 226 228 227 228 229 226 222 212 206 118 89 55 32 27 26 25 24 21 18 17 17 17 17 15 15 16 15 13 13 13 
9 11 19 30 47 49 49 51 53 56 59 61 63 63 63 61 60 57 53 53 54 58 60 60 60 60 59 59 58 58 58 58 58 58 58 58 59 59 59 58 59 58 56 54 54 57 60 60 58 43 40 39 39 45 53 58 74 86 104 113 139 157 181 200 227 236 244 245 242 245 249 249 249 250 251 251 250 249 248 246 248 251 252 252 252 251 250 252 252 251 242 231 134 75 51 36 33 31 30 27 24 19 17 17 17 17 15 15 16 15 13 13 13 
8 12 20 31 47 49 50 51 53 56 58 60 61 61 61 60 58 56 54 54 55 57 59 61 61 61 59 59 59 58 58 59 59 59 59 59 58 58 58 58 58 58 57 57 56 57 60 61 57 42 39 37 37 43 51 54 66 74 90 102 138 162 200 231 251 252 250 248 245 247 250 250 251 251 251 251 251 251 249 248 248 248 248 248 248 248 248 247 249 247 243 205 109 58 48 37 38 36 32 30 25 22 19 18 19 18 16 16 16 15 13 13 13 
8 12 20 32 47 50 50 52 54 57 58 60 61 61 61 60 58 56 55 55 57 58 60 60 60 60 59 59 58 58 58 59 59 59 59 59 58 58 58 57 57 57 56 56 54 56 59 61 54 40 37 36 35 40 46 49 57 65 82 94 134 165 206 236 251 252 249 248 247 248 250 250 250 251 251 251 250 250 250 249 249 249 249 249 249 249 249 249 251 251 249 213 118 61 47 39 41 39 34 32 28 25 22 19 20 19 17 16 17 16 15 13 13 
8 12 22 33 48 51 51 52 54 57 58 60 60 60 60 59 58 56 56 56 58 59 60 60 60 60 59 59 59 59 58 59 59 59 58 58 58 57 57 57 56 56 54 53 53 55 57 55 52 38 34 37 39 45 50 49 53 58 71 81 107 150 202 234 249 249 249 249 250 250 250 250 250 250 250 250 250 250 250 250 250 250 250 250 250 250 250 250 251 251 250 224 142 66 47 43 40 37 33 31 31 27 24 23 23 20 19 18 18 17 15 14 13 
9 12 22 32 50 52 51 53 56 58 59 60 59 59 59 58 57 56 56 57 58 59 60 61 61 60 59 59 59 59 58 59 59 60 59 59 59 58 57 57 57 56 54 53 53 53 54 53 50 37 34 36 38 43 44 40 41 44 56 63 88 137 196 229 245 247 248 249 251 251 250 250 250 250 250 250 251 251 250 250 250 250 250 250 250 250 250 250 251 251 251 231 152 70 47 45 40 35 32 31 31 26 24 24 24 22 20 19 19 19 17 15 15 
9 14 21 30 51 53 52 54 56 58 59 60 59 59 58 58 57 56 57 57 59 60 61 61 61 61 59 59 59 60 59 59 59 60 60 60 59 59 59 59 59 59 59 57 57 58 59 56 54 44 40 39 36 38 40 38 45 50 61 72 111 156 208 236 245 246 248 249 250 249 249 249 249 249 250 250 250 250 250 250 250 250 250 250 251 251 251 251 252 253 252 243 179 79 45 41 32 29 25 24 23 23 22 20 20 19 18 17 17 18 17 15 13 
9 12 19 29 53 55 54 56 58 59 59 60 59 59 58 58 56 54 57 58 60 60 61 61 61 61 59 59 60 60 59 59 59 60 60 60 60 60 60 60 60 60 60 60 60 62 64 61 60 50 50 50 50 55 64 66 80 89 107 120 152 187 226 247 250 249 249 250 250 249 249 249 250 250 250 250 249 250 249 249 249 249 250 250 251 251 252 252 252 253 253 243 173 77 40 37 29 25 21 19 20 20 19 18 18 17 17 16 17 16 15 14 13 
8 12 20 30 54 55 56 58 59 60 60 61 60 60 58 58 56 54 59 60 60 60 61 61 61 61 59 59 60 60 59 59 59 60 60 61 61 61 63 63 63 63 65 65 65 70 73 73 75 68 71 69 80 88 97 102 118 129 152 165 172 195 219 240 248 252 251 251 250 249 249 249 251 252 251 250 249 249 250 250 250 250 250 251 251 251 251 251 251 251 252 242 158 68 37 32 27 24 19 18 18 18 18 17 16 16 16 16 16 15 14 12 13 
8 11 20 30 53 57 57 59 61 61 61 63 61 60 59 58 56 56 59 62 61 61 62 62 61 61 60 60 61 61 61 61 61 63 64 64 65 65 66 66 66 66 68 68 71 74 81 82 88 90 85 79 81 86 95 97 108 118 138 151 156 175 196 221 241 251 251 251 252 250 249 250 252 252 251 250 249 249 250 250 250 250 250 251 251 251 251 251 251 251 253 240 151 65 36 31 26 23 18 17 18 18 18 17 16 15 15 16 15 15 12 12 13 
9 13 20 30 47 54 58 60 61 63 63 64 61 61 59 58 57 56 59 63 60 60 62 62 62 61 61 62 64 64 64 65 66 67 67 68 68 68 68 70 70 71 73 73 73 76 74 74 74 79 83 81 79 80 86 89 93 95 96 97 104 134 165 194 223 241 249 252 252 252 250 251 252 251 250 249 248 248 248 248 248 248 249 249 248 248 248 248 253 247 237 199 101 50 33 30 26 22 18 16 16 16 17 16 16 15 15 15 13 13 12 11 12 
8 13 22 32 46 56 58 61 61 63 63 64 63 61 59 58 56 56 60 64 60 61 62 62 62 62 62 62 64 65 65 66 68 68 70 71 71 71 70 72 73 73 75 75 74 75 75 75 75 77 75 73 71 73 75 79 82 84 85 86 88 117 149 172 200 223 240 250 252 252 249 251 252 251 251 251 245 245 245 245 245 245 250 250 250 248 247 247 231 217 186 135 74 39 32 29 26 22 18 16 16 16 17 16 16 16 16 15 15 13 12 11 12 
8 13 24 33 47 57 60 64 63 64 64 65 64 63 60 58 56 56 61 65 61 63 63 63 63 61 61 61 63 63 64 64 66 66 67 68 70 70 70 71 73 73 73 73 73 73 74 74 73 75 70 65 65 64 61 63 66 66 68 69 82 106 130 152 175 200 228 247 252 249 245 246 247 244 241 240 233 230 229 229 229 229 234 235 231 224 209 202 184 166 130 79 52 30 30 27 25 20 18 17 16 16 16 16 16 16 16 15 15 13 13 12 12 
8 16 24 34 51 60 63 65 65 65 64 64 64 64 61 58 57 57 60 65 61 63 63 63 63 61 61 61 61 61 63 63 65 66 67 67 68 68 70 70 72 72 72 72 72 72 73 73 72 77 73 65 62 57 54 54 56 58 60 61 78 90 109 132 157 179 207 234 243 236 230 231 231 231 224 215 201 193 193 193 193 193 193 193 188 178 157 146 123 111 94 42 43 29 26 25 23 20 19 19 16 16 16 16 16 16 16 15 15 13 13 12 12 
8 16 24 36 52 61 64 66 65 65 64 64 64 64 61 58 57 57 60 65 61 63 63 63 63 61 61 61 61 61 61 63 64 65 66 66 67 67 68 69 69 71 70 70 70 70 70 70 68 72 67 58 59 51 47 45 46 49 53 57 77 86 101 123 148 169 185 205 212 205 200 201 203 205 201 192 177 167 158 155 152 153 153 153 150 139 131 122 111 101 92 44 38 31 27 24 22 22 22 20 17 16 16 16 16 16 16 15 15 13 13 12 12 
8 16 24 37 54 64 65 66 66 65 64 64 64 64 61 57 57 57 60 65 61 63 63 63 63 61 61 61 61 61 61 63 64 65 65 66 66 66 67 68 68 69 68 68 70 70 70 70 67 67 64 57 59 51 45 42 44 49 55 62 71 79 96 115 134 152 162 174 175 171 166 170 174 178 174 166 152 143 134 130 128 129 129 130 129 124 118 115 110 101 92 44 37 30 26 23 23 24 23 20 17 16 16 16 16 16 16 15 15 13 13 12 12 
8 15 25 38 56 64 65 66 66 65 64 64 64 63 61 58 57 57 60 64 61 61 61 63 63 61 61 61 61 61 61 63 64 65 65 66 67 67 67 67 68 68 67 67 69 69 68 67 66 65 63 56 59 50 38 36 39 47 54 58 66 78 103 123 128 138 136 141 143 141 139 145 155 160 160 152 138 129 121 117 114 115 116 116 118 116 112 111 107 100 92 44 36 29 25 23 24 25 24 20 17 16 15 15 15 15 16 15 15 15 13 12 12 
8 15 25 39 57 64 65 67 66 66 65 64 64 61 60 58 56 58 60 64 61 61 61 63 63 61 61 61 63 63 63 64 65 66 66 67 68 67 67 67 68 68 67 67 68 68 67 66 64 66 61 52 57 50 38 35 38 45 56 59 66 77 103 122 122 121 103 114 121 120 123 129 142 148 150 140 128 115 107 103 101 101 103 104 108 109 108 110 106 100 92 44 36 30 26 24 25 26 25 20 18 17 15 15 15 15 16 15 15 15 13 12 12 
8 16 25 38 57 63 64 66 65 65 64 63 63 61 59 57 57 58 61 63 61 61 61 63 63 63 63 63 63 63 63 63 65 66 67 68 67 67 67 67 66 66 66 66 67 68 68 66 65 68 63 53 58 51 39 39 42 46 56 63 68 79 94 101 103 93 82 80 92 104 111 118 131 138 135 125 110 104 100 95 94 95 97 99 101 102 103 106 103 96 69 45 35 29 26 26 26 26 25 22 18 17 16 15 15 15 16 15 15 13 13 12 12 
8 16 25 38 56 63 64 66 65 65 64 63 63 60 58 57 57 58 60 61 60 60 61 63 61 63 64 64 63 63 63 63 64 64 66 67 67 67 67 67 66 66 66 66 68 68 68 66 67 73 67 58 61 55 45 43 44 47 57 63 68 76 87 93 93 88 79 73 78 93 107 117 124 132 130 122 107 100 96 94 94 94 95 95 96 95 95 95 100 82 57 45 35 30 28 26 26 26 25 22 18 18 17 16 15 15 16 15 15 13 13 12 12 
8 16 25 38 56 63 64 65 64 64 63 63 61 60 58 57 57 58 59 60 60 60 61 63 61 64 64 64 64 64 63 63 64 64 65 67 66 66 66 66 66 66 67 67 69 69 67 64 68 78 71 60 65 61 52 47 47 50 57 63 68 73 80 85 84 79 70 65 67 75 96 114 124 127 125 117 104 96 94 91 90 90 89 86 87 87 86 86 96 68 45 43 35 30 29 28 28 28 25 22 19 19 20 18 17 16 14 14 13 13 12 12 12 
9 17 26 38 56 63 64 65 64 63 61 61 61 61 59 58 58 58 59 60 60 60 60 63 61 63 64 64 64 64 64 63 64 64 65 65 65 65 66 66 66 67 67 67 69 68 66 64 73 79 72 63 69 67 59 53 51 50 57 61 66 68 73 78 77 72 65 60 61 65 79 103 120 125 120 113 102 95 91 90 88 90 88 82 81 80 78 78 82 56 48 45 36 30 29 28 28 28 25 22 19 21 22 20 18 17 15 14 13 13 12 12 12 
9 17 26 38 57 63 64 65 64 61 61 60 61 61 59 58 58 58 59 60 59 60 60 61 61 63 63 63 65 65 65 65 64 64 63 63 64 64 65 66 67 69 71 71 72 73 72 73 88 106 99 78 71 70 65 58 51 55 59 60 63 64 64 65 63 59 56 52 56 61 68 86 109 115 115 111 102 94 88 87 85 77 64 61 58 59 59 59 57 57 52 46 37 30 29 28 28 28 25 22 19 21 22 22 20 18 15 14 13 13 12 12 12 
9 17 26 38 57 63 65 65 63 60 60 60 60 60 59 59 59 58 58 59 59 59 60 61 61 63 64 64 65 65 65 65 65 64 63 63 64 64 65 65 68 68 69 73 78 81 79 84 107 131 123 92 72 73 71 63 56 57 59 60 61 61 61 59 56 52 49 46 49 56 64 75 92 111 115 109 100 93 84 79 73 65 52 47 45 46 46 46 47 47 46 43 36 30 29 28 28 28 25 22 19 21 22 22 22 19 16 16 15 13 13 12 12 
10 18 26 38 57 63 64 64 63 60 60 60 60 60 59 58 58 58 58 59 58 58 59 60 60 61 63 63 64 64 64 64 65 65 63 63 64 64 65 65 67 70 72 72 73 73 78 87 115 144 139 106 72 74 74 67 61 59 60 59 60 59 56 51 45 43 42 40 43 49 59 71 83 95 104 101 90 84 74 66 61 52 40 37 35 36 37 37 37 37 36 35 33 32 30 28 29 28 25 22 19 21 21 21 21 19 19 17 15 12 12 12 12 
11 19 27 38 57 64 65 65 63 61 60 60 60 60 59 58 58 58 58 59 58 58 58 60 59 61 63 63 64 64 64 64 64 65 63 63 64 64 65 65 66 68 71 71 66 71 71 97 132 180 166 117 72 73 77 74 70 60 59 57 57 54 51 47 43 40 40 39 40 45 53 65 75 85 86 96 79 73 65 59 54 46 37 35 32 32 33 33 33 33 32 31 32 29 29 28 28 28 25 22 19 21 21 21 21 19 19 17 16 14 12 12 12 
12 19 26 37 56 64 66 66 64 63 61 60 59 59 58 58 57 58 58 58 58 58 58 58 59 60 60 60 61 61 61 63 63 63 64 65 65 65 65 66 66 63 65 68 70 77 93 117 148 175 167 118 72 68 77 78 74 60 38 43 50 47 46 44 40 39 38 38 39 43 46 57 64 65 66 63 63 57 51 47 43 39 33 31 30 30 29 28 29 27 25 24 23 24 25 26 28 26 24 22 21 21 21 19 19 19 19 18 16 16 15 15 15 
12 19 26 37 57 64 66 66 64 63 61 63 60 59 58 58 58 58 58 58 58 57 57 58 58 59 59 60 60 61 61 61 63 63 64 65 65 65 65 66 66 67 71 75 79 85 111 134 167 193 177 123 74 68 77 80 78 66 49 40 47 43 44 42 40 38 38 37 39 40 40 50 57 64 65 61 52 47 43 40 37 35 32 30 29 29 28 26 27 30 28 21 18 19 23 25 26 24 23 22 21 21 21 19 19 19 19 18 17 17 16 16 16 
14 21 29 38 57 64 66 67 65 64 63 63 61 59 58 58 58 58 58 58 58 57 57 58 58 58 58 59 60 60 60 61 61 63 64 65 65 65 66 66 72 78 80 85 93 116 151 172 195 212 198 141 85 74 77 82 82 71 56 45 46 42 40 39 39 38 37 36 37 38 36 43 53 62 63 59 50 44 40 39 37 34 31 29 29 29 28 24 26 35 32 23 18 19 23 22 23 21 21 22 21 21 19 19 19 18 18 18 17 17 17 17 17 
15 22 30 39 56 65 66 67 64 64 63 64 61 60 59 59 59 59 58 58 58 57 57 58 58 58 58 59 59 59 60 61 61 63 64 65 65 65 66 67 74 82 85 89 111 155 188 196 210 219 201 151 94 76 77 84 82 74 64 54 49 42 37 36 37 37 36 35 35 35 35 38 45 54 58 54 51 42 39 37 33 32 29 28 29 27 26 21 26 49 45 24 19 21 19 19 18 19 19 21 21 19 19 19 19 18 18 18 17 17 17 17 17 
15 22 30 39 57 64 66 67 66 65 63 64 61 60 59 59 59 59 58 58 58 58 58 58 58 58 58 59 59 59 60 60 60 61 64 64 64 65 65 67 73 80 86 94 117 174 207 202 206 212 195 156 91 76 75 84 85 77 71 63 50 39 36 32 33 36 35 33 35 35 35 37 40 49 54 56 49 39 35 32 32 31 29 28 26 28 28 29 59 125 137 73 21 18 17 15 16 17 18 19 19 19 19 18 18 17 17 17 17 17 17 17 17 
15 22 30 39 57 64 66 67 66 65 63 64 61 60 58 58 58 58 58 58 58 58 58 58 59 59 59 59 59 59 60 60 60 61 64 64 64 66 66 67 72 78 82 98 129 178 208 201 202 207 195 160 91 75 75 84 86 80 74 66 56 40 33 30 32 36 36 35 36 36 36 36 36 44 51 56 51 42 33 31 32 32 29 28 26 25 30 70 139 194 171 82 19 17 14 14 15 16 18 19 21 19 19 18 18 18 18 18 18 18 17 17 17 
15 22 30 39 57 64 66 67 66 65 63 64 61 60 59 59 59 59 59 58 59 58 58 58 59 59 59 59 59 59 60 60 60 61 64 64 64 65 65 65 68 75 80 88 114 153 187 196 207 209 200 166 93 74 75 85 87 81 80 71 59 44 33 30 32 35 35 33 35 35 37 37 33 37 48 55 55 44 34 31 32 32 30 29 28 26 31 101 206 245 193 89 18 15 12 12 14 15 17 18 19 18 19 18 18 18 18 18 18 18 17 17 17 
14 21 29 39 57 64 66 67 66 66 64 64 61 60 60 60 60 60 59 59 59 59 59 59 59 59 59 59 59 59 59 60 60 61 64 64 64 65 65 64 67 75 80 81 94 130 164 192 209 214 206 168 80 68 75 84 86 85 85 77 64 47 35 31 32 33 33 33 33 35 37 37 35 35 44 55 55 45 38 34 33 33 30 30 28 28 26 87 199 253 205 94 16 14 12 12 12 15 16 18 18 18 19 19 19 19 19 18 18 18 18 18 17 
15 22 30 40 57 64 66 67 66 66 64 64 64 61 61 61 60 60 60 59 59 59 59 59 59 59 59 59 58 59 59 59 60 61 62 62 62 64 64 63 67 75 79 81 86 103 144 200 224 219 208 165 72 63 77 84 86 86 87 84 67 57 39 31 32 32 32 32 32 35 35 36 36 37 45 67 43 43 40 38 32 31 31 30 29 27 23 51 152 233 198 90 23 14 12 11 12 14 15 17 17 17 18 18 18 18 18 17 17 17 17 17 17 
16 23 32 43 57 64 66 67 65 65 64 64 64 62 62 62 61 60 60 59 60 59 59 59 59 58 58 58 58 58 59 59 60 61 62 62 62 64 64 64 67 74 79 80 79 92 131 194 221 226 214 168 89 66 77 85 89 88 90 88 75 66 51 37 35 34 33 32 32 33 36 37 37 37 44 57 40 42 41 40 35 32 30 27 26 26 24 44 113 166 144 67 17 11 11 11 12 15 15 17 17 17 17 17 18 18 18 17 17 17 17 17 16 
18 25 34 45 58 65 66 67 65 65 64 64 64 64 64 62 61 61 60 60 59 59 59 59 59 58 58 58 58 58 59 59 60 61 62 62 62 62 63 65 68 74 78 77 80 93 125 178 215 229 215 169 102 70 77 84 88 89 89 87 78 73 66 53 40 36 36 34 33 35 37 39 39 38 39 47 41 41 41 41 39 34 29 25 23 24 24 32 53 82 70 31 11 10 10 11 12 15 15 16 16 16 16 16 17 17 17 17 17 17 17 17 16 
21 26 36 47 58 65 66 67 65 65 64 64 64 64 64 64 61 61 60 60 59 59 59 59 58 58 58 58 58 58 59 59 60 61 62 64 62 64 63 64 68 73 75 75 80 93 121 171 212 226 213 169 106 67 77 82 87 88 85 84 80 78 74 65 53 43 37 37 37 37 38 39 39 39 39 42 43 41 41 41 39 36 29 25 22 22 22 25 29 29 22 11 10 10 10 11 14 15 15 16 15 16 16 16 16 16 17 17 17 17 17 17 16 
21 26 36 47 59 65 66 67 65 65 64 64 61 61 61 63 63 60 59 59 59 59 59 59 58 58 58 58 57 58 58 59 60 61 60 60 60 61 64 66 68 72 74 74 78 87 116 164 203 226 216 170 107 66 78 83 85 85 84 84 81 80 79 74 61 49 38 34 40 39 40 39 40 38 37 42 42 40 41 43 40 37 29 23 22 22 21 23 25 29 30 18 9 9 10 11 14 15 15 15 15 15 15 15 16 16 16 16 16 17 17 16 16 
18 25 34 46 59 65 66 67 65 65 64 64 61 61 61 61 61 61 60 59 58 58 58 58 58 58 57 57 57 57 58 59 60 61 60 60 60 61 64 65 67 71 73 73 77 84 111 158 202 231 217 172 113 70 78 85 86 84 87 84 81 80 79 80 63 51 40 27 45 44 45 42 43 42 39 40 40 40 41 41 40 38 30 25 22 22 22 23 24 26 26 17 9 9 10 12 14 14 14 14 14 14 14 14 15 15 16 16 16 17 17 17 16 
15 22 31 43 58 64 65 65 63 63 61 61 60 60 60 60 60 60 59 58 58 58 58 58 58 58 57 57 57 57 58 59 60 61 60 60 60 60 62 64 66 70 72 73 77 81 107 150 194 227 218 176 120 73 75 82 86 86 90 86 81 81 79 78 68 65 59 51 50 43 44 44 44 44 40 38 41 40 40 40 39 36 30 25 24 24 23 23 24 25 23 17 13 11 10 12 12 14 14 14 12 14 14 14 14 15 15 16 15 16 16 16 15 
12 19 29 40 58 63 64 64 61 61 61 60 60 59 59 60 60 59 59 58 58 58 59 58 58 58 58 57 57 57 58 59 60 60 60 60 60 60 61 64 66 70 72 74 77 80 95 139 184 217 217 176 124 75 75 82 87 87 92 89 85 85 81 78 68 73 82 78 65 48 41 45 44 44 42 37 43 40 42 40 39 36 31 25 24 24 23 24 24 24 22 17 13 11 10 11 12 12 12 12 12 12 12 12 12 14 14 15 15 15 15 15 14 
11 17 27 39 56 61 63 63 60 60 60 60 59 59 58 59 58 58 58 58 58 59 58 58 58 58 57 57 58 58 58 59 59 59 59 60 59 60 61 64 67 71 72 74 75 78 86 121 173 212 216 173 122 79 74 81 86 88 89 89 86 86 82 79 71 80 101 104 80 52 42 44 45 45 45 40 43 37 42 42 39 36 31 26 24 24 24 24 25 25 22 16 12 10 11 12 12 13 12 12 12 13 13 13 12 12 11 11 12 14 14 14 12 
10 17 27 39 53 60 61 60 60 59 59 59 59 58 58 58 58 58 58 58 58 59 58 58 58 58 57 57 57 57 57 59 59 59 59 59 59 59 60 62 66 69 71 73 75 77 85 114 164 209 216 182 131 81 75 80 85 87 88 88 88 88 84 80 77 79 96 108 101 70 46 44 47 45 46 46 44 40 42 42 39 36 31 26 25 26 26 26 28 26 24 18 12 10 11 12 12 13 12 11 12 12 12 12 11 11 10 10 12 12 12 12 11 
9 16 26 39 51 59 60 60 59 58 58 58 58 58 58 57 58 58 58 58 58 58 58 58 57 57 57 57 57 57 58 58 58 58 58 58 58 59 59 60 66 69 71 73 75 75 82 109 155 205 222 196 143 85 75 79 84 87 87 88 89 88 86 82 80 80 93 109 116 92 63 45 50 46 46 46 46 44 42 42 39 36 32 29 28 29 29 30 30 28 26 21 12 10 11 11 11 12 11 11 12 12 12 12 11 11 10 11 12 12 12 12 11 
9 16 26 39 51 59 60 60 59 58 58 58 58 57 57 57 58 58 59 59 58 58 58 58 57 57 57 57 57 57 57 57 57 57 57 57 57 57 57 58 64 66 68 71 73 73 80 103 148 201 230 208 152 90 77 79 85 86 87 88 89 89 87 85 84 82 89 109 121 102 78 60 59 47 47 47 47 45 44 43 42 38 34 31 30 30 31 31 30 29 26 22 12 10 11 11 11 12 11 11 12 12 12 12 11 11 10 10 12 12 12 12 11 
9 16 26 39 51 59 60 60 59 58 58 58 58 57 57 58 58 58 58 58 58 58 57 57 57 57 57 57 57 57 57 57 57 57 57 57 57 57 57 58 61 65 66 68 72 73 75 97 138 191 230 214 159 95 79 79 85 85 90 90 90 89 88 86 85 82 87 106 122 97 84 68 69 54 53 51 49 47 46 45 45 43 38 32 31 31 31 31 30 29 26 21 12 10 11 11 11 12 11 11 12 12 12 12 11 11 10 10 12 12 12 12 11 
9 16 26 39 51 59 60 60 59 58 58 58 58 57 57 58 59 58 58 58 58 58 57 57 57 57 57 57 57 57 57 56 56 56 56 56 56 56 56 56 59 62 65 67 71 72 74 90 128 174 217 212 163 97 79 79 86 86 92 92 90 89 87 86 85 84 86 100 121 97 77 74 88 74 63 57 57 49 47 47 46 45 40 33 32 32 31 32 31 26 24 18 12 10 11 11 11 12 11 11 12 12 12 12 11 11 10 10 12 12 12 12 11 
9 16 26 39 51 59 60 60 59 58 58 58 58 57 57 58 59 58 58 58 58 58 57 57 57 57 56 56 57 57 57 56 56 54 54 54 54 54 54 54 56 58 62 66 68 72 75 84 115 159 205 209 165 97 77 78 85 87 89 90 89 88 86 85 84 84 84 95 120 95 72 67 93 89 79 67 73 58 50 49 46 46 44 39 37 35 32 31 31 28 23 17 12 10 11 11 11 12 11 11 12 12 12 12 11 11 11 11 12 12 12 12 11 
9 16 26 39 51 59 60 60 59 58 58 58 58 57 57 59 59 58 58 58 58 58 57 57 57 57 56 56 57 57 56 56 56 54 54 54 54 54 54 54 54 57 61 65 68 72 77 79 104 153 202 209 171 99 73 77 83 87 89 92 89 89 87 85 85 86 84 89 120 102 70 57 82 93 95 84 88 73 58 50 46 47 51 51 45 38 35 31 32 32 25 19 10 9 11 11 12 12 11 11 12 12 12 12 11 11 11 11 13 13 13 13 12 
9 16 26 39 51 59 60 60 59 58 58 58 57 57 57 58 58 58 58 58 57 57 57 56 56 56 56 56 57 57 57 56 56 54 54 54 54 54 54 54 54 56 60 64 66 71 73 78 98 147 196 210 172 99 70 73 79 85 87 88 88 86 84 82 81 78 75 73 95 121 108 84 80 85 94 102 95 84 70 53 47 49 52 54 54 50 46 43 39 36 28 19 8 9 9 10 11 11 11 11 11 11 11 11 11 11 12 12 12 12 12 12 12 
9 16 26 39 51 59 60 60 59 58 58 58 58 57 57 58 58 58 58 58 57 57 57 56 56 56 56 56 57 57 57 56 56 54 54 54 54 54 54 54 54 56 60 62 66 69 72 77 94 136 192 212 172 99 70 72 78 82 85 85 84 80 78 77 74 72 67 65 102 153 138 111 87 75 87 96 100 94 80 60 49 50 52 56 58 58 58 58 56 44 26 17 9 9 10 10 11 11 11 11 11 11 11 12 12 12 12 11 12 12 12 12 12 
9 16 26 39 51 59 60 60 59 58 58 58 58 57 57 58 58 58 58 58 57 57 57 56 56 56 56 56 57 57 57 56 56 54 54 54 54 54 54 54 54 54 57 60 64 68 71 75 89 122 186 207 172 100 68 68 75 81 82 81 79 75 73 71 70 67 64 58 104 175 194 159 111 90 86 93 97 103 88 70 54 51 53 57 65 66 68 67 61 47 28 15 10 10 10 11 11 11 11 11 11 11 11 12 12 12 12 11 12 13 13 12 12 
9 16 26 39 51 59 59 59 59 58 58 58 58 57 57 58 58 58 58 58 57 57 57 56 56 56 56 56 57 57 57 56 56 54 54 54 54 54 54 54 54 54 56 59 62 66 68 74 84 116 179 205 177 108 72 72 73 79 80 78 75 72 70 66 65 64 60 56 93 151 207 199 132 88 84 88 99 111 100 84 68 58 53 54 72 73 75 77 72 61 33 14 9 10 10 11 11 11 11 11 11 11 11 11 12 12 11 11 13 13 13 13 12 
9 16 26 39 52 59 59 59 58 58 58 58 58 57 57 58 58 58 58 58 57 57 57 56 56 56 56 56 57 57 57 56 56 54 54 54 54 54 54 54 54 54 56 58 61 65 68 73 80 108 169 201 180 115 74 74 77 77 78 77 72 65 64 64 63 63 61 57 73 96 144 174 132 80 83 88 97 116 111 95 80 71 60 56 67 68 73 77 77 65 38 13 10 10 10 11 11 11 12 12 12 12 12 12 11 11 11 11 11 12 12 12 12 
9 16 26 40 53 59 59 59 58 58 58 58 58 57 57 58 58 58 58 58 57 57 57 56 56 56 56 56 57 57 57 56 56 54 54 54 54 54 54 54 54 54 56 58 61 65 68 71 78 100 151 196 182 122 78 74 75 77 77 75 72 63 62 62 60 60 62 61 70 79 91 125 144 116 95 91 96 115 117 109 97 84 73 61 68 66 72 77 75 63 36 13 9 10 10 10 11 11 12 12 12 12 12 12 11 11 11 11 11 12 11 12 12 
10 17 25 38 52 58 58 58 58 58 58 58 58 57 57 58 58 58 58 57 57 57 57 56 56 56 56 56 57 57 57 56 56 54 55 55 54 53 53 54 54 54 56 58 60 63 66 68 73 94 134 192 180 124 79 73 75 74 74 74 70 61 61 61 60 61 62 64 68 74 78 96 145 142 107 93 100 117 123 117 108 96 85 71 68 66 75 81 81 65 35 12 8 9 8 9 10 10 11 11 11 11 11 11 11 11 12 12 11 11 11 11 11 
10 17 25 37 51 58 58 58 58 58 58 58 58 57 57 58 58 58 58 57 57 57 57 56 56 56 56 56 57 57 57 56 56 54 55 55 54 53 53 54 54 54 56 57 60 61 64 66 70 86 123 182 180 128 82 75 75 73 71 71 67 63 61 61 60 60 62 66 65 68 72 85 123 145 132 97 106 122 129 123 111 101 92 77 70 68 78 85 84 66 32 11 9 9 9 10 10 10 11 11 11 11 11 11 11 11 12 13 11 11 11 11 11 
11 18 25 38 52 57 57 58 58 58 58 57 58 58 58 58 58 58 57 57 57 57 57 57 57 57 57 57 57 57 57 56 56 54 53 53 53 53 54 54 54 54 56 58 60 62 65 67 68 80 121 171 158 111 84 78 76 73 67 60 63 60 60 60 59 60 61 66 68 68 68 71 81 107 144 136 117 120 138 130 116 103 82 77 68 67 77 82 84 66 32 10 9 10 9 10 10 11 11 11 11 11 11 11 13 13 12 12 11 11 9 9 10 
11 18 25 38 52 58 58 58 57 57 57 57 58 58 58 58 58 58 57 57 57 57 57 57 57 57 57 57 57 57 57 56 56 54 53 53 53 52 53 54 54 54 54 56 59 60 62 65 66 75 108 144 142 103 81 77 76 76 67 58 61 59 59 60 59 60 61 65 67 67 68 71 75 83 120 155 124 120 138 131 118 108 96 82 68 65 72 80 84 67 33 11 10 10 9 9 10 11 11 11 11 11 11 11 12 12 12 12 11 11 10 10 10 
11 18 25 38 54 59 59 59 58 58 58 58 58 58 58 58 58 57 57 57 57 57 57 57 57 57 57 57 57 57 57 56 56 54 54 54 54 53 52 53 53 53 55 57 56 58 60 63 64 69 87 109 115 89 74 72 75 78 73 61 64 61 61 60 59 60 63 65 67 67 71 72 77 74 93 154 139 127 128 124 114 102 97 88 77 67 68 77 85 70 37 13 11 11 9 9 11 11 11 11 11 11 11 11 11 11 12 13 12 12 10 10 11 
11 18 25 38 54 59 58 59 59 59 59 59 58 57 57 57 57 57 57 57 57 57 57 57 56 56 56 56 56 56 56 56 56 54 54 54 55 54 52 53 53 53 54 55 54 56 57 59 60 62 74 81 82 74 68 68 74 78 73 62 67 65 64 61 60 61 64 66 66 67 71 72 75 77 69 142 152 142 125 121 108 94 89 85 84 70 68 75 85 70 36 12 9 10 9 9 10 11 11 11 11 11 11 11 11 11 12 12 12 11 10 10 10 
11 18 25 38 54 59 58 59 59 59 59 59 58 58 57 57 57 57 57 57 57 57 57 57 56 56 56 56 57 57 57 57 57 55 55 55 54 54 54 54 54 53 54 55 55 55 56 57 58 59 61 64 64 61 61 74 84 84 72 64 67 65 63 61 60 61 64 66 67 68 68 68 74 75 68 116 158 158 131 114 95 84 81 79 87 73 68 72 80 64 32 11 10 10 9 9 9 11 11 11 11 11 11 11 11 11 12 12 12 11 11 11 11 
11 18 25 38 53 58 58 59 59 59 59 59 58 58 57 57 57 57 57 57 57 57 57 56 56 56 56 56 57 57 57 57 57 55 55 55 55 54 54 54 54 54 54 54 55 55 56 57 57 57 58 59 59 59 60 73 85 85 73 67 66 63 61 59 60 61 63 65 67 68 68 70 72 74 78 85 149 160 138 103 85 79 79 77 87 75 70 71 75 58 27 13 11 10 9 9 10 10 10 11 11 11 11 11 11 11 12 12 12 11 11 11 11 
10 17 26 39 53 59 59 59 59 60 60 60 58 58 58 58 58 57 57 57 57 56 56 56 56 56 56 56 57 57 56 56 57 55 55 55 55 55 54 54 54 54 53 53 54 54 56 56 56 56 57 57 58 59 59 71 87 85 75 74 74 74 70 61 60 61 61 65 65 65 66 68 70 72 79 75 118 138 129 97 81 82 80 75 79 75 72 72 67 49 22 15 10 9 8 9 11 12 10 11 12 12 12 12 12 12 11 11 11 11 10 10 10 
10 17 26 39 52 59 59 59 60 60 60 60 58 58 58 58 58 58 57 57 56 56 54 56 56 56 56 56 57 57 56 56 58 57 57 57 55 55 54 54 55 55 54 54 54 54 56 56 56 56 56 56 57 58 58 70 88 86 79 81 90 93 87 79 61 64 61 66 65 66 67 70 70 72 77 78 87 104 103 84 79 85 82 77 78 77 77 74 65 43 19 10 6 7 9 9 11 11 10 10 10 11 11 11 11 11 10 10 11 10 10 10 10 
10 17 29 42 54 59 60 60 60 60 60 60 59 59 59 60 59 58 58 56 57 57 55 57 57 57 57 57 57 57 57 58 56 56 56 56 56 56 54 54 54 54 54 54 57 57 57 55 54 54 56 56 54 57 59 68 86 82 77 87 106 113 133 137 94 66 62 66 66 67 66 67 68 71 73 78 79 89 90 80 78 87 85 77 63 75 84 80 68 51 30 15 12 8 8 9 9 10 9 9 8 10 10 10 10 10 9 9 10 9 8 8 8 
11 21 31 44 57 60 60 61 61 61 61 61 60 60 60 60 59 58 58 56 57 57 55 57 57 57 57 57 57 57 57 57 56 56 56 56 57 56 56 56 54 54 54 54 57 55 57 55 54 54 54 54 54 57 59 65 80 79 75 87 99 103 140 159 143 99 67 65 68 68 67 67 68 69 71 74 79 87 93 90 87 92 92 77 53 72 85 82 72 64 51 35 28 15 8 10 9 9 7 8 7 9 9 9 9 9 9 9 9 9 7 7 7 
14 24 35 47 60 62 61 62 62 62 61 61 60 60 60 61 61 60 58 57 56 56 56 56 56 56 56 56 54 54 54 56 57 57 58 58 58 57 57 57 57 57 56 56 56 54 55 55 54 53 53 53 54 58 61 66 71 74 82 85 87 93 122 150 174 145 96 78 73 70 69 68 67 68 70 72 77 85 94 95 93 90 82 73 53 65 81 82 78 77 80 61 44 23 11 9 8 7 6 6 6 7 8 8 8 9 8 8 7 7 6 6 6 
23 35 44 53 60 62 62 62 62 62 61 61 61 60 60 61 61 60 59 57 57 56 56 56 57 57 56 56 56 56 56 56 58 58 58 59 58 58 58 58 58 58 57 57 56 56 55 55 54 53 52 53 54 59 64 68 73 82 82 81 84 87 103 128 164 160 129 103 90 75 72 67 67 68 71 73 77 82 91 97 99 88 74 66 57 61 78 81 80 85 97 80 56 28 10 8 9 7 5 6 6 7 7 7 7 7 7 7 7 6 6 6 6 
38 53 63 63 64 64 65 65 64 62 62 62 61 61 61 61 60 59 59 58 58 57 58 58 59 59 58 58 57 57 57 58 57 57 58 58 59 58 58 58 58 57 58 58 57 57 55 55 54 53 53 51 54 61 65 75 82 81 82 84 82 86 85 95 116 130 136 117 128 105 86 74 70 70 72 73 75 81 86 93 100 93 75 66 58 60 73 80 82 87 98 88 62 29 11 8 9 7 6 7 7 8 8 8 8 8 8 8 8 8 8 8 8 
50 65 70 68 68 67 66 66 64 62 62 64 62 62 61 61 60 60 60 59 59 59 60 60 60 60 59 59 58 58 58 59 58 58 59 59 59 59 59 58 58 58 58 58 57 57 57 55 54 53 53 49 53 64 67 82 82 81 82 84 85 87 86 90 100 108 127 130 143 143 113 85 75 77 75 75 75 79 82 90 98 97 82 67 60 60 74 81 81 81 87 75 48 24 11 9 9 9 9 9 9 9 9 10 9 9 9 10 9 9 9 9 9 
53 68 73 70 66 65 65 65 63 63 63 63 61 61 62 62 62 62 62 62 61 61 61 61 61 61 61 61 59 59 59 60 60 60 60 60 60 59 59 58 58 58 58 58 57 56 56 56 56 56 53 49 56 67 74 82 82 82 83 85 86 88 87 88 90 93 107 123 131 151 135 101 95 89 78 74 75 78 81 86 93 99 92 74 71 64 79 82 77 67 55 40 23 13 10 10 11 11 11 11 10 11 11 11 11 11 11 11 9 9 9 9 9 
44 57 63 63 64 65 66 65 63 64 63 63 61 61 62 64 64 64 64 65 64 64 63 64 64 64 63 63 61 61 60 61 63 63 61 61 60 60 60 59 59 59 58 58 57 56 56 56 56 56 54 52 60 74 79 83 82 83 85 86 86 87 87 88 88 89 94 96 111 122 129 111 108 97 79 74 78 80 81 84 89 95 95 88 79 72 81 84 77 54 27 18 11 7 10 10 11 11 11 12 12 11 11 11 11 11 11 11 9 9 9 9 9 
23 35 39 50 64 64 66 65 64 64 63 60 62 64 63 61 64 64 64 64 64 64 64 64 64 64 64 64 61 61 61 63 63 63 61 61 62 61 61 60 60 60 59 58 57 58 57 56 56 56 57 58 65 77 81 82 81 82 84 84 85 86 86 86 86 87 85 85 103 115 124 127 124 117 107 96 84 82 81 84 86 93 95 101 95 87 82 81 77 70 49 29 9 9 9 9 11 11 11 11 11 12 12 11 11 11 11 11 11 11 11 11 11 
12 22 26 40 64 65 67 66 64 64 63 61 62 64 63 61 64 64 64 64 64 64 64 64 64 64 64 64 63 63 63 63 63 63 61 61 62 61 61 60 60 60 59 59 58 58 57 57 57 58 59 63 70 79 84 84 84 84 84 84 85 86 86 86 86 86 85 85 92 102 115 123 128 123 115 104 87 84 82 84 84 88 90 96 96 94 92 90 85 72 36 11 9 9 9 9 11 11 11 11 12 12 12 12 11 11 11 11 11 11 11 11 11 
10 18 23 39 64 65 69 68 66 66 64 63 61 63 63 61 64 64 65 66 66 66 66 66 66 66 65 65 64 64 65 65 65 65 64 64 61 61 61 60 60 59 59 59 59 58 57 57 58 59 61 68 75 81 86 85 85 85 85 85 85 85 85 85 85 85 85 85 86 89 99 111 121 122 117 109 93 86 84 84 85 86 87 92 94 97 100 100 95 78 35 7 9 9 9 9 11 11 11 11 12 12 12 12 12 11 11 11 11 11 11 11 11 
9 16 22 39 61 65 69 68 66 67 65 61 61 63 63 61 64 64 65 66 66 66 66 66 66 66 65 65 64 64 65 65 66 66 65 65 63 61 61 60 60 59 59 59 59 58 57 58 59 60 65 73 79 82 86 85 85 85 85 85 85 85 85 85 85 85 84 84 84 86 88 97 109 117 120 114 103 92 85 82 82 84 85 85 89 95 103 106 103 81 37 10 9 9 9 9 11 11 11 11 12 12 12 12 12 11 11 11 11 11 11 11 11 
12 19 26 43 61 65 69 68 66 67 65 63 62 65 64 63 64 64 65 65 66 66 66 66 66 66 65 65 65 65 66 66 66 66 65 65 63 61 61 60 61 61 59 59 59 58 58 58 59 63 70 75 82 84 87 87 86 86 85 85 85 85 85 85 85 85 84 84 82 82 82 86 94 106 115 116 115 103 87 81 80 80 80 81 85 89 94 99 106 81 44 20 10 10 9 9 11 11 11 11 12 12 12 12 12 11 11 11 11 11 11 11 11 
15 19 26 43 61 65 69 68 66 67 65 64 64 66 65 63 65 65 65 66 67 67 67 67 66 66 65 65 65 65 66 66 66 66 65 65 63 63 61 61 61 61 59 59 59 60 63 59 63 66 74 80 84 86 87 87 86 86 85 85 85 85 85 85 85 85 84 84 84 82 81 82 85 94 105 114 128 117 101 87 80 78 77 78 79 81 84 87 93 73 40 17 10 10 9 9 11 11 11 11 12 12 12 12 12 11 11 11 11 11 11 11 11 
12 16 21 38 61 66 68 68 66 67 66 65 65 67 66 64 66 66 66 67 67 66 66 66 66 65 65 65 65 65 66 66 66 66 65 65 64 64 60 60 61 61 60 60 60 59 61 63 66 73 80 82 85 86 86 86 86 86 85 85 85 85 85 85 85 85 84 85 85 85 83 83 84 85 93 103 108 110 107 96 84 75 78 76 77 79 81 82 83 66 30 9 9 9 9 9 11 11 11 11 12 12 12 12 12 11 11 11 11 11 11 11 10 
10 11 14 33 61 66 68 68 67 68 67 66 67 68 67 66 67 67 67 68 68 67 67 67 66 65 65 65 65 65 66 66 66 66 65 65 64 64 60 60 61 61 60 61 61 58 60 65 73 79 84 86 87 86 86 86 87 87 86 86 85 85 85 85 85 85 85 86 86 86 85 85 82 82 82 92 90 102 110 110 95 84 80 78 75 78 81 82 80 62 28 8 9 9 9 9 11 11 11 11 12 12 12 12 12 11 11 11 11 11 11 11 10 
7 9 12 31 61 67 70 70 68 68 68 68 67 68 68 66 67 67 68 68 68 67 67 67 67 66 66 66 65 65 66 66 66 66 65 65 64 62 61 60 59 60 61 63 61 57 58 68 75 80 84 86 86 86 85 86 87 87 86 86 85 85 85 85 85 85 85 85 85 85 85 84 82 84 85 87 92 95 95 91 95 91 87 87 82 80 82 82 78 61 28 9 9 9 9 9 11 11 11 11 12 12 12 12 12 11 11 11 11 11 11 10 10 
7 9 14 33 63 68 71 71 70 70 69 68 68 69 70 67 68 68 68 68 68 67 67 67 67 66 66 66 65 65 66 66 66 66 65 64 62 62 60 60 60 60 61 63 63 57 68 74 79 81 82 85 86 85 85 86 87 87 86 86 85 85 84 84 84 84 84 85 85 85 85 85 84 86 87 88 89 90 94 94 96 91 90 91 89 87 85 84 79 62 30 11 9 9 9 9 11 11 11 11 12 12 12 12 12 11 11 11 11 11 11 11 10 
6 8 16 36 64 71 72 72 70 71 71 69 71 71 72 69 70 70 70 70 70 68 68 68 67 67 66 66 66 65 66 66 65 64 64 64 61 60 60 60 60 61 63 64 65 61 77 80 81 81 82 84 85 85 85 86 86 86 86 85 86 86 84 84 84 84 85 86 86 86 86 86 86 86 86 86 86 87 89 91 93 93 94 92 104 95 88 88 81 65 33 16 10 10 9 9 11 11 11 11 12 12 12 12 12 11 11 11 11 11 11 11 10 
7 10 18 38 64 70 71 71 68 70 71 69 71 72 73 71 71 71 70 70 70 68 68 68 68 67 67 67 67 66 66 65 65 64 64 62 60 60 61 61 61 63 64 64 65 69 85 84 82 82 82 82 82 85 84 84 84 84 84 84 85 85 84 84 84 84 86 86 87 87 87 87 87 87 86 86 85 85 87 88 89 88 95 100 116 106 95 93 82 66 34 17 10 10 9 9 11 11 11 11 12 12 12 12 12 11 11 11 11 11 11 11 11 
7 12 22 41 65 71 70 70 67 68 68 70 70 72 73 72 71 71 70 71 71 70 70 70 68 68 67 67 68 67 66 65 65 65 63 63 61 63 63 61 63 63 60 59 62 74 90 86 82 82 81 81 80 80 80 80 80 80 80 80 81 81 81 81 81 81 82 82 84 84 85 85 85 85 85 85 82 82 82 85 87 88 91 95 100 105 108 97 81 65 33 16 10 10 9 9 11 11 11 11 12 12 12 12 12 11 11 11 11 11 11 11 11 
8 14 24 45 67 72 71 70 67 68 68 68 70 72 73 73 72 71 70 71 71 70 70 70 68 68 67 67 68 67 66 66 65 65 64 64 64 64 64 63 63 61 58 57 61 76 88 81 78 79 79 77 75 75 75 75 77 78 78 79 80 80 80 80 80 80 80 80 80 80 80 80 80 79 80 79 78 78 78 79 81 85 87 88 89 94 101 102 80 63 32 15 10 10 9 9 11 11 11 11 12 12 12 12 12 11 11 11 11 11 11 11 11 
9 15 25 45 67 72 70 67 66 66 66 67 70 72 73 73 72 72 71 71 71 70 70 70 70 68 68 67 67 66 66 66 65 64 64 64 66 66 65 66 64 59 56 53 53 70 79 70 67 71 70 68 68 71 74 73 73 74 74 75 79 80 79 80 80 80 80 80 79 78 78 78 78 76 75 74 73 72 72 71 72 77 82 82 81 81 82 89 77 58 28 12 10 10 9 9 11 11 11 11 12 11 11 11 11 11 11 11 11 11 11 11 11 
9 15 26 45 68 72 71 66 65 65 66 66 70 71 73 73 72 72 71 71 71 70 70 70 70 68 68 68 67 66 67 66 66 65 64 65 66 67 66 67 63 61 56 49 57 67 70 66 66 68 68 68 68 71 72 71 71 71 71 72 75 78 77 78 79 79 79 79 78 78 76 76 76 75 74 73 70 68 67 63 68 71 75 77 72 72 74 78 74 54 24 11 10 10 9 9 11 11 11 11 12 11 11 11 11 11 11 11 11 11 11 11 11 
9 15 24 43 68 70 68 65 64 65 66 67 68 71 71 71 71 71 71 71 70 70 70 70 70 68 68 67 66 65 65 64 63 61 64 65 64 63 63 66 59 47 38 36 72 65 54 52 53 58 61 62 65 67 67 67 66 67 68 68 70 71 73 75 77 78 77 77 75 74 73 73 73 73 72 72 71 68 67 70 67 68 73 73 74 74 76 80 73 52 24 11 11 11 10 10 12 12 12 12 11 10 9 9 10 10 9 10 10 10 10 10 10 
8 15 25 40 66 66 66 61 60 64 66 66 68 70 71 71 71 71 70 71 70 70 70 70 70 68 67 66 64 63 61 61 60 59 61 62 61 58 61 66 54 39 35 36 53 48 38 36 37 43 46 47 52 57 59 61 59 61 64 64 65 66 68 72 75 77 77 77 75 74 73 73 73 73 72 72 71 71 70 71 71 71 73 73 72 71 73 79 72 51 24 12 11 11 10 10 12 12 12 12 11 11 10 10 10 10 10 10 10 10 10 10 10 
8 15 25 39 65 66 64 61 63 64 66 67 68 70 70 71 70 70 68 68 68 68 68 68 68 68 67 65 59 56 57 58 57 57 59 61 66 61 59 47 33 30 33 44 42 35 24 23 24 29 32 33 37 43 46 50 51 57 59 60 61 63 65 67 72 73 74 75 74 73 72 72 72 72 72 71 71 71 71 72 72 72 72 72 71 70 72 74 68 49 23 11 11 11 11 11 12 12 12 13 12 12 11 10 10 10 10 10 10 10 9 9 9 
8 13 24 38 62 65 63 63 64 65 68 68 70 70 70 70 68 67 66 66 65 65 64 64 64 64 64 61 58 56 56 56 57 56 58 60 62 58 52 36 23 26 35 50 33 26 17 16 18 22 24 25 28 31 36 39 42 47 51 54 57 58 60 63 65 67 68 71 71 70 70 70 70 70 70 70 70 70 70 71 71 71 71 71 70 68 69 72 65 46 22 10 11 11 11 11 12 12 13 13 14 14 12 11 10 10 10 10 10 10 9 9 9 
7 15 24 36 61 62 63 61 63 61 63 63 64 65 64 63 60 59 57 56 54 54 53 53 53 53 52 52 52 52 54 58 57 57 57 56 53 46 40 30 21 25 35 53 31 24 15 12 15 19 21 21 21 24 28 31 32 39 44 48 53 55 57 61 64 65 67 68 70 68 68 68 68 68 70 70 71 71 72 73 73 73 72 72 72 71 72 74 66 47 23 12 12 12 11 11 12 12 13 13 14 14 12 11 10 10 10 10 10 10 9 9 9 
7 16 24 33 62 61 60 59 57 54 54 54 54 54 53 51 49 47 44 42 40 39 38 38 38 38 38 39 42 44 50 54 57 58 59 59 49 40 33 28 21 28 35 57 31 24 15 12 14 18 18 16 15 15 16 17 17 19 20 29 38 46 52 56 59 61 63 65 65 65 65 65 65 65 66 66 67 68 68 70 70 71 70 70 70 70 71 71 64 45 20 12 12 12 11 11 12 12 12 13 12 12 11 11 10 10 10 10 10 10 9 9 9 
9 17 24 33 44 46 53 54 50 44 42 42 43 43 40 38 35 32 30 28 28 26 26 26 26 28 29 30 34 39 45 52 57 59 60 65 37 31 25 26 26 33 38 58 30 23 16 15 15 18 18 17 16 16 16 17 17 19 19 24 30 35 41 47 53 57 60 64 64 64 61 61 62 64 65 65 66 67 67 68 68 68 68 68 68 68 69 69 61 44 19 11 12 12 11 11 12 12 12 12 11 11 11 11 10 10 10 10 10 10 9 9 9 
10 19 24 27 21 30 40 44 42 37 33 33 33 32 30 28 24 22 21 19 19 22 22 22 22 22 22 22 22 22 25 29 43 51 57 63 29 24 23 26 31 37 40 59 26 22 17 16 15 17 17 17 16 16 16 17 17 17 17 19 22 24 31 37 42 47 55 59 61 61 59 58 60 62 64 65 66 66 67 68 68 67 68 68 67 67 69 69 61 43 19 11 11 11 11 11 12 12 12 12 11 11 11 11 10 10 10 10 10 10 9 9 9 
11 19 23 22 23 25 31 38 37 33 30 29 29 27 25 25 25 25 24 24 22 19 19 19 19 19 20 26 36 43 53 61 65 57 39 23 23 21 22 25 32 42 49 57 23 21 18 17 16 16 17 16 16 16 17 17 16 16 15 15 17 19 24 30 38 44 51 59 61 59 59 58 58 61 64 65 65 66 67 67 67 67 68 68 66 66 67 68 60 43 19 11 11 11 10 11 11 11 11 11 12 12 12 12 11 11 11 10 11 10 9 9 9 
10 19 22 22 18 18 25 37 39 38 33 30 29 27 25 25 25 25 24 24 22 21 21 21 21 21 22 22 23 26 37 45 49 46 31 19 21 21 22 25 33 47 50 51 22 21 19 18 17 17 16 16 16 16 16 16 16 16 14 14 16 16 18 22 30 34 39 49 53 58 60 59 59 61 64 65 64 65 65 66 66 67 67 67 65 65 66 66 59 42 17 9 11 11 11 11 11 11 11 11 12 12 12 12 11 11 11 10 11 10 9 9 9 
10 19 22 20 18 18 26 40 45 40 35 31 28 26 26 26 26 26 25 25 22 22 21 21 21 19 19 18 19 19 26 35 38 39 29 20 17 19 21 24 36 49 52 44 21 21 20 19 18 17 16 16 16 16 16 16 15 15 12 12 13 13 15 17 22 25 30 37 47 57 59 59 59 60 61 61 64 64 64 64 64 64 65 66 64 64 65 65 57 38 16 8 11 11 11 11 11 11 11 11 12 12 12 12 11 11 11 10 11 10 9 9 9 
7 19 23 23 21 22 27 41 46 42 37 32 28 26 27 26 26 26 25 25 22 22 21 21 21 19 19 18 18 18 23 29 30 30 25 19 17 18 19 24 37 50 47 37 21 21 20 20 19 18 17 17 16 17 17 17 16 16 14 14 13 13 14 15 18 20 22 25 40 50 57 60 60 60 60 60 61 62 61 61 60 60 61 63 61 60 64 64 53 36 14 7 11 10 10 11 11 11 11 11 12 12 12 12 11 11 11 10 11 10 9 9 9 
5 19 23 22 22 22 26 37 43 43 37 32 28 26 27 26 26 26 25 25 22 22 21 21 21 21 21 21 22 22 22 23 23 22 19 18 17 17 19 27 41 53 46 32 19 18 17 17 16 15 15 15 16 16 17 17 16 15 15 14 15 13 13 13 15 15 17 18 34 43 52 60 63 60 59 59 60 60 59 59 58 58 59 60 59 59 60 59 51 33 13 7 10 10 11 11 11 11 11 11 12 12 12 12 11 11 11 10 11 10 9 9 9 
5 19 23 22 21 22 25 33 37 40 37 32 28 26 27 26 26 26 25 25 22 22 21 21 21 21 21 21 22 23 22 23 23 22 21 19 18 19 23 33 48 54 45 31 22 21 19 18 15 15 14 15 16 17 17 17 16 16 16 15 16 15 15 13 15 13 15 15 27 36 44 53 59 59 59 56 58 58 57 57 56 56 57 58 57 57 57 54 47 31 13 8 10 10 11 11 11 11 11 11 12 12 12 12 11 11 11 10 10 10 9 9 9 
5 19 23 22 21 22 23 30 35 36 35 32 29 26 27 26 27 27 26 25 22 22 21 21 21 21 21 19 21 21 21 21 21 21 21 19 19 22 27 39 54 59 47 36 23 23 22 19 17 15 14 15 16 17 18 17 16 16 16 15 15 15 15 13 13 12 13 13 19 29 38 47 54 57 56 53 54 54 55 55 55 55 55 57 55 55 56 53 46 30 13 8 10 10 10 10 11 11 11 11 12 12 12 12 12 12 12 11 10 10 9 9 9 
7 19 23 22 21 22 22 26 35 40 40 33 29 26 27 27 27 27 26 25 22 22 21 21 21 21 19 19 19 19 19 18 18 19 21 19 22 24 33 44 60 60 50 36 31 32 31 29 18 15 14 15 17 17 17 17 16 16 15 15 15 15 15 13 13 12 13 13 17 24 32 39 45 51 52 52 53 53 54 53 54 54 54 54 54 54 54 52 45 29 13 10 10 10 10 10 11 11 11 11 12 12 12 12 12 12 12 11 10 10 9 9 9 
7 19 22 23 22 21 22 25 36 42 43 35 30 28 28 26 26 26 25 24 23 21 19 19 19 19 19 21 21 21 22 20 18 19 19 21 22 25 36 52 67 69 58 59 28 28 26 23 19 15 15 16 18 17 17 16 16 16 15 15 15 15 14 14 13 13 12 12 15 19 25 30 37 45 49 50 52 53 52 52 53 53 54 53 53 54 53 51 45 29 12 8 10 9 9 10 11 11 11 11 11 11 11 11 10 10 10 10 11 10 9 9 9 
8 19 22 23 22 21 21 25 33 38 39 35 31 28 28 28 28 28 26 24 23 21 19 19 19 19 19 21 21 21 22 22 19 21 21 22 23 26 42 57 66 67 61 60 28 26 24 21 18 15 15 17 19 18 17 17 16 15 15 15 15 15 14 14 14 13 12 12 14 18 19 25 31 38 46 49 51 52 52 51 52 52 52 52 52 53 53 51 45 29 12 10 9 9 10 10 11 11 11 11 11 11 11 11 10 10 10 10 11 11 10 10 10 
9 19 22 23 23 21 19 24 31 33 36 36 32 26 29 28 28 28 26 24 24 22 20 20 20 20 19 19 21 21 23 23 22 22 21 23 24 29 40 58 64 60 58 55 28 25 22 18 16 14 16 19 23 22 21 19 17 16 16 16 15 14 14 14 14 13 12 12 14 16 16 22 30 36 43 46 50 51 51 50 50 50 50 50 50 52 53 51 45 30 14 10 9 9 10 10 11 11 11 11 11 11 11 11 10 10 10 10 11 11 10 10 10 
9 19 22 24 23 21 21 23 26 32 37 39 32 24 30 29 29 29 26 24 24 22 20 20 20 20 19 21 21 22 23 23 22 22 23 24 26 29 42 59 62 58 54 53 26 23 19 16 14 14 18 23 26 26 26 25 23 18 17 17 15 14 14 14 15 14 14 14 14 14 15 18 25 32 37 44 49 49 49 49 49 49 48 48 47 50 52 53 47 31 15 10 10 10 10 10 11 11 11 11 11 11 11 11 10 10 10 10 11 11 10 10 10 
9 19 22 25 24 22 22 23 25 32 40 41 33 26 32 31 31 30 27 25 24 22 20 20 20 20 19 21 21 22 23 23 23 22 23 24 28 32 44 58 59 53 50 48 25 21 17 14 12 15 20 25 28 30 33 33 32 29 24 22 17 16 15 13 14 15 15 14 15 15 15 16 22 27 33 40 46 46 45 46 46 46 46 46 46 49 51 50 43 31 16 10 10 10 10 10 11 11 11 11 11 11 11 11 10 10 10 10 11 11 10 10 10 
9 19 23 26 26 24 24 23 25 31 43 44 36 27 31 33 31 30 27 25 24 23 22 20 20 20 19 19 21 21 23 23 23 22 22 25 29 36 46 57 54 50 46 45 23 18 15 12 14 17 23 26 29 32 37 38 37 33 29 25 21 18 16 14 13 14 14 15 14 15 15 15 18 22 28 35 45 45 44 45 45 45 45 45 45 47 49 47 42 30 16 10 10 10 10 10 11 11 11 11 11 11 11 11 10 10 10 10 11 11 10 10 10 
9 21 24 28 30 29 26 24 24 29 41 45 39 30 36 34 31 30 27 25 23 22 21 21 21 19 19 21 21 21 23 22 22 20 24 29 29 38 50 57 53 47 40 40 21 15 12 12 15 18 22 25 30 36 42 44 43 39 33 30 25 20 17 15 14 14 14 15 14 15 15 15 17 19 22 29 43 43 43 44 45 45 45 45 44 45 45 44 40 30 17 10 10 10 10 10 11 11 11 11 11 11 11 11 10 10 10 10 11 11 10 10 10 
9 21 25 29 35 32 29 25 23 26 37 45 43 38 41 36 32 30 27 26 23 23 22 21 21 21 21 21 21 21 23 22 22 20 24 30 30 40 51 52 44 39 36 30 21 14 11 12 16 18 22 25 32 39 44 47 47 43 37 33 29 24 19 17 15 14 14 14 14 14 15 15 16 17 18 23 40 42 43 44 45 45 45 45 44 44 43 43 40 30 17 10 10 10 10 10 11 11 11 11 11 11 11 11 10 10 10 10 11 11 10 10 10 
10 22 26 29 43 36 29 25 22 24 31 42 43 39 39 35 30 28 25 24 23 23 22 21 21 21 22 22 23 22 22 22 22 19 22 29 25 42 51 44 33 37 32 26 18 12 12 14 17 19 23 26 32 39 46 49 47 43 37 33 30 26 21 17 16 15 15 15 14 15 15 14 15 15 17 23 35 39 43 43 45 46 45 45 44 43 42 42 39 30 16 9 10 10 10 10 11 11 11 11 11 11 11 11 10 10 10 10 11 11 10 10 10 
