65 68 69 71 73 72 73 74 74 75 76 74 64 38 18 13 10 8 8 9 10 11 11 11 14 14 14 15 16 15 17 18 21 23 23 18 12 8 5 4 5 6 8 8 9 6 5 4 4 4 3 3 2 3 2 2 1 1 1 1 1 1 1 1 1 1 1 1 1 1 1 1 1 2 
66 68 69 71 72 72 72 73 74 74 73 75 72 59 39 23 13 12 14 16 18 18 18 21 23 21 21 22 23 22 25 28 30 35 32 21 10 5 3 3 3 3 4 4 5 4 3 2 2 2 2 2 2 2 2 2 1 1 1 1 1 1 1 1 1 1 1 1 1 1 1 1 1 1 
66 66 67 68 70 70 72 72 72 72 71 71 70 67 58 38 25 22 25 29 31 36 37 37 37 33 34 39 40 37 38 37 39 43 36 22 10 4 2 2 2 2 3 3 3 2 2 2 2 2 2 2 2 2 2 1 1 1 1 1 1 1 1 1 1 1 1 1 1 1 1 1 1 1 
64 65 66 67 67 70 71 71 71 72 71 71 71 72 68 58 49 39 44 51 53 65 66 60 60 59 57 57 55 51 48 47 46 41 32 21 10 4 3 2 2 2 2 2 2 2 2 2 2 2 2 2 2 2 2 1 1 1 1 1 1 1 1 1 1 1 1 1 1 1 1 1 1 1 
63 64 65 66 66 67 68 70 71 71 71 71 71 72 69 68 67 64 67 73 74 84 88 84 82 84 80 77 64 59 55 50 46 38 31 22 11 3 1 3 2 1 1 1 1 1 1 1 1 1 1 1 1 1 1 1 1 1 1 1 1 1 1 1 1 1 1 1 1 1 1 1 1 1 
63 63 65 65 66 67 67 70 71 71 71 71 71 72 71 70 68 70 70 72 74 78 84 86 86 86 86 82 77 73 66 57 52 44 32 23 11 3 1 2 2 1 1 1 1 1 1 1 1 1 1 1 1 1 1 1 1 1 1 1 1 1 1 1 1 1 1 1 1 1 1 1 1 1 
60 61 63 64 65 65 66 68 70 70 70 70 70 70 70 68 70 67 68 68 72 77 80 82 85 88 87 84 81 80 73 65 59 49 35 22 11 3 2 1 1 1 1 1 1 1 1 1 1 1 1 1 1 1 1 1 1 1 1 1 1 1 1 1 1 1 1 1 1 2 2 2 2 2 
58 58 59 61 61 63 64 65 67 68 68 68 68 68 67 67 65 65 66 64 64 65 68 72 79 84 82 81 81 80 78 73 67 59 46 29 12 3 2 2 1 1 1 1 1 1 1 1 1 1 1 1 1 1 1 1 1 1 1 1 1 1 1 1 1 1 1 1 1 2 2 2 2 2 
57 57 57 58 58 59 60 63 65 66 66 66 67 67 66 64 65 65 65 63 61 61 64 66 73 79 82 83 85 83 82 78 74 67 52 31 14 4 3 2 2 1 1 1 1 1 1 1 1 1 1 1 1 1 1 1 1 1 1 1 1 1 1 1 1 1 1 1 1 2 2 2 2 2 
57 57 55 56 56 57 59 60 63 64 64 64 64 65 65 65 65 65 64 61 59 59 60 63 67 73 78 81 83 83 83 82 80 74 58 32 14 4 3 2 1 1 1 1 1 1 1 1 1 1 1 1 1 1 1 1 1 1 1 1 1 1 1 1 1 1 1 1 1 2 2 2 2 2 
53 54 54 55 57 57 58 60 61 61 61 63 64 64 64 65 66 66 65 61 59 59 57 59 64 66 69 73 78 77 79 81 81 79 63 35 12 5 4 2 2 1 1 1 1 1 1 1 1 1 1 1 1 1 1 1 1 1 1 1 1 1 1 1 1 1 1 1 1 2 2 2 2 2 
50 51 52 54 55 54 56 58 59 59 60 61 61 63 64 65 67 67 66 64 63 60 59 59 59 61 62 64 70 71 74 77 79 80 66 38 17 6 4 2 2 1 1 1 1 1 1 1 1 1 1 1 1 1 1 1 1 1 1 1 1 1 1 1 1 1 1 1 1 2 2 2 2 2 
49 49 50 53 53 54 55 57 58 57 58 59 60 61 63 65 66 67 67 66 65 63 63 63 60 59 57 60 65 65 68 72 75 77 65 42 21 9 5 2 2 1 1 1 1 1 1 1 1 1 1 1 1 1 1 1 1 1 1 1 1 1 1 1 1 1 1 1 1 2 2 2 2 2 
47 49 49 52 52 53 54 55 55 56 57 58 59 59 60 63 64 66 67 66 65 64 64 63 61 59 58 60 62 61 63 65 67 70 64 45 23 10 6 2 2 1 1 1 1 1 1 1 1 1 1 1 1 1 1 1 1 1 1 1 1 1 1 1 1 1 1 1 1 2 2 2 2 2 
47 47 49 50 51 52 52 53 53 54 55 57 58 57 57 58 59 61 63 63 63 64 64 64 63 60 58 59 60 60 60 60 63 65 61 47 25 11 6 3 2 1 1 1 1 1 1 1 1 1 1 1 1 1 1 1 1 1 1 1 1 1 1 1 1 1 1 1 1 2 2 2 2 2 
45 46 46 47 50 50 50 51 52 53 54 54 55 54 56 58 58 57 59 60 60 61 61 61 61 60 58 59 60 60 59 58 59 60 58 46 26 12 6 3 2 1 1 1 1 1 1 1 1 1 1 1 1 1 1 1 1 1 1 1 1 1 1 1 1 1 1 1 1 2 2 2 2 2 
43 43 43 44 45 45 45 46 49 50 51 51 52 53 54 54 54 54 56 57 58 59 59 59 60 59 58 59 61 60 59 58 58 59 54 45 29 13 6 2 2 1 1 1 1 1 1 1 1 1 1 1 1 1 1 1 1 1 1 1 1 1 1 1 1 1 1 1 1 2 2 2 2 2 
40 40 40 42 43 43 43 44 45 47 49 49 50 51 52 52 52 52 52 53 55 57 57 57 58 58 58 60 63 63 61 60 60 60 53 43 30 15 5 2 2 1 1 1 1 1 1 1 1 1 1 1 1 1 1 1 1 1 1 1 1 1 1 1 1 1 1 1 1 2 2 2 2 2 
43 43 43 44 44 45 45 46 46 45 46 47 47 49 49 50 51 52 52 53 54 54 55 55 58 59 59 60 64 64 64 64 63 61 53 41 30 12 5 1 1 1 1 1 1 1 1 1 1 1 1 1 1 1 1 1 1 1 1 1 1 1 1 1 1 1 1 1 1 2 2 2 2 2 
43 43 43 44 45 45 45 46 46 47 47 47 49 49 50 51 53 54 54 54 57 57 57 58 60 61 61 63 65 65 65 66 65 65 57 45 31 11 4 1 1 1 1 1 2 1 1 1 1 1 1 1 1 1 1 1 1 1 1 1 1 1 1 1 1 1 1 1 1 2 2 2 2 2 
43 44 44 44 45 45 45 46 46 47 47 49 49 49 50 52 54 54 54 55 57 57 57 58 59 61 61 63 64 65 66 67 66 66 61 50 29 8 3 1 1 1 1 1 2 1 1 1 1 1 1 1 1 1 1 1 1 1 1 1 1 1 1 1 1 1 1 1 1 2 2 2 2 2 
44 44 44 45 45 45 45 46 47 47 49 50 50 50 51 53 56 56 57 57 57 57 58 59 61 62 64 64 64 65 66 68 67 67 61 51 31 7 2 1 1 1 1 1 2 1 1 1 1 1 1 1 1 1 1 1 1 1 1 1 1 1 1 1 1 1 1 1 1 2 2 2 2 2 
44 45 45 44 45 45 45 45 46 47 47 49 50 50 51 53 54 54 54 57 55 54 56 58 59 60 60 61 63 64 65 66 66 66 61 43 21 5 2 1 1 0 1 1 1 1 1 1 1 1 1 1 1 1 1 1 1 1 1 1 1 1 1 1 1 1 1 1 1 1 1 1 1 1 
43 44 44 44 44 45 45 45 45 46 46 47 49 47 49 50 52 52 51 53 53 52 53 56 56 56 57 58 59 58 60 63 63 63 59 36 11 4 3 1 1 0 1 1 1 1 1 1 1 1 1 1 1 1 1 1 1 1 1 1 1 1 1 1 1 1 1 1 1 1 1 1 1 1 
43 44 44 44 44 45 45 45 44 45 45 45 45 46 46 47 49 49 49 50 50 50 50 52 54 54 54 54 55 54 57 58 58 57 53 32 9 4 3 1 1 0 1 1 1 1 1 1 1 1 1 1 1 1 1 1 1 1 1 1 1 1 1 1 1 1 1 1 1 1 1 1 1 1 
39 40 40 42 43 43 43 44 43 43 43 43 44 44 44 45 46 47 47 49 49 47 47 50 51 51 52 52 52 52 54 56 56 54 50 29 7 3 2 1 1 0 1 1 1 1 1 1 1 1 1 1 1 1 1 1 1 1 1 1 1 1 1 1 1 1 1 1 1 1 1 1 1 1 
37 39 39 41 41 42 42 42 42 42 42 42 42 42 42 42 44 45 45 45 46 46 45 46 46 46 49 50 50 49 50 52 53 52 46 25 6 2 1 1 1 0 1 1 1 1 1 1 1 1 1 1 1 1 1 1 1 1 1 1 1 1 1 1 1 1 1 1 1 1 1 1 1 1 
35 37 37 39 40 39 39 39 39 39 39 40 40 42 42 42 43 43 43 45 45 43 43 44 44 45 46 47 47 45 46 49 51 49 43 21 4 1 1 1 1 0 1 1 1 1 1 1 1 1 1 1 1 1 1 1 1 1 1 1 1 1 1 1 1 1 1 1 1 1 1 1 1 1 
33 35 35 36 37 37 37 38 38 37 37 38 38 39 39 39 40 40 42 43 43 43 43 42 43 43 44 44 45 45 45 47 49 46 38 19 5 3 2 1 1 1 1 1 1 1 1 1 1 1 1 1 1 1 1 1 1 1 1 1 1 1 1 1 1 1 1 1 1 1 1 1 1 1 
40 39 39 40 42 40 39 38 37 35 36 36 37 37 37 37 38 39 40 42 42 42 42 40 42 43 43 44 44 43 45 46 45 40 31 15 5 3 3 2 1 1 1 1 1 1 1 1 1 1 1 1 1 1 1 1 1 1 1 1 1 1 1 1 1 1 1 1 1 1 1 1 1 2 
53 54 53 51 51 47 43 39 35 35 35 35 36 36 35 36 37 36 37 37 37 38 39 39 39 39 39 39 40 40 40 42 40 38 26 12 4 2 2 1 1 1 1 1 1 1 1 1 1 1 1 1 1 1 1 1 1 1 1 1 1 1 1 1 1 1 1 1 1 1 1 1 1 1 
59 59 58 58 58 53 47 44 39 36 35 33 32 32 32 33 33 32 33 35 35 35 36 36 36 37 37 37 37 37 37 38 38 35 23 11 4 1 2 2 1 0 1 1 1 1 1 1 1 1 1 1 1 1 1 1 1 1 1 1 1 1 1 1 1 1 1 1 1 1 1 1 1 1 
64 68 68 67 67 66 64 60 59 48 46 35 32 31 31 30 29 31 32 31 32 33 35 35 35 36 36 35 35 33 33 36 36 34 25 11 4 1 2 2 1 1 1 1 1 1 1 1 1 1 1 1 1 1 1 1 1 1 1 1 1 1 1 1 1 1 1 1 1 1 1 1 2 2 
60 65 65 64 64 63 64 60 60 50 48 39 36 33 32 30 30 30 30 29 31 31 32 32 32 32 33 33 32 31 32 35 36 37 27 12 4 2 2 2 1 1 1 1 1 1 1 1 1 1 1 1 1 1 1 1 1 1 1 1 1 1 1 1 1 1 1 1 1 1 1 1 3 3 
36 38 38 38 38 40 41 47 48 54 54 49 47 33 31 30 29 26 26 27 30 29 30 30 30 30 31 31 30 30 31 35 39 43 31 15 4 2 2 2 2 0 1 1 1 1 1 1 1 1 1 1 1 1 1 1 1 1 1 1 1 1 1 1 1 1 1 1 1 1 1 1 1 1 
28 29 29 29 29 34 35 44 46 52 53 49 47 32 31 30 29 26 25 27 29 29 29 30 30 30 30 30 30 30 31 36 43 47 33 16 4 2 1 1 1 1 1 1 1 1 1 1 1 1 1 1 1 1 1 1 1 1 1 1 1 1 1 1 1 1 1 1 1 1 1 1 1 1 
25 25 25 25 25 24 26 30 32 38 42 43 42 34 33 30 28 26 25 27 29 29 30 30 30 30 30 32 33 33 33 37 40 43 36 19 4 2 1 1 1 1 1 1 1 1 1 1 1 1 1 1 1 1 1 1 1 1 1 1 1 1 1 1 1 1 1 1 1 1 1 1 1 1 
23 22 23 22 22 22 23 22 24 31 38 42 41 33 33 30 28 26 25 27 29 29 31 30 30 30 30 33 36 35 35 37 37 33 26 16 8 2 2 1 1 1 1 1 1 1 1 1 1 1 1 1 1 1 1 1 1 1 1 1 1 1 1 1 1 1 1 1 1 1 1 1 1 1 
25 24 24 25 25 24 23 23 23 26 33 35 35 34 33 29 28 29 26 28 28 28 29 30 30 30 30 32 34 34 34 33 35 33 24 12 5 3 3 1 1 1 1 1 1 1 1 1 1 1 1 1 1 1 1 1 1 1 1 1 1 1 1 1 1 1 1 1 1 1 1 1 1 1 
30 29 29 29 29 26 27 26 25 24 31 36 36 35 34 30 29 30 27 29 29 29 29 29 29 29 29 30 30 30 30 29 31 30 24 9 4 2 3 1 1 1 1 1 1 1 1 1 1 1 1 1 1 1 1 1 1 1 1 1 1 1 1 1 1 1 1 1 1 1 1 1 1 1 
38 36 36 35 32 33 32 31 33 29 33 39 39 39 37 31 31 30 29 31 31 30 29 29 29 29 29 29 27 27 26 25 26 26 18 6 3 1 2 1 1 1 1 1 1 1 1 1 1 1 1 1 1 1 1 1 1 1 1 1 1 1 1 1 1 1 1 1 1 1 1 1 1 1 
44 44 43 42 43 44 44 43 45 44 44 45 44 41 39 33 31 30 29 31 31 30 29 29 28 26 26 26 25 25 24 23 24 23 16 7 3 1 3 4 1 1 1 1 1 1 1 1 1 1 1 1 1 1 1 1 1 1 1 1 1 1 1 1 1 1 1 1 1 1 1 1 1 1 
47 47 49 54 54 54 55 55 55 59 58 55 54 45 42 33 31 30 29 30 30 26 25 25 24 24 24 23 22 22 22 22 24 22 15 8 4 2 2 2 1 1 1 1 1 1 1 1 1 1 1 1 1 1 1 1 1 1 1 1 1 1 1 1 1 1 1 1 1 1 1 1 1 1 
45 46 47 54 54 54 55 55 55 59 59 55 53 44 42 33 31 30 29 30 26 24 23 23 22 22 22 21 21 21 21 22 23 22 15 8 3 1 1 1 1 1 1 1 1 1 1 1 1 1 1 1 1 1 1 1 1 1 1 1 1 1 1 1 1 1 1 1 1 1 1 1 1 1 
38 39 39 44 45 43 45 47 48 49 49 43 41 36 33 31 29 28 25 24 23 22 22 22 21 19 21 21 21 21 21 22 25 23 13 5 2 1 1 1 1 1 1 1 1 1 1 1 1 1 1 1 1 1 1 1 1 1 1 1 1 1 1 1 1 1 1 1 1 1 1 1 1 1 
31 32 32 40 41 39 40 41 42 42 42 37 37 30 29 25 25 24 22 22 22 21 21 19 19 18 19 19 19 21 22 22 26 23 11 3 1 1 1 1 1 1 1 1 1 1 1 1 1 1 1 1 1 1 1 1 1 1 1 1 1 1 1 1 1 1 1 1 1 1 1 1 1 1 
25 23 23 24 24 25 25 25 24 24 25 23 23 22 22 22 22 22 21 21 21 19 19 18 18 18 19 19 21 19 21 24 29 29 9 1 1 1 1 0 1 1 1 1 1 1 1 1 1 1 1 1 1 1 1 1 1 1 1 1 1 1 1 1 1 1 1 1 1 1 1 1 1 1 
23 21 21 22 22 22 22 22 20 20 22 19 19 18 19 19 19 19 18 18 18 18 18 17 17 16 16 17 19 19 21 26 31 22 6 2 1 1 1 1 1 1 1 1 1 1 1 1 1 1 1 1 1 1 1 1 1 1 1 1 1 1 1 1 1 1 1 1 1 1 1 1 1 1 
22 22 22 20 22 20 20 20 20 20 19 17 17 17 17 17 17 17 17 16 17 17 17 16 16 15 15 16 18 18 19 30 35 16 4 3 1 1 1 1 1 1 1 1 1 1 1 1 1 1 1 1 1 1 1 1 1 1 1 1 1 1 1 1 1 1 1 1 1 1 1 1 1 1 
21 19 19 18 18 18 18 18 19 18 18 17 17 16 16 16 16 16 16 17 17 17 17 16 15 14 16 16 17 17 19 32 33 15 4 3 1 1 1 1 1 1 1 1 1 1 1 1 1 1 1 1 1 1 1 1 1 1 1 1 1 1 1 1 1 1 1 1 1 1 1 1 1 1 
18 19 20 18 17 17 17 18 18 17 17 16 16 17 17 16 16 16 16 16 16 17 17 16 16 16 16 16 16 16 19 28 31 16 6 3 2 1 1 1 1 1 1 1 1 1 1 1 1 1 1 1 1 1 1 1 1 1 1 1 1 1 1 1 1 1 1 1 1 1 1 1 1 1 
21 19 20 18 17 17 17 17 18 17 16 16 16 17 17 17 17 16 17 16 17 16 15 16 16 16 16 17 17 18 21 29 30 15 5 3 3 2 2 1 1 1 1 1 1 1 1 1 1 1 1 1 1 1 1 1 1 1 1 1 1 1 1 1 1 1 1 1 1 1 1 1 1 1 
22 20 20 19 18 18 17 17 18 18 17 17 17 16 16 17 17 17 17 16 17 17 17 17 17 17 18 18 18 19 22 32 29 10 3 3 3 2 2 1 1 1 1 1 1 1 1 1 1 1 1 1 1 1 1 1 1 1 1 1 1 1 1 1 1 1 1 1 1 1 1 1 1 1 
22 23 20 20 18 18 17 17 17 18 18 18 18 16 16 16 16 17 16 16 16 17 17 17 17 17 18 19 19 21 24 37 28 7 3 3 3 2 2 1 1 1 1 1 1 1 1 1 1 1 1 1 1 1 1 1 1 1 1 1 1 1 1 1 1 1 1 1 1 1 1 1 1 1 
23 23 22 20 18 18 17 17 17 18 17 16 16 16 17 17 17 18 17 17 17 17 17 17 17 18 19 22 23 22 30 40 28 7 2 2 2 1 1 1 1 1 1 1 1 1 1 1 1 1 1 1 1 1 1 1 1 1 1 1 1 1 1 1 1 1 1 1 1 1 1 1 1 1 
23 25 24 23 20 19 19 19 19 19 19 18 18 18 18 18 18 21 19 19 19 19 19 19 18 19 20 23 26 25 37 45 28 5 2 2 1 1 1 1 1 1 1 1 1 1 1 1 1 1 1 1 1 1 1 1 1 1 1 1 1 1 1 1 1 1 1 1 1 1 1 1 1 1 
24 25 24 23 22 22 22 22 22 22 22 21 21 21 21 21 21 23 23 23 22 23 23 23 22 22 23 24 30 31 46 51 28 5 2 1 1 2 1 1 1 1 1 1 1 1 1 1 1 1 1 1 1 1 1 1 1 1 1 1 1 1 1 1 1 1 1 1 1 1 1 1 1 1 
24 24 24 23 23 22 23 24 24 24 24 23 23 23 23 23 23 23 24 24 25 25 25 25 25 24 25 25 31 36 50 52 28 5 2 1 1 1 1 1 1 1 1 1 1 1 1 1 1 1 1 1 1 1 1 1 1 1 1 1 1 1 1 1 1 1 1 1 1 1 1 1 1 1 
24 24 23 24 24 24 25 26 24 25 24 24 24 23 23 23 25 25 25 25 26 26 26 28 28 26 26 29 33 40 51 48 25 5 3 2 1 2 2 1 1 1 1 1 1 1 1 1 1 1 1 1 1 1 1 1 1 1 1 1 1 1 1 1 1 1 1 1 1 1 1 1 1 1 
24 24 24 24 24 25 28 26 26 25 25 25 25 25 24 24 25 25 26 26 26 26 28 30 28 29 29 29 36 45 56 45 18 4 3 1 1 2 2 1 1 1 1 1 1 1 1 1 1 1 1 1 1 1 1 1 1 1 1 1 1 1 1 1 1 1 1 1 1 1 1 1 1 1 
24 24 24 24 24 25 28 26 26 26 26 25 25 25 24 25 25 25 26 26 26 26 29 31 29 30 31 31 39 50 58 38 13 5 2 1 1 2 1 1 1 1 1 1 1 1 1 1 1 1 1 1 1 1 1 1 1 1 1 1 1 1 1 1 1 1 1 1 1 1 1 1 1 1 
24 23 23 24 25 26 26 26 26 26 26 25 25 25 25 25 26 26 26 26 26 26 28 30 26 29 32 42 54 58 56 33 10 7 2 1 1 2 1 1 1 1 1 1 1 1 1 1 1 1 1 1 1 1 1 1 1 1 1 1 1 1 1 1 1 1 1 1 1 1 1 1 1 1 
25 25 24 23 25 26 26 26 26 26 26 26 26 27 26 27 27 27 27 26 28 28 29 29 26 29 32 43 50 46 29 9 6 4 1 1 1 1 0 1 1 1 1 1 1 1 1 1 1 1 1 1 1 1 1 1 1 1 1 1 1 1 1 1 1 1 1 1 1 1 1 1 1 1 
25 25 25 25 25 26 26 26 26 26 26 26 26 27 26 27 29 27 27 26 28 28 28 29 25 27 33 49 56 44 24 7 4 3 1 2 2 1 1 1 1 1 1 1 1 1 1 1 1 1 1 1 1 1 1 1 1 1 1 1 1 1 1 1 1 1 1 1 1 1 1 1 1 1 
25 25 25 25 25 25 26 26 26 26 26 27 27 27 27 28 29 28 28 28 28 29 29 30 25 28 35 51 53 43 20 6 3 3 2 2 2 2 1 1 1 1 1 1 1 1 1 1 1 1 1 1 1 1 1 1 1 1 1 1 1 1 1 1 1 1 1 1 1 1 1 1 1 1 
25 25 28 25 25 26 26 26 26 26 26 27 27 27 27 26 29 29 28 28 28 30 29 29 28 30 38 51 44 39 17 5 3 2 2 2 2 2 1 1 1 1 1 1 1 1 1 1 1 1 1 1 1 1 1 1 1 1 1 1 1 1 1 1 1 1 1 1 1 1 1 1 1 1 
28 28 29 28 26 26 26 26 26 26 26 26 26 25 25 26 25 26 26 26 27 31 25 22 25 33 41 63 63 40 13 3 2 3 2 2 2 2 1 1 1 1 1 1 1 1 1 1 1 1 1 1 1 1 1 1 1 1 1 1 1 1 1 1 1 1 1 1 1 1 1 1 1 1 
30 30 30 30 29 26 26 25 25 24 24 23 23 23 22 23 22 22 23 23 23 29 16 12 21 36 50 73 70 39 10 2 2 3 2 2 2 2 1 1 1 1 1 1 1 1 1 1 1 1 1 1 1 1 1 1 1 1 1 1 1 1 1 1 1 1 1 1 1 1 1 1 1 1 
31 30 30 30 30 29 26 25 24 23 22 21 21 22 20 19 19 19 19 19 19 19 8 24 57 82 84 79 59 33 9 1 1 2 2 2 2 2 1 1 1 1 1 1 1 1 1 1 1 1 1 1 1 1 1 1 1 1 1 1 1 1 1 1 1 1 1 1 1 1 1 1 1 1 
31 30 30 30 30 29 28 26 24 22 21 19 19 20 20 19 18 18 19 19 19 18 10 43 90 127 109 67 30 22 9 1 1 2 2 2 2 2 1 1 1 1 1 1 1 1 1 1 1 1 1 1 1 1 1 1 1 1 1 1 1 1 1 1 1 1 1 1 1 1 1 1 1 1 
32 31 31 30 29 29 28 26 24 21 21 19 19 18 18 18 18 18 18 18 18 22 11 35 95 136 95 54 30 12 4 2 1 1 2 2 1 1 1 1 1 1 1 1 1 1 1 1 1 1 1 1 1 1 1 1 1 1 1 1 1 1 1 1 1 1 1 1 1 1 1 1 1 1 
32 31 31 29 29 28 26 25 23 19 19 18 18 18 18 18 18 18 18 18 18 21 15 15 40 51 26 22 18 4 2 2 1 1 2 2 1 1 1 1 1 1 1 1 1 1 1 1 1 1 1 1 1 1 1 1 1 1 1 1 1 1 1 1 1 1 1 1 1 1 1 1 1 1 
31 30 29 28 25 25 25 24 22 19 18 18 18 17 18 18 18 18 18 18 18 15 18 23 44 38 21 15 10 4 2 1 1 1 2 2 1 1 1 1 1 1 1 1 1 1 1 1 1 1 1 1 1 1 1 1 1 1 1 1 1 1 1 1 1 1 1 1 1 1 1 1 1 1 
26 25 25 25 24 21 21 22 19 18 17 17 17 17 17 18 18 18 18 18 18 17 11 21 46 42 28 17 13 8 3 1 1 1 1 1 1 1 1 1 1 1 1 1 1 1 1 1 1 1 1 1 1 1 1 1 1 1 1 1 1 1 1 1 1 1 1 1 1 1 1 1 1 1 
24 23 22 22 22 18 16 19 19 18 18 17 17 17 17 17 17 18 18 18 18 18 16 18 35 30 25 23 20 9 2 2 1 1 1 1 1 1 1 1 1 1 1 1 1 1 1 1 1 1 1 1 1 1 1 1 1 1 1 1 1 1 1 1 1 1 1 1 1 1 1 1 1 1 
23 22 19 18 19 18 15 16 16 18 18 17 17 17 17 17 17 18 18 18 18 18 17 17 25 22 19 18 15 9 3 1 1 1 1 1 1 1 1 1 1 1 1 1 1 1 1 1 1 1 1 1 1 1 1 1 1 1 1 1 1 1 1 1 1 1 1 1 1 1 1 1 1 1 
21 18 17 17 17 18 16 16 16 16 17 17 17 16 17 17 17 18 18 18 18 18 17 17 17 17 16 17 13 5 3 2 2 2 2 1 1 1 1 1 1 1 1 1 1 1 1 1 1 1 1 1 1 1 1 1 1 1 1 1 1 1 1 1 1 1 1 1 1 1 1 1 1 1 
18 17 17 17 17 17 18 17 17 15 16 16 16 17 17 17 17 18 18 18 18 18 17 17 17 16 16 17 17 10 2 2 2 2 2 2 1 1 1 1 1 1 1 1 1 1 1 1 1 1 1 1 1 1 1 1 1 1 1 1 1 1 1 1 3 2 1 3 3 3 1 1 1 1 
17 17 17 18 18 16 17 18 17 17 17 16 16 16 16 16 16 17 17 17 17 17 17 16 17 18 17 19 26 32 11 1 2 1 1 1 1 1 1 1 1 1 1 1 1 1 1 1 1 2 2 1 1 1 1 1 1 1 1 1 1 1 1 1 3 2 1 10 16 5 2 1 1 1 
17 17 17 18 17 16 17 18 17 17 17 16 16 16 16 16 16 17 17 17 17 17 17 17 17 14 10 25 40 44 22 2 1 1 1 1 1 1 1 1 1 1 1 1 1 1 1 1 1 2 2 1 1 1 1 1 1 1 1 1 1 1 1 1 1 2 4 21 23 7 2 1 1 1 
18 18 18 18 17 16 17 18 17 17 17 16 16 16 16 16 16 17 17 17 17 17 17 17 17 15 9 26 54 50 22 2 1 1 1 1 1 1 1 1 1 1 1 1 1 1 1 1 1 2 2 1 1 1 1 1 1 1 1 1 1 1 1 1 1 3 17 37 32 9 2 1 1 1 
17 18 18 17 17 16 17 18 18 17 17 16 16 16 16 16 16 17 17 17 17 17 17 17 17 25 14 25 53 38 12 1 2 2 1 1 1 1 1 1 1 1 1 1 1 1 1 1 1 2 2 1 1 1 1 1 1 1 1 1 1 1 1 1 3 11 31 53 44 17 1 1 1 2 
17 17 17 16 17 17 18 18 18 16 16 16 16 16 16 16 16 17 17 17 17 17 17 17 17 18 17 25 38 15 3 1 3 2 1 2 1 1 1 1 1 1 1 1 1 1 1 1 1 2 2 1 1 1 1 1 1 1 1 1 1 1 1 1 3 14 36 59 51 22 3 2 2 2 
17 18 18 18 18 18 18 18 18 17 17 17 17 16 16 16 16 17 17 17 17 17 17 17 17 17 19 24 23 8 3 3 3 2 1 2 1 1 1 1 1 1 1 1 1 1 1 1 1 2 2 1 1 1 1 1 1 1 1 1 1 1 1 2 5 16 40 63 53 24 3 3 2 2 
18 19 18 17 16 17 17 18 18 17 17 16 16 16 16 16 16 17 17 17 17 17 17 17 18 17 17 17 13 8 3 2 2 2 1 1 1 1 1 1 1 1 1 1 1 1 1 1 1 2 2 1 1 1 1 1 1 1 1 1 1 1 1 3 9 24 46 66 56 29 4 2 2 2 
18 19 19 18 17 18 18 18 17 16 16 16 16 17 17 17 17 17 17 17 17 17 17 17 18 17 16 11 11 5 3 1 2 2 1 1 1 1 1 1 1 1 1 1 1 1 1 1 1 2 2 1 1 1 1 1 1 1 1 1 1 2 1 2 11 27 45 64 59 31 5 2 2 2 
19 21 23 23 20 20 22 20 20 19 19 18 18 17 17 17 17 18 18 18 18 19 19 19 19 16 18 18 12 6 3 1 1 1 1 1 1 1 1 1 1 1 1 1 1 1 1 1 1 1 1 1 1 1 1 1 1 2 2 2 2 2 1 3 15 29 31 40 61 40 4 1 2 2 
22 22 24 25 25 24 24 24 23 22 22 21 19 18 18 18 18 18 18 18 18 20 19 20 20 23 38 39 26 5 3 1 1 1 1 1 1 1 1 1 1 1 1 1 1 1 1 1 1 1 1 1 1 1 1 1 1 2 2 2 2 2 2 8 20 26 24 33 47 30 2 1 1 1 
24 24 25 28 26 25 25 25 25 24 24 22 21 21 21 21 21 21 21 21 21 23 22 23 19 52 75 59 17 4 2 2 2 2 1 1 1 1 1 1 1 1 1 1 1 1 1 1 1 1 1 1 1 1 1 1 1 2 2 2 2 1 2 16 24 23 21 29 36 22 3 0 1 1 
25 28 28 28 26 25 24 24 24 24 24 22 22 22 22 22 22 22 22 22 22 24 22 25 32 90 95 51 5 3 2 2 1 1 1 1 1 1 1 1 1 1 1 1 1 1 1 1 1 1 1 1 1 1 1 1 1 2 2 2 2 1 5 23 29 25 22 26 29 18 3 1 1 1 
24 24 25 26 24 24 24 22 22 22 22 22 22 22 22 22 22 22 22 22 22 24 20 26 62 109 74 18 5 3 2 1 1 1 1 1 1 1 1 1 1 1 1 1 1 1 1 1 1 1 1 1 1 1 1 1 1 2 2 2 2 1 9 27 31 26 23 24 24 18 5 1 2 1 
22 22 22 23 22 22 22 22 21 19 19 21 21 21 21 21 21 21 21 21 21 24 20 26 59 75 34 5 4 2 2 1 1 1 1 1 1 1 1 1 1 1 1 1 1 1 1 1 1 1 1 1 1 1 1 1 1 2 2 2 1 2 15 30 31 26 23 23 25 23 11 2 3 2 
19 19 21 22 22 21 21 21 19 19 19 19 19 19 19 19 19 19 19 19 19 22 19 26 62 49 9 1 3 2 1 1 1 1 1 1 1 1 1 1 1 1 1 1 1 1 1 1 1 1 1 1 1 1 1 1 1 2 2 2 1 5 19 27 29 25 21 22 26 24 11 3 3 2 
21 19 21 22 21 21 19 19 19 18 19 19 19 19 19 19 19 19 19 19 19 22 19 26 54 31 5 2 3 1 1 1 1 1 1 1 1 1 1 1 1 1 1 1 1 1 1 1 1 1 1 1 1 1 1 1 1 2 2 2 2 8 20 24 26 23 18 22 30 23 6 4 3 2 
21 21 21 19 17 21 19 17 17 17 17 18 18 18 18 18 18 18 18 18 19 21 19 23 32 23 5 3 3 2 1 1 1 1 1 1 1 1 1 1 1 1 1 1 1 1 1 1 1 1 1 1 1 2 2 1 1 3 3 3 3 8 24 25 26 21 17 23 28 17 5 2 2 2 
21 19 19 17 16 18 17 16 17 17 17 17 17 17 17 17 17 17 17 17 17 18 18 22 22 14 5 3 3 2 1 1 1 1 1 1 1 1 1 1 1 1 1 1 1 1 1 1 1 1 1 1 1 2 2 1 1 2 2 3 3 10 23 25 26 18 17 24 26 12 4 2 2 2 
18 17 17 17 17 17 17 16 16 16 16 16 16 16 16 16 16 16 16 17 17 17 18 21 22 4 4 3 2 2 2 1 1 1 1 1 1 1 1 1 1 1 1 1 1 1 1 1 1 1 1 1 1 2 2 1 1 1 1 3 4 11 22 23 24 18 19 30 29 11 3 2 2 2 
19 18 19 19 17 18 17 15 16 16 16 16 16 16 16 16 16 16 16 16 16 17 18 19 22 5 4 3 3 2 2 1 1 1 1 1 1 1 1 1 1 1 1 1 1 1 1 1 1 1 1 1 1 2 2 1 1 1 1 3 8 15 18 20 20 17 23 36 31 9 3 3 2 2 
19 19 19 17 18 18 17 15 16 16 16 16 16 16 16 16 16 16 16 17 17 17 18 21 22 9 5 3 3 2 2 1 1 1 1 1 1 1 1 1 1 1 1 1 1 1 1 1 1 1 1 1 1 2 2 1 2 2 2 3 11 16 17 19 20 17 24 38 31 8 3 2 2 1 
19 18 18 18 17 17 17 15 15 15 15 15 15 16 16 16 16 16 16 17 17 17 18 21 22 10 7 3 3 2 2 1 1 1 1 1 1 1 1 1 1 1 1 1 1 1 1 1 2 2 1 1 1 2 2 1 2 2 1 3 14 19 19 20 20 17 25 40 27 5 4 2 2 1 
18 18 18 17 16 16 16 15 15 15 15 15 15 15 16 16 16 16 16 16 16 17 18 22 23 10 7 3 2 2 2 1 1 1 1 1 1 1 1 1 1 1 1 1 1 1 1 1 2 2 1 1 1 2 2 2 2 1 2 5 18 22 22 20 18 17 25 34 23 2 2 1 1 1 
18 18 18 17 16 15 15 14 14 14 14 15 15 15 16 16 16 16 16 16 16 17 19 23 24 11 7 3 2 2 2 1 1 1 2 2 2 1 1 1 1 1 1 1 1 1 1 1 1 1 1 1 1 2 2 2 1 1 3 5 17 20 22 20 18 18 22 23 18 3 1 1 1 1 
18 18 18 17 16 15 15 14 14 14 14 15 15 15 15 16 15 16 15 16 16 16 18 25 24 11 5 2 1 1 1 1 1 1 1 1 1 1 1 1 1 1 1 1 1 1 1 1 1 1 1 1 1 2 2 2 1 1 3 9 18 17 21 21 18 17 19 23 20 9 2 1 1 1 
18 18 18 17 16 15 15 15 15 15 15 15 15 15 15 15 15 15 15 16 16 16 18 25 23 10 4 1 1 1 1 1 1 1 1 1 1 1 1 1 1 1 1 1 1 1 1 1 1 1 1 1 1 2 2 2 1 2 5 15 22 21 22 19 17 15 18 23 18 7 1 2 1 1 
18 18 16 16 16 15 15 15 15 15 15 15 15 15 15 15 15 15 15 16 16 16 17 25 22 7 3 1 1 1 1 1 1 1 1 1 1 1 1 1 1 1 1 1 1 1 1 1 1 1 1 1 1 2 2 1 1 5 10 18 23 23 20 18 17 14 18 23 18 7 1 1 0 1 
16 17 16 16 15 15 15 15 15 15 15 15 15 15 16 16 16 16 16 16 16 16 17 24 18 5 2 1 1 1 1 1 1 1 1 1 1 1 1 1 1 1 1 1 1 1 1 1 1 1 1 1 1 2 2 1 1 6 15 24 24 24 22 18 16 14 18 23 17 5 1 0 0 1 
17 15 15 16 15 15 15 15 15 15 15 16 16 16 16 16 16 16 16 16 17 17 18 24 18 5 2 1 1 1 1 1 1 1 1 1 1 1 1 1 1 1 1 1 1 1 1 1 1 1 1 1 1 2 2 1 1 9 18 24 23 22 21 19 17 14 18 22 16 7 2 1 1 1 
16 16 16 16 15 15 15 15 15 15 15 16 16 16 16 16 16 16 16 16 17 17 18 24 18 5 2 1 1 1 1 1 1 1 1 1 1 1 1 1 1 1 1 1 1 1 1 1 1 1 1 1 1 2 2 1 1 12 22 23 20 19 19 19 17 16 18 20 16 7 2 1 1 0 
15 16 17 16 15 15 15 15 15 15 15 16 16 16 16 16 16 16 16 16 17 17 18 24 18 6 3 1 1 1 1 1 1 1 1 1 1 1 1 1 1 1 1 1 1 1 1 1 1 1 1 1 1 2 2 1 4 16 22 19 19 18 18 17 18 18 18 19 16 7 2 1 0 1 
16 17 17 16 16 16 15 16 16 16 16 16 16 17 17 17 17 17 17 17 17 17 18 24 18 8 3 2 1 1 1 1 1 1 1 1 1 1 1 1 1 1 1 1 1 1 1 1 1 1 1 1 1 2 2 3 7 18 23 19 18 18 17 17 18 18 18 20 15 7 2 1 0 1 
17 17 18 17 16 16 16 16 16 16 16 16 16 16 16 16 16 16 16 16 16 17 18 24 15 5 3 2 2 1 1 1 1 2 2 2 2 2 2 2 2 2 2 2 2 2 2 2 2 3 2 2 2 2 2 3 12 20 23 19 18 17 17 17 17 18 18 19 15 8 2 2 1 1 
18 18 18 17 17 16 16 16 16 16 16 16 16 16 16 16 16 16 16 16 16 17 18 24 15 5 3 2 2 1 1 1 1 2 2 2 2 2 2 2 2 2 2 2 2 2 2 2 2 3 2 2 2 2 2 4 16 22 20 18 18 17 17 16 17 18 17 19 16 8 2 2 1 1 
19 19 18 17 17 16 16 16 16 16 16 16 16 16 16 16 16 16 16 16 16 17 18 23 15 5 4 3 3 2 2 1 1 2 2 2 2 2 2 2 2 2 2 2 2 2 2 2 2 3 2 2 2 2 2 7 18 23 19 17 17 17 16 16 17 19 18 18 15 8 3 1 1 1 
23 21 19 19 18 18 18 17 17 17 17 17 17 17 16 16 16 16 16 16 16 17 17 23 15 5 4 3 3 2 2 1 1 2 2 2 2 2 2 2 2 2 2 2 2 2 2 2 2 3 2 2 2 2 3 9 22 23 19 18 18 17 17 17 17 19 19 18 15 8 3 1 1 1 
25 23 24 23 24 22 22 22 22 22 21 22 23 22 19 17 16 16 16 16 16 17 18 22 23 8 4 2 2 2 2 1 1 2 2 2 2 1 1 2 2 2 2 2 2 2 2 2 2 3 2 2 2 2 4 12 23 24 20 18 18 19 18 17 17 19 19 18 15 8 3 1 1 1 
31 31 31 31 31 30 30 30 30 30 30 30 30 29 26 24 23 23 23 22 22 22 19 19 19 12 5 3 3 2 2 1 1 2 2 2 2 1 1 2 2 2 2 2 2 2 2 2 2 3 3 3 2 3 6 16 24 25 22 19 19 18 18 17 17 19 19 18 16 9 3 1 1 1 
39 39 39 40 39 40 42 42 42 40 40 39 39 37 35 32 31 31 31 31 31 29 24 22 22 19 8 3 2 1 2 1 1 2 2 2 2 1 1 1 1 2 2 2 2 2 2 2 2 2 2 3 3 3 6 14 28 27 22 18 18 19 18 19 19 20 19 19 17 10 4 1 1 1 
46 46 46 47 46 47 49 49 49 49 47 47 46 45 43 40 39 39 39 39 39 37 32 30 29 20 13 3 1 1 2 1 1 2 2 2 2 2 2 1 1 2 2 2 2 1 1 1 1 1 1 3 3 3 6 14 30 29 20 18 18 19 19 19 19 20 20 19 18 11 4 2 1 1 
50 50 50 50 51 51 52 52 52 53 51 49 46 46 45 45 45 43 40 38 38 37 36 37 34 32 20 2 1 1 1 1 1 1 1 1 1 2 1 1 1 1 1 1 2 1 1 1 1 1 1 1 2 2 4 13 32 31 21 19 18 18 18 19 19 19 19 20 18 9 3 3 1 1 
51 51 51 51 53 54 53 54 53 54 52 50 49 49 46 45 43 40 40 39 40 39 39 40 41 37 24 5 2 1 2 1 1 1 1 1 1 1 1 1 1 1 1 1 1 1 1 1 1 1 1 2 3 3 4 13 36 44 23 18 18 17 18 19 19 18 19 20 18 10 3 3 1 1 
49 47 49 51 51 53 52 51 52 53 49 46 46 47 45 43 39 38 40 39 40 39 39 40 44 43 31 11 4 2 2 1 1 1 1 1 1 1 1 1 1 1 1 2 2 1 1 1 1 1 2 3 4 5 4 11 35 49 25 18 18 18 19 19 19 19 20 20 18 9 2 3 2 1 
47 47 46 49 49 49 50 49 49 49 45 43 40 41 39 38 37 36 37 38 40 40 37 40 44 47 35 14 5 2 2 1 1 1 1 1 1 1 1 1 1 1 1 2 2 1 1 1 1 1 2 3 4 4 4 11 31 43 26 18 18 19 19 19 19 19 20 20 18 9 2 3 2 1 
51 50 47 48 50 51 50 49 49 47 44 42 39 39 39 38 38 37 36 37 39 40 40 43 46 51 37 14 6 1 1 1 1 1 1 1 1 1 1 1 1 1 1 2 2 2 2 1 2 2 1 2 2 4 5 10 29 39 29 18 18 18 18 19 19 20 20 21 18 11 3 3 2 1 
50 50 50 50 50 51 51 49 49 47 45 43 40 41 40 40 40 40 40 40 42 43 44 45 49 53 37 11 4 2 2 2 2 1 1 1 1 1 1 1 1 1 1 2 2 2 2 1 2 2 1 1 1 4 10 17 30 40 32 24 21 19 21 22 20 22 23 22 21 12 3 3 2 1 
50 50 50 50 52 51 51 50 50 50 48 47 46 44 44 44 45 46 46 46 46 46 47 50 52 53 38 12 4 3 3 2 2 1 1 1 1 1 1 1 1 1 1 2 2 1 1 2 3 2 1 3 3 14 25 33 40 43 36 32 27 25 23 22 22 22 24 23 23 16 3 1 1 1 
50 50 50 51 52 53 52 50 50 50 50 48 48 47 49 49 50 51 53 53 52 52 51 57 59 47 33 11 4 4 3 2 2 1 1 1 1 1 1 1 1 1 1 2 2 1 1 2 4 3 2 3 11 32 45 43 44 46 39 38 37 32 28 26 26 25 25 26 28 17 3 1 1 2 
50 49 49 49 50 51 49 50 50 50 50 50 50 49 49 50 53 54 55 58 55 51 54 69 60 38 18 8 5 3 3 2 2 1 1 2 1 1 1 1 1 1 1 1 1 2 2 3 5 3 2 4 16 38 50 47 47 49 44 45 45 44 43 41 39 38 37 33 36 29 6 2 3 1 
45 45 45 45 45 45 46 47 47 50 51 51 51 49 49 52 57 59 59 60 61 61 61 68 57 33 11 4 5 5 3 2 1 2 2 3 2 2 1 1 1 1 1 1 2 2 2 3 4 3 3 9 23 40 53 54 51 51 49 50 50 50 48 47 46 46 45 42 43 36 9 2 3 1 
39 42 43 43 42 42 44 45 44 45 49 50 51 50 50 54 58 58 60 63 65 65 66 68 53 34 18 14 10 8 5 2 1 1 1 2 2 2 1 1 1 1 1 1 2 2 2 3 4 3 4 16 32 45 53 53 52 48 47 47 50 50 50 51 51 50 49 50 53 47 15 2 4 2 
39 42 42 42 42 43 44 44 45 46 49 52 54 53 58 60 63 64 66 70 72 73 73 73 67 50 37 38 21 7 4 3 2 1 1 1 2 2 2 2 2 2 2 2 2 2 2 3 8 4 5 25 43 51 56 50 49 48 48 49 50 51 51 51 52 51 51 52 54 49 17 2 4 1 
42 44 45 44 45 46 44 44 45 47 50 52 53 56 59 63 66 71 77 86 93 94 96 96 94 77 65 63 24 9 7 3 2 1 1 1 1 2 2 2 2 2 2 2 2 2 3 3 5 7 17 35 46 55 48 50 46 49 47 50 51 50 50 50 50 51 51 51 53 45 17 3 4 1 
47 47 47 46 46 47 47 47 46 49 52 56 57 64 71 80 93 106 120 132 142 146 152 155 152 136 117 79 31 14 4 3 2 3 3 2 1 2 2 2 2 2 2 2 3 3 3 4 5 4 26 47 54 61 50 47 44 46 47 48 50 49 49 49 50 49 50 51 53 45 18 3 4 1 
47 49 50 51 54 59 67 75 81 86 96 106 115 130 143 152 170 188 201 208 217 221 219 218 218 203 174 101 35 23 3 5 3 3 3 3 1 2 2 2 2 2 2 2 3 2 3 4 8 10 45 108 136 132 110 91 74 56 53 52 51 51 50 47 50 49 50 49 50 45 21 6 4 2 
80 87 94 106 122 133 144 156 168 179 188 194 205 220 229 233 238 248 250 251 252 251 249 245 242 235 212 132 47 35 12 8 5 5 3 4 3 3 3 2 2 3 2 2 2 1 2 3 8 15 70 165 224 221 207 175 144 115 86 73 60 51 47 47 51 49 50 50 49 47 24 8 3 2 
164 166 173 189 210 223 229 235 241 245 248 250 252 253 253 254 254 253 253 253 251 249 248 249 246 254 223 129 52 18 10 7 4 3 2 4 3 3 3 2 2 2 2 2 2 1 2 3 7 15 40 150 236 243 248 251 235 195 158 124 114 81 63 54 54 51 50 47 49 42 24 8 2 3 
185 181 181 187 196 203 207 210 214 215 217 222 224 221 222 229 236 244 249 248 248 247 244 243 244 236 185 103 43 12 5 4 2 1 2 4 2 2 2 1 1 3 3 3 3 2 2 3 3 9 43 127 214 213 224 240 231 212 181 152 135 110 88 73 64 56 49 46 45 42 28 8 1 3 
99 96 95 93 93 93 93 95 102 111 116 124 130 116 132 146 163 178 186 193 198 201 202 206 213 174 121 73 33 12 5 1 1 1 1 4 2 1 1 1 1 3 4 3 3 3 3 4 2 0 23 78 159 146 150 166 157 150 142 139 134 109 106 98 81 62 48 44 42 41 31 9 1 4 
22 21 19 21 21 22 24 26 30 33 38 39 40 39 44 54 67 82 94 104 116 123 128 132 139 99 58 38 23 14 9 3 2 1 1 2 1 1 1 1 1 3 3 3 3 3 3 7 2 0 17 43 102 101 109 104 89 86 86 89 95 87 86 86 82 69 54 39 36 39 34 10 3 5 
10 9 8 10 11 12 14 16 16 15 16 16 17 17 19 22 28 35 44 51 58 61 61 64 68 53 36 23 16 15 12 7 3 1 1 1 1 2 2 2 2 3 2 2 2 2 3 10 7 17 54 67 47 74 73 70 68 70 68 68 68 66 65 67 71 65 49 30 31 39 38 14 4 5 
10 10 10 10 11 10 10 11 11 12 15 15 15 17 18 19 24 28 30 31 33 32 32 31 31 30 31 23 12 12 12 8 4 2 1 2 2 2 2 2 3 3 1 2 2 2 3 10 5 12 59 80 82 86 92 90 95 101 102 102 104 103 101 106 100 77 54 39 36 41 39 16 5 6 
7 5 5 5 5 5 7 5 7 9 12 11 11 12 12 11 15 17 17 17 18 18 18 19 20 24 26 19 9 8 10 7 2 1 2 2 2 2 2 2 3 3 1 2 2 2 3 9 2 37 93 148 164 143 157 161 166 174 175 174 174 181 174 186 163 109 76 46 37 42 40 18 8 7 
5 5 5 5 5 4 5 5 7 9 10 10 10 11 10 10 11 12 12 14 15 14 14 16 17 24 25 16 5 4 5 2 1 2 2 2 2 2 2 2 3 3 2 3 3 2 3 5 2 72 142 215 226 206 208 210 211 215 217 221 212 221 219 224 187 129 79 38 34 42 42 19 8 7 
4 5 5 4 4 5 5 6 7 8 9 11 13 10 9 8 10 12 12 12 12 15 15 14 15 18 21 14 4 2 1 1 2 2 2 1 2 2 2 2 3 3 2 2 3 2 3 4 3 58 142 208 229 231 222 226 229 224 226 229 216 219 210 200 152 97 58 34 34 41 43 19 9 7 
4 4 4 4 4 5 5 5 7 7 8 9 10 9 9 8 9 11 12 12 12 13 13 14 14 16 16 11 7 3 2 2 2 2 2 2 2 2 2 2 3 3 2 2 3 2 3 4 7 51 135 199 220 223 216 220 220 220 215 212 205 196 180 162 110 59 40 37 37 41 41 19 10 7 
4 4 4 4 4 5 5 5 6 7 7 6 7 7 8 8 8 9 10 11 11 12 11 11 11 14 14 15 9 3 2 2 2 2 2 2 1 2 2 2 3 3 3 3 4 3 5 7 12 35 100 167 188 180 177 173 167 172 167 158 153 141 129 111 73 42 37 41 46 46 43 22 11 10 
4 4 4 4 4 5 5 6 6 6 6 6 8 9 8 8 8 9 10 11 12 12 9 8 9 11 15 17 10 3 2 2 2 2 2 2 2 2 1 2 2 2 3 3 3 4 5 8 12 24 58 116 129 107 107 97 92 90 87 82 80 77 71 63 53 47 43 46 47 49 51 25 10 12 
4 4 4 4 4 5 5 6 6 6 6 5 8 8 7 8 8 8 9 10 10 9 8 7 7 11 14 16 8 3 2 2 2 2 2 2 2 2 2 2 2 3 3 3 2 3 4 7 9 18 45 66 50 47 43 39 40 42 43 43 43 44 43 40 43 45 41 44 47 49 49 25 10 9 
4 4 4 4 4 5 5 5 6 6 6 5 7 5 7 7 7 7 7 8 9 8 7 7 7 9 11 14 8 3 2 2 2 2 2 1 2 2 2 2 3 3 4 4 3 4 5 8 4 15 37 47 32 51 53 51 56 60 63 65 67 68 68 67 67 71 75 81 88 84 64 37 18 9 
4 4 4 4 4 5 5 5 6 5 5 5 5 5 5 7 5 7 7 7 8 7 5 7 7 9 11 11 8 3 2 2 2 2 2 1 2 2 2 2 3 3 4 4 3 3 5 11 3 10 46 74 89 103 128 130 129 132 135 138 140 142 142 143 144 151 160 169 175 158 131 85 30 15 
4 4 5 5 5 6 6 6 6 5 5 5 5 5 5 7 5 7 7 7 7 5 5 7 8 10 11 10 7 3 2 2 2 2 2 1 2 2 2 2 3 3 4 4 4 3 7 11 9 10 59 130 180 191 205 217 213 215 215 218 221 221 221 222 222 226 230 234 235 230 226 172 72 24 
5 5 5 5 5 5 5 5 5 5 5 5 4 4 5 5 5 5 5 5 5 5 5 5 8 10 11 8 4 3 2 2 2 2 2 2 2 2 2 3 2 3 4 3 3 3 5 10 11 15 52 146 235 252 250 251 244 250 250 250 251 250 250 251 251 251 251 251 250 254 254 211 128 43 
5 5 5 5 5 5 5 5 5 5 5 5 5 4 4 5 4 5 5 5 5 4 5 5 7 10 12 8 3 3 2 2 1 2 2 2 2 2 2 3 3 3 4 3 3 3 5 9 12 18 60 163 238 251 250 251 248 250 250 251 251 250 250 251 251 252 252 253 252 252 253 228 140 42 
5 5 5 5 5 5 5 5 5 5 5 5 5 4 4 4 4 5 5 5 5 4 5 5 7 11 14 7 3 3 2 2 2 2 2 2 2 2 3 3 3 3 4 3 3 3 5 8 15 21 66 178 243 252 251 252 252 251 251 251 251 251 250 250 250 251 251 251 249 249 252 219 114 29 
5 5 5 5 5 5 5 5 5 5 5 5 5 4 4 4 4 5 5 5 5 4 5 5 7 11 14 7 3 3 2 2 2 2 2 2 2 2 3 3 3 3 4 4 4 3 4 10 17 21 64 172 244 251 251 251 251 251 251 250 249 249 249 250 249 249 249 252 248 250 242 184 82 23 
5 5 5 5 5 5 5 5 5 5 5 5 5 4 4 4 4 5 5 5 5 4 5 7 8 14 14 7 1 3 2 2 2 2 2 2 2 2 3 3 3 4 4 4 4 3 4 10 16 16 60 174 247 252 251 251 252 251 251 251 251 251 251 250 250 251 252 253 250 252 228 145 52 19 
5 5 5 5 5 5 5 5 5 5 5 5 5 4 4 4 4 5 5 4 4 4 4 5 7 11 14 7 1 3 2 2 2 2 2 2 2 2 3 3 4 4 4 4 4 3 3 10 17 11 58 173 244 251 251 250 250 250 250 250 250 250 250 250 250 250 251 252 249 253 214 110 31 16 
5 5 5 5 5 5 5 5 5 5 5 5 5 4 4 4 4 5 5 4 4 4 4 5 5 10 15 8 1 3 2 2 2 2 2 2 2 2 3 3 4 4 4 4 4 3 4 9 15 12 47 158 242 252 251 251 251 250 250 250 250 250 251 251 251 251 251 250 250 252 200 89 24 15 
5 5 5 5 5 5 5 5 5 5 5 5 5 4 4 4 4 5 5 4 4 4 4 5 5 10 15 9 1 3 3 2 2 2 2 2 2 3 3 3 4 5 5 5 5 4 5 9 12 12 39 143 232 252 251 251 251 250 250 251 250 251 251 251 251 251 251 249 250 251 192 80 21 15 
5 5 5 5 5 5 5 5 5 5 5 5 5 4 4 3 4 4 5 5 4 5 5 5 5 9 16 10 1 3 3 2 2 2 2 3 3 3 4 4 4 5 5 4 4 3 5 8 14 14 35 128 222 251 251 250 250 250 250 249 248 249 250 251 251 251 250 249 252 247 173 64 17 14 
5 5 5 5 5 5 5 5 5 5 5 5 5 4 4 3 4 4 5 5 5 5 5 5 5 10 16 10 1 4 3 2 2 2 2 3 3 3 4 4 4 5 5 5 4 3 4 9 14 16 26 99 206 251 250 250 250 249 249 249 249 249 249 250 251 250 251 252 252 227 139 45 15 11 
5 5 5 5 5 5 5 5 5 5 5 5 5 4 4 3 4 4 5 5 5 5 5 5 5 11 17 11 1 3 2 3 2 2 2 3 3 3 4 4 4 5 5 4 4 3 4 10 15 18 24 83 197 250 250 250 250 249 249 249 249 249 249 249 250 250 251 252 249 198 100 30 15 10 
5 5 5 5 5 5 5 5 5 5 5 5 5 4 4 3 4 4 5 5 5 7 7 5 4 12 18 11 1 2 3 3 2 3 3 3 3 3 4 4 4 4 5 4 4 3 4 9 14 18 24 75 187 248 250 250 249 249 249 249 250 249 249 249 250 250 251 251 236 156 57 18 15 8 
5 5 5 5 5 5 5 5 5 5 5 5 5 4 4 4 4 5 5 5 7 7 7 4 4 12 19 10 2 4 4 3 3 3 3 2 3 3 3 3 3 4 5 5 5 4 5 9 11 16 22 70 191 249 250 250 249 249 249 250 251 250 250 251 251 251 252 249 203 102 25 12 12 5 
5 5 5 5 5 5 5 5 5 5 5 5 5 4 4 4 4 5 5 5 7 7 7 4 4 14 19 10 2 7 5 4 3 3 3 3 3 3 3 3 3 3 5 4 4 3 5 8 10 14 18 63 186 248 249 250 249 249 249 250 252 252 251 252 251 251 252 237 166 61 14 14 10 4 
5 5 5 5 5 5 5 5 5 5 5 5 5 4 4 5 5 5 5 5 7 8 8 4 4 15 19 10 4 8 4 3 3 3 3 3 3 2 3 3 3 3 4 4 5 3 5 8 11 14 18 70 180 250 251 250 249 249 249 251 251 252 252 251 250 250 251 230 138 44 17 16 9 4 
5 5 5 5 5 5 5 5 5 5 5 5 5 5 5 5 5 7 7 7 8 8 9 7 4 15 19 10 7 22 4 3 3 3 3 3 3 2 3 3 3 4 4 4 5 4 5 8 11 12 17 67 178 251 252 251 250 249 249 251 250 250 250 250 250 249 251 215 115 36 19 16 8 4 
5 5 5 5 5 4 5 5 5 5 5 5 7 5 5 8 8 8 8 8 9 10 12 11 14 36 44 24 15 0 3 3 3 2 2 2 2 2 3 3 2 3 4 5 5 4 5 10 13 15 6 71 202 250 251 250 250 250 249 249 249 250 250 250 250 249 250 213 110 33 19 16 8 5 
5 5 5 5 5 4 5 5 5 5 5 7 7 7 7 8 8 8 9 9 11 12 18 14 33 81 85 44 17 2 3 3 3 2 2 2 2 2 3 3 2 3 3 4 5 5 7 11 15 16 4 81 214 251 251 250 250 250 249 249 250 249 250 250 250 249 249 209 108 32 19 16 8 5 
5 5 5 5 5 4 5 5 5 5 5 7 7 8 8 9 9 8 10 10 12 16 20 18 87 156 136 73 16 3 3 2 2 3 3 3 3 3 3 3 3 3 3 5 7 8 9 12 16 16 15 97 213 253 251 250 250 250 250 250 250 250 250 249 249 249 247 205 102 30 21 15 8 5 
5 5 5 5 5 5 5 5 5 7 7 7 8 8 8 9 9 10 10 11 14 19 31 87 174 230 186 100 24 4 3 2 2 3 3 3 3 3 3 3 3 3 3 5 7 8 9 12 15 18 26 107 209 253 250 250 250 249 249 249 250 249 250 249 249 248 247 206 97 28 19 15 9 5 
5 5 5 5 5 5 5 5 7 7 7 7 8 8 8 9 10 9 10 16 22 26 75 179 236 253 206 115 33 10 4 3 3 3 3 3 3 3 3 3 3 3 3 4 7 7 8 10 12 7 43 136 210 253 252 250 250 249 249 249 249 250 250 250 249 249 250 203 92 25 17 12 9 7 
5 5 5 5 5 5 5 5 5 7 7 7 8 8 8 10 11 11 14 19 22 70 159 228 248 252 210 104 29 11 6 3 3 3 3 3 3 3 3 3 3 3 3 4 5 7 8 10 15 17 72 172 227 253 252 251 250 249 249 249 249 250 250 250 249 250 247 191 80 19 14 10 8 7 
5 5 5 5 5 5 5 5 5 5 7 8 9 8 9 11 13 13 19 18 53 141 223 252 246 252 226 117 32 12 8 3 3 3 3 3 3 3 3 3 3 3 3 4 5 7 8 10 15 35 109 212 241 252 251 250 250 249 249 249 249 250 250 249 249 252 241 177 67 15 11 8 7 7 
5 5 5 5 5 5 5 5 5 5 7 8 9 8 10 13 15 17 22 50 144 210 245 252 248 252 235 150 60 5 4 6 4 4 3 3 3 3 3 3 3 3 3 4 5 7 8 10 15 68 167 236 249 251 250 250 250 250 249 249 249 250 250 249 249 252 237 160 54 12 10 7 7 7 
5 5 5 5 5 5 5 5 5 7 7 7 8 8 9 13 17 15 23 93 192 249 251 251 249 251 252 243 172 49 3 14 3 4 4 3 3 4 5 4 3 3 3 4 5 5 8 10 16 111 221 251 251 250 250 251 250 250 249 249 249 250 250 250 250 251 230 141 43 13 11 5 5 7 
5 5 5 5 5 5 5 5 7 7 7 7 8 8 9 15 19 20 69 166 235 250 250 251 250 252 252 248 184 90 21 18 1 5 8 3 3 4 5 4 3 3 3 4 5 5 8 10 16 104 215 251 251 250 250 251 250 250 249 249 249 250 250 250 250 250 221 129 36 11 11 5 5 5 
5 5 5 5 5 5 5 5 7 7 7 7 8 8 9 16 24 57 145 229 250 250 250 251 251 252 252 248 200 149 66 23 6 9 8 4 4 5 5 4 3 3 3 4 4 5 8 10 16 104 217 249 251 250 250 251 250 250 249 249 249 250 250 250 250 249 212 115 28 10 10 5 5 5 
5 5 5 5 5 5 5 5 5 5 7 8 9 9 8 19 46 121 213 252 252 252 251 251 251 251 252 249 233 208 135 51 15 10 3 4 4 5 5 3 3 3 3 4 4 5 8 10 14 99 210 249 252 250 250 251 250 250 249 249 249 250 250 250 249 249 202 96 22 11 10 5 5 5 
5 5 5 5 5 5 5 5 5 5 7 9 10 11 9 29 95 185 244 252 251 251 251 251 251 251 251 248 243 243 199 116 23 11 4 4 4 5 5 3 3 3 3 4 4 5 8 10 15 64 169 245 252 250 250 251 250 250 249 249 249 249 249 249 249 249 185 72 17 14 10 5 5 5 
5 5 5 7 7 5 5 5 5 5 8 9 10 12 19 68 160 228 249 250 251 250 251 251 251 251 251 248 246 251 231 171 50 12 5 4 4 4 4 3 3 3 3 4 4 5 8 10 25 50 142 236 252 250 250 251 250 250 249 249 249 249 249 249 250 240 164 58 16 15 8 5 5 5 
5 5 5 7 7 5 5 5 5 7 9 8 9 14 40 130 221 251 250 251 252 250 251 250 249 251 251 249 247 249 229 144 39 11 5 4 4 4 4 3 3 3 3 4 4 5 7 9 16 31 110 214 254 251 251 251 251 250 249 249 249 249 248 248 251 226 139 41 16 15 8 5 5 5 
7 7 7 7 7 5 5 7 7 8 9 10 10 22 75 180 249 251 251 252 252 251 251 251 249 251 250 249 245 248 200 101 21 10 5 3 3 3 3 3 3 3 3 4 5 5 7 8 4 12 72 153 238 251 251 249 252 250 249 249 249 249 248 248 251 221 130 37 13 15 8 5 5 5 
7 7 7 7 7 5 7 7 7 9 11 10 14 37 114 206 248 251 250 250 251 251 251 249 247 252 251 248 201 207 132 49 18 10 5 3 3 3 3 3 3 3 3 3 4 5 6 7 14 8 60 167 228 249 252 249 250 250 250 249 249 249 248 247 252 194 94 19 15 13 8 5 5 4 
7 7 7 7 7 5 7 8 8 11 12 11 18 66 160 234 250 249 249 250 250 250 249 247 245 252 240 212 162 113 44 19 11 8 4 3 3 3 3 3 3 3 3 3 4 5 5 5 4 8 35 122 213 254 253 251 250 250 249 249 249 248 247 245 240 171 66 8 13 11 6 5 5 4 
7 7 7 7 7 5 7 9 10 12 14 14 43 114 199 244 249 248 248 249 250 250 247 243 244 243 217 182 134 49 19 15 8 4 3 2 2 3 3 3 3 3 3 3 3 3 3 4 5 7 14 63 155 217 249 253 250 250 249 249 249 249 248 244 231 163 56 11 12 8 5 5 5 3 
7 7 7 7 7 7 7 9 10 7 12 32 94 178 233 245 248 247 245 247 249 248 244 241 243 237 174 116 67 19 12 9 5 3 2 2 2 3 3 3 3 3 3 3 4 3 4 4 5 7 12 30 88 162 214 242 250 250 249 248 248 249 245 241 215 144 49 12 6 2 4 5 5 3 
7 7 7 7 8 7 7 9 12 12 22 65 151 224 247 245 249 246 248 247 248 248 244 241 244 235 149 56 8 15 8 6 4 3 2 2 2 2 2 3 3 3 3 3 4 3 4 4 7 4 10 22 45 96 159 223 253 251 249 248 248 248 244 240 203 123 43 11 4 4 7 5 5 4 
7 7 7 8 8 5 9 9 15 18 38 110 201 244 248 248 249 248 249 248 248 247 244 242 243 193 96 31 14 9 6 5 4 3 2 2 2 2 2 3 3 3 3 3 4 4 3 3 7 4 12 12 24 64 129 217 254 252 248 247 248 246 245 233 199 114 34 12 8 4 4 5 5 4 
7 7 7 8 7 8 10 10 12 19 66 164 237 250 248 249 248 247 248 247 247 247 245 247 245 216 97 18 7 8 4 5 5 3 2 2 2 2 2 2 3 3 3 3 4 3 2 4 7 3 24 26 42 103 169 224 253 251 248 248 248 249 248 238 207 108 29 12 8 4 5 5 5 5 
7 7 7 7 7 8 10 10 8 33 114 210 250 251 248 249 248 248 248 247 245 247 247 251 247 215 111 26 15 5 4 5 5 3 3 2 2 2 2 2 3 3 4 4 5 2 2 5 9 9 36 77 132 187 212 235 250 250 249 249 249 252 250 253 219 97 23 12 9 7 5 5 5 5 
7 7 7 7 7 6 11 8 8 60 165 237 248 249 248 250 250 248 249 248 248 248 250 250 248 215 160 74 28 4 2 3 5 4 3 3 3 3 3 4 4 3 3 2 1 0 0 4 50 96 181 235 237 241 248 249 248 249 249 251 251 251 251 245 209 92 22 15 9 4 5 5 4 4 
7 7 7 7 7 6 11 8 19 93 198 247 245 245 248 250 250 249 248 244 244 238 241 247 247 228 191 120 61 17 0 3 5 5 4 3 3 3 3 4 4 3 3 2 1 2 1 4 10 94 195 252 254 244 249 249 249 249 249 250 251 251 251 242 201 87 23 13 8 5 5 5 4 4 
7 7 7 8 8 8 10 10 35 117 202 237 233 222 229 235 241 242 238 234 231 229 230 242 247 240 224 188 141 50 10 8 7 5 5 4 4 4 3 4 3 3 3 4 4 4 5 7 8 73 162 240 253 245 250 249 249 249 249 250 251 251 252 237 206 86 15 10 6 4 4 4 4 4 
7 7 7 9 9 8 9 15 47 125 187 203 193 185 195 203 211 217 216 213 212 213 217 223 228 230 229 210 182 120 64 25 8 9 5 4 5 4 3 3 3 3 3 4 5 8 9 9 10 28 85 173 220 248 250 249 249 249 249 247 245 245 242 234 180 64 12 9 5 3 4 4 4 4 
7 7 7 10 10 7 10 23 65 125 166 167 161 162 170 173 179 185 189 186 182 181 181 181 181 192 202 207 187 161 119 64 21 21 10 7 4 4 4 3 3 3 3 4 5 8 8 9 11 5 14 68 151 202 214 221 231 238 242 234 226 222 213 174 103 40 17 7 3 3 3 4 4 4 
7 7 7 10 10 8 15 37 86 132 152 152 151 150 151 153 159 166 170 165 162 158 160 162 163 164 170 180 175 182 159 106 36 16 8 7 5 4 4 3 3 3 3 4 5 8 9 9 10 10 11 36 95 173 208 208 221 226 226 219 209 187 158 94 44 26 15 3 2 2 3 4 4 4 
7 7 7 10 11 13 20 54 108 140 149 145 144 142 140 143 156 167 172 170 166 167 175 186 188 186 184 186 189 200 182 123 40 13 6 7 4 4 4 4 4 3 3 4 5 7 8 11 8 12 16 39 104 166 184 189 198 200 196 186 178 152 113 52 25 18 8 2 2 2 3 4 4 4 
8 8 8 10 12 18 31 77 127 144 146 147 149 146 149 158 177 191 200 201 201 203 212 225 229 224 217 221 220 231 199 109 37 13 9 5 4 4 4 5 4 4 3 4 5 5 9 12 7 10 28 65 123 165 171 179 186 186 181 170 166 111 59 26 14 5 3 2 1 3 3 4 4 4 
7 9 9 9 10 23 68 130 163 172 177 184 187 182 192 202 213 224 229 231 232 230 230 238 244 240 233 233 220 209 144 72 34 23 17 7 4 4 5 6 6 4 3 4 4 7 9 14 4 58 134 167 185 205 215 220 222 221 223 200 148 65 29 16 7 3 2 3 3 3 3 3 4 4 
7 9 9 9 11 44 117 176 195 206 219 224 226 227 224 221 219 220 214 204 202 208 223 233 229 214 200 187 158 151 110 64 26 32 28 8 1 5 7 8 6 4 3 5 8 8 9 10 4 97 199 237 245 249 249 249 246 248 237 182 115 35 14 12 9 4 3 3 3 3 3 3 4 4 
7 9 10 9 15 60 131 176 189 204 224 227 224 217 207 194 180 173 164 152 154 170 196 210 201 184 169 156 135 135 135 118 87 81 49 12 1 9 9 10 8 5 4 7 9 10 9 8 3 81 193 251 254 252 252 249 246 246 208 120 46 17 9 9 7 4 3 3 4 4 3 4 4 4 
7 10 10 10 18 57 110 147 166 186 203 207 205 198 189 184 170 160 152 151 161 175 192 207 207 195 189 186 185 180 193 203 192 138 67 19 1 10 10 11 10 7 5 7 8 7 3 10 11 77 189 238 242 244 249 246 236 193 135 50 4 8 9 7 4 3 3 3 4 4 3 4 4 4 
7 8 10 16 36 81 132 160 180 201 210 209 207 208 210 213 212 206 205 207 213 219 222 231 238 235 235 236 237 238 238 230 194 130 64 23 3 11 11 12 10 8 7 5 7 4 2 14 22 60 160 242 250 238 249 242 193 128 57 16 9 5 6 4 4 3 2 3 3 3 3 3 4 4 
8 9 10 20 69 145 195 212 219 231 233 213 196 215 233 242 243 243 244 245 245 248 248 249 251 251 250 251 250 220 229 210 146 84 46 23 7 11 11 12 11 9 8 7 7 5 1 16 26 40 122 222 254 250 238 186 98 58 18 6 6 5 5 4 3 3 2 3 3 3 3 3 4 4 
12 10 10 36 116 199 236 241 240 244 238 199 164 203 236 244 244 245 245 246 247 248 248 249 248 249 248 245 247 238 235 175 90 37 22 16 9 10 10 10 9 8 7 9 11 11 11 15 19 22 92 203 254 248 215 131 38 16 10 8 6 5 5 4 3 3 3 3 3 3 3 3 4 4 
12 10 12 66 166 231 245 245 249 248 235 182 152 213 242 244 245 246 246 247 247 248 248 249 248 248 248 245 249 223 213 137 68 23 3 9 9 9 9 9 8 7 5 8 9 23 14 14 14 10 67 165 231 232 185 96 26 7 7 6 6 5 5 4 4 3 3 3 3 3 3 3 4 4 
12 8 22 92 194 245 249 247 248 242 213 156 158 221 247 243 245 247 247 245 245 248 248 250 249 249 249 248 249 237 210 128 37 9 11 7 9 8 8 8 7 5 5 4 4 4 4 11 12 25 64 170 235 237 186 90 13 6 6 5 5 5 4 4 4 4 3 3 3 3 3 3 4 4 
11 9 26 90 181 240 248 241 226 205 166 118 142 223 247 244 244 244 244 245 245 247 248 248 249 249 249 250 249 240 213 123 44 21 11 9 8 7 8 8 7 7 5 4 4 4 4 11 14 18 53 167 227 228 178 85 10 8 6 5 5 5 4 4 4 4 4 4 3 3 3 3 4 4 
9 10 19 58 129 193 215 207 188 171 150 127 146 207 240 247 244 242 243 242 243 245 247 247 244 244 246 248 248 244 219 149 80 39 18 10 8 8 8 8 7 7 5 4 5 4 3 10 14 17 53 165 224 244 189 94 18 5 7 5 5 4 5 5 4 4 4 3 3 3 3 3 4 4 
16 17 19 35 66 109 138 141 142 160 174 184 196 216 238 248 248 243 240 240 242 244 245 245 245 246 246 246 244 241 220 156 81 36 23 12 9 9 9 9 8 8 5 5 7 4 4 11 15 36 70 180 241 252 219 130 45 9 4 7 11 9 7 4 4 4 4 4 4 3 3 3 4 4 
25 25 28 33 39 50 65 71 90 125 156 174 192 202 207 213 216 216 217 222 224 224 226 230 235 237 240 243 245 238 211 130 52 20 19 12 9 9 9 10 10 8 8 8 8 7 5 11 16 30 79 195 247 250 252 201 115 32 1 3 23 10 7 7 5 5 4 4 4 4 4 4 5 5 
30 29 30 32 34 37 38 37 47 65 79 88 106 125 125 130 132 135 143 153 156 153 152 158 169 177 182 194 201 209 178 86 23 12 17 11 9 9 9 10 10 8 8 8 9 8 7 12 15 24 80 198 245 251 247 236 192 79 30 10 7 5 7 7 5 5 5 4 4 4 4 4 5 5 
45 41 40 42 38 44 50 44 40 44 44 43 45 47 53 59 63 65 67 72 71 66 65 68 74 82 89 101 107 135 103 40 14 11 12 9 9 9 8 8 8 7 8 8 9 9 9 16 18 24 78 192 243 241 248 253 214 141 53 30 14 7 7 7 5 5 5 5 5 5 4 4 5 7 
104 101 98 100 99 107 119 120 113 109 107 100 94 79 63 58 61 63 63 65 76 82 81 82 81 79 75 72 66 67 43 18 12 11 10 9 9 8 8 8 8 7 8 8 9 9 10 17 22 23 74 187 242 232 245 235 175 124 40 23 2 4 7 7 5 7 7 5 5 5 5 4 4 7 
180 179 177 175 181 191 202 208 203 193 191 188 189 157 111 80 74 74 78 96 128 181 179 172 164 153 142 134 139 122 72 45 11 10 8 7 8 7 7 7 7 7 7 7 5 8 10 21 29 25 75 186 245 252 249 181 97 43 30 28 12 5 7 5 5 7 8 7 7 8 6 6 8 7 
229 230 230 231 235 243 251 253 250 247 247 247 248 231 179 128 108 101 111 150 203 244 244 240 237 233 224 216 217 195 120 30 12 10 8 5 7 5 5 5 5 7 7 7 5 8 11 24 31 29 78 187 254 245 244 185 85 36 23 10 5 5 7 9 10 11 9 9 8 9 8 8 10 9 
240 243 243 244 245 247 248 249 249 251 251 250 250 250 231 203 182 175 184 208 237 250 250 250 250 250 251 252 249 229 136 16 12 9 5 4 4 4 4 4 5 7 7 7 5 8 12 24 38 32 84 192 253 242 249 219 125 49 21 3 4 5 10 16 19 18 15 12 10 10 9 9 11 12 
246 248 248 247 247 245 247 248 248 249 248 247 245 247 248 248 243 241 243 247 249 249 247 245 247 247 249 249 238 209 109 16 15 11 8 5 4 4 4 4 5 7 7 7 7 9 14 23 42 25 82 193 240 250 250 242 198 92 21 1 2 5 14 19 22 21 19 18 16 13 10 9 11 12 
248 248 248 249 248 249 250 251 251 251 250 249 249 249 250 250 251 251 251 251 250 249 249 248 248 248 250 252 223 165 60 17 17 12 8 5 4 4 4 4 5 4 4 7 8 9 14 19 25 21 97 206 234 250 246 237 212 109 29 3 5 8 11 18 19 17 17 18 19 15 10 9 12 14 
247 248 248 249 248 249 249 249 251 251 251 250 250 249 249 248 249 250 250 250 250 250 250 250 250 249 251 245 191 115 29 11 12 9 7 5 5 4 4 4 5 5 5 5 8 9 14 19 24 23 106 214 240 250 249 226 166 70 18 9 4 4 8 12 13 12 13 15 17 15 10 9 14 21 
249 250 250 250 250 250 249 249 250 249 248 248 249 249 249 248 249 249 249 249 250 249 250 250 250 250 249 229 156 70 18 8 6 8 7 5 5 5 4 4 5 5 5 7 8 10 14 19 23 33 116 224 250 250 247 217 132 40 3 9 1 4 8 10 10 8 9 12 13 12 10 9 11 30 
249 250 250 250 250 250 249 249 249 248 248 248 249 249 249 249 249 249 249 249 250 249 250 250 249 251 251 228 141 58 17 6 6 7 7 7 7 7 5 5 5 5 7 8 9 10 14 21 24 38 121 233 253 251 245 201 106 30 4 9 1 4 7 8 9 8 9 11 12 12 10 12 9 46 
250 250 250 251 250 250 249 249 249 249 249 249 249 249 249 249 249 249 249 249 249 249 249 249 250 251 241 175 82 14 16 11 8 7 7 7 7 5 5 4 4 5 7 8 9 12 15 75 130 210 224 244 251 251 241 164 73 20 5 9 1 5 9 9 9 8 9 10 11 11 12 18 10 56 
250 250 250 251 250 250 249 249 249 249 249 249 250 249 249 249 249 249 249 249 249 249 249 249 250 252 220 130 59 11 14 10 9 8 8 7 7 5 5 5 5 5 7 8 12 16 39 113 165 222 233 248 251 249 230 158 68 20 8 8 1 5 9 9 9 8 9 11 10 11 12 23 17 54 
250 250 251 251 250 250 249 249 249 249 249 249 250 249 249 249 249 249 249 249 249 250 249 249 251 238 181 77 33 11 10 10 9 9 9 8 7 5 5 5 5 7 7 9 11 32 88 189 234 245 250 250 250 244 222 149 61 19 10 8 1 6 9 9 9 8 8 10 10 10 11 23 22 44 
251 251 251 251 250 250 249 249 249 249 249 249 249 249 249 249 249 249 249 249 250 249 250 250 250 223 149 44 2 11 10 10 9 9 9 8 8 7 7 5 5 7 7 9 11 40 115 228 255 251 251 250 250 244 223 148 56 19 12 8 2 6 9 9 9 9 9 11 11 10 11 20 18 40 
251 251 250 250 249 248 248 248 248 249 249 249 249 249 249 249 249 249 249 249 249 249 250 250 250 214 134 40 5 13 11 9 9 9 8 9 9 8 8 8 11 9 10 8 9 44 125 236 254 245 250 250 248 247 233 150 47 20 17 9 3 7 8 8 8 9 9 11 11 11 13 16 18 43 
250 250 249 249 249 248 249 249 249 248 249 249 249 249 249 249 249 249 249 249 249 249 249 249 249 203 108 28 9 13 11 9 9 9 8 8 8 8 8 8 10 9 10 10 10 46 131 238 254 245 250 249 248 248 237 160 59 23 18 10 4 5 7 8 9 9 9 11 11 10 12 14 24 54 
250 249 249 249 249 248 249 249 249 248 249 249 249 249 249 249 249 249 249 249 249 247 247 247 247 181 87 24 9 12 11 10 9 9 8 9 9 7 7 8 9 8 9 11 11 51 157 248 253 249 250 249 248 248 241 177 77 25 17 9 5 6 9 8 9 9 9 10 10 10 12 15 30 62 
249 249 249 249 249 249 249 249 249 248 249 249 249 249 249 249 249 249 249 249 248 245 244 245 244 142 54 12 11 12 11 11 10 9 9 9 9 7 8 8 9 9 9 12 14 85 193 251 252 251 251 249 249 248 244 181 82 28 17 9 7 9 9 8 9 10 10 10 9 11 12 15 32 80 
249 249 250 250 249 249 249 249 249 248 249 249 249 249 249 249 249 249 249 248 248 243 243 252 199 109 44 23 19 15 15 12 11 10 9 10 10 9 10 10 9 9 10 11 13 67 164 251 253 251 250 250 249 248 247 185 86 30 16 10 8 7 8 9 10 10 10 11 10 12 13 17 30 73 
249 249 250 250 249 249 249 249 249 248 249 249 249 249 249 249 249 249 249 249 249 248 245 237 174 94 37 23 23 19 16 15 12 11 11 11 11 10 11 10 9 9 10 10 12 61 158 245 253 249 250 250 250 249 247 188 93 32 16 10 8 7 8 10 10 10 10 11 11 11 15 18 27 61 
249 249 249 248 249 249 249 249 249 249 249 249 249 249 249 249 249 249 249 250 251 250 248 229 156 72 22 17 18 20 18 17 15 14 14 12 12 11 11 11 9 8 9 10 12 49 148 237 250 247 249 250 251 250 249 187 96 37 16 11 9 8 8 10 10 11 11 11 11 12 15 18 18 43 
249 248 248 247 248 248 249 249 249 249 249 249 249 250 249 249 249 249 249 248 247 247 249 228 177 106 43 22 17 20 18 17 17 15 12 12 12 12 12 13 13 9 9 9 18 40 139 231 246 244 248 249 251 250 250 190 98 39 17 12 10 8 9 10 10 11 11 11 11 11 13 18 17 29 
249 249 247 247 248 248 249 249 249 249 249 249 249 250 250 250 249 249 249 248 248 248 250 247 215 165 111 79 60 33 31 19 19 17 15 13 12 10 11 12 12 10 10 11 18 48 153 235 243 242 245 247 248 250 252 204 105 37 17 12 10 8 9 9 10 10 10 10 10 11 13 17 19 21 
250 248 248 247 248 248 249 249 249 249 249 249 250 249 249 249 249 249 249 250 251 252 252 253 250 220 188 157 137 117 100 71 64 51 47 37 23 18 12 12 14 14 15 18 22 68 183 237 241 243 244 247 247 250 253 211 108 36 18 11 10 8 9 9 10 10 10 10 10 11 13 16 17 19 
250 249 249 248 249 249 250 250 250 250 250 250 250 249 249 249 249 249 249 250 251 251 251 252 252 251 250 248 233 210 208 203 177 152 152 132 118 99 75 65 56 58 54 74 104 148 226 246 246 245 245 247 247 250 253 221 115 32 17 14 10 10 9 9 9 9 9 9 9 11 12 12 16 22 
250 250 249 249 249 250 250 250 250 250 250 249 249 249 249 249 249 249 249 249 250 250 250 251 251 251 250 251 253 253 251 249 247 236 226 223 223 202 184 174 166 166 167 166 185 222 244 251 251 247 245 247 247 252 253 221 116 31 16 14 11 10 9 8 8 9 9 9 9 11 11 11 17 23 
249 249 249 248 249 249 250 250 249 249 249 249 249 249 249 249 249 249 249 249 249 249 249 249 249 246 246 247 245 250 246 242 243 244 248 247 247 245 244 242 245 245 244 243 241 241 243 249 251 248 247 248 248 252 252 200 99 29 15 12 12 10 10 9 8 10 10 9 9 10 10 11 15 18 
249 249 249 248 249 249 250 250 249 249 249 249 249 248 248 248 248 249 249 248 249 248 249 250 249 250 249 248 248 250 251 252 251 251 251 250 250 250 250 251 248 249 251 251 252 252 245 248 250 249 247 247 248 251 249 186 87 28 17 14 12 10 10 9 9 10 9 8 9 9 10 11 10 11 
249 249 249 248 249 249 250 250 249 249 249 248 248 248 248 248 248 249 249 248 248 247 249 250 251 250 249 248 248 247 248 249 248 248 248 248 248 249 249 249 248 249 250 251 252 251 249 250 251 251 247 245 247 251 237 169 77 26 18 15 12 10 10 9 9 9 8 8 8 8 9 10 10 15 
249 249 249 248 249 249 250 250 249 249 249 248 248 248 248 248 248 248 248 247 245 245 247 249 251 248 244 238 238 251 251 249 249 249 250 251 251 251 250 249 249 249 250 251 251 251 251 249 249 252 245 243 248 251 240 158 64 24 16 12 10 9 8 7 7 7 8 9 8 7 7 8 10 13 
249 249 249 248 249 249 250 250 249 249 249 248 248 248 248 248 248 249 249 247 244 243 242 241 249 245 231 213 209 247 244 241 244 245 247 248 248 248 244 242 244 244 247 248 248 231 221 226 243 251 242 241 249 248 233 143 44 18 14 12 10 10 10 10 10 9 9 9 8 8 9 12 13 16 
249 249 249 248 249 249 250 250 249 249 249 248 248 248 248 248 248 249 250 247 245 243 241 236 230 219 191 164 144 151 155 153 156 157 158 158 157 157 158 160 169 172 172 172 171 170 158 191 236 243 241 242 249 235 213 137 61 53 51 44 37 29 22 21 21 18 16 15 15 15 17 20 24 33 
249 248 248 248 249 249 250 250 249 249 248 248 248 248 248 248 248 249 250 247 244 244 243 237 220 187 145 113 84 63 59 54 57 58 59 60 63 61 61 62 71 73 74 72 67 113 123 162 215 236 243 244 248 240 222 187 144 151 147 139 132 99 64 43 30 27 25 24 24 21 23 24 29 39 
249 248 248 248 249 249 250 250 249 249 248 248 248 248 249 247 248 250 249 247 231 207 191 180 162 143 108 79 64 49 44 40 42 43 43 44 45 45 43 43 41 43 45 46 49 115 170 208 231 241 244 248 249 250 249 241 226 237 237 228 227 201 155 107 67 40 33 33 33 31 31 33 37 42 
248 248 248 247 249 249 249 249 249 248 248 248 248 248 248 251 252 250 235 206 166 130 95 88 77 71 68 62 57 53 51 52 52 50 51 52 51 50 47 46 39 51 74 103 142 194 215 227 231 234 244 238 237 244 247 247 245 244 241 242 245 247 229 192 129 71 47 40 39 39 39 39 40 42 
248 248 248 248 249 249 249 250 249 249 248 248 249 247 247 243 234 214 178 132 92 64 56 57 52 47 46 45 44 43 42 41 41 42 43 43 43 42 45 46 52 79 132 186 208 231 238 243 248 248 249 251 251 250 249 249 249 245 245 245 242 247 237 204 146 92 61 46 44 44 43 43 42 42 
248 248 248 248 249 249 249 249 249 249 248 248 248 245 233 217 188 151 108 78 66 52 45 46 43 37 37 37 36 35 35 36 36 36 38 38 38 37 40 43 58 90 151 215 230 247 248 245 251 252 252 252 251 251 250 252 250 246 245 227 199 191 169 131 99 74 56 50 50 50 50 49 46 46 
247 247 247 248 249 249 249 249 249 249 249 249 249 245 230 209 169 122 80 63 60 51 43 43 38 36 36 36 37 37 37 38 38 38 38 38 39 38 37 33 38 61 99 139 166 195 209 216 228 234 240 244 246 241 240 248 242 227 209 167 128 121 96 64 57 54 46 47 50 50 50 50 49 47 
247 247 248 248 248 249 249 249 249 249 249 250 251 252 248 230 203 164 121 81 63 53 47 47 43 42 43 42 42 43 44 44 44 44 44 44 43 40 40 40 39 40 41 52 75 105 117 129 138 155 170 178 185 181 182 193 194 164 132 102 72 68 60 52 53 53 50 47 49 49 50 51 51 51 
245 245 245 245 247 247 247 247 245 245 245 247 249 249 245 234 220 195 162 108 63 52 45 46 46 46 45 46 49 50 50 50 49 48 48 50 47 45 46 46 45 45 45 43 47 57 57 61 70 80 90 90 94 96 99 102 107 96 79 65 50 50 52 54 56 53 46 46 50 49 49 51 51 53 
245 245 245 245 245 244 243 241 240 237 236 234 231 217 219 201 182 167 146 108 79 70 57 58 56 53 51 49 47 49 51 51 51 52 52 51 51 50 50 51 52 54 55 57 58 59 55 60 62 61 65 64 64 65 64 63 63 61 58 54 51 50 51 52 51 51 50 52 58 56 54 56 58 60 
245 245 245 245 245 245 243 242 235 231 230 226 221 209 208 193 174 163 149 138 138 129 115 111 108 101 87 82 81 78 68 65 63 59 57 54 52 51 51 53 54 57 57 57 58 61 60 62 64 65 70 68 68 67 68 72 73 75 79 82 86 85 89 93 94 99 103 107 110 110 111 115 117 121 
247 247 247 247 247 245 245 244 248 248 248 245 244 242 238 234 229 223 219 216 213 212 213 209 201 184 167 162 153 138 110 90 76 66 61 57 56 53 51 51 51 51 50 52 53 52 53 52 52 53 53 53 53 52 58 74 87 103 124 142 156 156 170 178 180 188 194 196 200 203 206 207 207 210 
247 247 247 248 248 247 247 248 249 249 249 249 250 249 249 248 247 248 248 248 250 250 249 246 242 231 219 202 182 171 145 130 119 109 104 100 94 92 88 87 85 86 88 87 82 77 77 81 81 80 79 80 78 81 95 111 127 152 173 192 209 213 226 233 237 243 247 247 249 248 248 247 247 248 
248 248 248 249 249 249 249 249 249 249 249 249 249 248 248 248 247 245 245 247 247 249 249 246 242 240 235 224 213 208 202 199 199 199 196 191 181 180 178 175 173 174 180 174 165 153 157 167 162 164 165 164 163 167 180 191 199 212 221 230 238 241 244 248 250 249 249 249 247 247 247 247 247 247 
248 248 248 249 249 249 249 249 249 249 249 249 249 249 248 247 248 248 248 247 248 249 251 251 247 244 247 247 242 240 241 244 249 250 249 245 244 243 243 242 242 242 244 242 240 230 233 238 234 235 237 235 234 236 238 242 245 244 246 247 247 247 248 248 248 247 248 248 247 247 248 247 247 249 
