1 1 1 1 1 1 4 12 25 22 19 18 18 18 17 17 17 17 17 17 16 16 16 16 16 16 16 16 17 17 17 17 17 17 17 17 16 16 16 16 16 16 16 16 17 17 16 16 15 16 16 19 29 39 49 58 63 61 58 52 42 32 26 29 36 44 50 51 50 46 43 42 42 40 
1 1 1 1 1 1 3 14 28 22 20 18 17 18 17 17 17 17 17 17 16 16 16 16 16 16 16 16 17 17 17 17 17 17 17 17 16 16 16 16 16 16 16 16 17 17 16 16 15 16 16 19 28 38 47 57 61 60 57 51 42 31 27 27 34 44 50 52 51 47 44 43 42 40 
1 1 1 1 1 1 2 12 30 25 19 19 19 19 18 17 17 17 17 17 16 16 16 16 16 16 16 16 17 17 17 17 17 17 17 17 16 16 16 16 16 16 16 16 17 17 16 16 15 16 16 19 28 38 47 57 61 60 57 51 40 31 27 27 32 41 49 51 51 47 45 43 43 40 
1 1 1 1 1 1 2 11 29 28 16 16 18 18 17 17 17 17 17 17 17 17 17 17 17 17 17 17 17 17 17 17 17 17 17 17 16 16 16 16 16 16 16 16 17 17 16 16 15 16 16 19 28 38 47 57 61 60 57 51 40 30 27 27 32 40 46 50 50 49 45 44 43 40 
0 1 0 0 1 1 3 9 25 52 56 31 22 18 18 17 17 17 17 17 17 17 17 17 17 17 17 17 17 17 17 17 17 17 17 17 16 16 16 16 16 16 16 16 17 17 16 16 15 16 16 19 28 37 46 56 60 59 56 50 40 31 29 30 32 39 46 50 49 49 46 46 43 40 
0 0 0 0 1 3 4 6 34 108 154 96 30 15 18 17 17 17 17 17 17 17 17 17 17 17 17 17 17 17 17 17 17 17 17 17 16 16 16 16 16 16 16 16 17 17 16 16 15 16 16 19 28 37 46 56 60 59 56 50 40 31 27 29 32 38 45 49 50 47 45 45 43 40 
0 0 0 1 2 3 6 20 52 115 172 142 42 11 19 17 17 17 17 17 17 17 17 17 17 17 17 17 17 17 17 17 17 17 17 17 16 16 16 16 16 16 16 16 17 17 16 16 15 16 16 19 28 37 46 56 60 59 56 50 40 31 26 26 32 40 45 50 50 47 45 43 44 43 
0 0 1 2 1 1 16 56 77 68 96 112 39 12 19 17 17 17 17 17 17 17 17 17 17 17 17 17 17 17 17 17 17 17 17 17 16 16 16 16 16 16 16 16 17 17 16 16 15 16 16 19 28 37 46 56 60 59 56 50 40 31 28 29 33 43 47 52 52 50 49 46 46 46 
0 0 1 2 1 4 26 68 77 45 57 65 28 15 18 17 17 17 17 17 17 17 17 17 17 17 17 17 17 17 17 17 17 17 17 17 16 16 16 16 16 16 16 16 17 17 16 16 15 16 16 19 28 37 46 56 60 59 56 50 40 35 33 33 38 45 51 58 57 53 53 52 52 52 
0 0 2 4 10 16 25 40 44 44 55 39 19 18 17 17 17 17 17 17 17 17 17 17 17 17 17 17 17 17 17 17 17 17 17 17 16 16 16 16 16 16 16 16 17 17 16 16 15 16 16 21 28 37 46 56 59 58 56 50 43 40 39 42 46 52 58 65 64 61 61 60 60 60 
0 1 4 10 17 21 25 25 31 45 52 22 17 19 17 17 17 17 17 17 17 17 17 17 17 17 17 17 17 17 17 17 17 17 17 17 16 16 16 16 16 16 16 16 17 17 16 16 15 16 16 21 29 37 46 56 59 58 56 50 46 43 43 46 51 58 64 68 71 70 68 68 68 68 
1 2 5 11 18 21 25 29 33 49 52 30 19 16 18 18 18 18 17 17 17 17 17 17 17 17 18 18 17 17 16 16 16 16 17 17 16 16 16 16 15 15 15 15 16 15 15 15 14 14 17 22 29 38 46 54 58 58 55 50 46 46 45 49 52 59 65 71 78 78 79 79 79 79 
1 2 6 12 18 21 25 30 37 57 58 33 17 16 18 18 18 18 17 18 18 17 17 18 18 18 18 18 17 17 16 16 16 16 17 17 16 16 16 16 15 15 15 15 16 16 15 15 14 15 17 22 29 38 46 54 58 57 55 51 49 49 49 51 54 61 68 74 79 81 82 81 81 81 
1 3 7 15 18 22 25 26 38 67 64 26 15 17 17 17 18 18 18 19 18 17 17 18 18 18 18 18 17 17 16 16 16 16 17 17 16 16 16 16 15 15 15 15 16 16 16 16 14 15 17 23 30 38 47 54 58 58 54 50 50 51 50 51 54 59 67 73 77 75 78 78 78 78 
1 5 10 19 21 23 24 22 45 78 61 19 16 17 17 17 18 18 18 19 18 17 17 18 18 18 18 18 17 17 16 16 16 16 17 17 16 16 16 16 15 15 15 16 16 16 16 16 14 15 17 23 30 39 49 54 60 60 57 50 48 47 46 49 50 54 60 65 67 66 67 67 68 68 
2 3 14 22 22 23 22 24 61 84 51 17 17 17 18 18 18 18 18 19 18 17 17 18 18 18 18 18 18 18 17 17 16 16 17 17 16 16 16 16 16 16 16 16 16 16 17 15 15 16 18 23 30 39 49 54 60 61 57 50 45 42 42 44 45 49 53 56 57 57 59 59 58 58 
2 5 16 22 23 23 22 33 65 67 34 18 18 17 18 18 18 18 18 19 17 17 17 18 18 17 18 18 18 18 17 17 16 16 17 17 16 16 16 16 16 16 16 16 16 16 17 16 15 15 17 23 30 39 49 54 60 61 57 49 43 39 36 38 39 42 44 49 50 50 52 52 51 51 
3 8 17 21 24 30 32 40 50 40 22 18 18 17 17 17 16 17 18 18 17 17 17 17 17 17 18 18 17 17 17 17 16 16 17 17 16 16 16 16 16 16 16 16 16 16 16 15 15 15 17 22 30 38 47 54 60 60 56 47 42 35 32 31 32 35 37 42 43 44 44 44 44 44 
5 12 19 23 25 32 38 38 35 24 16 17 18 17 17 17 17 17 18 18 17 17 17 17 17 17 18 18 17 17 17 17 16 16 17 17 16 16 16 16 16 16 16 16 16 16 16 15 16 16 17 22 29 38 46 56 59 59 56 46 40 32 28 26 28 31 35 38 40 42 42 42 42 42 
9 16 22 22 32 38 34 31 24 18 15 16 17 17 17 17 16 17 18 18 16 16 17 17 17 17 17 17 16 16 16 16 15 15 15 15 16 16 16 16 16 16 16 16 16 15 15 16 17 17 18 23 29 37 47 56 58 58 54 47 39 32 26 23 25 30 33 37 39 39 42 44 43 43 
12 21 24 19 44 54 40 24 15 17 16 15 17 17 18 17 15 17 18 18 16 17 17 17 17 17 17 17 16 16 16 16 15 15 15 15 16 16 16 16 16 16 16 16 16 16 16 16 17 17 18 22 28 38 47 54 58 58 54 47 40 32 28 24 26 30 33 38 40 40 43 44 45 45 
16 23 25 21 49 64 55 33 17 15 15 15 16 16 18 16 16 18 18 18 16 17 17 17 17 17 17 17 16 16 16 16 15 15 15 15 16 16 16 16 16 16 17 17 17 17 17 17 17 17 19 22 26 38 47 56 58 57 56 49 40 31 28 24 24 29 33 38 43 42 43 44 45 45 
17 22 24 25 38 42 50 48 37 25 17 12 12 14 17 17 17 17 16 15 14 16 17 17 17 17 17 17 16 16 16 16 15 15 15 15 16 16 16 16 16 16 17 17 17 16 16 17 18 18 19 22 28 37 47 57 59 58 56 49 42 33 28 24 23 30 32 38 42 42 43 44 44 45 
18 21 24 28 25 15 22 42 60 68 54 30 12 12 20 19 17 18 17 16 17 17 18 18 18 18 18 18 16 16 15 15 15 15 15 15 16 16 16 16 15 15 16 16 16 16 16 17 19 19 18 23 30 39 49 58 61 59 54 49 42 35 28 23 24 30 35 39 43 42 43 44 46 46 
19 21 23 26 18 3 4 22 59 104 106 68 37 17 23 22 17 18 17 17 17 17 18 19 19 18 17 17 16 15 15 15 15 15 15 15 16 16 16 16 15 15 16 16 16 16 16 17 18 18 17 22 30 39 49 58 61 59 54 49 42 35 29 24 24 30 35 40 43 42 44 44 45 46 
18 19 21 23 15 3 3 9 36 82 101 93 86 49 26 18 12 13 19 20 22 18 18 19 20 18 17 17 16 15 15 15 15 15 15 15 16 16 16 16 15 15 16 16 16 16 16 17 17 17 17 20 29 38 47 56 60 59 54 50 43 35 30 25 24 31 35 39 43 43 45 45 44 44 
18 19 19 18 14 4 2 4 15 33 47 82 101 93 80 66 40 25 19 16 16 18 19 19 20 19 17 17 16 16 16 15 16 15 15 16 16 16 16 16 15 15 16 17 17 17 17 17 17 17 18 19 27 38 46 56 60 59 54 51 43 35 29 24 25 31 36 39 43 43 44 45 44 43 
18 18 17 16 15 9 2 1 3 2 3 17 56 81 93 96 88 83 70 30 21 18 18 19 22 19 18 17 16 17 17 17 15 16 15 15 16 16 16 16 16 16 16 16 16 16 17 17 17 17 16 18 26 37 46 53 59 59 56 50 43 35 29 24 25 31 36 40 43 43 44 45 43 43 
17 17 16 15 15 12 3 1 2 4 4 1 5 25 33 57 103 145 160 96 44 23 15 19 22 20 20 19 18 17 17 17 15 16 15 15 15 15 16 16 16 16 16 16 16 16 17 17 16 16 16 17 25 36 45 53 59 59 56 50 43 33 27 24 25 31 36 42 44 44 45 45 43 42 
17 16 15 15 15 14 5 1 3 2 2 2 2 5 3 9 52 109 138 132 102 61 28 21 22 22 23 22 20 18 17 17 16 17 16 14 15 15 16 16 16 16 16 16 16 16 17 17 15 15 16 17 24 35 44 52 58 59 56 50 43 35 27 24 26 31 38 43 44 45 45 44 43 43 
17 16 16 16 14 10 4 1 2 2 2 1 2 3 4 2 6 31 35 90 169 169 116 68 43 23 16 17 18 18 18 17 16 13 12 14 16 16 15 16 16 16 16 16 16 16 17 17 15 15 16 17 24 33 43 51 58 59 56 50 43 35 27 24 26 32 38 43 45 47 46 45 44 44 
18 16 16 16 13 10 5 2 2 2 2 1 2 3 5 4 4 10 8 46 158 231 227 188 145 98 58 30 19 16 18 19 19 18 16 16 16 16 16 16 16 16 16 16 16 16 17 17 15 15 16 17 24 33 43 51 58 59 56 50 43 35 27 24 26 32 38 43 47 50 47 47 46 45 
17 15 15 13 11 9 4 2 1 1 1 1 2 3 5 5 9 18 29 30 71 139 200 236 241 221 180 121 67 39 23 15 16 19 19 18 17 16 16 16 15 15 15 15 16 16 17 17 15 15 16 17 24 33 43 51 58 59 56 50 43 35 27 25 26 32 38 41 47 52 49 49 47 46 
15 15 14 11 9 5 2 2 1 1 1 1 1 1 3 8 16 17 18 16 16 31 76 138 190 225 236 223 181 131 83 46 23 15 18 21 18 16 15 15 15 15 15 16 16 16 17 17 15 16 16 17 24 33 43 51 58 59 56 50 44 35 27 25 28 32 38 43 47 52 50 50 50 47 
12 14 11 9 6 3 2 2 1 1 1 1 1 1 2 12 25 22 15 12 5 6 16 43 86 126 170 210 233 222 193 150 93 35 15 19 18 17 16 16 15 15 15 15 16 16 17 17 15 15 16 17 24 33 43 51 58 59 56 50 44 36 29 25 28 32 39 43 47 53 51 51 50 50 
14 12 11 8 3 2 1 1 1 1 1 1 1 1 2 10 24 28 17 10 9 9 7 10 18 34 64 102 149 179 197 202 173 104 50 30 21 18 17 17 17 16 17 16 17 17 17 17 15 15 16 17 24 33 43 51 57 59 56 50 44 36 29 25 28 33 38 43 49 53 53 52 51 51 
11 10 9 4 2 1 1 1 1 1 1 1 1 1 2 4 7 12 13 6 3 6 6 9 9 10 18 33 52 72 94 121 148 142 103 54 23 21 19 17 16 16 17 16 17 17 17 17 16 16 16 17 24 33 43 51 57 58 54 49 42 35 29 25 28 32 38 43 50 53 52 52 51 51 
8 5 4 2 1 1 1 1 1 1 1 1 1 1 2 2 2 4 3 2 2 2 1 2 4 9 14 26 30 35 37 43 61 93 111 85 33 23 23 17 15 16 16 16 16 16 17 17 15 15 16 17 24 33 43 51 57 58 54 49 40 33 27 25 26 32 38 44 51 54 53 52 52 51 
4 4 2 1 1 1 1 1 1 1 1 1 1 2 3 2 2 2 2 2 2 1 1 1 3 3 2 21 35 43 37 34 32 45 78 99 78 42 24 21 19 18 18 17 17 17 17 17 15 15 16 17 24 33 43 51 57 58 54 49 42 33 29 25 28 32 39 44 51 54 52 52 52 51 
2 2 2 1 1 1 1 1 1 1 1 1 2 2 3 3 3 3 2 2 2 2 2 3 3 4 3 14 29 47 46 46 43 32 44 85 106 66 30 21 17 17 16 16 16 17 17 17 15 15 16 17 24 33 43 51 57 58 54 49 43 36 30 25 28 33 39 44 48 51 49 49 49 49 
2 2 2 1 1 2 1 1 1 1 1 1 2 2 3 3 3 3 2 2 2 2 2 2 2 3 4 7 14 23 30 38 44 42 42 66 102 93 49 21 17 17 16 16 16 17 17 17 15 15 16 17 24 33 43 51 57 58 54 49 43 36 30 25 26 31 37 41 44 45 44 43 43 42 
2 2 1 1 1 1 1 1 1 1 1 1 2 2 2 2 2 2 2 2 1 1 1 1 1 2 2 3 3 3 7 17 25 37 46 53 78 96 67 26 19 18 16 15 17 17 17 17 15 16 16 18 25 33 43 51 57 58 54 49 43 36 30 26 25 29 32 37 38 36 37 37 36 36 
2 1 1 1 1 1 1 1 1 1 1 1 2 2 2 2 2 2 2 2 1 1 1 1 1 1 1 2 2 2 4 4 6 17 31 42 56 64 50 28 18 17 16 15 17 17 18 18 16 16 17 18 25 35 44 52 58 59 54 49 43 36 29 25 23 24 26 31 30 28 30 29 29 29 
1 1 1 1 1 1 1 1 1 1 1 1 1 1 2 2 2 2 1 1 1 1 1 1 1 1 1 1 2 2 2 4 4 1 11 35 50 46 45 42 26 18 17 16 16 17 17 17 15 16 17 18 26 36 44 52 58 58 54 49 42 35 26 24 22 23 26 30 27 26 26 25 24 24 
1 1 1 1 1 1 1 1 1 1 1 1 1 1 1 1 1 1 1 1 1 1 1 1 1 1 1 1 2 2 2 3 4 2 5 19 38 37 43 57 44 25 22 19 18 18 17 17 15 16 16 18 27 36 44 52 58 58 54 49 43 33 25 22 21 18 18 18 18 18 18 18 17 17 
1 1 1 1 1 1 1 1 1 1 1 1 1 1 1 1 1 1 1 1 1 1 1 1 1 1 1 2 2 2 3 3 2 2 2 8 26 39 46 72 77 42 18 19 20 19 18 18 16 16 17 18 27 36 44 52 58 58 54 49 43 33 25 22 19 17 17 17 17 16 16 16 16 16 
2 1 1 1 1 1 1 1 1 1 1 1 1 1 1 1 1 1 1 1 1 1 1 1 1 1 1 2 2 2 3 3 1 2 2 3 16 34 43 67 86 58 18 14 19 18 18 18 16 17 17 19 27 37 45 53 58 59 54 49 44 35 26 22 19 16 16 17 17 16 16 16 16 16 
1 1 1 1 1 1 1 1 1 1 1 1 1 1 1 1 1 1 1 1 1 1 1 1 1 1 1 2 2 2 2 2 1 1 1 1 4 23 43 54 60 47 23 15 18 17 17 17 15 16 17 19 29 37 45 53 58 59 54 49 44 35 28 22 18 16 16 17 17 16 16 16 16 16 
1 1 1 1 1 1 0 1 1 1 1 1 1 1 1 1 1 1 1 1 1 1 1 1 1 1 1 2 2 2 2 2 1 1 1 1 2 4 26 45 46 39 33 21 17 17 17 17 15 16 17 19 29 37 45 53 59 59 54 49 45 37 28 23 19 16 17 17 16 16 16 16 16 16 
1 1 1 1 0 0 0 0 0 0 1 1 1 1 1 1 1 1 1 1 1 1 1 1 1 1 1 1 2 2 2 2 2 1 1 1 1 1 5 33 50 40 36 26 16 15 17 17 15 16 17 19 28 37 46 54 59 59 56 50 46 37 29 23 19 16 17 17 16 16 16 15 15 15 
1 1 1 1 0 0 0 0 0 0 1 1 1 1 1 1 1 1 1 1 1 1 1 1 1 1 1 1 2 2 2 2 2 1 1 1 1 1 6 25 41 37 32 26 18 16 17 17 15 15 17 21 28 37 46 54 59 59 56 50 46 37 30 23 19 17 16 16 16 16 16 16 16 16 
1 1 1 1 1 1 0 0 0 0 1 1 1 1 1 1 1 1 1 1 1 1 1 1 1 1 1 1 1 1 2 2 1 1 1 1 1 2 4 8 26 34 36 31 25 12 12 17 15 15 17 22 28 37 46 54 59 60 57 50 46 37 31 25 19 17 16 16 16 16 16 16 16 16 
1 1 1 1 1 1 0 0 0 0 1 1 1 1 1 1 1 1 1 1 1 1 1 1 1 1 1 1 1 1 1 1 1 1 1 1 1 2 4 5 18 36 43 31 26 19 17 17 15 15 17 22 28 37 46 54 60 60 57 51 45 37 31 24 19 17 15 15 16 16 16 16 16 16 
1 1 1 1 1 1 1 1 1 1 1 1 1 1 1 1 1 1 1 1 1 1 1 1 1 1 1 1 1 1 1 1 1 1 1 1 1 1 3 3 10 25 40 36 28 23 20 16 15 16 17 22 28 37 46 54 60 60 58 52 46 37 31 24 18 16 16 15 16 16 16 16 16 16 
1 1 1 1 1 1 1 1 1 1 1 1 1 1 1 1 1 1 1 1 1 1 1 1 1 1 1 1 1 1 1 1 1 1 1 1 1 1 2 2 4 17 36 42 29 21 19 18 17 16 17 19 29 37 46 54 60 60 58 52 46 37 31 24 18 16 16 15 16 16 16 16 16 17 
1 1 1 1 1 1 1 1 1 1 1 1 1 1 1 1 1 1 1 1 1 1 1 1 1 1 1 1 1 1 1 1 1 1 1 1 1 1 1 1 2 7 28 43 39 19 13 18 18 16 18 19 28 37 46 54 61 61 58 52 46 37 31 24 18 16 16 15 16 16 16 16 16 17 
1 1 1 1 1 1 1 1 1 1 1 1 1 1 1 1 1 1 1 1 1 1 1 1 1 1 1 1 1 1 1 1 1 1 1 1 1 1 1 1 2 3 23 42 46 32 19 18 17 16 18 23 29 37 46 54 61 61 58 52 46 37 31 24 18 16 16 15 16 16 16 16 16 17 
1 1 1 1 1 1 1 1 1 1 1 1 1 1 1 1 1 1 1 1 1 1 1 1 1 1 1 1 1 1 1 1 1 1 1 1 1 1 1 1 2 2 15 36 41 34 24 17 18 17 18 24 29 37 46 54 61 61 58 52 46 37 30 23 19 17 16 15 16 16 16 16 16 17 
1 1 1 1 1 1 1 1 1 1 1 1 1 2 2 2 2 2 1 1 1 1 1 1 1 1 1 1 1 1 1 1 1 1 1 1 1 1 1 1 2 2 14 33 38 37 23 17 18 18 19 24 29 37 46 54 61 61 58 52 47 37 30 23 19 17 16 15 16 16 16 16 17 17 
1 1 1 1 1 1 1 1 1 1 1 1 1 1 1 1 1 1 1 1 1 1 1 1 1 1 1 1 1 1 1 1 0 0 1 0 0 1 1 1 1 2 12 26 37 37 23 16 19 18 19 23 30 37 46 56 60 61 58 53 47 38 30 24 20 18 16 15 16 16 16 16 17 17 
1 1 1 1 1 1 1 1 1 1 1 1 1 1 1 1 1 2 1 1 1 1 1 1 1 1 1 1 1 1 1 1 0 0 1 1 0 1 1 1 1 2 11 26 33 34 23 17 18 18 18 24 30 37 46 56 60 60 57 53 47 38 30 24 20 18 15 15 15 16 16 16 16 17 
1 1 1 1 1 1 1 1 1 1 1 1 1 1 2 2 2 3 2 2 1 1 1 1 1 1 1 1 1 1 1 1 0 0 1 1 1 1 1 1 1 2 11 27 30 29 23 18 18 18 18 23 30 38 46 56 60 60 57 53 47 39 31 25 19 17 15 15 15 16 16 16 16 17 
1 1 1 1 1 1 1 1 1 1 1 1 1 2 3 2 4 2 3 3 2 2 1 2 2 1 1 1 1 1 1 1 0 0 1 1 1 1 1 1 2 2 11 27 31 26 22 18 18 18 18 21 29 38 46 56 60 60 57 53 47 39 31 25 19 17 15 15 15 16 16 16 16 17 
1 1 1 1 1 1 1 1 1 1 1 1 2 2 3 3 3 4 3 2 3 3 1 3 3 1 1 1 0 0 1 1 1 1 1 1 1 1 1 1 3 3 10 25 31 26 21 18 18 18 18 19 30 39 46 56 60 60 57 53 47 39 31 25 19 17 15 15 15 16 16 16 16 17 
1 1 1 1 1 1 1 1 1 1 1 1 2 3 5 3 3 8 8 7 5 3 1 2 2 1 1 1 0 0 1 1 1 1 1 1 1 1 2 2 3 3 12 28 34 27 21 18 18 18 18 19 30 39 46 56 60 60 57 53 49 39 31 26 19 16 15 15 15 16 16 16 16 17 
1 1 1 1 1 1 1 1 1 1 2 2 2 3 5 3 11 21 20 10 10 3 1 1 2 1 1 1 0 0 1 1 1 1 1 1 1 1 2 2 3 4 15 30 37 32 28 23 19 19 18 19 29 38 46 56 60 60 57 53 47 38 31 26 18 15 15 15 15 15 16 16 16 17 
1 1 1 1 1 1 1 1 1 1 2 2 2 2 4 7 22 36 30 15 14 2 7 12 10 3 1 1 1 0 1 1 1 1 1 1 1 1 2 3 3 4 18 31 36 36 28 24 19 19 18 19 29 38 46 56 60 60 57 53 47 39 31 24 18 16 15 15 14 15 16 16 16 17 
1 1 1 1 1 1 1 1 1 1 1 2 2 2 4 9 26 43 38 18 18 13 27 39 31 13 3 1 1 1 1 1 1 1 1 1 1 1 3 4 3 4 18 32 30 31 28 24 21 18 18 19 30 39 46 56 60 60 57 52 47 38 31 23 18 16 15 15 14 15 15 15 16 16 
1 1 1 1 1 1 1 1 1 1 2 2 2 3 5 12 30 46 43 22 23 31 47 51 39 17 3 1 1 1 1 1 1 1 1 1 1 1 1 2 2 4 18 39 35 30 25 22 22 18 18 20 30 39 46 56 60 60 57 52 45 37 30 23 18 16 14 14 15 15 15 16 16 17 
1 1 1 1 1 1 1 1 1 1 2 2 3 3 5 11 26 43 38 25 27 40 46 40 25 9 3 2 1 1 1 1 1 1 1 1 1 1 1 2 2 3 19 30 42 36 28 24 22 21 19 19 30 39 46 56 60 60 57 52 45 38 30 24 22 17 16 15 15 16 16 18 18 17 
1 1 1 1 1 1 1 1 1 1 2 3 3 4 7 11 24 30 27 26 25 32 30 25 15 5 3 2 1 1 1 1 1 1 1 1 1 1 1 1 1 3 18 30 39 40 37 30 25 22 23 22 30 39 46 56 60 60 57 51 46 39 30 24 23 21 17 17 17 17 18 21 21 19 
1 1 1 1 1 1 1 1 1 1 2 3 4 5 9 15 23 25 24 24 24 22 16 10 7 3 2 2 1 1 1 1 1 1 1 0 0 1 1 1 1 2 18 36 30 38 40 37 30 24 25 25 30 38 46 56 60 60 57 52 44 37 31 24 22 18 19 20 19 22 24 26 29 30 
1 1 1 1 1 1 1 1 1 1 2 2 4 7 13 19 26 29 24 23 20 18 10 4 3 3 2 2 1 1 1 1 1 1 0 0 0 1 1 1 1 1 16 33 36 40 49 50 43 26 24 28 29 37 46 54 60 60 56 51 40 32 32 29 26 29 32 34 38 44 46 49 53 58 
1 1 1 1 1 1 1 1 1 1 1 2 4 7 16 23 26 26 24 22 19 10 5 4 2 2 1 1 1 1 1 1 1 1 0 0 0 1 1 1 1 2 11 25 40 44 46 59 66 50 36 30 26 31 39 49 60 59 57 52 50 46 43 43 46 52 54 57 63 66 68 72 74 78 
1 1 1 1 1 1 1 1 1 1 2 2 4 7 15 20 17 17 17 18 15 3 1 1 1 2 1 1 1 1 1 1 1 1 1 0 0 1 1 1 1 1 9 22 34 32 31 43 59 58 52 44 37 40 45 53 60 62 61 59 59 61 63 65 71 77 78 81 84 87 90 93 95 97 
1 1 1 1 1 1 1 1 1 1 2 2 3 7 14 22 22 16 14 15 12 4 2 1 1 3 1 1 1 1 1 1 1 1 0 0 0 0 1 1 1 1 9 24 25 25 23 11 8 8 23 46 49 47 58 65 70 74 75 80 80 84 87 90 94 96 97 101 101 102 104 106 107 108 
1 1 1 1 1 1 1 1 1 1 1 1 3 7 23 30 26 23 29 28 22 19 17 12 8 3 2 1 1 1 1 1 1 1 0 0 0 0 1 1 1 1 10 26 24 26 24 11 3 2 13 39 67 67 78 87 90 94 96 101 99 100 102 104 107 108 108 108 108 108 108 108 108 108 
1 1 1 1 1 1 1 1 1 1 1 1 3 10 23 30 28 26 31 31 31 32 31 26 12 4 2 2 1 1 1 1 1 1 0 0 0 1 1 1 1 1 10 30 24 28 29 16 8 4 10 29 61 80 92 101 103 103 107 109 107 107 108 109 109 107 106 104 104 104 103 101 102 101 
1 1 1 1 1 1 1 1 1 1 1 1 3 7 12 17 16 17 17 19 22 23 25 25 17 3 2 2 1 1 1 1 1 1 0 0 0 1 1 1 1 1 10 32 25 29 33 26 22 18 18 25 44 74 92 104 104 105 108 108 104 104 103 102 102 100 97 95 93 92 90 88 88 87 
1 1 1 1 2 2 1 1 1 1 1 1 2 2 3 3 3 4 4 7 9 11 14 14 10 2 1 1 1 1 1 1 1 1 0 0 0 1 1 1 1 1 10 30 26 30 40 37 33 31 29 29 29 59 89 102 102 101 100 99 97 94 92 89 87 87 84 80 77 74 72 70 71 69 
1 1 1 1 2 2 1 1 1 1 1 1 2 1 2 1 1 1 1 1 2 2 4 4 4 2 1 1 1 1 1 1 1 1 0 0 0 1 1 1 1 1 12 30 24 30 38 36 33 32 32 33 28 47 74 88 92 92 86 82 81 78 74 72 71 68 66 63 61 59 57 54 54 53 
1 1 1 1 2 2 2 2 2 2 1 1 2 2 3 2 2 1 1 1 1 2 1 1 1 1 1 1 1 1 1 1 1 1 0 0 0 1 1 1 1 1 9 26 28 29 29 26 29 30 31 33 34 44 54 68 78 76 70 67 66 64 61 57 54 52 50 49 48 46 43 39 39 38 
1 1 1 1 2 2 2 2 2 2 1 1 1 2 3 3 2 2 1 1 1 1 1 1 1 1 1 1 2 1 1 1 1 1 0 0 0 1 1 1 1 1 4 10 12 33 36 43 42 32 31 36 34 33 35 49 58 57 53 51 50 50 49 45 40 38 37 36 37 34 33 31 31 30 
1 1 1 1 2 2 2 2 2 2 2 2 1 1 1 1 1 1 1 1 1 1 1 1 1 1 1 1 2 1 1 1 1 1 1 1 1 0 1 1 1 1 3 4 7 16 19 36 43 32 29 26 26 29 29 26 26 33 42 39 37 36 35 35 32 31 31 29 29 29 29 29 29 29 
1 1 1 1 2 2 2 2 2 2 2 2 1 1 1 1 1 1 1 1 1 1 1 1 1 1 1 1 2 1 1 1 1 1 1 1 1 1 1 1 1 1 3 2 3 6 4 21 35 29 23 23 25 30 29 24 21 23 31 31 30 30 29 29 29 29 29 26 25 25 26 26 26 26 
1 1 1 1 2 2 2 2 2 2 2 2 1 1 1 1 1 1 1 1 1 1 1 1 1 1 1 1 1 1 1 1 1 1 1 1 1 1 1 1 1 2 2 1 3 1 1 8 21 19 23 23 24 29 30 29 24 25 25 26 26 25 24 24 25 25 26 24 23 22 21 22 22 22 
1 1 1 1 2 2 2 2 2 2 2 2 1 1 1 1 1 1 1 1 1 1 1 1 1 1 1 1 1 1 1 1 1 1 1 1 1 1 1 1 1 1 1 1 2 1 1 5 8 8 26 25 24 26 29 29 25 25 23 23 23 22 22 21 22 23 23 22 19 19 18 18 19 19 
1 2 2 2 2 2 2 2 2 2 2 2 1 1 1 1 1 1 1 1 1 1 1 1 1 1 1 1 1 1 1 1 1 1 1 1 1 1 1 1 1 1 1 1 2 3 4 6 5 4 29 36 24 24 31 30 23 22 21 21 21 19 19 19 22 22 20 20 19 19 18 19 19 19 
1 2 2 2 2 2 2 2 2 2 2 2 1 1 1 1 1 1 1 1 1 1 1 1 1 1 1 1 1 1 1 1 1 1 1 1 1 1 1 1 1 1 1 1 2 4 15 17 10 8 26 37 30 31 31 28 22 21 21 21 21 21 21 22 24 24 23 23 20 20 19 19 21 21 
1 2 2 2 2 2 2 2 2 2 2 2 2 2 2 2 2 2 1 1 1 1 1 1 1 1 1 1 1 1 1 1 1 1 1 1 1 1 1 1 1 1 1 1 2 4 20 26 21 12 24 36 32 45 47 37 28 26 25 25 25 24 26 28 28 29 26 25 26 26 26 26 28 29 
1 2 2 2 2 2 2 2 2 2 2 2 2 2 2 2 2 2 1 1 1 1 1 1 1 1 1 1 1 1 1 1 1 1 1 1 1 1 1 1 1 1 1 1 1 6 31 33 26 23 21 24 36 58 79 64 49 44 42 40 40 38 37 38 39 40 39 39 39 39 40 40 40 44 
1 1 1 1 1 1 1 1 1 1 1 1 2 2 1 1 1 1 1 1 1 1 1 1 1 1 1 1 1 1 0 0 0 0 0 1 1 1 1 1 1 1 1 1 2 3 12 26 26 23 23 28 26 39 68 71 65 65 67 67 68 67 65 64 64 65 66 65 65 65 65 65 65 65 
1 1 1 1 1 1 1 1 1 1 1 1 2 2 1 1 1 1 1 1 1 1 1 1 1 1 1 1 1 1 0 0 0 0 0 1 1 1 1 1 1 1 1 1 3 1 8 21 24 24 31 31 30 31 43 56 77 96 96 95 95 95 94 90 90 91 93 94 93 95 94 95 95 94 
1 1 1 1 1 1 1 1 1 1 1 1 1 1 1 1 1 1 1 1 1 1 1 1 1 1 1 1 1 1 0 0 0 0 0 1 1 1 1 1 1 1 1 1 2 1 11 18 18 18 26 37 32 32 28 40 77 111 110 107 107 108 109 105 103 107 109 110 112 111 110 112 113 113 
1 1 1 1 1 1 1 1 1 1 1 1 1 1 1 1 1 1 1 1 1 1 1 1 1 1 1 1 1 1 0 0 0 1 1 1 1 1 1 1 1 1 1 1 2 2 10 18 20 18 14 31 35 31 25 35 70 109 110 110 110 111 114 114 113 114 115 115 117 117 118 119 120 120 
1 1 1 1 1 1 1 1 1 1 1 1 1 1 1 1 1 1 1 1 1 1 1 1 1 1 1 1 1 1 0 0 0 1 1 1 1 1 1 1 1 1 1 1 2 1 3 14 30 29 19 26 35 31 25 28 52 92 109 110 111 114 114 115 113 113 114 115 116 117 118 118 118 118 
1 1 1 1 1 1 1 1 1 1 1 1 1 1 1 1 1 1 1 1 1 1 1 1 1 1 1 1 1 1 0 0 0 1 1 1 1 1 1 1 1 1 1 1 2 2 2 9 23 32 31 19 33 30 29 36 52 79 100 101 104 108 108 107 104 103 106 107 109 111 113 111 110 111 
1 1 1 1 1 1 1 1 1 1 1 1 1 1 1 1 1 1 1 1 1 1 1 1 1 1 1 1 1 1 1 1 1 1 1 1 1 1 1 1 1 1 1 1 1 1 2 4 15 28 36 19 24 31 31 40 57 72 82 86 87 88 92 90 91 94 92 90 92 95 96 97 97 99 
1 1 1 1 1 1 1 1 1 1 1 1 1 1 1 1 1 1 1 1 1 1 1 1 1 1 1 1 1 1 1 1 1 2 1 1 1 1 1 1 1 1 1 1 1 1 2 2 9 23 37 19 17 29 36 38 50 58 61 65 65 66 67 70 74 76 75 71 65 71 74 80 81 81 
1 1 1 1 1 1 1 1 1 1 1 1 1 1 1 1 1 1 1 1 1 1 1 1 1 1 1 1 1 1 1 1 1 2 1 1 1 1 1 1 1 1 1 1 1 1 1 1 3 15 30 19 14 21 26 36 40 42 44 45 47 47 48 48 49 51 53 53 51 50 53 57 58 61 
1 1 1 1 1 1 1 1 1 1 1 1 1 1 1 1 1 1 1 1 1 1 1 1 1 1 1 1 1 2 3 2 1 1 1 1 1 1 1 1 1 1 1 1 1 1 1 1 2 3 14 14 14 15 17 33 33 29 30 30 32 32 33 33 31 33 33 37 36 38 36 37 38 40 
1 1 1 1 1 1 1 1 1 1 1 1 1 1 1 1 1 1 1 1 1 1 1 1 1 1 1 1 1 3 4 2 2 1 1 1 2 2 2 2 1 1 1 1 1 1 1 1 2 1 4 8 10 10 13 32 31 26 26 28 26 25 24 28 28 28 25 26 24 29 29 30 30 30 
1 1 1 1 1 1 1 1 1 1 1 1 1 1 1 1 1 1 1 1 1 1 1 1 1 1 1 1 2 2 2 2 1 1 8 15 11 2 1 1 1 1 1 1 1 1 1 1 1 2 3 4 5 5 11 27 31 31 31 31 30 30 29 29 30 30 29 29 28 28 30 31 30 30 
1 1 1 1 1 1 1 1 1 1 1 1 1 1 1 1 1 1 1 1 1 1 1 1 1 1 2 2 2 14 25 17 8 16 42 52 47 8 1 1 2 2 2 2 1 1 1 1 1 1 3 3 3 1 11 24 30 33 33 33 32 32 32 31 31 31 32 32 32 32 32 32 32 32 
1 1 1 1 1 1 1 1 1 1 1 1 1 1 1 1 1 1 1 1 1 1 1 1 1 1 2 2 1 25 63 60 39 44 72 82 70 23 1 1 2 2 2 2 1 1 1 1 1 1 2 3 3 2 11 24 30 33 33 33 33 32 32 32 32 32 32 32 32 32 33 33 32 33 
1 1 1 1 1 1 1 1 1 1 1 1 1 1 1 1 1 1 1 1 1 1 1 1 1 1 1 2 2 26 77 97 86 78 94 92 71 31 2 3 2 1 1 1 1 1 1 1 1 1 1 1 2 2 10 24 30 32 33 33 32 32 32 32 32 33 33 33 33 33 33 33 33 35 
1 1 1 1 1 1 1 1 1 1 1 1 1 1 1 1 1 1 1 1 1 1 1 1 1 1 1 2 3 29 80 111 111 103 104 89 96 58 28 4 2 2 1 1 1 1 1 1 1 1 1 1 1 2 6 20 27 32 32 33 33 32 32 33 33 35 35 35 35 33 33 35 36 36 
1 1 1 1 1 1 1 1 1 1 1 1 1 1 1 1 1 1 1 1 1 1 1 1 1 1 1 1 3 28 73 98 101 89 102 97 75 42 10 6 3 2 1 1 1 1 1 1 1 1 1 1 1 2 3 15 25 28 32 32 32 32 33 33 33 35 35 35 35 35 35 35 36 36 
1 1 1 1 1 1 1 1 1 1 1 1 1 1 1 1 1 1 1 1 1 1 1 1 1 1 1 1 3 24 69 101 110 103 106 93 70 33 6 6 3 2 1 1 1 1 1 2 3 4 3 2 3 5 5 12 24 30 32 33 33 33 33 35 35 38 38 39 38 38 38 37 37 37 
1 1 1 1 1 1 1 1 1 1 1 1 1 1 1 1 1 1 1 1 1 1 1 1 1 1 1 1 3 21 58 96 109 102 95 82 65 29 6 5 3 3 2 2 1 1 3 4 8 10 8 6 10 11 14 23 39 38 35 35 36 36 35 37 38 41 41 43 40 40 39 39 39 39 
1 1 1 1 1 1 1 1 1 1 1 1 1 1 1 1 1 1 1 1 1 1 1 1 1 1 1 2 3 16 49 94 110 100 88 79 65 36 11 6 4 3 2 2 1 2 3 6 11 13 13 13 17 18 22 38 55 47 33 35 36 36 36 38 39 41 41 41 39 39 39 37 38 38 
1 1 1 1 1 1 1 1 1 1 1 1 1 1 1 1 1 1 1 1 1 1 1 1 1 1 1 1 4 10 39 88 104 94 84 72 60 43 19 12 9 4 2 2 2 3 4 8 11 14 16 18 20 22 23 40 64 59 35 36 37 37 37 39 39 42 41 41 39 39 38 37 39 39 
1 1 1 1 1 1 1 1 1 1 1 1 1 1 1 1 1 1 1 1 1 1 1 1 1 1 1 1 3 5 31 81 97 88 80 61 50 40 24 16 11 4 2 2 3 4 5 8 11 14 17 20 25 25 26 44 69 65 38 36 37 37 36 38 38 40 41 41 40 39 38 38 38 39 
1 1 1 1 1 1 1 1 1 1 1 1 1 1 1 1 1 1 1 1 1 1 1 1 1 1 1 1 3 3 25 74 94 87 77 56 49 39 24 17 11 5 4 4 4 5 7 9 11 14 16 18 23 24 24 40 65 64 40 36 35 33 32 33 36 39 39 39 39 39 39 38 39 38 
1 1 1 1 1 1 1 1 1 1 1 1 1 1 1 1 1 1 1 1 1 1 1 1 1 1 1 1 2 3 19 61 86 86 74 53 44 35 23 17 12 6 5 5 4 5 8 10 12 15 16 18 22 24 18 33 59 58 40 36 33 32 30 31 33 38 38 38 39 38 38 38 39 39 
1 1 1 1 1 1 1 1 1 1 1 1 1 1 1 1 1 1 1 1 1 1 1 1 1 1 2 2 3 3 14 60 94 85 71 47 39 32 22 18 15 8 6 6 4 7 8 10 13 16 17 17 19 23 21 26 52 60 44 33 28 30 28 28 33 37 35 42 38 38 39 39 37 36 
1 1 1 1 1 1 1 1 1 1 1 1 1 1 1 1 1 1 1 1 1 1 1 1 1 1 1 1 3 2 8 49 85 80 63 42 38 35 26 23 18 9 8 7 7 8 9 11 15 16 17 17 21 24 19 18 52 67 50 32 37 35 33 36 36 35 30 36 35 36 37 37 35 33 
1 1 1 1 1 1 1 1 1 1 1 1 1 1 1 1 1 1 1 1 1 1 1 1 1 1 1 1 1 1 4 34 71 71 58 37 37 37 31 28 22 11 10 8 7 8 11 12 15 17 17 17 22 26 16 15 54 80 60 36 49 43 43 43 38 33 30 31 33 33 33 35 33 35 
1 1 1 1 1 1 1 1 1 1 1 1 1 1 1 1 1 1 1 1 1 1 1 1 1 1 1 1 1 1 3 25 57 64 52 33 36 35 32 31 22 15 11 8 7 8 11 13 16 17 18 18 20 23 17 17 57 89 71 40 51 43 43 40 36 35 29 32 32 33 33 35 35 38 
1 1 1 1 1 1 1 1 1 1 1 1 1 1 1 1 1 1 1 1 1 1 1 1 1 1 1 1 1 1 3 25 54 54 44 31 37 35 33 32 24 16 9 7 5 8 11 12 15 17 17 18 19 19 18 21 60 95 82 46 46 39 36 36 35 32 29 31 33 34 35 36 37 40 
1 1 1 1 1 1 1 1 1 1 1 1 1 1 1 1 1 1 1 1 1 1 1 1 1 1 1 1 0 0 3 25 46 49 39 30 36 36 35 33 26 17 9 7 5 9 12 12 15 17 16 18 19 21 21 23 57 101 92 47 37 33 31 30 31 31 26 31 34 37 37 39 42 44 
1 1 1 1 1 1 1 1 1 1 1 1 1 1 1 1 1 1 1 1 1 1 1 1 1 1 1 1 1 0 3 25 46 46 35 26 36 36 36 35 29 19 13 10 7 9 10 11 15 16 15 18 19 21 22 22 52 99 89 48 30 32 30 28 30 31 26 31 35 37 39 42 45 47 
1 1 1 1 1 1 1 1 1 1 1 1 1 1 1 1 1 1 1 1 1 1 1 1 1 1 1 1 1 0 3 23 43 39 33 28 37 36 37 37 31 25 16 11 9 10 10 11 15 16 15 18 21 22 22 20 45 90 87 51 29 31 30 28 30 30 28 31 37 43 46 47 52 52 
1 1 1 1 1 1 1 1 1 1 1 1 1 1 1 1 1 1 1 1 1 1 1 1 1 1 1 1 1 1 3 10 13 29 31 30 36 36 36 36 34 29 18 12 10 10 10 11 15 16 16 20 22 22 23 20 35 75 72 50 29 31 30 28 30 31 28 29 40 49 50 54 57 57 
1 1 1 1 1 1 1 1 1 1 1 1 1 1 1 1 1 1 1 1 1 1 1 1 1 1 1 1 1 1 3 7 10 23 30 32 36 35 36 36 34 30 23 15 11 10 9 11 13 16 15 20 20 22 23 19 31 72 73 49 28 29 30 28 31 30 28 28 50 56 56 64 67 68 
1 1 1 1 1 1 1 1 1 1 1 1 1 1 1 1 1 1 1 1 1 1 1 1 1 1 1 1 1 2 3 5 9 19 30 34 35 35 35 36 35 30 25 16 11 8 9 11 13 16 15 22 19 21 22 17 31 73 80 53 28 28 30 29 33 31 29 32 49 56 60 71 74 75 
1 1 1 1 1 1 1 1 1 1 1 1 1 1 1 1 1 1 1 1 1 1 1 1 1 1 1 1 1 2 3 4 6 15 27 33 33 33 35 35 32 30 25 17 12 5 8 11 15 15 15 22 19 19 22 17 31 73 89 61 29 29 29 30 33 31 31 35 46 57 65 75 78 77 
1 1 1 1 1 1 1 1 1 1 1 1 1 1 1 1 1 1 1 1 1 1 1 1 1 1 1 1 1 1 3 5 4 10 25 33 33 35 35 35 32 31 28 19 12 5 3 9 15 15 15 22 19 19 22 17 30 73 100 71 30 29 29 30 31 30 31 36 47 58 68 77 79 78 
1 1 1 1 1 1 1 1 1 1 1 1 1 1 1 1 1 1 1 1 1 1 1 1 1 1 1 1 1 1 3 5 3 7 22 32 33 35 36 36 33 35 32 21 15 5 2 7 13 13 16 22 19 19 22 17 30 73 102 72 30 28 28 29 32 30 33 38 50 60 71 77 79 78 
1 1 1 1 1 1 1 1 1 1 1 1 1 1 1 1 1 1 1 1 1 1 1 1 1 1 1 1 1 2 3 4 2 4 18 31 33 36 37 38 35 39 39 22 15 5 1 3 11 13 15 19 19 19 21 17 30 72 107 70 29 28 29 29 32 32 37 44 54 63 73 79 79 77 
1 1 1 1 1 1 1 1 1 1 1 1 1 1 1 1 1 1 1 1 1 1 1 1 1 1 1 1 2 2 3 4 2 4 17 31 32 37 39 39 37 39 44 28 18 8 1 1 10 15 16 19 18 18 21 17 30 71 99 64 29 29 29 29 31 35 39 46 57 67 75 79 78 77 
1 1 1 1 1 1 1 1 1 1 1 1 1 1 1 1 1 1 1 1 1 1 1 1 1 1 1 1 2 2 2 3 2 4 15 30 31 38 40 40 39 42 45 36 37 14 2 1 9 14 16 19 16 18 21 17 29 67 80 63 30 30 30 29 31 35 42 47 63 73 73 75 78 78 
1 1 1 1 1 1 1 1 1 1 1 1 1 1 1 1 1 1 1 1 1 1 1 1 1 1 1 1 1 1 2 4 2 3 13 29 30 37 39 40 39 42 45 43 42 19 3 3 8 12 15 18 16 18 21 17 30 68 87 65 32 32 32 31 33 37 43 49 64 70 68 70 72 72 
1 1 1 1 1 1 1 1 1 1 1 1 1 1 1 1 1 1 1 1 1 1 1 1 1 1 1 1 1 1 1 4 3 3 12 27 29 37 38 39 39 42 44 44 43 22 7 4 8 11 15 18 15 17 22 18 30 70 95 73 36 36 35 33 36 40 46 51 59 61 63 63 64 63 
1 1 1 1 1 1 1 1 1 1 1 1 1 1 1 1 1 1 1 1 1 1 1 1 1 1 1 1 1 1 2 4 3 2 10 25 28 36 39 38 38 39 43 42 39 24 10 5 9 10 15 18 17 18 22 18 30 70 97 75 39 38 39 37 37 44 49 51 53 57 59 59 60 59 
1 1 1 1 1 1 1 1 1 1 1 1 1 1 1 1 1 1 1 1 1 1 1 1 1 1 1 1 3 3 4 4 2 2 11 27 30 36 38 39 40 41 40 40 37 26 11 5 8 9 13 19 19 21 22 18 31 72 100 86 49 47 52 53 49 52 56 57 58 59 60 61 63 64 
1 1 1 1 1 1 1 1 1 1 1 1 1 1 1 1 1 1 1 1 1 1 1 1 1 1 1 1 3 3 3 4 2 3 18 36 36 39 42 43 44 46 45 44 44 31 15 8 7 9 12 20 21 22 22 18 30 73 108 94 61 59 65 68 67 70 70 70 70 68 70 70 72 75 
1 1 1 1 1 1 1 1 1 1 1 1 1 1 1 1 1 1 1 1 1 1 1 1 1 1 1 1 2 2 2 1 4 9 26 47 49 54 57 57 58 59 60 57 58 40 20 10 7 9 10 18 19 21 21 18 30 74 117 101 78 79 80 82 84 87 87 85 84 85 86 87 87 90 
1 1 1 1 1 1 1 1 1 1 1 1 1 1 1 1 1 1 1 1 1 1 1 1 1 1 1 1 3 2 1 1 4 12 29 51 56 74 74 75 75 77 78 74 72 52 26 11 5 9 9 16 19 21 21 18 31 75 130 118 94 95 95 95 94 96 97 95 95 96 97 99 99 99 
1 1 1 1 1 1 1 1 1 1 1 1 1 1 1 1 1 1 1 1 1 1 1 1 1 1 2 2 2 2 2 1 7 34 70 93 94 90 92 92 94 94 93 93 90 75 38 14 8 9 9 15 18 18 21 18 31 73 115 120 115 107 104 104 103 103 103 103 102 101 100 101 102 101 
1 1 1 1 1 1 1 1 1 1 1 1 1 1 1 1 1 1 1 1 1 1 1 1 1 1 2 2 3 3 2 7 33 57 79 99 104 103 100 100 103 103 103 104 101 94 52 23 8 8 9 12 18 18 19 18 30 68 107 122 114 109 105 105 104 104 104 104 102 102 102 101 100 100 
1 1 1 1 1 1 1 1 1 1 1 1 1 1 1 1 1 1 1 1 1 1 1 1 1 1 1 1 3 7 21 45 71 86 97 108 104 106 107 104 103 103 103 104 103 97 60 29 8 6 10 10 17 18 19 19 29 65 107 122 110 107 104 102 102 102 101 101 101 102 102 102 102 102 
1 1 1 1 1 1 1 1 1 1 1 1 1 1 1 1 1 1 1 1 1 1 1 1 1 1 1 1 3 16 46 82 98 103 109 110 106 106 107 105 104 106 106 107 106 100 66 31 8 6 11 10 16 18 19 19 29 64 103 117 106 102 101 101 102 101 101 101 100 100 101 101 101 101 
1 1 1 1 1 1 1 1 1 1 1 1 1 1 1 1 1 1 1 1 1 1 1 1 1 1 1 1 3 26 68 102 104 102 104 107 108 107 106 104 105 104 103 104 104 104 74 32 10 7 11 10 17 19 19 19 26 60 100 110 103 98 99 100 100 99 99 99 99 97 98 98 97 97 
1 1 1 1 1 1 1 1 1 1 1 1 1 1 1 1 1 1 1 1 1 1 1 1 1 1 2 2 4 32 73 99 101 101 102 104 105 104 103 103 104 102 101 101 102 103 81 33 10 6 10 11 17 21 22 18 24 59 99 103 104 98 96 97 97 97 97 96 96 95 96 95 94 95 
1 1 1 1 1 1 1 1 1 1 1 1 1 1 1 1 1 1 1 1 1 1 1 1 1 1 2 2 4 29 66 95 97 96 101 102 102 101 101 101 101 99 99 99 99 101 85 37 12 9 10 11 17 21 23 19 23 56 95 101 100 95 95 96 96 95 96 95 94 94 93 93 93 93 
1 1 1 1 1 1 1 1 1 1 1 1 1 1 1 1 1 1 1 1 1 1 1 1 1 1 1 1 3 28 66 94 97 97 101 101 101 101 101 101 100 97 97 97 97 100 86 37 15 9 9 11 17 21 24 21 22 52 93 99 97 94 93 95 95 93 95 94 93 93 93 93 94 94 
1 1 1 1 1 1 1 1 1 1 1 1 1 1 1 1 1 1 1 1 1 1 1 1 1 1 1 1 5 11 46 88 109 108 101 100 101 100 100 100 97 97 96 96 96 96 96 60 18 10 8 9 17 22 24 22 23 43 81 102 93 92 93 95 94 93 93 93 92 93 93 93 94 94 
1 1 1 1 1 1 1 1 1 1 1 1 1 1 1 1 1 1 1 1 1 1 1 1 1 1 1 1 4 10 41 83 102 100 99 99 100 98 98 98 96 96 96 96 95 95 95 71 23 10 9 9 17 21 23 22 22 39 72 101 94 93 94 95 94 93 93 93 93 92 93 93 93 92 
1 1 1 1 1 1 1 1 1 1 1 1 1 1 1 1 1 1 1 1 1 1 1 1 1 1 1 1 3 6 35 78 99 95 94 97 97 96 96 96 95 95 95 95 97 96 94 66 24 11 10 9 16 21 21 19 19 33 68 97 95 96 94 94 93 92 94 93 94 93 92 92 92 90 
1 1 1 1 1 1 1 1 1 1 1 1 1 1 1 1 1 1 1 1 1 1 1 1 1 1 1 1 2 3 28 71 96 96 96 96 97 97 96 96 95 95 94 94 95 95 94 67 25 11 10 9 16 19 19 18 18 31 65 94 94 94 94 93 90 89 91 91 93 93 90 89 87 85 
1 1 1 1 1 1 1 1 1 1 1 1 1 1 1 1 1 1 1 1 1 1 1 1 1 1 1 1 2 3 29 69 97 101 100 100 97 97 97 96 96 95 94 93 94 94 94 67 25 12 9 8 16 19 19 18 18 30 61 90 89 89 89 88 86 86 86 86 86 87 87 84 82 80 
1 1 1 1 1 1 1 1 1 1 1 1 1 1 1 1 1 1 1 1 1 1 1 1 1 1 1 1 3 6 27 66 95 100 100 101 100 97 96 96 96 95 95 95 94 94 93 67 25 12 9 8 16 21 21 18 19 32 59 86 85 84 85 84 80 80 80 80 80 80 80 79 78 78 
1 1 1 1 1 1 1 1 1 1 1 1 1 1 1 1 1 1 1 1 1 1 1 1 1 1 1 1 5 11 29 65 93 95 97 100 99 97 95 93 93 93 93 92 93 94 92 66 24 11 9 9 16 21 21 19 22 33 60 83 78 78 80 79 77 77 78 78 78 78 78 76 75 75 
1 1 1 1 1 1 1 1 1 1 1 1 1 1 1 1 1 1 1 1 1 1 1 1 1 1 1 1 5 11 30 66 90 92 91 96 96 94 92 92 92 89 89 89 93 94 92 65 24 11 10 10 16 21 22 22 25 36 61 80 73 73 74 74 74 74 75 75 74 74 74 74 74 73 
1 1 1 1 1 1 1 1 1 1 1 1 1 1 1 1 1 1 1 1 1 1 1 1 1 1 1 1 4 9 39 75 93 89 89 90 90 90 89 88 87 87 88 88 89 92 90 60 22 10 10 11 16 19 21 22 25 36 59 78 72 72 71 72 73 72 73 73 72 72 73 73 72 72 
1 1 1 1 1 1 1 1 1 1 1 1 1 1 1 1 1 1 1 1 1 1 1 1 1 1 1 1 3 8 36 73 90 87 85 85 85 85 84 82 82 82 84 85 87 92 86 53 19 10 10 12 16 19 21 21 25 37 58 77 73 71 71 72 73 72 72 72 72 72 73 73 72 71 
1 1 1 1 1 1 1 1 1 1 1 1 1 1 1 1 1 1 1 1 1 1 1 1 1 1 1 1 3 6 31 71 88 85 82 82 82 80 80 80 79 78 80 79 85 92 77 44 17 10 12 15 18 20 21 21 26 39 56 75 73 70 70 71 72 71 71 71 71 71 72 72 72 72 
1 1 1 1 1 1 1 1 1 1 1 1 1 1 1 1 1 1 1 1 1 1 1 1 1 1 1 1 2 5 28 63 79 81 79 78 78 78 79 78 77 75 75 77 79 85 66 35 15 10 12 16 18 20 21 22 24 36 58 75 72 68 68 70 71 70 70 70 70 71 72 72 72 72 
1 1 1 1 1 1 1 1 1 1 1 1 1 1 1 1 1 1 1 1 1 1 1 1 1 1 1 1 3 4 23 54 74 77 75 74 75 76 74 74 74 72 73 74 73 72 51 25 12 10 14 15 17 19 23 23 22 34 59 78 72 68 68 68 70 68 68 68 68 70 71 71 71 71 
1 1 1 1 1 1 1 1 1 1 1 1 1 1 1 1 1 1 1 1 1 1 1 1 1 1 1 1 3 4 17 52 75 77 74 74 75 74 73 73 72 72 71 72 72 59 35 15 10 12 16 17 17 19 25 24 19 32 60 79 71 68 67 67 68 67 67 66 67 68 69 69 69 71 
1 1 1 1 1 1 1 1 1 1 1 1 1 1 1 1 1 1 1 1 1 1 1 1 1 1 1 1 4 4 23 57 73 73 72 73 73 72 73 73 72 71 70 70 67 43 21 10 8 14 16 17 19 22 25 25 19 30 61 79 72 68 67 66 67 66 66 65 66 67 68 68 68 69 
1 1 1 1 1 1 1 1 1 1 1 1 1 1 1 1 1 1 1 1 1 1 1 1 1 1 1 1 4 5 33 58 71 71 71 72 72 72 72 73 72 71 70 67 59 26 10 7 10 15 15 17 20 24 26 25 22 29 57 75 73 68 67 66 66 66 66 65 66 66 67 67 67 67 
1 1 1 1 1 1 1 1 1 1 1 1 1 1 1 1 1 1 1 1 1 1 1 1 1 1 1 3 4 4 13 49 71 70 70 71 71 71 73 73 72 71 67 66 48 19 6 7 11 15 13 17 23 25 29 29 22 25 47 68 74 70 66 66 65 65 66 65 66 66 66 66 66 66 
1 1 1 1 1 1 1 1 1 1 1 1 1 1 1 1 1 1 1 1 1 1 1 1 1 1 1 2 4 3 17 52 73 70 70 71 71 71 73 73 72 70 66 64 36 16 6 7 11 11 15 18 23 25 27 29 23 25 37 61 75 68 66 65 64 65 65 66 65 65 65 65 66 65 
1 1 1 1 1 1 1 1 1 1 1 1 1 1 1 1 1 1 1 1 1 1 1 1 1 1 1 2 3 2 19 53 75 68 68 70 70 71 73 74 72 70 65 61 26 12 4 7 11 10 12 17 22 25 25 26 24 25 33 58 72 67 65 64 64 65 66 66 66 66 65 65 65 65 
1 1 1 1 1 1 1 1 1 1 1 1 1 1 1 1 1 1 1 1 1 1 1 1 1 1 1 1 2 2 17 44 74 67 67 67 68 71 73 74 72 70 65 61 16 10 4 7 11 11 12 16 20 24 24 24 24 24 29 54 71 66 64 65 65 65 66 66 65 65 64 64 64 64 
1 1 1 1 1 1 1 1 1 1 1 1 1 1 1 1 1 1 1 1 1 1 1 1 1 1 1 1 2 1 15 52 75 66 66 68 68 71 74 75 73 69 64 60 12 9 7 8 10 10 11 15 18 22 23 23 25 25 25 51 66 64 63 64 64 65 65 64 65 65 64 64 65 65 
1 1 1 1 1 1 1 1 1 1 1 1 1 1 1 1 1 1 1 1 1 1 1 1 1 1 1 1 3 3 14 49 72 65 64 67 68 70 73 74 71 68 63 59 21 11 10 11 10 9 11 15 17 21 21 21 23 25 24 48 65 64 63 65 65 65 66 65 65 65 64 64 65 65 
1 1 1 1 1 1 1 1 1 1 1 1 1 1 1 1 1 1 1 1 1 1 1 1 1 1 2 2 3 6 11 42 64 64 61 65 67 67 70 71 68 66 61 57 31 17 12 10 8 8 9 12 16 18 19 19 22 23 22 45 61 60 62 65 64 64 64 63 63 64 64 65 65 65 
1 1 1 1 1 1 1 1 1 1 1 1 1 1 1 1 1 1 1 1 1 1 1 1 1 1 2 4 5 8 10 36 60 61 60 64 66 67 68 68 67 65 61 56 31 17 14 9 7 8 10 11 15 17 19 19 21 22 23 37 58 57 62 65 64 64 64 63 63 64 65 66 66 66 
1 1 1 1 1 1 1 1 1 1 1 1 1 1 1 1 1 1 1 1 1 1 1 1 1 1 1 1 4 8 9 33 67 75 60 63 66 65 66 67 66 64 60 56 36 14 3 3 5 7 11 12 11 14 18 20 22 23 25 32 46 54 61 64 64 64 63 63 63 63 64 65 66 67 
1 1 1 1 1 1 1 1 1 1 1 1 1 1 1 1 1 1 1 1 2 2 2 2 2 2 2 2 4 5 9 31 61 66 61 64 65 64 65 65 65 65 61 58 53 26 3 4 4 4 9 17 9 11 17 20 22 23 26 30 45 53 61 64 64 64 63 63 63 63 64 65 67 67 
1 1 1 1 1 1 1 1 1 1 1 1 1 1 1 1 1 1 1 1 2 2 2 2 2 2 2 2 3 3 8 29 54 61 63 65 66 64 63 63 65 65 63 60 109 112 76 30 3 2 3 5 7 10 14 19 21 21 23 24 49 53 60 61 63 63 63 63 63 63 63 64 67 67 
1 1 1 1 1 1 1 1 1 1 1 1 1 1 1 1 1 1 1 1 2 2 2 2 2 2 2 2 3 5 10 31 52 56 60 67 66 64 64 64 64 64 63 61 129 125 82 37 10 12 15 14 12 11 15 18 21 21 23 21 51 54 60 60 63 61 63 63 64 63 63 65 67 68 
1 1 1 1 1 1 1 1 1 1 1 1 1 1 1 1 1 1 1 1 2 2 2 2 2 2 2 3 4 4 17 40 54 52 57 65 63 61 65 65 62 62 61 63 74 73 53 30 15 15 18 26 14 9 12 16 18 18 21 19 52 54 58 58 59 58 59 59 60 60 61 64 67 68 
1 1 1 1 1 1 1 1 1 1 1 1 1 1 1 1 1 1 1 1 2 2 2 2 2 2 2 2 3 4 23 50 61 54 53 58 58 58 59 59 58 57 54 54 53 37 22 9 6 11 16 24 15 9 11 14 16 17 21 19 50 51 53 52 52 52 52 53 53 53 57 59 64 68 
1 1 1 1 1 1 1 1 1 1 1 1 1 1 1 1 1 1 1 1 2 2 2 2 2 2 2 2 3 3 29 64 65 47 50 52 50 50 51 51 50 50 49 49 56 35 12 2 10 11 12 15 12 9 10 12 15 17 23 25 40 44 45 44 44 43 43 44 44 45 46 51 57 64 
1 1 1 1 1 1 1 1 1 1 1 1 1 1 1 1 1 1 1 1 2 2 2 2 2 2 2 2 3 5 29 61 63 44 42 45 38 39 43 43 43 40 42 40 57 35 15 10 9 10 10 10 10 9 10 12 16 21 26 30 32 34 36 36 35 33 33 33 33 35 36 39 49 57 
1 1 1 2 1 1 1 1 1 1 1 1 1 1 1 1 1 1 1 1 2 2 2 2 2 2 2 2 2 7 17 44 60 43 30 36 36 35 33 33 32 32 32 31 47 31 14 9 9 9 8 9 9 8 10 12 17 22 26 29 29 29 29 30 29 29 31 30 30 31 32 37 47 57 
1 1 1 1 1 1 1 1 1 1 1 1 1 1 1 1 1 1 1 1 2 2 2 2 2 2 2 3 2 4 15 45 55 39 28 31 31 31 31 32 32 32 32 32 39 24 11 10 8 9 7 8 8 7 8 11 17 24 28 31 32 32 32 32 31 32 33 34 36 38 39 45 54 64 
1 1 1 1 1 1 1 1 1 1 1 1 1 1 1 1 1 1 1 1 2 2 2 2 2 2 2 2 3 3 12 39 51 40 34 36 37 37 37 38 39 40 39 37 30 17 9 9 9 9 7 7 7 7 8 11 17 24 29 35 40 42 44 44 44 43 44 44 44 45 49 53 59 64 
1 1 1 1 1 1 1 1 1 1 1 1 1 1 1 1 1 1 1 1 2 2 2 2 2 2 2 3 2 2 8 33 56 54 47 47 47 47 49 50 51 52 51 50 30 15 6 8 9 9 7 7 8 7 8 11 15 21 26 30 54 56 57 56 56 56 57 57 54 56 57 58 61 63 
1 1 1 1 1 1 1 1 1 1 1 1 1 1 1 1 1 1 1 1 2 2 2 2 2 2 2 3 4 2 4 31 60 63 52 53 54 56 58 59 60 63 61 60 53 39 22 14 9 9 10 10 9 9 9 10 16 25 38 47 64 64 65 65 64 64 64 64 64 63 61 63 65 64 
1 1 0 0 1 1 1 1 1 1 1 1 1 1 1 1 1 1 1 1 2 2 2 2 2 2 2 3 5 2 5 33 60 63 57 58 60 61 63 64 64 66 65 66 67 53 32 23 16 12 12 11 9 9 10 8 26 37 51 62 67 66 66 65 66 66 65 66 66 64 63 63 65 65 
1 1 0 0 1 1 1 1 1 1 1 1 1 1 1 1 1 1 1 1 2 2 2 2 2 2 2 3 4 3 10 39 60 64 60 60 61 61 63 64 64 65 64 65 66 63 60 52 23 16 12 9 7 9 12 15 32 45 54 65 67 66 65 64 64 64 64 64 63 63 61 61 63 61 
1 1 0 0 1 1 1 1 1 1 1 1 1 1 1 1 1 1 1 1 2 2 2 2 2 2 2 2 4 4 15 40 60 65 63 60 61 63 64 64 64 64 64 65 67 67 64 60 46 39 33 31 29 31 35 37 51 61 66 67 67 66 63 63 63 63 61 61 63 60 59 59 58 56 
2 1 1 1 1 1 1 1 1 1 1 1 1 1 1 1 1 1 1 1 1 1 1 1 1 1 1 1 5 5 17 45 61 65 61 60 61 61 63 63 63 63 63 63 66 66 65 66 67 64 52 42 44 49 54 59 65 67 69 67 65 63 61 60 61 61 61 61 61 61 60 61 57 52 
2 1 1 1 1 1 1 1 1 1 1 1 1 1 1 1 1 1 1 1 1 1 1 1 1 1 1 1 4 4 21 49 64 68 60 58 59 60 61 63 63 63 63 63 64 64 64 64 64 64 61 59 59 59 61 61 63 65 65 65 63 63 61 61 61 61 60 60 60 60 60 61 57 50 
