9 11 16 18 22 21 22 21 23 22 22 21 21 19 21 21 21 22 22 24 24 25 26 25 26 25 25 25 26 29 27 26 25 21 19 19 25 24 22 23 24 22 19 17 17 17 17 17 17 17 17 18 20 22 24 27 32 35 37 40 42 45 50 51 54 57 60 60 63 65 71 74 71 66 61 45 37 30 24 22 21 21 22 22 22 22 22 21 19 19 19 19 18 
9 11 16 18 22 21 22 21 22 22 22 21 19 18 18 18 19 22 24 26 26 29 29 29 33 36 28 40 43 41 37 35 32 29 19 23 30 27 24 24 24 23 22 18 17 17 16 16 16 17 18 19 20 23 26 29 31 33 36 39 42 45 50 51 53 57 59 60 63 65 71 73 72 66 63 47 37 31 25 22 21 21 22 22 22 22 22 21 19 19 21 19 18 
9 11 16 18 22 21 22 22 22 22 22 21 19 18 16 17 18 23 26 30 32 38 38 47 74 75 71 113 102 97 89 90 80 61 44 28 19 18 19 22 24 24 23 20 18 16 16 16 16 17 18 19 22 24 27 30 31 34 37 37 40 45 49 51 53 57 59 60 63 65 71 73 72 67 64 51 39 33 26 22 21 21 22 22 22 22 22 21 19 19 21 19 18 
9 11 16 18 22 21 22 22 22 22 22 21 19 18 18 17 18 23 30 42 59 73 80 114 159 167 167 205 191 182 173 180 165 128 100 65 44 25 14 21 24 24 23 22 19 17 16 16 16 17 18 19 22 24 26 30 31 33 36 37 39 43 47 51 53 57 59 61 63 65 71 73 72 67 65 53 39 33 26 22 21 21 23 23 22 22 22 21 19 19 19 19 18 
9 11 16 18 22 21 22 22 22 22 22 21 21 21 19 18 17 20 34 82 122 142 167 205 226 238 236 241 246 243 241 242 235 200 171 137 114 80 46 29 26 23 19 19 18 19 17 16 17 18 18 19 22 24 27 29 31 33 34 36 38 44 48 52 53 58 61 62 64 66 72 74 73 69 67 56 40 35 26 23 22 22 22 23 22 22 22 21 19 19 19 19 18 
9 11 16 18 22 21 22 22 22 21 21 21 23 25 17 22 33 43 72 137 188 207 224 242 245 248 242 246 249 248 247 247 248 240 222 208 192 159 114 57 29 26 19 18 21 23 19 17 18 18 19 19 22 24 26 29 30 32 34 36 38 44 47 50 53 58 61 64 64 65 69 74 73 69 67 58 39 35 28 23 22 22 22 23 22 22 22 21 19 19 19 19 17 
9 11 16 18 20 19 21 21 22 22 20 23 25 29 31 36 56 91 130 195 228 239 245 249 243 243 242 241 236 233 229 237 244 247 238 239 236 216 195 121 59 53 40 25 25 22 19 17 18 19 19 19 22 23 25 27 29 32 34 35 38 42 45 48 53 57 60 64 64 64 67 71 71 69 69 58 40 36 29 24 22 22 22 23 22 22 22 21 19 19 21 19 18 
9 12 17 19 20 19 21 21 22 23 24 25 33 35 61 89 118 159 196 216 232 241 248 249 243 241 235 209 196 189 184 185 200 217 220 223 230 231 241 206 127 75 45 23 18 18 16 17 19 19 20 20 22 24 25 27 30 32 33 35 38 42 45 48 53 58 60 64 64 65 66 69 69 69 72 57 42 37 30 25 22 22 24 24 23 23 23 22 21 21 21 19 18 
10 12 16 18 19 18 19 19 21 22 23 29 45 60 86 111 148 181 206 226 236 232 225 208 187 164 138 125 104 90 80 86 101 120 143 156 174 181 179 186 173 134 89 40 23 19 18 17 18 19 19 18 21 22 24 25 26 30 33 36 38 42 44 48 53 58 61 62 62 64 64 67 68 68 71 57 43 38 31 25 22 21 23 24 24 23 23 22 21 19 19 19 17 
10 12 16 17 18 17 19 19 22 24 25 31 45 53 82 129 178 208 220 219 205 181 151 139 118 87 66 53 43 38 31 27 32 43 59 73 90 95 92 113 142 155 142 103 65 44 33 24 21 23 21 21 21 22 23 24 25 29 32 36 38 40 44 47 53 58 61 62 62 63 63 65 65 66 68 54 44 40 32 26 22 21 23 24 23 22 23 22 21 21 21 19 17 
10 13 16 18 19 19 20 22 24 28 21 38 51 65 106 164 206 214 207 185 140 109 87 80 66 42 30 29 29 28 24 23 21 19 25 30 39 40 38 50 90 139 170 169 143 118 89 56 31 27 24 22 21 20 22 23 25 29 32 36 38 40 43 47 53 58 61 62 61 61 60 61 61 61 64 53 45 42 35 28 22 21 22 23 24 23 23 22 21 21 22 19 16 
10 13 17 18 20 22 22 24 26 30 32 75 101 125 152 189 209 196 170 122 68 46 42 37 31 24 23 23 23 22 22 25 19 12 11 12 18 21 15 25 54 101 164 198 196 191 172 124 67 33 26 22 23 23 22 23 25 29 31 33 36 38 43 47 52 58 60 61 61 61 58 59 59 58 61 54 46 42 36 29 24 22 22 24 24 23 23 22 21 21 21 19 18 
9 14 17 20 23 25 24 24 28 31 50 118 165 191 193 196 186 152 109 58 39 25 16 15 16 17 18 17 17 16 15 15 10 9 5 6 10 12 14 17 22 51 113 172 201 214 223 192 123 54 25 22 25 24 23 23 25 29 31 31 35 38 43 47 53 57 60 61 60 59 56 57 57 57 58 54 47 43 37 30 25 24 22 23 24 23 23 22 21 21 21 19 17 
9 14 17 22 24 27 26 26 28 29 65 150 207 217 201 184 145 94 58 29 21 16 14 12 11 11 12 12 11 11 10 8 7 6 5 6 9 10 12 14 11 23 61 117 164 200 223 223 178 97 37 17 22 22 22 23 25 29 32 32 35 38 42 46 53 59 60 61 60 59 57 58 57 55 55 53 47 43 38 31 26 23 23 23 23 23 23 22 21 22 23 23 22 
9 14 17 19 21 24 25 33 43 43 92 173 214 208 178 148 101 56 33 21 16 14 12 11 10 10 11 10 9 10 10 8 8 7 5 5 8 10 11 11 11 19 42 72 116 170 207 231 215 151 71 24 23 23 23 22 24 29 32 32 36 39 43 47 54 60 63 64 61 61 59 59 58 55 55 52 47 43 38 31 26 23 23 23 23 23 23 23 21 22 23 25 30 
10 15 17 18 19 26 29 43 72 100 148 193 210 192 146 99 66 39 24 16 15 12 11 10 10 10 10 9 9 10 10 8 9 8 8 7 8 10 10 10 11 17 29 47 75 124 184 224 233 199 110 44 26 24 23 22 24 29 32 33 37 40 44 50 57 63 66 66 64 64 61 60 58 55 55 51 46 43 38 31 26 24 23 23 23 23 23 23 22 22 22 26 33 
9 14 17 23 32 39 32 46 102 132 173 208 207 178 128 72 39 20 12 12 12 11 10 10 10 10 10 10 10 9 9 9 9 8 7 7 9 9 9 9 10 16 19 27 43 71 129 194 233 228 148 57 30 24 23 24 25 30 32 33 37 43 45 50 57 63 66 66 64 64 61 60 59 56 53 51 47 42 37 32 26 23 22 23 24 23 24 24 22 23 24 25 24 
9 12 16 33 47 71 87 111 159 183 204 220 205 158 103 59 33 18 12 11 10 10 10 10 10 10 10 10 10 10 9 9 9 8 8 7 9 10 10 9 9 14 14 17 24 39 79 132 191 221 159 61 29 23 22 24 25 30 32 33 37 43 46 51 58 63 66 66 65 64 62 60 59 56 54 51 45 42 37 30 25 23 22 24 24 23 24 24 22 23 24 25 25 
9 14 15 47 65 115 159 185 219 229 234 228 200 135 78 46 26 16 11 10 9 10 10 10 10 11 11 10 10 10 9 9 9 8 8 8 10 10 10 9 8 11 11 15 18 25 42 75 137 188 155 61 22 23 21 24 25 29 32 33 37 43 46 52 59 63 66 67 66 65 64 61 60 58 55 51 45 40 36 30 25 23 22 24 24 23 24 24 22 23 24 24 24 
9 14 14 58 97 167 224 234 242 242 244 233 199 125 67 38 23 15 11 10 9 9 10 9 9 11 11 10 10 10 9 9 9 8 8 8 8 8 9 8 7 9 10 11 17 23 25 42 103 170 162 75 28 24 19 24 24 29 31 33 37 43 46 52 59 63 66 67 66 66 65 62 60 58 55 51 45 40 36 30 25 23 22 24 24 23 24 24 22 22 23 22 21 
8 17 34 57 120 181 230 243 244 240 244 246 210 132 68 32 19 14 11 9 8 9 10 10 10 10 10 10 10 10 9 9 9 8 8 8 8 8 8 8 9 11 11 11 15 22 23 28 87 172 189 113 39 25 21 24 25 28 31 34 38 43 46 52 59 63 67 68 67 67 67 64 61 57 54 51 46 40 36 30 25 23 22 24 24 23 24 24 22 22 23 23 19 
8 19 33 57 124 193 237 241 241 238 240 243 205 127 61 29 17 12 9 7 8 9 10 10 10 10 10 10 10 10 9 9 9 8 8 8 8 8 8 8 9 11 11 11 12 16 17 19 72 161 201 138 47 25 23 24 25 29 31 36 39 43 46 52 59 63 67 68 68 67 67 65 61 57 54 51 47 40 36 30 25 23 22 24 24 23 24 24 22 22 23 22 18 
8 19 35 65 137 201 233 241 241 243 241 236 196 118 54 26 17 11 9 9 9 10 10 10 10 10 10 10 10 10 9 9 9 8 8 7 7 8 8 8 8 10 10 10 11 17 17 16 61 138 180 131 50 21 23 24 24 29 31 35 37 43 47 50 57 61 66 67 67 67 67 65 61 57 54 52 47 39 35 30 26 22 21 23 23 22 23 23 23 23 23 22 18 
9 22 37 102 152 209 242 242 243 247 241 228 182 104 49 28 17 10 8 9 9 10 10 10 10 10 10 10 10 10 9 9 9 8 8 8 7 7 8 8 9 9 10 11 11 16 15 16 54 115 145 104 44 18 23 25 25 30 33 35 38 43 47 51 57 61 66 67 70 70 68 66 61 58 56 54 47 39 35 30 26 23 19 23 23 22 23 23 23 23 23 22 18 
8 22 38 122 174 220 241 244 248 246 235 217 165 89 47 28 16 11 9 7 8 8 8 8 8 9 9 9 9 9 9 9 9 8 8 8 7 7 8 8 9 9 10 11 11 16 10 15 53 92 99 61 30 18 23 26 25 30 35 36 38 43 47 50 56 60 64 66 67 70 70 65 63 60 58 54 48 39 33 29 26 23 19 22 22 22 23 22 22 22 23 21 17 
8 21 38 152 215 247 249 248 249 244 224 205 143 84 45 21 15 12 10 7 7 8 8 8 8 9 9 9 9 9 9 9 9 8 8 8 7 7 8 8 9 9 9 9 11 16 12 23 67 93 74 31 14 21 26 25 25 29 32 33 36 40 43 46 51 56 59 64 65 67 67 66 64 61 60 57 48 42 36 31 28 25 22 21 22 22 22 22 22 22 23 21 17 
8 21 39 164 221 247 245 237 238 236 215 175 115 68 38 16 14 12 10 8 7 7 8 8 8 9 9 9 9 9 9 9 9 8 8 8 7 7 7 7 8 8 9 9 12 16 18 46 100 104 73 44 19 18 24 24 25 30 32 33 34 36 39 44 46 51 54 58 61 66 66 66 66 64 63 58 52 44 38 32 29 26 23 22 22 22 22 22 22 22 23 21 17 
6 19 38 165 222 247 245 233 227 227 203 137 90 52 29 15 12 10 10 8 7 7 7 8 8 9 9 9 9 9 9 9 9 8 9 8 8 9 8 7 7 8 8 10 13 16 24 58 111 111 95 97 57 18 16 22 25 29 30 31 34 36 38 42 44 47 51 54 57 63 64 66 66 65 65 59 53 47 40 33 30 28 25 23 22 22 22 22 22 22 22 21 17 
5 18 37 172 224 241 241 224 207 188 162 97 57 37 25 12 11 9 8 7 7 7 7 8 8 9 9 9 9 9 9 9 9 8 9 8 9 9 8 8 8 8 10 10 15 18 26 46 79 99 132 169 108 32 18 23 25 29 29 28 33 38 38 42 46 47 51 54 56 60 65 66 67 66 66 59 53 47 40 35 31 29 25 23 23 23 22 22 22 21 21 19 16 
5 17 36 180 222 234 234 204 176 149 110 58 40 30 20 12 11 9 7 7 8 8 8 8 8 9 9 9 9 9 9 9 9 8 9 9 10 9 9 9 9 9 11 13 18 22 25 26 36 54 103 143 96 35 23 26 26 30 32 31 32 42 43 44 46 49 53 54 56 61 64 66 67 67 66 60 51 47 43 36 32 30 25 23 23 23 22 22 22 21 21 19 16 
6 16 35 148 220 226 215 184 145 98 62 40 33 25 17 10 8 9 8 7 8 8 8 8 8 8 8 8 9 9 10 10 10 10 10 12 12 11 10 10 8 10 16 21 25 26 26 22 17 28 59 75 53 29 26 30 30 31 35 37 39 43 47 48 51 52 54 59 60 63 65 68 68 68 67 60 51 46 43 38 32 30 26 22 21 22 22 22 22 21 22 18 14 
6 16 35 131 208 221 193 152 115 66 42 38 30 22 15 10 7 9 8 7 9 8 8 8 8 8 8 8 9 9 10 10 11 11 12 15 15 12 11 10 10 13 22 28 32 33 29 23 16 19 33 38 32 25 26 30 30 31 36 42 40 42 49 52 50 52 56 59 60 61 64 67 67 68 68 60 52 47 43 39 35 29 26 22 21 22 22 22 22 21 21 19 15 
8 15 32 105 133 142 121 96 78 65 56 38 30 19 15 10 7 7 8 8 8 8 7 8 8 8 8 8 9 10 11 11 11 12 12 15 14 17 15 15 16 19 26 30 35 33 28 22 16 14 16 19 23 25 25 25 27 31 33 36 39 43 47 50 51 54 57 60 62 66 69 69 68 65 62 54 50 45 45 37 32 28 24 21 22 22 22 22 22 19 19 17 15 
8 15 31 80 96 104 95 88 80 70 63 44 31 22 15 10 5 7 7 7 8 7 7 7 8 8 8 8 10 11 12 12 12 14 15 15 15 20 25 24 26 30 33 35 37 35 26 22 19 18 18 20 22 24 24 25 27 30 31 33 38 40 45 48 50 54 57 59 61 64 65 64 62 60 57 53 50 45 40 35 30 26 24 22 22 22 22 22 22 21 19 18 15 
8 15 29 47 54 66 75 90 94 87 72 51 32 23 16 11 6 8 8 7 8 7 7 7 8 8 9 9 11 12 14 14 14 17 18 16 17 24 31 34 36 38 39 40 42 40 29 21 21 22 21 22 22 22 23 24 24 28 30 31 35 38 40 43 43 45 47 47 50 53 54 52 52 49 46 44 42 38 37 32 29 26 24 23 23 22 22 22 22 21 19 18 15 
9 14 29 29 40 67 95 121 128 114 81 58 37 30 17 10 6 6 8 7 8 8 7 7 7 8 9 9 10 12 11 11 15 18 20 19 19 26 35 39 40 43 46 47 49 47 31 18 21 19 18 21 22 22 22 22 23 25 28 30 31 35 38 38 38 40 40 39 39 43 45 44 42 42 39 38 36 33 32 29 26 24 22 23 23 22 22 22 22 21 19 18 16 
9 15 28 35 54 100 153 181 184 149 99 68 40 29 18 10 6 6 8 7 7 7 5 7 7 9 10 10 10 11 10 11 12 18 21 25 28 30 36 37 38 42 46 50 54 50 31 20 20 19 18 18 19 21 22 22 21 23 24 26 28 30 30 32 32 31 31 33 33 35 35 32 31 31 31 30 30 29 28 26 25 23 22 22 23 22 22 22 22 19 18 17 15 
9 15 28 53 79 134 193 216 215 172 114 84 49 26 16 10 6 6 6 5 5 5 4 5 7 9 10 9 10 10 10 11 12 17 21 25 30 35 37 39 39 43 46 51 58 51 32 20 22 19 19 18 17 18 19 19 19 21 22 24 24 25 26 26 26 26 26 26 26 25 25 25 25 24 24 23 24 24 24 24 24 22 21 20 22 22 22 22 22 21 19 18 15 
9 15 26 64 93 153 214 233 227 186 138 110 75 40 18 10 5 5 6 5 5 5 4 5 7 7 8 8 9 10 12 11 12 18 22 26 31 38 43 45 46 50 54 57 61 56 35 21 22 19 18 18 17 17 18 18 17 18 19 19 21 23 23 22 22 22 23 23 22 22 21 21 21 21 22 21 21 21 22 22 22 21 19 20 22 22 22 22 22 21 21 18 16 
9 16 26 57 90 156 209 224 220 179 155 138 101 56 20 10 5 5 5 4 5 4 4 5 5 7 8 8 9 10 11 12 13 19 23 27 33 39 45 49 49 53 59 61 61 56 37 22 21 19 18 18 17 17 18 17 16 17 17 18 18 18 17 17 17 18 19 19 19 19 19 19 21 19 19 19 19 19 19 21 19 19 19 20 22 22 22 22 22 21 21 19 16 
8 15 24 77 139 184 205 207 192 175 158 164 121 57 20 8 4 4 4 5 5 4 4 4 4 5 7 7 9 10 10 10 12 19 25 29 33 40 45 47 49 53 60 62 62 52 38 28 26 24 22 18 19 18 18 18 17 16 17 17 17 17 17 17 18 19 18 18 18 18 18 20 20 19 19 18 18 18 19 19 19 18 18 21 22 22 23 23 23 21 19 18 15 
7 16 25 92 151 194 202 196 181 170 165 156 106 42 18 9 4 2 3 3 4 4 4 4 5 5 5 7 8 9 10 10 12 21 25 32 37 44 50 53 54 67 78 79 73 61 52 45 42 39 33 29 25 23 22 19 18 17 17 16 17 17 17 17 17 18 18 18 18 18 18 19 20 18 18 18 18 18 18 19 18 18 19 21 22 22 23 23 23 22 21 19 16 
7 16 24 96 151 200 199 192 172 167 165 145 90 35 16 10 6 4 3 3 3 4 4 4 5 5 5 5 8 9 10 10 14 22 27 35 42 50 54 58 63 80 95 93 81 73 70 67 61 54 48 44 38 32 25 20 19 19 19 17 17 17 17 17 17 17 17 18 18 18 18 18 18 18 18 18 18 18 18 18 18 18 19 21 22 22 23 23 23 22 22 18 15 
7 16 25 99 152 198 194 185 171 158 143 120 74 36 17 9 5 4 4 3 4 4 4 4 4 4 4 5 8 10 10 10 14 22 26 35 44 54 61 63 66 84 97 95 87 84 85 85 80 73 66 61 53 44 35 25 22 20 20 18 17 16 16 17 17 16 17 17 17 18 18 18 18 18 18 18 18 18 18 18 18 18 19 21 22 22 23 23 23 22 23 19 14 
7 16 25 102 155 195 188 175 173 149 112 73 43 24 13 8 4 3 3 3 4 5 5 4 4 4 5 5 8 10 10 10 12 19 24 36 47 58 66 72 75 88 94 96 94 94 94 93 90 82 75 81 71 59 48 36 26 24 20 19 19 18 18 18 18 17 17 17 17 17 18 17 17 17 17 18 18 18 18 18 18 18 19 21 22 22 23 23 23 22 23 19 14 
7 16 24 106 156 194 184 169 171 126 75 46 29 15 12 8 4 3 3 4 4 3 4 4 5 5 4 5 7 8 9 10 12 17 24 36 51 64 72 80 81 86 89 92 92 93 92 90 89 86 85 88 81 69 62 50 36 27 23 20 19 18 17 17 18 17 17 17 17 18 18 18 18 18 17 18 18 18 18 18 18 18 19 21 22 22 23 23 23 22 23 19 14 
8 17 25 129 177 213 201 182 153 87 42 30 26 12 9 6 4 3 3 3 4 3 3 3 4 4 4 4 5 6 8 8 10 17 24 37 59 74 78 84 82 83 85 85 86 86 86 87 87 87 88 87 85 80 73 64 47 33 26 22 18 18 18 16 16 17 17 18 18 18 18 18 18 18 18 18 18 18 18 18 19 19 19 21 22 22 23 23 23 22 22 19 14 
8 16 24 148 195 231 220 199 116 61 32 28 28 12 9 6 4 3 3 3 4 3 3 3 3 4 4 4 4 4 5 7 9 16 25 38 63 88 95 88 82 82 81 80 81 81 82 83 86 87 88 88 88 89 82 73 58 42 29 24 18 18 18 17 16 16 18 18 18 18 18 18 18 18 18 19 19 19 19 19 19 19 21 21 22 22 23 23 23 22 22 19 14 
9 15 21 179 220 231 160 115 63 32 26 24 24 15 9 6 5 4 3 3 3 3 3 3 3 4 4 4 3 4 4 5 9 14 23 35 56 82 91 87 80 78 77 78 78 79 80 82 83 86 88 87 88 90 89 79 65 50 34 25 17 18 17 17 16 17 18 18 18 19 19 19 19 19 19 19 19 19 19 19 21 21 21 21 21 22 22 23 23 23 22 19 12 
9 15 18 118 153 159 97 65 39 24 19 19 17 15 10 8 5 4 3 3 4 3 3 3 3 4 4 4 3 4 4 5 8 11 18 28 46 75 86 79 73 73 74 79 77 72 77 80 82 85 86 86 87 88 88 82 70 55 40 28 22 19 18 17 17 18 19 19 19 21 21 21 21 21 21 19 19 19 19 19 21 21 21 21 21 22 22 23 23 23 22 19 11 
9 16 18 58 90 101 58 40 32 26 21 18 15 15 12 8 5 5 4 4 4 4 4 3 4 4 4 4 3 3 3 4 5 10 12 17 32 56 78 75 68 70 71 76 75 68 73 79 80 83 86 86 86 87 87 82 75 61 45 32 30 21 19 18 19 19 21 21 21 22 22 22 22 22 22 21 21 21 21 21 21 22 22 21 21 22 22 23 23 23 23 19 11 
9 16 19 30 63 76 44 42 33 29 21 16 9 13 13 9 5 5 7 5 7 7 8 7 5 5 5 4 5 4 5 7 9 12 10 10 19 32 59 68 73 77 73 72 73 71 71 75 78 81 85 84 85 86 85 82 77 66 50 33 32 25 21 19 19 19 21 21 21 22 22 22 22 22 22 21 22 22 22 22 22 22 22 21 21 21 21 23 23 24 23 18 11 
9 15 19 49 56 64 53 48 46 37 25 15 8 12 15 12 9 8 8 5 7 10 11 9 7 7 8 7 7 7 9 10 12 12 10 8 14 24 46 75 98 100 85 74 71 70 72 75 78 80 82 84 84 84 85 83 79 70 54 34 30 28 22 19 21 21 22 22 22 23 23 23 23 23 23 22 22 22 22 22 23 22 22 22 21 21 21 23 24 24 23 18 11 
9 14 19 44 53 60 48 50 53 47 37 26 19 22 21 18 16 14 11 8 9 15 16 14 11 14 12 8 9 11 9 11 18 19 17 16 18 19 32 81 129 141 120 87 72 68 71 74 77 80 82 84 84 85 85 83 81 72 59 41 32 26 23 21 22 22 22 22 22 23 23 23 23 23 23 22 22 22 22 23 23 22 22 22 21 21 21 23 24 24 23 18 11 
9 14 19 39 53 63 53 54 53 49 46 42 32 33 33 32 29 23 19 18 19 23 26 25 25 23 17 13 15 17 10 14 25 29 31 32 32 26 36 79 143 189 185 135 102 87 75 73 75 79 81 83 83 84 84 82 80 74 63 49 36 29 25 23 24 23 23 23 23 23 23 23 23 23 23 22 22 21 22 23 23 22 22 22 21 21 21 23 24 24 23 19 11 
9 14 19 37 52 58 52 56 54 52 52 49 44 43 43 43 37 29 26 27 30 33 37 35 32 28 24 22 20 23 22 24 33 38 39 40 40 37 44 71 125 200 230 204 173 145 107 88 79 78 82 86 83 82 84 84 80 75 68 54 40 30 29 24 24 23 24 24 23 24 24 23 23 23 23 22 22 22 22 23 23 22 22 22 21 21 21 23 24 24 24 19 11 
8 14 21 35 53 57 52 54 54 52 52 52 49 46 45 44 38 38 38 37 39 40 43 39 31 31 32 30 29 29 31 37 40 45 45 45 47 44 42 56 86 138 189 216 220 208 178 153 123 97 89 84 82 83 83 85 80 75 68 57 43 32 29 25 24 24 24 24 24 24 24 23 23 22 22 22 22 22 22 22 22 22 22 22 22 21 21 23 24 23 23 18 10 
8 14 21 35 53 60 57 54 53 52 52 52 50 49 47 46 43 50 52 50 49 47 45 42 36 38 40 43 44 39 35 40 46 49 50 51 52 53 50 52 64 82 114 149 169 192 212 210 186 150 102 79 81 81 83 85 81 75 68 64 50 33 30 28 25 25 25 26 25 25 25 24 23 23 23 22 22 22 22 22 22 22 22 22 22 21 21 23 24 23 23 18 10 
10 12 22 33 53 63 60 55 54 53 54 54 53 52 51 50 51 54 53 53 52 49 44 42 39 49 49 54 58 50 42 45 51 52 53 54 52 58 53 51 56 60 70 86 100 124 165 194 205 188 135 103 87 75 81 87 83 76 71 70 56 37 31 30 28 26 28 29 28 28 26 25 24 23 23 22 22 22 22 22 22 22 23 23 23 21 21 23 23 23 23 17 10 
9 12 22 32 51 63 60 58 55 54 56 55 55 55 52 54 57 54 53 53 50 45 43 44 49 52 52 59 61 56 49 50 52 53 54 57 56 58 58 54 57 58 58 59 63 68 94 129 166 189 170 144 100 73 80 87 85 80 75 72 60 47 37 32 28 28 29 29 28 28 28 25 25 24 23 22 22 22 22 22 22 22 23 23 23 22 21 22 23 23 23 17 11 
9 12 21 32 49 61 61 57 57 55 55 55 55 54 51 53 56 54 53 52 47 45 44 46 52 54 54 59 59 57 54 54 54 54 56 57 60 61 60 59 58 58 57 56 54 53 63 77 103 143 166 181 134 89 85 87 86 82 76 76 68 57 44 37 33 31 31 32 31 30 30 29 28 25 25 23 23 22 22 22 22 23 23 24 23 23 21 21 22 23 23 17 12 
9 14 19 35 50 60 61 58 55 55 55 54 53 53 49 51 54 52 51 49 46 45 46 49 51 54 57 58 58 58 57 56 56 56 56 57 59 61 59 58 57 56 57 56 57 57 58 60 67 86 128 185 170 112 89 87 86 86 80 79 73 60 47 39 33 32 32 31 31 31 30 29 29 26 25 23 23 22 22 22 23 23 23 23 23 23 22 21 22 22 22 17 12 
8 12 18 36 51 60 60 57 56 54 56 53 52 51 46 49 51 49 49 49 49 49 50 52 54 56 56 57 57 57 56 56 56 56 56 56 57 58 57 56 56 56 56 56 56 57 58 64 64 68 104 143 167 142 96 84 85 88 81 76 75 64 52 44 34 34 34 32 32 32 31 30 29 28 26 24 23 22 22 22 23 23 23 23 23 23 23 21 22 21 21 16 12 
8 12 18 37 52 61 60 58 57 56 57 53 51 50 46 45 47 46 45 47 51 52 53 57 57 56 56 57 57 57 56 56 56 56 57 56 56 56 56 56 56 56 56 56 56 57 59 60 60 68 90 120 169 181 129 108 110 93 85 82 79 68 61 46 36 36 36 35 33 32 32 30 30 28 28 24 23 22 22 22 23 23 23 23 23 23 23 22 22 21 19 15 12 
8 11 18 38 53 60 60 58 57 57 57 54 52 49 44 43 44 46 46 49 52 54 57 58 57 57 57 56 57 57 56 56 56 56 56 54 56 56 56 56 54 54 54 56 56 56 58 59 61 68 77 112 167 196 185 179 166 123 93 84 79 72 54 41 36 35 35 35 35 33 33 31 30 28 25 24 23 22 22 23 23 23 24 23 23 23 23 23 22 19 17 15 11 
8 12 19 37 52 59 59 58 58 58 58 57 52 47 43 40 43 46 49 54 56 55 58 57 57 57 57 57 57 57 56 56 56 56 56 54 54 54 54 56 56 56 56 56 56 56 58 60 64 66 70 93 140 187 216 237 216 166 112 85 81 73 58 46 37 35 33 33 33 32 32 30 29 26 25 24 23 22 22 23 23 23 24 23 23 24 23 23 22 21 17 14 11 
9 13 22 37 51 58 58 57 58 59 59 58 51 45 40 39 44 50 55 60 60 57 58 58 58 58 57 57 57 57 56 56 56 56 56 55 55 54 54 56 56 56 56 56 56 57 59 61 65 63 63 67 96 139 186 231 224 175 112 85 82 75 61 49 38 36 33 33 33 32 31 30 29 26 25 24 23 22 22 23 23 23 24 24 23 24 23 23 22 19 17 14 11 
9 15 22 38 53 60 59 58 59 59 59 53 46 42 40 43 50 57 60 61 60 57 58 58 58 58 57 57 57 57 56 56 56 56 56 55 55 54 54 54 54 54 54 54 54 57 58 59 61 58 57 53 63 94 139 200 207 159 102 84 84 77 65 51 39 36 33 33 32 31 30 29 28 25 25 23 23 22 22 23 23 23 23 24 23 23 23 23 21 18 17 14 11 
9 14 19 39 53 59 58 58 58 59 58 49 42 37 39 46 57 64 62 61 61 58 58 58 58 58 57 57 57 57 56 56 56 57 57 54 54 54 54 54 54 54 54 54 54 55 57 56 56 57 57 54 57 82 137 195 195 134 81 82 81 77 65 52 39 36 32 33 32 31 30 29 27 24 23 23 22 22 22 23 23 23 23 24 23 23 23 22 21 19 16 14 11 
8 12 19 38 52 58 57 56 58 58 58 45 38 36 42 51 60 64 62 61 60 58 59 59 58 57 57 57 57 57 56 56 56 57 57 54 54 54 54 54 54 54 54 54 54 55 55 54 54 56 57 58 63 91 159 215 194 122 75 80 80 77 65 53 42 36 32 32 31 30 29 27 26 24 23 23 22 22 22 23 23 23 23 24 23 23 23 22 21 19 16 14 11 
8 13 22 37 53 58 57 56 57 58 57 42 38 39 46 56 59 59 59 59 59 60 60 59 57 57 57 57 57 57 56 56 56 54 54 54 54 54 54 54 54 54 54 54 54 54 53 53 54 57 58 63 68 104 178 223 184 106 70 79 79 75 68 57 44 37 31 31 30 29 27 26 25 23 23 22 22 22 22 23 23 23 23 23 23 23 22 22 21 18 16 14 11 
7 12 20 44 56 58 57 57 57 56 57 40 42 45 52 59 59 59 59 59 58 60 60 58 58 57 57 57 57 56 56 56 54 54 56 54 54 54 54 54 54 54 56 54 54 54 54 53 54 57 60 67 75 113 179 214 173 103 71 79 79 77 71 60 46 38 31 30 29 27 26 25 25 23 23 22 22 22 22 23 23 23 23 23 23 23 22 22 21 18 16 15 12 
5 9 16 60 57 58 59 54 45 39 39 43 45 49 53 59 59 59 58 58 58 59 58 58 58 58 57 57 57 56 56 56 56 56 56 56 54 54 54 56 56 54 54 54 54 54 53 53 53 57 63 67 74 110 181 217 172 101 72 78 78 78 73 61 49 38 29 29 27 26 26 25 25 23 23 22 22 22 22 22 22 22 22 23 22 22 22 22 21 18 16 15 12 
16 23 31 58 58 58 54 49 42 39 43 45 47 51 53 58 59 59 59 57 57 58 59 59 59 57 57 57 57 56 56 56 56 56 56 56 54 54 54 56 56 56 56 54 54 54 53 53 56 61 67 71 78 118 192 217 156 94 75 77 77 77 73 64 51 39 29 27 26 25 25 24 24 23 23 22 22 22 22 22 22 22 22 22 22 22 22 22 21 18 16 15 12 
39 52 57 57 56 54 50 44 42 42 47 50 50 51 54 58 59 60 60 59 59 58 59 59 59 57 57 57 56 56 56 54 56 56 56 56 54 54 54 56 56 56 56 54 54 54 54 54 59 67 73 73 79 114 184 206 143 92 78 75 74 73 72 67 57 43 31 25 23 23 23 23 23 23 23 23 22 22 22 22 22 22 22 22 22 22 22 22 21 18 16 15 14 
56 70 65 59 58 50 45 44 46 46 52 53 50 52 56 59 60 60 60 60 59 58 58 58 58 58 58 57 57 56 56 56 56 56 56 54 54 54 54 56 56 54 54 54 54 56 57 57 61 69 75 82 80 101 158 175 129 84 72 73 72 71 71 67 59 45 33 26 24 24 24 24 24 24 24 23 23 23 23 23 23 23 23 22 22 22 22 22 21 18 16 15 14 
47 59 58 45 45 43 43 45 47 52 57 52 50 53 58 60 59 59 59 58 58 58 58 58 58 58 58 57 57 56 56 56 56 56 56 54 54 54 54 54 54 54 56 54 56 56 58 60 65 71 75 87 78 84 125 143 116 79 70 73 72 71 70 65 58 45 33 29 25 25 25 25 25 25 25 24 24 23 23 23 23 23 23 23 22 22 22 22 21 18 16 15 12 
24 32 40 40 43 40 42 47 50 54 59 52 50 53 58 60 60 59 59 58 58 58 58 58 58 58 57 57 57 56 56 54 56 56 54 54 54 54 54 54 54 54 54 53 54 54 59 63 66 70 74 75 65 70 96 115 104 77 72 72 72 70 70 66 59 46 35 29 25 25 25 25 25 25 25 24 24 23 23 23 23 23 23 23 23 22 22 22 21 17 16 14 11 
11 14 23 37 45 44 46 51 53 57 58 54 51 52 57 60 60 59 59 59 59 59 59 58 58 58 57 57 57 56 56 56 56 56 54 54 54 54 54 54 54 54 53 52 53 55 58 58 59 60 60 53 44 53 75 94 96 80 74 71 71 71 69 65 59 46 37 32 28 26 26 26 26 26 26 24 24 24 24 24 24 24 24 23 23 23 23 22 21 18 16 14 12 
10 14 23 33 43 47 51 53 57 58 59 54 51 52 57 60 60 60 60 59 59 59 59 59 59 58 58 58 57 57 57 56 56 56 56 54 54 54 54 54 54 54 53 51 50 52 50 47 46 45 43 37 33 44 64 84 88 79 73 71 71 71 68 62 58 47 38 36 30 29 29 29 29 28 26 25 25 25 25 25 25 25 25 24 24 24 24 23 22 19 17 15 14 
10 15 24 32 43 49 54 57 58 57 58 54 52 51 56 59 60 60 59 59 59 59 59 59 59 58 58 59 59 58 58 58 57 57 57 55 55 54 54 56 54 52 50 49 47 46 45 45 44 42 40 37 31 38 61 86 85 77 73 71 70 69 67 60 56 47 42 38 31 30 30 30 30 26 26 24 25 25 25 24 24 24 24 24 23 23 23 22 21 18 17 15 14 
10 15 25 35 46 54 58 60 59 58 58 54 52 51 56 59 60 60 60 60 60 60 60 59 59 58 58 59 59 58 58 58 57 57 57 55 55 54 54 56 54 52 49 46 42 39 39 38 38 36 36 36 31 37 54 79 84 77 72 70 68 68 67 60 54 46 44 40 32 30 30 30 30 28 28 25 25 24 24 24 24 24 24 23 23 23 23 22 21 18 17 16 14 
10 15 26 38 50 58 61 61 61 59 58 56 52 50 54 59 60 60 60 60 60 60 60 60 60 58 58 58 58 58 58 57 57 57 56 54 54 54 54 56 56 52 46 43 37 33 32 33 32 31 33 36 31 38 53 73 80 77 71 68 67 67 66 59 52 46 46 44 33 30 30 30 30 30 29 26 25 24 24 24 24 24 24 23 23 23 23 22 21 19 18 17 15 
9 16 27 39 50 59 61 61 60 58 58 54 52 50 54 59 60 60 60 60 60 60 59 60 60 58 58 58 58 58 58 57 57 56 54 53 54 56 56 54 54 50 43 38 35 31 30 31 31 29 31 33 30 36 53 75 79 75 70 68 67 66 65 59 51 44 45 45 32 30 30 30 30 30 30 28 26 25 25 25 25 24 24 24 23 23 23 22 22 21 21 22 16 
10 16 27 40 52 59 61 61 60 58 58 56 52 51 54 59 60 60 60 60 60 60 59 60 60 58 58 58 58 58 58 58 58 57 55 55 55 56 56 56 54 49 40 37 32 31 30 28 30 30 31 32 30 36 53 74 78 74 72 71 68 65 64 59 54 47 45 45 31 31 32 32 32 30 30 28 26 25 25 25 25 24 24 24 23 23 23 22 22 21 19 19 19 
10 16 27 43 54 60 63 61 60 58 57 56 53 52 56 58 59 59 60 60 60 60 59 60 60 58 58 58 58 58 58 58 58 57 55 55 55 54 54 56 53 49 39 33 31 29 29 28 29 30 31 32 30 36 53 79 89 86 75 78 78 72 70 65 59 52 50 45 38 33 31 30 31 30 31 29 28 26 26 26 26 26 26 25 25 24 24 24 22 21 21 28 24 
10 16 27 44 54 60 63 61 60 58 58 56 54 53 56 58 59 59 59 59 59 59 59 59 59 58 58 58 58 58 58 57 57 57 55 55 54 54 54 52 51 46 38 32 30 29 29 29 30 30 31 32 31 33 50 80 107 113 108 104 102 99 94 89 85 78 72 59 46 32 25 29 31 30 30 30 29 29 29 29 29 26 26 28 25 26 26 24 24 22 19 33 22 
10 16 27 45 54 60 63 61 60 58 58 56 54 53 57 58 59 59 59 59 59 59 59 59 58 58 58 58 58 58 58 57 57 57 55 55 55 54 53 52 50 45 36 31 30 29 30 30 31 30 31 31 31 32 45 81 138 178 178 158 156 150 143 135 130 125 116 94 83 74 70 72 70 64 56 35 32 31 31 30 30 29 29 29 28 26 26 25 24 22 19 33 16 
10 17 27 46 54 59 61 61 60 58 58 56 56 56 57 57 58 59 59 59 59 59 58 58 58 58 58 58 58 58 58 57 57 56 54 57 57 56 53 52 50 45 35 30 30 28 29 30 31 32 32 32 32 32 51 81 169 235 243 202 201 199 196 194 190 185 177 170 165 159 158 155 146 138 131 123 117 113 113 104 102 97 94 64 58 60 63 52 42 39 39 31 8 
10 18 27 45 54 58 60 60 59 58 57 56 56 56 57 58 58 58 58 58 58 58 58 58 58 58 58 58 58 58 58 58 57 56 54 57 55 54 53 51 49 42 32 29 30 28 29 31 31 32 32 32 32 32 49 81 172 244 247 243 241 237 234 234 230 226 223 222 224 226 226 222 214 204 204 202 201 200 194 184 181 174 171 166 163 157 152 144 130 111 83 39 9 
11 18 27 45 54 57 59 60 59 57 56 57 57 57 57 58 58 58 58 58 58 58 58 58 59 59 59 59 59 59 58 58 57 56 56 54 54 54 54 51 45 41 31 27 30 29 30 32 32 33 33 34 34 32 50 90 177 252 251 251 250 249 247 245 244 243 241 241 242 243 242 241 238 236 237 242 244 244 242 237 236 235 235 234 233 226 221 217 209 193 137 52 19 
11 19 29 45 54 58 60 59 58 57 54 57 57 57 58 59 59 58 58 58 58 58 58 58 59 59 59 59 59 59 58 58 57 57 57 56 54 53 54 51 44 39 31 29 30 29 30 32 32 33 33 34 36 31 40 95 192 254 253 252 252 252 252 252 252 252 252 252 252 250 249 249 249 251 252 251 251 252 253 253 253 253 254 254 253 251 250 250 250 248 175 55 22 
11 19 28 44 56 59 61 60 59 57 54 56 57 58 58 59 59 58 58 58 58 59 59 58 59 59 59 59 59 59 58 58 57 57 57 56 54 52 53 52 44 39 31 27 30 29 30 31 31 33 33 33 36 33 26 84 193 253 253 253 252 251 251 251 251 251 251 251 251 251 251 250 250 251 251 252 252 252 252 252 252 252 253 253 253 252 251 252 253 252 184 66 26 
14 22 29 44 57 60 62 60 59 57 54 56 57 58 58 59 59 58 58 58 58 59 59 58 59 59 60 59 59 59 59 58 58 57 57 57 57 53 53 51 45 41 34 31 32 30 29 31 31 33 32 33 36 35 26 73 159 236 254 249 249 247 247 247 245 248 249 251 251 251 251 251 251 252 252 252 252 252 252 252 252 252 252 252 252 251 249 251 252 250 187 68 27 
12 21 29 44 57 60 62 60 59 57 54 56 57 58 58 59 58 58 58 59 59 59 59 58 59 59 60 59 59 59 59 59 59 58 58 58 58 56 56 53 47 46 43 40 33 30 29 31 32 34 33 33 33 35 31 58 123 208 249 224 226 224 224 226 226 228 230 235 236 237 236 236 236 240 242 245 247 250 250 250 250 248 247 245 245 245 249 249 249 242 187 65 23 
12 21 29 45 57 60 62 60 59 57 54 56 57 58 58 59 58 58 58 59 60 60 60 59 59 59 60 60 59 59 59 59 59 59 59 58 58 57 57 55 48 42 44 53 39 30 29 32 32 33 34 33 33 35 32 37 89 166 215 187 188 189 192 193 195 194 192 189 187 184 184 182 182 186 189 199 201 203 203 203 203 206 208 215 222 229 234 235 231 226 179 59 20 
12 21 28 45 56 59 61 60 59 57 57 56 57 58 58 59 59 59 59 59 60 59 59 59 59 59 59 60 60 60 60 60 60 59 59 59 59 59 60 55 50 54 61 55 40 30 30 32 32 32 33 34 34 33 35 40 54 102 137 110 110 109 109 108 109 110 110 108 109 111 114 116 118 121 122 123 124 125 128 130 131 135 137 148 156 157 150 155 165 149 121 38 18 
12 21 29 45 57 60 62 60 59 57 57 56 57 58 58 59 59 59 59 59 60 59 59 59 59 59 60 60 60 60 60 60 60 60 60 59 59 60 60 57 51 44 51 59 44 29 29 32 32 32 33 34 34 33 33 37 47 64 78 87 85 82 81 81 81 81 81 80 80 82 83 82 85 86 87 88 88 89 90 93 94 95 95 97 100 101 95 99 109 94 69 25 18 
14 22 29 45 57 59 61 59 58 57 57 56 57 58 58 59 59 59 59 60 60 59 60 60 60 60 60 61 61 61 61 61 61 62 62 61 61 61 61 59 54 47 44 41 33 26 29 31 32 32 33 33 33 33 35 38 40 50 61 73 71 70 68 67 67 67 67 68 68 70 70 71 71 72 71 71 70 70 71 73 74 74 74 75 75 77 72 75 82 72 52 21 16 
14 22 29 45 57 59 61 59 58 57 57 56 57 58 58 59 59 59 59 60 60 60 60 60 60 60 60 60 60 60 60 60 60 61 61 61 61 61 61 61 58 50 48 44 36 24 26 29 31 32 33 32 33 33 33 35 35 38 53 63 59 60 59 57 56 56 56 57 58 58 58 59 58 57 56 54 54 54 56 58 59 60 61 61 63 64 60 63 70 60 45 21 15 
14 22 30 45 57 60 62 60 58 54 54 56 57 58 58 58 58 58 58 58 59 59 59 60 60 60 60 60 60 61 61 60 60 61 61 62 62 60 60 61 59 54 54 48 37 24 24 29 30 32 33 32 32 31 31 30 25 29 42 53 51 50 49 45 44 44 43 45 46 47 46 46 45 44 43 40 40 40 42 44 45 44 44 43 43 42 40 42 44 39 31 21 12 
14 22 30 45 56 60 62 60 59 56 56 57 58 58 59 58 58 58 58 58 59 59 59 60 60 60 60 60 60 61 61 60 60 61 61 61 62 61 61 62 59 57 55 44 34 29 28 29 30 31 32 32 31 31 32 31 28 30 38 40 38 38 37 35 33 32 30 32 32 32 32 31 31 30 30 29 29 29 30 32 33 32 31 29 28 25 25 25 24 22 19 16 14 
14 23 31 45 56 59 60 58 58 56 56 57 59 59 58 58 58 58 58 58 59 59 59 60 60 60 61 60 60 61 61 60 60 61 61 62 62 61 63 62 59 58 54 45 39 35 29 28 30 30 31 32 32 33 35 32 31 32 36 35 32 29 28 25 23 21 19 18 18 18 18 19 19 18 18 18 18 18 19 22 23 23 23 23 22 23 24 23 22 21 19 15 10 
14 23 31 45 56 59 60 59 59 57 57 58 59 59 59 59 59 59 58 58 59 59 60 60 60 61 61 61 61 62 62 61 61 62 62 61 62 61 63 64 61 58 53 46 46 39 29 28 30 30 31 31 31 31 31 32 32 31 33 33 29 25 23 22 21 19 17 18 18 18 18 18 17 16 16 16 16 17 17 17 18 18 19 18 18 18 19 19 19 19 18 15 10 
14 22 30 44 54 59 60 60 60 57 57 58 58 59 59 59 59 58 58 58 59 59 59 60 60 61 62 62 62 61 61 61 61 62 62 62 64 62 64 62 62 58 52 46 44 42 29 26 29 30 31 31 30 30 31 30 30 30 31 31 29 27 24 21 23 22 19 18 18 17 16 17 17 16 16 15 15 16 16 17 17 18 18 18 18 17 17 17 17 17 16 15 14 
14 22 30 44 54 58 59 60 60 58 58 57 58 59 58 59 59 58 58 58 59 59 59 60 60 61 62 62 62 61 61 61 63 64 64 62 64 64 64 64 64 60 56 46 48 45 30 28 29 29 30 30 30 30 30 29 29 29 29 30 30 32 30 23 23 22 20 19 19 18 18 18 18 17 17 16 16 17 17 17 18 19 19 19 19 17 18 18 18 18 17 14 10 
14 22 30 45 54 58 59 60 60 59 59 58 59 59 59 59 59 58 58 58 59 59 60 61 62 61 61 63 63 64 64 64 64 63 63 64 65 64 66 65 64 65 60 56 53 50 37 30 29 29 29 30 29 29 29 29 28 28 28 29 31 35 32 25 23 22 22 21 21 20 20 19 19 20 20 18 18 18 18 18 18 18 18 18 18 18 18 18 18 18 17 15 14 
14 22 31 45 56 58 59 60 60 59 59 58 59 59 59 58 58 58 59 59 59 60 60 61 62 61 61 63 63 64 64 64 64 63 64 65 65 66 68 64 67 72 63 56 59 54 43 33 31 30 29 28 29 29 29 28 28 29 29 30 33 37 35 28 24 23 24 22 21 20 20 19 19 20 20 19 19 18 18 18 18 18 18 18 18 18 18 18 18 18 17 15 15 
14 22 31 45 56 59 60 60 60 58 58 58 58 58 58 58 58 58 59 59 59 60 60 60 61 61 61 64 64 64 64 63 64 64 64 65 66 66 68 70 77 86 85 70 64 59 47 39 31 28 26 28 29 29 29 28 28 29 30 31 33 38 37 31 28 26 26 25 25 24 24 25 25 23 22 21 21 19 18 18 18 18 18 18 18 18 18 18 18 18 17 15 14 
14 22 31 46 56 59 60 60 59 57 57 58 58 58 58 58 58 58 59 59 59 60 60 60 61 61 61 64 64 64 64 64 64 65 66 66 66 67 72 75 84 107 127 86 67 63 53 43 31 28 26 28 29 29 29 29 28 29 30 31 33 36 38 35 30 29 28 26 26 26 25 25 25 23 22 21 21 19 18 18 19 19 19 19 19 19 18 18 19 18 17 15 14 
14 24 33 47 57 59 60 59 59 58 59 58 57 58 58 58 58 58 59 59 59 60 60 60 61 62 62 64 64 63 63 64 64 65 67 67 67 71 74 75 88 118 148 97 67 65 60 47 33 28 26 26 28 29 29 28 26 28 29 31 32 36 38 37 32 29 29 29 29 29 29 29 27 26 25 22 21 19 19 19 19 19 21 21 19 19 19 19 19 19 18 15 14 
14 24 32 47 57 59 60 59 59 59 60 58 58 58 58 58 58 58 59 59 59 60 60 60 61 62 64 64 65 64 64 65 65 65 66 67 70 78 77 88 113 135 159 123 78 65 64 50 38 28 26 26 28 29 29 28 26 28 29 30 32 36 39 40 35 30 31 31 31 32 32 31 30 29 26 22 21 19 19 19 19 21 22 21 21 21 19 19 19 19 18 15 14 
12 23 32 46 57 59 61 59 59 58 58 58 58 58 57 58 59 59 59 61 61 60 61 61 60 62 62 64 64 64 64 65 65 64 64 65 67 74 80 97 123 142 156 124 72 59 51 41 34 30 29 27 26 25 25 25 26 26 26 29 30 34 37 39 35 27 31 31 32 36 34 32 30 26 25 22 21 21 21 21 21 22 24 23 22 22 21 21 22 21 18 16 14 
14 23 32 46 57 59 61 59 59 58 59 58 58 57 57 58 59 59 59 61 61 60 61 61 61 62 62 64 64 63 64 65 66 65 63 65 72 80 81 113 128 155 165 127 77 59 52 46 36 32 29 25 25 24 24 24 25 25 25 26 29 32 34 36 33 27 30 30 32 34 34 33 31 28 24 23 22 21 21 21 22 23 25 24 23 22 21 21 22 22 18 16 12 
14 24 32 45 57 60 61 59 59 58 59 58 58 57 58 59 59 59 59 61 61 60 61 61 61 61 61 64 64 63 64 65 67 69 74 74 81 95 109 137 157 175 179 134 84 67 60 52 42 33 28 23 22 22 22 22 24 24 25 25 26 29 30 33 36 33 29 31 32 33 33 31 30 26 24 23 22 21 19 21 22 23 26 24 23 23 22 21 26 27 20 17 12 
15 24 32 45 57 60 61 59 59 58 59 58 58 58 58 59 59 59 60 61 61 60 61 61 61 61 61 64 64 64 64 66 67 75 82 82 89 120 153 171 184 193 182 137 85 68 65 59 45 36 28 22 19 19 22 22 23 24 25 26 26 28 30 33 36 36 30 30 31 32 32 30 29 26 24 23 22 19 18 19 22 24 28 25 23 23 20 19 35 38 20 16 12 
15 24 32 46 57 59 60 60 60 59 59 58 58 58 57 58 58 59 59 60 60 60 60 61 61 61 63 64 64 64 64 65 67 75 82 86 93 130 181 185 185 189 182 132 77 66 66 65 53 39 30 22 21 21 21 21 23 24 26 26 26 28 30 33 36 37 31 29 29 30 29 29 27 24 23 23 22 22 19 19 22 23 25 26 24 24 22 37 94 120 81 30 8 
15 24 32 46 57 59 60 60 59 59 59 58 58 58 58 59 59 59 59 60 60 60 60 61 61 61 63 64 64 63 65 66 67 73 80 85 102 139 186 192 185 187 178 139 79 66 66 66 60 47 37 29 24 23 22 23 23 24 26 26 26 28 29 32 34 33 31 30 30 29 28 27 27 24 23 23 22 22 19 19 22 23 24 27 26 25 47 101 172 180 113 33 8 
15 24 32 46 57 59 60 60 59 59 59 58 57 58 58 59 59 59 59 60 60 60 60 61 61 61 63 64 64 63 64 65 66 70 75 80 100 129 163 178 187 191 178 156 87 65 66 70 66 56 45 35 29 28 25 25 25 26 26 28 28 28 29 30 31 33 33 33 29 28 26 25 25 24 24 24 23 22 19 22 24 25 28 31 32 32 80 174 237 209 118 36 8 
15 24 33 46 57 59 60 60 59 59 59 57 58 58 58 59 59 59 59 60 60 60 60 61 61 61 63 64 64 63 64 64 65 68 73 78 86 102 135 155 191 193 182 161 89 66 68 73 71 63 52 43 36 31 29 26 28 28 28 28 28 28 29 30 30 32 34 33 29 26 25 25 24 24 24 24 24 23 21 24 25 28 30 39 40 37 80 181 254 226 127 36 7 
15 24 33 46 57 58 59 59 59 58 58 58 58 59 59 59 59 59 59 59 59 59 60 60 60 62 62 64 64 63 64 65 66 69 73 74 74 73 113 144 191 194 145 134 85 67 69 73 72 69 62 51 43 35 31 28 28 29 30 30 30 29 29 30 30 31 35 35 29 26 25 24 24 24 25 25 24 23 22 24 26 28 31 44 58 61 73 132 235 222 123 38 8 
15 24 33 46 57 58 59 59 59 59 58 58 58 59 59 59 59 59 59 59 59 59 60 60 60 62 62 64 64 63 64 65 67 69 72 73 74 75 101 139 189 196 157 134 84 67 69 73 74 76 71 59 49 39 33 30 29 30 30 30 30 29 29 29 29 30 32 35 32 28 25 25 23 23 25 25 25 24 23 24 26 28 31 42 56 60 61 101 179 175 100 31 8 
15 24 33 46 57 58 59 59 59 59 59 58 58 59 59 59 59 59 59 59 59 59 60 60 60 62 62 64 64 63 64 66 67 68 70 71 74 75 89 135 187 196 170 136 84 66 67 74 78 80 76 67 56 45 38 33 31 31 31 30 30 29 29 29 28 29 31 35 35 29 25 25 23 23 25 24 24 24 24 24 26 28 31 31 47 53 53 57 97 97 53 17 9 
15 24 33 46 57 58 59 59 59 59 59 58 58 59 59 59 59 59 59 59 59 59 60 60 60 62 62 64 64 63 64 66 67 68 70 71 74 75 88 122 181 198 174 137 86 65 64 72 78 80 79 71 61 51 43 35 31 31 31 30 30 29 29 29 29 28 29 33 35 32 28 25 24 24 25 24 23 23 24 25 27 29 31 29 39 44 41 32 36 35 17 11 11 
15 24 33 47 57 58 59 59 59 59 59 58 59 59 59 59 59 59 59 59 59 59 59 60 60 62 62 64 64 63 64 66 67 67 67 70 71 72 85 110 174 194 175 138 86 61 60 68 76 81 79 75 68 59 51 39 33 31 29 30 30 29 29 29 29 28 29 30 35 34 30 26 26 24 23 24 22 23 23 24 26 28 31 28 31 31 31 37 33 30 16 12 10 
15 24 33 47 57 58 59 59 58 58 58 58 59 59 59 59 59 59 59 59 59 59 59 60 60 62 62 64 64 63 64 66 66 67 67 68 68 70 80 107 166 189 174 137 86 58 54 69 78 84 82 81 77 67 57 44 38 33 30 31 31 30 29 29 29 29 29 30 35 34 32 29 26 24 24 24 22 23 23 25 27 28 30 29 29 30 32 35 33 31 18 12 10 
14 24 33 47 58 58 59 58 58 58 58 58 59 59 59 59 59 59 59 59 59 59 59 60 60 62 62 64 64 64 65 66 66 66 67 67 67 68 74 102 164 184 174 134 87 54 51 70 78 87 86 85 81 74 64 50 42 35 31 30 30 30 29 29 29 29 29 29 32 33 32 29 25 23 23 23 22 23 23 24 25 27 30 29 26 27 31 33 32 28 17 12 10 
14 24 33 47 57 59 59 59 58 58 58 59 59 59 59 59 59 59 59 59 59 59 59 60 60 62 62 62 62 64 65 65 66 66 67 67 68 68 73 90 144 175 174 128 86 63 54 70 78 87 87 85 82 79 73 58 44 36 31 31 31 30 30 29 29 30 29 29 32 33 33 30 26 23 22 23 22 24 24 25 24 26 27 26 25 26 29 31 30 25 17 14 11 
12 23 32 47 57 58 59 58 58 58 58 59 59 59 59 59 59 59 59 59 59 60 60 60 61 60 61 61 61 62 64 65 66 67 68 67 68 70 73 74 108 165 173 124 94 76 64 67 77 85 85 86 85 84 87 65 51 39 36 31 30 30 30 30 28 29 29 29 30 33 33 30 26 22 19 21 22 23 25 24 23 23 25 24 24 24 26 26 29 24 16 13 12 
12 23 32 47 58 58 59 58 58 58 58 59 59 59 59 59 59 59 59 59 59 60 60 60 61 61 61 61 61 62 64 65 66 67 68 67 68 71 73 73 102 153 172 149 116 86 68 65 77 84 84 86 86 85 87 73 57 44 33 28 29 30 30 30 29 29 29 28 30 33 33 30 23 18 16 17 18 22 23 23 21 22 23 23 23 23 24 24 26 23 16 13 12 
12 23 32 47 58 58 59 58 58 58 58 59 59 59 59 59 59 59 59 59 59 60 60 60 61 61 61 61 61 62 64 64 66 67 68 68 69 71 72 72 89 130 163 187 139 87 65 80 107 117 97 87 86 87 88 85 66 50 37 33 31 30 30 30 29 29 29 29 30 34 36 31 21 15 14 12 15 17 17 17 18 19 21 22 22 22 23 25 25 22 16 13 12 
12 23 32 49 59 59 60 58 58 58 58 59 59 59 59 59 59 59 59 59 59 60 60 60 61 61 61 61 61 62 64 64 66 67 68 68 69 70 70 71 81 115 155 198 152 101 78 99 134 144 116 87 86 88 88 88 76 57 44 50 34 30 31 30 29 29 29 29 30 34 34 32 19 14 13 11 12 15 16 16 17 19 22 22 22 23 24 25 25 21 16 13 12 
12 23 32 49 59 59 60 58 58 58 58 59 59 59 59 59 59 59 59 59 59 60 60 60 61 61 61 61 61 62 64 64 66 67 68 68 69 69 71 71 74 94 135 198 152 101 78 88 145 176 147 101 88 88 88 88 82 73 58 65 37 29 31 30 29 29 29 28 30 33 35 32 21 15 11 11 15 15 16 16 17 19 21 22 23 25 25 24 24 21 15 13 12 
12 23 32 49 59 59 60 58 58 58 58 59 59 59 59 59 59 59 59 59 59 60 60 60 61 61 61 61 61 62 64 64 66 67 68 68 69 71 72 72 73 87 123 198 152 101 78 87 146 182 156 116 94 88 88 88 83 84 73 69 48 35 31 30 30 29 29 28 30 32 33 33 19 15 14 15 15 15 17 17 17 19 21 22 22 24 25 24 23 21 15 12 12 
12 23 32 49 59 59 60 58 58 58 58 59 59 59 59 59 59 59 59 59 59 59 59 60 61 61 61 61 61 62 64 64 65 67 68 67 68 71 73 72 74 80 103 195 155 101 75 87 146 193 171 141 101 90 90 88 86 85 84 71 57 42 32 29 29 28 29 28 29 32 33 36 23 19 18 17 15 14 15 16 16 18 19 22 22 24 25 24 23 21 15 13 12 
12 23 32 49 59 59 60 58 58 58 58 59 59 59 59 59 59 59 59 59 59 59 59 60 61 61 61 61 61 62 64 64 65 67 68 67 68 70 78 71 75 79 94 194 157 101 74 87 146 196 180 157 116 100 93 88 88 86 80 73 65 50 32 26 26 29 29 28 29 32 33 37 30 26 22 17 13 12 14 14 16 18 19 21 22 24 24 23 23 19 16 13 12 
12 23 32 49 59 59 60 58 58 58 58 58 58 58 58 60 60 59 59 58 58 59 59 60 60 61 61 60 61 61 61 61 64 65 66 68 69 68 70 72 75 79 86 174 158 102 73 88 138 186 186 162 132 108 92 86 82 80 78 72 68 54 34 24 24 26 29 28 28 30 33 37 40 32 23 16 13 12 12 14 15 17 18 19 22 22 23 23 21 21 16 12 11 
12 23 32 49 59 59 60 58 58 58 58 58 58 58 58 60 60 59 59 58 58 58 58 59 60 60 60 60 60 60 61 61 63 64 65 67 68 68 68 71 75 78 85 166 158 106 74 89 136 185 186 166 135 108 90 80 77 74 72 68 64 52 36 23 20 24 26 25 28 29 32 37 44 39 28 16 15 15 16 16 17 18 19 19 22 23 23 22 21 18 15 12 11 
12 23 32 49 59 59 60 58 58 58 58 58 58 58 58 60 60 59 59 58 58 58 58 59 59 59 60 60 60 61 61 61 62 61 63 66 67 67 68 71 75 78 82 157 157 110 84 92 131 180 188 175 141 108 81 73 70 67 66 63 59 52 40 27 20 21 22 24 26 27 32 36 48 43 31 22 19 18 19 19 18 19 19 22 23 23 23 23 22 17 15 14 11 
12 23 32 49 59 59 60 58 58 58 58 58 58 58 58 60 60 59 59 58 58 58 58 59 59 59 59 60 60 60 61 61 61 61 61 64 66 66 67 71 74 77 81 150 156 115 86 94 130 179 189 178 144 106 75 70 68 66 63 56 52 52 47 34 22 18 22 24 25 29 32 37 43 40 35 32 30 26 25 25 23 23 22 24 25 24 25 24 20 16 12 11 10 
12 23 32 49 59 59 60 58 58 58 58 58 58 58 58 60 60 59 59 58 58 58 58 59 59 59 59 60 60 60 60 60 61 61 61 62 65 65 66 71 74 75 78 131 155 117 79 95 122 171 191 179 148 109 74 68 65 60 57 52 49 51 50 42 31 29 30 31 31 31 31 36 39 39 39 39 37 34 32 31 29 26 26 28 28 28 28 26 22 17 14 11 10 
12 23 32 49 59 59 60 58 58 58 58 58 58 58 58 60 60 59 59 58 58 58 58 59 59 59 59 60 60 60 60 60 60 60 60 61 64 63 65 71 74 74 77 124 152 122 81 94 114 163 189 185 158 120 81 68 65 59 57 54 53 53 52 51 42 38 39 38 36 32 32 33 36 38 39 44 44 40 39 37 36 33 35 36 33 32 29 29 28 23 16 12 11 
12 23 32 49 58 59 59 58 58 58 58 58 58 58 58 59 59 59 59 58 58 58 58 59 59 59 59 59 59 59 59 59 59 59 59 59 60 60 64 71 74 73 74 115 150 129 91 88 108 156 182 200 173 135 96 67 63 58 57 56 56 55 55 59 56 57 53 50 41 35 32 32 33 33 38 52 59 57 52 51 50 49 49 47 44 40 38 38 37 26 16 10 10 
12 23 32 50 58 59 59 58 58 58 58 58 58 58 58 59 59 59 59 58 57 57 57 58 58 58 58 57 57 57 57 57 57 57 58 58 59 59 61 69 72 70 71 110 148 131 96 87 104 152 179 207 177 146 103 67 63 59 58 57 56 57 57 60 66 72 68 59 46 35 33 33 33 33 37 53 64 66 64 63 61 59 59 57 57 56 56 54 45 30 17 9 10 
15 22 32 50 58 58 59 58 58 58 58 58 58 57 57 58 58 57 57 58 58 58 58 58 58 58 58 58 58 57 57 56 56 56 57 57 57 58 59 58 60 66 69 102 131 134 101 87 99 123 150 178 179 160 128 79 66 61 60 59 58 59 59 60 60 78 96 117 78 43 37 37 33 33 37 50 65 70 70 70 71 70 70 68 66 64 64 60 52 32 21 11 12 
15 22 32 50 58 58 58 57 58 58 58 58 58 57 57 57 57 57 57 58 58 58 58 57 57 57 57 57 57 55 55 54 54 54 56 57 57 57 58 58 59 64 68 75 110 122 106 86 97 111 131 158 179 172 144 94 72 64 63 60 59 60 60 60 58 73 90 128 97 64 50 39 35 33 36 47 64 74 77 77 77 75 77 74 72 70 71 67 59 37 21 11 12 
15 22 33 51 58 58 58 57 58 58 58 57 57 57 57 57 57 57 57 56 56 56 56 56 56 56 56 56 56 54 54 54 54 54 54 56 56 57 57 57 59 60 65 68 94 96 90 79 101 108 114 123 152 158 145 118 82 68 66 61 59 61 61 68 60 67 82 122 122 96 70 45 36 35 36 47 66 75 79 78 77 78 79 81 80 79 79 74 65 40 23 10 10 
15 22 33 51 58 57 58 58 58 58 58 59 58 58 58 58 58 57 57 57 56 56 56 56 56 56 56 56 56 54 54 54 54 54 54 56 56 57 57 57 59 59 63 66 80 77 75 71 104 107 97 85 123 138 138 134 97 79 71 63 60 61 61 71 62 63 73 110 129 120 89 57 39 36 35 45 65 76 80 79 77 78 80 83 83 82 84 78 67 42 23 9 10 
15 22 33 51 58 57 58 58 58 58 58 59 59 59 58 58 58 57 57 56 56 56 56 56 56 56 56 56 56 54 54 54 54 55 55 57 57 57 57 57 60 60 61 65 63 64 64 89 104 107 102 99 93 122 153 124 94 72 70 61 60 62 62 67 62 63 67 80 110 123 108 73 49 38 36 44 60 73 80 81 79 79 80 83 85 86 87 81 68 42 24 12 12 
15 22 33 51 57 57 58 58 58 58 58 59 59 59 59 58 58 57 57 56 56 56 56 56 56 56 56 56 56 54 54 54 54 55 55 55 55 55 57 57 59 59 59 64 61 64 64 86 103 102 100 106 93 100 132 145 119 89 71 61 60 62 62 66 62 63 66 73 100 117 113 86 60 43 44 47 51 66 82 85 82 82 82 83 85 85 86 82 70 40 23 13 12 
13 22 32 50 57 58 58 58 58 59 59 60 60 59 59 58 58 57 57 57 56 56 56 56 56 56 56 56 56 54 54 54 54 54 54 54 54 54 56 56 56 57 58 64 62 63 65 80 98 96 92 110 102 95 103 155 150 123 85 60 60 61 61 64 61 64 66 68 89 112 116 104 73 49 38 44 40 57 82 89 87 86 84 82 81 82 87 84 70 43 23 12 11 
12 21 33 50 57 58 58 58 59 59 60 61 61 60 60 59 59 58 57 57 57 56 56 56 56 56 56 56 56 54 54 54 54 54 54 54 54 54 56 56 56 57 58 62 64 64 66 79 91 92 89 108 101 97 100 130 157 149 116 60 60 61 61 63 63 65 65 67 80 97 108 113 86 60 43 46 32 49 79 90 91 89 85 81 79 84 89 85 70 43 21 8 8 
12 21 33 51 56 58 58 59 59 59 59 60 60 59 59 58 58 57 58 58 58 58 57 57 57 57 57 57 57 55 55 55 55 55 55 55 55 55 57 57 57 57 59 62 64 64 71 79 86 89 89 99 99 97 97 114 150 166 146 88 60 60 61 61 61 63 63 66 74 88 102 102 89 78 61 37 28 40 67 87 89 89 87 82 80 85 92 85 72 45 27 14 11 
13 22 33 53 58 58 59 59 59 60 60 60 60 59 59 59 59 58 58 59 59 59 58 58 57 57 57 57 57 55 55 55 55 55 55 55 55 55 57 57 57 58 59 62 64 66 78 82 86 89 89 92 94 96 96 90 118 158 166 110 74 60 61 61 61 63 63 65 70 81 95 79 74 78 67 51 40 40 57 77 85 88 87 85 80 87 93 88 78 67 52 29 17 
16 26 36 57 59 58 60 60 60 60 60 59 59 60 60 60 60 60 60 60 60 60 59 59 58 58 58 57 57 55 55 55 55 54 54 54 54 54 56 56 56 57 58 63 65 70 86 84 85 87 87 88 88 89 89 75 84 135 171 145 89 60 63 61 61 61 61 64 68 75 89 77 71 68 63 56 51 46 49 64 76 85 87 90 81 86 93 92 88 88 85 46 25 
24 33 42 58 60 60 60 60 60 60 60 60 60 60 60 60 60 60 60 60 60 60 59 59 58 58 57 57 55 55 55 55 55 54 54 54 54 54 56 56 56 57 59 63 67 78 88 86 85 86 86 86 86 86 86 82 73 103 150 164 111 74 64 61 60 60 61 63 67 73 82 82 70 59 45 54 56 53 43 43 65 80 83 93 82 85 90 94 96 101 99 59 30 
43 53 58 61 61 63 63 61 60 60 60 60 60 61 61 61 61 61 61 61 61 61 60 60 59 59 58 56 54 54 54 54 54 54 54 54 54 54 56 56 56 57 57 65 71 84 87 85 85 85 85 86 86 85 85 84 85 89 95 126 91 75 66 61 61 61 60 63 67 72 78 84 70 51 56 61 64 58 51 43 50 61 72 86 75 77 84 92 97 100 96 66 31 
55 65 65 65 65 64 64 61 60 60 61 60 61 62 62 62 61 61 61 61 61 61 60 60 59 59 58 56 54 54 53 53 53 53 54 54 54 56 56 56 56 54 54 67 78 85 86 85 85 85 85 86 86 86 86 92 94 89 82 91 80 72 68 66 63 65 64 65 68 73 78 82 70 57 61 70 70 63 58 49 42 51 65 78 69 72 81 84 92 84 72 51 25 
60 70 68 65 64 64 64 61 60 60 61 61 61 61 61 61 61 61 61 61 60 60 59 59 58 58 57 57 57 55 54 53 53 54 55 54 54 56 56 56 56 55 55 72 84 85 85 85 85 85 85 86 86 86 86 95 109 102 82 75 74 73 72 70 67 67 67 68 71 74 78 82 71 67 77 85 73 65 60 49 42 46 61 67 59 64 75 79 79 60 36 24 16 
52 60 63 61 63 64 64 61 60 61 61 63 61 60 60 60 60 60 60 60 60 60 60 59 59 58 58 58 58 57 55 54 54 55 55 54 54 56 56 56 56 55 57 74 84 84 85 85 85 85 85 85 85 85 86 82 104 116 95 79 74 73 73 70 70 68 68 69 71 73 77 80 72 72 85 82 72 65 59 51 43 46 60 64 57 61 74 78 71 45 23 13 9 
29 33 38 59 61 65 65 61 62 63 63 63 63 60 60 60 60 60 60 60 60 59 59 59 59 58 58 56 56 54 53 53 53 54 54 56 56 58 58 57 57 56 56 72 80 84 85 85 85 86 86 85 85 85 85 88 96 97 100 86 77 73 73 71 71 71 70 70 71 73 74 76 75 79 88 80 71 65 55 58 46 46 60 54 54 54 54 74 60 26 15 11 11 
18 24 30 57 60 65 65 62 62 63 63 64 64 60 59 59 59 59 59 59 59 59 59 59 59 58 57 57 57 56 54 54 54 56 56 57 57 58 58 57 58 57 58 73 80 84 85 86 86 86 86 85 85 85 85 89 92 96 100 90 79 73 73 72 72 71 71 71 71 73 74 72 74 81 79 78 70 62 51 60 47 46 60 72 72 72 72 73 53 26 15 11 11 
12 19 29 57 59 64 64 61 61 63 63 64 64 61 60 60 60 59 60 59 59 59 59 59 59 59 59 58 57 56 56 54 56 57 59 58 58 57 58 57 58 60 66 75 82 85 86 86 86 86 86 86 86 86 86 88 92 95 97 97 85 76 72 71 71 72 73 73 73 74 74 67 75 90 87 74 67 57 43 59 50 49 59 80 80 80 80 70 51 25 14 10 10 
11 17 29 56 59 64 64 61 61 63 63 64 64 61 60 60 60 59 60 59 59 59 59 59 59 59 59 58 57 57 57 57 58 60 60 58 58 57 58 58 57 59 66 82 86 86 86 86 86 87 87 86 86 86 86 87 89 94 94 101 92 78 72 70 71 73 74 74 74 74 74 77 86 104 114 68 61 50 42 58 51 51 60 71 71 71 71 67 50 25 15 10 10 
13 22 36 56 59 64 64 61 61 63 63 64 64 61 60 60 60 59 60 59 59 59 59 60 60 58 58 58 57 58 58 58 59 61 61 59 58 58 59 57 53 61 72 87 87 86 87 89 88 86 86 85 85 85 85 86 89 92 92 103 93 79 69 69 72 74 75 75 75 75 75 78 93 125 141 96 56 45 52 57 52 54 59 59 59 59 59 63 46 25 15 10 10 
15 22 33 56 59 64 64 61 61 63 63 64 64 61 60 60 60 59 60 59 59 59 59 60 60 58 58 58 57 58 59 59 59 59 59 58 58 58 59 56 52 59 73 88 87 86 88 89 88 86 86 86 85 84 84 85 88 89 90 102 90 80 69 69 71 74 77 77 77 77 77 79 99 138 158 117 74 60 62 58 56 54 57 51 49 46 46 61 45 24 15 10 10 
11 18 29 55 61 65 64 61 63 63 64 64 64 60 60 60 60 60 61 60 60 60 60 59 59 60 60 59 59 59 59 57 57 57 55 55 57 57 58 53 49 58 74 88 86 86 87 87 86 86 86 87 86 85 85 85 87 88 88 95 88 80 74 71 71 74 75 75 77 79 80 86 100 135 151 128 74 64 72 58 58 54 53 51 49 47 47 62 47 26 16 11 11 
8 11 20 54 62 65 65 63 63 63 64 64 64 61 60 60 60 61 61 60 60 60 60 59 59 60 60 59 59 59 59 56 56 54 53 53 53 56 57 50 44 61 81 88 85 86 86 87 86 86 86 87 87 86 86 85 87 88 88 88 87 81 79 73 71 74 77 77 77 80 82 89 96 117 127 120 73 66 61 61 59 59 58 59 59 60 60 64 48 29 17 11 11 
6 10 24 54 64 66 65 63 63 64 65 65 65 61 60 60 60 60 60 60 60 60 60 59 59 60 61 60 60 60 58 56 54 54 53 51 52 56 52 45 43 66 88 87 86 86 87 87 86 85 86 86 86 86 86 85 86 86 86 87 87 82 81 78 73 74 74 74 77 80 82 90 89 107 137 115 93 71 72 71 71 67 65 61 61 64 67 67 54 30 16 10 10 
7 11 25 54 65 66 66 64 64 65 65 66 65 63 61 61 61 60 60 60 60 60 60 59 60 61 61 60 59 59 57 53 53 53 53 53 52 53 45 38 44 73 92 87 86 87 87 87 87 86 86 86 86 86 86 85 86 87 87 88 88 84 84 83 79 75 72 72 75 80 84 88 90 122 158 162 115 79 83 82 82 80 79 77 71 65 63 75 63 33 14 10 10 
7 12 26 54 66 69 69 66 66 66 67 66 66 64 63 63 63 61 61 60 60 60 60 60 61 61 61 61 59 57 54 52 51 53 54 54 53 47 35 32 49 81 95 87 86 86 86 86 86 86 86 86 86 87 86 85 86 87 87 88 88 85 85 85 82 78 70 72 74 80 84 88 89 122 158 173 128 94 87 84 85 84 84 82 86 90 93 112 85 38 12 10 10 
8 14 29 54 66 69 69 66 66 66 67 66 66 64 63 63 63 63 63 61 61 61 61 61 63 62 62 60 58 55 53 50 50 52 53 56 47 36 29 33 53 84 94 87 85 86 86 86 86 86 86 86 86 86 86 85 86 87 87 88 88 87 87 87 86 84 78 70 74 80 85 88 88 107 137 145 121 116 90 89 89 89 89 86 99 126 140 166 114 52 23 10 10 
9 17 32 55 67 71 71 67 67 67 68 67 67 65 64 64 64 63 63 61 61 61 61 61 63 61 60 59 55 52 50 47 49 53 55 59 43 29 24 33 58 84 87 87 86 86 86 86 86 86 86 86 86 85 84 84 86 87 87 87 87 87 87 86 86 86 82 73 73 79 84 86 85 92 109 116 117 109 108 103 93 111 137 160 180 201 203 195 134 54 10 9 9 
10 19 36 57 68 72 72 68 68 68 69 68 68 66 65 65 65 64 64 63 63 63 63 63 63 60 59 57 53 50 50 49 51 54 55 47 33 26 28 43 64 79 84 85 85 85 85 85 85 85 85 85 85 84 82 82 85 86 86 86 86 86 86 85 85 84 84 80 73 75 80 84 82 87 92 100 111 125 136 149 158 188 211 206 227 229 194 157 104 45 12 9 9 
11 22 38 57 68 72 72 69 68 68 68 68 68 66 65 65 65 64 64 64 63 63 64 63 61 60 57 53 51 50 50 50 52 52 54 32 26 26 32 52 72 79 80 81 81 82 82 83 83 83 83 83 83 81 80 80 82 84 84 85 85 84 84 84 84 85 85 85 72 74 77 81 82 87 89 94 99 128 151 213 230 249 248 230 229 194 144 110 70 35 12 9 9 
12 23 39 57 68 73 72 71 68 68 68 68 68 67 66 66 66 65 65 64 64 64 65 63 61 60 55 50 50 51 51 50 52 51 54 30 26 26 36 56 77 79 78 75 77 78 78 79 79 79 79 79 79 77 75 75 78 79 79 80 80 79 79 79 79 80 80 81 73 73 75 79 81 85 86 86 87 111 149 222 237 235 217 203 169 118 88 79 54 35 12 9 9 
12 22 38 57 68 72 72 69 68 67 68 68 68 67 66 65 65 65 65 65 64 64 64 64 61 58 53 50 48 51 51 58 50 44 29 28 25 29 39 58 73 75 75 74 74 72 72 72 72 72 72 71 71 71 70 70 71 71 71 74 74 74 73 73 73 74 74 74 71 72 74 75 78 80 82 81 73 101 132 175 206 182 129 89 88 86 86 78 61 35 12 10 10 
12 22 38 57 67 72 71 69 68 67 67 68 67 67 66 65 65 65 65 65 65 65 64 61 59 55 52 48 48 51 52 48 41 35 23 25 24 30 43 61 79 75 72 71 71 68 70 70 70 70 70 70 68 68 67 67 68 70 70 71 71 71 70 70 70 71 71 71 71 72 74 75 78 77 82 92 82 89 106 153 195 172 111 92 90 87 87 76 61 35 12 10 10 
13 24 40 56 66 71 70 68 67 67 67 68 67 67 66 65 65 65 66 66 66 66 63 60 57 53 51 49 47 48 45 42 33 26 17 22 24 30 46 69 81 75 71 69 69 69 69 68 68 68 68 67 67 67 66 66 66 67 67 68 68 68 67 67 67 68 68 70 71 72 73 76 78 80 83 100 96 85 92 120 146 142 108 93 92 88 89 81 62 36 15 10 10 
13 25 39 57 65 70 70 68 67 67 67 68 67 67 66 65 65 65 65 66 67 66 61 58 54 52 50 50 47 48 41 37 29 18 17 21 28 33 53 78 80 74 71 69 68 67 67 66 66 66 66 66 66 66 65 65 65 65 65 66 66 66 66 66 66 67 67 68 70 71 72 75 75 78 81 91 93 87 93 108 118 139 138 95 93 89 89 82 62 34 15 10 10 
12 25 39 58 65 68 70 70 68 67 66 65 66 66 64 63 63 63 63 64 65 64 60 57 54 54 52 54 51 45 38 33 27 20 18 25 31 36 58 79 82 75 71 68 67 66 66 65 65 65 65 65 65 65 64 64 64 64 64 65 65 65 65 65 65 66 66 67 68 70 72 74 74 77 78 82 86 85 87 97 110 124 144 97 95 92 92 84 63 35 15 10 10 
12 24 38 58 64 66 68 70 68 63 53 65 65 64 61 61 61 61 61 63 63 63 59 54 52 52 53 55 51 42 35 27 23 19 20 26 32 40 61 78 75 72 68 66 65 62 62 61 61 61 61 63 63 63 61 61 61 61 63 63 63 64 64 64 64 65 65 66 67 68 71 73 73 75 75 80 85 81 74 89 110 116 135 96 96 93 92 84 63 36 15 10 10 
15 24 36 57 59 64 67 66 65 65 64 64 65 65 64 63 60 61 63 63 64 63 59 53 49 51 49 58 49 36 29 22 18 18 23 29 33 50 68 75 67 66 66 63 61 60 60 60 60 60 60 60 60 60 59 59 59 59 60 60 60 61 61 61 61 63 63 63 63 64 66 68 68 71 72 70 80 78 71 77 100 109 111 102 97 93 92 84 63 33 14 11 11 
15 24 33 49 56 60 64 61 63 64 64 65 66 66 66 64 60 63 64 64 64 63 58 52 47 52 46 50 40 30 25 22 19 22 25 30 39 57 71 71 61 62 64 61 59 59 59 58 58 58 58 57 58 58 57 57 57 58 58 59 59 59 59 59 59 60 60 59 58 59 63 67 68 67 68 64 73 75 67 71 88 82 89 97 97 94 92 84 61 31 12 11 11 
17 23 31 39 46 53 56 56 59 60 61 63 64 65 65 64 64 63 64 65 64 61 57 53 50 46 42 38 30 26 24 22 23 24 28 32 44 57 68 67 60 60 60 60 59 56 56 56 56 54 56 54 54 57 57 57 57 57 58 58 58 59 59 59 59 58 57 56 54 56 60 66 70 70 71 68 72 73 68 70 73 82 90 96 95 92 102 99 61 25 11 9 9 
19 23 26 26 30 39 44 45 49 51 53 56 59 60 61 63 64 64 64 63 60 57 53 52 50 45 39 32 26 23 23 23 25 28 29 33 47 60 64 64 60 58 57 58 57 54 54 54 54 53 53 52 53 54 54 54 54 54 55 55 57 58 58 58 58 57 55 53 52 53 58 67 71 72 72 71 72 71 70 71 70 76 81 85 86 87 88 74 47 19 10 10 10 
19 24 24 28 32 35 36 33 37 40 43 45 50 51 54 57 57 56 56 56 56 54 49 46 44 42 38 28 25 23 22 23 26 28 30 35 46 60 60 60 58 56 54 53 53 52 52 52 52 51 50 49 50 50 50 50 50 52 52 53 54 55 55 55 55 53 53 51 51 53 58 67 73 78 77 73 71 71 71 72 72 73 75 78 79 80 85 74 46 17 11 10 10 
19 23 24 26 30 30 28 24 26 29 31 33 38 40 42 43 43 42 43 44 44 43 42 40 40 39 33 25 23 22 22 23 25 28 30 36 49 61 60 58 57 54 53 52 51 50 50 50 51 50 50 49 50 50 50 50 50 51 52 52 53 54 54 54 54 52 51 51 51 54 59 67 73 81 82 72 71 71 71 71 72 72 73 74 74 74 77 67 45 17 11 10 10 
19 22 23 25 30 32 29 19 20 22 24 26 28 30 29 28 28 26 30 31 32 32 33 32 35 36 29 23 22 22 22 23 25 28 30 38 50 63 59 58 57 53 52 51 50 49 49 49 50 50 50 48 48 48 48 48 48 48 50 50 51 52 52 52 52 50 49 49 51 54 56 64 70 81 83 70 70 68 70 70 70 68 68 69 69 70 70 63 42 17 11 9 10 
19 24 23 26 30 33 27 19 19 21 24 24 23 22 22 21 19 21 23 24 25 23 24 25 29 32 25 23 22 21 21 23 25 28 30 42 53 60 58 55 54 52 52 50 49 49 49 47 49 48 48 47 47 47 47 47 47 47 47 48 48 50 50 50 50 47 47 46 47 50 51 58 63 75 79 70 68 68 70 70 70 68 68 67 67 67 70 60 39 15 11 9 10 
19 24 23 29 32 32 28 21 21 22 24 24 23 21 21 21 21 21 22 23 23 21 21 22 23 25 23 22 21 21 21 23 25 26 31 46 56 59 56 53 50 50 50 49 49 47 47 47 47 46 46 47 46 46 46 46 46 45 45 46 46 46 46 46 46 45 44 43 44 45 43 47 53 65 73 66 65 66 67 66 67 66 64 63 61 63 64 58 37 14 10 10 10 
21 24 24 30 32 32 28 23 23 24 25 23 23 21 21 21 21 22 22 22 22 21 21 21 22 21 22 22 21 21 21 23 25 25 33 47 57 54 51 49 47 47 49 47 47 46 46 46 46 45 45 46 46 46 46 46 46 45 45 45 45 45 45 46 45 43 42 42 42 43 40 42 47 60 70 60 59 64 64 60 60 59 59 57 54 57 58 50 33 15 10 9 10 
21 25 24 37 32 30 28 25 25 24 24 24 23 23 22 22 22 22 22 21 21 21 21 21 21 21 21 21 21 19 21 23 26 25 36 53 56 53 50 46 46 46 46 45 45 45 45 45 45 44 44 44 44 44 44 44 44 44 44 45 45 45 45 44 44 43 42 40 40 40 40 40 42 43 44 47 47 44 44 49 49 49 50 49 49 50 47 45 32 16 10 9 9 
21 25 24 40 32 30 28 25 25 25 25 24 24 24 23 23 22 22 22 22 21 21 21 21 22 22 22 21 21 21 22 25 26 28 37 56 54 52 49 45 45 44 44 43 43 43 43 43 43 43 43 43 43 43 43 43 43 43 43 43 44 44 44 43 43 42 40 40 39 39 39 39 40 42 43 45 45 44 43 45 45 46 46 46 46 46 44 42 32 17 10 9 9 
22 25 25 43 33 30 28 26 26 26 26 25 25 25 24 24 23 22 22 22 21 21 21 22 22 22 22 21 21 21 23 26 28 30 39 56 53 50 47 45 44 42 42 40 40 40 40 40 40 40 40 40 40 40 40 40 40 42 42 42 43 43 43 42 42 40 39 39 38 38 39 38 39 40 42 42 42 43 42 43 43 43 44 44 44 44 43 39 31 18 11 10 10 
22 25 25 44 36 30 28 28 26 26 26 26 26 26 25 25 24 23 23 22 22 22 22 22 22 22 22 21 22 22 23 26 28 31 40 54 51 47 45 43 41 40 39 39 39 38 38 38 38 38 38 38 38 38 38 38 38 39 39 40 40 42 42 40 40 39 39 38 38 38 39 38 39 39 40 40 40 40 39 40 40 42 42 42 42 42 42 38 30 17 11 10 10 
22 26 28 40 37 30 26 26 26 26 26 26 26 26 25 25 24 23 23 23 22 22 22 22 22 22 22 21 22 23 24 26 28 33 44 53 49 45 43 40 39 38 38 38 38 38 38 38 38 38 38 38 38 38 38 38 38 39 39 40 40 40 40 40 39 38 38 38 37 37 38 38 38 38 39 39 39 39 39 39 39 39 40 40 39 39 39 37 29 17 10 10 10 
22 26 28 39 39 31 26 26 26 26 26 28 28 28 28 28 25 24 24 23 23 22 22 22 22 22 22 21 22 23 24 26 29 35 45 51 46 43 40 39 39 38 38 38 38 37 37 37 37 37 37 37 37 37 37 37 37 38 38 39 39 39 39 38 38 37 37 37 37 37 38 37 38 38 39 38 38 38 38 39 39 39 39 38 39 39 39 36 28 16 9 10 10 
