24 24 24 23 24 24 23 23 26 26 24 18 15 10 7 6 5 4 5 4 4 4 5 7 8 9 9 10 12 14 15 12 12 11 10 7 7 7 7 7 7 5 7 3 7 5 7 7 7 5 5 5 5 5 4 4 3 4 4 4 4 5 9 21 35 38 38 39 38 37 37 36 36 36 36 36 36 36 36 37 37 37 37 36 36 36 36 35 35 35 36 35 35 35 35 35 35 35 35 35 33 33 33 33 33 32 32 32 32 32 32 32 32 32 33 32 33 33 35 36 36 36 35 33 35 34 33 30 29 27 26 
22 23 23 23 24 25 24 24 25 25 22 17 14 10 10 8 6 7 9 9 7 7 9 11 14 12 27 27 24 35 26 17 13 15 16 15 12 10 10 10 9 8 11 14 11 11 9 8 7 5 4 4 4 4 4 3 3 4 4 4 4 5 9 21 35 37 38 39 38 37 37 36 36 36 36 37 37 37 37 37 37 37 37 36 36 36 36 35 35 35 36 35 35 35 35 35 33 33 35 33 33 33 33 33 33 33 32 32 32 32 32 32 33 33 33 32 32 33 33 35 35 36 35 35 36 36 34 33 31 30 29 
21 22 23 23 24 25 24 24 26 26 26 24 21 17 15 10 6 10 14 14 10 7 12 22 26 26 37 52 78 85 63 38 22 22 22 20 20 19 17 17 15 6 20 29 21 15 11 9 7 5 4 3 4 4 3 3 3 4 4 4 4 5 9 21 35 37 38 39 38 37 37 36 36 36 36 37 37 37 37 37 37 37 37 36 36 36 36 35 35 35 36 35 35 35 35 35 33 33 33 33 33 33 33 33 33 33 33 32 32 32 33 33 33 33 33 32 32 33 33 33 35 36 36 36 38 38 37 38 37 32 30 
21 22 22 24 25 26 26 28 31 31 32 31 26 22 19 17 17 26 43 54 49 47 43 44 51 53 60 107 145 138 109 81 61 53 40 33 27 29 11 16 20 20 23 26 19 15 12 9 7 4 3 3 3 3 3 3 3 4 4 4 4 5 9 21 35 37 38 39 38 37 37 36 36 36 36 37 37 37 37 37 37 37 37 36 36 36 36 35 35 35 36 35 35 35 35 35 35 33 33 33 33 33 32 32 32 32 32 32 32 32 32 33 33 33 33 32 32 32 32 32 35 35 35 36 37 38 37 38 38 36 35 
21 22 23 23 24 25 26 30 33 36 39 39 35 31 33 46 59 75 96 106 102 104 100 102 101 114 131 163 182 182 171 158 144 123 104 92 84 80 42 38 28 23 24 23 12 15 11 9 8 5 3 3 3 3 3 3 3 4 4 4 4 5 9 21 35 36 37 38 37 36 36 36 36 36 37 37 37 37 37 37 37 37 37 36 36 36 36 35 35 35 35 35 35 35 36 35 36 35 35 35 33 32 32 32 32 32 32 31 31 32 32 32 32 32 32 32 32 32 33 33 33 35 35 35 33 35 36 37 38 38 38 
22 22 22 23 24 24 25 29 33 38 44 45 42 36 56 102 124 142 164 166 164 155 155 149 149 186 203 210 224 235 238 235 224 208 196 198 186 173 134 107 80 58 52 42 32 16 5 3 2 1 1 1 1 3 3 3 3 4 4 4 4 5 9 21 35 36 37 38 37 36 36 36 36 36 37 37 37 37 37 37 37 37 37 36 36 36 36 35 35 35 35 35 35 35 36 36 36 36 36 35 33 32 32 31 31 31 31 31 31 31 31 32 32 32 32 32 32 32 31 32 32 33 33 33 32 32 33 37 37 38 38 
21 21 21 23 24 24 26 28 31 37 45 54 65 85 117 158 186 204 218 213 213 206 203 201 210 236 238 243 248 253 254 253 250 248 248 248 246 238 221 202 180 166 132 101 87 47 32 31 26 16 11 8 7 4 4 3 2 3 4 4 4 5 9 21 35 36 37 38 37 36 36 36 36 36 37 37 37 37 37 37 37 37 37 36 36 36 36 35 35 35 35 35 35 35 36 36 36 35 35 35 33 33 32 32 32 32 32 32 32 32 32 32 32 32 31 32 35 33 31 33 33 33 33 32 32 31 32 35 36 37 38 
21 19 19 23 24 25 28 28 29 37 46 64 94 136 181 214 234 245 246 241 242 240 240 241 244 251 249 248 249 249 249 250 248 248 247 247 247 245 245 242 240 236 217 198 179 136 109 101 84 60 52 26 11 6 5 4 3 4 4 4 4 5 9 21 33 36 37 38 37 36 36 37 37 37 37 37 37 37 37 37 37 37 37 36 36 36 36 35 35 35 36 35 35 35 35 35 35 35 35 35 35 35 33 33 33 32 32 33 33 33 33 32 32 32 32 32 32 32 31 34 34 33 33 32 32 32 31 31 33 36 37 
19 21 22 22 24 25 28 28 28 37 47 70 115 174 228 249 250 251 249 248 247 247 249 248 250 252 250 249 248 248 250 249 249 247 247 247 246 245 247 247 247 249 253 251 229 210 199 170 152 130 104 70 37 19 11 4 3 3 4 3 4 5 10 22 34 35 37 38 38 37 37 38 38 38 38 37 37 36 36 36 36 36 37 36 36 36 36 35 35 35 35 35 35 35 35 35 35 35 35 35 35 35 35 35 35 35 35 33 33 33 33 33 33 33 32 32 32 31 31 32 32 32 32 31 31 31 30 30 32 33 35 
21 21 22 23 23 24 26 25 28 40 51 90 165 213 245 251 248 252 252 251 250 249 251 250 248 250 249 252 252 251 250 243 235 234 234 234 235 237 242 246 250 250 250 251 251 245 240 238 223 196 159 100 64 34 15 7 3 3 4 3 4 5 10 22 34 37 38 38 38 37 37 38 38 38 38 37 37 36 36 36 36 36 37 36 36 36 36 35 35 35 36 35 35 35 35 35 35 35 35 35 35 35 35 35 36 36 35 33 33 33 33 33 33 33 33 33 33 32 30 32 33 33 32 31 31 31 31 31 31 32 33 
19 21 22 23 23 24 25 25 30 59 101 157 216 241 252 252 250 251 252 250 252 253 251 248 248 247 247 249 248 236 223 213 199 188 178 177 181 203 227 238 246 251 252 252 252 248 244 246 246 235 192 116 66 32 11 8 5 4 4 4 5 5 10 23 36 36 38 38 38 37 37 38 38 37 37 37 37 37 37 37 37 37 37 36 36 36 36 35 35 35 36 35 35 35 35 35 35 35 35 33 35 35 35 36 36 36 35 33 33 33 33 33 33 33 33 33 33 33 31 32 32 32 31 31 32 33 32 31 31 32 32 
19 21 22 22 24 26 26 31 58 104 170 221 245 251 251 253 252 247 244 244 249 251 250 249 249 248 244 234 224 199 174 156 139 127 117 120 130 156 185 212 230 242 246 249 251 249 249 250 248 247 222 151 89 39 11 10 7 5 4 4 5 5 10 23 36 36 38 38 38 37 37 37 38 37 37 37 37 37 37 37 37 37 37 36 36 36 36 35 35 35 36 35 35 35 36 35 35 35 35 35 35 35 35 35 36 36 35 33 33 33 33 33 33 33 33 33 35 33 31 32 32 32 32 32 32 33 32 32 32 32 31 
19 21 22 22 24 27 30 48 97 162 216 242 252 247 245 248 236 235 235 236 242 244 243 243 242 237 236 220 191 157 124 102 90 88 86 86 93 102 122 158 189 205 210 212 221 229 238 243 244 242 237 205 152 87 37 15 8 5 4 4 4 5 10 23 36 36 38 39 38 37 37 38 38 38 38 36 36 36 36 36 36 36 37 36 36 36 36 35 35 35 35 36 36 36 36 35 36 36 36 36 35 35 35 35 35 33 33 33 33 33 33 33 33 33 33 33 33 32 31 30 32 35 33 32 32 33 32 32 32 32 31 
19 21 23 23 24 26 33 58 116 199 251 252 252 245 238 233 217 215 215 221 224 223 223 221 219 208 215 188 143 109 82 68 64 64 64 63 64 66 75 92 120 144 155 157 167 181 195 214 222 223 231 228 205 142 71 17 15 9 5 4 4 5 10 23 36 36 38 38 38 37 37 38 38 38 38 36 36 36 36 36 36 36 37 36 36 36 36 35 35 35 36 36 36 36 36 36 36 36 36 36 35 35 35 35 35 33 33 33 33 33 33 33 33 33 33 33 33 32 31 32 35 35 32 32 31 32 32 31 32 32 31 
21 22 22 25 25 32 43 66 137 214 248 245 242 228 209 200 193 188 188 195 196 199 189 175 161 150 149 127 100 75 64 57 49 47 46 47 49 51 54 57 69 86 96 98 105 116 134 160 179 194 207 219 223 177 103 36 16 12 6 4 5 5 12 25 37 36 38 38 38 37 37 37 36 37 37 36 37 36 37 36 36 36 36 36 36 36 36 35 35 36 36 36 36 36 36 36 36 36 36 36 35 35 35 35 35 35 35 35 33 33 33 33 33 33 33 33 33 33 31 33 35 35 33 33 32 33 32 32 32 33 32 
21 23 26 26 26 31 46 86 165 229 243 231 227 212 185 166 163 160 157 166 163 157 139 116 103 96 89 75 64 52 52 47 39 38 37 37 38 40 42 44 50 56 56 58 61 70 85 107 128 146 171 198 212 199 149 70 17 12 8 4 5 7 14 27 37 36 38 39 38 37 37 37 37 37 37 37 37 37 37 36 36 36 36 36 36 36 36 35 36 36 36 36 36 36 36 36 36 36 36 36 35 35 35 35 35 35 35 35 33 33 33 33 33 33 33 33 33 33 32 32 35 35 33 33 33 33 32 32 32 33 32 
25 26 29 28 28 30 53 114 186 223 221 216 213 196 160 135 130 124 120 128 117 108 88 68 64 60 55 46 39 38 40 38 33 31 30 29 30 31 32 35 37 43 40 39 46 53 63 76 93 114 141 158 185 207 188 122 17 13 10 7 7 7 15 29 37 37 37 38 38 39 39 37 37 38 38 37 36 36 37 37 36 36 37 37 37 37 36 36 36 37 37 36 35 35 36 36 36 35 35 35 35 35 35 35 35 35 35 35 35 33 33 33 33 33 33 33 33 33 33 33 33 33 33 33 33 33 33 34 34 33 33 
28 28 28 28 30 35 71 137 198 212 203 201 193 170 130 106 100 90 86 86 74 67 53 42 36 32 34 29 29 31 31 30 30 29 27 26 29 31 29 28 31 36 33 31 36 43 44 50 67 85 104 127 160 193 197 165 107 53 17 8 5 7 16 30 37 37 37 38 38 39 39 37 37 38 38 37 37 36 37 37 36 37 37 37 37 37 36 36 36 37 37 36 36 36 36 36 36 36 36 35 35 35 35 35 35 35 36 36 35 33 33 33 33 33 33 33 33 35 35 33 35 35 33 32 32 33 33 34 34 33 34 
30 29 29 30 34 45 94 162 202 197 188 191 173 138 103 81 70 61 60 53 45 42 31 23 24 24 24 20 22 22 18 19 19 21 21 23 29 31 26 25 29 29 26 28 30 32 35 44 57 66 80 102 134 166 192 191 129 68 24 12 6 7 18 32 38 38 38 38 38 38 38 37 37 38 38 37 37 37 37 36 37 37 37 37 37 37 37 37 37 37 37 36 36 36 36 36 36 36 36 36 36 36 36 35 35 35 36 36 35 35 35 35 35 35 35 33 35 35 35 35 35 35 32 32 32 33 36 36 34 33 34 
32 31 30 32 37 59 129 192 203 187 170 167 150 109 78 63 52 44 42 37 32 29 21 18 17 18 17 15 13 11 10 12 14 15 17 21 24 26 25 25 26 26 25 26 28 28 31 40 48 56 66 82 110 138 174 196 166 115 58 13 9 8 21 31 37 37 38 38 38 39 38 37 38 38 39 38 38 37 37 37 36 37 37 37 38 38 37 37 37 37 37 37 36 36 36 36 36 36 37 37 37 37 37 36 36 36 36 36 35 35 35 35 35 35 35 35 35 36 36 36 36 36 35 33 33 34 34 36 36 34 36 
32 33 33 36 41 82 164 207 193 173 152 135 113 80 55 45 40 37 33 31 28 25 23 15 12 12 10 8 7 8 9 10 11 14 16 18 21 22 21 22 25 26 27 27 27 27 31 37 43 47 54 65 90 111 146 192 199 156 85 12 9 10 23 31 37 39 39 39 39 39 39 39 38 38 39 39 39 38 38 38 37 37 38 37 38 38 37 38 37 37 37 37 36 36 36 36 36 36 36 37 37 37 36 36 36 36 36 36 35 35 35 35 35 35 35 36 36 36 35 36 36 36 35 33 33 33 33 35 35 34 34 
36 37 37 39 54 102 183 214 184 155 130 108 81 57 37 25 24 28 29 26 25 22 22 15 10 8 7 5 4 5 7 9 9 12 15 16 19 17 16 19 23 25 27 27 27 29 31 33 37 42 47 52 70 89 118 177 207 179 111 52 16 11 25 29 35 38 39 39 39 39 39 39 39 39 39 38 38 39 38 38 38 38 38 38 37 38 38 38 38 38 37 36 36 36 36 36 36 36 36 36 36 36 35 35 35 35 36 36 36 36 36 36 36 36 35 35 36 36 36 36 36 36 35 33 33 33 33 35 35 36 36 
39 39 40 51 79 143 192 189 158 128 108 87 64 44 32 26 26 28 25 25 24 16 19 15 6 5 5 4 4 4 5 7 8 11 14 15 16 16 16 18 22 25 27 29 27 29 29 30 31 35 43 47 58 74 97 153 198 196 139 68 24 15 29 31 36 39 41 41 40 39 40 40 39 39 39 38 39 39 39 39 39 38 39 39 39 40 39 39 39 39 38 37 36 36 37 37 37 37 37 36 36 36 36 36 36 35 36 36 36 36 36 36 36 36 36 35 35 33 36 36 36 36 35 35 35 35 35 35 35 34 36 
40 42 45 67 108 173 194 167 132 107 93 65 45 35 28 25 26 25 22 22 21 15 17 15 10 8 5 5 5 3 4 5 7 10 12 14 15 16 16 16 21 26 30 29 27 27 26 27 27 30 36 41 51 61 81 128 182 205 178 115 58 23 29 32 37 40 43 43 43 39 39 39 40 40 40 39 39 40 39 39 39 39 39 39 39 40 40 39 39 39 38 37 37 37 37 37 37 37 37 37 37 37 36 36 36 35 36 36 36 36 36 36 36 36 36 36 36 36 36 37 36 36 36 35 36 35 36 36 35 36 36 
44 45 48 90 143 182 179 149 116 95 79 50 33 23 16 19 20 18 17 18 16 14 16 16 13 11 9 8 8 5 4 4 5 7 8 10 11 12 14 16 21 25 30 31 27 25 24 24 24 26 29 35 45 53 72 120 185 222 219 167 111 59 32 33 38 40 43 40 39 37 39 38 40 42 40 40 40 40 39 38 39 39 39 39 39 39 40 38 38 38 37 37 37 37 37 37 38 38 38 38 38 36 36 36 38 39 37 37 36 36 37 37 37 37 37 36 36 37 37 37 37 37 37 36 35 35 36 36 36 36 35 
47 48 50 104 161 175 156 121 93 77 64 45 31 16 11 15 13 12 15 15 14 14 14 16 16 15 12 10 10 9 7 7 5 7 7 8 9 11 14 17 21 24 28 27 26 24 23 22 22 24 26 29 38 45 60 102 169 222 233 193 125 65 37 36 38 41 44 43 40 39 38 37 39 40 42 42 42 40 40 39 38 38 39 39 40 40 42 40 39 39 38 37 37 37 37 38 39 39 39 38 37 36 35 36 37 39 39 39 38 37 38 38 37 37 37 36 37 37 37 37 37 37 36 36 35 33 35 35 35 35 35 
47 50 51 100 146 153 134 102 80 66 47 36 26 14 10 13 10 10 12 11 11 14 12 14 15 14 15 14 10 7 9 8 5 4 5 8 10 12 15 18 22 23 24 24 24 23 22 22 22 25 26 28 35 39 51 80 138 200 224 184 121 69 46 40 40 43 45 44 42 39 37 38 39 39 42 42 42 44 43 42 39 38 37 39 40 42 43 42 42 39 38 38 37 37 37 39 40 42 40 40 37 33 35 36 37 40 40 40 39 39 39 38 37 37 37 37 37 37 36 38 38 38 38 36 33 35 35 35 36 37 37 
50 51 52 93 132 134 113 90 73 58 35 26 22 12 10 12 10 10 10 10 11 12 12 12 14 14 17 17 14 10 10 9 4 3 8 9 11 14 16 18 20 22 23 23 23 21 21 22 22 24 24 26 32 36 44 65 110 170 210 174 116 73 53 43 39 41 44 44 42 39 39 38 38 39 40 43 44 44 44 43 42 39 37 38 40 42 43 44 43 42 39 38 37 37 37 39 42 42 42 40 39 35 33 37 38 39 40 40 42 42 42 39 37 37 37 38 37 38 38 37 38 38 38 37 36 36 35 36 37 37 38 
50 51 51 89 123 121 102 85 60 40 30 24 17 15 12 9 9 9 9 9 10 10 11 12 14 16 18 17 17 15 12 11 8 9 10 10 12 15 17 18 18 19 21 21 19 18 19 21 22 24 24 24 30 35 42 54 79 131 191 203 141 88 58 43 41 43 44 45 44 44 44 39 39 39 40 42 44 45 44 44 43 40 39 38 40 42 44 45 44 44 43 40 38 36 37 39 40 42 42 40 40 38 36 36 37 39 40 40 42 45 44 40 39 36 36 37 35 37 38 38 39 39 38 37 37 35 35 36 37 37 38 
45 47 50 99 130 124 103 80 50 28 23 18 14 13 11 8 7 7 8 8 8 9 10 10 11 15 16 16 17 15 16 16 16 15 12 14 15 17 17 19 19 19 18 17 16 15 17 19 22 24 25 24 29 33 39 46 66 118 182 208 146 93 66 46 41 43 46 46 45 45 45 42 38 39 38 40 43 44 44 44 44 42 39 39 40 42 44 45 45 44 44 43 40 37 36 39 40 43 42 42 42 40 38 36 37 39 40 40 42 44 44 42 39 37 37 37 35 37 38 38 39 40 40 38 37 37 35 36 37 37 38 
40 44 45 89 135 143 115 78 44 26 18 12 11 10 9 8 7 7 7 7 7 7 8 8 9 10 12 12 14 12 15 16 19 18 17 16 17 18 18 21 21 21 19 17 16 15 16 18 23 24 28 29 31 31 37 45 60 106 165 201 148 91 64 43 39 42 44 45 45 45 45 43 39 38 38 39 40 43 44 45 45 43 40 38 38 39 42 43 44 46 46 45 41 37 37 37 38 40 40 40 42 40 40 37 37 37 38 38 39 42 43 42 40 37 37 37 36 36 37 38 39 40 40 38 37 37 36 36 36 37 37 
37 38 43 87 143 164 131 81 45 24 14 10 9 9 9 8 7 5 7 5 4 5 5 4 7 8 9 10 11 11 14 15 18 19 19 19 19 21 21 23 23 22 21 17 15 13 13 16 23 26 30 33 31 30 35 40 57 97 152 192 125 65 40 33 37 38 42 45 44 45 46 44 40 38 37 38 39 43 44 46 46 44 40 39 38 38 39 42 43 45 45 45 43 38 37 35 37 39 40 40 40 40 40 39 37 37 36 37 38 40 42 43 40 37 37 37 37 36 36 38 39 40 40 39 38 36 36 36 36 36 36 
37 37 40 84 144 178 149 88 45 22 12 11 10 9 8 9 8 5 5 5 5 6 6 5 5 7 8 8 9 10 11 14 16 17 19 19 21 21 21 24 24 24 22 18 16 12 12 15 19 26 31 32 31 29 32 39 51 86 150 167 114 50 22 26 30 35 38 42 42 43 45 44 40 39 39 37 39 42 44 45 45 43 42 39 38 36 37 39 42 43 44 42 40 38 37 36 36 38 38 39 39 40 40 38 37 36 35 35 36 39 43 42 40 38 37 36 36 36 36 37 38 39 40 40 38 35 35 33 33 35 36 
38 37 38 75 129 170 148 87 47 22 12 11 10 8 8 8 6 5 7 5 5 8 8 7 7 8 8 8 9 9 10 12 15 16 17 18 19 21 21 24 22 22 22 19 17 15 15 16 18 24 30 31 31 31 35 38 41 75 135 143 92 40 25 26 28 30 36 40 40 43 45 44 40 39 39 38 38 40 43 45 45 43 42 39 37 35 35 37 40 42 43 42 40 38 37 36 37 37 37 38 39 40 39 38 37 36 35 33 35 37 40 42 39 37 37 36 35 33 33 35 36 38 39 40 38 35 31 31 32 33 33 
38 37 38 67 111 147 130 77 39 22 16 12 11 8 7 8 6 5 7 7 7 9 9 8 8 8 8 8 8 7 8 10 12 14 15 17 19 21 21 21 18 19 22 22 20 18 18 17 18 23 26 30 31 32 36 37 40 68 120 127 79 35 22 24 26 28 35 38 39 43 45 44 40 38 38 38 37 39 42 44 44 42 42 39 37 35 33 36 39 39 40 40 39 37 37 35 36 36 36 37 38 39 39 39 38 36 33 32 33 36 38 40 39 37 36 36 34 34 33 34 37 37 39 41 38 34 32 31 32 33 33 
36 37 37 59 103 128 108 64 30 19 16 16 12 8 8 9 8 7 5 7 8 10 10 10 10 10 8 8 7 5 5 9 10 12 14 15 18 19 18 18 16 17 19 22 22 21 18 18 21 24 26 28 30 33 35 36 43 63 101 111 77 36 22 22 25 29 35 38 39 43 45 44 40 39 38 37 36 38 42 44 44 42 42 39 37 33 32 37 39 40 40 40 40 38 36 35 33 35 36 37 37 38 38 38 37 35 32 31 32 35 37 38 38 37 36 34 33 33 33 33 36 37 38 39 37 33 32 32 32 33 34 
36 36 36 56 97 121 99 53 25 16 15 15 12 10 9 9 8 7 7 8 9 11 11 11 12 11 10 9 7 4 5 7 8 10 12 15 16 17 17 17 17 16 18 20 20 18 16 18 23 25 26 28 29 31 33 34 38 51 80 89 68 37 20 20 26 29 36 39 39 42 45 45 43 40 38 38 37 39 42 44 44 43 42 40 37 33 33 35 37 39 42 40 40 40 37 35 35 35 35 36 37 38 38 38 37 33 32 31 31 33 37 38 38 37 37 36 33 32 32 33 36 37 38 39 37 34 33 32 32 33 34 
37 36 37 63 100 115 88 43 22 14 12 15 12 11 10 9 9 8 8 8 9 11 12 12 11 12 10 9 7 4 3 3 4 8 11 12 15 17 17 17 19 16 17 18 18 15 12 17 24 29 29 29 28 29 31 33 32 41 72 80 59 29 15 19 25 28 35 38 39 42 44 44 43 39 38 38 38 40 42 43 43 42 42 40 37 33 32 33 36 38 42 40 43 42 37 35 32 33 35 36 36 37 38 38 37 33 32 31 31 33 36 37 37 37 36 36 34 32 32 32 34 36 37 38 38 37 34 32 32 33 34 
38 37 37 66 100 106 75 35 19 14 11 14 11 11 9 8 8 8 9 9 9 11 12 12 13 11 9 8 4 3 2 4 4 7 8 10 12 16 16 16 18 18 17 16 16 12 10 11 18 24 26 26 26 28 31 34 36 46 62 68 60 29 13 19 23 29 35 38 39 42 44 44 40 39 37 37 36 38 40 45 44 43 42 39 37 33 32 33 35 38 40 42 43 42 38 35 33 33 33 33 35 38 38 38 37 33 31 30 30 32 36 38 38 37 38 37 34 32 32 32 34 37 38 38 38 38 36 33 32 33 34 
39 38 37 65 96 96 64 33 18 14 11 12 11 11 9 9 9 9 9 10 10 12 13 13 15 11 10 8 7 5 5 5 5 8 10 12 14 17 16 15 16 16 15 15 15 14 11 11 16 21 25 26 26 28 30 34 34 39 57 64 61 43 26 24 28 31 35 38 39 42 43 43 43 39 37 37 36 37 39 43 43 42 42 39 38 36 33 33 37 38 43 40 43 43 39 35 33 33 33 35 35 38 39 39 37 33 31 31 31 32 36 37 38 37 37 38 36 32 31 32 34 37 38 38 38 38 37 33 32 32 33 
39 38 38 61 92 96 72 35 17 14 11 14 12 12 10 8 9 10 11 11 14 15 14 14 14 11 12 11 11 9 8 8 9 11 14 14 14 15 15 14 14 14 12 12 14 14 10 10 14 19 24 26 25 26 29 33 33 35 57 73 66 39 29 33 30 28 32 36 37 40 43 44 41 39 37 37 36 36 38 42 42 42 43 40 39 37 35 35 35 38 39 40 42 43 39 37 36 34 36 36 37 37 38 38 37 35 32 33 32 34 37 38 38 38 38 37 36 33 32 33 36 37 38 38 39 38 35 31 30 32 33 
39 37 38 57 81 94 77 36 17 15 11 12 11 12 10 10 11 12 14 15 15 15 15 15 12 12 12 12 12 12 12 11 12 15 17 17 17 17 14 11 12 11 10 10 12 12 10 10 14 18 22 24 24 25 28 32 31 31 54 84 75 44 39 53 45 37 35 36 38 40 43 44 41 37 37 38 36 36 38 40 43 42 42 40 39 37 35 33 35 37 39 40 43 42 39 38 36 36 36 37 37 37 38 38 38 35 33 33 33 34 37 38 38 38 38 37 36 33 32 33 36 37 38 39 39 38 35 31 30 31 32 
39 38 36 54 79 94 78 39 19 16 12 11 11 12 9 12 14 14 15 15 15 15 15 14 12 14 14 14 15 16 16 15 16 18 19 21 18 17 14 11 11 9 7 9 11 15 14 10 12 17 21 22 23 24 26 29 28 36 72 110 89 65 75 79 57 44 40 38 39 40 43 44 41 38 38 38 36 37 39 40 42 40 40 40 38 37 35 33 35 37 38 41 43 41 40 38 36 36 36 36 37 37 38 38 38 35 33 33 33 34 37 38 38 38 38 37 36 34 32 32 34 37 39 39 39 39 37 33 32 31 31 
40 38 37 53 75 99 85 49 24 15 11 10 11 11 11 12 12 15 16 15 15 14 12 14 14 14 14 16 16 16 16 17 18 19 21 21 18 17 15 11 10 8 5 8 12 17 16 12 12 16 18 19 22 23 25 28 26 47 88 130 119 118 146 146 101 64 48 36 37 39 43 44 43 38 38 38 36 36 38 39 42 42 42 42 39 37 36 33 33 37 38 40 41 43 40 38 36 36 36 36 36 37 38 38 38 36 35 34 34 34 37 37 38 38 38 37 35 33 32 32 34 37 38 38 39 39 36 33 32 32 32 
42 39 37 60 84 104 92 55 25 15 9 11 12 11 12 13 13 12 14 12 12 11 12 12 12 13 16 17 17 18 18 18 19 19 22 19 17 14 14 12 10 8 7 9 15 21 19 15 12 14 15 16 19 24 26 25 28 57 106 155 166 191 222 219 166 109 69 37 38 40 43 44 43 40 38 38 36 35 37 38 40 42 43 42 40 39 37 35 32 36 38 39 42 42 39 37 35 36 36 36 36 37 38 39 39 37 35 36 36 34 37 37 38 39 39 37 35 33 32 32 33 36 37 38 39 39 36 32 31 30 31 
43 39 37 63 92 118 104 58 26 18 10 11 12 11 11 13 15 12 11 11 10 10 9 10 11 13 16 17 17 18 16 16 18 18 19 18 12 10 12 12 11 7 7 10 16 22 23 17 14 14 12 15 17 23 26 24 29 65 121 164 173 193 216 215 184 137 86 36 38 40 43 44 43 40 38 38 36 35 36 37 39 42 44 43 40 39 37 35 33 36 38 40 40 42 40 38 36 36 36 36 36 37 38 39 39 37 36 37 36 34 37 37 38 39 39 37 35 33 32 32 33 36 37 37 38 38 37 33 32 31 31 
43 39 38 60 88 116 101 58 29 21 16 15 13 11 12 12 12 13 12 11 11 10 8 10 11 13 16 17 17 17 15 15 16 17 17 15 11 9 11 12 11 10 10 11 17 23 23 19 17 17 16 17 19 23 25 24 29 65 108 125 118 123 139 150 170 156 97 35 37 39 42 44 43 40 38 37 35 33 35 37 39 42 44 43 39 38 36 33 32 35 37 40 41 42 40 38 36 35 35 35 35 37 38 39 39 38 37 38 36 34 37 37 38 39 39 37 35 33 31 31 32 34 37 37 38 38 37 32 31 31 31 
42 39 38 57 86 106 87 58 31 22 19 17 15 11 12 12 12 12 12 11 10 9 9 10 11 13 16 17 17 17 15 13 13 16 16 15 11 9 10 12 12 12 12 14 18 23 23 20 20 19 18 18 21 23 24 25 30 50 71 80 74 72 79 99 135 143 104 35 36 38 42 44 44 41 39 37 35 33 35 37 40 42 44 43 40 38 36 33 31 35 37 40 43 42 40 38 36 35 35 35 35 37 38 39 39 38 37 38 36 34 36 37 37 38 39 37 35 33 31 31 32 34 37 37 38 38 38 33 31 31 31 
42 39 39 49 84 107 89 58 33 24 20 19 16 11 11 13 13 12 11 11 10 9 9 8 9 12 15 16 16 15 14 13 13 17 19 17 13 10 11 15 16 15 15 16 19 22 22 20 20 20 20 20 23 24 25 25 28 31 43 50 47 45 49 63 99 118 92 35 36 38 42 44 44 40 38 37 35 33 35 37 40 42 44 44 40 38 36 33 32 34 38 40 41 43 41 38 36 36 34 33 35 37 38 39 38 38 37 37 35 33 35 36 36 37 37 37 36 32 30 31 32 33 36 36 36 38 38 34 32 30 31 
42 39 39 50 84 115 101 62 36 25 20 18 17 12 12 13 13 12 11 11 10 9 9 8 9 12 15 16 16 15 14 13 15 20 22 19 16 12 13 17 18 17 17 17 21 23 23 22 22 22 22 22 23 24 26 24 25 26 37 44 43 43 49 67 95 101 77 35 36 38 40 43 43 40 38 37 35 33 33 36 39 40 43 44 40 38 36 33 32 34 38 39 41 41 41 38 36 34 34 33 35 37 38 39 38 37 37 37 35 33 33 35 36 37 37 37 36 32 30 30 31 33 36 35 36 38 38 36 32 31 31 
42 38 38 65 110 139 112 69 40 24 17 15 15 11 11 13 12 11 11 11 10 9 9 9 10 13 16 17 17 17 15 15 16 20 23 23 19 16 16 19 22 23 22 22 23 23 23 23 23 23 22 23 24 23 24 24 24 26 39 47 51 45 44 68 94 90 68 35 37 38 40 42 42 40 38 38 35 33 33 36 38 40 43 43 40 38 36 33 32 34 37 37 39 41 41 38 36 34 34 34 34 36 38 38 38 37 37 36 35 33 32 35 36 36 37 38 36 32 30 29 31 33 36 35 36 37 37 37 33 31 31 
40 38 38 79 128 150 116 75 43 24 16 10 10 10 10 12 12 11 11 11 10 9 10 10 11 13 16 17 17 16 15 15 16 19 23 22 19 17 17 20 24 25 25 24 25 25 25 25 24 24 25 25 25 22 23 23 25 30 39 50 53 45 43 68 99 95 65 36 36 37 39 42 42 40 39 38 35 33 33 36 38 40 43 43 40 38 36 33 32 34 37 37 39 41 41 38 36 34 34 34 34 35 37 38 38 37 36 36 35 33 32 33 36 36 37 37 36 32 30 30 31 33 34 35 36 37 37 37 33 32 32 
42 38 38 71 97 116 98 71 39 25 17 11 10 10 10 10 11 10 10 10 9 10 10 10 11 12 15 16 17 16 15 15 17 20 23 22 20 19 20 23 28 30 29 27 27 26 26 26 26 25 25 26 25 23 21 24 28 31 39 50 56 48 48 78 110 106 64 37 37 37 39 42 42 42 40 38 35 35 35 36 38 40 42 43 40 38 36 34 32 34 37 37 39 43 43 38 36 34 34 33 33 34 37 38 38 37 36 36 35 35 32 33 36 36 37 36 35 32 31 31 30 31 33 34 36 37 37 36 33 31 31 
42 38 38 54 63 76 74 64 32 24 17 15 13 11 9 10 11 9 9 9 9 10 10 10 11 12 15 16 16 16 16 17 19 22 23 24 23 23 23 26 30 32 31 30 29 29 29 26 26 26 25 26 25 22 21 25 30 31 38 51 56 47 50 93 128 109 60 36 36 37 37 39 42 43 42 39 37 35 36 36 38 42 43 44 41 38 36 34 32 34 37 36 38 41 43 38 36 34 34 33 35 36 38 40 39 37 37 37 35 32 31 33 35 36 37 37 35 32 32 30 31 32 33 36 37 37 37 36 33 31 31 
40 40 41 43 50 60 65 59 35 23 16 15 12 10 9 10 9 9 9 9 9 9 9 9 10 11 14 15 15 15 15 16 17 19 21 22 22 22 23 28 30 31 31 30 30 31 29 26 25 25 25 24 23 22 22 26 31 33 39 46 49 44 51 101 131 102 57 34 36 36 37 39 42 44 43 39 37 35 36 36 38 40 43 44 41 39 36 34 32 34 37 36 38 41 41 38 36 34 34 33 33 36 38 40 39 37 37 37 35 32 32 32 35 36 37 37 36 35 33 31 31 32 33 35 36 37 37 36 33 32 32 
44 44 41 42 47 54 60 58 37 23 16 13 12 9 8 9 8 8 9 9 9 9 9 9 9 11 12 14 14 15 15 16 16 17 19 21 22 22 23 26 30 31 30 31 32 32 30 28 28 28 28 26 25 24 25 29 30 32 37 38 42 44 59 102 113 84 51 34 36 35 37 39 42 44 43 40 38 36 36 36 38 40 43 43 41 39 36 34 33 34 36 35 37 40 43 38 36 34 34 33 32 34 36 37 38 36 36 36 35 32 31 33 33 35 36 37 37 37 33 32 32 33 33 35 36 37 37 36 33 33 31 
44 42 39 40 45 50 57 59 39 23 16 11 12 9 6 5 7 7 7 9 9 8 9 9 9 9 11 11 14 15 15 15 15 16 18 21 22 22 23 26 29 30 30 30 31 31 30 29 30 30 30 30 29 29 29 30 30 31 32 36 40 46 68 103 94 66 50 32 33 35 37 37 39 40 42 39 37 36 35 36 38 39 40 42 40 40 37 33 31 33 35 35 37 39 40 37 35 33 32 32 33 33 34 34 36 36 36 36 35 33 31 31 32 33 36 37 36 36 35 32 32 33 35 35 36 37 37 36 33 31 30 
44 42 39 40 43 45 52 58 39 25 17 11 10 9 6 5 7 7 8 9 9 9 9 9 10 10 11 11 12 12 14 14 15 15 17 18 21 22 23 26 29 30 30 31 31 31 30 30 31 31 32 32 32 32 30 31 31 31 35 34 43 54 79 102 86 54 46 37 36 35 36 38 39 40 42 40 37 35 35 35 37 39 42 43 43 43 38 33 31 32 35 35 36 38 39 38 35 33 33 33 32 33 36 36 36 36 36 35 33 33 31 30 31 33 36 37 36 36 33 32 31 32 33 35 36 37 37 36 33 31 30 
44 42 40 40 40 43 50 56 40 29 19 15 13 10 9 8 8 8 9 10 10 9 9 9 9 10 10 11 12 12 14 14 14 14 15 18 19 19 23 26 26 29 30 31 31 30 30 30 31 31 32 32 33 35 32 33 33 31 32 36 50 68 87 93 70 47 40 38 38 36 37 38 39 39 40 40 37 35 33 35 37 39 42 43 43 43 38 35 31 33 35 36 37 39 40 39 37 36 34 32 31 32 33 36 37 36 36 35 35 32 31 30 31 33 36 37 36 35 33 31 30 31 33 34 37 37 37 36 33 32 32 
44 42 39 39 39 41 47 52 39 33 25 22 18 13 11 9 10 10 11 12 11 10 10 10 9 9 9 10 11 12 12 12 12 12 15 16 17 19 22 24 25 26 29 30 30 30 30 31 31 31 32 32 33 35 33 34 36 33 37 46 73 97 95 75 54 43 39 38 37 36 36 38 39 39 40 40 37 35 33 35 37 38 39 40 40 41 38 35 33 35 33 36 37 38 40 39 37 36 36 33 32 31 33 36 37 36 36 36 35 32 31 31 32 35 36 37 35 33 33 31 30 31 33 34 37 37 37 36 33 32 32 
44 42 40 39 40 40 45 48 41 38 31 26 21 15 14 12 12 13 15 15 15 14 14 11 9 9 10 10 11 11 11 11 11 11 12 15 16 19 21 22 24 28 28 30 30 30 30 30 31 31 32 32 32 33 33 36 39 49 70 87 108 113 90 61 44 40 39 38 37 36 36 38 40 39 40 39 37 35 33 33 35 37 40 41 41 39 38 34 34 34 34 33 36 38 40 39 38 37 36 33 32 32 33 36 36 36 36 37 37 33 32 32 31 33 36 36 35 35 33 31 30 31 32 33 35 37 38 37 35 32 31 
44 43 42 39 40 42 43 45 43 42 38 33 25 18 16 14 14 15 15 16 16 15 14 12 11 11 10 11 11 11 11 11 12 12 12 15 17 18 22 24 25 26 28 29 29 29 31 31 31 32 33 33 33 35 33 38 47 73 102 115 115 92 66 49 39 39 39 39 37 36 36 38 40 39 40 39 37 35 35 33 33 33 42 46 46 47 47 39 38 36 37 36 37 40 40 40 38 37 34 33 33 33 33 34 36 36 36 36 36 35 35 32 31 33 36 36 36 36 35 32 30 31 32 32 35 37 37 37 35 32 31 
44 43 42 40 40 40 42 45 43 42 37 35 29 22 16 15 15 14 14 15 14 14 14 12 11 11 10 11 11 11 12 12 14 14 14 16 18 21 23 24 24 27 27 28 29 30 30 32 32 32 33 33 33 35 36 42 56 79 95 95 85 60 44 39 39 39 39 39 37 35 35 37 39 41 43 39 38 37 36 31 35 36 40 66 66 68 68 57 51 40 38 37 38 41 43 40 38 36 32 33 34 34 36 36 36 36 36 36 36 33 33 32 31 33 35 36 36 36 35 33 31 31 32 32 33 37 37 37 35 32 32 
44 43 42 40 40 40 40 43 43 42 38 38 36 26 16 16 16 14 14 15 14 14 14 12 12 11 11 11 11 11 12 12 14 14 16 17 19 19 22 24 24 26 27 28 29 30 30 31 31 32 33 35 35 35 39 51 60 71 73 57 46 37 36 40 40 39 40 39 37 36 35 37 39 40 41 40 39 38 37 39 49 67 82 103 103 100 96 85 73 60 52 49 49 48 47 42 42 38 32 33 34 36 37 37 36 37 37 36 36 33 32 32 32 33 35 36 36 37 36 35 33 32 32 32 33 37 37 37 35 33 32 
44 44 44 43 42 40 40 42 44 40 24 4 10 16 15 14 14 14 12 14 12 12 12 12 12 11 11 11 11 11 14 15 15 16 17 18 19 21 22 23 24 25 26 28 28 29 29 30 31 33 33 33 33 35 37 51 57 54 49 33 18 22 34 44 44 40 38 38 38 37 36 36 38 43 44 39 41 40 37 43 50 93 137 172 171 149 138 129 117 116 115 115 110 97 87 70 52 39 33 33 36 36 37 37 37 36 36 35 35 33 32 32 32 33 35 35 36 37 35 35 33 32 32 31 32 37 38 37 36 33 33 
46 46 47 47 44 43 43 44 49 43 25 4 6 9 11 12 12 12 12 12 12 12 12 12 14 12 12 14 14 14 16 17 18 19 21 21 21 22 23 23 23 23 24 24 24 24 24 28 29 32 34 33 33 33 37 51 53 38 30 17 24 37 45 45 47 43 40 39 39 37 37 37 39 43 44 37 43 42 38 58 92 142 206 216 214 199 188 199 202 203 194 192 157 104 72 53 50 40 29 38 38 37 38 38 38 37 37 35 36 35 33 33 33 35 36 36 36 37 36 36 35 33 33 32 33 37 38 38 36 35 35 
54 52 56 56 50 45 45 50 56 47 31 3 4 8 10 12 12 11 12 11 12 12 12 14 15 15 15 16 16 17 17 19 22 22 23 23 22 22 22 21 19 19 18 18 18 19 22 24 28 31 34 33 33 33 39 50 54 43 31 15 19 31 39 48 53 43 42 40 40 38 37 38 40 41 43 42 45 59 81 115 150 187 226 221 224 223 220 226 231 233 226 201 155 107 75 56 52 47 37 43 41 38 38 38 38 37 37 36 37 37 35 35 36 36 36 37 37 38 37 37 37 36 35 33 33 38 39 39 37 36 36 
59 59 63 61 56 52 51 54 59 50 32 2 7 11 12 15 12 10 9 10 11 12 12 14 15 16 17 16 18 18 18 19 21 21 22 22 19 18 16 16 15 14 15 15 15 18 21 24 28 32 34 33 33 33 39 52 67 56 33 14 16 33 45 60 52 35 47 46 45 42 43 46 44 41 41 57 67 101 155 192 217 234 226 221 220 221 225 228 227 226 220 191 153 122 89 66 58 53 49 48 47 45 43 42 42 40 40 39 39 40 38 38 39 39 39 39 40 42 40 39 39 38 37 36 36 40 42 40 39 39 39 
65 61 70 64 60 59 58 59 64 52 35 2 9 16 18 17 15 9 5 4 8 10 11 14 15 16 17 17 18 18 18 18 18 18 18 17 15 12 11 11 10 10 11 14 15 18 21 24 28 32 34 33 33 33 42 56 93 96 81 60 47 53 55 58 52 50 54 57 54 50 50 51 49 50 67 93 121 164 207 230 235 234 219 216 220 223 230 233 228 217 210 209 186 173 151 122 99 79 62 68 57 60 48 47 47 46 46 45 46 46 45 44 44 43 43 43 44 45 44 44 44 44 42 43 42 46 46 46 45 43 45 
64 65 67 68 65 62 61 64 70 58 40 1 9 18 18 18 16 5 2 3 4 8 9 11 14 15 16 16 17 18 17 17 17 16 17 15 12 9 8 7 7 9 11 12 15 17 21 24 28 32 33 33 33 32 42 65 113 130 144 129 115 107 101 89 73 65 66 65 60 52 52 50 50 72 120 155 187 207 224 235 239 227 193 193 205 212 222 228 231 234 235 240 238 236 229 207 175 140 111 101 74 74 62 58 53 53 51 51 52 51 52 51 51 50 50 49 50 50 49 50 50 49 47 50 49 51 52 51 50 49 50 
63 64 66 65 64 64 61 63 67 58 43 2 12 20 29 30 15 7 7 7 5 7 8 9 11 14 15 16 17 18 17 17 17 15 14 12 11 9 8 8 8 10 11 14 17 19 22 25 29 31 32 33 32 31 40 71 100 134 163 160 163 159 157 143 118 90 75 66 58 50 57 61 84 135 182 205 217 210 206 214 219 203 165 160 172 185 193 205 217 235 244 248 248 248 247 243 228 202 167 156 114 89 77 63 58 56 53 51 52 51 53 52 52 52 53 53 53 54 54 54 54 53 52 54 53 54 56 54 54 53 54 
60 61 64 61 60 61 59 59 63 54 44 17 36 50 74 67 31 21 14 9 8 8 8 8 9 10 11 12 15 16 17 16 15 14 14 12 12 12 11 10 10 11 12 16 18 21 23 24 28 30 32 33 32 32 37 63 75 103 130 134 143 155 177 198 189 145 104 67 59 59 71 79 122 191 222 207 178 157 156 164 167 149 120 122 136 146 149 146 149 173 195 217 227 229 231 236 238 229 209 208 165 127 97 66 63 59 54 53 53 52 53 52 53 53 54 54 56 58 58 58 56 54 56 58 57 58 58 58 58 57 57 
56 52 54 59 59 47 50 54 65 70 65 75 85 108 127 104 60 28 5 9 9 9 8 8 8 8 7 9 12 16 18 18 17 16 16 15 15 15 15 14 14 14 16 17 18 21 23 24 28 30 32 32 32 33 32 44 56 70 87 86 96 117 171 185 180 151 109 92 77 75 82 90 128 181 194 150 113 100 108 106 100 84 74 72 89 92 80 67 61 85 109 130 141 149 163 180 200 210 222 227 208 165 127 98 67 58 54 51 51 50 50 51 52 53 53 54 54 56 56 56 54 53 56 56 54 54 57 57 57 57 56 
50 46 49 55 62 70 85 100 116 124 117 135 125 144 159 128 74 37 15 11 10 9 9 8 8 7 7 8 10 16 19 19 21 19 18 18 17 17 17 17 17 17 18 18 19 22 24 25 28 29 31 31 31 32 32 38 42 44 58 64 56 70 120 139 151 149 141 150 123 104 98 114 164 195 179 102 72 61 66 64 59 44 39 41 50 51 39 28 21 31 43 46 47 50 56 73 103 143 185 226 226 208 172 124 88 52 42 47 47 46 47 47 47 49 50 50 50 51 51 51 51 50 51 49 47 47 50 51 52 52 52 
49 55 64 90 107 125 141 143 143 136 129 117 102 102 122 104 66 46 24 15 12 10 9 8 8 8 8 9 11 15 19 21 22 22 22 20 20 19 19 18 19 19 19 19 22 23 24 25 26 28 30 30 31 32 35 37 40 38 45 56 45 47 72 95 113 129 156 198 179 143 131 141 173 172 129 64 45 42 43 40 32 23 18 14 17 23 22 20 17 16 17 19 21 23 28 33 41 65 110 184 219 236 209 169 128 79 61 45 43 44 44 42 43 43 44 44 44 45 45 46 45 44 45 40 40 40 42 43 44 45 45 
81 98 116 143 147 148 142 129 109 89 78 61 51 50 64 63 47 43 23 17 15 10 9 9 8 8 8 10 11 15 18 21 22 22 22 22 20 20 20 19 19 19 19 21 22 24 25 26 26 28 30 30 31 32 35 37 38 40 42 43 44 45 54 77 90 93 122 171 195 181 177 178 172 142 90 39 26 29 29 26 21 15 12 6 8 9 7 10 13 14 15 16 16 17 17 18 19 29 49 123 171 215 226 202 160 104 68 37 39 41 40 38 39 39 38 39 39 39 39 40 40 39 39 36 37 37 38 38 39 39 40 
135 132 136 140 119 99 81 64 46 34 26 18 16 22 38 39 37 35 23 18 16 11 10 10 9 8 9 10 11 14 18 22 23 24 24 25 24 22 21 21 19 21 21 21 22 24 25 26 26 28 29 29 30 31 31 33 33 36 38 39 40 42 60 75 79 79 89 110 149 181 198 200 175 130 85 50 32 29 27 24 22 16 14 9 8 8 8 9 10 12 13 15 15 15 15 12 11 14 20 64 106 178 230 230 203 152 81 49 44 39 36 36 36 36 36 36 35 35 35 35 36 35 35 33 35 35 36 36 37 37 37 
135 120 101 83 57 37 26 16 8 9 10 8 8 12 25 28 29 35 22 18 17 12 11 14 10 9 9 9 10 14 17 22 23 24 26 26 25 23 22 21 19 21 21 21 23 25 26 26 26 28 29 29 29 30 31 31 32 33 35 36 38 43 63 73 74 77 74 79 99 138 174 199 195 162 124 94 71 46 33 26 21 16 12 10 8 6 8 9 9 9 10 10 9 9 9 9 8 3 4 37 66 130 200 224 229 186 124 92 60 40 33 35 36 36 36 36 35 35 33 32 32 32 32 33 35 35 35 35 35 35 35 
87 59 37 25 15 8 4 2 2 4 5 5 5 7 18 19 22 29 21 18 17 14 12 14 11 9 9 9 10 12 17 21 22 23 25 25 24 23 22 21 21 21 21 22 24 25 26 26 26 28 28 28 28 29 29 30 30 31 32 34 38 44 60 70 72 71 71 68 63 80 114 145 164 166 162 152 141 120 90 66 51 36 25 7 7 9 8 8 8 8 9 8 9 9 9 9 9 7 5 28 46 84 139 201 233 216 186 141 84 40 29 39 39 38 37 36 36 36 35 35 35 35 35 35 36 35 35 35 35 35 33 
36 18 3 4 3 3 3 2 2 2 3 4 4 3 12 17 21 22 19 19 18 16 15 14 11 9 9 9 10 12 17 21 23 24 25 25 24 23 22 22 21 21 22 23 25 25 26 26 26 28 28 26 28 28 28 29 29 30 31 33 37 45 58 64 61 61 67 56 43 30 45 68 94 110 125 141 149 156 152 131 104 84 67 5 8 9 8 9 8 8 8 5 8 9 10 9 11 5 8 21 42 72 108 145 203 229 205 172 118 68 39 45 43 39 38 37 37 37 37 36 37 37 37 36 36 36 36 35 33 35 33 
5 2 1 1 1 1 1 2 1 1 2 2 2 1 9 16 19 19 21 19 17 16 15 12 12 10 9 9 10 12 17 21 23 24 25 25 23 22 22 21 22 21 22 24 25 25 26 26 26 26 28 26 26 26 28 29 29 30 31 32 37 46 57 59 53 51 53 50 40 36 9 9 31 46 64 74 99 115 134 146 145 132 117 98 80 59 34 19 12 9 9 7 9 11 10 9 10 24 37 43 89 138 156 182 192 212 221 202 145 80 57 46 42 39 38 38 38 38 37 37 38 38 37 37 37 36 36 35 33 33 32 
2 1 1 1 1 1 1 1 1 1 1 1 1 1 5 12 17 18 19 19 17 16 15 12 12 10 9 9 10 12 17 21 22 23 25 24 23 22 22 22 21 21 23 24 24 24 25 25 25 25 25 25 25 26 26 29 29 30 30 31 37 50 56 52 43 35 35 35 32 26 7 2 7 10 12 18 33 45 66 93 111 125 130 138 131 123 97 65 37 25 18 14 12 12 11 11 10 14 32 56 120 172 189 205 199 202 205 209 156 85 56 46 42 40 39 38 39 39 38 38 38 38 37 37 37 36 36 35 35 33 32 
1 1 1 1 1 1 1 0 0 0 0 0 0 1 1 8 13 17 19 19 17 16 15 12 12 10 9 9 10 12 17 21 22 23 24 23 23 22 22 22 21 22 24 24 24 24 25 25 24 23 23 24 24 25 26 29 29 28 29 31 38 50 53 44 31 21 21 22 24 15 3 1 0 2 2 3 2 2 13 24 36 59 79 103 123 139 142 130 95 75 63 40 24 15 10 12 15 17 23 50 96 155 192 207 205 199 197 208 166 103 57 46 42 40 40 39 39 39 38 38 38 38 37 38 38 37 37 36 35 34 33 
1 1 1 1 1 1 1 0 0 0 0 0 0 1 1 8 13 17 19 19 17 16 15 12 12 10 9 9 10 12 17 19 21 22 23 22 22 21 22 22 19 22 22 24 24 23 23 22 22 22 22 22 23 24 24 26 26 26 29 35 45 54 47 37 30 25 23 21 12 1 1 0 0 1 2 3 4 5 5 3 4 10 23 43 63 88 108 120 131 134 132 107 64 30 19 22 19 19 25 16 46 96 139 179 192 185 197 210 175 114 54 46 42 40 40 39 39 39 38 38 38 38 38 38 38 38 37 36 35 34 34 
1 1 1 1 1 1 1 1 1 1 0 0 0 0 1 8 13 17 19 19 18 17 15 14 12 10 9 9 10 12 17 18 21 21 22 22 21 21 21 21 21 21 23 23 23 22 21 19 21 21 22 23 22 22 22 22 24 25 30 41 53 60 56 44 42 43 41 32 11 0 1 1 0 0 0 1 1 3 3 3 2 0 0 5 13 21 43 67 100 123 148 150 118 80 51 33 25 23 35 21 25 48 80 114 137 160 198 209 182 138 78 51 44 43 41 39 39 39 38 38 38 38 38 38 38 38 38 37 36 35 33 
1 1 1 1 1 1 1 1 1 1 1 0 0 0 1 8 13 17 21 19 18 17 15 14 12 10 9 9 10 12 16 17 19 19 19 21 21 21 21 19 19 19 21 22 22 19 19 18 19 21 21 23 24 24 24 24 23 25 36 48 59 63 63 53 49 53 53 39 18 4 2 1 0 1 1 1 1 1 1 1 1 1 1 2 4 3 9 21 39 64 103 141 152 143 121 86 63 40 39 25 28 36 53 64 82 116 172 201 200 179 103 65 47 44 41 39 39 39 38 38 38 38 38 38 39 39 38 37 36 35 32 
1 1 2 2 2 2 2 1 1 2 2 1 0 0 1 7 12 17 19 19 18 17 15 14 12 11 10 9 10 13 16 17 18 17 18 18 18 19 19 18 18 19 19 21 19 18 17 17 19 21 21 23 22 23 23 24 23 29 41 53 59 64 63 57 57 60 60 43 21 8 2 1 1 1 1 1 1 0 0 1 2 2 2 2 3 2 4 0 4 18 50 99 145 172 180 164 131 82 56 15 17 26 35 29 35 60 123 189 215 207 138 81 49 43 40 38 39 39 38 38 38 38 38 38 39 39 38 37 36 35 32 
2 2 2 2 2 2 2 1 1 2 2 1 0 0 0 5 18 30 24 22 21 19 17 15 12 11 10 10 9 10 12 12 13 14 16 16 16 17 17 17 18 18 19 19 18 17 16 16 18 21 21 21 21 22 20 23 25 34 50 58 59 60 54 51 53 54 50 36 17 2 1 0 1 1 0 1 1 0 1 2 2 2 1 2 2 1 1 1 3 8 28 68 120 159 180 188 173 122 70 3 5 11 16 10 14 34 91 158 203 203 178 104 65 44 40 39 39 39 38 38 38 38 39 39 39 39 38 37 36 35 33 
3 3 3 3 3 3 2 2 2 2 2 1 0 0 0 7 24 39 36 33 30 23 18 14 12 12 10 10 9 9 9 8 9 11 12 14 15 16 16 17 17 17 18 18 16 16 16 16 16 19 21 22 23 23 23 23 28 40 51 53 53 47 44 40 38 38 36 25 15 3 1 0 0 0 0 1 1 1 1 1 1 1 1 1 1 2 1 1 2 6 24 50 92 118 137 160 159 134 79 37 28 25 28 19 14 28 58 137 192 206 171 102 51 30 33 37 38 41 40 39 39 39 39 39 39 39 39 38 37 36 35 
3 3 3 3 3 3 2 2 2 2 2 1 1 0 0 5 24 39 40 41 37 29 19 15 12 12 12 10 8 8 6 5 5 7 9 9 11 14 15 15 15 15 15 15 15 15 15 15 16 17 19 22 22 21 23 21 32 49 53 47 39 32 31 31 30 28 25 22 12 3 1 0 0 0 0 0 1 1 1 0 0 0 0 1 1 1 1 1 0 5 27 49 71 79 92 111 121 129 102 49 30 15 19 19 17 30 45 92 173 194 189 139 74 43 29 40 40 41 40 39 39 39 39 39 39 39 39 38 38 37 36 
3 3 3 2 2 2 2 3 3 3 3 2 2 1 0 4 18 31 39 39 35 32 25 17 15 14 12 10 8 7 5 5 5 7 8 8 9 11 12 12 12 12 12 12 12 14 14 14 16 17 17 18 19 20 26 31 43 53 47 39 29 25 25 25 25 25 23 18 9 4 3 0 0 0 0 0 0 0 0 0 0 0 1 0 0 1 0 2 2 8 32 58 65 61 61 70 79 110 123 96 57 16 13 17 26 33 42 85 178 219 199 136 73 43 40 39 39 41 40 39 39 39 39 38 39 39 39 39 39 38 38 
5 4 3 3 3 3 2 3 3 3 2 2 2 1 0 3 12 24 32 35 35 33 29 22 18 16 14 12 9 7 5 5 7 8 8 9 9 10 12 12 11 10 10 10 11 12 12 14 16 17 16 15 19 23 33 42 49 50 39 30 24 23 24 28 32 31 27 16 6 3 3 0 0 0 0 0 0 0 0 0 0 0 1 0 0 1 0 2 4 16 31 46 50 45 39 45 61 107 150 136 86 29 22 24 40 42 42 108 176 200 164 107 64 45 43 40 40 41 40 39 39 39 39 38 38 39 39 39 39 38 39 
4 4 4 3 3 3 3 3 2 2 2 1 1 0 0 1 5 14 23 29 35 36 32 29 23 17 15 14 11 9 7 7 8 8 8 8 9 10 10 10 10 8 8 8 9 11 11 14 17 18 16 19 26 30 38 45 46 42 33 25 24 23 28 38 45 40 30 17 5 2 2 0 0 0 0 0 0 1 1 1 1 1 1 1 1 1 0 2 6 18 28 31 32 32 35 45 66 110 162 177 127 52 32 31 50 49 44 118 165 172 120 70 49 46 44 43 42 40 39 39 39 39 39 38 38 39 39 39 39 38 39 
3 3 3 4 3 3 3 3 2 2 1 1 1 0 0 7 12 16 24 29 38 39 36 33 29 22 18 16 14 10 9 9 8 8 9 9 9 9 9 10 8 4 4 4 7 9 10 14 17 17 18 27 38 45 50 53 49 42 36 31 30 32 38 50 57 50 35 17 5 1 2 0 1 2 1 1 1 2 1 2 1 1 1 1 1 1 0 3 5 11 24 29 25 26 32 45 64 97 149 180 143 87 59 38 67 79 64 117 142 134 85 52 46 45 44 42 42 40 39 39 39 39 39 38 39 40 39 39 39 39 39 
2 3 3 4 3 3 3 3 2 1 1 1 1 0 1 15 26 29 30 32 39 38 38 36 32 27 22 17 15 12 11 12 11 10 9 10 8 8 10 8 5 4 3 3 4 8 11 15 19 19 23 36 46 54 57 59 56 49 44 40 38 39 43 49 53 48 38 16 4 1 2 1 1 2 2 1 2 2 2 2 2 1 1 1 1 1 1 4 11 20 27 29 24 25 32 44 61 88 121 152 142 113 102 86 97 103 86 81 78 68 56 46 43 42 40 40 40 40 39 39 39 39 39 38 39 40 39 39 39 39 39 
1 1 3 3 3 3 3 3 2 1 1 1 1 0 5 16 25 32 36 37 37 37 37 37 35 32 27 22 18 15 12 16 12 10 9 9 8 8 9 7 5 5 5 5 7 11 17 19 26 32 36 50 57 58 58 58 57 57 52 44 38 35 36 37 38 40 31 14 4 2 2 1 1 2 3 2 3 3 3 3 3 2 1 1 1 1 1 6 20 32 34 30 24 24 31 44 59 77 87 131 132 129 127 117 102 94 75 65 53 45 44 40 39 39 39 39 40 40 39 39 39 39 39 39 39 40 39 40 40 40 39 
1 1 3 2 3 3 2 1 1 1 1 1 1 0 4 14 23 31 36 38 38 35 35 35 35 33 32 29 24 19 18 18 16 14 12 11 12 14 11 11 12 12 13 16 18 22 26 30 33 42 49 53 54 54 56 56 54 50 46 43 36 30 30 28 32 33 25 10 4 2 2 2 1 3 3 3 3 3 3 3 2 2 2 2 2 1 2 5 23 38 37 31 24 24 32 44 58 56 58 70 101 127 101 73 72 73 90 39 39 40 40 39 39 39 39 39 39 39 39 39 38 38 38 38 39 39 39 39 39 39 39 
1 1 1 2 1 2 1 1 1 1 1 1 1 0 2 11 17 25 29 30 30 29 28 28 28 30 29 26 26 25 25 25 23 22 21 21 23 24 18 20 24 27 27 30 34 38 39 42 44 47 51 47 46 44 46 47 43 36 35 33 30 24 21 22 30 25 17 6 3 2 2 1 1 2 3 3 2 3 3 2 2 2 2 2 2 1 2 5 21 35 37 31 24 25 36 47 53 46 49 50 80 123 120 86 72 60 61 43 40 40 40 39 38 38 38 38 39 39 38 38 38 38 38 38 38 38 38 38 38 38 38 
2 1 1 1 1 2 1 1 1 1 1 2 1 1 0 2 7 12 16 17 17 17 17 17 17 18 19 18 21 23 26 28 28 28 28 28 30 33 30 31 36 38 37 38 43 46 46 46 45 46 44 36 31 30 30 30 26 21 22 22 25 25 19 22 24 21 14 4 2 1 1 1 1 2 3 3 2 2 2 1 1 2 3 3 2 1 3 7 19 29 28 22 22 28 39 49 49 42 38 38 67 114 135 106 64 56 50 42 40 38 38 39 38 37 38 38 38 39 38 38 37 37 37 38 38 37 37 37 37 37 37 
3 1 1 1 1 1 1 1 1 1 1 2 2 1 1 2 3 4 5 7 8 7 7 7 5 8 10 10 14 15 17 17 19 22 23 25 28 31 33 36 37 38 38 37 38 39 40 39 32 28 26 23 19 19 18 17 15 11 12 18 30 32 28 26 22 17 14 3 1 1 1 1 1 3 3 2 3 2 2 1 1 2 3 3 2 1 2 8 16 22 21 17 22 31 38 43 39 32 29 37 67 116 148 121 60 51 42 38 39 38 38 39 38 37 38 38 38 38 38 38 37 37 37 37 37 37 37 37 37 37 37 
3 1 1 1 1 1 1 1 2 3 3 2 2 1 4 5 5 5 4 4 5 7 5 5 5 5 5 5 7 8 9 9 10 11 14 14 16 18 21 25 25 26 26 25 24 23 26 24 19 12 12 14 15 15 14 12 12 11 15 24 37 42 38 32 24 23 13 2 1 1 1 1 1 2 2 1 1 1 1 1 2 2 2 2 1 1 3 8 14 19 19 17 23 30 36 36 32 29 29 40 68 111 150 134 65 54 40 45 45 45 45 45 44 45 46 46 46 45 45 46 45 45 46 45 46 46 46 45 45 45 45 
2 1 1 1 1 1 1 1 2 3 3 2 3 2 10 15 14 14 12 11 10 9 8 9 9 10 8 8 7 7 7 7 8 9 10 10 10 10 12 14 14 15 14 15 12 11 11 12 14 12 11 15 17 17 18 18 17 16 23 37 47 52 47 38 35 32 18 2 1 1 1 1 1 2 2 1 1 1 1 1 1 3 3 2 1 1 3 8 14 17 18 18 23 28 31 32 32 29 31 43 72 102 139 142 79 66 52 57 57 57 57 57 57 57 57 58 58 57 57 58 58 58 58 57 58 58 58 57 57 57 57 
1 1 1 1 1 1 1 3 3 3 3 2 2 5 19 27 23 22 21 21 19 19 18 19 18 17 16 16 15 14 15 15 16 18 19 21 21 21 18 17 17 18 17 17 17 17 17 17 18 23 22 28 30 29 26 25 24 23 29 40 51 57 54 49 49 41 24 3 1 1 1 1 1 1 1 1 1 2 2 1 1 2 2 1 3 4 7 10 15 15 16 18 22 25 29 32 32 30 32 45 71 97 125 138 85 78 66 66 67 67 67 68 68 68 68 68 67 67 67 67 68 68 70 71 71 70 68 70 70 70 70 
2 1 1 1 1 1 1 2 3 2 2 2 2 7 26 38 37 36 36 35 36 32 28 29 28 28 28 26 26 26 26 28 30 33 36 37 38 38 31 31 31 33 32 32 34 34 32 31 31 33 38 43 43 42 36 32 30 28 30 36 45 50 52 56 54 46 27 4 1 1 1 1 1 1 1 1 1 2 2 1 1 1 1 1 2 10 15 17 19 18 17 18 22 26 30 33 35 36 39 54 73 89 108 125 92 87 76 77 77 78 78 80 79 78 78 77 77 77 78 78 78 79 78 78 78 77 77 77 78 78 78 
3 1 1 1 1 1 1 2 2 2 1 1 1 9 26 35 36 39 40 39 38 38 36 36 35 35 33 33 35 36 34 32 36 39 43 46 47 47 42 45 46 44 44 43 44 43 40 41 40 43 46 46 47 45 42 38 31 25 26 29 36 40 46 52 50 42 24 5 2 1 1 1 1 1 1 2 2 1 2 2 2 1 2 2 5 17 23 24 25 23 21 19 23 26 31 36 38 43 53 57 64 63 93 109 108 94 66 59 85 118 101 86 71 68 73 76 78 80 80 80 80 80 80 81 81 82 82 81 81 82 82 
1 1 1 1 1 1 1 2 2 2 2 0 1 12 24 32 35 37 37 37 37 37 37 36 36 36 35 33 33 33 33 31 32 35 42 44 44 45 46 48 48 46 46 46 45 43 45 45 44 44 44 41 41 44 39 32 25 19 18 22 25 30 39 44 39 32 18 5 3 1 1 2 1 1 1 2 2 2 2 2 2 1 2 3 9 23 32 33 30 26 24 22 23 29 35 40 44 49 54 54 53 51 72 107 122 111 87 108 120 131 109 88 73 77 80 82 81 81 81 81 81 81 81 81 81 84 82 81 81 82 82 
1 1 1 1 1 1 1 2 2 2 1 0 1 9 17 24 26 26 26 26 28 30 30 33 34 31 30 30 27 24 24 23 24 29 32 33 36 39 40 41 41 43 44 43 40 38 43 40 37 35 33 29 28 31 31 24 21 17 16 18 21 23 30 33 29 23 12 4 2 1 2 2 1 1 1 2 2 2 2 2 2 1 1 2 9 23 36 37 32 29 25 23 26 32 39 45 49 49 49 49 47 46 57 96 137 140 119 160 143 122 89 77 80 84 85 82 81 80 80 80 80 81 81 81 81 82 82 82 82 82 82 
1 1 1 1 1 1 1 2 2 2 1 1 2 5 9 14 15 16 16 16 16 17 17 17 19 18 15 15 15 12 12 14 14 17 18 19 22 25 26 27 30 31 32 32 30 29 32 30 26 23 21 18 17 17 19 21 21 23 23 25 28 28 26 29 26 23 17 4 2 1 1 2 1 1 1 2 2 2 2 2 2 1 1 2 7 19 33 35 30 29 26 25 31 37 42 46 49 45 43 42 40 39 49 93 153 172 149 169 135 100 66 64 81 88 86 85 85 84 84 84 82 82 82 84 84 85 85 85 85 85 85 
1 2 2 2 2 1 1 2 3 3 2 1 2 4 8 11 12 13 13 12 11 9 8 12 15 12 9 11 11 11 10 10 9 9 8 9 9 10 12 12 15 16 17 18 18 19 18 18 17 16 15 14 12 12 15 19 28 35 37 40 43 39 36 37 36 28 19 7 2 1 1 2 2 1 2 3 3 2 2 2 2 1 1 1 5 18 30 31 29 28 29 32 39 45 46 47 43 36 32 32 37 38 53 100 166 189 167 155 113 79 56 57 73 86 88 88 87 87 87 86 86 86 86 87 87 87 87 87 87 88 88 
1 1 2 2 2 1 2 3 3 3 3 1 2 8 11 13 13 13 13 12 11 8 8 15 19 22 19 19 18 17 16 14 10 9 8 8 9 11 10 9 9 11 11 12 14 14 14 14 12 12 10 11 12 12 17 26 37 45 49 51 51 49 49 53 51 42 25 8 2 1 2 2 2 2 2 3 3 2 2 2 2 2 1 2 7 18 26 29 28 28 33 40 47 50 47 43 33 23 24 31 36 43 63 108 180 209 181 146 100 67 51 50 65 79 89 90 90 90 90 90 90 90 89 90 90 90 90 90 90 92 92 
1 0 1 1 1 1 2 2 2 2 3 3 5 11 11 13 13 13 13 11 10 10 9 14 22 28 25 24 23 23 23 20 17 14 12 12 15 17 16 16 17 17 17 17 16 16 16 16 16 15 12 14 15 12 17 26 39 50 54 56 56 59 58 61 61 52 33 9 4 1 2 2 2 2 2 3 3 3 3 2 2 2 2 3 11 21 25 28 30 34 41 47 49 45 40 33 23 18 22 40 44 55 71 113 191 229 203 170 114 74 57 50 64 78 88 92 93 93 93 94 93 93 93 93 93 93 93 94 94 94 94 
1 0 0 0 0 1 1 2 2 2 4 5 8 10 10 11 11 11 11 9 9 9 9 14 18 22 23 24 26 29 30 27 27 25 23 23 24 23 23 25 29 30 28 27 23 21 21 19 19 21 22 19 17 14 15 24 37 47 53 56 57 60 55 53 55 51 32 11 4 1 2 3 3 3 3 4 4 4 3 2 2 2 2 5 17 24 28 31 35 43 50 50 45 39 30 22 18 18 29 45 51 65 76 113 189 233 216 203 137 82 61 50 66 76 88 93 93 93 94 94 93 92 92 90 90 90 90 92 92 92 92 
0 0 0 0 0 0 1 1 1 1 2 4 5 8 8 8 8 7 7 5 7 5 8 10 14 16 19 23 25 29 29 28 29 31 32 31 28 25 26 28 29 31 33 35 31 29 23 19 21 21 22 19 17 14 15 22 32 38 43 44 44 44 43 45 46 41 26 11 4 1 1 2 3 3 3 4 4 3 2 2 2 2 2 8 18 25 31 38 40 48 53 50 44 36 24 18 19 25 38 53 59 67 63 100 136 172 191 155 103 53 29 49 66 75 85 82 85 86 85 82 82 82 82 84 84 85 85 82 82 81 80 
0 0 0 0 0 1 1 1 1 1 1 2 3 3 3 4 4 4 4 3 3 3 3 4 4 8 12 16 17 17 21 25 30 32 33 33 32 32 30 28 28 28 30 31 30 26 22 17 16 16 16 15 14 12 11 12 20 26 29 29 29 30 31 35 38 34 27 11 4 1 2 2 2 2 2 3 3 3 2 2 2 1 3 10 21 26 35 42 44 51 51 45 37 26 22 22 26 37 50 57 57 56 51 79 122 166 178 138 101 66 44 44 64 75 81 78 77 75 75 75 74 74 74 74 74 75 75 75 75 75 74 
0 0 1 0 0 1 1 1 1 1 1 1 1 1 1 1 1 1 1 0 0 0 1 1 1 5 6 9 10 12 15 23 26 29 31 31 31 31 30 29 28 29 26 23 22 19 15 12 12 12 12 12 12 12 12 13 16 22 23 23 24 25 25 26 30 29 21 11 4 2 2 1 2 3 3 3 3 3 3 3 3 2 4 12 23 29 37 43 43 43 39 32 25 19 21 28 35 45 50 49 44 43 40 52 88 142 157 142 109 77 64 39 49 67 77 71 70 69 69 69 69 67 67 67 67 67 67 68 69 69 69 
0 0 0 0 0 1 1 1 1 1 1 1 1 1 1 0 0 0 0 0 0 0 0 0 0 2 1 2 3 9 13 19 23 24 26 26 28 29 29 31 31 29 25 23 17 13 12 12 11 11 11 11 11 12 12 14 16 19 22 22 24 25 24 24 26 25 17 7 3 1 2 1 2 3 3 3 3 3 3 3 3 3 3 11 23 31 39 42 37 32 26 22 19 17 19 29 37 43 40 38 36 36 33 49 84 145 166 192 169 129 100 54 51 57 66 64 63 62 61 61 62 61 61 61 61 61 60 61 60 61 64 
1 0 0 0 0 1 1 0 0 0 0 0 0 0 0 0 0 0 0 0 0 0 0 0 0 2 2 2 1 3 8 15 17 19 22 23 24 26 29 31 32 32 30 26 19 14 11 10 10 10 10 10 10 10 12 11 12 17 23 29 30 28 24 22 25 28 22 8 4 1 2 1 1 2 3 3 3 2 2 3 3 3 4 12 22 31 37 35 29 24 19 18 17 15 19 28 35 33 29 26 26 31 30 52 88 163 210 219 207 186 144 87 56 51 52 54 54 54 54 56 56 57 57 55 55 54 54 54 56 58 60 
1 1 0 0 0 0 0 0 1 0 0 0 0 0 0 0 0 0 0 0 0 0 0 0 0 2 3 2 1 2 2 7 10 11 12 15 17 22 26 29 29 31 34 32 26 22 16 10 10 12 13 14 17 15 14 12 12 16 24 35 38 35 25 21 25 32 29 12 5 2 2 1 1 2 2 2 2 1 1 2 2 3 7 15 24 28 30 28 21 18 17 16 16 17 22 26 29 25 21 19 23 31 36 54 85 157 210 249 243 233 187 115 61 47 44 48 47 47 47 47 47 48 47 48 47 45 46 50 53 56 58 
0 2 3 2 1 1 1 1 1 1 1 0 0 0 1 1 0 0 0 1 1 2 2 2 2 1 1 1 1 1 1 2 3 5 6 8 11 17 23 24 24 28 33 36 31 26 19 17 16 17 21 23 25 22 14 12 13 14 22 38 46 40 28 22 26 29 26 18 7 3 3 1 1 2 2 2 2 2 1 1 2 4 10 17 23 22 21 19 14 11 12 15 17 22 24 24 23 23 23 30 39 45 53 61 85 153 213 243 248 248 208 127 56 47 45 44 40 36 36 36 38 38 37 38 37 36 35 37 45 53 58 
0 0 1 0 1 2 2 2 1 2 1 1 0 0 2 3 2 3 3 8 6 4 4 4 3 1 1 0 1 1 1 2 2 3 3 5 8 11 17 19 24 31 36 36 35 33 29 23 18 19 24 25 29 26 15 11 13 13 19 37 49 43 28 23 26 28 24 16 7 3 3 1 1 2 3 2 2 1 1 1 2 5 11 18 21 17 14 11 9 9 10 15 18 23 26 28 29 29 32 45 56 58 66 74 87 155 217 200 227 248 235 170 106 59 42 32 24 24 23 23 24 24 23 23 23 22 21 23 32 44 50 
0 0 1 0 0 2 2 2 2 3 2 1 0 0 1 6 11 11 12 13 13 13 12 12 11 11 9 6 6 5 5 9 7 5 4 5 6 8 9 14 21 26 30 32 35 35 30 24 19 21 23 26 29 25 15 11 12 13 17 30 42 38 26 24 26 29 24 15 7 4 3 1 2 3 3 3 2 2 1 1 1 5 12 16 17 14 12 11 12 15 17 19 24 31 35 37 40 44 50 56 64 67 67 72 91 142 209 157 189 203 233 217 175 109 58 31 25 25 24 25 25 25 24 23 23 22 21 25 36 44 50 
0 1 1 1 1 3 4 4 4 4 4 2 1 0 0 8 16 15 16 16 17 18 18 18 19 19 19 19 18 15 14 18 17 14 10 10 10 9 9 12 16 21 25 28 30 31 30 26 22 22 23 24 23 22 14 11 12 13 15 22 32 31 23 25 29 29 23 15 9 4 3 1 3 4 4 4 3 2 1 1 1 5 10 11 12 11 12 15 19 25 28 32 40 49 51 50 54 58 61 63 63 65 65 62 65 102 169 97 117 145 191 206 209 180 131 78 38 24 23 19 18 16 15 13 13 16 17 15 22 32 45 
0 0 0 0 1 3 4 6 9 9 9 5 2 1 0 6 16 15 17 19 21 21 21 22 22 23 24 24 24 22 21 24 23 19 17 16 15 14 14 15 15 18 22 24 26 28 28 28 24 23 23 23 21 15 14 12 12 13 15 17 22 24 23 23 25 26 21 13 10 4 3 1 3 3 4 5 4 3 2 1 1 3 7 12 17 17 18 23 30 37 43 50 56 59 59 59 59 60 61 61 58 54 52 51 52 70 130 80 78 89 130 150 188 207 200 175 106 51 22 12 17 19 19 16 14 16 16 13 18 29 39 
1 0 0 0 1 5 9 11 15 15 12 9 5 5 4 8 13 16 17 17 18 18 18 19 19 22 23 25 25 24 24 24 24 24 24 23 23 23 22 21 21 22 24 26 26 25 25 30 26 24 22 21 17 14 11 12 12 13 14 16 18 21 22 22 22 21 18 13 10 3 3 2 3 4 5 8 6 4 2 1 1 3 9 17 23 23 26 36 43 49 54 59 60 59 58 56 53 53 53 52 47 42 40 42 39 51 99 74 70 65 75 75 99 139 178 221 195 123 53 23 18 18 18 17 14 14 15 13 18 28 38 
1 2 4 1 2 12 16 17 18 18 17 13 10 9 9 9 10 12 15 15 14 14 14 14 14 16 17 19 21 21 21 22 23 25 29 29 30 29 29 28 29 30 31 31 31 31 31 32 29 24 22 20 18 15 11 12 12 13 13 15 17 21 19 19 19 18 17 16 11 5 3 2 4 5 7 8 5 4 2 1 1 6 13 22 29 29 35 45 51 53 57 56 53 50 47 45 43 40 39 37 36 33 33 33 35 47 79 70 66 54 57 66 66 68 104 163 207 191 116 53 27 17 16 15 12 12 15 12 18 28 37 
1 4 15 4 10 17 18 18 19 19 18 17 15 14 14 15 16 15 15 12 10 10 10 9 7 8 9 11 12 15 16 16 19 25 29 31 31 33 31 30 32 32 33 35 35 37 36 34 32 26 23 22 17 15 13 12 13 15 15 16 17 21 21 19 19 19 21 19 14 5 3 2 3 4 5 5 4 3 2 1 3 11 20 29 31 32 37 41 41 43 44 42 37 33 33 32 30 29 28 26 28 29 28 28 38 51 73 72 67 58 54 58 60 47 58 94 132 189 193 131 68 37 47 45 23 12 11 12 18 28 36 
1 5 17 10 19 20 22 19 18 19 18 17 15 15 17 18 18 15 11 7 4 3 3 3 2 3 3 4 5 8 9 14 18 23 26 29 29 31 28 28 30 30 31 32 32 37 38 38 38 32 29 26 23 19 14 13 14 16 16 16 15 22 22 21 21 22 22 23 15 6 3 1 2 2 3 3 3 3 1 3 5 15 24 29 29 32 32 30 31 29 28 25 22 22 23 23 24 26 29 29 30 32 33 40 60 63 77 81 74 64 54 53 53 51 57 60 72 123 187 185 139 110 130 135 81 28 11 12 17 25 36 
1 8 13 13 19 20 20 19 18 19 18 18 17 17 17 17 15 11 8 4 3 2 2 2 1 2 2 2 2 3 4 4 5 12 16 18 21 24 25 26 28 29 30 31 33 37 43 44 41 40 38 36 37 30 18 14 16 20 20 19 21 23 23 23 23 23 23 21 15 6 3 1 2 2 3 3 3 3 3 3 8 17 23 24 23 23 23 23 23 22 19 18 18 18 21 22 28 32 37 40 42 45 50 60 77 72 90 89 80 68 54 52 52 53 54 56 58 77 123 173 187 192 214 223 159 63 16 12 17 24 36 
2 6 12 16 19 20 20 18 17 17 16 17 17 16 15 15 10 7 4 3 3 3 3 2 1 1 1 1 2 2 3 3 4 5 7 12 17 19 23 25 26 26 29 30 31 36 42 43 40 40 44 46 45 35 24 16 17 29 30 23 24 23 24 23 23 24 23 21 15 8 3 1 2 2 3 3 3 4 3 4 10 16 21 20 19 17 17 18 18 18 18 22 24 25 29 33 42 47 52 52 52 57 61 66 68 77 95 109 101 71 56 53 52 52 53 54 57 56 74 123 164 192 215 230 181 82 17 11 17 24 37 
2 6 12 15 18 19 19 17 17 16 14 16 15 12 10 8 5 4 3 5 4 4 3 3 3 3 3 3 3 4 5 7 9 8 8 8 10 16 19 22 23 24 25 25 28 29 33 38 40 39 44 50 47 35 25 18 19 30 33 24 22 23 22 22 22 22 21 21 15 8 4 1 1 2 3 3 3 3 3 4 10 16 17 19 19 19 22 24 25 24 26 30 35 39 44 49 54 60 63 63 65 67 72 73 74 81 97 118 109 73 58 53 54 53 54 55 57 57 59 68 89 133 186 210 156 67 18 15 17 23 37 
3 5 11 14 16 17 17 17 17 15 11 10 10 9 7 4 4 5 7 7 8 7 7 7 7 7 8 8 9 10 11 12 15 12 11 11 11 12 16 19 22 21 23 24 24 24 28 35 40 43 45 46 44 31 22 18 19 29 31 23 18 19 21 21 21 19 19 17 15 8 4 2 3 2 2 2 3 3 3 5 11 17 19 21 24 29 32 37 38 37 40 45 50 56 57 58 61 63 65 65 66 67 68 72 70 71 92 116 102 78 60 52 54 55 54 54 56 56 56 56 65 105 172 189 128 54 22 18 17 23 38 
4 8 11 14 16 17 16 16 16 14 8 7 7 7 7 7 9 11 11 11 12 14 14 14 14 14 12 12 14 15 17 18 21 19 18 16 16 16 17 20 23 23 25 25 25 25 30 33 37 42 44 44 40 30 19 16 18 26 25 17 16 17 18 18 18 18 17 15 13 8 4 2 2 1 1 2 2 4 4 9 16 23 29 31 32 37 42 44 46 47 50 53 58 60 60 59 60 59 58 58 59 61 58 56 56 59 74 95 92 75 60 51 53 54 54 54 54 54 51 50 80 140 204 194 107 40 23 19 15 20 37 
4 8 11 12 16 19 19 16 10 9 5 6 9 8 8 10 12 12 14 14 14 15 15 14 14 15 15 15 15 17 19 21 22 22 22 21 21 21 21 23 25 26 25 27 29 29 31 33 35 37 40 40 39 32 23 18 19 25 24 16 16 17 17 16 16 16 16 14 12 8 5 3 2 1 1 1 3 5 9 16 24 31 38 40 40 44 46 47 46 50 52 51 52 53 54 51 51 50 49 47 49 47 44 40 42 44 57 77 81 70 59 51 52 54 55 54 54 55 58 63 103 179 227 186 87 33 22 17 15 18 35 
5 8 12 14 16 19 18 16 11 10 5 5 9 9 9 11 14 14 14 14 12 12 12 11 11 12 12 14 14 16 17 19 21 21 22 22 23 24 24 26 27 26 28 29 31 32 32 33 35 36 37 37 39 39 30 23 24 29 27 17 15 18 16 15 16 16 15 14 12 10 6 3 2 1 1 1 3 5 12 24 31 38 43 44 43 43 43 42 40 41 43 42 40 41 41 40 39 38 38 37 36 35 37 37 36 36 49 67 78 72 57 53 51 53 57 56 54 55 57 77 138 212 227 145 58 29 23 17 14 17 32 
5 9 12 14 16 19 17 15 12 12 9 8 10 11 11 11 15 14 12 12 12 11 11 11 11 11 11 12 12 14 16 17 17 18 19 21 24 27 30 30 30 29 30 29 31 33 35 33 33 35 36 37 40 44 33 24 25 28 28 23 19 19 17 15 16 16 15 12 11 11 6 3 2 1 1 1 2 7 16 30 37 41 44 43 40 37 33 32 32 33 32 33 33 32 32 32 31 30 29 28 30 33 33 30 32 36 47 68 82 77 58 56 52 51 53 54 53 53 55 85 163 226 201 109 43 24 21 16 12 19 33 
5 9 12 15 16 17 17 17 17 16 12 11 12 15 13 12 14 12 11 12 12 12 12 11 11 12 12 12 14 14 15 16 18 17 17 17 19 23 25 27 30 30 29 29 29 32 35 35 33 35 35 36 38 40 33 23 22 24 25 31 29 24 17 12 15 14 14 14 12 13 6 2 1 0 0 0 1 7 19 31 37 38 38 37 33 30 23 20 23 24 25 27 30 30 30 30 29 28 28 28 29 30 31 37 45 51 60 85 100 88 66 59 52 51 53 53 53 52 66 124 201 234 170 81 37 24 19 15 12 19 31 
8 10 14 15 16 17 16 17 17 16 13 13 15 15 15 15 15 13 12 12 12 12 13 13 15 15 16 17 17 17 18 19 22 19 18 17 18 18 20 22 23 24 24 24 26 32 36 36 34 35 35 36 37 40 36 29 24 21 21 24 26 25 18 15 16 15 15 15 14 15 9 2 1 0 0 0 1 7 17 25 28 27 29 25 24 23 21 19 22 24 26 28 29 31 31 32 35 35 36 36 36 37 39 53 65 66 72 93 118 115 82 61 53 50 51 53 52 50 70 145 215 210 130 59 32 24 19 16 14 22 31 
8 10 14 16 17 18 18 19 19 17 17 17 17 16 15 15 13 12 11 11 11 12 13 15 16 17 18 19 20 22 23 23 24 23 22 22 20 20 22 19 19 21 22 24 25 30 34 34 34 35 36 37 38 39 36 30 25 18 16 16 19 22 19 16 19 18 18 18 18 19 12 3 1 0 0 0 2 8 14 17 19 20 20 18 18 22 24 24 26 29 31 33 37 39 43 46 47 47 47 49 51 54 57 61 71 74 78 99 134 132 89 60 53 50 52 53 53 52 74 146 197 170 92 37 28 23 21 16 15 22 29 
8 11 15 17 19 19 21 22 22 22 19 18 16 14 11 11 9 10 10 10 10 11 13 15 16 17 18 19 20 22 23 24 25 25 26 26 24 23 24 23 23 23 25 26 25 26 31 33 33 35 37 37 37 38 36 31 26 20 13 11 12 15 18 18 19 21 19 19 18 18 14 4 0 1 1 1 4 10 15 17 18 20 22 22 21 26 32 35 36 39 42 43 46 51 56 59 60 59 58 59 63 64 66 67 67 73 78 94 128 129 89 60 53 50 52 53 53 53 72 123 156 123 58 28 24 22 19 16 15 22 29 
9 11 14 17 19 19 21 23 23 22 19 16 14 11 9 9 7 9 10 11 11 12 12 13 13 15 16 17 18 20 22 24 25 27 29 30 29 27 27 26 26 26 28 28 28 29 31 32 33 35 36 35 35 34 37 33 29 22 12 6 8 11 16 19 22 21 21 18 17 16 12 3 0 1 1 0 5 14 22 26 26 27 27 29 31 37 43 46 49 52 56 56 56 58 59 60 60 60 61 61 63 59 57 54 51 56 61 68 97 113 88 59 52 49 51 52 56 59 68 96 121 89 37 23 21 22 21 17 16 23 29 
10 12 14 15 16 18 19 22 22 19 17 16 12 10 9 9 9 10 11 12 12 12 11 12 13 12 13 15 16 17 18 20 23 25 29 29 29 29 29 26 28 26 28 29 29 29 31 32 32 33 34 32 32 33 36 34 29 21 11 7 7 10 15 16 18 18 17 16 14 11 10 4 1 0 0 0 4 14 24 31 32 34 34 34 39 44 45 49 51 51 52 53 53 51 50 50 50 49 47 47 45 43 39 38 38 39 45 56 87 100 80 61 53 49 49 52 58 63 77 95 114 92 45 24 17 23 21 18 16 24 30 
11 12 14 15 16 18 21 22 22 18 16 16 15 14 11 11 11 12 15 15 14 14 12 12 12 12 12 12 12 15 15 17 19 20 22 23 24 25 25 23 25 25 26 29 29 29 30 31 31 32 33 31 31 31 30 30 24 17 10 5 4 7 9 11 11 12 12 12 11 7 5 2 1 0 0 0 2 7 17 25 28 29 30 30 33 36 39 42 42 39 39 38 40 39 37 37 36 35 33 33 33 36 38 38 42 42 50 66 92 109 94 64 57 51 49 50 56 68 95 118 128 114 64 24 17 24 21 17 16 23 29 
11 12 14 16 17 18 19 21 21 21 18 18 18 17 16 17 17 16 16 16 15 14 12 12 12 12 12 11 11 11 11 14 15 15 15 16 17 19 21 23 24 24 25 28 28 28 29 30 30 31 32 31 29 28 25 24 20 14 7 3 1 3 5 6 9 10 10 9 8 7 5 2 2 0 0 0 2 4 11 16 18 19 21 21 23 25 30 31 29 31 32 30 30 29 31 32 33 35 35 36 39 46 49 50 60 63 66 79 115 142 119 70 56 50 47 46 48 74 122 159 152 116 67 22 19 24 19 17 16 20 26 
12 14 14 16 17 18 19 21 22 22 22 22 22 21 19 19 19 18 17 17 16 15 12 13 12 12 12 11 11 10 10 9 9 10 11 12 15 17 18 22 24 25 26 28 26 28 29 30 30 31 31 30 29 28 26 23 16 9 3 1 1 3 3 5 10 10 10 9 8 6 4 3 2 1 0 0 1 3 8 14 17 17 17 18 18 19 22 22 24 29 31 30 31 35 37 40 43 45 46 49 53 61 64 69 76 77 80 94 136 161 133 80 56 49 44 36 39 74 131 159 132 84 43 21 23 24 18 16 16 19 25 
12 15 15 15 17 17 18 21 22 23 22 22 22 21 19 21 19 18 17 16 16 15 14 12 11 11 11 11 12 10 9 9 8 8 9 12 15 15 17 19 23 24 26 26 26 28 29 29 30 30 30 29 28 26 23 17 11 5 3 1 1 1 2 4 8 11 10 9 9 7 5 3 2 1 1 0 1 2 8 14 19 22 24 25 25 27 27 30 32 35 39 43 47 52 54 54 53 57 58 60 65 72 82 89 94 95 102 104 109 113 121 103 68 43 38 23 30 58 79 73 44 21 19 21 23 23 18 17 16 19 24 
12 15 15 15 16 17 18 19 21 21 21 21 21 19 18 19 18 18 17 17 17 16 16 15 14 12 11 10 10 10 10 8 8 8 8 10 12 14 16 18 21 23 25 25 25 26 28 28 29 30 30 28 28 26 19 12 5 4 1 1 1 2 3 4 5 10 11 11 9 8 5 4 2 1 1 0 0 2 9 18 29 32 36 39 39 40 40 43 46 46 49 52 58 61 61 60 57 55 54 54 60 74 93 102 106 104 101 110 95 88 81 67 50 32 31 26 37 46 44 32 22 19 23 21 23 23 18 17 16 20 24 
12 12 12 14 15 16 17 18 19 19 21 19 21 19 18 18 18 18 18 17 18 18 20 18 16 16 15 13 13 14 14 14 14 14 14 11 12 14 16 18 19 21 21 22 24 26 28 26 28 28 29 28 26 23 17 12 5 2 1 1 1 1 1 2 4 8 12 15 12 10 8 5 3 1 1 0 0 2 8 18 29 35 39 43 44 44 45 47 49 51 50 50 53 54 54 50 45 42 39 36 40 58 89 104 100 96 86 89 78 67 58 46 37 25 22 25 37 48 40 22 17 19 21 21 24 22 19 18 17 19 22 
14 14 14 15 15 16 16 18 18 18 19 18 18 18 17 17 18 18 19 22 25 26 27 24 23 22 20 20 20 21 21 19 19 19 17 17 17 19 21 19 21 22 21 22 23 25 26 26 26 29 29 28 26 23 15 9 3 1 1 1 1 1 1 2 8 14 18 19 17 10 8 5 3 1 1 0 0 1 3 9 18 24 29 32 35 37 37 39 42 44 44 44 43 40 38 35 31 29 26 24 30 45 78 87 74 73 68 65 63 52 47 43 36 23 28 25 35 51 41 23 17 18 19 21 23 23 19 18 17 19 23 
14 14 14 15 15 16 16 17 18 18 19 18 18 18 17 16 17 17 18 18 23 27 31 30 28 22 19 22 22 21 19 19 18 18 17 17 18 21 22 21 21 22 21 21 21 23 24 26 26 26 28 26 23 18 12 6 2 1 0 1 1 1 1 2 6 12 22 24 23 16 10 5 3 1 1 0 0 0 0 3 10 15 19 23 25 28 28 30 32 36 38 38 36 33 31 29 27 28 26 25 29 39 60 64 56 56 57 57 52 44 42 40 33 29 37 26 38 57 47 25 19 19 19 22 23 23 21 18 17 20 23 
12 12 14 14 14 15 16 17 17 17 18 18 17 17 16 16 15 16 12 12 19 26 29 28 22 16 12 12 16 17 16 15 14 14 15 16 17 19 21 21 19 18 18 19 19 19 21 22 23 24 25 22 18 12 7 4 2 1 0 0 0 1 1 2 4 10 21 28 28 21 11 7 3 2 1 0 0 0 1 3 9 14 16 21 24 26 26 26 29 31 33 33 33 32 31 30 30 29 29 30 32 40 48 51 52 52 52 51 47 43 39 38 36 31 35 24 38 61 55 30 21 18 18 21 23 23 21 18 17 19 23 
12 14 15 15 16 17 17 17 17 17 17 16 17 16 15 14 14 13 9 8 13 19 21 19 16 11 7 8 12 17 16 14 15 14 12 14 16 19 21 19 19 17 15 16 16 17 16 17 18 19 18 15 10 7 3 2 2 2 2 1 1 1 1 1 4 12 24 30 33 29 21 11 5 1 1 0 0 0 1 4 9 14 17 22 25 28 28 27 30 29 30 31 31 32 31 30 31 30 29 31 34 42 49 50 51 51 48 45 41 37 34 35 33 30 33 25 38 56 53 31 19 19 21 22 23 23 21 18 17 17 23 
