5 5 5 8 11 17 26 33 30 29 31 31 31 31 31 31 30 30 31 31 32 32 32 32 33 36 33 33 33 35 35 35 35 35 36 36 37 39 44 53 71 85 90 94 94 94 94 93 91 91 88 84 80 79 77 74 73 73 72 72 70 66 57 47 44 43 41 40 38 38 38 38 37 36 37 36 36 36 35 33 33 32 33 33 33 32 32 32 
4 4 5 8 11 17 26 33 30 28 30 31 31 31 31 30 30 30 30 30 31 32 32 31 32 33 33 33 33 33 36 36 36 37 36 37 37 45 64 81 101 114 115 115 114 113 113 113 109 106 101 94 92 89 88 87 86 86 84 81 79 79 72 64 56 49 46 43 39 37 37 38 38 37 35 35 36 36 35 33 33 33 32 33 33 32 32 32 
4 5 5 9 12 17 28 33 30 26 30 30 31 31 30 30 29 30 30 30 31 31 31 31 32 33 32 33 33 33 34 34 37 38 38 39 44 65 97 123 142 151 149 148 146 145 143 143 139 136 128 121 116 114 113 114 111 111 108 104 100 98 96 90 79 63 54 49 44 40 38 37 37 36 33 35 36 37 36 35 34 33 32 32 31 31 31 30 
4 5 5 9 12 17 26 33 30 26 29 29 30 30 29 29 29 29 30 30 31 31 31 31 32 32 32 32 33 33 35 35 37 38 39 43 61 99 141 166 179 186 186 185 182 180 179 178 177 175 171 163 153 152 152 152 149 148 144 139 134 131 130 127 117 96 71 58 46 42 42 42 39 37 38 37 35 36 37 36 33 32 31 30 31 31 30 29 
4 5 5 9 12 18 26 33 31 26 28 29 29 29 29 29 29 29 30 30 31 31 31 31 32 32 31 32 33 32 35 36 39 39 43 60 101 148 184 201 209 214 215 213 210 210 209 209 209 209 210 207 200 199 200 197 193 192 188 182 178 174 173 172 167 150 123 94 64 45 42 43 42 42 40 39 36 36 37 36 33 32 31 30 30 30 29 29 
4 4 7 8 11 18 26 33 31 28 28 29 29 29 28 29 29 28 29 30 31 31 30 31 31 30 31 32 32 33 37 38 40 48 64 103 153 191 213 226 230 231 230 229 228 228 229 229 230 230 228 229 229 229 230 229 228 224 222 220 219 216 216 215 215 207 179 153 117 78 52 44 44 43 42 38 36 36 36 33 32 31 31 30 29 29 30 29 
4 4 5 8 11 18 26 32 31 26 26 28 28 28 28 28 28 28 29 29 29 29 29 29 30 30 30 32 33 36 38 39 43 67 111 162 199 221 233 237 239 239 240 240 240 240 241 241 241 241 240 241 242 242 242 241 241 240 240 237 236 236 235 235 236 234 227 212 178 129 84 54 44 42 42 38 36 36 36 33 32 31 30 30 30 29 30 30 
4 5 5 8 12 19 27 33 31 26 26 26 28 28 28 28 28 28 29 29 28 28 26 28 29 29 29 32 36 39 39 40 49 99 163 207 227 236 241 242 242 242 243 244 244 244 243 244 246 246 247 247 247 247 247 247 247 247 245 245 244 244 243 243 242 241 237 234 214 175 128 84 52 43 42 38 37 37 36 33 33 32 30 31 31 29 30 30 
4 4 5 7 15 22 29 34 32 25 24 25 25 26 26 25 26 28 27 29 28 26 25 28 30 30 32 35 38 39 40 53 80 144 199 226 236 241 242 242 242 242 243 245 246 246 244 245 247 247 248 248 247 247 247 248 248 248 246 246 245 245 245 244 243 243 242 241 234 208 173 130 85 58 45 38 37 37 35 32 32 32 31 31 31 30 30 30 
4 4 4 8 18 26 29 33 32 24 22 24 24 24 25 25 26 26 28 28 28 26 26 29 32 33 35 39 38 39 57 93 136 188 221 235 240 241 242 242 243 243 244 244 244 244 244 245 244 243 243 243 242 242 242 243 243 243 243 243 243 244 244 243 243 243 241 240 238 230 212 180 135 95 65 45 39 37 35 32 31 31 31 32 31 30 28 26 
5 4 5 10 21 28 31 35 32 25 22 23 23 23 24 26 26 26 28 28 28 28 28 29 32 34 35 37 42 61 100 146 187 216 230 238 241 241 242 242 242 242 242 242 241 241 241 239 238 238 238 238 237 237 237 237 237 237 237 238 240 241 240 241 242 242 241 240 240 241 234 216 184 143 101 66 46 38 36 35 32 32 31 31 29 29 28 25 
5 5 7 10 22 30 35 38 35 25 22 24 24 25 25 25 26 28 26 28 29 30 31 33 33 36 37 43 66 110 155 191 216 229 233 237 240 240 240 240 240 238 238 238 237 237 236 234 234 234 234 234 233 233 233 233 233 233 233 233 235 236 236 236 237 238 240 240 240 241 241 234 214 184 139 96 63 43 37 37 35 33 31 30 30 29 26 25 
7 7 8 9 21 31 39 43 37 25 22 24 25 26 25 26 26 28 28 26 28 32 34 36 39 44 52 73 117 167 200 216 229 236 238 238 238 238 237 237 235 234 234 234 234 234 233 231 231 230 230 230 230 229 229 229 229 229 228 228 228 229 230 230 229 229 229 233 236 239 241 234 220 201 169 129 92 63 49 40 31 29 29 29 31 29 26 25 
7 7 8 9 21 32 39 42 35 24 22 24 26 26 26 26 26 26 25 25 30 36 36 37 40 56 88 129 173 208 226 235 238 241 241 238 237 236 235 234 234 234 231 231 230 230 229 228 228 228 227 227 226 224 223 223 222 220 220 222 223 222 222 221 219 216 216 217 220 223 221 217 213 202 180 153 123 94 72 51 36 30 30 30 31 27 27 25 
5 5 7 9 21 33 42 42 32 22 21 24 26 28 26 26 25 25 25 28 32 36 36 43 60 93 143 186 213 228 238 242 242 243 241 240 237 236 236 234 231 231 229 228 229 228 224 223 223 223 223 223 222 221 221 221 220 217 217 219 219 217 216 213 210 208 207 205 203 202 201 201 202 201 189 177 157 132 109 89 70 49 40 31 26 27 25 23 
6 6 7 10 21 33 40 40 32 22 19 23 25 25 25 26 26 26 26 29 32 42 63 89 123 166 205 226 235 238 238 238 240 241 242 241 240 237 237 235 234 233 233 230 231 230 227 224 223 224 223 222 221 220 220 219 219 219 219 219 218 218 217 215 213 212 210 208 205 202 203 203 202 203 201 198 188 173 157 142 123 96 86 67 40 25 22 18 
6 6 8 11 22 32 39 39 32 23 21 23 23 24 25 26 28 29 30 36 56 94 139 177 203 227 242 245 248 247 244 244 244 244 244 244 242 242 241 241 242 242 241 241 241 240 237 235 232 231 230 229 228 228 227 227 226 227 227 227 228 225 227 225 224 224 223 223 222 222 221 220 220 220 220 220 220 214 205 195 182 165 156 129 93 59 39 24 
6 6 9 12 22 31 38 39 32 24 22 22 22 23 24 26 27 26 36 64 120 184 223 240 248 250 249 249 250 250 249 249 247 247 248 248 247 247 247 247 247 247 247 247 248 247 247 244 242 242 241 240 240 240 238 238 238 238 238 238 237 236 236 237 237 237 236 237 237 236 236 235 236 238 237 238 239 242 237 234 229 223 212 189 160 123 86 52 
7 7 9 13 22 31 38 38 32 24 21 21 22 23 22 28 38 47 72 122 188 240 252 251 250 249 249 249 250 250 249 249 248 248 248 249 249 249 249 249 249 249 248 249 249 249 248 248 247 246 246 246 246 246 246 246 246 246 245 244 243 243 242 242 242 243 243 242 242 242 242 243 242 242 243 244 245 246 246 246 243 241 236 228 209 180 138 89 
7 7 8 14 22 30 35 36 29 21 19 19 21 25 36 58 90 118 152 195 233 251 250 250 249 250 249 249 250 250 249 249 249 249 249 249 251 251 250 250 250 250 249 250 250 250 249 249 250 249 249 249 249 249 249 248 248 249 249 248 247 247 247 245 247 247 245 245 244 244 243 243 244 244 243 243 242 243 243 243 241 240 240 238 223 199 159 109 
7 7 8 15 23 29 33 32 24 19 21 21 24 45 84 134 181 206 228 243 251 252 251 251 251 251 250 250 249 249 249 249 250 250 250 249 251 251 250 250 250 250 250 250 250 250 250 250 250 250 251 251 250 250 249 249 249 250 250 250 249 249 248 247 247 245 245 243 241 237 233 229 230 231 229 227 222 224 229 228 227 230 229 215 197 173 136 89 
5 4 7 15 23 28 31 29 22 17 18 29 58 116 180 227 244 244 245 248 249 249 250 250 251 251 250 250 249 249 249 249 250 251 251 251 250 250 250 250 250 250 250 250 250 250 250 250 250 251 251 250 250 250 249 248 249 250 250 250 251 251 250 247 242 244 243 237 230 222 216 212 211 209 205 202 194 189 189 192 194 194 186 165 138 114 90 64 
7 4 8 17 23 28 30 28 18 15 28 49 94 163 221 248 249 248 247 247 247 248 249 249 249 250 251 250 249 249 249 249 250 250 250 250 250 251 250 249 250 250 250 250 250 249 250 250 250 250 250 250 250 249 249 248 248 248 247 249 250 250 249 243 231 229 220 209 200 187 177 171 163 156 150 137 122 122 124 123 122 120 111 102 73 51 40 37 
7 4 8 21 25 27 29 28 23 21 35 58 102 163 207 226 230 235 237 238 242 245 247 248 250 251 252 251 249 250 249 249 249 249 250 250 250 251 250 249 250 250 250 250 250 249 250 251 250 250 250 249 249 249 250 248 247 245 244 240 231 220 208 194 181 172 158 146 134 121 110 101 89 88 85 75 69 69 70 70 67 63 59 58 49 44 41 39 
7 5 10 21 27 29 28 28 25 26 33 51 79 113 141 157 165 175 180 186 192 206 222 229 237 243 245 247 249 250 249 249 249 249 249 249 249 250 249 249 250 250 250 249 249 250 251 251 250 250 250 249 248 249 250 247 238 228 215 200 175 149 125 108 103 97 89 79 67 64 61 58 56 56 54 53 54 54 53 51 49 46 46 47 49 51 52 50 
7 7 12 23 29 31 32 32 30 28 30 39 50 58 67 74 80 93 94 100 110 129 151 163 170 185 203 216 221 224 230 234 233 233 231 233 233 237 240 244 249 250 250 249 249 250 250 250 250 250 249 249 248 247 245 240 221 191 157 130 108 85 66 58 58 58 56 53 51 54 59 58 58 58 59 58 56 57 59 61 59 57 57 58 58 59 66 70 
9 11 17 25 31 44 64 80 77 73 74 76 80 75 73 73 73 74 74 74 79 98 114 122 127 136 150 172 180 182 192 201 203 207 208 213 219 226 231 237 247 249 248 248 250 250 248 248 248 249 249 248 248 243 242 234 214 175 128 96 82 66 57 56 54 52 63 74 79 82 78 73 70 68 72 66 64 75 85 90 79 78 75 76 78 77 96 110 
12 16 19 26 36 73 131 170 170 167 167 167 167 162 160 158 155 150 146 143 145 158 166 170 172 171 167 177 184 191 199 205 208 213 216 221 228 234 237 243 248 248 248 248 248 248 249 249 249 249 249 249 250 245 244 237 228 204 159 131 116 101 95 97 95 96 121 137 144 142 128 115 102 106 118 106 110 129 144 146 129 124 116 114 116 113 127 142 
14 16 19 23 37 104 194 240 236 233 231 231 231 231 233 231 229 229 226 224 224 231 235 234 233 230 229 228 229 233 237 240 240 241 241 242 244 247 249 249 249 248 248 249 249 249 250 250 250 250 250 250 250 249 248 245 246 235 209 196 185 178 180 182 177 178 203 213 212 205 196 187 173 180 191 181 184 192 201 203 194 188 182 184 188 185 179 182 
17 23 33 42 59 132 218 251 248 245 245 248 250 251 251 250 251 251 252 252 252 252 252 252 252 252 252 251 250 250 250 250 251 252 251 250 249 250 250 250 249 249 249 249 249 249 249 249 249 250 250 249 249 250 250 249 250 248 249 249 245 242 244 244 242 241 248 249 243 241 242 241 240 240 238 237 236 236 238 241 242 239 238 241 243 243 236 235 
18 69 102 118 134 178 227 245 245 247 248 250 251 251 250 249 250 250 251 251 252 251 251 251 250 250 250 250 250 250 250 250 250 251 249 249 249 249 249 249 249 249 249 249 249 249 249 249 249 249 249 249 249 250 249 249 249 250 251 251 252 252 250 250 250 250 250 249 248 248 249 249 250 250 250 250 250 250 250 250 251 251 251 251 251 251 252 252 
30 129 202 221 221 233 245 251 250 250 252 252 250 250 250 250 250 251 251 251 251 250 249 249 249 249 249 249 249 249 249 249 249 250 249 249 249 249 249 249 249 249 249 249 249 249 250 250 249 249 249 249 249 249 249 249 250 249 250 250 250 249 249 250 250 250 249 250 251 251 249 249 249 249 250 250 250 250 250 250 250 250 249 250 250 250 250 250 
44 156 249 255 250 251 251 252 252 251 252 252 251 251 251 250 250 251 251 251 251 251 249 249 249 249 249 249 249 249 249 249 249 250 249 249 249 249 249 249 249 249 249 249 249 249 250 250 250 250 249 249 249 249 249 249 249 250 251 251 252 252 251 251 251 251 251 251 251 251 251 250 250 251 250 250 250 251 250 250 249 249 249 249 249 250 249 249 
54 169 248 250 243 249 250 250 249 249 251 251 251 251 251 250 250 251 250 251 251 251 249 249 249 249 249 249 249 249 249 249 249 249 249 249 249 249 249 249 249 249 249 249 249 249 249 249 249 250 250 249 249 249 249 249 250 250 250 250 251 251 251 250 250 250 250 250 251 251 251 249 250 251 250 250 250 251 251 249 249 249 249 249 249 249 249 249 
56 174 252 252 247 252 252 252 249 249 251 251 251 251 250 250 250 251 250 250 249 249 249 249 249 249 249 249 249 249 249 249 249 249 249 249 249 249 249 249 249 249 249 249 249 249 249 249 249 250 250 249 249 249 249 249 249 249 249 249 250 250 249 249 249 249 249 249 249 250 250 249 250 250 249 250 250 251 251 250 249 249 249 249 249 249 249 250 
43 142 235 242 238 251 252 252 250 249 250 251 251 250 250 250 250 250 249 249 249 249 249 249 249 249 249 249 249 249 249 249 249 249 249 249 249 249 249 249 249 249 249 249 249 249 249 249 249 249 250 249 249 248 248 248 248 249 249 249 250 250 249 249 249 249 249 249 249 249 249 249 249 250 249 250 250 250 250 249 249 249 249 249 249 249 249 249 
24 79 150 159 181 228 252 250 246 250 251 251 251 250 250 250 250 250 249 249 249 249 249 249 249 249 249 249 249 249 249 249 249 249 249 249 249 249 249 249 249 249 249 249 249 249 249 249 249 249 249 249 249 249 249 249 249 249 249 249 250 250 249 249 249 249 249 249 249 249 249 249 249 250 250 250 250 250 250 249 249 249 249 249 249 249 249 249 
19 36 59 63 102 189 248 252 246 251 251 250 250 250 250 250 251 251 249 249 249 249 249 249 249 249 249 249 249 249 249 249 249 249 249 249 249 249 249 249 249 249 249 249 249 249 249 249 249 249 249 249 249 249 249 249 249 249 249 249 250 250 248 249 249 249 249 248 249 249 249 249 248 249 249 250 250 250 249 249 249 249 249 249 249 249 249 249 
16 22 31 36 68 165 243 252 248 250 249 249 248 249 249 249 250 250 249 249 249 249 249 249 249 249 249 249 249 249 249 249 249 249 249 249 249 249 249 249 249 249 249 249 249 249 249 249 249 249 249 249 249 249 249 249 249 249 250 250 249 249 249 249 248 248 248 249 249 249 249 249 248 249 249 249 249 249 249 249 249 249 249 249 249 249 249 249 
16 21 28 36 71 167 243 251 246 251 252 250 250 250 249 249 250 250 249 249 249 249 249 249 249 249 249 249 249 249 249 249 249 249 249 249 249 249 249 249 249 249 249 249 249 249 249 249 249 249 249 249 249 249 249 249 249 249 250 250 251 251 251 249 249 248 248 249 249 249 249 249 248 249 249 249 249 249 249 249 249 249 249 249 249 249 249 249 
14 19 25 33 75 173 245 250 246 252 252 250 250 250 249 249 250 250 249 249 249 249 249 249 249 249 249 249 249 249 249 249 249 249 249 249 249 249 249 249 249 249 249 249 249 249 249 249 249 249 249 249 249 249 249 249 249 249 249 250 251 251 251 250 247 247 244 245 249 250 250 249 249 249 249 249 249 249 249 249 249 249 249 249 249 249 249 249 
12 18 23 29 76 175 243 249 246 251 251 250 248 248 248 248 248 249 249 249 249 249 249 249 249 249 249 249 249 249 249 249 249 249 249 249 249 249 249 249 249 249 249 249 249 249 249 249 249 249 249 249 249 249 249 249 249 249 249 249 249 249 248 242 237 237 235 240 247 250 250 249 249 249 248 249 249 249 249 249 249 249 249 249 249 249 249 249 
11 17 22 29 78 175 242 248 246 251 250 250 248 248 248 248 248 249 249 249 249 249 249 249 249 249 249 249 249 249 249 249 249 249 249 249 249 249 249 249 249 249 249 249 249 249 249 249 249 249 249 249 249 249 249 249 249 249 249 249 248 247 242 236 231 234 236 243 249 249 248 248 248 249 249 249 249 249 249 249 249 249 249 249 249 249 249 249 
11 17 21 29 76 176 244 248 246 251 248 248 248 248 248 248 249 250 249 249 249 249 249 249 249 249 249 249 249 249 249 249 249 249 249 249 249 249 249 249 249 249 249 249 249 249 249 249 249 249 249 249 249 249 249 249 249 249 249 249 248 248 245 242 241 243 245 249 250 249 248 248 249 248 249 249 249 249 249 249 249 249 248 248 248 250 250 250 
11 16 21 28 76 178 244 248 248 252 248 248 248 248 248 248 249 250 249 249 249 249 249 249 249 249 249 249 249 249 249 249 249 249 249 249 249 249 249 249 249 249 249 249 249 249 249 249 249 249 249 249 248 248 248 248 248 249 249 248 248 250 250 250 251 250 250 249 250 250 251 250 249 249 249 249 249 249 249 249 248 248 247 245 244 248 247 247 
10 16 21 28 77 177 244 249 247 251 249 249 249 249 248 248 248 249 249 249 249 249 249 249 249 249 249 249 249 249 249 249 249 249 249 249 249 249 249 249 249 249 249 249 249 249 249 249 249 249 249 249 249 249 248 248 248 248 248 248 248 249 249 251 250 250 249 248 249 250 251 250 249 249 249 249 249 249 249 249 248 247 247 244 242 236 234 231 
10 16 21 28 77 177 243 249 247 250 249 249 249 249 248 248 248 249 249 249 249 249 249 249 249 249 249 249 249 249 249 249 249 249 249 249 249 249 249 249 249 249 249 249 249 249 249 249 249 249 249 249 249 249 248 248 248 248 248 248 248 248 249 249 249 249 249 248 248 248 248 248 248 247 248 248 248 248 248 248 247 247 245 243 241 236 234 229 
10 16 22 29 78 177 243 250 249 250 250 249 249 249 249 248 248 249 249 249 249 249 249 249 249 249 249 249 249 249 249 249 249 249 249 249 249 249 249 249 249 249 249 249 249 249 249 249 249 249 249 249 249 249 248 248 248 248 248 248 248 249 249 249 249 249 249 248 248 248 248 247 248 248 248 248 248 248 248 247 247 245 245 244 244 244 243 238 
11 17 24 31 77 177 243 251 250 250 250 249 249 249 249 249 249 249 249 249 249 249 249 249 249 249 249 249 249 249 249 249 249 249 249 249 249 249 249 249 249 249 249 249 249 249 249 249 249 249 249 249 249 249 248 248 248 248 248 248 248 249 249 249 249 249 249 248 248 248 248 248 248 248 248 248 248 248 248 248 248 248 247 247 247 248 248 248 
12 18 23 30 77 177 242 250 249 249 249 249 249 249 249 249 249 249 249 249 249 249 249 249 249 249 249 249 249 249 249 249 249 249 249 249 249 249 249 249 249 249 249 249 249 249 249 249 249 249 249 249 249 249 248 248 248 248 248 248 248 248 249 249 249 249 249 248 248 248 248 248 248 248 248 248 248 248 248 248 248 248 248 247 247 247 248 248 
10 18 23 31 81 181 244 251 250 250 250 249 249 249 249 249 249 249 249 249 249 248 249 249 249 249 249 249 249 249 249 249 249 249 249 249 249 249 249 249 249 249 249 249 249 249 249 249 249 249 249 249 249 249 248 248 248 248 248 248 248 248 249 249 249 249 248 248 248 248 248 248 248 248 248 248 248 248 248 248 248 248 248 248 249 249 248 248 
11 17 23 32 87 188 248 251 250 250 250 249 249 249 249 249 249 249 249 248 248 248 248 249 249 249 249 249 249 249 249 249 249 249 249 249 249 249 249 249 249 249 249 249 249 249 249 249 249 249 249 249 249 249 249 249 248 248 248 249 249 248 248 249 248 248 248 248 248 248 248 248 248 248 248 248 248 248 248 248 248 248 248 248 248 248 248 248 
11 16 25 35 92 193 250 251 250 250 251 249 249 249 249 249 249 249 249 249 249 249 249 249 249 249 249 249 249 249 249 249 249 249 249 249 249 249 249 249 249 249 249 249 249 249 249 249 249 249 249 249 249 249 249 248 248 248 248 249 249 248 248 248 248 248 248 248 249 249 248 248 249 248 248 248 248 248 248 248 248 248 248 249 248 248 248 249 
11 16 26 36 97 199 251 252 250 251 251 250 249 249 249 249 249 249 249 249 249 249 249 249 249 249 249 249 249 249 249 249 249 249 249 249 249 249 249 249 249 249 249 249 249 249 249 249 249 249 248 248 248 248 248 248 248 247 247 248 249 248 248 248 248 247 248 247 247 247 248 248 249 248 247 248 248 248 248 248 248 248 248 248 249 249 249 248 
11 17 24 36 101 202 251 252 250 251 250 250 249 249 249 249 249 249 248 248 248 248 248 248 248 248 248 248 248 248 248 248 249 249 249 249 249 249 249 249 249 249 249 249 249 249 249 249 249 249 248 248 248 248 245 247 247 247 248 248 248 248 248 248 248 247 247 247 241 243 248 249 248 247 247 247 247 247 248 248 249 249 248 248 249 249 249 248 
12 17 23 32 90 193 252 251 248 251 250 249 249 249 249 249 249 249 248 248 248 248 248 248 248 248 248 248 248 248 248 248 249 249 249 249 249 249 249 249 249 249 249 249 249 249 249 249 249 249 247 247 247 247 245 247 247 248 248 248 248 248 249 248 248 247 247 244 242 244 247 249 248 247 245 245 247 247 248 248 249 249 248 248 248 249 249 248 
12 17 21 30 89 193 251 250 248 251 249 249 249 249 249 249 249 249 248 248 248 248 248 248 248 248 248 248 248 248 248 248 249 249 249 249 249 249 249 249 249 249 249 249 249 249 249 249 249 249 247 247 247 247 245 248 248 248 248 248 248 248 249 249 248 248 247 245 244 245 248 248 247 248 245 247 248 247 249 249 249 249 249 248 249 249 249 249 
15 18 21 29 93 198 249 249 249 250 249 249 249 249 249 249 249 249 248 248 248 248 248 248 248 248 248 248 248 248 248 248 249 249 249 249 249 249 249 249 249 249 249 249 249 249 249 249 249 249 247 247 247 247 245 248 248 248 249 249 249 249 249 249 249 248 248 248 248 248 248 249 248 248 248 248 248 249 250 249 249 249 249 248 249 249 249 249 
16 19 22 29 95 200 250 250 249 250 249 249 249 249 248 249 249 249 248 248 248 248 248 248 248 248 248 248 248 248 248 248 249 249 249 249 249 249 249 249 249 249 249 249 249 249 249 249 249 249 247 247 247 247 247 247 248 248 249 249 249 248 249 249 249 248 249 250 248 248 248 249 248 248 248 248 248 250 250 248 249 249 248 248 248 249 249 249 
16 19 22 29 94 199 250 249 248 249 248 248 248 248 248 248 248 249 248 248 248 248 248 248 248 248 248 248 248 248 248 248 249 249 249 249 249 249 249 249 249 249 249 249 249 249 249 249 249 249 247 247 248 248 248 248 248 248 249 248 248 248 249 249 249 250 250 250 248 249 247 249 248 248 248 248 249 250 250 248 249 249 248 248 248 248 249 248 
16 18 22 30 93 199 251 249 248 249 248 248 248 248 248 248 248 249 248 248 248 248 248 248 248 248 248 248 248 248 248 248 249 249 249 249 249 249 249 249 249 249 249 249 249 249 249 249 249 249 247 247 249 249 250 249 249 248 249 249 249 248 248 247 248 250 250 251 249 249 247 249 249 248 249 247 249 250 250 248 249 249 248 248 248 248 244 241 
15 17 21 29 94 200 251 250 247 248 247 248 248 248 248 248 248 249 248 248 248 248 248 248 248 248 248 248 248 248 248 248 249 249 249 249 249 249 249 249 249 249 249 249 249 249 249 249 249 249 248 248 250 250 249 248 248 248 248 248 249 247 247 247 248 249 250 251 248 248 248 249 249 250 249 248 250 250 249 248 249 248 248 248 248 248 242 237 
12 17 19 30 93 199 251 250 247 247 247 248 248 248 248 248 248 249 248 248 248 248 248 248 248 248 248 248 248 248 248 248 249 249 249 249 249 249 249 249 249 249 249 249 249 249 249 249 249 249 247 247 248 249 248 248 248 248 248 248 247 245 248 249 249 249 249 249 249 249 247 247 249 249 249 249 249 248 248 248 249 249 248 248 248 248 244 241 
11 17 19 30 96 199 250 250 247 245 247 248 248 248 248 248 248 249 248 248 248 248 248 248 248 248 248 248 248 248 248 248 249 249 249 249 249 249 249 249 249 249 249 249 249 249 249 249 249 249 247 245 245 245 245 245 247 248 248 247 245 247 248 248 248 248 249 250 250 249 247 248 249 249 249 249 249 248 248 248 249 249 249 248 249 249 249 248 
11 16 21 32 100 201 251 250 245 245 247 248 248 248 248 248 248 249 248 248 248 248 248 248 248 248 248 248 248 248 248 248 249 249 249 249 249 249 249 249 249 249 249 249 249 249 249 249 249 249 248 247 245 244 244 245 248 249 247 248 248 248 248 245 247 247 248 250 250 248 248 248 248 249 249 249 249 250 249 249 249 249 248 248 248 250 250 249 
11 16 21 36 104 202 250 249 245 247 247 248 248 248 248 248 248 249 248 248 248 248 248 248 248 248 248 248 248 248 248 248 249 249 249 249 249 249 249 249 249 249 249 249 249 249 249 249 249 249 248 248 247 244 247 248 250 249 248 250 250 248 248 249 250 250 247 250 249 249 250 248 248 248 249 248 248 248 249 249 248 248 249 247 248 248 250 249 
11 17 21 37 107 203 249 249 247 247 248 248 248 248 248 248 248 248 248 248 248 248 248 248 248 248 248 248 248 248 248 248 248 248 249 249 249 249 249 249 249 249 249 249 249 249 249 249 249 249 248 248 248 247 247 249 250 249 249 248 247 245 247 245 240 236 236 242 249 249 248 248 248 247 248 248 248 247 248 248 248 248 248 248 248 249 249 249 
11 17 22 38 108 206 250 249 247 247 248 248 248 248 248 248 248 248 248 248 248 248 248 248 248 248 248 248 248 248 248 248 248 248 249 249 249 249 249 249 249 249 249 249 249 249 249 249 249 249 248 248 248 249 249 248 248 249 247 243 243 244 240 227 210 201 216 234 248 249 247 247 247 248 248 248 248 248 248 248 248 248 247 248 248 249 249 248 
11 18 24 38 109 207 251 250 248 248 249 248 248 248 248 248 248 248 248 248 248 248 248 248 248 248 248 248 248 248 248 248 248 248 248 248 248 248 248 248 248 248 249 248 248 249 249 249 249 249 248 248 248 249 249 248 247 247 247 244 244 245 240 226 208 202 221 236 247 248 247 245 247 247 247 245 244 243 244 244 247 247 247 248 249 249 249 249 
15 19 24 39 110 208 251 250 248 248 248 248 248 248 248 248 248 248 247 247 247 247 247 247 247 247 247 248 248 248 248 248 247 248 248 247 247 248 248 248 248 248 248 248 248 248 249 249 248 248 247 248 248 248 248 248 247 247 248 247 247 245 245 242 233 231 240 242 245 247 245 245 247 247 247 244 244 244 245 245 245 245 247 247 249 248 249 249 
14 18 24 40 117 213 252 250 248 248 249 248 248 248 248 248 248 248 248 248 248 248 247 247 248 248 248 248 248 248 248 248 248 247 247 247 245 247 248 248 248 248 248 248 248 248 248 248 248 248 248 248 248 248 247 247 248 247 248 248 247 248 250 251 251 250 248 247 245 245 245 247 247 247 245 245 247 248 248 249 248 247 247 247 248 248 248 248 
16 19 24 43 122 216 253 250 248 249 249 249 248 248 248 248 248 248 248 248 248 248 247 247 248 248 248 248 248 248 248 248 248 247 247 245 244 244 245 248 247 247 245 247 247 247 245 245 248 248 248 248 248 248 248 248 248 249 248 248 249 249 250 251 249 248 247 248 248 248 248 249 249 249 248 248 249 249 249 249 249 248 248 248 248 248 248 248 
17 22 25 45 124 219 253 250 249 248 249 249 249 248 248 248 248 248 248 248 248 249 249 249 249 249 248 248 248 248 248 248 248 247 245 242 237 237 242 247 247 247 247 245 245 245 245 245 247 247 247 248 248 248 248 248 248 249 248 248 249 249 249 248 248 249 249 249 249 249 249 249 249 249 249 249 249 249 249 249 249 249 249 248 247 247 247 248 
16 23 26 45 123 219 253 250 249 249 248 249 249 249 248 248 248 248 248 248 249 249 248 248 248 248 247 248 248 248 248 248 248 247 243 237 230 231 238 244 245 247 248 247 247 247 248 248 247 247 248 248 248 249 248 249 249 248 248 248 249 249 249 248 249 250 250 249 249 250 249 249 250 250 250 249 250 250 250 250 250 250 249 248 248 248 248 248 
16 23 26 42 117 215 253 251 249 249 249 248 249 249 248 248 248 248 248 248 249 249 248 248 245 245 247 248 248 248 248 248 247 247 244 240 237 238 243 245 245 247 248 248 248 249 249 249 249 249 248 248 248 249 248 249 249 249 248 248 249 249 249 249 249 250 249 249 248 248 248 249 250 250 249 249 249 249 249 250 250 250 250 249 248 248 248 248 
17 25 26 45 123 220 253 251 249 249 249 249 249 248 248 248 248 248 248 248 249 249 250 248 242 241 248 248 248 248 248 248 248 248 247 247 247 248 248 248 247 245 247 248 249 250 249 248 249 249 248 248 249 249 249 249 250 249 248 248 250 251 251 249 249 249 249 249 249 248 248 249 249 248 248 249 249 249 249 249 249 249 248 248 248 248 248 248 
18 25 26 49 130 224 253 251 249 249 249 249 249 248 248 248 248 248 248 248 249 250 249 248 243 237 248 248 248 248 248 248 248 248 248 248 249 248 245 249 249 245 245 245 245 244 244 244 247 248 248 248 249 249 249 249 250 249 249 248 250 251 251 250 249 249 248 249 249 249 249 249 248 247 248 249 249 250 249 249 249 249 249 249 248 248 249 248 
16 25 28 52 137 227 253 250 248 248 248 249 250 248 248 248 248 248 248 248 248 248 248 248 245 248 248 248 248 248 248 248 247 245 244 247 248 247 245 248 248 244 245 243 237 235 238 243 244 246 247 247 248 249 248 248 248 247 248 248 248 244 244 249 248 248 248 248 249 249 249 248 248 249 248 249 250 251 250 250 249 249 249 249 249 251 250 250 
17 25 26 53 141 230 253 250 248 249 248 249 249 248 248 248 248 248 248 248 248 248 248 248 248 248 248 248 248 248 248 248 248 244 241 241 244 247 245 247 247 245 243 239 232 231 239 243 243 245 248 247 247 247 247 247 247 247 248 247 243 233 230 237 243 245 247 245 245 248 248 248 248 249 248 248 250 251 249 248 247 245 247 248 250 251 250 249 
20 26 26 50 138 229 253 250 248 249 248 248 249 248 248 248 248 248 248 248 248 248 248 248 248 248 248 248 248 248 248 248 249 244 234 233 242 245 247 245 245 247 246 239 236 238 244 244 243 245 247 247 244 241 247 247 248 248 247 245 243 238 231 233 240 244 243 241 244 244 247 247 247 245 247 243 240 241 241 237 239 241 241 241 242 241 243 244 
23 29 26 51 139 230 253 250 248 249 249 249 249 248 248 248 248 248 248 248 248 248 248 248 248 248 248 248 248 248 248 248 248 244 231 231 243 248 249 245 245 248 248 241 236 239 244 244 244 246 245 241 234 233 241 245 247 247 248 248 248 241 238 236 237 240 240 241 243 244 243 244 241 238 238 236 233 234 236 236 237 244 247 238 229 230 235 242 
23 29 28 57 145 233 253 250 248 249 249 249 249 248 248 248 248 248 248 248 248 248 248 248 248 248 248 248 248 248 248 248 247 245 241 240 247 249 249 247 248 248 247 242 238 241 243 245 248 247 247 240 231 231 240 243 245 245 243 248 248 229 213 215 227 236 244 244 244 243 240 236 236 235 234 236 237 238 242 243 240 241 246 242 235 237 242 244 
23 27 29 60 149 235 253 250 249 250 249 249 249 249 248 248 248 248 248 248 248 248 248 248 248 248 248 248 248 248 248 248 249 248 248 247 247 249 249 249 248 248 248 247 247 247 245 247 250 250 247 245 241 240 242 244 247 245 245 245 245 229 205 209 229 242 247 248 247 244 241 235 232 236 238 240 240 236 237 235 222 214 235 242 243 243 245 245 
23 29 29 61 152 237 253 249 249 250 249 249 248 247 248 248 248 248 248 248 248 247 248 248 248 248 248 248 248 248 248 248 248 248 247 247 247 247 248 248 248 249 249 247 247 247 249 249 249 250 247 248 247 247 245 247 248 248 247 247 247 244 235 236 241 244 248 248 248 245 247 242 236 240 243 242 238 232 231 227 215 208 220 228 226 226 226 223 
24 30 29 61 155 240 253 249 250 250 249 249 248 248 248 248 248 248 249 249 249 247 248 248 248 248 248 248 248 248 248 248 248 248 247 247 247 247 249 249 249 249 250 248 245 245 242 237 240 244 248 249 249 248 249 250 249 249 249 248 248 247 249 249 248 247 249 249 248 248 248 247 245 245 248 247 245 242 242 241 237 234 231 233 227 222 217 214 
24 30 29 59 152 238 253 249 250 250 249 248 247 245 247 248 248 248 248 248 248 247 247 248 248 248 248 248 248 248 248 248 248 247 247 248 248 249 249 250 249 249 249 248 244 244 235 231 234 242 248 248 249 248 250 249 249 249 248 248 247 248 247 248 248 248 249 248 249 248 248 248 248 247 248 247 247 249 251 249 247 247 247 244 245 244 243 241 
25 32 31 59 151 236 252 248 248 248 247 247 247 243 245 247 245 245 247 245 245 245 247 248 248 248 248 248 248 248 248 248 248 248 247 248 247 245 247 249 247 247 242 245 247 244 240 235 237 243 247 248 248 248 249 249 248 248 248 247 247 247 247 247 247 248 248 248 248 248 247 247 247 247 247 247 247 247 247 245 244 247 247 245 247 248 249 250 
25 33 32 64 166 244 250 245 247 247 245 245 245 243 238 240 242 244 244 243 243 245 247 248 248 248 249 249 249 249 248 248 248 248 248 247 247 243 243 244 238 234 226 235 243 244 245 245 247 247 248 248 248 248 248 248 248 248 248 247 247 247 248 248 248 247 248 248 248 249 248 248 249 248 248 247 248 249 248 247 243 244 244 245 247 248 249 248 
23 32 32 67 174 246 249 247 248 247 247 247 245 236 222 220 228 243 244 245 247 248 248 248 248 248 249 249 249 249 248 248 248 248 249 249 249 245 245 245 234 224 215 226 241 245 247 248 248 248 248 248 248 248 247 247 247 249 247 244 241 237 236 236 241 247 248 248 248 249 248 248 249 248 249 248 248 249 249 247 247 247 247 248 250 250 251 248 
22 32 32 70 171 241 249 247 247 247 245 243 244 236 223 220 227 243 249 248 248 248 248 248 248 248 249 249 249 249 248 248 248 248 248 249 249 249 249 245 236 229 221 233 242 247 247 244 244 245 245 247 248 245 247 249 248 248 247 242 233 216 201 194 208 233 249 248 248 248 248 247 249 249 249 248 248 248 249 247 247 245 245 248 250 250 250 248 
19 28 30 68 164 235 247 243 244 244 244 244 244 247 243 238 243 248 249 248 248 249 249 249 249 249 249 249 249 249 248 248 248 248 243 241 240 245 249 248 244 243 241 243 245 247 249 247 247 247 245 245 245 245 247 250 249 248 247 245 234 215 196 184 199 228 248 249 247 248 247 248 248 248 248 248 248 247 245 245 245 242 240 238 236 237 238 241 
21 28 30 68 161 232 244 243 244 244 245 245 245 250 251 249 248 248 248 248 249 249 249 249 249 249 249 249 249 249 248 248 248 248 240 230 226 238 248 249 249 249 249 248 247 248 249 249 249 249 248 248 247 247 244 242 243 244 245 244 241 237 235 227 231 243 248 249 248 248 248 248 249 249 248 248 247 247 247 245 248 245 233 222 216 221 227 236 
22 28 30 68 160 230 244 243 244 247 247 245 245 249 250 249 248 248 248 248 249 249 249 249 249 249 249 249 249 249 248 248 248 248 243 231 228 238 248 249 249 249 248 248 248 249 248 249 249 249 248 249 249 249 242 234 235 243 245 243 244 247 248 249 248 247 248 249 250 249 249 248 250 249 248 247 247 247 247 247 249 249 236 228 222 227 235 242 
23 30 29 73 172 234 242 244 245 245 248 248 248 248 249 249 249 248 249 249 249 249 249 249 249 249 249 249 249 249 248 248 248 248 247 247 248 249 249 248 249 249 248 247 248 249 248 250 249 249 248 249 249 249 244 237 238 245 245 244 245 247 248 249 249 249 248 249 249 249 249 248 249 249 248 248 247 247 247 249 249 249 249 248 247 247 249 249 
22 29 29 80 189 244 243 245 247 247 249 249 249 250 250 249 249 249 248 248 248 248 248 248 248 248 248 249 249 249 249 249 249 248 248 250 250 250 249 248 249 249 248 247 247 247 248 249 249 249 249 249 249 249 249 248 247 247 247 247 247 249 249 249 249 248 249 249 247 248 248 248 248 249 249 248 248 247 247 249 249 249 250 250 251 250 250 250 
23 30 30 86 194 249 247 247 249 249 250 250 250 250 250 250 249 249 249 248 248 248 248 248 248 248 247 247 249 249 249 249 249 249 248 248 248 248 249 248 248 249 247 247 247 248 247 247 248 249 250 250 249 249 249 249 249 249 249 249 249 249 249 247 249 249 249 249 249 248 249 248 249 249 249 249 248 249 249 249 249 249 248 248 247 248 248 250 
24 30 30 87 198 250 247 247 249 249 249 249 249 250 250 249 249 249 249 248 248 248 248 248 248 248 247 249 249 249 249 249 249 249 248 248 248 248 247 248 249 249 247 249 249 249 249 248 249 249 250 250 249 248 247 248 248 247 247 247 247 247 247 247 249 249 249 248 249 248 249 249 250 250 250 249 249 249 249 250 249 249 248 248 248 248 249 249 
24 30 30 86 196 249 245 247 248 248 249 249 249 250 250 249 249 249 249 248 248 248 248 248 248 248 248 250 250 249 249 249 248 247 244 247 245 248 247 247 249 249 248 249 249 249 249 249 249 249 248 248 248 247 247 244 240 237 236 234 237 245 247 247 248 249 249 249 249 248 249 249 249 250 249 249 249 249 249 250 249 248 247 247 247 245 245 247 
24 30 29 85 198 251 247 248 248 249 250 249 249 250 250 248 248 249 248 248 248 248 248 248 248 248 247 248 248 248 248 245 243 243 244 244 245 248 248 248 249 249 249 249 249 249 250 250 250 250 249 248 247 247 247 242 236 233 229 229 235 244 249 249 248 249 249 249 249 249 249 249 249 249 249 250 249 249 251 249 249 247 245 244 244 245 245 245 
24 30 31 94 201 252 248 248 249 249 250 249 249 249 249 248 248 249 248 248 248 248 248 248 248 248 245 245 245 245 247 245 242 244 243 244 247 248 248 248 248 248 247 247 247 247 248 247 247 248 248 247 247 247 247 244 242 240 237 238 241 245 249 249 247 249 249 249 249 249 250 249 250 249 249 250 249 248 249 248 247 245 244 245 245 247 248 248 
25 31 33 96 203 252 248 249 249 250 250 250 249 249 249 249 249 249 248 248 248 248 248 248 249 248 243 242 243 244 245 245 244 245 245 247 247 247 248 247 245 247 245 244 242 241 240 238 241 243 243 244 247 247 245 247 247 247 245 245 247 247 247 247 245 247 245 243 242 242 242 241 242 242 242 243 244 244 244 244 243 243 243 243 243 243 244 245 
18 29 33 97 203 251 249 249 249 249 250 249 249 249 249 249 249 249 249 248 248 248 248 248 249 248 244 242 243 244 245 247 247 247 248 248 248 248 247 248 247 245 245 244 242 238 236 237 240 242 243 244 247 247 247 247 247 247 247 245 245 245 245 245 242 237 240 237 235 235 234 235 236 237 236 236 238 240 241 242 241 241 238 237 236 236 236 237 
18 29 33 100 204 252 249 247 248 249 249 249 248 248 248 248 248 249 249 248 248 248 248 248 249 248 247 245 245 247 247 248 248 248 248 248 248 249 249 249 247 247 247 247 244 243 243 244 245 247 247 247 247 247 247 247 247 247 245 247 245 244 244 243 243 243 242 241 238 237 237 238 240 242 242 242 243 244 245 245 244 244 244 244 245 245 247 247 
17 28 33 103 206 252 249 245 247 249 248 248 248 248 248 248 248 249 249 248 248 248 248 248 249 249 249 249 249 249 249 249 249 249 249 248 248 248 248 248 248 249 249 249 250 250 249 250 249 249 248 248 247 247 248 249 249 249 249 248 248 248 247 248 247 247 245 245 245 244 245 247 247 248 248 250 249 249 250 250 250 250 249 249 249 249 249 248 
17 26 33 106 208 251 244 241 245 247 247 247 248 248 248 248 248 249 248 248 248 248 248 248 249 249 248 248 249 249 249 249 248 248 248 248 249 249 249 249 249 249 249 249 249 249 248 248 247 247 247 247 247 247 248 248 249 249 250 250 249 249 248 248 248 249 249 249 250 251 251 251 250 250 250 251 249 249 249 249 249 250 249 248 245 244 241 241 
19 28 33 104 201 240 233 234 245 247 248 248 248 248 248 248 248 249 248 248 248 248 248 248 248 248 248 247 248 247 247 245 245 245 247 248 249 248 248 249 249 249 248 248 248 248 247 244 243 243 243 244 245 247 247 248 249 250 250 250 249 249 248 248 249 249 250 251 251 251 251 250 249 250 249 249 248 249 248 248 248 249 247 245 245 241 237 241 
21 30 39 111 201 235 234 237 247 249 250 249 249 249 249 249 249 249 249 248 248 248 249 249 248 248 247 245 244 244 245 245 245 247 247 248 249 249 248 249 248 248 248 248 248 247 245 244 244 244 243 245 247 247 247 247 249 250 250 249 249 248 248 248 248 249 249 249 249 249 250 249 248 248 249 249 248 248 247 248 248 248 247 247 247 243 242 245 
24 31 46 128 219 249 243 244 249 251 251 250 250 249 249 249 249 249 249 249 249 249 249 249 248 248 245 245 245 245 245 245 247 248 248 248 249 248 248 248 248 249 248 248 248 248 247 247 247 248 248 248 248 249 248 248 249 249 250 249 249 248 248 248 248 249 249 249 249 249 249 249 249 249 249 249 249 249 248 248 248 247 248 248 248 248 248 249 
26 32 49 130 222 253 249 248 251 251 251 250 250 250 250 249 249 249 249 249 249 249 248 248 248 247 245 245 247 247 245 247 248 250 249 249 249 248 248 248 248 248 248 248 249 249 249 248 248 249 249 249 249 249 248 249 249 250 250 250 249 249 248 248 248 249 249 249 249 249 249 249 249 249 249 250 249 249 248 247 247 247 248 249 249 249 250 248 
29 32 50 128 221 253 250 249 250 251 249 249 249 249 249 248 248 249 248 248 248 248 247 248 247 245 245 247 245 245 245 247 248 249 250 249 249 249 249 248 248 248 248 248 249 249 249 249 249 249 249 249 249 249 248 249 249 249 249 249 249 249 249 249 249 250 250 250 250 250 250 250 250 250 249 250 249 249 249 248 248 248 248 249 250 250 249 248 
29 33 52 130 222 252 249 249 250 250 249 249 248 249 249 248 248 248 248 248 249 248 248 248 247 247 247 247 245 245 247 247 247 248 248 249 250 250 249 248 249 249 248 248 248 248 249 249 249 249 249 249 249 249 249 249 249 249 249 249 249 249 249 249 249 249 250 250 250 250 250 250 250 250 249 249 249 248 249 248 248 248 249 249 249 249 249 249 
29 35 54 131 222 251 249 250 250 249 248 247 248 249 248 247 247 247 247 248 249 249 249 248 248 248 248 247 245 245 248 247 247 247 248 249 250 250 249 249 249 250 249 248 248 248 249 249 249 249 249 249 249 249 249 249 249 249 249 249 249 249 249 249 249 249 249 249 249 249 249 249 249 249 249 249 249 249 249 248 248 249 249 249 249 249 249 248 
30 35 54 135 222 249 247 250 249 248 248 248 249 251 250 248 247 247 247 248 249 249 249 249 249 250 250 249 248 249 251 250 250 249 250 249 249 250 250 249 249 250 249 248 248 248 249 249 249 249 249 249 249 249 249 249 249 249 249 249 249 249 249 249 249 249 249 249 249 249 249 249 249 249 249 249 249 249 249 249 249 249 249 249 250 250 249 248 
30 35 53 133 221 247 245 249 249 247 247 247 249 250 249 249 249 248 247 248 249 249 249 249 248 248 247 247 245 244 243 244 249 249 248 249 250 249 250 250 250 249 250 248 248 248 249 249 249 249 249 249 249 249 249 249 249 249 249 249 249 249 249 249 249 249 249 249 249 249 249 249 249 249 249 249 249 249 249 249 249 249 250 250 250 250 250 250 
32 36 55 136 222 245 245 250 249 249 247 248 248 250 249 249 248 247 248 248 249 249 249 248 247 247 244 242 237 229 209 203 219 233 231 242 249 249 248 249 250 250 250 250 249 248 249 249 249 249 249 249 249 249 249 249 249 249 249 249 249 249 249 249 249 249 249 249 249 249 249 249 249 249 249 249 249 249 249 250 250 250 250 250 250 250 250 250 
31 35 56 141 226 248 245 248 248 248 248 248 248 249 249 248 247 245 247 248 249 249 249 248 248 248 247 243 237 223 198 181 198 217 226 241 249 250 249 249 249 249 249 249 248 248 248 248 248 248 248 248 249 248 249 249 249 250 250 250 250 250 250 250 248 248 248 249 249 249 249 248 248 248 250 250 250 250 251 251 250 250 251 251 251 251 251 250 
31 33 58 150 231 251 245 248 249 249 249 249 249 249 249 248 247 245 247 248 249 248 248 248 249 248 248 249 247 240 228 215 222 229 240 247 250 251 251 250 250 249 249 248 247 248 248 248 248 248 248 248 249 248 249 249 249 250 250 250 250 250 250 249 248 247 248 249 249 249 249 249 248 248 250 250 249 250 251 251 250 250 251 251 251 251 251 250 
30 32 54 139 229 252 247 248 248 249 248 248 249 249 249 248 247 245 247 247 248 249 249 249 249 249 249 250 249 249 249 249 248 247 249 248 249 250 251 250 249 249 248 247 247 247 245 247 247 247 247 248 249 249 249 249 248 248 248 250 249 248 249 249 248 248 249 249 248 248 249 248 248 248 248 247 247 248 250 250 250 250 250 250 251 251 250 250 
30 31 53 134 224 253 247 247 247 247 248 248 248 249 249 248 247 247 247 248 249 249 249 249 249 249 249 251 249 247 247 250 249 249 249 248 248 248 248 245 245 247 247 245 244 243 242 242 244 245 247 247 248 251 250 250 248 247 246 249 249 247 249 250 248 245 246 245 244 244 246 245 245 245 247 247 247 249 251 250 250 250 250 250 251 251 251 250 
29 30 51 130 216 243 236 236 244 246 247 247 247 248 249 248 247 247 247 248 249 249 249 249 248 248 248 250 251 249 247 244 238 234 233 231 231 231 229 221 213 212 210 210 210 210 209 207 208 210 212 213 215 215 215 214 209 206 205 205 203 203 207 212 209 209 206 198 194 192 198 206 214 220 220 219 219 220 220 219 219 220 220 220 220 222 222 222 
26 31 50 124 209 237 226 226 236 244 247 247 247 248 249 247 247 247 247 247 247 248 249 247 247 247 244 247 245 240 231 220 202 182 175 173 174 178 174 163 148 143 139 138 135 135 132 131 131 131 132 134 136 135 137 135 131 129 128 124 121 123 128 130 132 134 131 122 117 116 121 130 139 145 148 149 151 148 145 145 145 145 144 144 144 144 144 144 
25 30 52 124 207 236 227 225 234 243 247 247 247 247 248 247 247 247 245 245 244 244 244 243 244 243 236 230 222 213 203 192 174 158 141 130 129 131 130 124 117 115 115 115 116 114 111 109 106 104 102 101 100 106 114 117 118 120 120 118 117 120 123 124 126 129 128 125 123 123 121 117 114 111 110 114 117 117 115 114 113 113 111 110 109 104 97 90 
24 30 53 128 209 236 229 229 235 242 245 245 247 247 247 247 245 245 245 243 242 241 241 242 244 244 237 228 220 215 211 204 200 202 186 169 158 155 156 158 163 170 175 182 182 182 181 179 175 171 169 167 166 175 186 189 191 192 194 194 195 196 200 200 201 202 201 200 201 200 194 182 173 166 165 167 171 175 174 173 170 166 165 164 163 160 152 142 
24 30 56 136 219 242 235 237 243 247 248 248 248 248 247 247 247 247 248 247 245 244 243 244 245 244 242 240 239 241 241 238 240 242 237 224 215 212 212 217 227 231 234 240 240 237 235 231 233 234 236 237 240 243 244 244 244 245 245 244 243 245 246 246 246 245 243 243 242 241 237 233 230 229 229 234 238 240 237 234 230 228 229 228 228 228 228 224 
25 27 51 135 222 251 248 248 249 250 251 250 250 249 247 247 247 249 249 249 249 248 247 248 247 245 245 248 248 249 248 247 245 245 243 243 242 242 240 241 242 244 243 240 236 233 233 236 241 244 246 248 249 247 248 247 246 247 247 247 246 246 246 246 245 243 243 243 241 241 242 242 244 247 247 247 247 248 246 245 244 244 245 245 245 245 245 245 
19 23 42 100 175 227 250 248 235 226 220 222 238 247 247 245 248 249 249 249 249 247 248 248 247 247 248 249 249 249 249 249 248 248 248 249 250 250 249 249 247 244 242 238 233 233 235 240 244 248 248 248 249 249 249 248 248 248 248 248 249 249 249 248 247 247 244 243 242 242 243 245 247 248 249 247 245 245 247 247 247 247 247 247 247 247 247 245 
12 16 31 53 90 151 216 221 186 160 137 151 196 240 247 245 248 249 249 249 249 249 249 250 250 250 249 248 248 249 249 249 249 248 247 248 248 249 249 249 247 244 245 242 238 240 243 243 245 247 247 247 247 247 247 247 247 247 247 247 249 248 247 247 245 245 245 244 242 242 244 245 247 247 248 247 248 248 248 247 247 247 247 247 247 247 247 247 
11 14 26 37 44 76 139 158 119 85 66 81 149 228 250 248 249 249 250 250 250 249 250 251 251 251 250 250 249 250 251 251 250 249 249 248 248 248 249 249 247 247 248 249 249 250 249 249 247 244 244 245 247 247 247 248 248 248 249 249 250 249 248 248 247 247 247 245 243 243 244 244 245 245 247 245 247 248 248 248 248 248 247 248 248 248 247 248 
11 14 22 34 37 41 68 85 65 45 40 44 113 215 252 249 249 249 249 249 250 249 249 249 250 250 250 250 249 250 250 250 250 250 250 249 249 248 248 248 247 247 249 249 251 251 249 248 245 243 242 244 245 245 245 247 248 248 249 249 250 249 248 248 248 248 248 245 245 243 243 242 243 244 245 247 247 248 248 248 248 248 248 248 248 248 248 248 
12 13 17 25 32 34 39 44 42 40 39 33 82 191 252 248 247 248 248 249 249 249 249 249 249 249 249 245 245 248 248 250 250 250 250 249 249 250 249 247 248 248 248 249 249 249 249 248 245 244 243 244 244 244 244 247 248 249 249 249 249 249 249 249 248 248 248 248 248 247 245 244 244 247 247 248 248 248 248 248 248 248 248 248 248 248 248 248 
10 11 12 17 24 30 33 35 36 38 37 33 65 165 243 249 245 247 248 248 248 248 249 249 248 245 244 242 241 243 245 249 249 250 250 250 250 251 251 251 250 249 248 248 248 248 249 249 247 244 243 244 245 244 247 248 248 249 249 250 249 249 249 249 247 247 248 248 249 249 248 248 248 248 248 248 248 248 249 249 249 249 249 248 248 248 248 248 
10 10 10 15 19 23 25 29 30 31 30 23 45 138 228 244 241 239 241 243 246 245 243 243 244 243 237 235 236 241 245 247 247 248 248 248 248 248 248 248 248 247 248 248 249 249 250 249 247 245 245 245 247 247 247 248 247 248 249 248 247 248 248 248 247 247 248 248 249 249 248 249 249 248 249 249 248 248 249 249 249 249 249 249 249 249 249 249 
9 9 9 11 15 18 23 26 30 33 33 35 45 118 198 222 226 230 237 242 244 243 241 241 241 241 237 231 235 240 245 244 244 245 243 240 236 230 224 227 236 245 248 248 250 251 251 251 250 248 248 248 249 249 249 247 245 245 244 242 241 245 248 245 247 248 248 248 250 250 251 250 250 249 250 249 249 249 249 249 250 250 250 250 250 250 250 250 
10 10 9 13 23 42 62 76 82 84 85 87 94 127 177 203 213 230 237 242 244 243 242 241 240 240 238 238 238 242 245 245 244 245 243 236 227 216 211 217 234 244 247 248 249 250 249 248 248 249 249 249 249 249 249 248 245 243 241 241 237 234 240 245 247 248 247 248 249 249 250 250 250 249 249 249 249 249 249 249 249 249 249 249 249 249 249 249 
15 15 12 30 67 113 150 172 179 179 182 188 194 205 212 214 220 236 242 244 246 245 244 241 237 241 244 248 247 245 248 248 248 248 245 245 241 237 235 237 244 247 248 248 249 247 234 231 236 242 243 247 247 247 247 248 245 243 243 240 238 229 231 243 247 248 248 247 241 234 230 236 242 247 249 249 249 249 249 249 249 249 248 248 248 247 247 247 
21 22 23 54 120 181 216 231 235 236 237 241 242 241 237 233 235 243 246 247 249 249 246 239 234 238 247 250 250 249 250 250 249 249 248 248 247 248 246 246 247 248 248 248 248 244 230 226 231 238 241 244 245 248 247 247 245 243 243 240 236 229 231 242 247 248 248 247 237 227 217 223 236 243 248 248 249 249 249 249 248 247 245 240 235 235 238 240 
31 33 34 69 150 219 242 243 242 242 242 242 243 242 240 240 243 245 247 247 250 250 247 243 242 244 247 248 249 249 250 250 249 249 249 247 245 247 245 245 247 247 248 248 249 247 241 240 242 247 247 245 247 248 248 248 247 245 244 240 232 230 232 241 248 248 248 247 243 237 230 234 241 245 248 248 249 249 249 249 248 247 244 238 233 231 235 236 
44 49 46 72 149 227 254 248 242 241 241 242 243 245 244 243 247 249 250 250 250 249 248 249 250 250 251 249 248 248 249 249 244 244 244 247 248 247 247 245 247 247 248 249 249 249 249 249 251 251 250 249 247 248 248 248 248 250 248 244 240 236 238 243 248 248 248 248 248 247 247 248 247 248 249 248 249 249 249 249 249 249 249 244 241 241 242 242 
51 57 57 68 123 199 245 254 249 247 247 247 247 248 248 248 249 249 249 249 249 250 249 248 249 251 250 250 249 250 250 249 233 226 235 245 248 247 247 247 247 247 247 248 248 249 249 247 250 251 249 249 247 245 247 247 248 250 250 250 248 248 249 248 248 248 248 249 250 250 248 248 247 247 249 248 249 249 249 248 249 249 249 248 247 247 249 250 
52 57 58 61 88 145 201 236 250 251 249 249 249 249 250 249 249 249 250 249 249 249 249 249 249 250 249 250 250 250 249 248 234 226 234 245 247 248 249 249 248 248 247 247 248 248 247 247 248 249 249 249 248 248 247 249 248 248 249 250 249 249 251 249 249 249 249 248 248 248 248 248 249 249 249 249 249 249 249 249 249 249 248 247 245 247 249 251 
54 58 59 60 67 100 148 199 238 250 247 247 248 250 250 250 249 249 250 250 249 249 249 249 249 249 249 250 251 250 249 249 246 242 245 247 247 248 249 249 249 249 249 248 248 245 247 249 249 249 249 249 248 248 248 249 248 249 249 249 250 251 248 248 249 250 249 248 249 249 249 249 249 249 249 249 249 249 249 249 249 248 248 247 245 248 248 247 
54 58 60 61 66 80 114 167 215 240 241 243 246 248 248 248 249 249 249 249 249 249 249 249 248 248 248 250 250 250 249 249 249 249 248 248 247 248 249 249 250 250 249 248 247 247 249 250 250 249 248 248 248 249 250 250 249 249 249 244 242 245 247 247 247 248 248 248 249 248 247 248 249 249 249 249 249 249 249 249 249 249 250 249 248 248 247 248 
57 59 62 64 64 65 85 134 185 219 231 238 243 247 247 247 248 249 248 248 248 248 248 247 247 248 248 249 250 250 249 249 248 248 248 247 247 247 249 249 249 249 248 248 247 247 249 250 250 248 248 248 249 250 250 250 249 249 247 236 226 231 243 247 247 248 248 249 250 248 247 248 249 249 248 249 249 249 249 249 249 248 237 224 220 224 236 244 
60 61 64 65 65 64 76 117 170 212 229 237 242 247 248 247 247 247 247 247 247 245 245 243 245 247 247 249 249 250 250 250 249 248 248 248 248 248 249 249 249 250 249 250 249 249 250 251 251 250 249 249 249 249 249 249 248 248 245 237 231 234 243 245 247 248 248 248 248 248 248 249 249 249 249 249 250 250 248 247 242 231 201 179 174 187 213 231 
65 66 68 70 73 72 82 121 174 216 233 241 245 247 248 248 247 248 248 247 245 245 244 243 244 245 247 249 249 249 249 249 249 249 249 249 249 249 248 249 249 250 250 251 251 251 251 251 251 251 251 251 249 249 249 249 248 248 248 248 248 249 248 247 248 249 249 248 248 249 249 249 249 249 249 248 248 248 247 243 234 222 200 182 179 191 210 227 
72 73 73 75 79 82 87 120 173 212 228 241 247 249 248 248 248 248 249 249 249 249 247 248 248 248 248 249 249 249 249 249 249 250 249 249 249 249 248 249 249 250 249 250 250 249 249 249 245 240 236 238 243 247 248 248 249 248 249 250 251 251 249 249 249 249 249 249 249 249 250 250 250 249 249 248 248 248 247 243 237 233 230 229 227 229 235 240 
81 82 81 82 85 86 90 113 153 188 206 226 238 245 248 248 248 249 249 249 250 250 250 250 251 251 249 249 249 249 249 249 249 250 249 249 248 248 247 248 248 249 248 248 245 244 241 236 228 212 205 210 224 237 245 247 247 248 248 249 248 247 249 249 248 248 248 248 248 249 250 250 250 249 249 248 248 248 247 247 246 246 245 246 247 246 245 247 
