2 3 3 3 3 2 2 2 4 3 3 5 4 5 4 4 4 5 5 8 8 8 10 9 7 7 9 8 10 17 28 35 36 36 36 38 46 50 49 45 39 37 38 37 39 39 37 34 33 37 38 33 33 33 33 33 33 33 32 33 33 32 33 33 34 34 32 32 32 32 33 33 35 35 35 35 35 33 31 30 26 28 25 24 23 22 21 21 20 20 20 20 20 20 20 20 20 22 22 22 22 22 20 20 20 20 22 22 23 23 23 23 23 23 21 21 21 21 21 21 21 21 21 19 19 19 19 19 19 19 19 19 19 19 19 19 19 19 21 21 21 21 21 21 21 21 21 21 21 21 21 21 21 21 21 21 21 21 21 21 21 18 12 5 3 4 
2 2 3 3 3 3 3 3 4 5 5 4 5 5 7 5 7 7 8 9 10 10 11 11 12 12 12 16 26 39 44 44 45 40 39 42 47 51 52 47 40 42 46 46 46 46 41 36 31 33 33 33 35 33 32 33 34 33 33 33 33 32 32 32 33 33 32 32 32 32 32 32 33 33 35 35 35 35 35 33 30 30 28 26 25 23 22 22 22 22 22 22 22 22 22 22 22 22 22 22 22 22 20 20 20 20 22 22 23 23 23 23 23 23 21 21 21 21 21 21 21 21 21 19 19 19 19 18 18 18 19 19 19 19 19 19 19 19 21 21 21 21 21 21 21 21 21 21 21 21 21 21 21 21 21 21 21 21 21 21 21 18 12 5 3 4 
3 3 2 2 3 3 4 5 5 7 4 4 5 7 7 7 8 11 11 11 14 16 17 19 29 35 31 40 63 80 79 70 57 50 46 43 45 45 51 50 43 39 52 58 57 52 45 37 31 35 36 34 33 32 34 34 34 33 33 33 32 33 32 32 32 32 31 31 32 31 31 31 32 33 33 35 35 35 35 33 34 33 31 31 29 26 25 24 23 23 22 22 22 22 22 22 22 23 21 21 21 21 19 19 19 19 22 22 23 23 23 23 23 22 21 21 19 19 19 19 19 19 19 19 19 19 19 18 18 18 19 19 19 19 19 19 19 19 21 21 21 21 21 21 21 21 21 21 21 21 21 21 21 21 21 21 21 21 21 21 21 18 12 5 3 4 
3 3 2 2 3 3 4 5 8 7 7 7 8 10 10 10 11 14 15 17 21 22 24 32 46 56 64 73 84 101 106 96 88 78 65 58 57 50 56 58 54 42 50 61 63 57 47 39 33 35 37 34 35 33 33 33 34 33 33 33 33 33 32 32 32 32 30 31 31 31 31 30 30 32 33 33 35 35 35 35 36 34 34 33 31 29 28 26 25 24 24 24 23 23 23 23 23 23 22 22 22 22 21 21 21 21 22 22 22 22 23 23 23 22 21 21 19 19 19 19 19 19 19 19 19 19 19 18 18 18 19 19 19 19 19 19 19 19 21 21 21 21 21 21 21 21 21 21 21 21 21 21 21 21 21 21 21 21 21 21 21 18 12 5 3 4 
3 3 2 2 4 4 4 4 6 6 6 6 5 4 7 14 18 19 28 33 38 37 37 51 72 86 93 97 104 125 141 144 143 138 111 104 100 86 77 69 63 60 60 64 63 59 52 45 39 38 36 35 35 33 34 33 34 33 34 33 34 33 33 33 32 32 31 31 32 32 31 31 30 31 32 33 33 33 33 35 35 35 36 34 34 32 30 28 26 24 24 24 23 23 23 22 22 22 23 23 23 23 22 22 22 22 19 19 19 19 21 21 21 21 21 21 19 19 19 19 19 19 19 19 19 19 18 19 19 19 19 19 18 18 18 18 18 18 19 19 19 19 19 19 19 19 21 21 21 21 21 21 21 21 19 19 19 19 19 19 20 19 15 7 4 4 
3 3 2 2 4 4 5 5 6 8 9 10 7 2 14 36 49 57 72 81 88 91 94 103 117 127 128 137 159 179 191 207 217 215 194 188 181 164 147 124 110 104 97 82 68 58 52 49 45 43 40 38 38 37 36 34 36 36 33 33 33 33 33 33 33 33 32 32 33 33 32 31 31 31 31 33 33 33 32 32 33 35 36 36 34 34 33 31 30 28 26 24 24 24 23 23 23 22 23 23 23 23 22 22 22 22 19 19 19 19 21 21 21 21 19 19 19 19 19 19 19 19 19 19 19 19 19 19 19 19 19 19 19 19 19 19 19 19 19 19 19 19 19 19 21 21 21 21 21 21 21 21 21 21 21 21 21 21 21 21 22 19 15 7 4 4 
3 3 3 3 4 3 4 8 11 12 16 25 30 39 68 103 123 136 150 158 166 172 175 178 177 181 189 201 219 231 233 241 246 245 243 245 242 231 220 209 198 181 160 134 107 82 66 58 51 49 45 43 38 37 36 34 35 36 34 33 33 33 32 32 33 32 32 32 32 32 32 32 32 32 32 32 32 32 32 32 32 33 35 35 36 36 36 36 34 33 30 26 25 24 24 24 23 23 22 22 23 23 22 22 22 22 19 19 19 19 21 21 21 21 19 19 19 19 19 19 19 19 19 19 19 19 19 19 19 19 19 19 19 19 19 19 19 19 19 19 19 19 19 19 21 21 21 21 21 21 21 21 21 21 21 21 21 21 21 21 22 19 15 7 4 4 
3 3 3 3 4 3 4 8 14 15 17 37 59 98 145 183 200 213 222 227 230 231 230 228 228 231 237 241 245 247 247 249 249 247 247 251 250 247 247 247 248 244 229 203 174 151 131 111 90 78 64 66 64 64 52 41 37 38 36 33 32 32 32 31 32 32 32 32 32 31 32 32 32 32 32 32 31 31 31 31 32 33 35 35 36 36 37 37 36 36 32 30 28 26 25 25 24 23 23 22 23 23 22 22 22 22 19 19 19 19 21 21 21 21 19 19 19 19 19 19 19 19 19 19 19 19 19 19 19 19 19 19 19 19 19 19 19 19 19 19 19 19 19 19 21 21 21 21 21 21 21 21 21 21 21 21 21 21 21 21 22 19 15 7 4 4 
3 3 4 4 4 4 4 8 9 8 18 34 64 125 186 224 235 243 247 249 249 249 249 248 248 248 249 250 249 248 249 250 248 248 249 250 248 247 247 249 248 251 252 245 228 216 206 191 170 149 131 124 113 97 73 55 45 41 37 32 33 34 32 32 34 34 33 33 32 31 31 32 32 32 31 32 32 32 31 31 32 33 33 35 35 35 36 35 36 36 34 34 32 31 28 28 26 23 24 23 22 22 21 21 21 21 19 19 19 19 21 21 21 21 19 19 19 19 19 19 19 19 19 19 19 19 19 19 19 19 19 19 19 19 19 19 19 19 19 19 19 19 19 19 21 21 21 21 21 21 21 21 21 21 21 21 21 21 21 21 22 19 15 7 4 4 
3 3 4 3 4 4 5 7 8 8 18 30 61 128 193 236 244 248 248 249 249 249 250 250 249 249 250 250 250 252 250 247 243 242 245 247 245 245 245 246 247 247 249 252 248 246 243 241 233 220 200 177 150 115 83 64 50 43 38 33 33 36 33 33 36 34 34 33 32 31 31 31 32 32 32 32 32 32 31 31 32 33 32 32 33 33 35 35 35 35 36 36 34 34 31 29 28 24 24 23 22 23 22 21 21 21 19 19 19 19 21 21 21 21 19 19 19 19 19 19 19 19 19 19 19 19 19 19 19 19 19 19 19 19 19 19 19 19 19 19 19 19 19 19 21 21 21 21 21 21 21 21 21 21 21 21 21 21 21 21 23 19 13 6 4 4 
3 3 3 3 4 7 5 8 12 16 23 50 101 160 212 243 248 249 250 250 249 249 249 249 250 251 251 251 249 248 242 228 215 206 214 217 221 230 241 245 245 246 247 248 250 248 249 249 250 248 243 219 186 137 93 68 54 43 38 37 31 35 34 34 33 32 33 33 33 32 32 32 32 33 32 32 32 31 31 31 31 31 31 32 32 32 33 32 33 35 33 33 34 34 34 34 31 28 23 23 22 23 22 21 21 21 19 19 19 19 21 21 21 21 19 19 19 19 19 19 19 19 19 19 19 19 19 19 19 19 21 21 19 19 19 19 21 19 19 19 21 21 21 21 21 21 21 21 21 21 21 21 21 22 22 22 22 22 22 22 24 19 12 6 4 4 
3 3 3 4 4 10 18 33 38 41 68 124 172 214 238 247 247 249 250 252 251 251 249 249 250 251 251 251 246 231 209 182 161 147 159 166 177 194 215 232 241 242 242 242 246 248 247 247 248 251 252 241 208 149 90 60 47 39 33 32 30 35 34 34 33 32 32 33 33 32 32 32 32 33 32 32 32 32 32 32 32 31 31 31 31 32 32 32 32 33 33 33 34 36 36 36 33 30 29 26 25 25 23 22 21 19 19 18 19 19 19 19 19 19 19 19 19 19 19 19 19 19 19 19 19 19 19 19 19 19 19 19 19 19 19 19 19 21 19 19 21 21 21 21 21 21 21 21 21 21 21 21 21 22 22 22 22 22 22 22 24 19 12 6 4 4 
3 3 4 4 7 15 33 59 84 99 136 196 237 250 252 251 248 247 248 248 249 248 248 248 247 246 246 242 222 193 160 131 114 108 110 114 128 145 166 192 209 216 221 224 226 233 240 242 246 248 251 245 226 187 130 86 59 44 38 36 36 35 35 33 33 32 31 31 31 31 31 31 32 32 32 32 32 32 32 31 31 31 31 31 31 32 32 31 31 32 33 34 33 36 34 34 34 33 32 31 29 26 25 22 22 21 19 19 19 19 20 20 18 18 19 19 19 19 19 19 19 19 19 19 21 21 19 21 21 19 19 19 19 19 19 19 19 19 21 21 21 21 22 22 22 21 21 21 21 21 21 21 21 22 22 22 22 22 22 22 22 19 12 5 3 3 
2 3 3 4 9 18 38 77 125 166 208 242 252 252 250 247 244 241 239 238 237 236 234 232 226 220 222 210 181 151 120 95 79 79 79 80 89 100 113 136 152 162 166 168 171 187 208 223 234 238 237 235 238 227 188 138 92 58 43 40 40 37 36 35 34 33 31 31 31 31 31 31 32 32 32 32 32 32 32 31 31 31 31 31 31 31 31 31 31 31 33 33 33 34 34 34 34 33 34 33 31 30 28 25 25 23 22 21 21 19 19 19 18 18 17 18 18 18 18 18 18 18 19 19 21 21 19 22 22 21 19 19 19 19 19 19 19 19 21 21 22 23 23 22 22 21 21 19 19 21 21 21 21 22 22 23 23 23 23 22 22 19 12 5 4 4 
2 3 3 5 8 11 29 72 137 200 237 247 247 248 241 231 225 223 219 214 209 200 191 185 174 168 169 153 124 97 78 64 53 54 57 58 66 71 75 87 99 102 102 101 104 124 152 175 194 203 210 219 233 237 228 192 135 78 44 36 38 39 39 37 36 33 31 31 31 32 32 32 32 32 32 32 32 32 32 31 31 31 31 31 31 31 31 31 31 32 32 32 32 33 33 34 33 33 34 36 33 33 32 29 28 26 23 24 21 19 20 19 17 17 18 18 18 18 18 18 18 18 19 19 19 19 19 22 22 22 22 19 21 21 21 19 21 21 21 22 23 23 22 22 22 21 21 19 18 21 21 21 21 23 23 23 24 24 25 25 24 22 11 4 4 4 
2 3 3 4 5 7 23 64 135 210 247 252 251 242 226 213 201 188 189 175 157 144 131 120 110 104 100 88 74 61 52 46 40 40 42 44 46 49 51 56 60 60 58 60 65 77 95 117 139 153 167 178 195 220 235 216 168 107 58 40 40 40 39 37 36 33 32 32 32 32 32 32 32 32 32 32 32 32 32 31 31 31 31 31 31 31 31 31 31 32 32 32 32 32 32 33 32 32 34 36 36 36 34 33 31 28 26 24 21 18 20 20 18 18 18 18 18 18 18 18 18 18 18 18 18 19 19 22 23 23 22 22 22 22 21 21 21 22 23 24 23 24 24 23 22 19 19 19 18 21 21 21 21 23 23 23 24 24 25 25 24 22 11 4 4 4 
2 3 4 5 6 11 26 76 157 224 248 247 245 221 195 181 167 153 148 124 96 84 73 64 60 58 54 49 44 41 36 32 34 38 37 36 36 35 39 41 42 40 40 44 50 57 63 73 90 104 122 135 152 180 201 208 191 143 95 70 53 40 37 36 33 33 32 33 33 33 33 33 33 33 32 32 32 32 32 31 31 31 31 31 31 31 31 31 31 32 32 32 32 32 32 32 31 32 34 36 37 37 34 34 34 31 28 25 23 19 19 21 19 19 19 19 18 18 18 19 19 18 18 19 19 19 19 22 23 23 22 22 22 22 22 23 22 24 24 25 25 26 24 23 21 19 19 19 18 21 21 22 22 23 23 23 23 23 24 24 23 21 12 5 4 4 
2 3 4 5 6 16 39 101 187 238 245 230 217 186 154 136 128 116 103 79 57 43 37 33 33 32 32 31 30 28 24 22 25 30 30 31 30 30 32 34 33 33 32 33 38 43 47 52 59 70 84 99 117 132 159 192 203 186 152 110 71 46 39 37 35 33 33 33 33 33 33 33 33 33 32 32 32 32 32 31 31 31 31 31 31 31 31 31 31 32 32 32 32 32 32 32 32 32 34 36 37 37 36 36 36 34 31 29 25 24 23 21 21 21 19 19 18 19 18 19 19 19 18 19 19 19 22 23 23 23 23 21 22 22 25 25 25 26 26 26 28 28 25 23 21 19 19 19 19 21 22 22 22 23 23 23 23 23 24 24 23 19 11 6 5 4 
2 2 5 6 8 25 67 137 203 234 229 206 180 144 117 97 91 79 66 46 31 26 25 22 21 19 19 22 24 20 17 17 18 23 24 24 24 23 25 28 29 26 26 27 30 33 38 43 46 52 59 71 88 97 121 157 187 205 184 131 83 54 42 37 35 35 35 35 35 35 35 35 33 33 32 32 32 32 32 31 31 31 31 31 31 31 31 31 32 33 32 32 32 32 32 32 32 33 33 33 34 36 34 33 33 34 32 31 28 25 23 21 19 19 19 19 19 19 19 19 19 19 19 19 21 21 22 23 23 24 23 23 24 25 25 26 28 28 28 29 29 29 26 23 22 19 21 19 19 21 22 22 22 23 23 23 23 22 23 23 23 20 12 5 4 4 
2 3 5 8 15 47 106 178 222 229 213 180 141 106 84 68 64 54 44 31 24 25 23 18 15 11 11 11 13 15 14 15 16 19 22 21 21 21 22 24 25 24 25 26 26 29 32 37 40 44 48 57 73 83 99 130 169 195 186 145 98 61 45 40 36 35 35 35 35 36 35 35 33 33 32 32 32 32 32 31 31 31 31 32 32 32 32 32 33 32 32 32 32 32 32 32 31 31 32 32 33 33 33 33 33 33 32 31 29 26 24 24 23 22 22 21 21 21 21 21 19 19 19 18 21 21 22 23 22 24 24 24 24 24 25 26 28 28 28 28 28 26 26 25 22 19 21 19 19 21 21 22 22 23 23 23 23 22 22 22 23 20 11 5 4 5 
3 3 5 10 18 60 132 201 231 223 195 150 102 78 61 50 50 43 36 26 22 19 16 14 10 8 5 7 10 11 11 12 16 19 20 19 18 19 22 24 25 25 23 23 24 24 26 31 36 37 41 48 54 67 88 114 146 186 201 181 141 93 64 47 36 36 37 37 37 37 37 37 36 36 33 33 33 33 33 33 33 33 33 33 33 33 33 33 33 33 31 30 30 30 31 31 32 32 30 30 30 31 30 31 31 30 31 32 32 31 29 29 29 27 25 23 23 23 23 22 21 19 19 19 21 21 22 22 23 24 24 24 24 25 26 29 29 29 29 28 28 28 25 24 23 21 19 19 19 21 21 22 22 23 23 23 23 22 22 22 24 20 13 6 4 5 
2 2 6 11 19 66 149 211 228 212 177 125 79 61 52 45 43 38 31 25 19 14 9 7 5 3 3 7 8 8 10 11 15 16 17 17 15 17 22 25 26 25 24 22 22 23 24 26 31 32 36 39 45 58 75 95 128 180 219 223 195 143 87 54 40 36 37 37 37 37 37 37 36 36 33 33 33 33 33 33 33 33 33 33 33 33 33 33 33 33 31 31 31 31 32 32 33 32 31 30 30 30 31 31 31 30 32 31 31 31 33 33 33 32 29 26 24 24 23 22 19 19 19 19 21 21 22 22 23 23 24 24 24 25 26 29 29 29 29 29 26 26 26 24 23 21 19 19 18 21 21 22 22 22 23 23 23 23 23 23 24 20 12 6 5 5 
3 4 6 8 17 73 158 213 215 194 156 102 58 47 44 39 36 35 29 22 16 11 7 3 3 3 3 4 6 8 8 9 11 13 12 11 11 16 23 28 28 24 24 22 22 22 23 24 25 26 28 33 43 48 57 78 113 169 221 242 224 179 111 63 44 37 37 37 37 38 37 37 36 36 33 33 33 33 33 33 33 33 33 33 33 33 33 33 33 33 31 31 31 31 32 32 33 33 31 30 30 30 31 31 31 30 30 30 31 31 34 34 34 34 34 32 30 26 26 24 21 19 19 19 21 21 21 22 23 24 24 24 24 25 28 29 29 29 29 29 26 26 24 24 22 19 19 18 18 19 21 22 22 22 23 23 23 23 23 23 23 19 11 4 5 5 
2 2 10 3 15 75 150 191 188 162 118 74 46 36 35 31 30 31 25 15 11 10 8 4 3 3 3 4 6 8 9 9 11 12 11 11 12 15 22 25 24 23 23 21 20 20 21 22 22 22 24 32 39 39 47 68 100 149 206 242 233 194 130 71 42 36 37 37 37 38 37 37 36 36 33 33 33 33 33 33 33 33 33 33 33 33 33 33 33 33 31 31 31 31 32 32 33 33 31 30 30 31 32 32 31 30 30 29 31 30 32 34 34 36 36 34 32 30 29 26 23 22 22 22 22 21 21 22 23 24 24 24 25 25 28 29 29 29 29 29 26 26 24 22 22 19 18 18 18 19 19 21 21 22 23 23 23 23 23 23 23 19 11 4 5 5 
3 4 3 2 31 88 143 165 159 131 93 57 38 31 28 25 25 24 17 12 11 10 9 5 5 5 6 6 5 5 8 9 11 11 11 12 14 16 22 25 23 22 23 22 20 20 22 22 21 21 23 30 33 33 47 61 79 125 187 229 234 208 150 85 45 36 37 37 37 38 37 37 36 36 33 33 33 33 33 33 33 33 33 33 33 33 33 33 33 33 31 31 31 31 32 32 33 33 32 31 31 31 32 32 31 30 30 30 30 30 32 36 36 36 36 36 34 33 32 29 26 25 24 23 22 21 21 22 23 24 24 24 25 25 28 29 29 30 30 29 28 25 25 23 21 19 18 18 18 19 19 21 21 22 23 23 23 23 23 23 23 19 12 5 5 5 
3 3 1 14 61 113 145 148 130 101 70 43 29 26 24 22 21 17 16 16 15 14 11 9 10 9 8 6 4 4 5 8 10 11 11 12 15 17 23 24 22 22 23 20 19 20 20 19 18 21 22 25 30 32 39 44 57 100 160 211 235 224 173 102 53 37 37 37 37 38 37 37 36 36 33 33 33 33 33 33 33 33 33 33 34 34 34 34 33 33 32 32 32 32 31 32 33 34 32 32 31 31 32 30 31 30 26 30 29 31 34 36 36 36 36 36 36 34 32 31 29 27 26 25 23 22 22 23 23 23 24 24 25 26 28 29 29 30 30 30 28 26 26 23 21 18 18 18 18 19 19 21 21 22 23 23 22 23 24 24 24 19 12 5 4 5 
3 3 3 30 79 129 142 129 99 64 43 30 23 21 19 18 16 16 15 14 14 14 14 15 15 10 8 8 5 5 7 8 9 11 11 12 15 18 20 22 22 22 22 19 19 20 18 16 17 19 21 25 29 29 35 42 50 75 129 189 227 220 171 108 64 41 36 36 37 38 37 37 36 36 33 33 33 33 33 33 33 33 32 32 33 33 33 33 33 33 33 33 33 33 33 33 33 34 32 32 32 32 32 31 31 30 31 31 31 32 34 34 34 34 34 36 34 36 34 33 31 30 28 28 25 24 24 23 24 24 24 24 24 26 28 28 28 29 29 29 28 26 25 22 19 18 18 18 17 19 19 19 19 22 22 22 22 23 24 24 24 19 12 5 4 4 
2 2 5 36 93 143 136 108 79 57 38 25 19 18 17 15 11 12 12 12 12 12 15 17 17 14 10 9 9 8 7 9 11 11 12 13 16 17 18 19 20 19 20 18 18 18 18 19 21 22 22 22 23 25 32 39 44 58 101 158 198 202 163 104 65 45 37 37 38 38 37 37 36 36 35 35 35 35 35 35 33 33 33 33 33 33 33 33 34 34 33 33 33 33 33 33 34 34 33 33 33 33 33 33 32 31 33 31 33 33 34 34 33 33 34 34 34 34 33 33 31 31 30 29 29 26 26 24 24 24 23 24 24 25 28 28 28 29 29 28 28 28 25 22 19 19 18 18 18 19 19 19 19 22 22 22 22 23 25 25 25 21 12 5 4 4 
3 3 8 53 113 145 122 81 60 46 34 22 18 16 14 11 10 10 11 12 11 11 12 16 16 15 12 10 11 11 9 10 10 11 11 12 15 15 16 16 17 16 16 16 18 18 20 23 24 24 24 24 24 25 30 37 40 50 77 127 177 196 163 106 65 45 37 36 36 36 35 35 35 35 33 33 35 35 33 33 35 35 33 33 33 35 35 35 33 33 33 33 33 32 33 33 33 33 34 34 34 34 34 34 33 32 33 31 33 33 34 34 33 33 32 32 31 30 31 31 32 33 32 31 31 29 28 26 26 25 24 23 23 25 26 28 28 28 28 28 26 26 25 22 19 18 18 17 18 18 19 19 19 21 23 24 24 24 25 25 24 21 13 6 4 4 
3 3 13 68 127 139 108 65 44 39 30 20 16 15 12 10 8 8 10 10 9 9 10 12 15 14 12 14 14 15 12 12 15 15 15 15 14 15 16 16 15 15 14 15 16 17 19 20 22 24 23 23 24 24 28 33 39 50 65 104 164 196 173 117 68 46 38 37 36 36 35 35 35 35 33 33 33 33 33 35 35 35 33 33 33 35 35 35 33 33 33 33 33 32 33 33 33 33 34 34 34 34 34 34 33 33 33 32 33 34 34 34 33 32 32 30 29 27 29 31 33 34 35 33 32 30 30 29 29 27 25 24 23 25 26 26 26 28 29 28 28 26 25 22 19 18 17 17 18 18 18 21 22 22 24 26 26 28 26 26 25 21 12 6 4 4 
1 1 21 82 138 136 100 60 42 36 29 18 16 13 9 8 5 4 4 5 5 5 7 10 12 12 14 15 15 16 16 17 19 20 19 20 18 18 17 16 15 14 12 12 12 13 16 18 20 24 24 24 24 24 25 29 37 47 58 93 151 194 179 123 72 49 39 37 36 36 35 35 35 35 33 33 33 33 33 35 35 35 35 35 35 35 36 36 35 33 33 33 35 33 33 33 33 33 34 34 34 34 34 34 34 34 34 33 33 36 34 34 33 33 31 30 29 27 29 31 33 34 32 33 33 32 31 31 31 30 29 26 25 27 28 28 26 28 30 29 28 26 25 22 19 18 17 17 17 18 19 22 23 24 25 28 28 28 28 26 25 22 12 6 5 6 
1 2 29 89 138 125 88 56 43 38 28 15 16 12 7 5 4 4 4 5 5 7 8 9 10 12 12 12 15 16 17 18 20 20 23 22 19 18 17 16 15 12 10 10 10 12 16 18 20 24 24 23 23 23 24 28 32 37 47 85 142 187 184 130 73 47 39 37 36 35 35 35 36 36 35 35 35 35 36 35 35 35 35 35 35 36 37 36 35 33 33 33 35 35 35 33 33 33 34 34 34 34 34 34 34 34 34 34 34 34 34 34 33 32 32 31 31 30 31 31 32 33 31 32 32 32 33 33 32 32 30 29 27 27 28 28 29 29 30 30 29 29 25 23 21 18 17 17 17 18 20 23 23 24 26 28 28 28 28 28 26 22 12 6 6 6 
1 1 32 85 127 110 74 51 42 36 23 14 14 10 7 5 5 5 7 7 7 8 8 8 9 11 11 11 14 15 17 17 19 20 22 20 18 18 17 18 17 14 12 10 9 11 14 16 18 22 22 22 22 22 23 26 28 31 39 72 128 181 186 132 73 47 41 39 37 36 35 35 36 36 36 36 36 36 36 36 35 35 35 35 36 37 37 37 35 35 33 35 36 36 36 35 35 35 36 34 34 34 34 34 34 34 34 34 34 34 34 33 33 33 32 33 34 34 33 33 31 31 29 30 31 31 32 32 33 33 32 30 27 30 30 30 30 30 31 30 29 29 26 23 19 18 16 16 17 18 20 23 25 25 28 28 28 29 29 28 28 23 13 5 6 6 
1 1 25 68 109 100 68 50 39 30 21 12 11 9 7 5 7 7 8 8 9 8 8 7 8 9 9 11 12 15 15 15 17 19 19 19 18 18 19 21 18 16 13 10 10 10 11 15 19 22 23 22 22 23 23 23 26 32 35 58 110 167 175 127 72 49 43 40 37 36 35 35 36 37 37 38 38 37 37 36 36 35 35 35 37 38 38 37 36 35 33 35 36 36 37 37 36 35 36 36 36 34 33 34 34 34 34 34 34 34 33 33 33 33 34 34 34 37 36 33 31 29 29 28 30 30 31 32 33 33 33 31 30 31 31 30 31 31 31 31 29 28 26 23 19 18 16 16 17 18 20 23 24 25 28 29 29 29 29 28 28 23 13 5 6 6 
1 1 15 53 97 96 68 49 37 28 19 13 10 8 7 7 7 8 9 9 9 9 9 8 8 8 8 9 11 12 12 12 14 16 17 17 18 18 18 18 18 18 15 12 12 11 14 16 18 19 21 22 23 24 23 24 29 32 31 49 93 143 157 122 74 49 44 40 38 36 36 36 37 38 39 39 39 38 37 36 36 35 36 36 38 39 39 38 37 36 33 33 36 37 37 37 36 36 37 36 36 34 33 34 34 34 36 34 34 34 33 33 33 33 33 33 34 34 34 33 31 29 28 28 28 29 31 32 33 34 33 33 32 32 33 32 31 32 31 31 29 27 25 23 21 18 17 17 17 18 20 23 24 25 28 30 30 30 29 28 28 24 13 5 6 6 
1 1 12 48 90 98 73 45 32 24 18 12 8 7 7 7 9 9 10 10 9 9 9 8 7 5 5 7 9 10 10 10 12 14 16 16 16 17 18 17 17 17 16 14 14 12 15 17 18 21 21 23 25 26 26 26 29 31 30 39 74 116 133 112 75 50 45 41 38 36 36 36 37 39 39 40 40 39 38 37 36 36 36 36 38 39 40 39 37 36 32 35 36 37 38 38 37 37 38 37 36 34 33 34 34 34 36 34 34 34 33 33 33 33 33 33 33 33 34 33 33 31 28 28 28 29 30 31 33 34 33 33 33 33 33 32 33 32 32 30 30 29 25 23 21 19 17 17 17 19 22 24 25 25 28 30 30 30 29 28 28 25 15 5 6 6 
2 2 11 43 86 95 71 45 32 24 18 12 8 8 8 8 9 10 11 11 11 11 10 9 7 4 4 5 7 8 8 9 12 12 12 14 15 16 16 17 16 16 16 15 12 12 16 19 21 21 22 23 25 28 26 26 28 30 28 35 58 94 120 114 77 50 48 41 39 37 37 37 39 41 40 40 40 39 38 37 36 36 36 36 37 39 40 39 37 35 33 34 36 37 38 38 38 39 39 37 36 33 34 33 34 34 34 34 34 36 34 33 33 33 32 32 32 33 33 34 36 33 31 30 30 30 31 32 32 33 33 33 34 36 34 33 34 32 32 31 30 29 25 23 21 19 17 17 17 19 22 24 25 26 29 30 30 30 29 29 29 25 15 5 6 6 
2 3 11 45 90 99 70 44 31 24 18 12 9 9 9 9 9 12 12 12 12 11 11 10 5 4 4 5 7 7 7 9 11 11 11 14 14 15 15 15 15 16 14 11 11 12 17 21 21 21 22 23 24 28 28 26 26 26 25 29 50 84 116 115 77 51 50 43 39 37 37 37 39 41 40 40 40 40 39 38 37 36 35 33 36 38 39 39 37 36 36 34 36 36 37 38 38 39 38 38 37 34 34 34 34 34 34 34 36 36 34 34 33 33 32 32 32 32 33 33 34 34 33 32 31 30 31 32 32 33 33 33 34 36 36 34 34 33 32 31 30 29 25 22 21 19 19 18 18 18 24 27 28 28 30 31 30 30 29 29 29 24 15 6 6 6 
2 3 14 53 100 108 75 42 30 24 17 12 10 11 11 10 11 12 12 12 12 11 11 9 5 5 4 5 5 5 5 7 9 10 12 14 15 15 14 14 14 12 12 11 10 11 14 17 19 21 22 22 23 24 25 26 28 25 23 26 39 67 99 103 75 52 51 44 40 38 37 37 39 40 40 40 40 40 39 38 37 36 33 33 36 37 39 39 38 37 37 37 36 34 34 37 37 38 38 37 37 36 36 34 34 34 34 34 36 36 34 34 33 32 31 32 32 33 33 34 34 36 34 31 31 31 31 32 31 31 33 33 34 36 36 34 33 33 32 30 29 28 23 22 21 19 19 19 18 18 23 28 28 28 30 31 30 30 29 29 29 25 15 5 6 6 
2 3 21 68 114 111 75 42 29 24 17 12 11 11 11 10 11 12 12 12 12 12 11 9 8 7 5 5 7 5 5 8 10 11 11 12 14 14 12 12 11 11 12 11 11 10 11 15 17 19 19 19 21 22 25 31 29 22 21 24 32 52 85 99 79 54 52 45 42 38 37 38 38 39 38 38 39 39 38 37 36 36 35 35 35 37 39 39 39 38 39 37 34 32 33 36 37 38 38 37 37 36 36 34 34 33 33 34 36 37 36 34 33 32 31 32 32 32 33 33 34 34 36 31 30 30 30 31 30 31 32 33 36 36 36 36 34 33 32 30 28 26 23 22 19 18 19 18 18 18 21 25 28 28 30 30 30 30 29 30 30 26 15 5 6 6 
2 2 24 77 125 116 79 44 28 23 16 11 12 12 12 12 12 14 12 12 12 11 11 11 10 9 8 9 9 8 9 10 12 11 11 12 12 12 11 10 10 10 10 10 9 9 10 15 17 19 19 19 21 19 24 29 25 21 19 22 26 40 73 99 84 57 53 46 40 38 37 36 37 37 37 38 39 39 39 38 37 37 35 35 35 36 38 39 39 38 40 37 33 32 32 33 36 38 37 37 37 36 36 34 34 33 33 34 36 37 36 34 33 32 31 31 30 31 31 32 33 35 33 31 30 29 30 30 30 30 32 33 34 34 34 36 34 33 31 30 28 25 23 22 19 18 18 17 17 17 19 23 25 28 29 30 31 31 31 31 30 25 15 6 6 6 
2 2 26 81 130 118 79 44 26 22 16 12 13 15 15 14 14 12 12 12 12 12 12 11 12 11 11 11 12 12 14 14 12 12 12 12 12 10 9 8 8 8 9 10 9 8 9 12 15 18 18 18 18 17 19 24 23 22 21 22 25 35 66 96 85 57 54 47 42 39 37 36 36 37 35 38 38 39 39 38 37 36 35 33 33 33 36 37 37 36 39 36 32 31 31 33 34 36 37 37 37 36 36 34 33 33 33 34 36 36 36 34 32 31 31 31 30 30 31 32 32 32 33 31 30 29 29 30 30 30 32 32 33 33 34 33 33 33 32 30 28 26 23 19 18 18 17 17 17 17 19 22 24 26 29 30 31 31 31 32 30 25 15 5 6 6 
2 2 27 81 130 120 80 45 26 23 16 14 16 16 15 14 12 12 12 12 14 15 14 14 14 12 12 15 16 17 18 17 16 17 17 16 14 11 9 8 7 7 9 11 10 8 8 11 15 17 18 18 18 16 18 23 23 23 20 23 26 36 66 95 82 56 55 47 43 39 37 36 33 33 33 36 37 37 37 36 35 33 33 32 32 31 33 35 36 36 38 36 33 31 31 32 33 34 36 36 37 36 36 34 33 32 32 33 34 36 36 34 31 30 31 31 29 29 29 31 32 31 31 30 29 28 26 26 29 29 31 31 32 32 33 33 32 32 31 30 28 26 23 19 18 17 17 17 17 18 19 22 24 26 29 30 31 31 30 32 31 26 14 5 5 6 
2 4 31 79 123 118 82 49 28 24 18 16 17 16 15 12 11 11 11 12 14 16 16 16 15 14 15 16 17 19 19 18 18 18 18 16 14 11 9 8 5 7 10 12 12 10 10 11 13 15 16 17 17 16 18 19 20 19 20 23 26 37 66 97 92 64 55 46 43 40 38 36 32 32 32 35 37 37 37 36 35 33 33 32 31 30 31 33 35 37 38 37 33 31 31 31 32 33 34 34 36 36 36 33 32 31 30 31 31 34 34 34 32 31 31 31 29 28 28 31 32 32 31 31 30 29 26 25 28 29 31 31 32 32 33 33 32 32 31 30 29 28 22 19 18 17 16 16 16 17 21 22 24 26 26 29 31 30 29 31 30 25 15 6 5 6 
2 7 30 70 114 110 82 52 31 25 20 17 16 16 16 15 12 11 11 11 14 16 16 16 15 15 15 16 17 18 18 18 16 15 14 11 11 10 8 7 5 8 12 16 15 12 12 12 13 15 15 16 17 17 19 19 19 18 18 23 28 40 72 109 116 90 86 66 54 46 40 38 33 31 32 35 36 37 37 36 34 33 33 32 31 30 30 32 35 36 37 36 34 32 30 31 32 33 34 34 36 37 36 33 31 29 29 29 31 34 34 34 33 31 31 30 29 28 28 31 32 32 31 31 30 29 26 25 28 29 31 31 32 32 31 32 33 32 31 31 29 26 23 21 18 17 17 16 17 18 21 23 25 28 28 28 29 29 30 31 30 24 14 6 5 6 
3 9 21 64 111 115 88 60 38 28 22 19 17 16 15 13 11 10 10 11 14 15 16 15 15 15 14 15 16 18 18 17 12 10 8 8 8 8 8 5 4 8 16 19 18 16 15 13 13 13 15 16 17 17 18 18 17 17 16 23 31 47 84 129 155 157 158 128 93 65 47 42 35 32 32 35 37 37 37 35 34 33 33 32 30 29 29 32 33 36 37 36 34 32 30 30 31 32 32 33 36 37 36 33 30 29 28 29 31 33 34 34 33 31 31 30 28 28 26 30 31 31 30 30 29 29 26 25 26 28 30 30 31 32 31 31 32 32 30 30 29 26 23 21 18 17 17 16 17 19 22 24 26 28 28 28 28 29 30 30 30 23 14 6 5 6 
4 11 26 70 121 128 97 65 45 29 24 20 17 16 12 10 9 8 10 11 14 16 15 14 15 15 14 14 15 16 16 14 9 5 5 5 5 5 5 5 5 9 17 22 20 17 16 13 12 12 13 16 16 17 17 17 17 16 14 23 36 53 95 151 193 213 222 194 150 100 60 44 36 32 32 35 37 37 37 35 33 32 32 31 30 29 28 31 33 36 37 37 36 33 30 30 30 31 30 32 35 36 35 32 30 29 28 29 31 33 34 34 33 31 31 30 28 28 26 29 31 31 30 30 29 29 28 26 28 28 30 30 31 32 31 31 31 30 30 30 31 27 23 22 18 17 17 16 16 18 22 24 26 29 29 29 29 30 30 30 29 23 14 6 4 5 
10 24 51 102 141 138 110 70 46 30 22 19 17 15 11 9 8 8 9 11 14 16 15 15 14 12 10 10 12 12 10 8 7 5 5 5 4 4 7 7 5 10 18 22 19 17 16 15 13 12 13 15 16 17 17 16 16 16 11 22 37 56 100 157 193 208 219 208 180 131 78 46 33 30 32 35 37 37 37 35 34 33 32 32 30 29 30 31 33 36 37 37 36 33 30 30 31 32 31 32 35 36 35 32 30 29 28 29 31 33 34 34 33 31 31 30 28 28 26 29 31 31 31 30 30 29 28 28 28 28 30 30 31 31 30 30 29 29 30 30 29 27 23 21 19 16 16 16 16 18 21 24 26 29 29 29 29 29 29 30 29 23 14 6 4 5 
22 46 95 151 175 162 129 78 45 29 19 17 16 13 10 8 9 9 10 12 12 15 15 14 12 10 9 10 11 11 8 8 8 7 7 5 7 8 9 10 9 11 19 22 19 17 16 16 14 12 13 15 17 17 16 13 13 15 9 18 32 49 74 103 127 142 150 159 162 145 97 53 36 31 32 35 37 37 37 35 34 33 32 32 30 29 30 31 33 36 37 37 36 33 30 30 31 32 31 32 35 36 36 32 31 29 28 29 31 33 34 34 33 31 31 30 28 28 26 29 31 31 31 30 30 29 29 28 28 28 30 30 30 31 30 30 30 29 30 30 30 27 23 21 18 17 16 16 16 18 21 23 26 29 29 29 29 29 29 30 29 23 14 6 4 5 
30 66 141 203 220 199 156 87 42 26 19 15 15 12 9 8 8 9 10 11 12 14 14 12 10 9 10 11 11 12 11 11 9 8 7 7 9 11 14 15 14 16 20 20 18 17 17 18 15 14 15 16 17 18 18 17 15 12 11 15 26 36 45 56 67 78 82 95 122 134 102 64 40 31 32 35 37 37 37 35 34 34 33 32 30 29 30 31 33 36 37 37 36 33 30 30 31 32 32 33 35 36 36 32 31 29 29 29 31 33 34 34 33 31 31 30 28 28 28 28 30 31 31 30 30 29 29 28 28 28 29 30 31 31 30 30 29 29 30 30 30 29 24 21 18 16 16 16 16 18 21 23 25 28 29 29 29 29 29 30 29 23 14 6 4 5 
34 86 180 236 243 226 181 96 39 26 18 14 13 12 10 8 5 8 8 9 12 15 15 13 12 11 11 11 13 15 14 12 11 10 10 10 14 18 19 19 18 19 20 22 19 18 18 18 17 17 16 16 18 19 17 15 16 16 14 16 17 22 24 30 40 46 51 60 93 118 100 64 39 30 31 33 36 37 37 35 33 33 33 33 32 30 31 32 34 37 38 38 36 33 30 30 31 32 32 33 36 37 36 32 30 29 28 29 30 32 33 34 33 32 32 30 29 29 28 28 30 29 30 30 30 29 26 26 26 26 27 29 31 31 31 31 30 29 30 30 30 29 24 22 19 17 16 15 15 17 21 23 25 26 28 29 30 29 29 30 29 23 14 6 4 5 
25 94 195 240 244 229 182 99 40 26 17 14 12 11 9 7 8 8 8 8 11 15 15 13 12 11 11 12 13 15 15 15 14 14 14 16 19 22 22 20 20 19 20 20 19 18 18 18 18 18 18 18 19 20 18 16 17 17 17 17 18 21 25 33 42 44 43 53 82 106 94 63 40 30 31 33 36 37 37 35 33 33 34 33 32 31 31 31 33 36 37 38 36 34 32 31 31 31 30 32 35 37 35 31 30 28 28 28 30 31 32 33 34 32 32 31 29 29 28 29 31 32 31 30 30 28 28 25 26 26 29 30 31 31 31 32 31 30 30 30 30 29 24 22 21 17 16 15 15 17 21 23 25 26 28 29 30 29 29 29 29 23 14 6 4 5 
22 88 170 224 242 221 171 97 45 25 16 12 10 11 8 9 9 8 7 8 10 14 15 13 12 11 12 13 15 16 17 19 19 18 18 18 22 23 24 25 24 23 23 22 20 19 20 22 19 19 19 18 19 19 18 16 16 17 17 18 18 21 26 36 42 44 42 51 73 89 82 60 41 31 31 33 36 37 37 35 33 33 33 32 31 30 30 30 32 35 36 37 36 34 31 30 30 30 30 33 35 36 34 33 30 28 26 29 29 29 31 33 33 32 32 31 30 29 26 28 30 30 30 30 29 29 28 26 26 28 29 29 30 32 32 32 30 29 30 30 28 26 24 23 19 17 18 18 17 18 19 23 25 28 28 29 29 29 29 28 29 23 15 6 4 5 
26 78 141 199 224 200 150 90 42 22 14 11 10 9 8 8 8 7 7 8 10 12 13 12 12 12 12 13 15 17 18 20 22 20 19 20 22 26 29 26 25 25 25 24 23 23 23 23 21 21 21 19 19 19 17 16 16 18 18 19 19 22 28 37 44 45 44 49 67 82 77 56 40 31 31 33 36 37 37 35 33 33 33 32 32 32 30 30 32 35 36 37 36 34 31 30 30 30 31 35 36 37 36 34 31 30 29 29 29 29 31 34 33 32 32 32 30 29 26 26 30 31 30 30 30 29 28 28 28 28 29 29 30 31 32 32 31 29 29 31 29 26 24 23 19 18 18 18 18 18 19 23 25 28 29 29 29 29 29 29 28 23 15 6 4 5 
17 50 106 155 180 174 132 80 36 20 14 11 8 7 8 9 9 8 7 9 9 11 11 10 11 12 13 13 14 16 18 21 21 21 19 21 26 29 29 26 26 26 26 25 25 25 24 24 23 23 23 23 23 22 19 16 17 19 21 22 22 23 29 38 47 49 45 47 72 94 85 57 40 32 31 33 35 37 38 36 35 33 33 32 32 32 30 30 32 35 36 37 36 34 31 30 30 30 31 35 36 36 36 34 32 30 29 28 29 29 31 34 35 33 33 32 30 29 26 26 29 30 31 30 30 29 29 28 28 26 28 28 30 31 32 32 30 29 29 31 30 26 24 22 19 18 18 18 18 18 20 23 25 28 29 29 29 29 29 28 28 23 15 6 4 5 
10 26 66 117 158 156 115 68 31 20 15 11 8 7 9 10 9 9 8 9 10 11 11 10 11 11 13 13 14 15 17 19 19 19 19 22 27 29 27 26 26 27 29 26 25 26 25 25 24 24 24 24 24 23 20 18 18 19 21 24 24 24 30 38 49 51 45 46 80 114 104 71 45 32 31 33 35 37 38 35 35 35 35 33 33 32 30 30 32 35 36 38 37 36 32 31 31 31 31 32 35 36 34 33 31 30 29 28 27 29 31 34 35 33 33 32 30 29 28 25 28 30 31 30 30 29 29 28 28 26 28 28 30 31 32 31 31 29 29 30 30 26 24 22 19 18 19 18 18 19 20 23 24 28 29 29 29 29 29 28 28 23 15 6 4 5 
5 12 48 109 158 153 110 61 29 23 17 12 9 8 9 9 7 9 9 9 10 11 11 10 11 11 12 12 12 14 15 18 18 18 19 22 25 28 28 26 26 26 28 26 27 27 26 26 25 25 24 24 23 21 21 21 18 18 21 24 25 25 28 36 45 46 44 51 89 125 117 78 46 33 32 35 35 36 37 35 36 36 36 34 34 33 31 31 33 36 36 38 37 36 32 31 31 31 31 32 33 35 34 33 31 30 28 28 27 29 31 34 36 34 32 31 29 28 28 25 28 29 30 30 30 29 28 28 28 28 26 29 31 32 32 31 31 30 29 30 30 26 24 22 19 18 19 18 18 18 20 23 24 28 29 29 29 29 29 28 28 23 15 7 4 5 
3 9 50 105 149 143 108 59 25 24 18 12 11 11 11 11 10 9 9 9 11 11 10 10 11 11 12 12 12 12 15 17 17 19 21 21 25 28 28 26 25 25 25 26 26 26 26 26 25 25 25 24 23 23 22 21 21 21 23 26 26 25 29 33 42 44 43 58 95 124 110 72 44 35 33 35 33 36 36 35 36 36 36 34 34 34 32 31 33 36 36 38 37 37 32 31 31 31 30 31 32 33 34 33 31 30 28 28 27 29 31 34 36 34 35 31 29 28 25 25 28 28 29 29 30 28 26 26 26 26 28 29 31 32 32 32 31 30 30 30 29 28 24 22 19 17 18 18 18 18 20 23 25 28 29 29 29 29 29 28 28 23 15 7 4 5 
2 8 37 80 116 118 100 67 38 32 23 18 18 19 18 16 12 11 11 11 11 11 10 10 11 11 11 12 12 14 15 15 17 18 19 21 24 26 26 26 25 25 25 25 25 25 25 25 24 24 25 24 24 23 23 22 22 23 25 28 28 26 29 33 38 40 40 60 96 118 101 68 45 37 36 35 36 36 36 34 36 37 36 34 34 33 32 31 33 36 37 38 37 37 33 31 31 31 30 31 32 34 34 33 32 31 29 29 27 29 31 34 36 34 33 32 30 28 26 26 28 28 29 29 30 28 26 26 26 26 26 28 31 31 32 32 32 30 30 30 29 29 24 22 19 17 17 17 17 17 19 22 25 28 29 29 29 29 29 28 28 23 15 6 4 5 
2 8 23 49 94 116 109 88 70 56 40 29 25 25 24 19 16 12 11 11 11 10 11 11 11 12 12 12 12 14 14 14 15 17 19 21 24 25 25 25 26 26 25 26 26 26 26 28 26 26 25 25 25 24 24 24 24 25 28 28 29 29 30 33 35 38 44 65 93 103 84 59 43 37 36 36 36 36 36 34 36 37 37 34 33 32 31 31 33 34 37 37 38 38 33 32 31 31 30 31 32 34 34 33 33 31 30 30 29 30 32 36 37 36 33 33 31 28 28 26 28 28 29 29 30 28 28 26 26 26 26 26 29 31 32 32 32 31 30 30 29 29 24 22 19 18 17 17 17 17 19 22 25 26 29 29 29 29 29 28 26 21 16 8 4 5 
2 7 11 29 81 123 138 127 102 80 58 38 31 30 25 21 18 15 12 11 11 11 11 12 12 12 12 12 12 12 12 12 15 17 18 21 24 24 25 26 26 26 28 28 28 28 28 28 28 28 26 26 26 24 24 25 26 26 28 29 29 29 30 32 36 39 56 78 97 87 61 45 40 38 36 36 36 36 34 34 36 37 37 36 34 32 32 32 33 36 35 36 36 37 36 33 32 32 31 32 32 33 33 32 31 30 30 30 28 29 30 35 36 34 34 33 30 29 28 28 28 29 29 29 29 28 28 28 26 26 26 26 26 29 31 32 32 31 29 28 28 26 24 22 18 18 17 17 17 18 19 22 24 26 29 29 30 29 28 26 26 22 12 6 6 6 
1 3 5 17 59 107 141 153 135 106 77 51 40 35 29 25 21 18 16 12 12 12 12 12 12 12 12 11 11 11 12 12 14 17 18 19 23 24 25 26 26 26 28 28 28 29 28 28 29 28 26 26 28 25 25 26 26 28 29 29 30 30 31 35 40 49 63 81 90 69 45 40 39 37 36 35 36 34 34 33 36 37 37 36 34 32 32 32 33 34 35 35 36 36 36 33 32 31 31 32 32 33 33 32 32 30 30 30 28 29 30 35 36 36 34 33 31 29 28 28 28 29 29 29 29 28 28 28 26 26 26 26 29 30 31 31 32 31 29 28 28 25 24 22 18 17 17 17 18 18 21 22 24 25 26 29 30 29 26 28 26 22 11 6 6 7 
2 2 5 13 38 75 107 132 144 118 89 63 50 39 33 30 26 23 19 16 14 15 14 12 11 11 11 12 11 12 12 14 14 16 17 18 21 24 24 25 26 26 28 28 29 29 28 28 28 28 28 28 30 29 28 29 30 30 30 30 31 31 32 38 50 64 81 96 88 63 43 38 37 37 35 35 36 36 34 34 36 38 37 37 36 33 32 32 33 34 35 35 36 36 36 33 32 31 31 32 33 33 33 32 32 30 30 30 30 30 31 36 36 36 33 32 31 29 28 28 29 29 29 30 29 28 28 28 26 26 26 28 29 30 30 30 31 31 29 29 28 25 24 22 18 18 18 18 18 19 21 22 23 25 28 29 29 28 28 28 26 21 12 6 5 6 
3 2 3 3 10 37 71 100 122 115 89 63 49 43 38 31 29 26 23 16 14 15 14 12 12 12 12 11 11 12 12 15 16 17 17 18 21 22 23 24 26 26 28 28 28 28 28 28 29 29 29 29 31 31 30 30 30 31 30 30 30 35 38 52 71 88 102 99 78 56 42 37 37 36 33 35 36 34 34 36 37 37 38 37 36 33 32 32 33 36 35 35 36 35 34 34 32 31 31 31 32 33 33 32 32 30 30 29 30 30 31 34 34 36 33 32 31 29 28 28 29 29 29 29 29 28 28 28 26 26 28 29 29 30 30 31 32 31 30 29 28 25 23 23 21 21 19 19 21 21 21 23 25 28 28 29 29 28 28 26 25 19 12 7 5 6 
2 2 1 1 1 13 33 59 84 89 73 54 44 42 36 30 29 28 24 19 16 16 16 16 15 15 14 14 14 15 16 16 17 18 20 20 22 22 23 24 26 26 26 26 26 26 26 26 28 29 30 30 30 31 31 30 30 31 31 32 32 42 59 85 106 116 110 90 66 47 39 38 36 35 36 34 34 36 36 34 36 38 38 37 37 34 33 33 34 36 36 36 36 36 36 33 32 31 31 31 32 33 33 33 33 31 30 30 30 30 32 33 34 36 34 33 31 29 28 28 28 28 29 29 29 28 28 28 26 28 29 29 30 30 32 32 32 31 30 29 28 26 23 22 22 22 22 22 22 22 22 24 26 28 28 29 29 28 25 25 24 21 11 7 6 6 
2 2 2 1 3 5 9 24 43 49 44 37 33 33 31 28 28 26 25 22 19 17 16 16 17 17 16 16 16 16 18 18 19 21 20 22 22 23 23 24 24 26 25 26 26 26 26 25 28 28 29 30 30 29 29 30 31 31 32 33 37 56 93 123 130 125 109 81 56 42 39 38 36 35 36 37 37 36 36 36 37 39 38 38 37 34 33 33 34 36 36 36 36 36 36 33 32 31 31 31 32 33 33 33 33 31 30 30 30 30 32 33 34 36 36 33 31 29 28 28 28 28 29 29 29 28 28 28 26 28 29 29 29 30 32 32 32 32 30 29 29 28 25 23 23 23 23 23 23 23 24 25 26 28 29 29 28 25 24 24 23 19 11 6 4 5 
2 2 3 3 3 2 5 9 21 18 19 18 22 27 29 26 25 25 25 24 21 18 17 17 17 17 18 18 18 18 19 20 22 23 21 21 21 22 23 23 23 24 25 25 26 25 25 25 26 28 29 30 30 30 30 30 30 30 33 36 43 70 120 149 137 113 85 58 47 39 39 38 36 36 34 36 36 34 34 36 37 38 37 37 37 34 33 32 33 36 36 36 37 37 36 33 32 31 30 31 31 33 33 33 33 32 31 29 30 29 32 33 34 36 34 33 31 29 28 26 28 28 29 29 29 29 28 28 26 26 28 28 29 30 31 31 31 30 30 29 29 28 26 25 24 25 25 25 24 24 25 25 26 26 28 26 26 24 23 23 22 19 16 10 11 5 
2 2 3 2 2 2 3 4 4 5 8 9 15 24 28 26 24 24 24 24 19 18 18 18 17 17 18 19 18 20 22 22 23 23 22 21 21 22 22 22 22 22 23 23 24 24 22 24 25 25 28 30 31 30 30 30 29 31 32 36 45 77 131 171 160 122 77 53 45 38 38 38 36 36 37 38 38 36 36 36 36 37 37 37 37 34 33 32 33 36 36 36 37 37 36 34 32 31 31 31 31 33 33 33 33 32 31 30 29 29 32 33 33 34 34 33 31 28 28 26 28 28 28 30 30 29 29 28 28 26 28 29 30 30 30 31 32 30 29 29 28 28 25 25 25 26 26 26 25 25 25 25 25 26 25 25 24 23 23 23 24 22 33 40 33 12 
1 1 1 2 1 1 1 1 1 1 3 4 11 19 25 28 24 22 21 19 19 18 18 17 17 17 17 17 18 19 21 22 22 23 22 22 21 21 21 21 21 19 19 19 22 22 21 21 23 24 28 30 30 30 30 29 29 30 31 35 45 75 129 174 181 151 96 65 46 37 37 38 36 36 36 37 36 35 35 35 36 37 35 35 36 34 32 31 33 34 38 38 37 38 36 33 32 31 31 31 32 33 34 34 34 34 34 31 30 30 32 33 33 34 33 32 31 28 26 26 26 26 29 30 30 29 30 29 28 28 28 28 29 30 30 30 31 30 29 29 30 29 26 26 26 26 26 25 25 25 26 26 25 25 25 25 24 23 24 25 25 28 49 60 48 22 
1 2 2 2 1 1 1 1 1 1 1 3 5 10 19 25 22 18 16 17 19 18 17 18 17 17 17 17 17 18 21 21 22 22 21 21 19 18 18 19 18 16 15 15 18 19 17 21 23 23 28 29 30 30 30 30 29 30 31 35 43 66 113 159 178 169 134 92 57 38 37 37 35 36 37 38 36 36 36 36 37 37 36 36 36 33 32 31 32 34 37 38 38 37 36 33 32 31 31 32 33 34 36 37 37 36 36 32 30 30 32 33 33 34 33 32 32 29 26 26 26 28 30 29 30 31 30 29 28 28 28 29 29 29 30 30 31 31 30 29 30 29 26 26 26 26 26 25 25 26 26 26 25 25 25 24 23 23 25 26 28 35 53 58 44 19 
1 2 2 2 2 2 2 2 2 2 2 3 2 4 17 24 23 17 15 17 19 18 16 17 17 17 17 17 18 18 19 21 22 22 19 17 15 14 15 15 12 11 12 13 16 16 17 20 23 23 26 29 30 30 30 30 30 30 30 35 43 58 94 136 163 173 157 124 79 51 46 42 38 36 37 38 37 37 37 35 37 38 36 36 36 33 32 31 32 34 36 35 36 36 36 34 33 32 30 31 33 34 38 39 39 38 36 31 31 31 32 33 33 34 33 33 33 31 29 29 28 29 30 30 31 32 31 29 28 28 28 28 29 29 30 31 32 31 29 28 29 27 27 26 27 27 26 25 25 26 26 25 25 25 24 24 23 24 26 28 30 39 50 45 29 12 
1 2 2 2 2 2 2 2 2 2 1 2 3 5 13 23 25 20 17 16 17 16 15 15 17 16 16 17 18 18 19 21 21 19 16 14 11 9 9 9 5 7 10 11 15 16 18 20 23 23 27 29 30 30 30 29 30 30 30 35 39 49 71 100 128 153 155 148 121 101 90 74 64 51 43 40 38 37 35 33 36 38 37 36 37 34 31 31 31 33 35 35 36 36 36 34 33 32 31 31 32 33 36 39 39 39 38 32 31 31 32 33 34 36 33 35 35 32 31 30 29 30 31 31 31 32 32 30 29 28 28 28 29 30 30 32 32 31 29 29 29 27 26 26 26 27 25 25 25 25 24 24 24 24 24 24 24 25 26 28 32 42 39 26 16 9 
1 2 2 2 2 2 1 1 1 1 1 1 3 4 8 18 26 23 17 12 11 12 14 14 16 16 16 16 16 17 18 18 18 17 15 10 8 7 5 5 5 5 8 10 13 17 19 22 25 25 27 29 30 30 29 29 28 29 30 33 37 40 52 67 88 111 132 146 153 153 142 125 110 93 77 57 47 43 35 32 35 37 38 37 37 36 32 31 31 33 36 36 35 35 33 33 33 32 32 32 32 33 36 37 38 38 38 34 32 31 31 33 34 36 35 35 35 35 33 31 29 31 32 31 32 34 34 33 31 29 28 28 29 30 31 32 32 31 30 29 27 26 26 25 26 26 25 25 24 24 24 24 24 24 24 25 25 26 26 28 32 38 21 10 8 9 
1 2 2 2 2 2 1 1 1 1 1 1 2 2 5 15 26 24 18 12 10 10 12 14 14 14 15 14 15 16 16 17 16 16 14 10 9 8 8 7 7 7 9 10 13 17 20 23 25 26 27 29 29 29 29 29 29 29 30 33 36 38 45 54 65 77 92 117 145 167 177 172 159 142 128 110 89 67 46 35 37 38 39 38 38 37 34 33 34 34 34 36 38 37 36 36 36 34 34 33 33 36 39 40 38 38 38 37 33 32 32 34 36 37 35 35 35 35 34 33 31 32 32 32 33 36 36 34 33 30 28 28 30 31 31 31 31 32 31 30 29 27 26 26 26 26 25 25 24 24 23 24 24 24 24 25 26 26 26 28 30 28 8 4 5 5 
1 1 2 2 1 1 2 2 2 2 1 1 2 2 5 12 22 22 21 15 11 11 14 14 14 14 12 12 14 15 16 17 16 16 12 11 11 11 11 10 10 10 11 12 15 17 19 22 24 25 27 29 29 27 26 28 29 29 30 32 36 36 40 46 53 58 63 87 117 150 166 167 167 172 179 173 149 120 89 65 52 46 42 39 38 37 36 35 33 36 38 38 39 39 38 37 36 36 35 35 36 38 38 39 40 40 39 37 36 34 33 35 35 36 36 36 36 36 35 32 32 32 32 32 33 35 35 33 32 30 30 30 32 32 32 32 32 32 31 30 29 28 26 26 26 26 26 26 24 24 24 24 24 24 25 25 26 26 25 26 25 18 5 3 5 5 
1 1 2 2 1 1 2 2 2 2 1 1 2 2 4 9 17 21 24 17 11 12 14 15 14 14 11 12 14 15 16 16 15 15 15 14 14 14 14 14 15 14 15 16 17 18 19 21 25 26 27 29 29 29 26 28 28 29 29 31 32 33 35 38 44 49 50 63 82 104 118 124 126 140 174 198 198 182 151 104 77 63 52 45 39 39 38 39 38 38 40 41 40 40 39 36 33 32 35 36 37 39 38 39 43 41 40 38 37 36 36 36 36 36 36 36 37 36 35 35 32 33 33 33 35 35 35 33 33 31 32 32 33 35 33 33 32 31 30 30 30 29 28 26 26 26 26 26 25 24 24 24 25 25 25 26 26 26 24 23 23 17 8 5 5 5 
2 2 1 1 1 1 1 1 1 1 2 2 2 3 3 9 15 19 25 19 14 12 15 15 15 12 11 12 12 14 16 17 16 16 17 17 17 17 16 17 17 17 16 17 17 18 21 22 26 26 27 27 27 27 27 29 28 28 29 30 30 30 30 33 38 43 46 51 58 66 74 78 79 89 114 149 172 184 175 161 150 135 107 87 66 58 51 47 45 45 43 43 42 43 42 43 42 42 39 40 42 42 43 44 45 44 40 39 39 42 43 43 42 42 40 39 38 38 38 38 37 37 37 37 37 37 38 38 37 37 36 35 35 35 33 35 33 32 32 31 31 30 29 28 27 27 26 26 25 25 26 26 26 26 27 27 28 25 23 22 19 14 9 6 4 4 
2 2 2 2 1 1 1 1 1 1 2 2 3 3 5 9 12 18 23 22 17 15 14 14 14 14 12 12 14 15 16 17 17 18 19 19 20 19 18 18 18 17 17 17 16 18 21 22 24 25 27 27 27 26 26 27 28 28 29 28 28 28 29 31 36 38 42 46 50 50 53 53 55 60 73 96 122 148 158 173 190 197 182 159 124 92 71 58 53 52 49 46 46 46 47 50 47 45 44 45 46 46 46 47 48 48 45 45 45 47 49 49 49 47 45 44 43 43 44 43 43 42 43 42 42 42 43 43 40 40 39 38 38 37 36 36 35 35 34 34 34 33 31 29 29 27 27 27 28 26 27 26 26 27 27 29 29 25 22 21 19 15 9 6 4 4 
2 2 2 2 2 1 1 1 1 1 2 2 3 3 5 8 10 17 22 29 23 17 14 12 12 14 14 14 14 15 18 19 20 22 23 22 22 20 18 19 18 18 18 18 18 21 21 22 24 25 26 26 27 27 27 27 26 26 26 28 28 28 28 30 32 35 37 40 40 42 43 45 47 47 52 64 80 103 128 153 186 214 227 211 180 136 96 73 64 58 54 51 51 50 52 54 53 53 53 54 53 51 52 52 51 51 51 51 51 52 53 53 52 52 51 50 49 49 49 49 49 47 49 47 47 46 46 46 45 44 45 44 43 40 39 39 37 37 37 37 37 37 36 31 30 29 28 29 31 30 29 26 27 29 29 30 30 25 21 18 18 16 8 5 4 4 
2 2 1 1 2 1 1 1 1 1 2 3 3 4 3 7 10 15 30 38 30 24 16 12 14 16 15 16 16 16 19 20 22 22 23 22 22 22 19 19 19 18 19 19 19 21 22 22 24 25 26 26 26 27 27 26 25 26 26 26 26 26 28 29 30 32 35 36 37 38 38 40 43 43 46 53 64 74 92 111 141 170 200 209 207 178 141 113 96 84 72 66 61 54 54 57 56 57 58 58 57 57 55 55 54 54 54 54 53 54 56 56 54 54 54 53 53 53 53 52 52 52 52 51 51 51 51 50 49 46 46 46 45 45 43 40 37 36 36 36 37 39 39 32 30 30 31 32 36 33 29 26 27 29 30 30 30 26 21 18 18 16 9 5 4 4 
2 2 2 2 2 1 1 1 1 1 2 4 6 5 5 10 20 32 56 66 57 33 23 15 15 14 15 16 18 17 19 20 22 22 23 23 22 21 19 19 19 18 19 19 19 19 22 22 24 25 26 26 26 26 25 25 24 24 25 25 24 25 26 26 28 30 33 35 35 35 37 40 40 39 40 50 65 72 74 80 92 110 136 163 186 187 175 159 145 129 108 95 88 73 65 61 60 59 58 56 53 54 54 52 51 51 52 51 52 54 54 54 54 54 53 54 54 54 54 53 53 53 52 52 51 50 50 50 49 47 47 47 46 49 50 47 45 43 44 46 49 46 43 32 26 24 28 29 31 29 29 26 27 29 31 30 30 26 21 21 19 16 9 5 4 3 
2 2 1 1 2 1 1 2 1 2 3 5 8 12 20 37 55 72 93 88 70 37 24 16 15 15 15 15 16 16 19 20 22 23 24 23 22 21 19 19 19 19 19 19 19 19 21 23 24 24 25 26 26 26 25 24 24 22 23 24 24 24 25 25 26 29 31 32 33 35 37 37 38 37 39 49 64 74 75 73 67 72 80 98 125 149 166 175 179 174 159 145 137 125 110 92 81 78 70 59 51 50 50 49 46 49 56 51 44 47 50 50 49 49 49 49 49 49 50 50 49 49 49 47 46 46 49 47 46 45 46 46 49 52 44 47 50 51 52 58 61 59 52 42 42 40 37 33 29 28 27 27 29 29 30 30 30 26 22 21 19 16 9 5 4 3 
1 1 1 1 2 3 4 5 5 5 7 10 22 41 62 82 97 102 97 78 54 25 23 15 15 16 16 15 15 17 19 19 21 22 23 22 21 19 19 18 19 19 19 21 21 19 22 24 25 25 25 26 25 25 24 24 23 22 23 23 23 23 25 26 26 29 31 31 32 33 35 33 33 36 40 50 61 71 74 73 63 57 50 46 57 80 105 131 156 171 178 178 173 169 158 141 130 114 82 71 59 52 47 43 44 45 45 45 40 44 47 47 46 46 44 44 43 43 44 45 45 45 45 45 45 47 49 47 46 45 48 50 52 50 52 74 96 115 115 127 126 122 110 87 94 90 44 37 31 29 28 25 27 27 30 30 30 26 22 21 19 16 8 5 4 3 
1 2 1 2 3 7 12 12 18 26 39 54 69 89 102 102 94 81 60 45 35 14 15 15 16 17 15 15 15 17 19 22 22 23 23 22 22 22 22 19 18 18 19 21 23 22 23 24 26 26 26 26 25 24 24 23 23 22 21 22 22 24 24 26 28 29 30 31 31 31 32 32 33 36 43 52 63 67 68 73 68 57 45 25 18 29 41 60 83 107 127 143 153 167 174 177 168 152 131 117 101 81 69 59 47 40 38 38 37 35 37 39 40 42 40 39 38 38 39 42 40 39 39 42 45 46 46 45 45 45 50 48 56 75 111 145 180 203 203 213 214 207 192 171 171 152 57 42 35 32 29 25 27 27 30 31 31 28 22 21 19 16 8 5 3 3 
1 3 3 4 8 13 25 36 49 71 97 108 100 95 85 68 52 35 14 10 11 5 8 14 16 16 16 16 16 17 17 21 22 22 23 22 22 22 22 19 18 18 19 22 22 22 24 25 26 26 25 26 25 25 23 23 22 22 22 21 22 24 25 25 26 28 29 30 30 30 32 32 34 39 44 51 54 54 53 52 56 53 43 21 7 8 11 15 24 38 54 69 86 109 124 144 150 156 157 152 143 133 125 99 79 61 58 51 42 37 37 37 36 36 36 37 37 36 36 37 36 35 33 35 35 35 38 40 40 39 52 67 99 136 174 208 223 233 248 243 233 222 219 212 194 178 110 85 56 26 15 24 25 26 29 30 31 28 22 21 19 16 9 6 4 3 
3 5 6 6 9 27 47 64 79 97 115 108 79 58 40 25 15 8 1 1 1 2 2 12 15 16 16 16 17 17 18 21 21 22 22 22 22 22 21 19 18 18 19 22 22 21 23 25 26 25 24 25 25 24 23 22 22 22 22 21 22 24 25 26 26 25 28 29 28 29 31 32 37 43 47 49 45 38 36 36 38 40 36 17 4 2 1 1 1 5 11 15 23 33 47 69 86 103 127 141 152 163 158 146 132 109 93 75 64 54 44 40 35 33 39 37 37 36 35 35 33 33 33 35 36 36 33 36 40 47 64 106 152 192 228 246 249 250 249 244 235 230 234 227 217 215 152 118 79 46 26 24 24 28 29 31 31 29 22 21 19 16 8 5 4 3 
8 9 5 10 25 50 64 71 74 80 78 61 38 22 9 3 2 1 1 1 1 1 2 10 15 16 16 17 17 18 19 22 22 23 22 21 21 21 21 18 19 19 19 22 22 22 23 24 24 24 24 24 24 24 22 21 21 19 21 21 22 24 25 26 26 25 28 28 29 29 29 31 37 43 47 47 42 33 30 27 27 29 26 14 4 2 1 1 1 1 2 1 2 3 10 22 30 38 54 78 104 125 136 152 158 155 136 117 97 79 54 34 39 39 47 39 37 34 34 36 36 36 38 41 40 38 36 40 57 81 132 180 215 229 242 246 246 247 245 240 236 234 229 235 234 231 192 150 121 103 78 70 51 31 30 33 32 30 22 21 19 17 8 5 3 3 
12 23 27 39 62 73 67 54 39 33 31 22 10 3 0 0 1 1 1 1 1 1 1 2 11 16 16 18 19 19 19 22 22 23 21 21 21 21 19 19 19 19 19 20 22 22 23 24 23 24 24 24 24 22 19 18 18 18 19 21 21 22 25 25 24 25 26 28 27 27 29 31 37 45 47 45 37 29 26 23 22 22 15 8 3 2 1 1 1 1 1 1 1 1 3 6 8 5 7 19 37 54 80 99 125 148 152 146 134 130 111 82 64 47 49 39 37 34 34 34 36 37 39 40 35 35 40 53 81 124 195 221 234 230 243 247 246 241 234 224 226 241 247 244 240 236 226 207 180 166 160 145 114 80 55 37 32 30 22 21 19 17 8 5 3 3 
42 78 97 108 104 82 57 33 14 7 8 6 3 1 1 1 1 1 1 1 1 1 1 1 2 8 16 21 21 19 18 19 19 21 19 19 19 19 19 19 19 19 18 18 18 19 21 22 22 22 23 24 23 19 18 16 17 17 19 19 21 23 24 25 24 24 26 26 26 26 30 36 40 49 50 46 37 29 28 26 24 17 9 3 2 2 1 1 1 1 1 1 1 1 2 3 3 3 1 2 2 5 24 38 67 88 116 132 155 165 155 146 101 61 58 40 40 36 36 37 36 36 37 37 39 45 61 87 123 167 220 223 226 227 230 231 227 215 185 174 185 220 245 241 231 226 227 231 226 227 232 227 189 148 107 64 43 32 22 22 21 17 8 5 3 3 
123 175 173 158 115 66 36 18 8 3 3 3 3 2 2 1 1 2 1 1 1 2 1 1 1 3 14 22 22 22 19 19 18 18 17 18 19 19 19 19 19 19 19 18 18 19 19 21 21 21 22 22 22 18 17 17 16 17 18 19 22 22 24 25 25 24 26 26 25 25 33 41 49 53 53 49 43 36 35 35 30 19 8 2 1 1 1 1 1 1 1 1 1 1 1 2 3 3 1 2 1 0 0 5 21 33 63 103 162 187 191 194 143 94 71 50 47 37 37 38 37 37 38 40 50 64 95 138 173 199 213 205 199 203 194 186 177 158 118 109 117 149 172 185 184 179 195 208 220 234 242 245 234 208 173 127 75 43 24 24 21 17 7 5 3 3 
200 219 194 153 92 40 16 7 6 4 3 3 3 3 2 2 2 2 2 2 2 2 1 1 1 3 14 21 22 22 19 19 18 17 17 17 18 19 19 18 18 18 18 18 18 18 18 18 18 19 19 19 18 18 17 17 17 18 19 21 22 22 23 23 24 25 26 27 25 29 37 46 53 58 58 53 49 44 44 43 36 23 9 3 1 1 0 1 1 1 1 1 0 0 1 1 1 1 1 1 0 0 3 4 10 27 51 79 118 159 180 191 170 143 86 54 54 39 35 39 38 38 41 48 64 91 137 176 196 195 171 151 138 139 123 110 99 82 51 49 58 79 89 95 85 87 114 134 166 191 202 222 221 205 208 180 134 77 33 26 23 20 8 5 4 4 
214 191 153 111 58 19 9 5 5 5 3 3 3 3 3 3 2 2 2 2 2 2 2 2 2 2 9 18 23 22 19 17 17 17 16 16 16 16 17 16 16 16 16 16 16 16 17 17 18 18 17 16 16 16 16 16 17 19 21 21 22 22 23 24 25 25 27 29 29 34 44 51 57 58 57 53 50 47 46 45 38 26 10 3 1 1 0 1 1 1 1 1 0 0 1 1 1 1 0 0 0 0 2 3 12 30 58 80 95 108 124 141 146 135 129 72 54 37 33 40 37 37 47 64 97 144 183 193 188 165 104 88 79 74 59 47 36 26 20 23 30 37 38 34 20 21 45 54 89 118 141 167 177 184 203 200 173 116 52 28 25 24 9 5 5 4 
158 127 88 43 16 6 4 5 5 4 3 3 4 3 3 3 2 2 2 2 3 3 2 2 2 2 10 21 25 21 18 18 15 14 14 12 12 11 11 12 13 15 15 15 15 15 16 16 17 16 15 15 14 14 14 16 16 19 21 22 22 23 24 24 26 26 26 28 31 38 50 56 56 53 51 49 46 43 42 40 37 26 8 2 0 0 1 1 1 1 0 0 1 1 1 1 1 1 0 0 0 0 1 3 12 32 52 68 74 68 71 87 107 116 107 87 61 39 33 42 57 50 72 96 144 187 193 173 132 86 56 42 38 36 32 26 21 16 17 16 16 17 17 16 16 15 15 16 22 40 68 100 120 128 152 182 188 157 89 52 41 26 8 5 4 3 
99 68 42 20 6 4 2 4 4 4 3 4 4 4 4 4 2 2 2 2 3 1 1 2 1 3 14 23 29 28 23 19 14 10 9 9 8 8 8 10 12 13 14 16 15 15 16 15 15 15 15 14 14 11 12 14 16 18 21 22 22 23 24 24 25 26 28 30 35 42 50 53 51 45 43 39 37 35 35 35 31 23 5 3 0 0 1 1 1 1 0 0 1 1 1 1 1 1 1 1 0 0 1 3 13 32 43 54 53 44 43 57 73 109 154 108 78 50 36 45 66 65 118 163 193 194 167 122 79 54 37 28 23 20 18 16 15 12 14 16 15 12 15 15 10 8 8 12 19 25 38 58 65 74 95 136 181 199 161 107 61 30 8 5 4 4 
56 46 31 17 3 2 2 4 4 3 3 4 3 3 5 4 4 4 3 4 4 1 1 2 0 2 14 26 35 33 25 19 15 11 9 7 5 7 9 10 12 13 16 16 15 16 16 15 15 14 14 11 11 11 12 14 16 18 19 21 21 22 23 24 24 25 30 33 40 46 47 45 40 35 32 30 29 29 30 30 24 18 4 2 0 0 1 1 1 1 1 0 1 1 1 1 1 1 1 1 0 0 1 3 10 23 33 35 35 35 39 46 71 123 186 149 121 71 45 48 73 86 164 207 196 159 121 84 58 46 25 19 15 14 15 13 11 11 11 12 13 11 9 11 10 8 8 12 17 18 19 30 38 47 52 80 138 195 200 142 64 26 10 7 4 4 
47 47 37 17 6 2 2 4 4 4 4 4 3 4 5 5 4 4 4 3 3 2 2 3 1 1 9 28 40 39 31 25 19 12 9 9 7 7 8 10 11 13 15 17 16 15 15 14 14 11 11 9 9 10 11 14 16 18 19 18 21 21 23 24 24 25 30 36 43 49 44 36 30 25 25 25 24 25 26 25 19 12 2 0 0 0 0 1 1 1 1 1 1 1 1 1 1 1 1 1 0 0 0 1 9 21 30 28 28 35 42 50 79 124 185 186 158 94 59 46 75 107 180 201 164 118 80 60 44 32 16 12 11 11 11 11 9 9 11 10 11 10 7 7 8 6 8 9 10 12 15 14 18 30 30 45 99 166 198 162 89 40 9 5 4 4 
57 57 44 20 10 1 1 4 4 4 4 4 3 3 5 5 3 3 4 3 2 2 2 3 1 1 10 30 47 47 37 30 25 16 12 11 10 9 8 8 10 12 13 15 15 15 15 12 11 10 10 9 9 10 11 12 15 16 18 18 19 21 22 23 27 32 36 39 45 45 39 31 25 22 23 25 29 30 29 25 17 9 2 0 0 0 0 1 1 1 1 1 1 1 1 1 1 1 1 1 0 0 0 2 10 20 25 25 25 29 45 57 75 101 159 186 167 114 66 49 79 132 185 166 120 82 61 45 31 21 8 8 9 10 10 9 9 9 11 10 8 7 5 7 7 5 8 9 10 9 4 9 10 17 23 32 61 115 173 172 123 63 8 5 5 5 
66 61 51 27 11 1 1 3 5 4 4 4 3 3 5 5 3 3 4 3 2 2 1 2 1 3 9 25 43 46 39 36 31 22 16 12 10 9 9 9 10 11 12 13 12 12 14 11 9 9 9 9 10 10 10 11 14 16 17 19 21 21 22 25 33 37 42 46 47 43 37 31 26 25 28 30 35 39 38 30 17 9 2 1 0 0 0 1 1 2 1 1 1 1 1 1 1 1 1 1 1 1 3 11 22 24 23 22 22 25 44 63 71 80 135 171 170 131 85 70 103 166 185 132 85 61 45 27 16 10 8 9 9 9 9 9 9 9 10 9 7 5 5 7 7 5 8 9 9 7 4 10 12 12 18 28 40 82 149 185 158 92 8 5 5 5 
64 60 46 23 8 1 0 3 4 3 3 3 3 4 4 4 3 2 2 1 2 2 1 1 1 2 9 18 31 40 40 38 33 25 21 16 11 10 9 8 10 11 10 11 11 11 11 10 8 8 9 7 8 9 10 11 14 16 18 21 21 22 25 31 36 43 47 51 51 44 37 33 33 33 35 38 42 47 46 37 22 9 3 2 0 0 0 0 2 2 2 1 2 2 1 1 1 1 0 1 1 3 11 25 34 30 24 22 24 33 47 60 66 66 82 111 134 131 106 106 150 193 162 96 59 44 28 16 8 7 7 7 9 10 8 8 8 9 9 9 7 5 5 5 5 5 5 8 9 10 11 11 11 12 19 29 38 79 151 199 174 94 6 5 5 5 
44 44 35 18 4 1 1 4 4 4 4 3 3 4 4 3 3 3 2 2 2 2 2 1 1 3 8 12 21 30 37 42 38 30 25 21 16 12 10 10 11 10 10 11 10 9 10 10 8 8 8 7 7 8 9 11 14 16 19 22 24 26 29 37 43 51 51 52 54 50 42 40 40 39 39 43 44 49 49 37 24 9 2 2 0 0 0 2 2 2 2 2 2 2 1 1 1 1 1 1 1 5 16 31 38 32 26 24 28 36 50 58 58 54 46 85 115 137 132 149 186 185 142 78 47 30 18 12 8 5 5 7 9 9 8 7 8 7 9 8 5 4 5 5 5 5 5 8 9 10 9 11 12 14 17 23 24 52 131 169 150 77 5 6 7 5 
24 25 24 12 4 0 0 4 5 4 5 4 4 4 4 3 3 3 3 3 2 2 2 1 1 4 10 16 19 26 36 42 39 36 33 29 21 12 10 10 10 9 10 10 9 8 9 9 8 8 9 9 9 9 10 12 16 18 21 25 31 32 35 44 51 57 57 54 57 54 47 45 44 40 38 40 42 44 44 33 21 9 2 2 1 0 1 2 2 2 2 2 2 2 2 2 1 1 1 1 1 3 17 31 38 33 26 24 29 37 48 54 49 45 44 47 87 115 148 209 212 194 113 56 36 21 15 11 7 5 8 8 9 9 9 8 7 7 7 8 7 5 5 5 5 5 5 7 8 10 10 10 11 14 16 19 22 36 103 139 118 61 28 11 11 6 
18 17 14 8 2 0 0 3 4 4 5 5 5 5 5 4 3 2 3 2 2 1 1 0 1 5 16 26 32 35 36 39 42 43 40 33 25 16 12 11 9 9 9 9 9 9 9 9 9 9 10 11 11 11 12 16 20 24 26 31 38 40 42 49 53 57 56 54 55 53 46 44 41 38 35 33 33 32 35 28 17 9 2 2 1 0 2 2 2 2 2 2 2 2 2 2 1 1 1 1 1 4 15 28 33 27 24 23 26 35 45 45 39 33 36 45 64 127 177 229 223 182 110 50 32 18 11 10 7 5 8 8 8 8 8 8 7 7 5 5 5 5 5 7 7 7 7 8 10 11 10 11 12 15 16 17 19 31 70 121 104 47 24 14 9 8 
17 16 12 7 1 0 0 3 3 4 5 5 5 5 5 4 3 3 4 3 2 2 0 0 2 10 23 35 38 36 36 39 43 44 43 37 33 25 18 16 12 12 11 11 11 11 11 10 11 12 12 14 15 16 18 22 27 32 35 37 43 45 44 49 51 51 49 47 47 45 40 37 33 31 28 28 26 25 25 21 13 6 2 2 1 1 2 2 2 2 2 2 2 2 2 2 2 2 1 2 1 4 11 22 26 24 22 22 25 33 39 33 29 28 32 42 65 124 175 231 229 184 101 42 25 13 1 7 8 8 8 8 7 7 8 8 5 5 5 5 5 5 7 7 7 7 7 8 10 11 10 12 12 14 15 15 19 33 82 145 136 77 29 17 9 9 
21 21 16 7 1 0 0 2 3 3 3 4 4 4 5 4 3 3 4 3 2 2 1 0 3 11 25 38 43 38 37 42 44 43 42 39 37 33 28 24 21 18 18 17 17 17 17 16 17 19 21 22 23 25 28 32 36 39 42 42 43 44 42 42 43 40 38 35 36 34 32 30 28 26 24 24 21 19 18 15 10 6 2 2 1 1 2 2 2 2 2 2 2 2 2 2 2 2 2 2 2 3 8 14 19 22 19 22 25 32 37 29 23 26 30 44 73 127 191 242 235 179 97 33 17 10 4 4 6 6 8 8 7 7 8 8 7 5 5 5 5 5 5 5 5 7 7 8 9 10 10 11 12 14 15 17 21 43 143 201 196 141 54 22 12 5 
33 33 23 12 4 0 0 1 2 2 3 3 2 3 4 3 3 3 2 2 2 2 1 1 4 11 19 32 40 37 33 38 36 35 33 32 31 30 30 30 29 26 25 25 26 25 25 26 28 29 31 31 31 32 35 37 38 40 42 39 38 37 36 32 30 28 25 24 23 22 23 24 26 28 26 24 23 18 16 12 7 5 2 1 1 1 2 2 2 2 2 2 2 2 2 2 2 2 2 2 2 3 5 9 14 17 18 22 26 30 33 29 24 22 32 50 79 144 209 245 224 162 87 26 13 10 6 6 5 7 7 7 7 7 8 8 7 5 5 5 5 7 5 5 5 7 7 8 9 10 10 11 12 14 15 20 18 53 182 251 249 192 101 44 20 9 
42 44 32 22 4 1 1 1 1 1 2 3 2 2 2 2 2 2 2 2 2 1 0 1 4 6 11 19 25 26 26 25 23 21 21 21 22 22 24 28 30 30 28 29 29 28 31 31 32 32 34 36 33 33 33 35 36 35 31 30 28 26 25 24 21 18 18 17 15 15 17 25 31 35 35 32 29 23 18 12 7 4 1 2 1 1 2 1 1 2 2 2 2 2 2 2 2 2 2 2 2 4 7 8 11 16 18 22 26 26 28 25 25 26 36 46 75 136 201 227 193 128 74 26 12 10 8 6 5 7 7 7 8 10 8 8 7 5 5 5 7 7 5 5 5 7 7 7 8 8 9 10 11 12 16 19 26 81 201 254 253 229 141 57 26 17 
46 48 38 25 4 1 0 1 1 1 1 1 2 2 2 2 1 1 1 1 1 1 1 1 3 5 8 10 12 12 12 12 11 10 10 11 14 16 18 22 24 23 23 24 23 24 25 28 29 29 30 30 29 29 28 26 28 25 22 21 22 22 21 19 17 17 17 17 16 16 18 26 38 44 45 44 40 35 25 18 9 4 1 1 1 1 2 2 1 1 1 1 2 2 2 2 1 1 2 4 5 10 13 13 14 16 21 23 25 26 28 28 30 37 49 52 68 109 167 202 171 104 53 24 10 8 8 6 5 7 7 7 7 8 7 7 7 5 5 5 7 7 5 5 5 7 7 7 7 8 8 9 11 12 14 19 31 95 196 244 255 226 144 56 25 18 
50 47 38 23 4 1 1 1 3 3 2 1 2 2 1 2 1 2 1 2 2 1 1 1 1 3 4 4 5 5 5 7 7 6 7 7 8 9 11 15 16 14 15 16 16 17 18 19 21 22 22 22 21 21 22 21 21 19 18 18 18 20 23 22 22 22 22 22 23 23 24 32 44 50 52 53 52 46 36 23 11 4 2 2 1 1 2 2 1 1 1 1 2 2 2 2 1 2 3 7 14 18 20 17 15 16 22 24 24 25 29 31 38 45 61 61 67 89 127 171 158 92 34 19 9 8 9 8 7 7 7 7 7 7 7 7 7 5 5 5 7 7 5 5 5 7 7 7 7 8 8 9 11 12 12 19 26 72 161 200 219 170 104 45 19 12 
48 45 32 16 3 1 1 2 3 4 3 1 1 1 1 2 2 3 3 3 3 2 1 1 3 5 9 12 11 10 8 8 9 10 11 10 10 11 11 12 12 12 14 15 16 16 16 16 16 17 17 17 18 19 18 18 17 17 18 19 22 22 26 32 31 30 31 30 30 29 28 32 42 50 52 54 56 52 45 35 19 6 3 2 1 1 2 2 1 1 1 2 1 1 2 1 1 2 3 10 20 25 23 19 16 18 23 25 26 28 30 33 42 56 63 61 64 70 81 94 101 85 29 14 9 9 8 8 7 5 7 5 5 5 5 5 5 5 5 5 7 7 5 5 5 7 5 7 7 7 7 9 10 10 11 15 26 38 103 131 138 94 11 10 12 9 
43 34 21 10 3 2 1 3 4 4 3 1 1 1 1 2 3 3 4 4 3 2 1 1 8 16 22 23 19 17 15 15 17 18 19 19 19 21 19 21 19 21 22 23 24 24 23 24 23 23 23 22 22 24 26 26 25 26 29 31 31 31 35 42 40 40 38 37 35 30 26 28 37 43 45 47 51 50 47 40 24 7 2 2 1 1 2 2 1 1 1 1 1 1 2 2 1 2 5 16 26 31 25 23 19 21 24 28 31 32 36 42 44 51 52 53 54 54 60 77 93 79 31 14 9 8 8 6 5 5 5 5 5 5 4 4 5 5 5 5 5 5 5 5 5 5 5 5 7 7 7 7 9 10 11 14 25 37 44 57 52 32 10 10 10 9 
31 23 11 6 3 2 1 3 4 5 3 1 1 1 1 1 2 3 3 3 2 1 0 2 11 25 30 29 28 26 26 26 24 26 29 28 29 30 32 32 31 32 33 36 36 37 36 37 37 37 36 37 37 37 38 38 36 36 37 38 39 39 42 45 44 44 43 39 33 29 25 24 29 33 37 39 43 43 40 33 22 7 3 2 1 1 1 2 1 1 1 1 1 1 1 1 1 2 8 19 29 31 30 26 23 24 26 30 35 40 45 49 46 45 43 42 40 38 45 65 84 72 33 15 8 6 6 5 5 6 4 4 4 4 5 4 4 4 4 4 5 5 4 4 4 5 5 5 7 7 8 6 8 9 11 15 25 36 24 25 24 29 11 10 8 8 
21 15 9 5 3 2 1 2 4 4 2 1 1 1 1 1 2 4 3 3 1 1 0 4 17 30 33 36 38 37 36 36 35 36 37 37 37 37 39 38 38 39 41 43 43 43 44 45 45 46 46 46 47 46 46 46 45 43 40 39 40 39 40 43 40 38 36 35 30 26 22 21 22 25 29 31 35 36 33 26 17 7 3 3 1 1 1 2 1 1 1 2 2 1 1 1 1 2 9 21 32 33 32 29 23 24 29 33 38 44 49 49 45 38 35 33 31 29 38 60 81 79 47 21 8 6 6 5 5 5 5 4 4 4 4 4 4 4 4 4 5 5 4 4 4 4 5 5 7 5 6 6 7 8 12 15 25 36 33 35 36 51 10 9 7 8 
11 10 7 4 2 2 2 2 3 3 1 1 1 1 2 2 2 3 3 2 1 1 1 7 19 33 38 42 42 40 39 39 39 39 39 38 38 37 37 37 36 36 38 39 39 40 40 42 43 44 44 44 44 43 44 44 43 42 39 37 36 33 31 30 29 26 25 25 24 22 22 21 22 23 25 28 31 32 29 21 10 5 2 2 2 1 2 2 1 1 1 2 2 2 2 2 1 2 8 17 29 33 32 28 23 25 33 38 40 42 45 42 36 28 26 28 28 30 39 58 82 92 73 37 10 6 8 6 6 6 5 5 5 4 4 4 4 4 4 4 5 5 4 4 5 5 6 6 8 8 7 5 9 12 19 19 23 31 40 42 40 44 9 7 5 7 
9 8 5 4 4 3 2 2 2 1 2 1 1 1 2 2 2 3 2 2 1 1 1 4 16 29 36 38 36 36 36 36 35 33 32 32 31 30 30 29 29 29 29 30 29 30 30 31 32 33 33 33 33 33 34 34 33 33 31 29 28 26 23 21 18 17 17 21 23 24 25 26 28 28 29 30 36 37 32 22 9 4 1 2 2 3 3 3 2 1 2 2 2 2 3 3 2 2 5 15 24 30 30 29 26 30 40 45 46 43 39 35 28 24 23 26 36 46 59 72 88 103 93 52 16 8 8 6 6 6 5 5 5 4 4 4 4 4 4 4 5 5 4 4 5 5 6 8 9 9 8 8 11 15 23 26 32 42 51 57 53 52 7 7 5 5 
9 8 6 6 7 3 1 1 2 2 2 2 2 2 2 2 2 2 1 1 1 1 1 3 12 19 22 24 24 24 24 24 23 23 22 22 21 21 19 19 18 17 18 18 17 18 17 17 18 19 21 21 21 22 23 24 23 23 22 18 18 18 17 16 14 12 16 23 29 32 35 37 38 38 37 38 43 45 38 30 15 6 2 3 2 3 3 3 3 3 2 1 2 3 5 4 2 3 5 16 25 26 28 32 35 40 46 50 49 40 33 30 26 28 33 42 53 67 77 79 92 108 96 56 18 8 7 5 5 7 5 5 5 5 5 5 5 5 5 5 5 5 5 5 6 6 5 7 9 9 11 13 16 19 31 44 62 75 76 89 71 53 6 6 4 4 
11 12 15 14 10 3 1 1 2 1 1 1 1 2 2 1 1 2 2 2 1 1 2 4 9 12 14 14 15 14 15 15 14 12 12 12 12 11 11 10 10 10 10 10 10 9 9 10 11 11 12 12 12 14 14 14 15 14 15 14 11 11 11 10 10 11 19 28 35 42 45 47 49 47 46 46 50 51 45 36 19 8 2 2 3 3 4 3 3 4 3 2 3 4 5 4 3 4 9 18 27 26 29 37 43 47 47 45 38 30 24 22 24 32 49 57 63 68 73 75 89 103 93 60 22 8 7 5 7 8 7 7 7 7 5 5 5 5 5 5 5 5 5 5 6 6 7 8 9 11 16 19 25 29 40 54 68 78 88 95 72 53 5 5 3 4 
19 22 28 21 10 3 2 1 1 1 1 0 1 1 1 2 2 3 2 2 1 1 2 3 5 8 8 11 11 9 10 8 7 7 7 7 7 7 6 6 6 6 7 7 8 8 8 9 8 9 10 10 13 15 14 12 12 12 14 12 10 10 10 10 11 15 20 30 37 46 50 52 52 52 53 52 53 52 49 39 24 11 3 2 2 2 4 4 5 5 3 3 3 3 3 3 3 4 11 21 30 32 37 44 50 47 42 36 29 24 22 19 26 40 54 63 64 64 66 65 73 89 97 71 32 9 8 7 8 9 8 8 7 7 5 5 5 5 7 7 7 7 5 5 5 5 8 9 11 13 15 23 31 33 36 52 71 85 86 97 79 61 5 5 4 4 
29 32 33 22 12 3 2 1 1 0 0 0 1 1 1 2 2 3 2 2 1 1 2 3 8 9 8 9 9 9 8 7 7 7 5 5 5 4 5 5 6 6 7 8 9 9 9 10 10 11 14 17 20 22 21 21 19 16 16 16 14 14 12 12 15 15 17 25 35 43 47 51 51 51 51 51 48 47 45 38 23 11 3 2 1 2 4 4 5 5 3 3 3 3 3 3 3 5 16 24 32 39 44 47 50 44 36 29 23 21 24 29 35 45 54 58 57 56 54 53 57 72 87 72 39 16 9 9 9 10 9 8 7 7 5 5 7 7 7 7 7 7 5 5 5 7 8 10 12 15 17 35 40 44 45 59 80 95 90 100 81 65 5 5 4 4 
37 38 36 24 12 3 1 1 1 0 0 0 0 1 1 1 1 2 2 2 1 1 4 13 20 18 16 15 12 12 12 11 10 9 9 9 8 8 7 6 5 7 10 10 12 13 11 12 15 17 18 24 32 31 30 31 29 24 19 18 18 18 17 16 16 15 17 23 28 35 40 44 46 44 44 42 40 39 38 35 23 11 4 2 1 1 3 5 3 3 3 2 3 3 3 2 4 8 18 28 37 44 46 46 43 36 28 22 19 21 28 37 42 45 47 49 49 47 44 42 45 62 82 71 43 22 10 10 10 10 10 9 8 8 7 7 7 7 7 7 7 5 5 5 7 7 9 10 12 18 25 40 45 49 53 70 93 103 92 99 80 63 6 6 3 4 
37 39 37 25 10 3 1 1 1 0 0 0 0 0 1 1 1 2 1 2 1 3 9 20 29 25 22 22 19 18 17 17 15 14 15 12 11 10 8 6 5 7 10 11 13 15 15 12 12 15 19 26 33 35 35 37 33 26 21 16 17 18 18 18 17 15 15 18 22 26 32 37 38 36 36 35 32 31 32 30 21 10 3 2 1 1 3 4 2 2 2 1 2 1 2 2 4 9 17 26 36 43 43 40 35 28 22 17 18 23 30 35 36 38 38 38 38 38 37 33 38 52 81 71 45 26 14 10 10 11 11 9 8 8 8 8 7 7 7 7 7 7 7 7 8 9 10 12 15 26 35 42 44 51 64 84 103 94 89 95 74 54 6 6 3 4 
31 32 30 19 7 2 1 1 1 0 0 0 0 1 1 1 1 1 1 1 1 4 11 20 28 24 22 21 22 21 16 14 16 17 18 21 16 9 9 6 6 6 9 10 12 12 13 12 12 14 15 21 25 26 29 32 30 23 18 14 12 15 16 16 16 12 13 16 19 21 27 31 30 29 29 29 26 25 26 25 18 11 3 2 1 1 1 3 2 3 2 2 2 1 2 3 5 11 17 24 30 35 35 30 24 22 17 16 19 23 26 29 29 30 30 31 31 32 32 37 42 46 85 85 59 32 15 14 11 10 10 9 8 8 7 7 7 7 7 7 8 8 7 8 9 10 12 15 18 31 39 43 45 54 75 90 95 77 85 90 70 50 5 5 3 4 
23 24 18 12 4 2 0 0 0 0 0 1 1 1 1 1 1 1 1 1 1 5 12 20 25 22 21 18 17 17 11 9 11 14 17 21 17 10 9 6 6 6 9 10 10 11 11 12 11 12 12 15 18 18 22 24 22 19 16 11 11 11 12 12 12 12 12 15 16 17 23 26 25 26 25 24 23 23 24 25 18 11 3 1 1 1 1 2 2 2 2 2 3 2 2 2 5 13 19 25 28 28 25 21 17 16 15 16 21 23 25 25 25 24 25 28 30 31 36 44 47 54 97 103 82 46 19 14 11 10 10 9 8 8 7 7 7 7 7 8 8 8 8 8 10 12 15 17 23 35 44 46 51 60 80 82 75 64 79 86 66 46 5 5 3 4 
16 16 12 8 2 1 1 0 0 0 0 1 1 1 1 1 1 1 1 1 1 4 10 18 19 19 20 19 17 15 12 10 10 15 17 18 16 10 8 7 8 8 9 9 9 9 9 9 10 10 12 14 14 15 16 17 16 15 14 12 12 12 10 10 11 12 12 13 13 16 19 23 26 28 25 22 19 21 25 26 22 12 3 2 1 1 2 2 2 2 2 2 2 2 2 2 5 12 21 23 24 22 18 16 15 14 16 18 19 21 23 23 22 21 22 25 32 37 42 53 59 66 113 121 102 65 29 15 11 11 11 9 7 7 5 7 7 7 7 7 7 8 8 8 12 15 16 22 29 39 50 53 54 65 73 75 74 71 75 79 63 42 6 5 3 3 
14 12 8 4 2 1 0 0 0 1 1 1 0 0 1 1 1 1 2 3 3 5 11 18 18 18 19 19 18 15 15 15 15 16 17 17 12 9 8 8 8 8 8 8 8 9 10 10 10 11 11 15 16 16 18 17 14 13 12 12 12 12 12 12 13 15 12 13 13 15 19 24 31 31 26 22 18 21 26 29 24 13 4 2 1 1 2 2 2 2 2 2 2 2 2 2 6 13 19 21 18 13 11 11 12 14 16 19 21 17 18 19 21 22 28 37 44 50 54 65 70 75 120 136 117 77 37 18 11 11 16 8 7 5 5 7 7 7 7 7 7 8 8 9 13 16 17 24 32 44 58 61 63 68 73 73 72 71 71 73 59 39 6 5 3 3 
12 10 4 4 2 2 0 0 1 1 1 1 1 1 1 2 2 2 4 8 11 15 15 18 19 19 19 19 20 18 17 18 17 18 19 18 15 11 9 8 8 6 8 8 8 8 9 11 12 12 12 17 23 23 23 21 15 13 13 12 12 14 15 16 16 16 16 14 12 15 19 25 35 37 31 22 17 21 28 31 28 16 5 4 2 1 1 2 2 2 2 2 2 1 1 3 8 15 17 17 15 11 10 11 12 15 18 22 22 22 24 28 29 32 37 46 54 59 66 72 75 86 109 137 141 101 52 19 10 9 10 8 5 5 5 5 7 7 7 7 7 7 8 9 13 16 17 21 28 43 63 68 67 73 76 74 71 68 68 71 58 37 8 5 3 4 
14 9 7 4 2 1 0 0 1 1 1 1 1 2 2 1 2 5 12 17 21 22 21 21 23 24 24 25 25 25 25 24 23 24 24 22 20 18 12 8 5 8 8 8 8 8 10 12 16 15 16 24 31 30 30 28 21 16 14 13 14 16 19 22 23 23 18 15 12 14 18 24 36 39 35 25 19 22 28 32 29 17 7 4 2 1 2 2 2 3 2 3 1 1 1 2 8 13 16 14 13 15 15 16 16 18 23 26 31 36 39 42 45 49 51 58 63 67 67 66 71 80 95 117 125 92 45 18 10 9 10 7 5 4 4 5 5 5 5 5 5 7 8 9 15 18 17 22 29 43 61 67 71 79 85 83 74 68 67 70 59 36 9 6 4 4 
16 11 9 5 2 2 0 0 1 1 1 1 1 2 2 3 4 8 19 22 22 23 23 23 24 25 27 29 29 28 26 28 28 29 29 26 25 24 19 16 10 12 10 9 11 13 17 18 22 22 25 33 38 37 38 33 28 23 18 15 16 19 22 24 29 28 21 15 12 12 15 21 33 38 36 27 22 22 29 33 28 17 8 4 1 1 3 3 3 4 2 2 3 2 1 2 5 11 14 11 12 16 19 24 28 32 36 39 45 50 52 52 53 54 56 57 59 60 57 53 54 61 75 95 106 81 42 14 9 10 8 5 5 4 4 5 5 5 5 5 5 7 9 11 16 19 17 21 28 42 57 72 82 89 90 87 78 72 67 68 59 33 9 5 4 4 
17 15 12 7 2 2 0 0 0 1 1 1 1 1 3 9 11 12 18 17 17 17 18 20 24 26 29 27 28 28 26 28 29 29 30 29 29 28 25 24 18 19 16 15 17 22 23 25 26 28 33 42 44 42 43 39 35 28 21 17 18 22 24 28 31 28 21 15 12 12 14 18 29 32 32 27 22 24 27 31 25 17 9 5 2 1 3 4 4 4 3 2 3 3 2 2 5 12 15 15 18 20 26 34 43 47 49 51 54 56 56 56 54 53 52 50 47 46 44 40 42 47 63 80 93 78 39 10 5 8 7 4 4 3 3 3 4 4 4 4 5 7 9 11 16 19 17 22 28 39 54 71 71 86 97 94 88 87 81 73 52 30 10 4 4 4 
17 15 15 8 3 2 0 0 0 0 1 1 1 1 3 6 11 13 10 11 12 13 15 18 22 25 25 24 25 25 25 25 26 28 29 29 30 30 31 30 25 25 23 22 23 25 26 28 31 33 38 44 45 44 45 43 39 31 23 18 18 22 25 28 30 25 18 14 12 12 14 17 24 26 26 23 23 24 25 28 24 16 8 6 2 2 3 4 4 4 4 4 2 2 2 3 7 15 17 18 22 28 36 44 52 54 53 54 54 53 51 49 47 47 46 44 42 36 35 32 33 39 57 77 88 68 31 6 2 5 5 4 3 3 2 3 4 4 4 4 4 5 8 12 16 18 18 23 29 38 54 65 72 96 117 115 110 103 87 75 56 30 12 2 4 4 
15 15 14 10 4 2 0 0 1 1 1 1 1 2 2 2 4 6 4 5 9 11 12 13 16 17 17 19 21 21 22 23 23 24 26 29 30 31 33 32 30 30 30 29 29 30 29 29 32 34 38 42 43 44 45 43 38 31 24 17 16 22 25 26 26 22 16 12 12 12 12 15 19 19 21 21 22 23 23 24 22 15 8 6 2 2 3 4 4 4 4 4 2 2 2 2 8 18 21 25 29 36 42 50 52 51 50 47 44 40 38 37 36 36 35 35 32 30 29 26 28 37 56 74 88 74 38 5 1 3 4 3 3 3 2 3 4 4 4 4 4 5 6 11 13 17 16 21 28 37 49 65 101 132 129 135 138 132 109 89 65 30 16 4 4 4 
15 14 12 9 4 2 0 0 1 1 1 1 1 1 2 2 2 2 2 3 5 5 8 9 9 9 11 14 14 14 17 18 19 21 23 25 28 30 31 31 32 32 33 33 31 31 29 28 30 32 33 37 38 38 39 37 32 27 23 17 15 19 22 22 24 18 14 12 11 12 12 15 17 17 18 18 20 20 20 22 21 15 10 7 4 3 1 2 4 4 3 2 2 2 2 4 11 21 24 31 36 38 40 44 45 42 37 35 32 29 28 29 28 26 26 28 29 28 28 30 33 42 56 73 96 96 53 7 3 4 4 3 2 2 3 3 3 4 3 3 4 3 4 5 10 12 11 15 23 31 37 67 109 157 166 173 171 158 130 106 78 34 17 9 3 3 
18 16 14 9 3 1 0 0 1 1 1 1 1 1 0 1 0 0 1 1 2 1 2 3 3 4 4 5 8 10 11 14 15 16 18 21 23 26 28 30 30 31 32 33 32 30 28 29 29 29 29 29 29 29 30 27 24 23 19 15 13 17 18 18 20 17 14 12 12 12 14 15 15 16 17 17 19 18 17 22 23 17 11 8 4 4 2 3 4 4 3 2 2 2 1 4 12 22 29 30 32 33 32 32 30 28 24 23 23 23 24 26 25 24 24 26 29 31 37 43 49 54 65 87 116 114 65 19 7 4 3 2 2 2 3 3 3 3 3 3 2 2 3 3 6 8 9 11 17 23 34 60 99 170 208 207 198 186 149 125 96 43 17 10 3 4 
24 18 14 8 4 2 1 0 1 1 1 1 1 1 0 1 0 0 1 1 1 1 3 3 2 3 3 3 4 7 10 11 10 11 14 17 19 23 26 29 28 29 30 31 31 30 28 28 30 26 27 25 19 21 21 19 18 16 16 13 14 14 15 16 19 18 15 12 14 14 15 16 15 15 16 18 17 16 16 21 26 22 16 10 4 3 3 3 1 1 2 2 2 2 3 7 14 23 29 25 22 22 22 21 17 16 16 16 18 24 26 28 29 29 30 32 35 39 45 53 57 57 66 81 102 108 81 43 10 4 2 2 2 2 3 3 3 3 3 2 1 1 2 2 3 4 4 8 11 17 24 43 81 156 209 224 238 234 196 171 143 74 22 2 3 3 
31 24 17 11 8 4 1 0 1 1 1 1 1 0 0 1 1 1 1 1 1 2 3 3 3 3 3 3 5 8 9 9 9 10 12 15 16 18 22 24 25 26 28 30 30 29 29 30 30 26 26 23 15 15 15 14 16 16 14 13 14 13 14 18 22 23 19 15 12 14 18 19 17 16 17 19 18 17 18 23 29 25 18 11 5 4 2 3 1 1 2 2 2 2 3 8 16 24 24 21 16 14 14 14 14 15 16 18 22 29 33 36 40 44 45 47 49 56 61 66 66 67 77 87 107 117 89 45 16 4 3 2 2 2 2 3 3 3 2 2 1 1 1 2 2 3 3 5 9 15 18 25 58 123 170 208 238 243 236 210 171 90 28 5 3 4 
36 30 23 14 9 5 1 0 2 2 2 2 2 2 1 2 2 2 4 4 4 5 4 5 6 6 6 8 10 11 10 11 11 12 12 12 14 14 16 18 22 22 24 28 29 28 29 31 32 29 28 19 12 12 10 12 18 18 14 12 12 13 16 24 30 30 26 18 15 17 21 22 19 17 19 22 21 19 21 25 30 25 18 11 6 4 2 2 1 1 2 1 3 3 3 9 17 21 21 19 18 17 17 18 21 24 25 28 32 39 45 50 53 57 58 58 58 66 71 68 66 67 74 86 104 111 85 42 16 3 3 2 3 3 2 3 3 3 2 2 1 1 2 2 3 3 4 4 7 10 14 17 30 75 118 175 222 237 246 241 208 114 29 5 4 5 
35 31 25 17 10 5 2 1 3 3 3 4 3 4 4 7 7 7 9 9 9 10 10 11 12 11 12 12 13 15 15 16 16 16 14 14 14 15 17 19 21 22 24 26 29 29 31 34 35 33 30 21 13 13 11 16 23 23 17 12 12 14 21 32 39 38 32 20 16 18 23 24 21 19 21 23 22 21 21 26 30 26 17 11 6 4 2 1 1 1 1 2 3 3 5 11 18 21 21 21 22 24 25 29 32 36 37 39 44 49 54 58 60 61 63 63 64 66 66 61 59 59 64 72 86 93 73 33 11 5 2 3 3 3 3 3 3 3 4 3 3 2 3 3 3 4 4 4 4 5 9 10 18 60 88 132 192 227 238 244 223 129 24 3 4 5 
26 26 22 17 10 7 4 3 4 4 5 6 8 9 9 10 10 11 14 14 14 15 16 16 17 17 17 16 17 19 19 20 20 20 18 17 17 18 18 22 24 25 26 29 31 31 33 36 38 36 32 27 22 17 15 21 29 28 18 12 12 15 23 37 45 44 36 23 18 19 23 25 22 21 20 22 21 21 20 24 29 26 17 12 8 4 1 1 1 1 2 3 2 2 5 14 21 23 24 24 25 31 35 38 44 45 45 47 52 56 57 58 58 58 59 59 60 58 54 51 51 50 52 56 67 81 68 32 11 5 3 3 4 4 2 3 3 4 4 4 4 4 4 4 4 4 5 5 5 4 7 11 17 42 62 87 145 193 222 242 239 141 15 3 5 5 
18 19 16 14 10 9 8 5 8 8 9 10 10 11 12 12 14 14 15 16 16 17 18 18 19 19 18 20 21 22 23 23 24 25 22 22 23 23 23 24 26 26 29 30 32 33 35 37 39 37 36 33 29 23 19 26 33 31 22 12 13 17 24 37 44 41 36 23 18 19 23 24 22 18 17 17 18 18 18 20 25 23 16 12 8 4 2 1 1 1 2 1 2 3 9 17 23 26 30 32 35 38 42 46 50 50 51 51 51 52 52 51 50 49 49 47 46 45 42 39 39 39 40 43 54 75 65 37 17 4 4 3 5 4 2 4 3 4 4 5 7 7 8 9 9 9 9 8 6 6 8 13 21 28 50 69 107 149 192 226 226 155 16 5 5 5 
11 12 10 11 14 15 12 11 11 10 11 11 11 12 14 14 15 15 15 15 15 16 17 17 17 17 17 18 18 19 21 23 23 23 24 24 24 24 24 25 26 26 30 31 31 33 36 37 39 39 38 38 36 29 27 31 35 30 21 12 13 17 23 32 36 35 30 22 17 18 23 25 23 18 13 15 16 15 15 16 19 19 16 12 8 4 3 1 1 1 1 1 2 4 12 21 28 32 33 40 44 44 40 42 44 45 47 47 46 44 42 40 39 38 37 35 33 31 32 31 31 33 36 39 49 71 68 51 30 10 11 9 7 4 6 6 4 8 8 9 11 16 18 17 18 22 19 12 12 14 12 13 18 28 46 59 80 102 142 193 208 149 12 4 5 5 
11 11 15 17 19 21 19 16 16 14 12 14 14 14 15 14 14 15 15 14 12 11 13 13 13 13 15 15 15 16 17 21 22 22 24 24 24 23 23 24 24 26 29 30 31 32 33 36 39 39 39 40 39 32 32 37 35 26 19 12 14 17 22 26 28 28 25 19 17 18 23 24 22 15 12 13 13 13 13 14 16 16 16 13 10 4 3 1 1 1 0 1 1 5 16 25 31 36 38 40 45 45 37 33 33 35 37 37 36 33 32 31 30 29 28 26 25 25 29 29 30 35 39 46 56 81 93 81 46 22 20 17 11 9 8 3 4 10 10 12 19 22 24 24 25 28 26 24 22 21 15 11 16 31 44 42 58 73 103 142 155 106 10 4 5 5 
18 18 19 22 24 24 23 22 18 17 16 16 15 14 15 14 12 14 12 11 9 9 8 8 8 9 9 11 10 11 15 17 18 19 21 22 22 22 22 22 23 24 26 28 29 30 32 35 37 38 39 39 38 37 37 38 36 29 19 16 17 19 21 23 23 23 21 17 18 21 23 25 19 14 12 12 12 12 12 14 16 16 15 12 10 5 2 1 0 0 0 0 1 5 18 25 32 38 39 39 36 33 31 28 26 28 28 28 26 26 26 26 25 25 25 25 27 29 30 33 39 47 51 54 68 99 122 119 85 47 30 22 18 18 17 9 4 11 10 10 22 26 30 33 33 34 31 26 18 19 28 33 37 40 45 47 52 56 54 53 45 26 8 4 3 4 
24 24 22 21 24 24 22 19 18 18 16 16 16 14 14 12 10 9 8 6 4 4 3 3 3 3 3 5 5 7 9 11 14 16 16 16 17 18 21 21 21 22 25 26 26 28 30 33 35 36 37 38 38 38 40 39 36 30 23 21 21 19 19 21 22 20 18 17 18 21 23 24 22 16 14 13 12 10 12 14 17 17 15 14 11 8 2 1 0 0 0 0 1 8 18 24 29 33 33 31 26 25 23 22 23 23 24 24 25 28 29 30 30 30 31 31 34 37 39 46 54 61 65 68 81 115 147 154 121 75 50 33 28 30 32 22 12 11 14 18 28 31 38 43 43 43 40 39 33 32 38 43 45 46 49 52 56 58 57 56 50 28 6 4 3 3 
32 29 26 24 22 19 19 18 17 17 17 16 15 12 11 8 5 4 2 2 2 2 0 1 1 1 1 1 2 3 4 5 8 9 10 11 14 16 17 19 18 19 23 24 24 25 28 30 32 33 35 36 37 38 39 38 36 31 27 26 23 21 19 18 19 19 22 19 17 19 22 25 27 24 18 15 12 11 11 15 18 18 16 15 13 8 2 1 0 0 0 0 2 10 19 23 26 27 25 24 22 21 21 21 23 24 25 28 30 33 37 38 39 37 38 42 45 47 53 59 63 65 70 73 80 113 159 169 135 88 64 41 38 40 41 34 25 22 22 26 34 39 46 47 49 51 50 49 46 46 51 53 52 51 53 54 57 57 58 57 51 29 8 4 3 3 
32 29 29 24 17 16 17 17 16 16 16 14 11 10 8 4 3 3 2 2 2 2 2 2 2 1 2 2 3 3 4 7 8 9 10 12 15 15 16 18 19 19 22 23 24 26 26 29 32 32 32 35 37 37 38 37 35 32 33 31 26 22 22 21 21 21 22 20 17 18 22 27 32 30 24 21 16 12 12 15 19 19 18 16 16 10 3 2 0 0 0 0 2 8 12 16 19 22 19 19 19 19 22 25 30 33 35 38 42 45 47 50 51 50 51 53 56 58 61 61 61 64 66 66 70 95 135 152 135 89 67 45 43 47 47 44 37 33 31 33 38 44 49 49 50 51 51 50 49 49 50 51 51 52 53 54 57 57 57 58 52 29 8 6 3 3 
28 24 24 18 16 15 15 15 14 14 12 10 8 7 5 4 3 4 3 3 4 5 4 4 4 4 5 5 7 9 14 15 15 15 15 15 16 16 18 19 21 22 23 24 26 28 29 30 32 30 32 35 36 36 36 38 36 35 34 32 26 23 24 22 23 23 22 22 17 15 20 29 36 36 30 24 18 14 13 15 19 21 21 18 18 11 4 2 1 1 0 0 2 8 11 15 17 21 21 22 23 26 30 35 40 43 46 50 52 54 57 59 59 60 59 58 57 57 56 54 53 54 54 53 54 73 104 122 114 81 61 46 43 47 46 45 43 39 38 39 42 44 47 49 51 53 54 53 52 52 53 53 53 54 54 54 54 56 58 60 54 30 8 6 4 3 
19 18 17 15 15 15 14 14 11 10 10 7 4 4 4 5 5 7 7 8 10 10 9 9 9 9 10 10 11 14 19 22 21 19 18 18 18 19 19 21 22 23 24 26 28 29 29 30 31 31 31 33 33 34 34 37 39 37 34 31 28 25 23 22 21 21 22 23 18 17 22 32 38 38 33 27 23 17 15 14 18 22 22 19 18 12 4 2 1 1 1 0 4 14 18 18 22 25 28 31 36 40 42 45 49 50 53 57 57 57 57 56 56 56 54 51 46 45 43 42 42 42 42 43 45 58 85 104 104 81 60 47 43 45 45 44 43 43 42 43 44 45 47 49 51 54 54 53 52 52 54 54 54 54 54 54 54 54 57 59 52 24 6 5 4 3 
14 14 14 14 13 12 12 12 10 8 7 5 4 4 7 8 9 9 10 10 10 10 11 11 9 9 10 12 12 15 19 19 21 22 22 22 22 22 23 23 22 24 26 28 28 29 30 31 31 31 31 31 31 33 33 35 38 37 33 31 30 28 24 22 18 15 20 23 22 22 25 34 36 35 33 29 25 20 16 14 18 23 22 18 16 10 4 2 0 0 0 1 5 19 26 24 26 31 32 36 42 45 46 49 50 50 49 50 50 47 45 44 43 44 43 37 35 35 32 33 36 39 44 49 51 61 87 112 117 90 61 46 44 43 44 45 44 45 45 46 47 47 49 50 52 54 53 52 52 52 53 53 53 54 54 54 55 55 55 59 51 31 5 5 4 3 
10 11 12 12 15 11 12 12 8 7 5 7 7 7 9 10 10 11 11 11 11 10 11 10 10 10 11 11 11 14 16 16 17 18 19 19 21 22 23 22 22 23 25 26 28 29 30 32 31 32 31 31 31 31 32 35 36 36 35 32 30 28 22 16 12 12 17 19 21 23 25 31 31 30 30 26 24 19 17 14 16 18 16 12 10 8 4 2 0 0 0 1 5 17 25 25 29 31 30 33 37 38 40 39 38 38 36 35 33 31 31 32 32 33 31 29 30 33 37 38 43 50 57 63 65 74 95 122 133 107 68 53 45 41 43 45 46 47 47 49 50 51 50 51 53 54 52 52 52 52 53 53 53 54 54 54 55 55 55 58 51 30 11 6 5 4 
12 12 11 12 15 11 11 11 9 8 7 8 10 11 11 11 11 11 11 10 10 9 9 9 11 11 10 11 11 12 12 12 14 15 16 17 19 21 21 21 22 24 25 25 28 29 29 31 31 30 31 31 31 30 31 33 33 33 35 33 29 26 19 11 8 9 10 14 18 24 27 29 25 24 23 22 20 19 16 15 15 15 12 10 7 6 4 2 0 0 0 2 3 9 18 21 24 24 23 25 29 29 30 27 26 26 25 25 25 24 26 31 32 33 35 35 38 44 49 56 61 67 70 74 79 86 97 125 139 120 79 56 44 40 44 46 47 49 50 51 52 51 53 53 54 55 53 53 53 53 52 52 53 53 55 55 57 57 54 58 51 30 8 6 7 5 
17 17 12 15 17 11 11 12 12 11 10 11 12 12 12 12 11 11 11 10 10 10 11 11 12 12 11 11 11 11 12 14 15 16 18 18 18 18 19 19 22 24 24 26 28 29 29 30 30 29 30 30 30 30 31 31 31 31 32 31 26 23 18 9 7 6 7 9 14 17 22 24 21 19 18 17 17 16 14 14 13 13 10 9 7 6 4 2 0 0 0 2 3 5 10 14 15 15 16 17 19 20 22 23 22 22 25 30 31 31 36 40 43 46 47 49 53 54 58 64 71 81 85 87 90 93 101 120 129 111 73 54 44 42 46 50 50 50 50 51 52 52 53 53 54 55 53 53 53 53 52 53 53 54 55 55 57 57 56 58 52 29 14 8 5 4 
21 21 16 16 18 16 14 14 15 15 15 15 15 14 14 14 11 10 10 11 12 12 12 14 15 14 14 12 15 15 16 18 20 22 21 19 18 17 19 20 22 23 24 26 27 29 29 29 29 29 30 30 29 29 31 30 29 30 30 29 22 18 14 5 4 3 5 6 9 13 14 16 15 15 15 15 15 14 14 14 12 12 11 9 6 6 4 1 1 1 1 1 3 5 9 12 15 16 17 18 19 21 22 26 30 31 36 39 40 43 46 51 52 53 55 55 54 54 57 57 71 90 95 96 98 98 103 109 109 96 63 51 46 45 49 53 52 52 52 52 54 54 54 54 54 55 55 54 53 52 53 54 54 56 57 57 57 57 58 59 54 40 30 19 11 6 
25 25 19 17 18 17 16 16 15 16 16 16 15 15 14 12 11 10 9 10 10 11 14 14 14 16 16 15 17 19 22 24 24 23 21 21 21 19 20 22 23 24 26 27 27 27 28 28 28 29 30 29 29 28 28 28 26 26 26 25 18 14 10 3 2 2 3 4 5 9 10 11 12 15 17 18 18 16 16 15 14 14 12 10 8 8 4 1 1 1 1 2 2 4 8 16 19 22 23 24 26 30 35 39 42 43 46 51 51 51 52 52 52 52 51 47 43 40 41 45 61 87 101 101 100 96 92 89 80 74 56 47 46 48 52 56 53 52 52 53 55 55 55 55 55 55 55 55 54 54 54 54 54 56 57 58 59 59 59 59 58 56 56 38 17 6 
31 30 24 20 18 17 17 17 16 16 16 16 16 15 12 11 10 9 9 9 10 11 14 14 14 15 15 14 16 17 20 24 24 24 23 23 22 22 23 23 23 24 25 26 26 26 26 28 26 28 29 29 28 28 26 25 25 24 21 19 17 11 7 2 1 1 1 1 3 3 6 10 12 18 23 26 22 19 17 17 16 15 14 11 9 7 4 1 1 1 1 1 2 3 7 16 26 31 32 33 36 39 44 47 49 51 51 51 51 50 47 45 43 43 40 32 29 25 25 35 51 75 96 95 89 82 71 65 60 56 51 45 45 50 56 58 56 53 52 53 55 55 55 55 55 55 55 55 55 55 54 54 55 57 57 58 59 60 59 60 63 64 64 50 25 8 
29 28 24 20 18 16 16 16 15 16 16 15 15 14 11 9 9 10 9 10 10 11 11 12 12 12 12 12 14 16 19 23 23 24 24 23 22 22 22 22 22 23 23 24 25 25 25 26 26 26 27 29 28 26 26 24 25 23 18 18 16 9 3 1 1 1 1 1 2 2 4 9 12 19 29 33 28 25 22 22 22 19 16 12 9 7 4 2 1 1 0 1 2 3 7 14 25 32 36 36 38 40 40 42 43 44 44 42 39 39 38 36 33 32 29 25 24 20 19 30 44 60 75 77 74 71 58 53 51 49 45 44 45 51 57 59 57 54 53 54 57 57 55 57 55 55 55 55 55 55 54 56 57 57 58 58 59 60 59 60 70 75 56 43 25 8 
23 22 19 18 18 16 16 17 16 16 15 15 12 11 11 10 10 11 11 10 10 10 11 11 11 12 13 13 14 16 17 19 23 25 24 23 22 22 19 19 21 22 21 23 24 24 25 26 26 26 29 29 28 26 24 24 23 21 18 17 12 6 3 1 0 0 0 1 1 1 4 8 13 24 33 38 33 32 28 26 25 22 18 11 8 7 4 2 1 1 0 1 1 3 4 8 14 23 25 26 30 32 33 33 33 33 33 32 31 32 31 31 30 29 29 27 25 23 23 30 43 52 57 57 60 55 49 46 45 46 46 45 47 51 56 58 56 54 53 54 56 56 54 56 54 54 55 55 55 55 55 57 56 56 57 57 57 58 58 58 66 66 42 25 17 11 
19 18 17 17 16 16 16 16 16 16 15 14 12 12 14 14 12 12 12 11 11 10 11 11 11 12 12 13 14 16 17 19 23 25 26 24 22 22 19 19 21 21 21 22 24 24 25 26 28 28 29 29 28 26 25 24 22 19 17 14 9 4 2 1 0 0 1 1 1 1 3 6 12 25 35 39 37 37 32 32 29 24 18 10 8 6 4 2 1 0 0 0 1 2 2 3 7 14 17 18 21 24 26 28 28 29 29 29 29 29 29 29 29 29 30 29 28 26 26 31 39 47 57 56 55 52 46 43 43 44 47 47 49 51 56 57 56 54 53 53 56 56 56 56 56 56 57 57 57 57 57 57 56 57 57 57 57 57 58 56 40 26 19 10 9 9 
18 18 16 17 16 16 16 16 16 15 16 15 15 15 15 15 14 14 14 11 11 10 10 11 11 12 12 12 14 16 17 21 24 25 28 24 23 22 19 19 21 21 21 21 23 25 25 28 28 28 29 29 26 26 26 24 21 17 16 11 6 3 2 1 0 0 0 1 1 1 2 5 12 24 34 40 39 40 36 37 35 28 21 10 8 8 5 3 2 1 1 1 1 2 2 2 4 12 15 15 17 22 23 24 25 28 29 30 29 29 29 29 29 29 29 28 28 29 29 33 41 47 56 54 50 47 44 42 39 45 46 47 51 51 54 56 54 56 54 54 54 56 56 56 56 56 56 56 56 56 57 57 56 56 56 56 57 57 57 53 38 17 6 6 4 6 
17 18 17 17 17 16 17 17 16 17 17 17 17 17 16 16 16 15 14 11 11 10 11 12 12 14 14 15 16 18 19 23 26 26 28 26 23 19 16 17 19 19 18 19 22 23 25 26 26 26 29 29 26 25 25 22 19 15 12 8 4 3 2 1 0 0 0 0 1 1 2 4 12 24 33 40 40 40 37 37 36 26 19 10 9 8 5 2 1 1 1 1 1 1 2 2 4 10 12 14 17 21 22 23 25 25 28 30 29 29 29 28 28 29 28 28 28 30 31 36 47 50 52 52 46 39 40 42 43 44 46 49 51 51 54 56 56 56 54 54 54 54 56 56 56 56 56 56 56 56 57 57 56 56 56 56 56 56 57 52 35 10 5 5 4 5 
17 17 17 18 18 17 18 19 18 19 19 19 19 18 17 17 16 15 14 12 12 11 11 14 14 15 15 17 19 22 24 27 29 29 28 26 21 15 12 12 17 18 20 22 22 21 23 24 24 24 25 25 25 25 24 22 18 15 10 4 2 1 1 1 0 1 1 0 1 1 1 4 11 22 31 36 37 38 38 36 32 27 24 13 10 9 5 3 1 1 1 1 1 1 2 3 5 9 11 14 17 21 23 24 25 26 29 30 29 29 29 29 29 29 28 29 29 31 33 39 51 50 51 47 42 36 38 43 46 47 47 49 51 52 54 56 56 56 56 56 54 54 57 57 58 58 56 56 56 56 56 56 56 56 56 56 56 56 57 51 36 18 6 5 4 5 
17 17 17 17 17 18 17 18 19 19 19 21 21 18 16 16 16 14 12 12 12 11 12 14 15 17 16 18 22 21 20 20 22 23 24 25 18 12 11 11 15 17 20 22 21 18 21 22 22 22 23 22 23 24 23 19 16 11 7 2 1 1 1 1 1 1 1 0 1 1 1 3 10 19 29 33 35 36 36 34 32 29 23 15 9 9 5 3 3 2 1 1 1 1 2 2 4 9 10 12 16 21 23 23 24 26 29 29 28 28 28 28 28 29 28 28 28 31 33 40 52 53 47 45 42 39 40 45 47 49 47 46 50 52 54 56 56 56 56 56 54 54 56 57 58 58 56 56 56 56 56 56 56 56 56 56 56 56 57 53 36 15 5 4 3 4 
18 17 17 16 16 17 17 18 19 21 21 19 18 17 16 16 16 15 14 12 12 12 12 12 14 15 17 18 20 17 12 11 15 17 21 21 18 15 13 12 16 17 17 18 17 16 18 17 18 18 17 17 18 18 15 14 12 8 4 3 2 1 1 1 1 1 0 0 0 1 1 4 11 20 28 31 33 32 33 35 33 31 29 22 13 11 10 8 8 5 4 3 2 1 1 2 4 7 9 11 17 20 23 23 24 26 27 29 29 27 26 28 28 29 28 28 28 31 33 40 54 63 43 42 40 42 43 47 49 46 44 42 46 52 54 54 54 56 56 56 54 54 56 57 57 57 57 57 56 56 56 56 56 56 56 56 56 56 57 53 36 15 5 4 3 3 
18 17 16 16 17 17 17 19 19 19 19 19 18 17 17 16 16 15 14 14 12 12 12 12 12 14 17 16 15 12 8 5 10 14 17 17 17 17 16 16 17 17 15 15 15 15 16 15 16 14 12 12 11 10 8 7 6 3 2 2 1 1 1 1 1 1 0 0 1 1 2 5 12 22 28 30 31 32 33 35 33 33 33 32 26 22 17 13 10 8 8 7 3 1 1 2 4 7 8 11 16 20 23 22 24 25 27 29 27 26 25 28 28 28 28 28 29 30 31 40 54 61 43 43 44 45 47 51 50 46 43 40 44 52 54 56 56 57 57 56 54 54 56 57 57 57 57 57 56 56 56 54 54 56 56 56 56 54 58 54 35 14 4 4 3 3 
