248 247 248 248 249 249 249 249 248 248 249 250 249 248 236 180 92 25 14 12 5 3 4 4 4 4 3 3 3 2 2 2 2 2 2 2 2 2 2 2 2 2 2 2 2 2 2 2 2 2 2 2 2 2 2 2 2 2 2 2 2 3 3 3 3 3 3 3 4 4 4 5 5 8 9 10 18 23 38 98 187 244 253 251 251 250 
247 247 248 248 248 248 248 248 248 248 249 250 248 248 234 173 86 24 12 11 5 3 5 5 4 4 3 3 3 2 2 2 2 2 2 2 2 2 2 2 2 2 2 2 2 2 2 2 2 2 2 2 2 2 2 2 2 2 2 2 2 3 3 3 3 3 3 3 4 4 4 5 7 8 10 11 19 24 39 97 185 244 252 250 251 251 
247 247 247 248 247 247 248 248 248 248 248 250 248 248 230 169 78 21 10 9 4 3 5 5 4 4 3 3 3 2 2 2 2 2 2 2 2 2 2 2 2 2 2 2 2 2 2 2 2 2 2 2 2 2 2 2 2 2 2 3 3 3 3 3 3 3 3 3 4 4 4 5 7 9 10 12 21 25 40 97 182 241 252 250 251 251 
247 247 247 248 247 247 245 245 245 245 247 248 247 244 229 163 73 19 9 9 4 2 3 4 4 4 3 3 3 3 2 2 2 2 2 2 2 2 2 2 2 2 2 2 2 2 2 2 2 2 2 2 2 2 2 2 2 2 2 2 3 3 3 4 3 3 3 3 4 4 4 5 7 9 10 11 23 24 38 100 187 242 252 248 250 251 
247 247 248 247 245 245 244 243 243 243 244 247 246 241 223 156 71 18 10 9 4 2 3 4 4 4 3 3 3 3 2 2 2 2 2 2 2 2 2 2 2 2 2 2 2 2 2 2 2 2 2 2 2 2 2 2 2 2 2 2 3 3 4 4 3 3 3 3 4 4 4 5 5 8 10 10 24 23 38 104 194 248 251 245 248 251 
247 247 249 245 245 244 243 243 241 243 245 247 244 238 204 132 56 17 9 7 4 3 3 3 3 3 3 3 2 2 2 2 2 2 2 2 3 3 3 3 3 3 2 2 2 2 2 2 2 2 2 2 2 2 2 2 3 3 3 3 3 3 3 3 3 3 3 4 4 4 4 4 7 8 10 11 25 23 37 104 188 236 243 245 249 250 
247 247 247 245 244 244 245 245 245 244 245 247 244 237 200 128 53 17 9 7 4 3 3 3 3 3 3 3 2 2 2 2 2 2 2 2 3 3 3 3 3 3 2 2 2 2 2 2 2 2 2 2 2 2 2 2 3 3 3 3 3 3 3 3 3 3 3 4 4 3 3 4 5 7 9 10 25 22 36 93 170 216 236 249 250 250 
245 248 244 244 245 245 248 248 248 247 246 246 243 240 202 131 56 18 9 7 3 2 3 3 3 3 3 3 2 2 2 2 2 2 2 2 3 3 3 3 3 3 2 2 2 2 2 2 2 2 2 2 2 2 2 2 3 3 3 3 3 3 3 3 3 3 3 4 4 3 3 4 5 7 9 10 26 22 36 93 163 212 237 251 250 250 
248 247 245 245 247 248 248 248 247 248 244 245 243 240 210 139 56 17 10 7 4 3 3 4 4 4 3 3 2 2 2 2 2 2 2 2 3 3 3 3 3 3 2 2 2 2 2 2 2 2 2 2 2 2 2 2 3 3 3 3 3 3 3 3 3 3 3 4 4 3 3 4 5 7 9 10 24 22 38 101 172 223 244 250 250 250 
248 247 247 249 249 250 249 248 245 243 243 244 243 242 218 150 57 18 12 9 6 4 4 4 4 4 4 4 2 2 2 2 2 2 2 2 3 3 3 3 3 3 2 2 2 2 2 2 2 2 2 2 2 2 2 2 3 3 3 3 3 3 3 3 3 3 3 4 4 3 3 4 5 7 10 12 20 20 38 108 196 241 247 250 251 251 
248 248 249 250 250 250 249 247 244 243 244 245 243 243 222 154 59 19 12 10 6 4 3 3 3 3 3 3 2 2 2 2 2 2 2 2 3 3 3 3 3 3 2 2 2 2 2 2 2 2 2 2 2 2 2 2 3 3 3 3 3 3 3 3 3 3 3 4 4 3 3 4 5 7 10 12 18 19 40 113 203 245 249 250 252 252 
248 248 249 249 248 248 249 247 245 245 246 247 245 245 224 154 61 22 15 10 9 6 3 3 3 3 3 3 2 2 2 2 2 2 2 2 3 3 3 3 3 3 3 3 2 2 2 2 2 2 2 2 2 2 2 2 3 3 3 3 3 3 3 3 3 3 3 4 4 3 3 5 7 8 9 10 17 18 42 115 203 245 251 250 251 251 
247 248 248 248 248 248 249 249 247 248 248 248 246 246 223 152 61 22 15 11 10 6 3 3 3 3 3 3 2 2 2 2 2 2 2 2 3 3 3 3 3 3 3 3 2 2 2 2 2 2 2 2 2 2 2 2 3 3 3 3 3 3 3 3 3 3 3 4 4 3 3 5 7 8 9 10 17 19 44 115 201 243 250 248 249 250 
247 247 248 248 248 248 249 249 249 251 249 248 247 247 221 145 61 22 14 10 8 5 3 3 3 3 3 3 2 2 2 2 2 2 2 2 3 3 3 3 3 3 3 3 1 1 1 1 2 2 2 2 2 2 2 2 3 3 3 3 3 3 3 3 3 3 4 4 4 3 3 5 7 8 9 11 17 21 38 104 192 240 249 247 250 250 
248 248 248 248 248 248 248 249 249 249 247 247 246 247 219 141 60 22 12 9 8 5 3 3 3 3 3 3 2 2 2 2 2 2 2 2 3 3 3 3 3 3 3 3 1 1 1 1 2 2 2 2 2 2 2 2 3 3 3 3 3 3 3 3 3 3 4 4 4 3 3 5 7 8 9 11 18 22 42 104 191 240 249 249 250 250 
248 248 248 248 248 248 249 249 248 248 247 247 246 247 217 136 59 19 11 9 9 5 3 3 3 3 3 3 2 2 2 2 2 2 2 2 3 3 3 3 3 3 3 3 1 1 1 1 2 2 2 2 2 2 2 2 3 3 3 3 3 3 3 3 3 3 4 4 4 3 3 5 7 8 9 11 19 24 43 104 191 240 251 249 248 249 
248 248 248 248 248 248 249 249 248 248 247 248 246 246 215 135 55 19 10 9 8 5 3 4 3 3 3 3 2 2 2 2 2 2 2 2 3 3 3 3 3 3 3 3 1 1 1 1 2 2 2 2 2 2 2 2 3 3 3 3 3 3 3 3 3 3 4 4 4 3 3 5 7 8 9 10 19 24 43 103 189 242 251 248 249 249 
248 248 248 248 248 248 249 249 249 248 248 249 246 246 215 139 53 18 10 8 6 4 3 3 3 3 3 2 2 2 2 2 2 2 2 2 3 3 3 3 3 3 3 3 1 1 1 1 2 2 2 2 2 2 2 2 3 3 3 3 3 3 3 3 3 3 4 4 4 4 4 5 7 8 8 11 19 24 44 110 198 245 251 248 249 249 
248 248 248 249 248 248 249 249 249 248 248 249 245 245 215 138 52 17 11 8 6 4 3 3 3 3 3 2 2 2 2 2 2 2 2 2 3 3 3 3 3 3 3 3 1 1 1 1 2 2 2 2 2 2 2 2 3 3 3 3 3 3 3 3 3 3 4 4 4 4 4 5 7 8 10 12 17 23 49 125 212 248 250 248 249 249 
247 247 247 248 247 248 249 249 248 249 248 248 245 245 215 139 51 16 10 8 5 3 2 3 3 3 3 2 2 2 2 2 2 2 2 2 2 2 2 2 2 2 2 2 1 1 1 1 2 2 2 2 2 2 2 2 3 3 3 3 3 3 3 3 3 3 3 3 3 4 4 5 7 8 9 11 17 22 50 134 219 248 248 248 249 249 
247 247 247 247 247 247 248 249 249 249 249 249 245 240 208 135 46 14 9 8 5 3 2 3 3 3 3 3 2 2 2 2 2 2 2 2 2 2 2 2 2 2 2 2 1 1 1 1 2 2 2 2 2 2 2 2 3 3 3 3 3 3 3 3 3 3 3 3 3 4 4 5 7 8 9 10 17 22 51 132 219 248 248 248 249 249 
245 244 246 247 248 248 248 248 248 248 248 248 243 236 192 111 43 14 9 8 5 3 3 3 3 3 3 3 2 2 2 2 2 2 2 2 2 2 2 2 2 2 2 2 2 2 2 2 2 2 2 2 2 2 2 2 2 2 2 2 3 3 3 3 3 3 3 3 4 4 4 4 5 7 9 12 17 24 52 132 216 247 248 249 249 249 
238 236 239 243 244 244 243 243 243 244 244 243 236 221 171 96 36 11 8 7 5 3 3 3 3 3 3 3 2 2 2 2 2 2 2 2 2 2 2 2 2 2 2 2 2 2 2 2 2 2 2 2 2 2 2 2 2 2 2 2 3 3 3 3 3 3 3 3 4 4 4 4 5 7 9 11 18 25 52 132 215 244 247 249 250 250 
239 238 241 242 242 242 243 243 243 244 244 243 235 216 164 90 33 11 8 7 5 4 3 3 3 3 3 3 3 3 3 3 3 3 3 3 2 2 2 2 2 2 2 2 2 2 2 2 2 2 2 2 2 2 2 2 2 2 2 2 3 3 3 3 3 3 3 3 4 4 4 4 5 7 9 11 18 25 50 130 215 242 245 249 250 250 
248 247 246 245 245 246 246 247 247 247 248 248 241 231 180 102 37 12 9 7 5 4 3 3 4 4 3 3 3 3 3 3 3 3 3 3 2 2 2 2 2 2 2 2 2 2 2 2 2 2 2 2 2 2 2 2 2 2 2 2 3 3 3 3 3 3 3 3 4 4 4 4 5 7 9 11 18 25 49 123 212 247 247 248 249 249 
250 249 248 247 247 247 247 248 249 249 250 249 247 241 200 118 43 12 9 8 5 5 3 3 4 4 3 3 3 3 3 3 3 3 3 3 2 2 2 2 2 2 2 2 2 2 2 2 2 2 2 2 2 2 2 2 2 2 2 2 3 3 3 3 3 3 3 3 4 5 5 5 7 8 10 12 17 25 49 121 213 250 249 250 250 250 
249 249 249 247 247 247 247 248 249 249 248 248 246 242 205 123 44 12 10 8 5 4 3 4 5 5 4 3 3 3 3 3 3 3 3 3 2 2 2 2 2 2 2 2 2 2 2 2 2 2 2 2 2 2 2 2 2 2 2 2 3 3 3 3 3 3 3 3 4 5 5 5 7 8 10 12 17 25 52 130 220 251 249 250 251 251 
249 249 250 248 248 248 248 248 248 247 245 245 245 239 199 122 44 11 10 8 4 4 4 5 6 6 4 3 3 3 3 3 3 3 2 2 2 2 2 2 2 2 2 2 2 2 2 2 2 2 2 2 2 2 2 2 2 2 2 2 3 3 3 3 3 3 3 3 4 5 5 5 7 8 10 14 19 27 54 138 222 252 250 250 251 251 
248 249 250 249 249 250 249 248 248 247 245 245 242 233 188 111 37 11 10 7 3 4 5 6 8 8 4 4 4 3 3 3 3 3 2 2 2 2 2 2 2 2 2 2 2 2 2 2 2 2 2 2 2 2 2 2 2 2 2 2 3 3 3 3 3 3 3 3 4 5 5 5 7 8 10 14 20 29 54 136 220 252 251 251 250 251 
248 248 250 249 249 250 249 248 248 248 245 244 243 233 186 108 36 11 9 7 5 5 5 6 7 7 5 5 3 3 3 3 3 3 2 2 2 2 2 2 2 2 2 2 2 2 2 2 2 2 2 2 2 2 2 2 2 2 2 2 3 3 3 3 3 3 3 3 3 4 4 4 5 7 9 11 21 28 53 128 220 253 251 249 251 250 
247 248 249 249 249 250 249 248 248 248 247 247 245 236 188 108 37 11 9 7 5 5 5 8 7 7 7 5 4 3 3 3 3 3 2 2 2 2 2 2 2 2 2 2 2 2 2 2 2 2 2 2 2 2 2 2 2 2 2 2 3 3 3 3 3 3 3 3 3 4 4 4 5 8 10 12 21 26 51 128 217 253 251 249 250 251 
247 247 249 249 249 250 250 249 249 249 249 249 246 238 188 107 37 12 11 8 6 6 5 7 7 7 7 5 3 3 3 3 3 3 2 2 2 2 2 2 2 2 2 2 2 2 2 2 2 2 2 2 2 2 2 2 2 2 2 2 3 3 3 3 3 3 3 3 3 4 4 4 5 7 10 12 18 24 50 129 217 253 250 249 250 251 
248 248 248 249 249 250 250 250 250 249 249 249 247 239 189 108 37 12 11 8 6 6 7 7 7 7 7 7 4 3 3 3 3 3 2 2 2 2 2 2 2 2 2 2 2 2 2 2 2 2 2 2 2 2 2 2 2 2 2 2 3 3 3 3 3 3 3 3 3 4 4 4 5 7 9 10 17 23 51 130 217 251 250 250 251 251 
248 248 249 249 249 250 250 250 250 249 249 249 248 240 193 110 38 15 12 7 4 5 7 7 7 7 7 5 4 3 3 3 3 3 2 2 2 2 2 2 2 2 2 2 2 2 2 2 2 2 2 2 2 2 2 2 2 2 2 2 3 3 3 3 3 3 3 3 3 4 4 4 5 7 9 11 17 25 52 129 214 250 250 250 250 250 
248 248 249 249 249 250 250 250 250 250 250 250 248 242 199 114 40 16 12 7 5 5 6 7 7 7 5 5 4 3 3 3 3 3 2 2 2 2 2 2 2 2 2 2 2 2 2 2 2 2 2 2 2 2 2 2 2 2 2 2 3 3 3 3 3 3 3 3 3 4 4 4 5 7 9 11 21 25 54 131 215 250 249 250 250 250 
249 249 249 249 249 250 250 250 250 250 250 250 249 245 206 118 37 15 12 7 7 5 5 6 5 5 5 5 4 3 3 3 2 2 2 2 2 2 2 2 2 2 2 2 2 2 2 2 2 2 2 2 2 2 2 2 2 2 2 2 3 3 3 3 3 4 4 3 3 4 4 4 7 7 10 11 19 25 61 148 228 251 250 250 249 249 
249 249 249 249 249 250 250 250 250 250 250 250 248 248 216 122 35 15 14 7 7 5 5 5 5 5 5 5 4 3 3 3 2 2 2 2 2 2 2 2 2 2 2 2 2 2 2 2 2 2 2 2 2 2 2 2 2 2 2 2 3 3 3 3 2 4 4 3 4 5 5 5 7 8 10 11 19 25 65 155 237 252 250 251 250 250 
249 249 249 249 250 250 250 250 250 250 250 250 249 248 203 107 32 14 14 7 8 5 5 5 4 4 4 4 4 3 3 3 2 2 2 2 2 2 2 2 2 2 2 2 2 2 2 2 2 2 2 2 2 2 2 2 2 2 2 3 3 3 4 3 3 5 5 4 4 5 6 6 9 9 11 12 21 25 66 153 229 252 250 251 250 250 
249 249 249 249 250 250 250 250 250 250 250 250 250 242 189 99 31 14 12 8 8 5 5 5 4 4 4 4 4 3 3 3 2 2 2 2 2 2 2 2 2 2 2 2 2 2 2 2 2 2 2 2 2 2 2 2 2 2 2 3 3 3 4 5 5 5 5 4 5 5 5 6 8 9 11 12 21 24 64 151 226 250 249 250 250 250 
249 249 249 249 250 250 250 250 250 250 250 250 251 238 179 93 30 14 12 10 9 6 5 5 4 4 3 3 3 3 3 3 2 2 2 2 2 2 2 2 2 2 2 2 2 2 2 2 2 2 2 2 2 2 2 2 2 2 2 3 3 3 5 8 9 5 6 5 6 5 5 6 7 8 11 12 22 24 60 149 228 249 248 249 250 250 
249 249 249 249 250 250 250 250 250 250 250 250 250 238 180 93 29 14 12 9 8 6 5 5 4 4 3 3 3 3 3 3 2 2 2 2 2 2 2 2 2 2 2 2 2 2 2 2 2 2 2 2 2 2 2 2 2 2 2 3 3 5 8 12 14 10 8 7 6 6 5 6 7 9 11 12 22 25 65 153 231 250 247 249 249 250 
249 249 249 249 250 250 250 250 250 250 250 250 250 241 184 93 30 15 11 9 8 8 6 5 4 4 3 3 3 3 3 3 2 2 2 2 2 2 2 2 2 2 2 2 2 2 2 2 2 2 2 2 2 2 2 2 2 2 2 3 3 5 9 15 16 14 9 7 6 6 5 6 7 9 11 12 21 25 66 156 233 251 248 249 250 250 
249 249 249 249 250 250 250 250 250 250 250 250 250 242 187 95 31 15 11 9 8 8 6 5 4 4 3 3 3 3 3 3 2 2 2 2 2 2 2 2 2 2 2 2 2 2 2 2 2 2 2 2 2 2 2 2 2 2 2 3 3 4 9 16 17 14 9 7 5 5 6 6 7 9 11 12 21 24 68 159 235 252 248 249 250 250 
249 249 249 249 250 250 250 250 250 250 250 250 250 241 187 94 30 15 10 7 6 6 5 5 4 4 3 3 3 3 3 3 2 2 2 2 2 2 2 2 2 2 2 2 2 2 2 2 2 2 2 2 2 2 2 2 2 2 2 3 3 4 7 10 11 9 9 7 6 6 6 6 7 8 10 12 21 25 71 163 237 252 248 249 250 250 
249 249 249 249 250 250 250 250 250 250 250 250 251 241 184 89 29 16 10 5 6 6 5 4 4 4 3 3 3 3 3 3 2 2 2 2 2 2 2 2 2 2 2 2 2 2 2 2 2 2 2 2 2 2 2 2 2 2 2 3 3 4 4 5 5 7 7 6 6 6 6 7 7 9 11 12 23 26 71 165 237 251 250 250 250 250 
249 249 249 249 250 250 250 250 250 250 250 250 251 239 173 84 27 15 10 5 6 6 5 4 4 4 3 3 2 2 2 2 2 2 2 2 2 2 2 2 2 2 2 2 2 2 2 2 2 2 2 2 2 2 2 2 2 2 2 3 3 3 4 4 5 5 7 7 6 8 8 8 9 9 11 11 25 29 72 167 238 251 249 250 251 250 
249 249 249 249 250 250 250 250 250 250 250 250 251 235 165 74 24 15 9 4 5 6 4 4 4 4 3 3 2 2 2 2 2 2 2 2 2 2 2 2 2 2 2 2 2 2 2 2 2 2 2 2 2 2 2 2 2 2 2 3 3 3 4 4 5 5 7 7 8 9 9 8 10 10 11 11 26 30 74 170 241 253 250 251 251 250 
249 249 249 249 250 250 250 250 250 250 250 250 251 231 164 73 21 15 9 3 3 4 4 4 4 4 3 3 2 2 2 2 2 2 2 2 2 2 2 2 2 2 2 2 2 2 2 2 2 2 2 2 2 2 2 2 2 2 2 3 3 3 4 4 5 5 7 7 8 9 9 10 10 10 11 11 26 30 77 173 244 253 251 251 251 251 
249 249 249 249 250 250 250 250 250 250 250 250 249 234 170 77 19 15 10 3 4 3 4 4 4 4 3 3 2 2 2 2 2 2 2 2 2 2 2 2 2 2 2 2 2 2 2 2 2 2 2 2 2 2 2 2 2 2 2 3 3 3 4 4 5 5 7 7 8 9 9 10 10 11 12 12 26 31 79 177 247 253 251 251 251 251 
249 249 249 249 250 250 250 250 250 250 250 250 249 235 173 80 21 14 11 5 5 3 4 5 4 4 3 3 3 3 2 2 2 2 2 2 2 2 2 2 2 2 2 2 2 2 2 2 2 2 2 2 2 2 2 2 2 2 2 3 3 3 4 4 5 5 7 7 8 9 9 9 10 11 14 14 26 30 80 177 244 253 251 251 251 250 
249 249 249 249 250 250 250 250 250 250 250 250 250 236 172 80 22 14 11 7 5 3 5 5 4 4 3 3 3 3 2 2 2 2 2 2 2 2 2 2 2 2 2 2 2 2 2 2 2 2 2 2 2 2 2 2 2 2 2 3 3 3 4 4 4 4 4 5 7 8 8 9 10 10 14 14 27 32 80 175 244 253 251 250 250 249 
249 249 249 249 250 250 250 250 250 250 250 250 248 236 165 72 24 12 12 8 5 3 5 5 3 3 2 2 2 2 2 2 2 2 2 2 2 2 2 2 2 2 2 2 2 2 2 2 2 2 2 2 2 2 2 2 2 2 2 2 3 3 3 3 4 4 4 4 5 7 8 9 10 10 12 15 26 31 81 177 243 253 250 250 250 250 
249 249 249 249 250 250 250 250 250 250 250 250 246 230 158 67 26 15 13 9 5 5 6 6 4 3 3 3 2 2 2 2 2 2 2 2 2 2 2 2 2 2 2 2 2 2 2 2 2 2 2 2 2 2 2 2 2 2 2 2 3 3 3 3 4 4 4 3 4 5 8 9 10 10 11 16 26 31 84 179 247 253 251 250 251 250 
249 249 249 249 249 249 249 249 249 249 249 250 243 229 169 80 29 15 12 8 7 5 8 6 3 3 2 2 2 2 3 3 2 2 2 1 1 1 1 1 1 1 2 2 2 2 2 2 2 2 2 2 2 2 2 2 2 2 2 2 2 2 3 3 3 3 3 3 5 7 8 10 10 10 14 18 24 33 92 189 247 253 250 251 251 251 
249 249 249 249 249 249 249 249 249 249 249 250 242 232 175 87 33 16 12 8 5 5 8 5 3 3 2 2 2 2 3 3 2 2 2 1 1 1 1 1 1 1 2 2 2 2 2 2 2 2 2 2 2 2 2 2 2 2 2 2 2 2 2 2 3 3 3 3 5 7 8 10 11 11 14 18 25 34 95 192 247 251 250 250 250 250 
249 249 249 249 249 249 249 249 249 249 249 249 246 238 182 93 35 17 15 10 5 7 7 4 3 3 2 2 2 2 3 3 2 2 2 1 1 1 1 1 1 1 2 2 2 2 2 2 2 2 2 2 2 2 2 2 2 2 2 2 2 2 2 2 3 3 3 4 7 7 9 11 12 14 15 18 24 35 95 192 247 250 248 249 250 249 
249 249 249 249 249 249 249 249 249 249 249 249 248 241 186 96 33 18 16 10 5 5 5 5 4 2 2 2 2 2 3 3 2 2 2 1 1 1 1 1 1 1 2 2 2 2 2 2 2 2 2 2 2 2 2 2 2 2 2 2 2 2 2 2 3 3 3 4 7 8 10 11 11 14 14 19 24 35 96 191 245 250 248 249 249 249 
249 249 249 249 249 249 249 249 249 249 249 249 247 238 182 89 32 17 17 11 7 7 5 4 2 2 2 2 3 3 3 3 2 2 2 1 1 1 1 1 1 1 2 2 2 2 2 2 2 2 2 2 2 2 2 2 2 2 2 2 2 2 2 2 3 3 3 4 7 8 9 11 14 14 14 19 24 35 96 191 247 251 248 249 249 249 
249 249 249 249 249 249 249 249 249 249 249 249 247 235 175 85 32 18 18 13 9 8 5 4 2 2 2 2 3 3 3 3 2 2 2 1 1 1 1 1 1 1 2 2 2 2 2 2 2 2 2 2 2 2 2 2 2 2 2 2 2 2 2 2 2 3 4 4 5 8 10 10 12 15 15 19 25 35 96 191 247 251 248 249 249 249 
249 249 249 249 249 249 249 249 249 249 249 249 248 231 166 78 32 19 18 15 12 10 7 4 4 4 2 2 3 3 3 3 2 2 2 1 2 2 2 2 2 2 2 2 2 2 2 2 2 2 2 2 2 2 2 2 2 2 2 2 2 2 2 2 2 2 4 5 5 7 10 11 12 15 15 18 24 35 95 191 244 249 249 251 250 249 
249 249 249 249 249 249 249 249 249 249 249 249 249 229 163 74 31 19 18 17 15 11 9 5 4 4 3 3 3 3 3 3 2 2 2 1 2 2 2 2 2 2 2 2 2 2 2 2 2 2 2 2 2 2 2 2 2 2 2 2 2 2 2 2 2 3 3 3 4 7 9 10 11 14 15 19 24 35 95 188 244 250 249 250 250 249 
249 249 249 249 249 249 249 249 249 248 249 251 249 228 157 75 29 19 18 17 17 13 10 8 4 4 3 3 3 3 3 3 2 2 2 1 2 2 2 2 2 2 2 2 2 2 2 2 2 2 2 2 2 2 2 2 2 2 2 2 2 2 2 2 2 3 3 3 4 7 9 9 9 11 14 18 25 35 95 186 242 251 249 250 249 249 
249 249 249 249 249 249 249 249 249 249 249 251 249 228 160 77 29 19 19 18 17 13 10 8 4 4 3 3 3 3 3 3 2 2 2 1 2 2 2 2 2 2 2 2 2 2 2 2 2 2 2 2 2 2 2 2 2 2 2 2 2 2 2 2 3 3 3 4 4 5 8 9 9 10 12 18 25 36 93 185 242 250 248 250 249 249 
249 249 249 249 249 249 249 249 249 249 250 252 250 229 163 80 29 18 19 18 16 14 10 8 6 4 3 3 3 3 3 3 2 2 2 1 2 2 2 2 2 2 2 2 2 2 2 2 2 2 2 2 2 2 2 2 2 2 2 2 2 2 2 2 3 3 3 4 7 7 6 9 11 12 15 21 26 37 96 188 244 251 249 251 250 250 
249 249 249 249 249 249 249 249 249 249 250 251 250 229 165 82 30 18 19 18 16 14 10 8 6 4 3 3 3 3 3 3 2 2 2 1 2 2 2 2 2 2 2 2 2 2 2 2 2 2 2 2 2 2 2 2 2 2 2 2 2 2 2 2 2 3 4 4 5 7 8 10 12 15 17 23 28 40 103 195 247 251 250 251 250 250 
249 249 249 249 249 249 249 249 249 249 251 251 249 229 165 80 28 18 19 18 15 14 10 8 5 4 3 3 3 3 3 3 2 2 2 1 2 2 2 2 2 2 2 2 2 2 2 2 2 2 2 2 2 2 2 2 2 2 2 2 2 2 2 2 2 3 4 4 6 6 8 10 14 18 22 26 29 40 104 199 248 251 251 252 250 251 
249 249 249 249 249 249 249 249 249 250 251 252 250 235 172 83 31 22 19 17 16 14 11 9 5 4 3 2 3 3 3 3 2 2 2 1 2 2 2 2 2 2 2 2 2 2 2 2 2 2 2 2 2 2 2 2 2 2 2 2 2 2 2 2 2 3 4 4 8 8 9 12 15 19 24 26 29 42 104 195 243 250 251 252 251 251 
249 249 249 249 249 250 250 249 250 250 250 251 249 237 178 86 32 23 21 17 15 12 11 9 5 4 3 2 2 2 2 2 2 2 2 1 1 1 1 1 1 1 2 2 2 2 2 2 2 2 2 2 2 2 2 2 2 2 2 2 2 2 2 2 3 4 5 5 6 8 10 12 15 18 23 25 30 46 110 196 243 250 251 252 251 250 
249 250 250 249 250 250 250 249 250 250 250 250 249 237 174 86 32 24 22 17 14 11 10 9 5 4 3 3 2 2 2 2 2 2 2 1 1 1 1 1 1 1 2 2 2 2 2 2 2 2 2 2 2 2 2 2 2 2 2 2 2 2 2 3 4 4 5 5 6 9 11 13 15 18 22 24 30 51 123 209 251 251 251 252 251 250 
249 249 250 250 249 250 250 250 250 250 249 250 249 235 172 84 32 23 22 17 12 11 12 9 8 5 3 3 2 2 2 2 2 2 2 1 1 1 1 1 1 1 1 2 2 2 1 1 1 1 1 1 1 1 2 2 2 2 2 2 2 2 3 3 4 4 4 4 6 7 11 13 15 18 22 25 29 52 127 213 251 251 250 252 251 250 
249 249 249 249 249 249 250 250 250 250 249 249 247 231 164 78 31 23 20 17 14 11 12 10 6 5 3 3 2 2 2 2 2 2 2 1 1 1 1 1 1 1 1 2 2 2 1 1 1 1 1 1 1 1 2 2 2 2 2 2 2 2 3 3 3 4 4 4 5 7 10 12 14 17 22 25 28 53 131 217 253 251 249 251 250 249 
249 249 249 249 249 249 249 250 251 250 249 250 247 226 157 72 30 23 19 17 15 12 12 10 6 5 3 3 2 2 2 2 2 2 2 1 1 1 1 1 1 1 1 2 2 2 1 1 1 1 1 1 1 1 2 2 2 2 2 2 2 2 3 3 3 5 4 4 6 8 10 12 14 17 22 25 28 52 129 216 253 251 250 250 250 250 
249 249 249 248 247 248 248 248 247 247 248 248 244 219 149 68 30 23 19 17 14 12 11 9 6 4 3 3 2 2 2 2 2 2 2 1 1 1 1 1 1 1 1 2 2 2 1 1 1 1 1 1 1 1 2 2 2 2 2 2 2 2 3 3 3 5 4 4 6 8 10 12 14 17 19 23 28 51 127 213 251 251 250 250 250 250 
247 247 245 243 243 242 241 237 238 242 244 245 243 214 144 68 30 21 17 15 14 12 11 9 6 4 3 3 2 2 2 2 2 2 2 1 1 1 1 1 1 1 1 2 2 2 1 1 1 1 1 1 1 1 2 2 2 2 2 2 3 3 3 3 3 5 4 4 6 6 9 11 12 16 17 23 28 50 122 207 249 251 250 250 250 250 
237 243 244 243 242 242 239 237 240 243 245 247 245 214 143 68 30 21 17 15 15 12 11 9 6 4 3 3 2 2 2 2 2 2 2 1 1 1 1 1 1 1 1 2 2 2 1 1 1 1 1 1 1 1 2 2 2 2 2 2 3 3 3 3 3 5 4 4 6 6 6 9 11 14 17 24 29 50 120 205 249 251 249 251 251 251 
237 244 248 247 247 247 245 247 249 249 248 248 248 222 146 68 30 21 17 16 14 11 11 8 5 4 3 3 2 2 2 2 2 2 2 1 1 1 1 1 1 1 1 2 2 2 1 1 1 1 1 1 1 1 2 2 2 2 2 2 2 2 3 3 4 4 4 4 5 5 5 7 10 14 17 23 29 53 124 209 250 251 250 252 251 251 
248 249 248 248 248 249 249 251 251 250 249 249 250 228 153 70 30 21 17 15 14 11 9 8 5 4 3 3 2 2 2 2 2 2 2 1 1 1 1 1 1 1 1 2 2 2 1 1 1 1 1 1 1 1 2 2 2 2 2 2 2 2 3 3 4 4 4 4 5 5 5 7 10 12 16 22 28 58 138 220 251 250 250 252 251 251 
248 248 250 249 249 249 249 249 251 251 250 250 248 228 152 70 30 19 16 15 14 11 8 6 4 4 3 2 2 1 1 1 1 1 1 1 1 1 1 1 1 1 1 2 1 1 1 1 1 1 1 1 1 1 2 2 2 2 2 2 2 2 3 3 3 4 4 4 5 5 5 7 9 11 17 21 26 61 146 226 251 249 250 251 251 251 
247 248 250 250 249 250 249 249 251 251 250 249 248 226 149 67 29 19 15 14 12 10 8 6 5 4 2 2 1 1 1 1 1 1 1 1 1 1 1 1 1 1 1 2 1 1 1 1 1 1 1 1 1 1 2 2 2 2 2 2 2 2 3 3 3 3 4 4 4 4 5 7 9 12 16 21 25 60 144 222 251 249 250 250 251 251 
249 249 250 250 249 249 249 250 251 251 251 250 248 224 149 67 28 18 15 12 11 10 8 7 5 4 2 2 1 1 1 1 1 1 1 1 1 1 1 1 1 1 1 2 1 1 1 1 1 1 1 1 1 1 2 2 2 2 2 2 2 2 2 2 3 3 4 4 4 4 5 6 9 11 15 21 25 57 132 214 250 249 250 250 251 251 
248 248 248 248 248 249 250 250 251 251 251 251 247 220 145 64 25 17 14 11 10 10 8 6 5 4 2 2 2 1 1 1 1 1 1 1 1 1 1 1 1 1 1 2 1 1 1 1 1 1 1 1 1 1 2 2 2 2 2 2 2 2 2 2 3 3 4 4 5 4 5 7 9 11 14 22 26 53 125 210 250 249 250 250 251 251 
241 241 242 245 247 248 249 248 250 250 250 251 244 212 136 57 23 17 14 11 10 10 8 6 4 4 3 3 2 1 1 1 1 1 1 1 1 1 1 1 1 1 1 2 1 1 1 1 1 1 1 1 1 1 2 2 2 2 2 2 2 2 2 2 2 2 3 3 5 5 6 7 8 10 15 22 28 52 127 212 250 249 250 250 250 250 
239 237 240 244 247 248 249 249 250 250 250 251 242 203 127 52 23 17 12 11 11 11 8 6 4 4 3 2 2 1 1 1 1 1 1 1 1 1 1 1 1 1 1 2 1 1 1 1 1 1 1 1 1 1 2 2 2 2 2 2 2 2 2 2 2 2 3 3 5 5 6 7 9 10 16 24 29 56 132 216 251 249 250 250 250 250 
244 243 245 247 248 249 249 249 250 249 249 250 240 193 114 50 22 16 14 12 12 11 8 6 4 4 3 2 2 1 1 1 1 1 1 1 1 1 1 1 1 1 1 2 1 1 1 1 1 1 1 1 1 1 2 2 2 2 2 2 2 2 2 2 2 2 2 3 4 5 7 8 9 10 16 24 30 57 137 218 250 249 250 250 250 250 
249 249 249 249 249 250 249 249 250 249 248 250 238 188 109 47 22 16 14 12 14 12 9 6 4 4 3 2 1 1 1 1 1 1 1 1 1 1 1 1 1 1 1 2 1 1 1 1 1 1 1 1 1 1 2 2 2 2 2 2 2 2 2 2 2 2 2 3 4 5 7 8 8 11 16 24 31 58 139 221 249 249 250 250 250 250 
249 250 250 250 250 250 250 250 249 249 249 249 238 193 112 47 22 15 15 14 12 11 8 6 4 4 3 3 2 2 2 2 2 2 2 1 1 1 1 1 1 1 1 1 1 1 1 1 1 1 1 1 1 1 1 1 1 1 1 2 2 2 2 2 2 2 3 3 4 5 7 8 9 11 16 23 32 59 139 219 248 250 250 251 250 250 
249 249 249 249 250 250 250 250 250 250 250 250 243 206 122 47 19 15 14 12 12 11 8 6 4 4 3 3 2 2 2 2 2 2 2 1 1 1 1 1 1 1 1 1 1 1 1 1 1 1 1 1 1 1 1 1 1 1 1 2 2 2 2 2 2 2 3 3 4 5 7 8 9 11 15 23 33 61 138 217 249 250 250 251 250 250 
250 250 249 249 250 250 250 250 250 251 251 251 245 209 125 47 17 14 14 12 12 10 8 6 4 4 3 3 2 2 2 2 2 2 2 1 1 1 1 1 1 1 1 1 1 1 1 1 1 1 1 1 1 1 1 1 1 1 1 2 2 2 2 2 2 2 3 3 3 5 7 8 9 11 16 23 35 63 135 215 249 250 250 251 251 250 
250 250 249 249 249 250 250 250 250 251 251 250 244 207 123 45 15 14 12 11 10 9 8 6 4 4 4 3 2 2 2 2 2 2 2 1 1 1 1 1 1 1 1 1 1 1 1 1 1 1 1 1 1 1 1 1 1 1 1 2 2 2 2 2 2 2 3 3 3 5 7 8 9 11 16 23 35 63 137 217 251 251 251 251 251 250 
250 250 249 250 249 249 251 251 250 250 250 250 242 205 120 40 14 11 11 10 9 8 8 6 4 4 3 3 2 2 2 2 2 2 2 1 1 1 1 1 1 1 1 1 1 1 1 1 1 1 1 1 1 1 1 1 1 1 1 2 2 2 2 2 2 2 3 3 4 5 5 7 10 11 17 25 35 64 141 221 251 251 251 251 250 249 
250 250 249 250 250 250 251 251 250 248 248 248 234 193 106 31 10 10 9 9 8 7 7 5 4 4 3 3 2 2 2 2 2 2 2 1 1 1 1 1 1 1 1 1 1 1 1 1 1 1 1 1 1 1 1 1 1 1 1 2 2 2 2 2 2 2 2 4 4 7 7 7 10 11 17 25 35 64 142 223 251 251 251 251 250 249 
251 250 251 251 249 249 249 249 249 248 247 247 229 174 90 29 9 10 7 8 8 8 7 5 4 4 3 3 2 2 2 2 2 2 2 1 1 1 1 1 1 1 1 1 1 1 1 1 1 1 1 1 1 1 1 1 1 1 1 2 2 3 3 3 3 3 3 3 5 7 7 8 11 12 17 24 32 61 139 221 251 250 250 250 250 250 
249 249 250 251 250 250 249 249 250 250 249 249 234 174 90 31 8 9 5 7 8 8 7 5 4 4 3 3 2 2 2 3 3 2 2 2 2 2 2 2 2 2 1 1 1 1 1 1 1 1 1 2 2 1 1 1 1 1 1 2 2 2 2 2 2 2 3 4 7 7 7 8 11 12 17 23 31 60 138 217 249 249 250 250 250 250 
239 241 244 247 248 250 251 251 249 249 250 250 241 180 92 31 8 7 5 5 5 6 5 5 4 4 3 3 3 3 2 2 2 2 2 1 1 2 2 2 1 1 1 2 2 2 2 1 2 2 2 2 2 2 2 2 1 1 1 2 2 2 2 2 2 2 2 5 5 5 7 8 11 13 16 22 29 59 136 214 245 247 248 249 248 248 
223 221 223 226 228 231 237 242 246 249 250 249 233 171 87 30 8 7 5 5 6 6 5 5 4 3 3 3 3 3 2 2 2 2 2 1 1 1 2 1 1 1 1 2 1 1 1 1 1 1 1 1 2 2 2 2 1 1 1 2 1 1 2 2 2 2 2 5 5 7 8 8 12 15 17 22 28 59 136 213 244 247 248 249 247 247 
210 194 182 175 171 165 173 198 219 228 234 233 201 141 72 27 9 7 5 5 7 4 4 4 4 4 3 3 2 2 2 2 2 2 2 2 2 2 2 2 2 2 1 1 1 1 1 1 1 1 1 1 2 2 2 2 2 2 2 2 2 2 2 2 2 2 2 5 5 7 8 8 11 14 17 22 26 59 136 210 242 245 247 248 247 247 
193 157 129 111 99 84 92 124 163 180 184 182 157 101 48 22 9 5 5 7 5 5 6 5 4 4 3 3 3 2 2 2 2 2 2 1 1 2 2 1 1 1 1 2 2 1 1 1 1 2 2 2 2 2 2 2 2 2 2 2 2 2 2 2 2 2 2 5 5 7 8 8 11 14 18 23 30 61 136 210 241 243 243 244 245 243 
179 144 108 84 75 65 64 81 110 125 136 137 113 64 26 12 10 7 7 7 8 8 7 6 5 5 4 4 3 2 2 2 2 2 2 2 2 2 2 1 1 2 2 2 2 1 1 2 2 2 2 2 3 3 3 3 3 3 3 3 3 3 3 3 3 3 3 4 4 7 8 8 11 14 18 25 35 67 139 209 237 239 237 237 237 233 
196 180 157 139 137 132 130 129 132 142 144 131 90 49 24 14 10 7 8 8 9 9 8 7 6 7 5 4 4 3 3 3 3 3 3 2 3 3 3 2 3 2 2 3 3 2 2 2 3 3 3 3 3 3 4 4 4 4 4 5 5 5 5 5 5 5 5 5 7 8 9 9 12 14 18 25 40 88 158 213 234 235 235 235 234 229 
225 220 206 199 195 194 191 191 190 195 181 151 99 53 25 15 13 11 11 11 10 10 10 9 8 8 8 6 6 6 5 4 4 4 5 4 5 4 4 4 5 4 4 5 5 4 4 4 6 6 5 5 6 6 8 8 6 8 7 8 10 10 9 9 9 9 9 8 9 9 11 11 15 17 18 24 56 116 177 210 223 229 235 238 238 238 
235 232 228 226 224 223 221 220 214 207 193 157 100 54 26 16 16 13 13 13 12 11 12 11 10 9 9 9 8 9 8 8 8 8 8 8 8 8 7 7 7 8 8 8 8 7 8 8 7 8 8 9 9 9 9 9 10 11 10 11 13 13 12 12 12 12 12 10 11 11 12 13 17 19 22 33 72 125 175 199 209 215 222 231 237 238 
247 243 240 240 240 238 236 229 210 184 155 113 67 39 26 22 19 18 18 17 15 12 12 12 12 11 11 10 11 11 11 11 11 11 11 11 10 10 11 12 11 11 10 10 10 11 11 11 13 13 13 12 11 11 11 11 11 11 13 15 14 15 16 16 15 14 12 12 13 12 12 13 17 19 25 44 88 132 174 193 199 203 214 226 224 234 
247 247 245 245 249 248 242 233 209 173 124 77 46 33 29 26 24 23 22 21 19 17 16 16 16 16 16 16 15 15 15 15 16 16 16 14 14 14 16 17 16 16 15 15 15 15 13 16 17 17 16 15 15 15 15 13 12 12 13 15 15 14 15 15 15 15 14 14 15 13 13 17 18 24 35 51 86 123 150 160 158 160 177 207 216 228 
249 249 249 249 249 248 243 236 221 174 106 60 44 36 30 30 29 26 27 26 23 23 22 21 21 19 18 18 18 18 18 18 18 18 19 18 18 19 19 19 19 18 17 18 17 15 15 17 18 18 17 17 16 17 17 16 13 16 15 16 16 15 15 15 16 17 16 17 15 14 14 19 30 46 67 95 111 131 143 145 137 135 159 199 221 230 
249 249 248 248 248 248 241 228 204 159 101 63 45 38 32 32 32 31 31 30 28 28 26 25 24 23 22 22 21 21 21 21 21 21 22 21 22 23 22 21 21 19 18 19 21 21 21 21 22 22 20 20 20 19 19 19 18 18 18 19 18 18 18 18 19 19 19 21 19 19 23 38 63 94 135 170 182 189 194 186 171 169 185 211 235 238 
250 250 248 248 246 241 226 201 164 121 85 59 46 39 35 32 32 32 30 30 30 28 28 28 28 26 26 25 26 26 26 26 29 29 29 27 27 27 27 27 27 27 26 26 26 26 26 26 26 26 26 26 25 25 24 25 24 24 25 25 25 25 25 25 25 24 27 29 27 32 45 74 115 162 200 223 237 240 237 232 223 220 222 233 244 245 
251 251 250 249 240 223 194 155 114 80 59 50 45 38 36 36 33 32 31 31 30 28 29 29 29 29 29 29 29 30 31 32 33 33 33 34 33 32 32 33 33 33 32 33 33 31 31 32 32 32 32 32 31 31 31 31 29 29 31 31 31 31 32 32 32 31 34 36 41 57 85 125 174 216 233 238 246 248 245 244 245 244 241 242 244 245 
250 252 250 244 228 195 151 109 77 57 47 44 42 38 39 39 36 33 33 32 30 28 29 29 30 30 30 31 31 31 31 32 33 32 33 35 36 36 36 36 35 35 36 37 38 38 37 36 36 37 36 36 36 36 36 37 36 35 35 36 36 37 38 38 38 38 39 43 60 92 136 179 216 240 244 244 245 248 250 251 250 248 249 249 250 249 
249 248 241 218 187 150 110 74 54 50 46 43 42 40 40 40 37 36 35 30 28 26 29 30 30 30 30 31 30 31 31 30 30 31 32 33 35 36 36 36 37 37 38 39 40 40 39 39 39 39 37 36 37 39 42 42 40 39 39 39 39 39 39 40 42 42 45 53 85 128 175 210 231 243 248 248 248 248 251 251 250 250 250 250 250 250 
247 241 221 188 149 111 81 58 48 47 45 43 42 39 40 39 38 36 33 30 26 26 25 28 28 28 28 28 29 29 29 29 29 29 31 32 33 33 35 35 36 36 36 36 38 38 39 40 40 39 37 36 36 37 39 39 43 43 43 44 43 42 39 37 38 42 54 74 110 155 196 219 234 243 245 247 248 248 249 249 249 249 249 250 249 249 
243 232 206 170 129 92 65 52 47 45 44 44 43 42 42 42 38 36 33 30 26 24 23 24 25 25 24 23 24 25 25 25 24 24 26 28 29 29 30 30 31 31 31 31 33 33 37 38 38 39 37 35 35 37 40 40 44 44 44 45 44 43 42 42 44 52 75 109 149 184 212 226 238 243 242 242 244 243 242 243 243 244 244 245 244 244 
229 213 184 146 108 74 57 51 46 44 44 43 42 42 43 43 40 38 36 35 31 29 28 26 25 25 23 21 21 21 21 22 22 21 22 23 24 24 25 25 26 28 28 29 29 31 35 36 37 37 38 38 38 40 42 43 43 44 44 44 45 46 47 52 60 78 114 151 188 212 226 233 240 238 238 238 236 236 236 237 240 240 240 240 241 243 
210 189 157 120 86 64 54 52 47 45 44 44 44 44 44 44 43 43 42 40 39 38 37 35 31 28 26 25 24 24 23 23 24 24 24 25 24 25 25 28 26 28 30 31 32 35 37 40 42 42 43 45 44 44 46 46 46 46 47 49 50 52 58 71 93 124 164 198 222 237 243 244 244 243 243 243 241 241 240 241 242 242 241 242 243 245 
194 169 135 99 72 59 55 51 47 46 46 46 47 47 46 45 46 46 46 45 44 44 44 41 38 34 33 33 33 33 33 32 31 32 31 32 31 32 32 32 32 33 36 37 39 42 44 45 47 49 50 51 51 51 53 53 53 53 54 56 57 60 76 103 136 173 207 228 242 247 251 250 251 250 249 249 249 248 248 248 247 247 247 247 248 248 
179 152 120 88 67 58 53 51 50 49 49 49 50 50 49 49 50 50 49 49 50 49 48 47 47 45 44 43 41 41 41 43 42 42 40 40 39 39 39 40 40 42 43 43 46 51 53 54 56 57 57 57 58 58 58 59 58 58 60 60 65 75 101 138 177 209 231 243 246 248 249 249 250 249 249 249 250 250 250 249 250 250 250 250 250 250 
173 142 109 81 69 60 56 53 52 52 53 53 52 53 54 53 54 54 51 51 52 51 51 51 50 50 47 46 46 46 45 45 45 46 49 46 47 50 51 49 51 52 53 54 57 59 60 61 61 60 61 63 63 63 64 64 64 65 66 66 77 96 129 170 206 231 244 250 248 249 249 249 250 249 249 249 249 249 249 249 249 249 249 250 250 250 
172 137 103 79 71 64 59 57 56 56 57 57 54 56 58 57 57 58 54 54 54 53 51 51 49 47 47 46 46 46 46 45 46 49 51 47 49 52 53 52 53 56 57 59 59 60 60 59 60 61 63 64 64 64 64 65 66 66 67 71 87 113 149 186 214 235 246 251 250 249 249 249 250 249 249 250 249 249 249 249 249 249 249 249 249 249 
163 127 97 75 69 64 60 59 58 56 56 56 56 57 59 57 58 57 55 54 53 51 50 49 46 45 45 45 42 40 40 44 45 47 49 47 49 50 52 52 52 54 55 55 56 56 57 57 57 59 59 59 59 61 61 60 61 64 66 71 94 124 160 192 214 233 244 250 250 249 250 249 250 249 249 249 249 248 248 248 248 248 248 249 249 249 
145 110 85 68 66 62 58 55 56 54 54 54 53 54 57 54 54 54 52 51 50 49 46 44 42 39 40 40 39 37 38 42 43 45 46 47 47 49 50 50 50 51 51 51 51 51 51 51 51 51 52 52 51 54 53 52 53 57 63 71 96 130 165 192 212 228 241 247 249 249 249 249 250 249 249 249 249 249 249 249 249 249 249 249 249 249 
130 95 74 62 61 58 54 52 54 54 54 54 52 53 53 51 51 50 47 46 46 46 46 43 40 39 39 38 38 39 40 42 44 45 45 45 45 46 47 47 47 48 45 44 44 43 40 40 42 43 44 45 49 51 51 50 51 53 60 74 99 136 170 196 215 226 238 244 248 249 250 250 250 250 249 249 249 249 249 249 249 249 249 249 249 249 
123 92 71 61 59 56 53 50 52 52 52 52 50 51 51 50 49 50 50 49 49 49 49 49 47 45 44 43 42 42 43 44 46 49 47 45 46 47 50 47 47 45 43 39 39 36 33 33 33 37 39 43 44 47 50 51 53 56 66 88 114 152 186 209 226 235 243 245 248 248 250 250 250 250 249 249 249 249 249 249 249 249 249 249 249 249 
120 90 73 62 60 56 54 52 54 53 54 53 52 52 52 52 51 51 51 51 51 53 54 56 54 53 52 50 51 47 47 48 50 52 52 52 53 54 54 54 52 50 50 47 39 37 37 36 37 39 41 41 43 44 46 50 58 65 81 109 144 180 208 227 240 246 247 249 248 248 249 249 250 250 249 249 249 249 249 249 249 249 249 249 249 249 
109 85 73 64 64 61 59 57 59 58 57 55 54 56 56 53 52 53 52 56 56 57 59 61 60 59 60 58 58 54 54 55 57 55 57 57 58 59 58 59 58 58 59 57 45 45 45 44 44 45 45 45 45 46 52 57 70 89 115 146 178 207 226 240 249 251 249 249 249 249 250 250 251 251 249 249 249 249 249 249 249 249 249 249 249 249 
95 77 71 65 67 65 61 60 61 63 63 60 59 58 58 56 56 58 59 60 61 63 64 65 64 64 66 64 61 60 60 61 62 61 61 61 62 64 65 64 65 65 65 64 57 57 57 56 54 54 54 52 49 53 62 73 94 122 153 184 208 227 239 245 251 251 251 250 249 249 250 250 250 250 250 250 250 249 249 249 249 249 249 249 249 249 
77 67 67 67 67 67 66 66 67 68 68 67 66 65 65 63 63 64 65 66 67 68 68 70 70 68 69 67 65 65 65 68 68 68 67 66 67 68 69 69 71 71 73 72 68 68 68 67 66 66 66 64 63 66 78 96 125 156 188 210 231 239 245 247 249 248 251 251 250 249 250 250 250 250 250 250 250 249 249 249 249 249 249 249 249 249 
64 61 64 65 68 71 72 73 73 72 72 73 73 71 71 71 72 72 72 73 73 74 74 74 73 71 69 68 66 65 67 72 73 72 69 68 68 68 69 69 71 73 75 76 75 75 75 77 75 75 78 78 82 87 105 130 158 188 217 234 244 248 249 249 250 250 250 251 250 250 250 250 250 250 250 250 249 249 249 249 249 249 249 249 249 249 
65 63 65 68 72 75 77 78 79 78 78 79 78 77 75 75 78 79 79 79 80 80 79 78 75 73 73 71 68 66 68 73 74 73 69 68 68 68 69 69 71 73 75 78 79 79 79 81 84 85 88 89 94 107 131 159 186 214 236 244 246 249 248 249 250 251 250 250 249 249 249 249 249 249 249 249 249 249 249 249 249 249 249 249 249 249 
70 70 71 74 78 80 81 81 82 82 84 84 82 81 80 81 82 84 84 82 82 81 81 80 75 73 70 68 67 64 66 68 69 68 68 68 68 68 70 71 73 75 77 77 81 84 84 85 88 91 93 97 107 125 157 181 203 228 243 246 247 248 248 249 250 251 250 250 249 249 249 249 249 249 249 249 249 249 249 249 249 249 249 249 249 249 
77 78 78 78 80 82 82 81 82 82 84 84 84 84 84 84 84 84 84 82 82 80 79 76 72 68 65 65 64 63 64 64 66 66 67 67 69 71 71 73 75 76 77 78 81 85 86 85 88 91 93 102 119 144 178 202 219 236 246 247 248 248 248 248 250 250 250 250 249 249 249 249 249 249 249 249 249 249 249 249 249 249 249 249 249 249 
81 81 81 80 81 81 81 81 82 82 84 84 84 84 82 82 84 82 81 81 82 81 75 69 65 63 60 60 59 60 61 62 64 65 67 69 71 73 73 75 76 76 78 79 80 82 84 86 87 90 95 110 135 160 192 215 229 239 245 247 248 248 249 249 249 250 250 250 249 249 249 249 249 249 249 249 248 249 249 249 249 249 249 249 249 249 
81 84 84 82 82 82 81 81 82 82 84 84 84 84 84 82 82 81 80 79 80 76 71 65 61 59 59 59 58 60 62 65 67 67 69 73 74 74 75 75 76 78 78 78 79 81 84 86 89 99 108 127 155 175 201 219 230 239 243 245 248 249 249 249 249 250 250 250 249 249 249 249 249 249 249 249 249 249 249 249 249 249 249 249 249 249 
82 84 84 85 82 82 81 82 82 81 81 82 81 81 84 82 82 81 80 79 78 74 71 67 65 64 61 64 66 67 69 71 73 74 74 76 77 77 78 77 79 79 79 79 80 82 85 87 93 109 127 145 169 189 208 221 233 241 245 246 248 249 250 250 250 250 250 249 249 249 249 249 249 249 249 249 249 249 249 249 249 249 249 249 249 249 
84 82 85 84 82 81 79 79 79 79 79 79 79 79 79 80 80 79 79 79 78 76 75 72 72 71 68 74 75 78 80 81 80 81 81 80 79 79 80 79 80 81 81 81 82 84 85 88 101 127 149 167 188 207 220 230 238 241 246 247 248 249 250 251 251 251 250 249 249 249 249 249 249 249 249 249 249 249 249 249 249 249 249 249 249 249 
84 82 84 81 79 77 75 73 73 73 74 75 74 75 78 79 80 80 80 78 78 77 79 79 79 79 78 78 79 80 81 81 80 81 81 81 79 80 80 79 80 80 80 80 82 82 86 89 107 133 163 185 204 218 226 234 241 243 247 248 249 249 250 251 250 250 250 249 249 249 249 249 249 249 249 249 248 249 249 249 249 249 249 249 248 248 
84 82 80 78 75 73 71 68 68 70 71 71 72 73 75 78 80 80 80 79 79 78 80 80 80 80 79 78 79 79 79 80 78 79 79 79 78 79 79 78 77 78 78 77 78 79 85 95 116 139 163 185 203 220 230 237 243 245 248 248 249 249 250 250 250 250 249 249 249 249 249 249 249 249 249 249 249 249 249 249 249 249 249 249 248 248 
81 81 79 74 73 71 67 65 65 66 66 67 67 70 74 75 78 77 78 78 77 78 79 78 77 77 75 75 76 76 76 78 78 78 77 78 77 78 78 74 72 72 72 72 73 75 85 97 116 138 164 187 203 222 236 242 248 248 249 249 250 250 250 249 250 250 250 249 249 249 249 249 249 249 249 249 249 249 249 249 249 249 249 249 248 248 
77 78 74 72 70 67 67 65 64 65 66 67 70 72 77 77 78 78 79 80 78 79 80 79 78 78 78 78 78 78 78 79 78 76 75 75 74 74 74 72 70 68 68 68 70 73 85 99 118 146 174 199 214 228 240 243 248 249 250 250 250 249 249 250 250 250 250 249 249 249 249 249 249 249 249 249 249 249 249 249 249 249 249 249 248 248 
71 72 70 68 66 67 68 68 71 72 74 74 75 78 82 82 82 82 81 81 80 79 80 81 81 81 80 80 80 81 82 82 79 78 77 75 74 73 72 72 70 70 67 66 70 79 91 108 132 159 187 209 223 235 242 245 248 248 249 250 250 250 250 250 249 249 249 249 249 249 249 249 249 249 249 249 249 249 249 249 249 249 249 249 248 248 
66 68 67 67 66 68 68 72 75 77 78 79 80 82 85 86 85 84 84 81 81 81 81 82 82 82 82 81 82 82 82 82 80 78 77 75 75 74 73 71 72 72 71 73 80 93 110 131 156 177 198 219 230 239 243 246 250 250 250 250 250 250 250 250 250 249 250 249 249 249 249 249 249 249 249 249 249 249 249 249 249 249 249 249 248 248 
63 65 66 65 67 70 68 72 75 77 78 79 80 81 82 82 81 80 82 82 82 81 81 81 82 83 82 81 80 81 80 80 80 77 75 75 73 73 72 68 70 75 79 85 97 116 136 156 177 193 210 228 236 242 245 247 250 250 250 250 250 250 250 250 250 250 250 249 250 250 250 250 250 250 249 249 249 249 249 249 249 249 249 249 248 248 
65 67 71 71 71 72 72 73 73 75 77 77 77 78 79 79 75 77 78 79 80 80 80 80 81 82 81 80 80 79 77 78 75 75 74 74 72 68 66 65 70 80 88 101 122 143 160 177 193 208 227 237 240 243 247 247 250 250 249 249 249 249 250 250 249 249 249 250 251 250 250 250 250 250 249 249 249 249 249 249 249 249 249 249 248 248 
77 79 79 79 79 79 79 79 79 77 77 77 78 78 79 77 77 75 75 75 78 78 78 79 79 79 78 79 78 77 75 74 73 73 72 71 71 70 69 73 82 96 109 127 149 169 182 198 212 224 235 240 243 245 248 249 249 250 249 249 249 249 249 249 248 248 250 250 250 249 249 249 250 250 249 249 249 249 249 249 249 249 249 249 249 249 
86 87 87 88 87 86 84 85 82 80 80 79 78 79 79 75 77 77 75 74 75 74 74 75 75 75 75 78 78 78 78 79 79 79 78 78 77 79 81 89 102 121 138 157 177 192 206 221 231 236 240 244 247 248 249 249 249 250 249 249 249 249 249 249 248 249 249 247 243 244 247 249 250 250 249 249 249 249 249 249 249 249 249 249 249 249 
90 93 93 92 90 90 88 87 85 81 81 78 77 75 73 71 72 74 74 73 73 73 74 75 75 74 79 80 80 80 81 84 84 86 86 87 87 89 97 109 124 146 165 182 200 214 228 236 240 242 245 246 250 250 251 250 250 250 249 249 249 249 249 249 248 248 245 238 235 236 243 247 248 249 249 249 249 249 249 249 249 249 249 249 249 249 
92 92 93 92 89 89 88 85 84 81 79 74 72 70 66 63 65 66 68 71 72 73 75 75 78 78 81 85 85 85 86 88 89 89 92 93 95 101 115 131 148 170 187 200 219 231 238 240 244 246 247 247 250 250 251 250 250 250 249 249 249 249 249 249 249 249 242 235 231 234 242 247 248 248 249 249 249 249 249 249 249 249 249 249 249 249 
87 87 86 85 85 85 84 82 81 78 75 72 67 64 58 54 56 58 63 68 74 75 77 79 83 86 86 88 88 88 89 92 93 93 94 97 103 114 134 155 171 191 205 217 233 241 244 246 248 248 249 249 251 251 250 250 250 250 249 249 249 249 249 249 249 249 244 240 238 241 245 247 248 248 249 249 249 249 249 249 249 249 249 249 249 249 
83 81 80 79 79 79 80 80 78 73 71 67 64 61 56 53 53 57 66 73 79 81 81 85 88 90 89 89 90 92 93 94 96 96 98 107 117 129 150 171 187 203 217 229 238 242 245 246 248 248 249 249 251 251 250 251 251 251 250 249 249 249 249 249 248 248 249 249 248 249 248 248 248 249 249 249 249 249 249 249 249 249 249 249 249 249 
81 79 78 78 77 77 77 77 78 73 71 70 66 64 61 60 61 66 75 81 85 86 87 89 90 92 92 92 92 92 92 94 96 100 106 118 135 150 167 186 202 216 227 235 240 244 248 248 250 250 251 251 250 250 250 250 250 250 250 249 248 248 248 248 247 247 248 248 248 248 248 248 248 249 249 249 249 249 249 249 249 249 249 249 249 249 
77 75 77 77 75 75 74 74 75 74 74 73 73 72 72 73 74 77 84 86 88 89 90 92 92 93 93 93 92 92 92 94 96 104 114 128 149 165 181 199 213 224 234 241 241 244 248 248 250 250 251 251 250 250 250 250 250 250 250 249 249 249 249 247 248 248 248 248 248 248 248 248 248 248 249 249 249 249 249 249 249 249 249 249 249 249 
74 74 74 75 75 75 75 75 76 78 77 77 77 78 79 79 81 82 85 85 88 88 89 92 92 92 92 92 92 92 92 94 97 106 118 133 151 167 182 199 213 221 230 238 242 244 248 249 250 250 251 250 250 250 250 250 250 250 249 250 249 249 249 248 248 248 248 248 248 248 248 248 248 248 248 249 249 249 249 249 249 249 249 249 249 249 
69 68 69 69 71 73 73 73 75 78 78 78 79 79 79 81 82 82 82 84 86 85 85 85 84 85 85 87 87 87 88 93 97 108 123 139 153 167 181 198 212 221 230 240 242 244 248 249 250 250 251 251 250 250 250 250 250 250 250 250 249 249 249 248 248 248 248 248 248 248 248 248 248 248 248 249 249 249 249 249 249 249 249 249 249 249 
65 64 64 65 66 69 71 72 74 75 76 79 77 77 77 79 79 79 79 79 79 78 79 78 77 77 77 79 80 82 87 93 97 110 128 143 160 172 184 199 212 221 230 239 243 244 249 249 250 250 251 251 250 250 250 250 250 250 250 250 249 249 249 248 248 248 248 248 248 248 248 248 248 248 248 249 249 249 249 249 249 249 249 249 249 249 
60 60 61 62 64 66 69 72 72 73 75 75 73 73 72 72 73 72 72 71 72 71 73 73 73 74 74 73 74 80 86 90 99 117 135 146 165 179 192 203 213 223 231 237 243 247 249 248 250 250 250 250 250 250 250 250 250 250 250 250 249 249 249 248 248 248 248 248 248 248 248 248 248 248 248 249 249 249 249 249 249 249 249 249 249 249 
58 58 57 58 60 64 65 66 67 68 68 68 67 67 67 68 66 66 66 65 65 65 66 68 68 68 68 68 72 78 86 93 106 124 139 153 171 189 201 209 216 226 234 240 246 247 249 249 250 250 250 250 250 250 250 250 250 250 250 250 249 249 249 248 248 248 248 248 248 248 248 248 248 248 248 249 249 249 249 249 249 249 249 249 249 249 
54 55 54 54 55 58 59 59 60 61 61 61 60 60 61 62 61 61 61 60 60 60 59 61 61 61 63 65 70 75 86 97 114 131 149 167 183 197 207 215 223 233 238 242 247 248 249 249 249 250 250 249 250 250 250 250 250 250 250 250 249 249 249 248 248 248 249 249 249 249 249 249 249 248 248 249 249 249 249 249 249 249 249 249 249 249 
53 53 53 54 53 53 53 54 57 57 56 54 54 54 57 58 57 57 56 56 57 57 58 59 58 60 63 65 71 78 88 104 122 143 165 185 198 208 214 220 228 237 240 242 247 249 249 249 250 250 251 251 251 250 250 250 251 251 251 251 249 249 250 249 249 249 249 249 249 249 248 248 248 248 249 249 249 249 249 249 249 249 249 249 249 249 
51 51 51 51 51 51 51 53 53 54 53 53 53 53 54 54 53 53 52 52 53 52 54 55 56 58 63 66 73 83 94 111 129 152 175 193 206 215 221 224 231 237 240 243 247 249 249 249 250 251 251 251 251 250 250 250 251 251 251 251 249 249 250 249 249 250 249 249 249 248 244 243 243 245 249 249 249 249 249 249 249 249 249 249 249 249 
53 51 51 51 51 51 52 53 53 53 55 57 53 52 52 52 51 51 50 50 50 51 51 51 53 56 61 67 77 89 107 122 139 160 180 195 206 214 222 226 231 235 240 242 246 248 249 250 249 251 251 250 250 250 251 251 251 251 251 251 249 249 250 249 249 250 249 249 247 244 241 238 240 243 248 248 249 249 249 249 249 249 249 249 249 249 
59 58 58 58 58 57 57 58 58 58 59 59 56 53 53 52 52 52 51 50 51 51 51 50 53 58 65 72 84 101 121 137 153 171 187 199 206 210 220 226 230 235 238 242 244 245 248 249 249 249 249 250 250 250 251 251 251 251 251 251 249 249 250 249 249 249 248 249 249 245 243 241 242 244 248 248 249 249 249 249 249 249 249 249 249 249 
66 65 65 65 65 65 65 64 64 64 65 65 63 60 59 59 58 57 56 54 54 54 53 56 60 66 73 84 97 116 136 151 166 180 195 203 209 214 217 224 229 234 236 241 244 245 247 247 249 250 250 250 250 250 251 251 251 251 251 251 249 249 250 249 249 249 247 249 249 249 248 247 247 248 249 249 249 249 249 249 249 249 249 249 249 249 
74 73 72 72 71 71 71 71 71 71 71 71 68 67 66 66 65 65 64 63 61 60 59 61 66 76 87 101 115 131 150 165 177 189 202 210 216 221 222 227 229 234 238 241 244 246 248 248 249 250 250 250 250 250 251 251 251 251 251 251 249 249 250 249 249 249 248 248 249 249 249 249 249 249 249 249 249 249 249 249 249 249 249 249 249 249 
80 80 79 78 77 75 75 74 73 74 75 75 73 74 72 71 72 71 71 70 68 65 67 69 78 90 103 116 134 150 165 179 188 199 210 217 223 225 229 231 234 237 241 243 245 247 248 248 250 250 250 250 250 250 250 250 250 250 250 250 249 249 249 249 250 250 249 248 248 249 249 248 248 248 248 249 249 249 249 249 249 249 249 249 249 249 
81 80 80 80 79 78 77 75 73 74 75 76 78 79 79 78 78 78 77 74 73 73 76 82 94 103 116 132 150 167 180 191 201 210 216 222 228 230 234 236 238 241 243 244 246 248 248 248 251 250 250 250 250 250 250 250 250 250 250 250 249 249 249 249 250 250 249 248 248 248 248 248 248 248 248 249 249 249 249 249 249 249 249 249 249 249 
81 80 80 80 79 77 74 73 72 73 73 74 77 78 79 80 81 82 81 80 79 81 87 94 106 115 130 145 164 179 191 200 211 217 220 226 231 236 237 239 242 244 245 247 247 248 249 249 250 250 250 250 250 250 250 250 250 250 250 250 250 250 249 249 250 250 248 248 248 248 248 248 248 248 249 249 249 249 249 249 249 249 249 249 249 249 
79 79 77 77 75 74 72 71 71 71 71 72 73 75 77 79 81 82 84 84 82 88 96 104 117 129 145 158 174 188 200 208 217 222 226 230 236 241 241 242 245 245 247 247 248 248 249 249 250 250 250 250 250 250 250 250 250 250 250 250 250 250 249 249 250 250 248 249 249 249 249 249 249 249 249 249 249 249 249 249 249 249 249 249 249 249 
79 78 78 75 74 74 71 70 70 71 73 74 73 75 78 80 81 82 85 87 90 97 108 118 130 146 159 171 184 198 209 217 225 231 234 234 238 242 243 245 247 247 248 248 249 249 249 250 250 250 250 249 250 250 250 250 250 250 249 249 250 250 250 250 250 250 248 248 248 248 248 248 248 249 249 249 249 249 249 249 249 249 249 249 249 249 
79 79 79 78 77 77 75 73 73 75 77 78 79 80 82 85 85 87 89 93 100 109 121 133 145 160 173 185 196 207 217 223 230 238 238 237 242 243 243 245 247 247 248 248 249 249 249 249 249 249 249 249 250 250 250 250 250 250 249 249 250 250 250 250 250 250 248 248 248 248 248 248 248 249 249 249 249 249 249 249 249 249 249 249 249 249 
82 82 82 82 82 82 81 81 81 80 81 84 84 86 88 88 89 94 98 104 111 123 136 149 162 174 187 199 209 218 224 230 235 240 242 240 245 245 245 245 248 248 249 250 250 249 249 249 249 249 250 250 250 250 250 250 250 250 249 249 250 250 250 250 250 250 249 249 248 248 248 248 248 249 250 250 249 249 249 249 249 249 249 249 249 249 
87 88 87 86 87 87 87 87 87 87 86 87 88 90 92 93 96 103 110 117 125 138 151 164 177 188 198 208 218 225 231 236 239 243 245 243 247 247 248 248 249 250 250 250 250 249 249 249 249 249 250 250 250 250 250 250 250 250 249 249 250 250 250 250 250 250 249 249 248 248 248 248 248 249 250 250 249 249 249 249 249 249 249 249 249 249 
92 92 90 89 89 90 90 90 90 90 90 92 93 93 93 97 103 111 118 125 135 146 159 172 185 195 207 216 222 227 233 240 242 243 246 245 247 248 249 249 249 250 250 251 250 250 249 249 249 249 250 250 250 250 250 250 250 250 249 249 250 250 249 249 249 249 249 249 249 249 249 249 249 249 250 249 249 249 249 249 249 249 249 249 249 249 
95 94 92 90 90 90 90 92 92 92 92 94 94 93 95 99 106 114 124 132 138 150 162 174 186 196 209 221 226 229 234 240 243 244 245 246 248 249 250 250 250 250 250 251 250 250 250 250 250 250 251 250 250 250 250 250 250 250 249 249 250 250 249 249 249 249 249 249 249 249 249 249 249 249 250 249 249 249 249 249 249 250 250 250 250 250 
94 94 93 91 90 90 90 90 92 92 92 92 93 92 94 97 104 114 124 132 138 149 158 170 181 194 206 218 226 229 234 241 243 245 246 246 248 249 249 249 249 249 250 251 251 250 250 250 250 250 250 250 251 251 250 250 250 249 248 248 250 249 249 249 249 250 250 250 250 250 250 250 249 249 249 249 249 249 249 249 249 250 250 250 250 250 
93 90 90 90 89 89 87 88 88 88 88 87 88 88 92 97 103 111 120 128 136 143 150 160 174 188 201 215 224 227 234 240 243 245 246 246 248 248 248 249 249 249 250 251 251 251 251 250 250 250 250 250 251 251 250 250 250 249 248 248 249 249 248 248 249 249 249 249 250 249 249 250 249 249 249 249 249 249 249 249 249 250 251 251 251 251 
