36 46 54 54 51 43 37 39 40 40 39 39 39 39 39 43 45 44 44 44 43 40 39 46 51 50 51 57 64 72 78 75 74 72 67 70 67 63 61 57 53 51 49 45 44 44 43 42 40 40 42 41 40 33 27 22 21 19 19 19 19 19 19 19 19 19 19 19 19 18 18 18 18 18 18 18 18 18 18 18 18 19 19 19 19 19 19 19 19 21 21 19 19 21 21 21 21 21 21 21 21 21 21 21 21 19 19 19 21 20 
33 45 53 54 51 43 38 38 39 40 39 39 39 39 39 39 42 44 43 45 48 47 46 58 80 109 131 145 152 172 171 160 139 117 96 73 65 67 62 58 54 51 48 45 43 43 42 40 39 40 40 40 38 32 25 21 19 18 21 19 19 19 19 19 19 19 19 19 19 19 19 19 19 18 18 18 18 18 18 18 18 18 18 18 19 19 19 19 19 19 19 19 21 19 19 19 19 19 19 19 19 19 19 19 19 19 19 19 19 20 
35 46 54 57 52 41 39 39 39 40 40 40 42 42 42 39 40 44 44 50 72 88 106 138 174 203 216 222 231 241 242 236 219 193 160 116 85 74 66 61 54 51 48 45 44 43 43 42 40 40 42 40 38 31 25 21 19 18 21 19 19 19 19 19 19 19 19 19 19 19 19 19 19 18 18 18 18 18 18 18 18 18 18 18 19 19 18 18 18 19 19 19 19 19 19 19 19 19 19 19 19 19 19 19 19 19 19 19 19 20 
35 46 56 59 53 43 40 40 40 42 42 43 44 44 44 40 42 51 57 74 120 166 202 230 244 248 245 250 249 238 234 233 234 231 220 192 144 100 77 65 56 50 47 45 44 43 43 42 42 40 42 40 38 31 25 21 19 18 21 19 19 19 19 19 19 19 19 19 19 19 19 19 19 18 18 18 18 18 18 18 18 18 18 18 18 18 18 18 18 19 19 19 19 19 19 19 19 19 19 19 19 19 19 19 19 19 19 19 19 20 
35 46 56 59 56 50 46 45 45 45 45 45 45 46 46 46 52 65 85 127 180 220 244 241 226 207 193 195 194 172 163 162 174 198 215 222 200 153 108 75 59 52 49 46 45 45 43 42 42 42 42 40 38 31 25 19 19 18 21 19 19 19 19 19 19 19 19 19 19 19 19 18 18 18 18 18 18 17 17 17 17 18 18 18 18 18 18 18 18 19 19 19 19 19 19 19 19 19 19 19 19 19 19 19 19 19 19 19 19 20 
35 46 56 61 60 58 54 53 53 52 52 52 52 51 50 49 59 83 124 178 206 206 199 175 149 128 111 108 104 90 82 82 97 122 152 179 200 199 160 115 84 66 54 50 47 45 44 42 43 44 43 40 38 31 25 19 19 19 22 19 19 19 19 19 19 19 19 19 19 19 18 18 18 18 18 18 18 17 17 17 17 18 18 18 18 18 18 18 18 19 19 19 19 18 18 18 18 18 18 18 18 18 18 18 18 18 18 18 18 19 
35 46 56 61 61 61 59 58 57 57 57 57 57 57 57 58 75 112 167 195 173 137 117 99 78 66 59 50 45 47 46 41 47 62 83 110 149 192 206 177 132 87 60 50 49 46 44 42 45 44 43 42 38 30 24 19 18 19 19 19 19 19 19 19 19 19 19 19 19 19 18 18 18 18 18 18 18 17 17 17 17 18 18 18 18 18 18 18 18 19 19 19 19 18 18 18 18 18 18 18 18 18 18 18 18 18 18 18 18 19 
36 45 54 61 60 59 58 59 59 58 57 59 60 62 62 74 107 158 190 165 108 70 60 52 43 42 42 32 29 38 44 34 31 38 49 66 94 142 194 206 178 122 71 47 48 47 46 44 47 46 43 43 39 31 25 20 19 18 18 18 19 19 19 19 19 18 18 18 18 18 18 18 18 17 17 17 18 17 17 17 17 18 18 18 18 18 18 18 18 19 19 19 19 18 18 18 18 18 18 18 18 18 18 18 18 18 18 18 18 19 
36 45 54 60 58 57 56 58 59 59 57 60 61 66 72 101 152 196 176 111 61 46 45 39 35 37 39 35 29 33 37 34 32 33 36 45 61 92 141 186 202 175 110 65 58 53 51 46 51 49 45 40 37 33 26 22 20 18 18 18 18 19 19 19 19 18 18 18 18 18 18 18 18 17 17 17 17 17 17 17 17 18 18 18 18 18 18 18 18 19 19 19 19 18 18 18 18 18 18 18 18 18 18 18 18 18 18 18 18 19 
33 45 54 57 57 56 56 58 62 58 56 53 61 66 89 150 201 193 132 71 45 44 40 37 35 36 37 36 31 29 30 30 31 32 33 39 49 64 90 139 188 206 165 104 67 60 53 50 51 50 46 40 37 33 26 22 20 17 18 18 18 19 19 19 19 18 18 18 18 18 18 18 18 17 17 17 17 17 17 17 17 18 18 18 19 19 18 18 18 19 19 19 19 18 18 18 18 18 18 18 18 18 18 18 18 18 18 18 18 18 
33 44 52 58 58 57 58 59 59 58 56 64 73 79 122 190 220 166 97 58 44 40 37 35 33 36 36 33 32 29 28 28 29 30 32 36 43 47 57 88 137 187 200 155 97 62 53 55 55 50 46 40 36 31 26 22 19 17 18 18 18 19 19 19 19 18 18 18 18 18 18 18 18 17 17 17 17 17 17 17 17 18 18 18 19 19 18 18 18 19 19 19 19 18 18 18 18 18 18 18 18 18 18 18 18 18 18 18 18 18 
33 44 52 57 58 58 60 59 56 57 58 59 71 110 154 205 198 128 70 49 39 38 38 36 36 35 33 32 31 30 29 28 29 30 31 32 36 37 39 57 95 146 194 196 148 82 56 53 59 49 44 40 36 30 25 21 18 18 18 18 18 19 19 19 19 18 18 18 18 18 18 18 18 17 17 17 17 17 17 17 17 18 18 18 19 19 19 19 19 19 19 19 19 18 18 18 18 18 18 18 18 18 18 18 18 18 18 18 18 18 
33 45 54 58 59 60 60 58 57 54 59 56 80 159 193 203 162 94 53 43 36 34 36 36 35 33 32 32 31 30 29 28 28 29 30 31 33 35 37 50 74 108 164 201 187 134 80 54 54 49 42 39 37 31 26 21 18 18 18 18 19 19 19 19 19 18 18 18 18 18 18 18 18 17 17 17 17 17 17 17 17 18 18 18 19 19 19 19 19 19 19 19 19 18 18 18 18 18 18 18 18 18 18 18 18 18 18 18 18 18 
35 46 57 61 61 60 60 56 57 59 68 94 143 214 224 192 125 72 47 40 34 32 33 35 35 35 32 31 31 31 30 28 29 29 30 33 33 34 33 43 60 81 128 173 205 184 113 64 48 49 46 43 39 31 26 22 19 17 18 18 19 19 19 19 19 18 18 18 18 18 18 18 17 17 17 17 17 17 17 17 17 18 18 18 19 19 19 19 19 19 19 19 19 19 19 19 19 19 19 19 19 19 19 19 19 19 19 19 19 19 
36 49 58 64 64 63 60 58 58 70 88 142 201 245 224 167 99 63 49 39 33 31 33 35 36 35 33 32 31 31 30 29 31 31 30 32 33 33 32 36 46 61 94 143 196 214 148 75 51 46 43 43 38 31 26 22 19 17 17 18 19 19 19 19 19 18 18 18 18 18 18 18 17 17 17 17 17 17 17 17 17 18 18 18 19 19 19 19 19 19 19 19 19 19 19 19 19 19 19 19 19 19 19 19 19 19 19 19 19 19 
37 50 59 65 66 65 66 68 65 79 110 181 240 237 198 136 80 58 46 37 31 31 33 35 37 36 33 32 31 31 29 29 31 31 31 31 32 32 31 31 37 49 68 113 171 224 187 108 64 46 40 39 34 30 26 22 19 18 17 18 19 19 19 19 19 18 18 18 18 18 18 18 17 17 17 17 17 17 17 17 17 18 18 18 19 19 19 19 19 19 19 19 19 19 19 19 19 19 19 19 19 19 19 19 19 19 19 19 19 18 
38 52 60 66 67 68 71 74 71 95 147 216 252 221 172 115 72 56 45 37 31 30 32 33 37 37 33 32 31 31 30 30 30 30 31 32 32 32 31 31 33 42 56 90 143 209 209 152 82 60 57 41 34 30 26 23 19 18 17 18 21 19 19 19 19 18 18 18 18 18 18 18 17 17 17 17 17 17 17 17 17 18 18 18 19 19 19 19 19 19 19 19 19 19 19 19 19 19 19 19 19 19 19 19 19 19 19 19 19 18 
38 51 60 65 68 71 78 72 85 134 201 241 235 203 137 93 69 53 45 36 31 30 31 33 37 36 32 32 31 31 30 30 30 30 30 32 33 32 31 30 29 32 47 77 115 178 223 177 104 61 55 46 36 30 28 23 21 19 17 18 19 21 19 18 18 18 18 18 18 17 17 17 17 17 17 17 17 17 17 17 17 17 17 18 18 20 20 20 20 20 20 19 19 19 19 19 19 19 19 19 19 18 18 18 18 18 18 18 18 17 
38 51 60 66 70 69 71 72 103 159 216 240 231 179 120 88 67 51 44 35 30 31 31 33 37 37 36 32 31 31 31 29 29 30 30 32 33 33 32 31 29 29 38 63 90 149 213 208 152 94 72 55 39 31 29 23 21 19 17 18 21 19 19 18 18 18 18 18 18 17 17 17 17 17 17 17 17 17 17 17 17 17 17 18 18 20 20 20 20 20 20 19 19 19 19 19 19 19 19 19 19 18 18 18 18 18 18 18 18 18 
38 53 61 67 72 71 67 80 129 190 238 241 219 152 102 80 59 47 43 32 29 32 32 33 37 38 35 32 32 32 31 29 29 29 31 32 33 33 31 31 30 27 31 51 73 127 192 230 213 148 93 65 43 34 32 23 21 19 17 18 19 21 19 18 18 18 18 18 18 17 17 17 17 17 17 17 17 17 17 17 17 17 17 18 18 20 20 20 20 20 20 19 19 19 19 19 19 19 19 19 19 18 18 18 18 17 17 17 18 18 
38 53 61 67 74 74 72 97 157 214 249 235 201 129 88 70 53 46 40 31 30 32 32 35 38 38 35 33 31 31 31 29 28 28 32 33 33 33 31 31 30 29 31 44 64 108 172 231 244 195 122 69 45 37 31 23 21 17 17 18 19 19 18 18 18 18 18 18 18 17 17 17 17 17 17 17 17 17 17 17 17 17 17 18 18 20 20 20 20 20 20 19 19 19 19 19 19 19 19 19 19 18 18 18 18 17 17 17 16 16 
38 53 60 68 73 72 73 110 178 227 248 220 180 110 82 64 51 44 37 32 35 37 35 36 39 39 36 33 31 31 31 30 28 28 32 35 33 33 31 31 30 30 32 36 52 89 150 214 240 205 130 64 47 40 27 26 22 18 17 18 19 19 18 18 18 18 18 18 18 17 17 17 17 17 17 17 17 17 17 17 17 17 17 18 18 20 20 20 20 20 20 19 19 19 19 19 19 19 19 19 19 18 18 18 18 17 17 17 18 15 
38 52 60 68 71 75 86 128 194 233 236 205 158 95 79 60 49 43 37 35 38 38 36 37 39 39 36 32 32 32 31 30 28 28 33 36 33 32 32 31 31 30 29 30 46 75 125 193 223 205 146 82 57 41 26 26 22 18 17 18 19 19 18 18 18 18 18 18 18 17 17 17 17 17 17 17 17 17 17 17 17 17 17 18 18 20 20 20 20 20 20 19 19 19 19 19 19 19 19 19 19 18 18 18 18 17 17 17 18 19 
37 47 57 68 67 90 111 155 221 243 233 196 135 87 74 58 49 42 39 40 41 39 37 38 40 41 38 32 31 31 31 31 29 29 33 36 33 32 31 32 32 29 25 26 42 58 90 164 228 229 175 117 71 37 25 25 23 21 18 18 18 18 18 18 18 18 18 18 18 17 17 17 17 17 17 17 17 17 17 17 17 17 17 18 18 20 20 20 20 20 20 20 20 19 19 19 19 19 19 19 19 18 18 18 18 17 17 17 18 19 
36 46 54 68 77 108 143 188 238 248 235 190 124 81 70 57 49 44 44 46 43 39 38 38 40 43 38 33 32 31 31 31 30 29 33 36 33 32 31 33 32 29 26 23 35 53 74 128 198 230 208 162 114 53 19 25 24 22 21 19 18 18 18 18 18 18 18 18 18 17 17 17 17 17 17 17 17 17 17 17 17 17 17 18 18 20 20 20 20 20 20 20 20 19 19 19 19 19 19 19 19 18 18 18 18 17 17 17 17 17 
35 43 52 57 88 133 178 223 241 249 222 160 104 79 66 58 50 46 47 46 46 47 40 37 40 42 38 34 33 32 32 31 31 31 33 35 33 31 31 32 32 30 25 18 31 57 70 96 160 217 229 197 151 81 29 30 26 23 21 19 18 17 17 17 17 17 17 17 17 17 17 17 17 16 16 16 16 18 18 18 18 18 19 19 20 19 19 19 19 18 18 18 18 18 18 19 19 19 19 19 19 18 18 18 18 17 17 17 18 18 
35 42 52 73 114 164 208 242 252 245 207 142 95 79 66 59 52 50 51 47 47 44 36 34 38 39 38 34 33 32 32 32 32 32 33 35 32 31 31 31 31 29 24 17 31 57 64 81 132 192 226 220 183 109 51 42 28 25 21 19 18 18 18 18 18 18 18 18 18 17 17 17 17 17 16 16 17 18 18 18 18 19 19 20 20 19 19 19 19 18 18 18 18 18 18 19 19 19 19 19 19 18 18 18 18 17 17 17 19 22 
34 39 57 93 142 195 230 250 252 240 187 124 89 80 67 59 54 54 53 51 48 38 30 28 32 37 37 33 33 33 33 32 32 32 33 33 32 31 30 30 30 30 25 18 35 54 61 78 111 165 216 233 210 150 80 46 31 29 23 21 21 19 19 18 18 18 18 18 18 17 17 17 17 17 17 17 18 18 18 18 19 19 20 20 20 19 19 19 19 19 19 19 19 19 20 19 19 19 19 19 19 18 18 18 18 17 17 17 18 19 
34 50 85 135 186 228 245 252 252 228 172 109 85 79 68 61 58 54 50 48 43 36 30 26 29 32 33 32 33 33 33 32 32 32 32 32 32 30 29 30 30 29 24 23 37 49 56 74 101 144 198 230 226 185 112 56 32 29 23 21 19 19 18 18 18 18 18 18 18 17 17 17 17 18 18 18 18 18 19 19 19 20 20 20 20 19 19 19 19 19 19 19 19 20 20 19 19 19 19 19 19 18 18 18 18 17 17 17 17 19 
39 68 122 186 230 250 251 250 247 216 156 99 81 75 66 60 57 50 47 43 37 32 29 25 29 32 33 34 33 33 33 33 33 32 32 33 32 31 31 29 30 26 24 28 36 49 60 74 89 115 165 219 236 214 158 94 45 30 22 21 21 19 19 19 19 19 19 19 19 19 19 18 17 18 18 19 18 19 19 19 20 20 20 20 20 19 19 19 19 19 19 19 19 20 20 19 19 19 19 19 19 18 18 18 18 18 18 18 18 19 
43 75 132 199 238 250 252 252 244 195 131 97 81 72 64 58 53 48 48 40 35 31 29 26 29 33 33 33 34 33 33 33 33 32 32 33 32 30 29 29 30 29 30 29 32 46 64 66 71 89 131 185 230 240 201 135 65 30 21 21 21 19 19 19 19 19 19 19 19 19 19 19 19 19 19 19 19 19 20 20 20 20 20 20 20 19 19 19 19 21 21 21 21 20 20 19 19 19 19 19 19 18 18 18 18 18 18 18 18 18 
45 66 103 157 209 236 249 252 230 166 111 93 78 68 59 51 49 43 39 35 33 31 30 30 32 33 33 33 33 32 32 32 32 33 33 33 32 30 29 28 28 30 31 32 36 45 57 52 53 78 103 142 205 247 230 167 97 45 24 25 24 21 19 19 19 19 19 19 19 19 19 19 19 20 20 20 20 19 20 20 20 20 20 20 20 19 19 19 19 21 21 21 21 19 19 19 19 19 19 19 19 18 18 18 18 18 18 18 18 18 
52 73 106 141 181 221 238 243 209 143 97 80 73 62 53 47 43 37 30 31 33 32 31 31 33 35 35 33 32 32 32 32 32 33 33 33 32 30 27 28 26 28 31 38 44 43 51 51 46 71 88 120 172 231 253 226 164 97 47 32 25 21 21 21 21 21 21 21 21 19 21 21 21 20 20 20 20 20 20 20 20 20 20 20 20 19 19 19 21 21 21 21 21 19 19 19 19 19 19 19 19 18 18 18 18 18 18 18 18 18 
57 109 182 235 231 234 241 243 196 125 86 77 74 63 51 47 42 36 35 31 33 32 30 31 35 36 34 34 34 32 32 32 32 32 31 31 31 30 28 26 25 27 33 39 45 42 46 47 45 61 78 85 120 199 235 236 210 138 71 39 26 22 21 19 19 19 19 19 19 19 19 21 21 21 19 19 19 19 19 19 19 21 21 21 21 19 19 19 19 19 19 19 19 18 18 18 18 19 19 19 19 19 19 19 19 18 18 18 18 19 
63 120 192 247 245 245 247 235 171 107 81 75 75 68 52 53 45 38 35 32 33 33 35 36 37 38 37 36 34 32 32 32 32 31 31 31 31 30 29 28 24 27 36 41 45 44 45 47 52 64 73 72 104 162 202 236 231 169 99 51 26 21 19 19 19 19 19 19 19 19 19 21 21 21 19 19 19 19 19 19 19 21 21 21 21 19 19 19 19 19 19 19 19 18 18 18 18 19 19 19 19 19 19 19 19 18 18 18 18 19 
58 111 173 215 250 254 254 222 151 95 87 79 77 70 59 65 57 44 37 35 35 36 37 39 38 38 36 35 35 33 33 32 32 31 31 31 31 31 31 32 29 30 38 46 54 59 64 71 76 72 74 78 95 117 164 222 237 199 133 74 25 21 19 20 20 18 19 19 19 19 19 21 21 21 19 19 19 19 19 19 19 19 21 21 21 19 19 19 19 19 19 19 19 18 18 18 18 19 19 19 19 19 19 19 19 18 18 18 18 18 
53 88 121 167 238 254 253 205 130 87 94 93 94 92 87 92 75 60 47 38 38 39 39 40 38 37 35 33 33 33 32 32 32 31 31 31 32 32 32 33 31 33 42 47 60 81 99 103 96 82 80 89 94 88 126 192 235 222 156 80 30 19 18 19 20 18 19 19 19 19 19 19 21 21 19 19 19 19 19 19 19 19 19 21 21 19 19 19 19 19 19 19 19 18 18 18 18 19 19 19 19 19 19 19 19 18 18 18 19 18 
45 60 86 153 229 254 240 184 124 92 107 122 141 138 150 153 124 93 65 47 42 43 42 38 37 35 33 33 32 32 31 30 31 32 32 33 33 33 36 37 39 43 52 61 72 103 135 136 121 107 99 95 92 92 116 169 222 227 165 79 32 20 18 19 22 19 18 19 19 19 19 19 19 19 19 19 19 18 19 19 19 19 19 19 19 19 19 19 19 19 19 19 19 18 18 18 18 19 19 19 19 19 19 19 19 18 18 19 18 18 
40 49 77 151 235 255 234 174 131 122 144 165 184 187 205 199 156 111 80 58 43 47 44 35 31 30 30 31 31 30 30 29 30 32 32 32 32 33 38 44 58 61 67 77 80 101 132 153 156 148 136 116 107 116 138 180 226 229 177 99 36 16 16 18 22 19 18 18 18 19 19 19 19 19 19 19 19 18 18 18 19 19 19 19 19 19 19 19 19 19 19 19 19 18 18 18 18 19 19 19 19 19 19 19 19 18 18 18 18 18 
38 47 64 121 210 238 226 188 171 173 188 206 216 233 243 224 172 123 95 67 46 51 40 29 26 28 28 29 30 29 30 31 32 32 31 30 31 32 35 58 102 128 116 90 68 80 99 127 146 158 158 146 133 147 175 214 238 244 214 130 42 19 19 18 18 17 18 18 18 18 19 19 19 19 18 18 18 18 18 18 18 19 19 19 19 18 18 18 18 18 18 18 18 18 18 18 18 19 19 19 19 19 19 19 19 18 18 18 18 18 
37 46 60 85 145 192 206 206 214 217 223 234 241 252 249 221 165 126 103 68 49 52 36 24 26 28 29 30 29 30 31 32 33 32 31 29 31 33 42 72 132 167 136 87 59 59 67 87 107 130 146 151 150 174 203 236 251 252 224 143 54 25 25 21 16 18 18 18 18 18 19 19 19 19 18 18 18 18 18 18 18 19 19 19 19 18 18 18 18 18 18 18 18 18 18 18 18 19 19 19 19 19 19 19 19 18 18 18 18 18 
37 46 57 70 90 125 181 221 227 220 226 227 229 226 184 139 108 87 77 72 60 42 26 22 26 29 30 29 28 30 31 31 32 32 32 31 31 36 43 66 118 152 123 75 51 44 43 39 43 57 86 113 138 172 196 227 250 252 243 172 70 18 18 18 18 18 18 18 18 18 18 18 18 18 18 18 18 18 18 18 18 18 18 18 18 18 18 18 18 17 17 17 17 17 17 17 17 18 18 18 19 19 19 19 19 18 18 18 18 17 
38 47 56 61 68 96 138 163 172 184 195 194 172 157 131 107 96 77 59 52 39 25 19 18 22 26 25 25 28 29 29 29 31 32 32 32 30 33 36 51 86 115 114 82 61 55 31 34 43 45 66 89 128 177 209 229 247 248 209 130 38 18 18 18 18 18 18 18 18 18 18 18 18 18 18 18 18 18 18 18 18 18 18 18 18 18 18 18 18 17 17 17 17 17 17 17 17 18 18 18 19 19 19 19 19 18 17 18 17 17 
39 49 52 57 61 75 87 96 120 130 135 125 103 98 88 74 63 46 37 30 19 15 16 17 18 20 19 19 21 23 23 24 25 28 28 29 29 31 29 29 45 70 87 85 77 71 43 44 48 39 47 61 107 170 214 227 229 207 150 78 21 18 17 17 17 17 18 18 18 18 18 18 18 18 18 18 18 18 18 18 18 18 18 18 18 18 18 18 18 17 17 17 17 17 17 17 17 18 18 18 18 19 19 19 19 17 17 18 17 17 
42 52 53 59 65 70 73 79 90 90 90 78 64 64 58 45 31 18 17 12 10 8 9 11 13 15 13 12 12 11 12 12 15 17 18 19 20 22 16 12 18 30 44 65 81 77 57 55 48 42 37 38 58 108 150 172 175 141 84 38 19 18 17 18 18 18 18 18 18 18 18 18 18 18 18 18 18 18 18 18 18 18 18 18 18 18 18 18 18 17 17 17 17 17 17 17 17 18 18 18 18 19 19 19 18 17 17 17 17 17 
43 52 57 64 70 72 71 65 70 68 59 46 30 29 26 22 16 10 8 7 7 5 5 5 5 5 5 4 4 5 5 5 8 8 8 9 9 9 8 4 4 7 8 27 50 46 45 47 55 52 50 44 45 58 81 85 85 74 46 27 20 17 18 18 18 18 17 17 17 17 17 17 17 17 17 17 17 17 17 17 17 17 17 17 17 17 17 17 17 16 16 16 16 17 17 17 17 18 18 18 18 19 19 18 18 17 17 17 18 17 
50 67 67 61 59 57 51 46 47 44 30 19 12 11 11 11 9 9 8 7 7 5 4 3 3 3 2 3 3 4 4 4 4 5 5 5 5 7 9 4 4 3 1 6 12 12 26 36 55 54 54 51 40 33 39 43 37 34 23 20 18 16 17 17 17 17 17 17 17 17 17 17 17 17 17 17 17 17 17 17 17 17 17 17 17 17 17 17 17 16 16 16 16 17 17 17 17 18 18 18 19 18 18 18 18 17 17 17 17 18 
71 88 72 44 37 32 25 16 15 15 8 10 10 11 11 11 7 5 5 5 5 5 4 3 3 3 3 3 3 3 3 3 3 4 4 4 4 4 5 3 3 3 1 3 7 4 2 8 18 31 52 58 50 40 31 30 24 23 22 19 18 18 17 18 18 16 17 17 17 17 17 17 17 17 17 17 18 17 18 18 18 18 17 17 17 17 17 17 17 16 16 16 16 17 17 17 17 18 18 18 18 18 18 18 18 17 17 18 18 18 
79 74 46 23 17 12 7 2 1 2 5 8 9 10 9 9 6 4 4 5 5 5 4 3 3 3 3 3 3 3 3 3 3 3 3 3 3 3 3 3 3 3 3 3 4 4 1 5 10 12 31 54 61 53 46 38 29 29 31 28 25 19 18 19 18 16 17 17 17 17 16 16 16 16 17 16 18 17 18 18 18 18 18 17 17 16 16 17 17 16 16 16 16 17 17 17 17 18 18 18 18 18 18 18 18 18 18 19 18 19 
68 29 15 11 7 3 6 6 6 6 5 5 6 7 7 7 4 3 4 4 5 3 3 3 3 3 3 3 3 3 3 3 3 3 3 3 3 3 3 3 3 3 3 3 3 4 4 6 8 9 16 42 71 77 73 60 45 42 44 44 43 40 38 37 36 32 30 31 30 27 29 26 26 26 23 22 22 19 19 19 19 19 18 18 17 17 17 17 17 16 16 16 17 17 17 17 17 19 19 18 18 18 18 18 18 18 18 18 19 19 
42 17 9 7 7 6 5 5 5 5 5 4 5 5 5 5 4 3 3 4 4 3 3 3 3 3 3 3 3 3 3 3 3 3 3 3 3 3 3 3 3 3 3 3 3 4 4 5 7 9 9 18 39 63 68 57 47 50 58 61 60 59 56 56 53 49 47 48 46 43 44 43 38 37 34 30 26 24 24 23 23 22 22 22 21 19 18 17 17 17 16 16 17 16 17 17 17 19 19 18 18 18 18 18 18 18 18 18 19 18 
14 9 6 6 7 6 5 4 4 3 3 3 3 3 3 3 3 3 3 3 3 3 3 3 3 3 3 3 3 3 3 3 3 3 3 3 3 3 3 3 3 3 3 3 3 4 4 5 6 5 4 8 11 15 22 22 25 44 72 78 79 77 75 74 73 70 70 72 68 61 66 63 58 53 50 45 39 36 32 26 25 25 24 24 24 24 21 18 18 18 17 17 17 16 17 17 18 19 19 20 20 19 19 19 19 19 19 19 19 18 
6 8 5 5 5 5 5 4 4 3 3 3 3 3 3 3 3 3 3 3 3 3 3 3 3 3 3 3 3 3 3 3 3 3 3 3 3 3 3 3 3 3 3 3 3 3 3 4 5 4 3 5 5 6 7 8 11 29 63 86 89 89 94 91 90 88 87 90 89 85 85 82 79 75 74 70 61 57 50 44 42 36 32 31 30 29 25 19 18 18 17 17 17 16 17 18 18 19 20 20 20 19 20 19 19 19 19 18 18 17 
5 7 4 5 5 3 3 3 3 3 3 3 3 3 3 3 3 3 3 3 3 3 3 3 3 3 3 3 3 3 3 3 3 3 3 3 3 3 3 3 3 3 3 3 3 4 4 4 4 3 2 3 4 4 5 7 7 14 35 71 81 85 95 100 97 95 95 95 95 96 95 95 93 92 92 86 82 79 75 71 67 60 56 52 49 44 37 29 22 19 18 18 19 17 18 18 18 18 19 20 20 19 19 18 19 19 19 18 17 16 
5 5 5 5 5 3 3 3 3 3 3 3 3 3 3 3 3 3 3 3 3 3 3 3 3 3 3 3 3 3 3 3 3 3 3 3 3 3 3 3 3 3 3 3 3 4 3 3 4 3 2 2 3 3 3 4 4 6 12 32 55 74 84 92 92 89 89 92 92 92 93 94 95 94 96 95 95 93 90 88 86 87 85 80 75 64 56 47 37 30 24 22 20 18 19 19 18 18 18 19 19 18 18 16 16 17 17 16 16 15 
5 5 4 4 3 2 2 3 3 3 3 3 3 3 3 3 3 3 3 3 3 3 3 3 3 3 3 3 3 3 3 3 3 3 3 3 3 3 3 3 3 3 3 3 3 3 2 2 2 2 2 2 3 3 3 3 3 4 7 12 24 54 61 75 77 74 74 78 79 79 79 81 84 87 90 94 96 97 100 102 104 103 100 98 91 86 78 70 60 51 40 30 25 23 23 22 19 20 19 18 19 19 17 15 15 15 15 15 15 15 
4 4 3 3 3 2 2 3 3 3 3 3 3 3 3 3 3 3 3 3 3 3 3 3 3 3 3 3 3 3 3 3 3 3 3 3 3 3 3 3 3 3 3 3 4 3 3 2 2 2 2 2 3 3 3 4 3 4 7 10 15 24 40 58 60 54 57 61 64 64 64 67 68 71 73 79 82 86 90 97 103 103 103 105 108 104 97 93 87 80 71 56 43 40 33 26 21 20 19 19 21 19 17 16 15 15 15 15 15 15 
3 3 3 3 2 3 3 3 3 3 3 3 3 3 3 3 3 3 3 3 3 3 3 3 3 3 3 3 3 3 3 3 3 3 3 3 3 3 3 3 3 3 3 3 4 3 3 2 2 3 3 3 3 4 4 4 3 4 5 6 8 17 31 47 51 49 49 52 52 51 54 56 54 57 59 61 64 66 73 80 85 88 95 99 104 107 106 107 104 101 97 86 72 63 51 40 30 23 20 18 18 18 17 16 14 15 15 15 16 15 
3 3 3 2 2 3 3 3 3 3 3 3 3 3 3 3 3 3 3 3 3 3 3 3 3 3 3 3 3 3 3 3 3 3 3 3 3 3 3 3 3 3 3 3 4 3 3 2 2 3 3 3 4 3 3 3 3 4 5 4 5 10 24 40 52 53 50 50 50 51 51 51 49 52 53 53 53 54 58 64 68 71 78 86 90 93 100 104 104 106 107 102 94 88 75 61 49 38 28 21 17 17 16 14 15 17 17 16 16 16 
2 2 3 2 3 3 3 3 3 3 3 3 3 3 3 3 3 3 3 3 3 3 3 3 3 3 3 3 3 3 3 3 3 3 3 3 3 3 3 3 3 3 3 3 3 4 3 2 2 3 3 3 4 3 3 3 3 4 3 4 4 4 17 38 53 57 54 54 52 52 53 54 53 51 52 51 51 50 50 51 52 54 58 64 71 78 88 94 100 104 108 108 105 105 97 85 72 59 46 33 25 20 19 17 17 18 18 16 16 16 
2 2 3 3 3 3 3 3 3 3 3 3 3 3 3 3 3 3 3 3 3 3 3 3 3 3 3 3 3 3 3 3 3 3 3 3 3 3 3 3 3 3 3 3 3 4 3 2 2 3 3 3 3 3 3 3 3 3 3 4 4 5 12 35 51 57 59 59 58 58 58 58 57 54 54 52 51 50 49 47 49 50 50 52 58 64 72 78 85 96 105 109 111 112 110 103 94 84 72 58 45 38 30 22 21 20 19 17 16 16 
3 2 2 3 3 3 3 3 2 2 3 3 3 3 3 3 3 3 3 3 3 3 3 3 3 3 3 3 3 3 3 3 3 3 3 3 3 3 3 3 3 3 3 3 3 4 3 2 2 3 3 3 3 3 3 3 3 3 3 3 3 4 10 28 46 58 61 60 60 61 60 59 59 60 58 57 55 54 54 53 52 51 52 52 52 53 55 58 64 78 91 99 107 112 114 114 110 104 95 82 70 61 50 38 31 24 19 17 16 16 
3 3 3 4 4 3 3 3 2 2 3 3 3 3 3 3 3 3 3 3 3 3 3 3 3 3 3 3 3 3 3 3 3 3 3 3 3 3 3 3 3 3 3 3 3 4 3 2 2 3 3 3 3 3 3 3 3 3 3 4 3 2 5 21 42 59 64 63 60 60 61 60 60 61 60 59 59 59 58 58 57 54 54 53 50 48 46 45 46 57 69 80 88 95 105 115 115 111 109 103 94 84 68 57 45 31 23 21 18 18 
4 4 4 4 4 3 3 3 2 2 3 3 3 3 3 3 3 3 3 3 3 3 3 3 3 3 3 3 3 3 3 3 3 3 3 3 3 3 3 3 3 3 3 3 3 4 3 3 3 2 3 3 3 3 3 3 3 2 3 4 4 3 4 15 36 56 64 63 61 60 63 60 60 61 61 60 60 60 60 60 60 60 58 54 52 49 45 42 39 42 50 63 71 75 87 99 106 110 114 113 108 99 86 78 68 57 41 28 24 23 
5 4 5 3 4 3 3 3 3 3 3 3 3 3 3 3 3 3 3 3 3 3 3 3 3 3 3 3 3 3 3 3 3 3 3 3 3 3 3 3 3 3 3 3 3 4 3 3 3 2 3 3 3 3 3 3 3 3 3 3 3 3 4 12 31 50 64 63 63 61 59 58 60 61 60 60 61 61 61 61 60 61 59 56 53 49 43 40 39 40 42 46 51 53 63 79 92 101 109 110 109 107 103 97 88 76 58 38 30 27 
14 10 8 5 4 4 3 3 3 3 3 3 3 3 3 3 3 3 3 2 2 2 2 2 2 2 2 2 2 3 3 3 3 3 3 3 3 3 3 3 3 3 3 3 3 3 3 3 3 2 3 3 3 3 3 3 3 3 3 3 3 3 4 11 25 44 60 65 61 58 58 58 57 57 58 58 57 57 57 58 57 56 56 54 50 44 42 40 40 40 39 36 37 42 54 66 78 88 96 98 101 104 103 94 87 77 60 47 35 30 
23 19 16 10 7 5 3 3 3 3 3 3 3 3 3 3 3 3 3 3 3 3 3 3 3 3 3 3 3 3 3 3 3 3 3 3 3 3 3 3 3 3 3 3 3 4 3 3 3 2 3 3 3 4 4 3 3 3 3 3 3 3 3 8 20 37 54 65 59 53 53 53 51 52 53 52 51 50 51 52 52 51 51 49 45 40 39 38 38 38 36 33 33 35 42 50 59 65 72 79 81 81 81 79 77 77 63 50 38 31 
26 24 21 16 11 7 4 3 4 3 3 3 3 3 3 3 3 3 3 3 3 3 3 3 3 3 3 3 3 3 3 3 3 3 3 3 3 3 3 3 3 3 3 3 3 3 3 3 2 2 3 3 4 4 3 3 3 3 3 2 2 2 2 6 15 26 46 59 52 48 51 47 45 45 45 44 43 43 43 44 45 46 45 43 38 36 35 33 35 35 32 31 30 29 35 42 43 43 50 54 56 54 57 57 61 67 58 53 43 33 
26 25 23 19 13 9 5 4 4 3 4 4 4 3 3 3 3 3 3 3 3 3 3 3 3 3 3 3 3 2 3 3 3 3 3 3 3 3 3 3 3 2 2 2 3 3 3 3 2 2 3 3 3 3 3 3 3 2 3 3 2 1 1 5 9 18 37 50 49 46 47 42 38 39 37 36 36 37 37 38 40 40 39 37 32 31 32 29 29 30 30 28 25 26 30 33 33 35 36 37 39 43 43 45 53 59 58 57 47 39 
28 26 24 22 16 11 8 5 4 4 4 4 4 3 3 3 3 3 3 3 3 3 3 3 3 3 3 2 2 2 2 3 3 3 3 3 3 3 3 3 3 2 2 2 3 3 3 3 2 2 3 3 3 3 3 3 3 3 3 3 3 3 3 3 5 10 26 43 46 45 43 40 39 37 36 35 35 35 37 40 37 36 33 31 28 26 28 24 23 27 27 25 24 24 24 28 30 30 26 29 33 38 37 41 53 65 69 65 55 47 
29 26 25 23 17 12 9 5 5 4 4 4 4 3 3 3 3 3 3 2 3 3 3 3 3 3 3 2 2 2 2 3 3 3 3 3 3 3 3 3 3 2 2 2 3 3 3 3 2 2 3 3 3 3 3 3 3 3 3 3 3 3 3 3 3 8 21 37 46 45 44 45 44 39 39 39 39 39 40 42 37 36 33 30 29 28 25 23 22 25 26 26 26 24 24 25 29 29 28 29 30 31 31 39 53 69 81 80 69 61 
29 29 26 23 18 12 10 8 5 5 5 4 4 3 3 3 2 4 4 3 3 3 3 4 4 3 3 2 2 2 2 3 3 3 3 3 3 3 3 3 3 2 2 2 3 3 3 3 2 2 3 3 3 3 3 3 3 3 3 3 3 3 4 2 2 10 18 31 46 48 52 52 47 43 40 41 40 41 43 44 40 38 36 33 31 28 25 23 22 25 26 25 26 27 29 29 29 29 29 28 28 26 28 37 49 64 78 83 75 72 
29 29 27 23 17 13 12 10 8 7 7 5 5 4 4 4 4 4 4 3 3 3 3 4 4 3 3 2 2 2 2 3 3 3 3 3 3 3 3 3 3 2 2 2 3 3 3 3 2 2 3 3 3 3 3 3 4 3 3 3 3 2 3 3 3 11 12 26 49 55 57 54 51 45 39 40 39 40 43 44 43 38 35 32 30 28 25 24 23 24 26 26 26 29 31 29 29 28 26 28 28 29 30 35 40 52 65 73 68 60 
28 29 27 22 16 15 15 15 14 13 12 8 6 6 6 5 5 3 3 3 2 2 2 3 4 3 3 2 2 2 2 3 3 3 3 3 3 3 3 3 3 2 2 2 3 3 3 3 2 2 3 3 3 3 3 4 4 3 3 4 3 3 4 3 5 13 15 28 51 58 58 56 52 45 39 40 40 40 41 40 39 38 34 32 30 29 26 24 23 25 27 29 29 29 31 30 28 29 29 29 30 29 30 32 35 40 49 59 59 52 
28 27 25 19 16 17 21 24 25 26 23 16 9 8 8 5 5 4 3 3 3 3 3 4 4 3 3 2 2 2 2 3 3 3 3 3 3 3 3 3 3 2 2 2 3 3 3 3 2 2 3 3 3 3 3 4 4 3 5 5 4 8 6 5 9 19 26 39 54 57 58 57 51 46 42 41 40 40 41 42 37 37 37 33 30 30 29 25 24 26 29 29 30 30 31 30 29 29 29 30 31 31 31 31 30 32 36 47 50 47 
27 26 24 19 16 18 26 34 39 40 38 30 21 6 6 7 6 5 4 3 4 3 3 3 3 3 3 2 2 2 2 3 3 3 3 3 3 3 3 2 2 2 2 2 3 3 3 3 2 2 3 3 3 3 3 3 4 4 7 5 7 13 12 9 18 36 49 54 58 58 57 55 51 46 44 43 40 40 41 43 38 40 40 39 33 30 29 26 24 25 27 28 29 30 30 30 29 29 29 31 31 31 31 29 29 29 33 42 44 45 
29 26 24 19 16 21 30 41 47 50 49 42 33 19 9 7 6 4 4 3 4 3 3 4 3 3 3 2 2 2 2 3 3 3 3 3 3 3 3 2 2 2 2 2 3 3 3 3 2 2 3 3 3 3 3 4 4 5 5 10 17 20 18 17 33 56 64 60 56 55 55 53 51 46 44 43 40 39 40 40 38 41 43 40 36 30 26 24 23 25 25 25 28 30 29 29 29 29 29 31 32 31 31 31 32 30 35 40 44 45 
30 26 23 19 18 22 33 45 51 54 53 50 47 39 26 15 9 6 4 4 4 4 4 4 3 3 3 2 2 2 2 3 3 3 3 3 3 3 3 2 2 2 2 2 3 3 3 3 2 2 2 2 2 3 4 4 4 5 8 19 26 25 23 24 44 66 68 59 52 51 51 51 50 45 44 40 36 36 37 37 38 39 39 38 35 30 26 24 22 23 24 23 25 28 26 27 27 27 29 30 32 31 31 32 32 30 36 44 47 50 
29 25 21 19 19 25 38 49 53 57 56 57 56 52 44 32 18 13 6 4 4 4 4 3 3 3 3 2 2 2 2 3 3 3 3 3 3 3 3 2 2 2 2 2 3 3 3 3 2 2 2 2 2 3 3 4 7 8 14 26 29 28 29 28 47 67 67 59 52 50 47 48 47 43 39 34 31 31 31 30 33 36 35 32 31 29 25 23 22 21 22 23 23 24 24 25 25 25 26 30 31 31 30 30 30 31 38 47 52 53 
26 23 19 19 23 36 47 53 57 59 60 60 60 59 54 46 33 26 16 10 8 4 4 3 3 3 3 2 2 2 2 3 3 3 3 3 3 3 3 2 2 2 2 2 3 3 3 3 2 2 2 2 2 2 3 4 7 12 17 25 31 31 31 30 46 66 67 57 50 46 46 44 41 39 33 30 28 26 26 26 28 26 28 28 28 26 24 22 22 21 22 24 23 23 23 22 22 23 25 28 29 29 28 26 26 32 43 51 53 53 
26 22 18 21 30 43 52 57 59 61 62 62 64 64 62 58 51 42 33 23 13 5 4 4 4 3 3 2 2 2 2 3 3 3 3 3 3 3 3 2 2 2 2 2 3 3 3 3 2 2 2 2 2 2 3 4 7 13 18 25 35 32 31 31 41 61 65 53 46 42 42 39 39 37 31 28 26 25 25 25 26 24 24 26 25 25 23 23 22 21 21 22 23 22 22 22 23 24 25 28 28 26 26 24 25 32 45 52 54 54 
26 22 18 23 33 46 54 58 60 60 61 63 63 63 63 57 47 44 38 29 16 5 4 3 3 3 2 2 2 2 2 3 3 3 3 3 3 3 3 2 2 2 2 2 3 3 3 3 3 3 2 2 2 3 5 6 10 15 19 28 33 32 31 32 40 56 57 46 39 37 35 33 35 32 28 26 26 26 25 25 24 25 24 26 26 24 23 23 22 21 21 22 20 22 22 24 25 24 25 26 26 26 25 24 23 30 43 52 56 56 
25 20 20 25 40 52 57 59 60 60 61 63 61 60 60 50 40 41 37 29 15 4 4 3 3 3 3 2 2 2 2 3 3 3 3 3 3 3 3 2 2 2 2 2 3 3 3 3 3 3 2 2 2 4 4 8 12 17 22 28 33 31 30 32 42 52 51 40 36 33 32 32 33 30 26 26 26 26 26 25 25 28 30 30 30 25 24 24 24 22 19 19 20 20 23 26 26 25 26 24 24 24 23 22 23 30 43 54 57 54 
23 17 21 31 47 57 59 60 61 61 61 63 60 58 49 42 35 36 36 29 15 4 4 3 3 3 3 3 3 2 2 3 3 3 3 3 3 3 3 2 2 2 2 2 3 3 3 3 3 3 3 3 2 3 4 7 12 18 23 29 32 32 32 33 42 50 46 37 34 33 32 32 31 30 26 26 28 28 30 32 32 35 36 35 35 31 26 26 26 24 22 21 21 21 24 27 27 27 25 25 23 23 24 24 24 32 46 59 61 52 
19 16 23 35 47 57 61 61 61 61 63 61 59 47 35 35 35 35 37 27 13 4 5 3 3 3 3 3 3 3 3 3 3 3 3 2 2 2 2 2 2 2 2 2 3 3 3 3 3 3 3 3 2 3 4 8 14 18 24 29 31 33 32 35 44 50 44 39 37 36 35 32 32 30 29 30 30 31 33 42 42 43 40 39 38 36 31 30 28 25 25 24 23 24 26 30 30 27 27 25 25 26 25 25 29 37 50 60 59 52 
17 17 26 39 51 59 61 60 59 59 59 57 53 38 32 39 38 40 39 23 9 4 5 3 3 3 3 3 3 3 3 3 3 3 3 3 3 3 3 3 3 2 2 2 3 3 3 3 3 3 3 3 3 4 4 9 15 19 24 29 32 31 31 35 45 51 46 42 40 40 38 36 35 33 31 32 33 36 38 45 47 47 45 44 43 38 33 31 30 26 26 30 30 29 29 32 32 30 29 26 28 28 25 26 33 44 57 65 63 53 
15 17 33 49 58 60 60 59 58 58 57 53 45 38 39 42 42 38 29 16 7 4 5 3 3 3 3 3 3 3 3 3 3 3 3 3 3 3 3 3 3 2 2 2 3 3 3 3 3 3 3 3 3 4 5 10 16 21 25 30 31 31 31 36 45 52 50 47 46 46 44 40 38 36 33 33 36 37 40 45 49 49 50 49 46 38 32 31 32 28 23 30 33 32 32 34 33 31 29 26 28 28 28 30 36 50 63 70 68 56 
11 19 38 51 59 60 60 59 57 56 53 52 50 47 50 46 46 33 17 10 5 4 5 3 3 3 3 3 3 3 3 3 3 3 3 3 3 3 3 3 3 2 2 2 3 3 3 4 4 4 4 3 3 4 7 11 18 21 25 29 31 31 31 36 45 52 52 53 52 52 50 46 44 38 35 35 35 38 41 45 50 50 51 52 50 41 34 33 34 30 24 32 38 38 37 37 38 35 29 28 29 31 35 40 47 59 68 74 72 60 
11 23 41 53 59 60 60 58 57 56 53 52 51 53 54 53 45 33 17 6 4 4 5 3 3 3 3 3 3 3 3 3 3 3 3 3 3 3 3 3 3 2 2 3 3 4 4 4 4 4 4 4 4 5 8 12 18 22 25 29 32 31 30 33 46 52 52 52 56 55 54 53 50 43 38 37 37 39 43 47 50 50 48 48 51 46 37 34 34 36 37 44 51 47 44 46 47 44 37 32 36 40 47 58 66 71 75 82 79 62 
15 25 45 56 61 62 60 58 56 55 54 52 52 54 55 49 36 24 16 5 3 4 5 3 3 3 3 3 3 3 3 3 3 3 3 3 3 3 3 3 3 2 2 2 3 3 3 3 3 3 3 3 4 5 8 14 18 23 26 30 31 30 29 35 46 52 51 52 56 56 56 57 54 50 45 40 39 42 46 50 53 52 51 49 52 52 40 35 35 43 49 54 63 60 59 60 60 56 46 42 46 54 63 71 79 81 85 89 85 64 
16 27 47 58 61 62 60 58 56 54 54 52 53 54 55 39 28 21 14 8 3 5 4 3 3 3 3 3 3 3 3 3 3 3 3 3 3 3 3 3 3 2 2 2 3 3 3 3 3 3 3 3 4 7 9 15 19 23 26 30 31 30 29 37 50 53 50 51 56 59 63 63 61 59 52 47 44 43 52 58 63 65 63 63 63 59 47 38 40 52 60 65 74 75 77 78 77 70 58 52 57 67 75 84 90 94 95 95 90 68 
18 32 53 62 61 60 58 57 54 53 52 51 52 54 46 28 18 15 13 8 5 5 4 3 3 3 3 3 3 3 3 3 3 3 3 3 3 3 3 3 3 3 3 3 3 3 3 3 3 3 3 3 4 5 9 15 19 24 26 30 30 29 29 41 59 58 54 57 60 67 74 73 73 68 64 57 50 49 59 67 74 80 77 78 78 71 57 46 50 64 73 80 88 89 90 92 89 80 67 60 62 74 87 97 102 102 101 101 94 74 
30 44 56 61 61 58 55 54 54 52 52 52 52 52 30 15 9 8 11 8 7 4 5 3 3 3 3 3 3 3 3 3 3 3 3 3 3 3 3 3 3 3 3 3 2 3 3 3 3 3 3 3 4 5 9 15 21 23 26 29 28 28 28 45 71 68 61 66 73 80 86 86 85 82 75 64 54 54 67 80 87 90 88 89 90 82 66 54 54 71 86 94 100 101 100 99 95 86 72 59 60 77 94 101 104 103 103 103 96 78 
38 51 56 57 57 55 54 53 52 52 51 52 53 44 23 10 5 6 9 8 6 4 5 3 3 3 3 3 3 3 3 3 3 3 3 3 3 3 3 3 3 3 3 3 2 3 3 3 3 3 3 3 4 7 10 16 21 23 26 28 25 29 28 46 78 77 65 74 84 93 96 94 93 89 81 68 57 57 74 88 96 96 95 96 94 86 72 58 54 71 90 101 104 103 102 102 96 87 73 58 59 80 95 101 104 104 106 104 100 81 
37 53 58 53 51 52 52 51 51 51 51 52 50 37 14 6 6 5 6 7 4 3 3 3 3 3 3 3 3 3 3 3 3 3 3 3 3 3 3 3 3 3 3 3 2 3 2 2 2 3 3 3 4 5 10 16 19 23 25 26 25 29 28 45 78 80 71 81 93 100 100 97 95 92 84 71 58 59 74 88 96 97 99 101 96 87 74 58 56 70 88 97 101 100 103 103 97 89 73 59 60 81 94 99 103 104 101 103 100 80 
35 51 59 50 44 49 51 51 51 50 49 49 40 25 8 6 5 4 5 5 3 3 3 3 3 3 3 3 3 3 3 3 3 3 3 3 3 3 3 3 3 3 3 3 2 3 2 2 2 2 3 4 5 9 11 16 18 23 24 25 25 28 28 45 71 79 79 85 94 99 97 97 96 94 86 72 60 60 74 88 95 97 99 102 97 88 76 58 56 70 86 93 97 97 99 97 96 89 73 56 58 80 92 96 101 100 97 99 93 79 
33 50 53 46 43 47 51 51 50 50 49 44 25 12 6 5 5 4 4 4 3 3 3 3 3 3 3 3 3 3 3 3 3 3 3 3 3 3 3 3 3 3 3 3 2 2 2 2 2 2 3 4 9 12 11 15 18 22 24 24 25 28 28 45 68 78 80 85 90 95 97 97 97 96 89 74 61 60 74 88 96 97 97 97 96 87 76 58 53 66 82 90 93 93 93 93 94 89 73 57 59 71 87 95 96 94 94 94 89 78 
34 46 48 45 43 48 51 51 51 50 44 33 14 8 6 4 4 3 4 4 2 4 4 3 3 3 3 3 3 3 3 3 3 3 3 3 3 3 3 3 3 3 3 3 3 3 2 2 2 2 3 5 9 12 13 16 19 21 23 24 25 28 28 45 66 74 77 82 87 94 96 99 99 95 88 75 63 58 71 88 96 95 93 93 93 86 73 57 52 61 75 87 88 87 88 91 93 84 65 58 59 71 87 90 89 89 89 89 83 74 
32 40 44 45 45 48 51 50 50 47 36 22 8 6 6 4 4 3 3 3 3 3 4 3 3 3 3 3 3 3 3 3 3 3 3 3 3 3 3 3 3 3 3 3 3 3 2 2 2 2 3 5 9 12 15 17 19 21 23 24 25 26 28 44 64 68 72 80 86 93 96 97 97 93 86 73 61 58 67 84 92 90 88 87 89 86 72 57 51 57 68 82 85 82 84 85 85 78 63 51 53 67 81 84 82 85 84 81 78 71 
30 37 43 47 48 49 50 50 47 38 24 12 6 5 4 3 2 3 3 3 3 3 3 3 3 3 3 3 3 3 3 3 3 3 3 3 3 3 3 3 3 3 3 3 3 3 3 3 2 3 3 5 9 13 16 17 19 22 23 24 25 26 29 43 60 66 67 77 85 93 95 97 96 89 82 71 61 56 64 78 86 86 86 85 86 81 71 57 49 54 66 77 80 78 78 77 74 67 56 44 47 64 75 78 77 78 79 77 71 67 
30 37 45 50 50 50 51 45 34 24 15 9 6 4 3 2 3 3 3 3 3 3 3 3 3 3 3 3 3 3 3 3 3 3 3 3 3 3 3 3 3 3 3 3 3 3 3 3 3 3 4 8 11 15 17 17 19 22 23 24 25 26 30 45 61 66 67 73 80 89 92 90 90 86 80 72 63 51 61 77 85 82 85 84 80 75 67 54 47 52 65 74 75 72 72 71 70 64 52 44 44 56 67 72 74 72 73 73 68 66 
32 42 51 54 51 47 42 32 18 7 4 4 3 3 2 2 3 2 2 2 2 2 2 3 3 3 3 3 3 3 3 3 3 3 3 3 3 3 3 3 3 3 3 3 3 3 3 3 3 3 5 9 14 17 17 17 19 22 23 24 26 26 30 46 65 65 65 71 77 84 85 82 82 80 75 70 60 46 58 74 81 81 82 79 77 73 63 52 45 47 61 70 71 68 67 67 66 60 50 42 39 50 63 67 70 68 67 67 67 64 
38 49 52 50 41 35 26 17 5 1 2 3 2 3 3 2 3 2 2 2 2 2 2 3 3 3 3 3 3 3 3 3 3 3 3 3 3 3 3 3 3 3 3 3 3 3 3 3 3 4 7 11 16 19 17 18 19 22 23 24 26 26 29 46 71 72 58 61 74 80 79 80 79 74 70 59 51 43 53 69 78 78 78 74 72 68 59 50 43 45 57 65 66 64 64 65 65 56 45 39 38 46 59 64 64 63 61 63 63 64 
38 47 54 47 31 18 15 10 6 5 4 3 3 3 3 3 2 2 2 2 2 2 2 3 3 3 3 3 3 3 3 3 3 3 3 3 3 3 3 3 3 3 3 3 3 3 3 3 3 4 7 11 16 19 18 18 19 22 22 24 26 26 29 50 76 73 53 53 68 72 71 72 72 67 63 54 47 40 49 61 70 71 71 70 67 64 57 49 40 43 52 61 63 60 60 61 61 53 42 38 38 45 55 60 58 58 59 59 58 60 
36 47 59 58 33 12 7 6 5 4 4 3 3 3 3 3 3 2 2 2 2 2 2 3 3 3 3 3 3 3 3 3 3 3 3 3 3 3 3 3 3 3 3 3 3 2 2 2 3 4 7 11 16 19 18 18 21 22 23 25 28 30 29 47 79 84 58 52 61 67 66 65 65 64 60 57 49 38 46 54 60 64 64 63 63 59 53 46 40 40 50 59 59 58 58 58 58 52 43 38 38 43 51 55 55 55 57 55 53 57 
33 47 65 68 38 11 5 4 4 2 2 3 3 3 3 3 3 2 2 2 2 2 2 3 3 3 3 3 3 3 3 3 3 3 3 3 3 3 3 3 3 3 3 3 3 3 3 3 3 3 5 10 15 18 18 20 22 23 23 26 29 32 30 47 85 96 65 52 59 66 66 65 65 64 61 57 47 40 44 52 57 59 59 60 59 57 51 45 41 40 51 58 58 58 58 57 57 54 44 37 37 42 46 52 54 55 57 53 51 50 
32 50 72 78 38 9 5 3 3 1 1 3 3 3 3 3 3 2 2 2 2 2 2 3 3 3 3 3 3 3 3 3 3 3 3 3 3 3 3 3 3 3 3 3 3 3 3 3 3 3 5 9 14 17 18 20 23 23 23 26 30 31 30 53 95 100 62 49 56 61 62 62 62 62 58 51 44 40 42 51 57 57 57 58 57 56 49 43 40 40 48 55 58 58 58 57 57 54 44 36 34 40 45 52 53 54 57 56 52 51 
32 51 68 64 33 9 3 2 2 2 2 2 2 3 2 2 2 2 2 2 2 3 3 3 3 3 3 2 2 3 3 3 3 3 3 3 3 3 3 3 3 3 3 3 3 3 2 2 2 3 5 8 12 15 17 20 22 24 24 26 29 30 29 56 103 100 59 47 53 58 58 58 58 59 54 46 39 38 40 49 54 54 57 57 57 54 46 40 38 39 47 55 58 58 58 57 57 54 45 36 36 42 45 52 53 52 57 58 54 53 
43 65 68 36 12 3 3 2 2 2 2 1 1 2 2 2 2 2 2 2 2 3 3 3 3 3 3 2 2 3 3 3 3 3 3 3 3 3 3 3 3 3 3 3 3 3 2 2 2 3 4 7 11 15 17 20 22 24 25 26 29 29 30 59 103 96 57 46 52 58 58 57 58 58 54 46 40 38 43 46 53 56 57 57 56 54 46 39 37 39 47 55 58 57 57 54 54 54 44 37 36 42 46 52 57 57 59 60 56 53 
50 57 50 21 4 3 2 2 2 1 1 1 1 2 2 2 2 2 2 3 3 3 3 3 3 2 2 2 2 3 3 3 3 3 3 3 3 3 3 3 3 3 3 3 3 3 2 2 2 3 4 7 10 14 17 20 23 24 26 28 29 30 32 61 103 95 54 46 53 57 58 57 58 59 54 46 40 39 44 47 54 56 57 57 54 54 48 39 36 37 45 53 56 57 57 52 52 53 44 36 35 40 45 53 57 59 61 61 58 54 
51 44 28 12 3 2 2 3 3 1 1 1 1 2 2 2 2 2 2 3 3 3 3 3 3 2 2 2 2 3 3 3 3 3 3 3 3 3 3 3 3 3 3 3 3 3 3 3 2 2 3 5 9 12 17 22 23 25 26 28 29 31 38 65 103 88 50 45 53 58 58 57 58 59 54 46 39 39 41 47 54 54 54 54 54 54 48 39 36 37 45 53 56 57 57 52 52 52 44 36 36 42 45 53 57 58 60 60 59 55 
45 33 18 7 3 3 2 2 2 1 1 2 2 2 2 2 2 2 2 3 3 2 2 2 2 2 2 2 2 2 2 2 2 2 2 2 2 2 2 2 2 2 2 2 2 3 3 3 2 2 3 5 8 11 17 22 24 24 25 28 30 31 43 66 96 73 42 44 54 58 58 57 58 59 54 46 39 39 41 45 52 55 55 53 51 52 47 40 37 37 45 52 54 54 54 52 52 52 45 37 37 42 46 53 56 57 59 59 58 55 
44 19 3 2 2 2 1 2 2 1 1 2 2 2 2 2 2 2 2 3 3 2 2 2 2 2 2 2 2 2 2 2 2 2 2 2 2 2 2 2 2 2 2 2 2 2 2 2 2 2 3 4 7 10 16 23 25 25 26 29 30 32 46 75 93 67 39 44 56 58 58 57 58 59 54 46 39 39 41 44 51 55 55 53 50 51 47 40 37 37 44 52 54 54 54 53 52 51 45 39 39 43 47 53 56 56 58 59 58 57 
49 24 4 1 2 2 2 2 2 1 1 1 2 3 3 3 3 3 3 3 3 2 2 2 2 2 2 2 2 2 2 2 2 2 2 2 2 2 2 2 2 2 2 2 2 2 2 2 2 3 3 4 5 9 16 23 26 29 30 30 32 36 56 92 89 54 33 46 56 59 58 58 59 59 53 46 40 37 40 43 50 54 54 52 50 51 46 40 36 35 43 51 54 54 53 53 52 52 46 40 39 43 47 52 56 56 57 57 57 56 
47 22 9 2 1 2 2 3 2 1 1 1 2 3 3 3 3 3 3 3 3 2 2 2 2 2 2 2 2 2 2 2 2 2 2 2 2 2 2 2 2 2 2 2 2 2 2 2 2 3 3 4 4 6 17 24 29 31 31 32 35 39 59 92 81 47 31 43 51 58 57 57 58 58 52 46 40 37 39 42 50 53 53 52 50 50 46 40 35 35 42 51 53 54 54 52 52 52 46 40 39 42 47 54 57 57 57 58 59 56 
51 30 17 3 1 2 2 2 1 2 2 2 2 3 3 3 3 3 3 3 3 2 2 2 2 2 2 2 2 2 2 2 2 3 3 3 3 3 3 3 3 3 2 2 2 2 2 3 3 3 3 3 2 4 18 28 33 35 33 35 36 45 61 88 77 45 34 40 46 59 57 57 58 57 52 46 39 37 38 42 50 53 53 51 50 50 46 40 35 35 40 50 53 54 54 51 53 53 47 40 37 40 47 56 59 58 57 58 59 57 
53 29 12 1 1 2 2 2 2 2 2 2 2 3 3 3 3 3 3 3 3 2 2 2 2 2 2 2 2 2 2 2 2 3 3 3 3 3 3 3 3 3 2 2 2 2 2 3 3 3 4 3 2 4 20 30 38 39 37 37 37 50 65 80 67 43 34 39 45 58 57 57 57 57 52 47 40 38 38 42 50 53 53 51 50 49 45 39 35 35 39 49 52 54 53 50 53 53 49 43 38 38 46 54 60 60 58 60 60 57 
57 25 7 3 2 2 3 3 2 2 2 2 2 2 2 3 3 3 3 3 3 2 2 2 2 2 2 2 2 2 2 2 2 2 2 2 2 2 2 2 3 3 2 2 2 2 2 2 3 3 3 3 2 5 25 36 41 43 39 40 39 56 71 79 60 39 34 39 46 57 55 55 57 55 52 47 40 38 38 42 50 53 53 51 50 47 44 39 35 35 39 47 52 56 53 50 53 53 49 43 39 39 45 53 59 60 59 60 63 57 
56 22 4 2 3 2 3 3 2 2 2 2 2 2 2 3 3 3 3 3 3 2 2 2 2 2 2 2 2 2 2 2 2 2 2 2 2 2 2 2 3 3 2 2 2 2 2 2 2 3 3 3 3 8 30 41 47 49 44 43 38 59 75 75 55 39 37 39 43 55 54 55 55 55 52 47 41 38 39 42 50 53 53 51 50 46 43 39 35 35 39 45 50 54 54 51 53 53 47 44 39 39 46 53 59 60 59 60 60 57 
60 24 4 3 3 3 3 3 3 2 2 2 2 2 2 2 2 2 2 2 2 3 3 3 3 3 3 3 3 2 2 2 2 2 2 2 2 3 3 3 3 3 3 3 3 3 2 2 3 3 3 3 3 6 26 42 50 51 48 46 45 64 81 70 46 39 38 40 44 53 54 55 55 55 52 47 41 38 39 42 50 53 53 50 49 45 43 38 35 35 39 45 49 54 54 51 52 53 47 43 38 38 45 53 58 60 59 60 60 57 
50 19 8 5 4 3 3 3 3 2 2 2 2 2 2 2 2 2 2 2 2 3 3 3 3 3 3 3 3 2 2 2 2 2 2 2 2 3 3 3 3 3 3 3 3 2 2 2 2 3 3 3 3 6 19 39 50 51 50 49 52 66 76 61 44 40 40 41 44 47 52 54 55 54 51 46 41 38 39 42 49 53 53 51 49 45 43 38 35 36 39 45 47 52 52 53 53 51 47 42 38 39 44 52 56 58 58 57 56 54 
39 18 10 6 5 4 4 2 2 2 2 2 2 2 2 2 2 2 2 2 2 3 3 3 3 3 3 3 3 2 2 2 2 2 2 2 2 3 3 3 3 3 3 2 2 2 1 1 1 2 3 3 3 5 14 36 49 51 50 50 57 63 60 48 45 40 40 40 42 46 49 52 53 52 49 45 40 39 39 42 46 51 52 50 47 45 43 39 36 36 39 44 47 50 51 52 53 51 47 43 38 40 45 50 54 58 57 54 52 50 
37 17 9 5 5 3 4 2 2 2 2 2 2 2 2 2 2 2 2 2 2 3 3 3 3 3 3 3 3 2 2 2 2 2 2 2 2 3 3 3 3 3 3 2 2 2 1 1 1 2 2 2 3 4 14 37 57 59 54 51 56 57 59 48 45 39 39 39 42 43 45 49 51 50 45 43 42 40 40 40 42 45 47 49 47 43 40 37 34 34 38 41 44 47 50 52 53 49 45 41 38 40 43 47 52 54 52 51 51 48 
24 11 8 6 5 3 3 3 2 2 2 2 2 2 2 2 2 2 2 2 2 3 3 3 3 3 3 3 3 2 2 2 2 2 2 2 2 2 2 2 2 1 1 1 2 2 1 2 2 2 3 3 3 4 14 38 60 64 58 54 52 53 56 44 40 39 39 39 40 40 43 45 46 45 43 42 40 39 40 43 41 41 44 46 47 40 38 35 32 32 35 38 40 46 47 50 51 46 42 39 37 37 39 44 47 47 47 46 46 44 
19 9 7 6 5 3 3 3 2 2 2 2 2 2 2 2 2 2 2 2 2 3 3 3 3 3 3 3 3 2 2 2 2 3 3 2 3 3 2 2 2 1 1 1 2 2 2 3 3 4 4 3 2 3 10 35 61 65 59 56 53 52 51 39 39 39 39 39 39 39 40 43 43 43 40 40 40 40 40 43 41 40 40 41 44 39 37 33 31 31 32 36 38 43 45 47 48 46 42 37 33 35 38 42 44 40 44 46 44 40 
22 10 9 5 5 4 4 4 3 3 3 3 4 3 3 3 3 3 3 3 3 4 4 4 4 4 4 4 4 5 5 5 5 6 9 9 9 9 9 11 11 11 10 9 9 8 8 8 6 8 6 4 3 2 8 31 59 60 57 54 54 50 43 38 38 36 38 39 39 39 39 40 40 42 40 40 40 40 40 41 41 40 39 38 40 38 36 33 32 31 32 35 36 38 39 39 42 42 40 38 35 32 36 38 39 40 40 39 38 37 
25 12 10 5 4 3 4 3 4 4 4 4 4 3 3 3 3 3 3 3 3 4 4 4 4 4 4 4 4 6 11 11 12 15 17 19 16 17 20 23 25 27 31 30 26 23 18 15 13 11 10 7 6 4 5 30 57 58 54 54 54 49 40 37 38 36 37 38 38 39 39 40 39 40 40 39 39 39 39 40 40 40 39 37 37 37 35 32 30 30 31 32 33 35 36 36 38 38 37 36 32 30 32 36 36 37 37 35 35 32 
28 15 12 9 8 6 8 9 9 9 11 11 12 12 12 14 14 14 15 15 15 16 16 17 17 16 16 17 17 18 25 25 28 29 31 32 32 33 35 33 29 26 33 35 36 35 32 30 29 28 25 23 16 10 9 24 53 61 57 53 52 46 39 36 37 36 37 38 38 40 40 39 38 39 39 38 38 39 39 39 39 39 39 37 37 36 32 30 28 26 28 29 30 31 32 35 35 35 35 33 31 29 29 31 32 32 32 31 31 31 
33 21 24 26 25 26 31 31 31 30 30 30 33 33 35 36 37 37 37 36 36 37 37 38 39 38 39 40 37 36 44 44 46 46 49 50 50 46 36 29 26 24 24 28 31 32 35 39 40 40 39 39 33 29 22 28 54 61 59 54 51 46 37 36 37 37 38 38 38 40 40 39 38 38 38 38 38 39 39 39 39 39 39 37 37 35 31 29 28 26 28 26 28 28 29 30 30 31 31 30 29 28 28 29 30 30 29 29 29 30 
50 43 49 49 49 50 51 52 52 52 50 47 46 49 47 47 47 47 49 51 51 53 53 55 55 55 55 54 54 54 57 58 57 59 61 60 60 57 47 40 33 30 31 31 31 31 31 31 32 33 37 39 52 46 33 42 54 57 57 52 46 45 39 37 37 37 37 38 38 38 38 38 38 38 38 38 38 37 38 38 38 37 37 37 37 33 31 29 28 26 26 25 26 28 28 28 28 28 28 28 28 28 28 29 29 29 28 29 30 29 
71 66 71 68 66 65 64 63 63 60 54 52 50 45 42 39 39 40 46 53 54 57 58 60 60 60 60 59 60 59 60 61 61 62 62 60 61 61 61 57 50 43 45 45 44 39 36 32 33 35 36 45 60 60 52 57 59 59 54 47 43 41 39 37 37 37 37 37 37 38 38 38 37 37 37 37 37 38 38 37 37 36 36 36 36 33 30 28 28 26 26 25 26 26 28 28 28 28 28 28 28 28 28 28 28 28 28 28 29 29 
88 77 73 70 64 61 59 57 53 50 45 42 38 29 26 24 24 30 43 54 58 58 57 58 60 59 59 59 60 61 61 61 61 61 61 60 60 60 59 59 58 54 54 55 55 53 50 46 46 46 44 52 63 66 68 72 68 64 51 40 38 39 38 37 37 37 37 37 37 37 37 37 37 37 36 36 36 37 37 36 36 35 35 35 35 32 29 28 26 27 26 25 25 26 28 28 28 28 28 28 28 28 28 28 28 28 28 28 29 28 
87 75 68 66 58 50 42 39 36 32 31 29 28 29 31 32 32 42 58 63 61 60 59 59 60 59 59 59 60 61 61 61 61 61 60 60 59 59 58 58 57 57 57 58 58 58 58 56 56 56 54 58 63 68 77 81 77 65 46 39 38 39 38 37 37 37 37 37 37 37 37 37 37 35 33 33 35 35 33 33 33 33 32 32 32 31 29 26 26 27 26 25 26 26 28 28 28 28 28 28 28 28 28 28 28 28 28 28 29 28 
72 71 67 70 58 36 31 30 30 31 35 37 39 50 52 52 52 56 60 63 61 61 60 59 59 60 60 60 61 60 60 61 61 61 60 60 59 58 57 57 56 56 56 55 57 57 58 57 57 58 58 61 64 70 81 86 79 63 43 37 37 38 37 35 35 35 33 33 33 35 35 35 35 35 33 33 33 33 33 33 33 33 33 33 33 31 29 26 26 27 26 25 26 26 28 28 28 28 28 28 28 28 28 28 28 28 28 28 29 28 
73 73 75 78 64 36 42 43 49 51 54 55 59 65 65 64 64 63 61 63 63 63 60 60 58 60 60 60 61 60 60 61 61 61 60 59 59 58 57 56 54 54 54 55 55 56 56 54 54 54 56 60 65 70 79 84 74 58 42 38 36 36 36 33 32 32 32 31 31 32 32 32 32 33 33 33 33 32 32 32 32 32 32 32 32 31 29 26 26 27 26 26 26 28 28 28 28 28 28 28 28 28 28 28 28 28 28 28 29 28 
75 75 77 77 68 50 54 56 58 59 61 62 64 61 61 62 65 64 63 63 63 61 60 59 59 61 61 61 61 62 62 62 62 61 62 60 59 58 58 57 54 55 55 54 56 56 56 56 54 55 57 60 66 71 79 84 73 54 40 37 35 33 33 31 31 31 30 30 30 31 31 31 31 31 31 31 31 30 30 30 30 30 30 30 30 30 29 26 26 27 26 26 26 28 28 28 28 28 28 28 28 28 28 28 28 28 28 28 29 28 
78 77 77 74 68 64 63 61 60 61 63 65 62 60 59 61 62 63 63 61 61 61 59 59 59 61 61 61 61 62 62 62 62 62 62 60 60 60 58 57 57 58 58 56 57 57 56 56 56 55 58 60 65 71 79 84 77 57 42 37 31 30 30 29 29 29 28 28 28 29 29 29 29 29 29 29 29 29 28 28 28 28 28 28 28 30 29 26 26 27 27 25 26 26 28 28 28 28 28 28 28 28 28 28 28 28 28 28 29 28 
78 75 77 73 67 66 66 65 65 65 65 64 61 61 60 60 62 63 63 61 60 60 59 59 60 60 60 60 61 61 61 61 61 62 62 62 61 61 61 59 58 59 58 57 58 57 57 58 58 57 57 59 65 69 79 85 74 57 44 37 30 29 29 26 26 26 26 26 26 28 28 28 28 28 28 28 28 29 29 29 29 29 29 29 29 30 30 27 27 27 27 27 27 29 29 29 29 29 29 29 29 28 28 28 28 28 28 28 28 29 
78 77 77 73 68 66 66 65 65 65 65 65 63 62 62 64 64 63 63 61 60 60 60 59 59 60 61 61 61 61 61 61 61 62 62 62 61 61 61 59 59 59 59 58 58 57 57 58 58 57 58 59 64 68 79 86 81 65 49 38 30 29 27 26 26 26 26 26 26 28 28 28 28 28 28 28 28 27 27 27 27 29 29 29 29 30 30 27 27 27 27 27 27 29 29 29 29 29 29 29 29 28 29 28 28 28 28 29 29 29 
77 77 77 72 68 66 65 65 64 64 64 65 64 63 63 63 63 63 61 61 60 60 60 59 59 60 60 60 61 61 61 61 61 62 62 60 60 60 60 58 58 58 58 59 59 58 57 58 58 57 58 59 63 67 75 87 86 73 54 38 29 26 24 25 24 25 26 26 25 26 26 26 26 27 26 26 27 27 26 26 26 27 27 27 27 29 29 27 27 27 27 27 27 29 29 29 29 29 29 29 29 28 28 28 28 28 28 29 30 30 
79 78 77 72 68 66 65 65 64 64 64 64 64 63 63 64 64 63 61 61 60 60 59 59 59 60 60 60 61 61 60 60 60 61 61 60 59 60 60 58 58 58 58 59 59 58 58 59 59 58 58 59 63 64 72 88 90 75 53 36 28 25 22 24 24 25 25 25 25 25 25 25 25 26 26 26 26 26 26 26 26 27 27 27 27 27 27 27 27 27 27 27 27 29 29 29 29 29 29 29 29 28 28 28 28 28 29 29 30 30 
84 79 77 72 68 66 65 65 64 64 64 64 63 63 61 63 63 61 61 60 60 60 59 59 59 59 59 59 60 60 60 61 61 61 60 60 59 59 59 59 58 58 58 58 58 58 58 58 58 58 58 59 61 63 72 88 89 76 52 31 28 25 24 23 24 23 24 24 24 24 24 24 24 25 25 25 26 26 25 25 25 26 26 26 27 27 27 27 27 27 27 27 27 29 29 29 29 29 29 29 29 28 28 28 28 28 28 28 29 29 
88 79 75 72 68 66 65 65 64 64 64 64 63 63 61 61 61 61 61 60 60 60 59 59 59 59 59 59 60 60 60 61 61 61 60 60 59 59 59 59 58 58 58 58 59 59 58 58 58 58 58 59 61 63 71 83 90 83 54 32 29 26 24 22 23 23 24 24 24 23 23 23 23 24 24 24 25 25 25 25 25 26 26 26 26 26 26 26 26 26 26 26 27 27 29 29 29 29 29 29 29 28 28 28 28 28 28 28 29 29 
89 81 76 72 68 66 65 65 64 64 63 63 63 61 61 61 60 60 60 60 60 59 59 60 59 58 58 58 59 60 60 60 60 60 60 59 59 60 60 59 59 58 58 58 58 58 58 59 59 57 57 59 60 61 67 79 89 82 51 33 29 26 25 24 23 24 25 26 26 25 24 23 23 24 25 25 26 25 25 26 26 26 26 26 26 26 27 26 26 25 25 27 27 29 29 29 29 29 29 29 29 28 28 28 28 28 29 29 29 29 
90 82 76 72 68 66 65 65 64 64 63 63 63 61 61 61 60 60 60 60 59 59 59 59 59 58 58 58 59 59 59 60 60 60 60 59 59 60 60 59 59 58 58 58 58 58 58 59 59 58 58 58 60 61 64 73 85 74 44 32 30 28 26 25 24 24 25 26 26 25 24 24 23 25 25 25 26 25 25 26 26 26 26 26 27 27 27 27 27 26 26 27 27 29 29 29 30 29 29 29 29 28 28 28 28 29 29 29 29 29 
92 81 75 71 68 66 64 64 63 63 63 63 63 61 61 61 60 60 60 61 61 60 60 59 58 58 58 58 59 59 59 60 60 61 60 60 59 60 59 59 59 59 59 58 58 58 58 58 58 58 58 59 60 60 63 64 70 64 42 32 29 26 28 26 25 25 26 27 27 26 25 25 25 25 26 26 27 25 25 26 26 26 26 27 27 26 28 26 26 26 26 26 28 29 29 29 30 30 30 30 30 30 30 29 29 28 29 29 29 29 
92 82 75 72 68 66 65 64 63 63 63 61 61 61 61 61 60 60 60 61 61 60 60 59 58 58 58 58 58 58 59 59 59 60 60 59 59 59 59 59 59 59 58 57 57 57 57 58 58 58 58 58 59 60 63 64 75 73 45 31 28 26 26 26 26 26 26 27 27 27 27 27 27 27 27 27 27 28 28 28 28 29 29 30 30 28 29 29 28 29 29 29 29 30 30 30 30 30 30 30 30 30 30 29 29 28 29 29 30 30 
