1 1 1 1 1 1 1 2 11 32 33 46 75 81 72 54 24 7 2 1 1 1 1 1 1 1 1 1 1 1 1 1 2 3 21 44 32 32 29 30 30 29 30 30 31 35 39 40 40 38 36 43 60 76 88 93 93 97 99 97 88 71 58 45 37 32 30 30 30 29 30 30 29 30 30 30 30 30 30 29 29 29 29 30 30 30 30 30 29 29 29 29 29 29 30 30 30 30 30 31 31 31 31 30 31 35 35 35 35 36 39 44 49 
1 1 1 1 1 1 1 2 13 45 60 68 72 73 68 56 30 10 2 1 1 1 1 1 1 1 1 1 1 1 1 1 2 3 12 35 36 35 31 32 32 32 31 31 33 36 38 40 40 43 50 60 71 82 93 96 94 99 99 94 79 60 49 38 34 32 31 30 30 30 30 30 30 30 30 30 30 30 30 30 30 30 30 30 30 30 30 30 30 30 30 31 31 31 32 31 33 35 35 33 33 33 32 32 32 33 33 33 31 31 30 31 35 
1 1 1 1 1 1 1 3 10 38 64 72 59 54 52 38 22 9 3 2 1 1 1 1 1 1 1 1 1 1 2 3 2 2 10 29 36 36 32 32 35 35 33 35 35 37 40 40 40 44 53 66 81 87 94 95 97 100 97 86 70 56 44 36 31 30 31 31 31 31 31 31 32 32 30 31 31 31 31 31 31 30 30 31 31 30 30 30 31 32 32 32 33 33 35 35 35 36 36 36 36 36 35 36 36 36 35 35 35 33 29 26 28 
1 1 1 1 2 2 1 2 4 27 57 67 49 46 44 26 18 8 3 2 1 1 1 1 1 2 2 2 3 4 5 9 7 4 11 32 37 37 35 33 35 35 35 35 37 39 42 42 42 46 59 73 88 90 94 96 101 102 95 81 63 49 39 32 30 31 31 32 32 32 32 32 32 32 31 31 31 31 31 31 31 31 31 32 32 32 32 32 33 35 35 35 35 35 35 35 35 36 36 36 37 37 37 37 37 38 37 36 36 35 31 26 26 
1 1 1 1 2 2 1 2 3 25 53 57 50 45 40 29 21 8 3 2 1 1 1 2 2 2 4 7 8 10 11 15 14 10 11 26 36 36 36 36 35 36 36 36 37 40 43 43 43 54 71 81 93 94 95 97 101 99 90 74 56 42 36 32 31 31 31 32 32 32 32 32 32 32 31 31 31 31 31 31 31 31 31 32 32 33 35 35 36 37 37 37 36 36 36 36 36 36 36 36 37 37 37 37 37 39 38 36 36 35 31 29 30 
1 1 1 2 2 2 2 2 2 16 38 46 40 38 37 29 22 8 3 2 1 1 2 2 2 3 5 9 11 14 16 15 16 14 12 29 33 35 35 36 33 32 35 36 36 38 43 42 45 60 75 87 94 95 97 101 101 95 84 67 47 37 33 32 30 31 31 31 32 32 32 32 31 31 30 31 31 31 30 31 31 31 31 32 32 33 36 37 38 38 38 37 37 37 37 36 36 36 36 36 37 37 37 39 39 39 38 36 35 32 31 30 32 
1 1 1 2 2 2 3 3 1 10 29 43 45 42 43 39 28 11 4 2 1 1 2 2 3 5 8 11 14 15 18 16 16 17 22 40 35 35 36 36 33 32 35 35 35 37 41 46 52 68 83 93 95 96 97 100 99 93 79 61 42 33 31 30 30 30 30 31 31 31 31 31 31 31 30 31 31 31 30 31 31 31 31 32 33 35 37 39 38 39 39 38 37 37 38 37 37 37 37 36 37 38 37 38 38 37 38 37 36 31 29 30 32 
1 1 2 2 2 3 3 3 1 7 28 42 50 47 46 46 35 16 4 3 2 2 2 2 4 8 10 12 15 18 20 20 19 21 31 44 36 35 36 36 33 33 33 35 35 36 36 47 65 81 93 96 96 97 99 100 96 85 71 53 38 32 30 29 30 30 30 31 31 30 30 30 31 31 30 31 31 31 31 31 31 32 32 32 32 35 38 40 40 39 39 38 38 38 38 37 37 37 37 37 37 38 37 37 38 37 37 37 37 32 29 31 33 
1 1 1 2 1 2 2 1 2 6 18 42 52 49 46 49 42 24 4 3 2 2 3 4 6 9 11 15 17 19 22 21 22 22 27 37 45 35 33 35 35 33 35 35 37 37 46 59 73 86 93 95 96 97 99 100 93 78 60 45 35 30 29 29 30 30 30 31 30 30 30 30 30 30 30 31 31 30 31 31 31 31 32 32 32 35 37 39 39 39 38 38 38 38 38 37 36 37 37 37 37 37 36 37 37 37 37 36 35 30 29 31 33 
1 1 1 1 1 2 2 1 3 6 17 39 51 49 47 51 49 30 8 4 2 2 3 4 6 9 11 15 17 19 21 21 22 22 25 46 52 37 33 35 35 33 35 37 38 42 50 67 82 92 94 96 96 97 99 96 87 71 52 38 32 30 29 29 30 30 30 31 30 30 30 30 30 30 29 30 30 30 30 30 30 31 31 31 32 33 36 39 39 38 38 38 38 36 37 36 37 37 37 37 37 36 36 36 37 37 35 32 32 30 30 32 35 
1 1 1 1 1 1 2 1 2 7 17 38 51 50 49 54 53 37 12 5 3 3 2 3 5 9 12 15 17 20 22 22 24 24 26 51 58 41 33 35 37 36 36 38 39 46 60 77 88 94 95 96 97 97 99 94 81 64 46 35 31 29 28 29 30 30 30 31 30 30 30 30 30 29 29 30 30 30 30 30 30 30 30 31 32 32 36 38 39 38 38 39 39 37 37 37 36 36 36 36 37 37 36 36 36 36 35 32 30 31 31 32 35 
1 1 1 1 1 1 0 1 2 8 18 38 46 49 50 52 54 44 20 11 3 4 4 4 7 9 12 15 17 19 20 22 23 23 28 58 66 46 36 37 37 36 37 39 43 54 70 84 92 95 96 96 97 96 96 88 73 54 39 32 30 29 28 29 29 29 29 30 30 30 30 30 29 29 29 30 30 30 30 30 30 29 30 30 31 32 35 37 38 38 38 38 38 37 37 37 36 36 36 36 36 36 37 37 36 36 35 32 31 31 31 32 33 
1 1 1 1 1 1 1 1 3 9 19 33 42 47 46 48 54 48 28 18 3 4 5 4 7 9 11 14 18 19 19 22 22 22 29 61 70 49 39 37 36 36 37 40 49 61 78 89 94 96 96 97 97 96 94 84 66 47 36 31 29 29 29 29 29 29 29 30 30 29 29 29 29 29 29 29 29 29 29 29 29 28 29 30 30 31 32 33 36 37 37 36 37 37 37 36 35 36 36 36 37 37 36 36 36 36 33 31 31 31 32 32 32 
1 1 1 1 1 1 1 1 3 9 19 29 39 43 41 43 50 47 32 23 5 4 5 4 7 9 11 14 17 19 19 19 21 22 27 64 75 53 42 37 36 36 38 44 54 68 83 94 96 96 96 97 97 99 90 77 58 42 33 31 30 29 29 29 30 30 30 30 29 29 29 29 29 29 29 29 29 29 29 29 29 29 29 30 29 30 30 30 32 35 36 36 37 37 37 36 36 36 36 36 37 37 35 35 36 36 33 31 29 29 31 31 32 
1 1 1 1 1 0 0 1 1 7 18 29 36 38 34 37 45 46 35 25 8 4 4 4 7 9 10 12 15 17 18 18 22 22 24 61 85 59 42 37 36 36 40 51 63 74 87 95 95 96 96 97 96 96 86 70 52 37 30 29 29 29 28 29 30 30 30 30 29 29 29 28 29 29 29 29 29 29 29 30 30 29 29 29 29 29 28 29 30 32 33 35 34 36 36 36 36 36 36 36 38 37 36 36 36 36 33 30 28 29 29 29 30 
1 1 1 1 1 0 0 1 1 5 19 31 32 35 34 31 34 45 36 22 10 5 4 5 7 9 10 11 13 16 18 18 22 22 22 60 92 61 43 37 37 37 45 57 70 80 91 96 95 96 96 97 96 93 80 63 46 35 31 29 29 29 29 30 29 29 29 29 29 29 29 28 29 29 29 29 29 29 29 29 29 29 29 29 29 28 28 29 30 31 33 33 36 34 36 37 36 36 36 37 38 38 36 36 37 36 32 30 29 29 28 28 28 
1 1 1 1 1 1 1 1 1 5 20 34 32 35 36 33 36 45 37 22 9 5 5 6 7 8 11 12 12 15 17 18 22 21 21 60 94 66 42 36 37 39 49 63 76 87 92 96 96 96 95 97 96 88 74 56 40 32 30 29 29 30 30 30 30 29 29 29 29 29 29 29 29 29 29 29 29 29 29 29 29 29 29 29 28 28 26 28 30 31 33 35 35 35 33 36 36 38 38 37 37 37 38 39 37 36 32 30 30 30 28 28 28 
1 1 1 1 1 1 1 1 1 5 23 39 38 40 43 42 43 47 42 29 11 5 4 6 7 9 11 12 12 15 17 18 22 22 21 60 102 73 43 36 37 40 53 68 81 90 95 96 96 96 95 97 95 86 68 50 36 30 29 29 29 29 30 30 30 29 29 29 29 29 29 29 28 29 29 29 29 29 29 29 29 29 29 29 28 28 26 28 29 31 33 35 36 36 36 37 38 38 38 39 39 39 40 40 37 35 31 29 30 30 28 28 28 
1 1 1 1 1 1 2 2 1 8 24 41 43 44 46 45 47 51 45 32 15 5 3 5 7 9 11 12 13 16 18 19 22 23 19 59 96 71 45 37 39 43 56 73 85 93 95 95 96 96 96 96 93 79 60 45 33 29 29 28 29 29 30 29 29 29 29 29 29 29 29 29 29 29 29 29 29 29 29 29 29 29 29 29 28 28 28 29 29 30 33 36 37 39 42 42 42 43 43 44 45 45 45 43 39 36 33 32 31 30 29 29 29 
1 1 1 1 1 1 2 2 1 8 22 39 47 50 49 46 47 50 45 36 17 5 3 5 8 9 12 13 15 16 18 20 22 23 21 56 89 69 43 38 42 46 63 78 87 94 94 95 95 95 96 96 89 71 54 39 31 29 29 29 29 29 29 29 29 29 29 29 29 28 28 29 29 29 29 29 29 29 29 29 28 29 29 28 28 28 28 29 29 30 35 39 39 45 49 49 50 51 52 52 52 52 52 49 42 36 34 34 33 33 30 29 29 
1 1 1 1 1 1 2 3 1 7 17 32 49 52 47 47 46 47 43 37 21 6 3 5 8 9 11 14 15 16 17 18 21 23 21 56 90 71 41 40 46 54 67 81 89 94 94 95 95 95 96 95 85 66 49 36 31 30 29 29 29 29 29 29 28 29 29 29 28 29 30 30 29 29 28 28 28 28 28 28 28 29 29 28 28 28 28 29 29 30 35 42 48 54 58 60 59 60 61 63 63 60 60 54 44 37 36 36 37 34 30 29 29 
1 1 1 1 1 1 2 2 1 4 10 25 50 51 47 47 46 46 43 39 24 9 3 5 8 9 12 14 15 16 17 19 21 22 21 53 86 72 40 41 51 60 72 82 90 94 93 94 95 95 96 92 79 58 43 33 30 30 29 28 29 29 29 28 28 28 28 28 29 29 29 29 29 28 28 28 28 28 28 28 28 28 28 28 28 28 28 28 30 32 38 49 59 64 66 68 68 68 70 71 70 68 66 58 46 39 38 38 37 33 30 29 29 
1 1 1 1 1 1 2 2 1 3 6 17 50 50 49 49 46 46 44 42 29 11 3 5 8 9 12 14 15 16 16 18 21 23 22 53 87 75 43 45 54 65 77 85 90 93 93 93 94 94 94 87 73 52 39 32 29 29 29 29 29 29 29 29 29 29 29 29 29 29 29 29 29 28 28 28 28 28 28 28 28 28 28 28 28 26 26 28 30 33 42 53 64 70 73 75 76 75 76 76 74 71 65 56 47 43 40 40 37 32 31 31 29 
1 1 1 1 1 1 2 2 1 2 6 16 35 50 50 49 47 47 45 43 35 17 4 5 8 10 12 14 15 15 16 18 19 23 22 52 89 79 47 51 60 68 80 86 90 93 93 93 94 94 93 82 66 45 37 31 29 29 30 29 29 30 29 29 29 29 29 29 29 28 28 28 28 28 26 28 28 28 28 28 28 28 28 28 28 26 28 28 30 32 40 53 66 73 75 78 79 80 79 79 78 72 63 54 47 44 44 44 39 33 32 31 30 
1 1 1 2 1 2 2 2 1 2 11 24 40 47 50 50 47 47 45 44 39 22 8 6 7 9 11 13 14 14 16 17 21 23 22 49 88 85 59 53 63 71 84 88 91 93 92 93 93 93 89 75 60 42 36 31 29 30 30 30 30 29 30 30 30 30 30 30 29 29 29 29 29 29 28 28 28 26 26 26 26 26 26 26 26 26 26 28 30 35 45 58 68 75 75 77 78 79 78 79 80 74 63 53 47 46 45 44 39 35 32 31 29 
1 1 1 1 1 2 2 2 1 1 10 22 37 45 50 50 47 47 46 45 43 25 9 5 7 7 11 13 14 14 15 17 21 22 24 47 89 84 59 57 66 74 86 90 93 93 93 93 94 92 81 68 56 42 35 29 29 30 30 30 30 29 29 30 31 32 31 31 31 31 31 32 32 29 29 28 28 28 28 28 28 26 26 26 26 26 28 30 31 37 51 63 71 77 77 77 78 78 77 77 79 71 58 50 46 46 46 44 39 33 32 31 29 
1 1 1 1 2 2 2 2 2 2 10 19 33 42 49 51 49 47 47 46 44 29 10 5 7 8 11 13 12 12 16 18 21 22 23 47 92 82 56 56 71 78 86 90 94 93 93 93 94 90 78 64 52 39 32 28 29 30 31 31 30 29 29 31 33 35 33 33 33 35 37 38 36 30 30 29 29 29 28 28 28 26 26 26 26 28 29 30 32 38 51 63 72 77 77 75 75 77 75 77 76 64 52 46 45 46 49 47 40 33 32 32 28 
1 1 1 1 1 2 2 3 2 2 10 18 30 38 46 50 50 49 49 49 43 30 12 5 5 8 10 13 11 14 16 18 22 23 22 50 94 82 54 54 67 74 81 86 89 89 90 90 93 87 73 60 50 38 31 26 29 32 31 32 32 30 31 33 36 38 39 40 40 43 46 49 45 37 33 31 31 30 29 28 28 28 28 26 28 28 28 30 35 43 53 63 72 75 75 73 73 74 73 73 72 60 47 45 45 48 52 53 46 38 35 31 28 
1 1 1 1 1 2 2 3 2 3 10 18 30 37 46 51 50 50 49 49 44 32 16 6 5 8 9 10 12 15 17 19 22 22 22 53 100 83 52 52 63 67 74 82 85 86 89 93 94 82 68 54 44 36 31 28 30 33 33 33 33 32 31 33 36 39 43 45 50 52 54 58 54 45 39 33 32 31 29 28 28 28 28 28 29 29 30 31 40 48 54 63 71 73 72 73 72 71 71 69 66 56 46 44 46 50 54 56 51 43 37 31 27 
1 1 1 1 1 2 2 2 1 2 10 18 29 35 44 48 47 47 47 47 44 35 18 7 5 8 9 10 12 16 18 21 22 22 21 54 98 81 50 51 57 60 67 78 85 86 90 93 92 77 63 51 39 32 31 30 31 33 33 33 33 33 32 33 36 38 42 46 50 58 63 65 63 53 44 37 33 31 29 29 29 29 29 30 30 31 32 35 43 52 57 63 67 68 67 67 66 65 66 65 61 52 44 42 46 51 54 56 51 43 37 31 29 
1 1 1 1 1 2 2 3 2 3 11 19 26 31 39 44 45 45 43 43 42 35 21 9 5 8 9 10 13 17 18 21 22 22 22 54 93 75 49 50 54 54 66 78 82 85 89 90 87 72 59 45 36 31 31 30 31 33 35 35 36 36 33 33 36 39 43 44 43 54 61 64 61 54 46 39 34 32 32 32 32 32 31 32 33 34 37 39 42 49 59 62 64 63 63 63 60 59 58 58 56 49 40 39 44 50 53 53 50 46 40 37 35 
1 1 1 1 1 2 2 3 2 4 12 20 25 29 37 42 43 40 38 38 40 33 22 11 5 7 9 11 13 17 19 21 22 21 25 54 92 70 49 50 53 53 66 79 80 85 89 88 80 66 52 43 33 30 29 30 32 33 33 33 35 35 33 33 36 39 41 39 38 50 57 59 57 53 47 39 36 36 37 36 34 34 36 38 39 40 43 44 42 46 55 60 60 60 59 59 57 58 58 58 56 50 44 43 47 52 52 54 53 53 50 49 49 
1 1 1 1 1 1 2 3 3 4 12 22 24 28 36 39 39 36 37 38 37 33 22 12 7 7 9 11 15 18 22 22 21 21 30 58 91 66 49 52 52 54 64 75 79 84 88 87 78 63 52 42 32 28 30 31 33 33 33 33 32 31 32 33 33 36 37 38 40 47 54 57 56 52 47 43 40 39 42 42 40 42 44 46 46 49 51 52 51 53 58 60 61 61 63 63 63 64 64 65 64 60 58 57 60 64 65 66 66 66 67 66 67 
1 1 1 1 1 1 2 4 3 5 15 20 23 28 35 38 37 33 35 36 35 31 22 14 8 8 9 10 15 19 22 23 21 21 32 59 85 61 49 54 52 54 64 72 78 85 89 87 78 64 56 45 32 32 36 37 38 38 38 38 39 42 43 43 44 44 46 47 49 51 53 58 57 53 53 54 54 53 53 53 54 57 59 61 61 63 64 66 67 67 68 71 71 72 72 73 74 73 74 74 74 74 74 77 78 78 81 82 82 84 85 83 85 
1 1 1 1 2 2 3 5 5 8 16 21 23 29 35 36 36 33 32 32 32 29 21 14 9 8 10 11 15 20 23 23 22 21 33 64 77 51 40 46 46 48 57 68 77 85 89 88 82 74 67 56 43 47 52 50 51 51 53 53 53 56 57 57 58 59 59 60 60 63 66 68 67 65 66 70 71 71 72 72 72 75 77 78 79 79 79 81 82 81 81 82 84 84 86 87 87 87 87 87 86 87 89 90 90 92 94 94 95 95 95 95 96 
1 1 1 2 2 3 5 8 9 16 19 22 23 27 32 32 33 32 31 31 31 28 21 15 10 8 10 11 15 19 22 23 22 21 33 75 67 45 35 42 41 44 52 65 75 86 90 90 88 82 77 67 63 65 67 66 67 68 69 69 68 68 71 73 74 74 74 74 77 78 80 82 82 82 82 84 85 85 87 88 88 89 90 93 92 92 92 93 93 93 93 94 94 94 95 96 98 98 97 97 97 97 99 99 100 100 100 100 101 100 100 100 101 
2 1 2 3 3 4 5 9 12 18 22 23 24 27 30 31 31 29 29 30 29 29 22 15 11 9 10 11 15 19 22 23 22 22 34 76 63 39 32 38 39 41 51 63 75 88 93 93 94 89 85 82 80 81 82 81 82 82 82 82 86 86 86 88 89 90 89 89 90 90 90 92 93 93 93 94 94 94 95 96 98 98 100 101 100 99 97 100 100 100 101 101 101 102 102 103 104 104 104 103 101 101 102 102 103 103 103 103 102 102 101 102 103 
2 3 3 3 4 3 5 10 14 19 23 25 26 30 31 31 31 30 29 29 29 25 22 16 11 10 10 11 15 19 23 24 23 23 36 74 61 39 29 34 39 41 51 64 78 88 95 96 96 94 93 93 93 92 92 92 92 92 93 93 94 94 94 95 97 98 97 97 97 96 96 96 97 96 96 97 97 97 97 97 98 98 100 102 101 101 101 101 102 101 102 101 102 102 102 103 103 103 102 102 101 101 101 102 104 104 103 103 101 101 101 102 103 
3 4 5 9 11 15 17 22 24 25 28 30 31 32 31 32 31 30 30 30 29 26 22 17 13 11 10 11 12 18 23 25 24 24 35 70 64 42 31 38 39 43 54 66 78 87 95 95 96 96 97 98 98 96 95 95 95 95 94 94 94 94 94 95 96 97 97 97 97 96 96 97 96 96 96 96 96 96 96 96 97 97 98 100 100 100 100 98 100 100 99 97 99 99 99 100 100 100 99 99 100 100 100 100 102 103 102 102 101 102 102 101 100 
3 4 5 22 35 49 52 56 44 43 42 42 38 34 31 31 29 29 29 29 30 29 29 18 15 11 10 11 12 17 23 25 25 25 36 66 66 46 40 44 43 49 58 67 79 87 94 95 97 97 100 100 98 98 97 97 97 97 96 96 96 96 96 96 96 97 97 97 97 97 97 97 96 95 96 96 96 97 96 96 97 97 97 97 97 97 97 97 97 97 96 96 96 97 97 99 99 99 97 97 97 97 98 100 101 101 101 101 98 100 101 100 97 
4 5 8 11 33 81 107 111 108 85 64 55 50 39 33 35 35 35 35 37 35 32 30 28 17 12 10 10 12 18 24 26 25 25 36 61 63 40 31 37 40 42 51 66 75 86 91 95 97 97 97 97 98 98 97 96 95 95 96 96 96 96 97 96 96 97 96 96 96 95 94 94 94 94 94 94 95 95 95 94 94 95 95 95 95 95 95 94 95 95 95 95 95 95 96 97 97 97 96 96 96 96 96 96 96 96 96 96 96 96 97 96 96 
3 4 14 11 74 153 194 201 200 177 153 136 112 102 78 67 61 60 53 46 45 46 47 44 26 16 12 11 14 19 25 29 26 24 37 60 56 33 28 32 36 38 50 63 64 75 85 91 94 95 94 94 95 95 95 95 94 94 95 95 95 95 95 95 95 96 94 94 94 93 93 93 93 93 93 93 94 94 94 93 93 94 94 94 93 93 93 93 93 94 94 94 94 94 95 96 96 95 95 95 95 94 94 94 93 92 92 93 93 90 90 93 93 
3 4 17 16 103 206 238 244 247 244 238 222 201 195 182 149 124 115 104 97 78 66 58 48 29 19 17 13 15 21 27 31 28 24 37 61 54 32 26 31 36 39 50 60 53 63 73 82 90 93 90 90 90 93 93 92 92 93 93 93 93 93 93 93 93 93 92 92 92 90 90 90 90 90 90 90 92 92 93 92 92 93 92 92 90 90 90 90 90 92 92 92 92 93 94 94 94 93 93 93 94 93 90 88 86 86 86 87 87 86 86 88 90 
3 4 9 21 99 214 250 251 254 254 254 252 250 247 237 235 233 233 213 202 158 133 118 93 49 16 10 20 18 23 29 31 28 24 37 64 53 35 25 32 37 40 50 63 49 53 63 73 80 87 88 90 92 90 92 92 90 92 92 92 92 93 93 93 94 94 93 92 92 90 90 90 90 88 88 89 89 89 90 90 92 93 92 92 92 90 90 90 90 89 89 90 90 92 93 93 93 92 90 90 91 88 85 81 79 79 78 78 79 79 81 85 87 
5 4 15 23 98 210 249 250 253 254 252 252 251 251 250 250 249 248 244 239 236 220 201 177 111 36 11 32 24 26 29 30 30 27 38 65 54 32 30 37 40 43 50 54 44 39 49 61 73 84 87 90 93 92 90 90 91 91 92 92 92 94 94 94 94 93 92 92 92 90 89 89 88 88 88 89 89 89 90 92 92 92 92 92 90 90 90 92 90 89 89 89 90 92 93 93 93 92 92 90 87 85 81 78 73 72 72 71 72 74 79 82 85 
7 7 18 25 91 202 244 249 254 254 252 252 252 252 252 252 253 253 254 254 253 244 230 210 139 51 29 31 31 30 30 32 32 30 40 63 59 44 37 41 44 46 45 51 35 29 45 59 71 82 88 94 94 92 92 92 91 91 93 93 95 95 95 94 94 93 92 92 89 89 88 88 88 88 88 88 89 90 92 92 92 92 90 90 90 90 92 93 92 90 90 90 92 92 92 92 90 90 88 88 86 84 78 73 71 68 68 68 70 72 74 79 82 
5 7 17 26 107 205 242 247 252 253 252 251 251 251 251 251 250 249 249 249 250 251 250 237 173 68 31 30 29 29 30 33 36 38 46 82 87 73 54 51 49 46 41 38 34 31 39 59 71 81 90 95 95 94 94 94 93 93 93 93 94 94 93 92 93 91 89 89 88 88 88 88 89 89 88 89 90 91 93 91 91 93 93 93 89 89 90 91 89 88 88 88 89 89 89 88 87 87 86 85 82 80 77 73 71 68 68 70 70 72 73 77 81 
5 7 16 26 136 224 248 247 252 253 252 251 251 251 251 250 250 249 249 249 249 247 240 247 194 87 32 16 33 32 32 36 39 44 47 102 165 146 117 102 80 68 43 33 29 29 36 58 71 81 92 95 95 95 95 95 94 94 93 93 93 93 92 90 91 90 88 88 88 88 88 88 89 89 89 89 89 89 90 90 90 90 90 90 88 88 88 88 87 86 85 85 86 85 85 82 83 83 81 80 79 78 77 74 71 68 70 68 70 72 74 77 79 
5 7 15 24 80 190 234 247 251 253 251 251 250 250 250 251 250 251 250 250 248 245 253 253 200 99 34 23 32 31 31 37 36 32 72 146 229 216 212 202 172 160 141 124 73 70 73 78 89 96 95 95 96 95 94 94 94 93 93 93 93 92 90 89 87 86 86 86 87 88 88 88 88 87 86 87 87 86 86 85 85 85 85 85 86 85 85 85 86 85 82 82 80 80 80 79 79 78 77 75 74 74 73 72 68 67 67 66 67 67 69 72 73 
5 7 15 23 73 179 230 247 251 252 251 251 251 251 251 251 251 252 252 252 251 249 250 250 206 107 40 23 32 32 31 37 36 33 92 179 253 250 248 245 235 226 217 196 144 131 122 113 108 107 102 97 98 98 96 95 95 94 93 93 92 92 89 88 86 85 84 82 83 85 86 85 86 84 84 82 82 81 81 81 81 81 80 80 80 80 79 78 80 79 77 77 75 77 77 77 74 74 72 71 71 70 68 67 64 64 64 64 64 64 65 65 66 
7 8 15 22 67 175 237 254 250 252 251 251 251 251 251 251 252 253 253 253 253 251 248 250 193 93 34 19 32 33 33 38 40 55 136 214 253 251 251 252 252 250 245 241 226 213 195 179 157 151 132 109 104 102 100 97 97 96 94 94 92 90 89 87 82 81 80 79 79 80 81 82 81 80 80 79 78 78 77 78 79 78 75 75 75 74 74 73 73 73 73 73 74 74 75 74 72 72 71 68 66 65 64 61 60 60 59 59 59 61 61 61 65 
5 8 15 19 59 159 237 255 249 252 252 252 250 243 245 251 252 252 253 253 253 253 244 239 185 82 26 24 30 31 34 38 44 69 165 242 254 251 253 254 254 253 253 253 253 253 244 233 221 214 196 171 136 120 109 99 98 97 96 95 94 92 89 87 82 80 78 75 77 77 78 79 78 78 77 75 75 75 74 74 75 75 73 73 73 72 72 72 71 71 71 72 73 73 73 72 72 72 70 68 67 65 64 61 59 58 58 57 57 60 61 61 64 
4 5 10 15 82 153 229 251 237 245 250 251 251 251 251 250 251 252 251 251 252 253 244 227 149 53 13 22 29 31 34 39 44 74 182 254 252 252 252 253 253 253 251 250 251 251 252 252 249 243 249 242 187 176 156 136 124 110 103 97 95 93 88 85 81 79 77 75 74 75 75 75 75 74 72 73 74 73 72 72 72 72 72 72 72 72 73 73 70 70 71 72 72 72 72 72 70 70 68 68 68 67 66 64 61 60 61 59 60 63 65 65 65 
3 3 5 10 47 100 165 193 202 215 224 229 227 231 236 238 242 243 243 244 249 253 242 172 73 29 29 29 30 32 34 37 40 72 182 254 252 253 252 252 253 253 252 250 251 251 251 251 250 250 250 250 230 242 218 195 173 149 130 110 102 93 88 85 81 79 75 73 72 72 72 71 71 70 68 70 71 71 70 70 70 70 70 71 71 71 72 72 70 70 70 70 70 70 71 71 70 70 68 68 67 67 67 67 65 65 66 66 65 66 68 68 68 
3 4 4 7 40 87 116 133 154 167 179 186 184 191 198 210 226 237 237 237 237 235 187 117 44 24 26 28 28 30 32 34 35 64 173 252 252 253 252 252 252 252 252 251 251 251 251 251 250 250 249 249 250 250 250 250 250 225 202 173 158 137 116 93 85 81 77 74 72 71 71 71 70 70 68 68 68 68 68 68 68 68 68 70 70 70 71 71 70 70 68 70 70 68 70 70 68 68 68 68 67 67 67 67 66 66 67 67 68 68 68 70 70 
3 4 4 7 57 97 97 98 102 108 115 121 118 124 135 145 146 150 156 174 173 158 99 42 21 24 25 26 26 29 31 32 30 59 167 249 253 252 252 251 251 251 251 251 250 250 251 251 250 250 249 249 249 249 250 251 252 254 237 233 212 201 174 149 130 109 94 81 70 68 70 70 68 68 68 67 67 68 68 68 68 68 68 70 70 68 71 69 70 70 68 70 70 68 68 68 67 68 68 68 67 67 67 68 67 68 68 67 69 69 70 72 71 
2 3 4 9 39 82 85 92 87 78 84 92 97 101 106 110 116 121 115 108 113 71 39 17 21 23 24 25 26 28 31 32 29 55 156 243 248 248 249 250 249 250 250 250 250 250 251 252 250 249 249 247 246 249 250 252 252 252 253 251 247 231 220 208 178 144 112 94 90 80 74 72 71 71 68 68 68 68 68 68 68 68 69 71 69 71 70 70 69 69 69 69 68 68 68 67 67 68 67 67 68 68 68 68 68 68 68 68 67 68 71 72 71 
2 3 5 10 39 78 85 86 82 81 84 85 86 86 86 87 88 94 88 80 58 25 19 17 18 19 22 23 25 28 31 32 31 47 127 223 238 241 245 248 248 250 251 251 251 251 251 252 250 249 249 247 246 248 248 250 251 252 252 252 252 252 251 244 229 202 174 144 134 109 92 80 75 74 71 71 70 70 68 68 67 67 69 69 71 69 68 68 69 69 68 69 68 67 67 67 66 67 67 67 67 67 67 68 68 68 68 68 68 68 71 72 72 
2 4 4 11 37 72 87 79 78 83 81 81 81 80 80 79 75 77 74 66 25 5 9 17 16 17 21 23 24 28 30 31 30 40 87 182 220 230 240 245 247 249 251 251 252 252 251 251 251 251 249 249 249 249 248 249 249 251 252 252 252 252 252 248 244 236 226 202 193 164 135 111 95 83 78 73 73 72 70 68 67 67 68 68 70 68 68 68 68 68 67 67 67 66 66 66 66 66 66 66 67 67 66 66 67 67 67 68 68 70 72 73 74 
2 4 1 11 33 70 87 75 75 82 80 80 79 79 78 77 71 73 67 56 19 9 12 16 15 16 19 23 24 28 29 31 31 37 64 138 158 173 186 191 201 213 231 247 248 248 251 250 248 247 248 250 252 252 252 252 251 250 251 251 252 252 251 250 250 248 243 235 238 226 199 170 140 108 92 81 75 73 71 70 67 66 66 66 67 67 68 68 68 66 66 66 66 65 65 65 65 65 65 65 66 66 65 66 67 67 67 68 68 70 71 75 77 
2 4 4 11 31 70 86 77 75 81 81 80 79 78 78 78 71 70 56 39 19 14 15 15 16 18 19 23 25 27 29 30 31 35 40 87 103 117 132 146 150 155 171 181 203 222 235 240 241 241 243 245 249 252 252 252 252 252 251 251 251 252 252 250 251 250 251 250 249 245 236 227 203 164 136 108 86 77 73 71 67 66 66 66 66 66 68 68 67 67 66 65 65 64 64 64 64 64 64 64 65 66 66 66 66 67 68 70 70 70 72 76 79 
2 3 2 10 30 68 86 78 77 81 81 80 79 78 78 78 71 65 49 32 18 11 12 12 16 18 20 24 24 26 28 30 31 33 32 59 71 82 88 104 104 104 115 118 142 167 187 201 214 220 227 231 237 244 249 251 252 252 252 252 251 251 250 250 250 250 251 251 251 250 250 246 235 219 195 159 120 97 85 75 70 67 66 65 65 65 67 67 67 67 65 65 65 64 64 64 64 64 64 64 66 66 66 66 66 66 67 70 70 71 74 78 79 
2 2 2 9 29 68 85 78 79 80 81 80 80 79 79 78 73 62 40 21 16 11 12 12 12 15 17 21 23 24 29 31 32 32 32 51 65 67 66 75 81 82 88 91 96 111 127 145 167 185 204 216 222 230 236 241 244 247 249 249 250 250 249 250 250 250 251 251 251 250 250 249 251 251 238 216 175 141 116 97 85 72 70 67 66 66 65 65 65 65 64 64 64 63 63 63 63 63 63 64 64 64 65 65 65 66 68 71 72 73 74 78 80 
2 2 2 8 31 71 85 79 80 82 82 81 81 80 80 81 74 60 36 19 15 12 11 11 10 15 16 18 23 22 25 29 29 31 31 47 63 63 63 64 66 67 68 71 75 80 86 96 103 115 130 143 159 174 192 205 213 222 237 248 245 245 248 249 250 250 250 250 251 251 251 251 252 252 253 253 229 205 171 129 103 82 72 70 67 67 66 65 65 64 63 63 63 61 61 61 63 63 63 64 64 64 65 65 65 67 70 73 74 74 77 79 81 
1 1 1 9 38 74 85 79 82 84 81 80 79 79 79 80 75 65 43 16 15 13 11 11 9 3 5 16 19 22 22 23 26 30 30 45 60 59 60 61 63 65 66 66 69 71 71 73 80 89 100 117 115 131 142 155 177 189 201 207 224 235 244 245 247 247 249 250 250 250 251 251 251 251 249 247 248 241 217 192 152 113 94 78 69 66 63 63 63 63 63 63 60 61 61 61 61 61 61 63 63 64 65 65 65 67 71 73 74 75 77 79 80 
1 2 2 10 40 75 82 78 82 82 80 80 80 79 78 79 77 67 45 19 16 13 12 12 12 8 5 15 17 18 20 22 23 26 29 43 59 58 59 60 60 63 65 66 68 69 70 72 74 80 89 106 88 96 101 114 121 132 151 159 179 201 223 234 240 243 247 249 249 249 250 251 251 251 250 249 249 250 244 229 203 165 128 94 72 64 63 64 64 63 63 63 60 60 60 60 60 60 61 63 63 64 65 66 66 68 71 73 74 75 78 80 81 
1 2 3 12 44 79 81 78 81 80 80 80 80 79 78 79 79 68 47 21 16 13 12 12 33 23 11 16 18 18 20 22 22 24 28 40 59 59 58 59 59 61 65 66 67 68 70 72 74 78 85 89 88 88 88 96 94 104 112 123 137 158 178 200 217 228 240 244 247 248 251 251 252 252 252 252 251 250 250 245 234 208 181 150 105 82 68 66 65 63 63 63 60 60 60 59 59 59 60 61 63 64 65 67 68 71 72 73 74 75 77 75 73 
1 3 3 12 45 79 82 78 79 79 80 80 81 79 78 80 79 68 49 24 17 15 16 18 33 18 14 14 17 17 19 22 22 24 25 37 59 59 58 58 59 63 67 68 71 72 74 77 80 85 89 93 92 92 90 95 89 94 94 107 104 112 128 146 180 193 210 219 229 238 245 249 249 250 251 252 251 248 247 249 244 235 219 196 166 122 81 77 71 63 60 61 61 61 60 58 58 58 59 60 63 64 67 70 71 74 75 78 77 73 68 63 58 
1 2 2 10 49 81 82 78 74 73 78 80 80 78 76 78 79 65 47 22 17 15 25 38 52 32 15 8 15 15 18 19 21 23 23 31 59 59 59 59 63 63 68 72 74 75 78 80 84 86 88 90 89 88 88 91 87 89 86 93 89 96 103 111 146 166 185 200 212 223 233 240 244 245 248 250 250 248 243 244 247 244 237 226 200 169 142 104 75 66 64 61 60 60 60 59 57 57 58 60 61 66 71 73 73 75 79 81 77 68 59 52 43 
1 1 2 11 50 81 82 75 81 86 81 80 80 78 76 78 78 68 51 21 17 16 33 52 76 47 18 9 15 15 18 19 21 23 23 31 59 59 59 60 63 68 74 78 79 79 81 83 86 87 88 89 88 86 87 87 86 87 84 88 84 86 89 96 121 135 151 175 192 207 217 228 235 238 242 244 248 246 244 244 247 248 247 242 228 206 186 142 96 75 67 63 60 59 59 59 57 57 58 60 63 67 73 73 73 74 75 72 67 58 50 40 32 
2 2 4 14 53 82 81 75 80 82 80 79 79 77 73 74 74 74 60 22 17 14 22 38 65 50 32 17 14 15 18 20 22 24 23 32 59 59 59 60 63 67 77 81 81 82 84 84 87 87 88 89 88 86 86 85 84 85 82 84 81 81 84 86 95 106 121 137 163 184 198 209 220 227 232 238 242 243 244 247 248 248 247 245 240 229 219 182 138 102 78 66 63 60 60 57 57 58 60 62 66 71 74 74 73 71 65 58 53 44 37 30 25 
2 2 5 11 58 82 80 75 78 79 82 88 79 75 73 74 75 77 63 22 17 14 16 29 51 42 31 18 14 16 18 19 22 25 31 46 60 54 57 60 63 66 72 78 82 85 86 86 88 88 89 90 89 87 86 85 84 82 80 79 75 74 77 72 86 96 109 124 134 151 172 194 207 211 217 227 228 228 233 240 243 245 245 247 243 242 238 219 187 138 100 77 65 63 63 56 57 58 61 64 68 72 74 75 71 64 53 45 40 31 26 23 19 
4 3 7 40 76 82 80 78 77 77 78 74 78 75 74 75 78 75 43 23 18 13 14 18 30 33 23 17 14 16 18 17 19 33 52 63 59 59 60 62 66 68 68 76 84 85 86 87 89 89 90 90 89 88 86 85 84 81 79 76 74 68 70 72 78 90 102 116 125 132 145 160 175 193 205 210 207 206 210 216 223 228 231 238 243 241 242 236 209 191 164 108 59 56 63 56 56 57 63 67 68 72 72 64 54 45 36 30 24 22 19 17 15 
5 3 7 35 83 83 82 82 81 79 80 78 78 78 78 78 95 114 76 31 16 11 12 19 24 25 21 16 14 16 18 15 27 48 59 64 64 63 64 65 67 68 71 75 79 82 85 87 88 88 90 90 90 88 88 86 84 84 81 79 75 70 68 67 72 85 96 107 110 111 118 128 142 162 179 189 196 201 201 202 205 209 216 224 236 240 242 243 224 207 182 144 104 74 65 59 59 60 65 70 70 72 67 56 44 35 26 22 19 17 16 15 14 
7 4 7 36 84 84 82 82 82 81 81 81 80 80 82 82 89 109 74 30 14 8 11 17 23 23 20 16 14 17 18 22 44 60 65 68 70 67 66 67 70 71 71 73 74 77 80 84 86 87 89 90 89 89 89 87 87 87 85 81 79 75 71 68 71 81 90 96 95 92 94 99 110 132 148 158 178 189 186 182 182 188 196 206 220 229 238 247 241 228 206 182 151 106 72 64 63 64 67 71 70 65 57 44 36 29 22 19 17 15 15 15 16 
4 4 7 38 82 82 82 84 84 82 82 82 81 81 85 85 73 66 36 19 3 10 10 16 22 23 18 12 11 16 30 46 63 71 71 73 73 73 74 73 73 72 71 71 71 71 73 77 80 81 84 85 86 87 88 88 88 90 90 86 82 76 71 70 72 78 85 92 89 84 80 80 85 101 114 125 150 167 160 157 155 159 167 177 191 205 223 236 239 236 224 215 195 158 105 69 65 61 61 64 68 54 45 35 27 22 18 16 15 15 15 14 16 
4 4 7 43 69 69 71 72 74 78 80 80 80 81 86 88 49 24 3 8 4 10 9 14 18 19 16 10 11 17 47 67 80 83 79 78 77 78 79 79 78 74 71 70 69 69 70 72 74 77 79 81 81 84 86 86 88 89 88 86 85 80 74 74 74 77 80 84 83 80 74 72 75 79 86 92 114 137 132 130 129 131 135 138 143 163 191 208 216 231 243 234 213 188 148 101 73 56 61 66 64 45 35 26 23 20 17 16 14 15 16 16 16 
4 5 10 43 50 50 50 50 58 67 75 78 77 77 86 89 73 45 6 6 7 7 9 12 17 18 14 8 13 32 59 74 85 89 86 82 81 81 82 81 80 77 74 73 73 73 72 70 70 72 74 74 74 77 80 82 85 85 84 82 82 80 75 74 73 72 74 79 76 71 67 67 71 74 78 84 93 97 100 102 103 102 102 97 102 122 146 163 177 206 230 233 229 207 172 129 80 51 53 53 57 37 28 23 22 19 16 15 15 15 16 16 16 
3 5 17 37 36 36 37 37 42 51 59 65 68 72 81 84 84 85 46 15 22 10 8 10 15 16 11 11 30 53 70 78 82 85 84 84 84 84 84 82 81 80 81 80 77 77 74 70 68 70 68 70 70 70 73 75 78 79 80 81 82 81 74 73 72 70 71 72 71 68 67 67 70 73 77 79 80 81 82 85 87 86 81 74 71 81 96 109 131 170 201 222 240 208 174 152 108 72 67 55 46 29 26 22 18 16 15 15 16 16 16 16 16 
2 4 21 35 19 19 22 22 25 32 42 51 65 67 78 82 75 85 64 39 45 28 21 14 21 35 46 47 57 73 82 84 84 86 86 86 86 85 85 84 82 84 85 85 84 80 78 78 75 73 72 70 68 67 66 67 71 73 75 77 78 76 72 71 68 67 67 67 66 66 67 68 71 73 77 79 80 80 79 77 71 66 61 54 51 52 56 68 93 131 170 191 217 208 201 213 206 135 86 80 36 24 23 20 17 15 14 15 16 16 15 16 16 
1 4 23 36 30 30 28 23 22 18 17 17 31 39 49 56 65 72 75 78 81 84 87 86 86 88 89 90 89 89 88 87 86 87 86 87 87 87 87 86 85 85 85 85 85 84 82 82 79 77 74 73 73 72 71 68 67 68 68 70 74 74 71 70 66 66 65 65 65 66 67 68 71 73 75 78 78 78 77 70 63 57 52 45 44 45 46 55 75 102 129 146 178 205 227 241 237 185 111 53 33 24 19 18 16 14 15 15 13 15 16 16 15 
2 5 20 26 25 21 18 16 16 13 14 15 19 24 33 40 50 56 64 71 78 79 81 84 85 88 90 90 90 90 90 88 87 88 87 87 89 89 89 88 87 87 86 86 85 85 84 82 81 80 78 77 77 77 74 71 68 66 64 67 73 73 70 67 65 64 64 63 64 65 67 68 70 71 73 73 73 71 66 60 54 49 43 38 36 37 39 44 57 81 107 125 163 200 233 251 235 199 149 71 30 25 21 17 16 15 15 15 15 15 16 16 16 
2 8 16 19 17 15 13 11 12 12 13 13 14 16 20 27 34 41 51 57 71 75 77 80 84 87 90 90 90 90 90 90 89 89 88 88 89 88 88 88 87 86 85 85 85 84 85 83 83 82 80 80 80 79 75 74 72 70 70 70 71 71 68 66 63 60 61 61 64 65 66 67 69 71 71 73 68 63 58 53 47 42 38 33 32 31 29 31 43 70 95 111 149 199 230 241 235 202 149 74 28 24 21 16 16 16 15 15 15 15 16 16 16 
1 9 18 18 15 14 12 11 12 12 12 13 13 13 15 17 22 29 34 41 59 68 72 74 78 84 87 88 88 88 88 87 87 87 87 87 87 86 86 86 85 84 84 84 82 82 83 83 83 82 80 80 80 79 78 78 77 75 75 74 74 74 71 68 61 59 60 63 63 63 64 66 67 68 68 68 65 59 53 50 46 42 37 33 32 30 26 26 33 58 85 95 131 178 202 213 217 182 123 65 24 23 19 16 16 16 16 15 16 16 16 16 16 
2 11 23 19 16 14 14 13 14 14 14 14 12 14 14 15 15 18 23 27 44 54 64 68 72 78 84 86 87 87 86 86 87 87 87 88 89 89 87 87 86 85 85 84 84 84 84 82 82 82 82 81 81 81 80 80 80 80 80 80 81 80 77 75 71 67 66 66 65 65 65 65 65 65 65 66 63 58 53 51 48 45 40 37 33 31 28 25 30 36 47 75 109 138 165 169 153 121 82 60 23 23 21 17 16 17 16 16 15 16 16 16 16 
2 14 24 23 19 17 16 15 15 15 15 14 15 15 15 14 12 15 16 19 29 40 52 60 67 73 79 82 85 86 87 87 88 89 89 90 91 90 88 88 87 86 86 85 85 85 85 82 84 85 85 82 84 84 84 84 85 85 85 85 86 85 82 82 79 77 75 74 73 73 73 71 70 68 65 64 63 61 60 57 53 51 46 41 38 37 35 32 29 29 38 61 84 111 135 143 139 120 87 64 22 22 21 18 17 17 16 16 15 16 16 16 16 
2 12 22 22 18 17 16 15 15 15 15 15 15 15 15 15 14 15 14 16 18 25 39 52 61 70 77 80 84 84 86 87 89 91 90 92 92 90 89 88 88 87 88 87 88 88 87 86 87 87 86 85 86 86 87 87 88 88 87 87 86 85 85 85 86 85 83 82 80 80 80 78 77 73 68 67 65 65 63 59 53 51 46 42 40 40 43 41 29 23 25 42 60 75 101 124 124 114 88 67 21 22 19 18 17 17 16 16 15 16 16 15 16 
3 9 22 19 17 17 17 16 15 15 15 16 16 15 15 15 14 14 14 14 14 15 22 31 44 58 67 73 80 85 87 88 90 93 92 93 93 92 89 89 88 88 89 88 89 89 89 89 89 88 87 87 88 88 88 89 89 89 89 89 87 87 87 87 89 89 88 87 85 85 84 82 81 81 80 79 79 78 80 84 85 85 80 77 64 54 51 45 36 31 25 32 39 44 74 101 104 103 87 70 22 23 18 18 18 21 18 17 17 16 16 15 16 
3 5 22 50 17 17 16 15 16 16 16 15 16 16 17 17 16 16 14 12 12 11 12 16 30 44 54 63 75 82 85 88 89 93 93 94 93 93 90 89 89 89 88 89 89 90 90 90 90 89 89 89 89 88 88 88 89 89 89 89 89 88 89 89 89 89 88 88 88 87 87 87 88 88 89 89 90 94 99 104 107 109 109 104 90 81 74 65 54 50 53 55 58 59 61 74 83 83 85 79 48 30 20 18 18 22 24 21 17 17 15 15 17 
3 6 22 37 16 16 16 16 16 16 16 16 16 16 16 16 16 15 14 14 12 12 12 12 17 23 37 51 65 76 82 86 89 92 93 94 93 94 93 90 90 89 89 90 90 92 92 92 92 90 90 92 89 89 89 89 89 89 89 89 89 89 89 89 89 90 90 90 89 89 89 89 90 89 90 91 93 97 103 111 120 124 128 130 125 116 107 93 79 73 71 68 67 65 68 74 79 81 82 79 54 39 25 19 19 23 22 19 17 16 15 14 15 
4 10 26 37 16 16 17 17 17 17 17 17 17 17 16 16 16 15 15 15 13 13 12 12 13 13 24 37 52 65 76 85 89 90 92 94 94 95 95 93 92 90 90 92 92 93 93 93 93 92 92 92 90 90 90 90 91 91 89 89 90 90 90 90 90 91 91 91 91 90 90 90 90 90 89 89 88 92 96 104 113 120 125 132 135 134 129 118 109 98 91 87 81 78 78 82 83 79 80 78 65 51 35 25 21 22 16 14 15 14 14 14 14 
4 16 29 26 19 18 17 17 17 17 17 17 17 17 17 16 16 15 15 15 13 15 14 12 14 15 21 26 38 53 66 78 85 89 92 93 93 94 95 95 93 92 90 90 92 92 92 92 92 92 92 92 90 90 90 90 91 90 89 89 90 90 90 90 90 90 90 90 90 89 89 89 89 89 89 89 86 86 88 93 99 104 110 117 122 124 127 123 121 114 107 103 94 84 82 84 81 76 78 75 73 60 39 31 24 22 14 12 16 16 15 14 14 
2 19 31 23 19 18 17 17 16 17 17 15 15 15 14 15 14 14 15 15 13 15 14 12 12 12 17 20 28 39 53 66 78 86 90 89 90 92 95 95 93 93 92 92 93 93 92 92 93 93 93 93 91 93 93 93 93 91 91 91 91 91 90 90 90 90 90 90 90 89 89 89 89 89 89 89 89 89 88 89 93 96 100 103 106 107 110 113 115 113 109 102 92 79 81 84 80 75 78 77 82 71 51 34 26 22 21 24 23 21 22 19 17 
3 19 33 24 21 21 18 19 18 18 17 14 11 11 12 14 15 15 15 15 15 15 14 14 14 14 15 17 21 29 39 53 67 78 84 87 89 92 94 95 94 94 94 93 94 93 92 92 93 93 93 93 91 93 93 93 93 91 91 91 91 91 90 90 90 90 91 91 91 91 91 91 91 91 91 91 91 90 89 89 89 90 92 94 93 93 93 97 102 100 92 85 80 77 77 77 78 74 73 74 82 73 55 44 43 39 42 46 42 28 22 22 21 
3 20 36 26 18 21 21 22 22 23 23 21 19 18 17 17 16 17 16 15 15 15 15 15 14 12 13 14 15 21 28 43 57 74 86 87 88 89 92 93 95 95 94 93 94 93 93 93 92 92 92 92 90 92 92 92 92 90 91 91 91 91 91 91 91 91 91 91 93 93 93 93 92 92 92 92 93 91 90 89 88 88 88 89 88 86 84 86 87 86 80 75 73 72 72 72 72 71 71 73 75 68 60 76 95 121 145 145 137 90 33 24 26 
3 27 46 26 19 22 22 24 26 28 30 30 29 30 29 24 21 18 16 14 15 13 13 13 12 11 12 12 13 15 21 33 47 67 85 85 86 88 90 92 94 94 93 92 93 91 91 91 90 90 90 90 90 90 92 90 90 90 91 91 91 91 91 91 91 91 91 93 93 93 93 94 93 92 92 90 91 91 90 88 87 87 86 86 85 81 78 78 75 73 72 72 71 68 66 66 64 63 67 68 72 65 65 98 136 186 229 226 213 165 81 36 26 
3 42 58 30 18 21 23 26 37 46 50 50 50 48 33 30 24 19 18 16 15 15 13 13 12 11 11 10 12 12 16 25 36 51 67 81 85 88 89 90 90 90 90 90 90 89 89 89 89 89 89 89 89 89 89 89 89 89 89 90 90 90 90 90 90 90 90 92 92 92 92 92 92 90 90 89 89 88 88 87 86 85 84 82 81 79 75 73 72 72 72 70 68 65 64 64 60 60 65 66 68 63 66 110 176 222 241 247 228 207 133 52 40 
3 32 51 31 18 21 23 29 39 49 52 53 52 50 38 31 28 23 19 16 15 15 13 13 12 11 11 10 11 12 13 19 28 40 53 77 83 86 87 88 89 89 89 89 89 89 89 89 89 88 88 88 89 89 89 89 89 89 89 90 90 90 90 92 90 92 92 92 92 92 92 92 92 90 89 88 88 87 87 86 85 82 80 78 77 74 72 71 70 70 68 68 67 65 63 64 59 58 62 64 65 63 71 117 183 225 243 249 230 203 129 52 31 
4 21 40 32 18 21 25 35 44 50 56 57 53 52 47 33 29 25 22 16 15 15 12 12 12 14 12 12 12 11 11 16 23 31 42 66 80 84 86 86 87 87 86 86 86 86 86 86 86 86 86 86 87 87 88 88 87 87 88 88 89 89 90 92 92 92 92 93 93 92 92 92 92 90 89 89 88 87 86 84 82 80 77 75 73 72 72 71 68 68 66 66 65 65 65 64 59 57 59 60 60 61 70 97 143 187 212 215 200 159 90 54 46 
3 15 37 32 19 21 26 38 46 51 56 58 56 52 53 38 31 28 24 17 15 16 15 15 15 14 15 12 12 14 11 15 17 24 32 53 72 81 82 82 85 83 82 84 84 84 84 84 84 84 84 84 84 84 86 86 85 85 86 86 87 87 88 92 92 92 92 93 92 92 90 90 90 89 89 88 87 86 84 81 80 78 75 73 72 71 69 67 65 65 65 64 64 65 67 65 59 58 59 59 59 60 61 67 101 124 131 141 120 99 65 52 57 
4 17 36 36 21 22 29 40 46 52 54 56 59 60 45 37 31 26 21 17 15 15 15 15 15 16 16 15 15 14 12 12 15 21 26 44 60 78 81 81 81 81 81 82 81 81 81 81 81 81 81 81 81 81 82 82 82 82 84 84 84 85 87 89 90 92 92 93 93 92 92 92 92 89 89 88 86 83 82 80 79 76 73 72 70 68 66 64 64 64 64 64 64 65 65 63 60 60 60 60 59 59 59 59 58 52 46 40 33 33 37 51 61 
3 19 52 56 19 22 30 42 47 52 54 53 54 54 37 32 28 23 18 16 15 15 15 15 15 16 16 15 15 14 12 12 15 19 23 34 47 70 80 80 80 80 80 80 79 79 80 80 80 80 80 80 80 80 81 81 80 80 81 81 84 84 84 87 88 89 90 92 92 90 90 90 89 88 89 87 85 81 79 78 76 75 72 70 67 66 65 63 64 64 61 61 61 61 61 61 60 59 60 60 59 58 58 59 58 51 44 38 31 32 36 46 54 
2 14 59 69 21 24 32 43 50 53 54 51 47 42 33 28 23 18 17 16 16 16 16 16 16 16 16 15 15 14 14 12 14 17 19 29 43 61 75 78 78 78 78 77 78 78 79 79 79 79 79 79 79 79 79 79 79 80 80 80 82 82 84 85 86 87 87 88 88 88 88 88 87 87 87 85 82 79 77 75 74 73 71 68 67 65 63 61 62 62 60 60 61 61 59 59 58 56 58 58 57 56 56 57 54 49 42 35 31 30 31 36 39 
2 5 39 54 22 26 35 45 51 54 54 50 44 40 28 23 21 17 17 16 17 17 16 16 16 16 16 16 15 15 14 14 14 16 19 25 37 54 67 75 77 75 75 74 75 75 75 78 78 78 78 78 78 78 78 79 79 79 79 80 80 80 82 82 82 82 84 85 85 85 85 85 85 85 85 84 81 78 75 74 72 71 68 67 65 64 63 61 61 61 59 59 60 60 59 59 58 56 57 54 47 52 53 51 53 47 40 33 30 29 28 31 37 
2 6 39 47 23 30 40 48 54 57 52 46 43 35 25 21 19 17 16 16 16 16 16 16 16 16 15 16 16 15 15 14 14 15 17 23 31 46 64 74 77 75 74 75 74 74 74 77 77 77 77 77 77 77 78 78 78 79 79 79 79 80 81 82 81 81 81 82 83 83 85 83 86 86 84 81 80 77 74 72 71 68 66 64 63 61 61 60 58 57 58 58 58 57 58 58 57 56 54 54 53 51 51 49 52 50 39 31 29 29 26 28 29 
3 3 26 42 24 33 44 51 55 54 49 40 38 30 23 19 18 16 16 16 16 16 16 16 16 16 16 16 16 15 15 14 12 15 17 21 26 40 58 67 70 71 72 73 73 73 73 74 75 75 74 74 74 74 75 75 77 77 77 77 78 79 80 80 79 79 79 80 81 81 81 82 83 83 81 80 78 75 72 68 66 63 60 59 58 57 57 57 56 56 57 57 57 57 57 58 57 56 54 54 54 51 51 50 52 50 38 30 29 28 23 23 22 
4 2 19 32 26 36 45 51 54 52 46 38 36 26 19 17 16 16 16 16 16 16 16 17 17 17 17 17 16 16 15 15 12 15 16 18 24 35 50 60 65 67 70 70 70 71 71 72 72 72 72 73 73 73 73 74 74 74 75 75 75 77 77 77 77 77 77 78 78 78 78 79 79 79 79 78 74 71 66 63 58 56 54 53 52 51 51 52 52 53 53 53 57 56 57 57 56 56 54 54 53 51 50 50 51 50 38 30 29 28 23 23 19 
3 4 17 29 26 37 45 50 51 47 41 32 30 23 17 15 15 15 16 16 17 17 17 17 17 17 17 17 17 16 15 15 14 14 16 18 21 30 41 54 63 66 67 68 68 68 68 70 70 70 70 71 71 71 72 72 72 73 73 73 73 73 74 74 74 75 75 75 75 75 77 78 78 78 76 75 70 65 59 53 49 46 46 46 44 45 45 45 45 47 51 53 56 56 57 57 56 56 54 54 52 50 49 50 50 46 36 26 28 26 22 22 17 
3 4 17 29 26 36 44 47 46 41 37 27 25 19 16 15 15 15 16 16 17 17 18 18 18 18 19 21 19 16 14 15 14 14 15 17 17 25 36 48 59 65 66 67 67 67 68 67 67 67 67 68 68 68 70 70 71 71 71 71 71 72 72 72 73 73 73 74 74 74 75 75 75 75 74 72 68 62 54 50 44 40 39 38 38 38 38 39 40 42 46 49 53 56 56 56 56 56 54 54 53 51 49 49 52 50 41 30 28 26 24 23 21 
3 4 18 30 26 36 41 44 41 38 31 24 22 19 16 15 15 15 16 17 18 18 19 21 21 21 22 22 19 15 12 15 15 14 15 15 16 19 30 44 57 64 65 65 65 65 65 66 66 66 66 67 67 67 68 67 68 68 68 68 70 70 70 71 71 71 71 72 72 72 73 73 73 73 72 70 66 60 54 48 43 40 37 36 33 33 33 37 38 39 43 44 45 47 50 52 53 54 57 59 59 58 57 54 54 52 41 32 30 26 25 26 23 
4 5 19 30 26 33 37 38 36 33 25 19 18 17 16 16 16 16 16 19 23 25 31 39 40 28 24 23 19 16 14 12 14 14 14 12 15 21 28 39 53 60 63 65 66 66 66 66 67 66 66 66 65 65 66 66 66 67 67 67 67 67 68 68 68 68 68 70 70 70 71 71 71 72 71 68 66 60 54 47 44 40 37 35 32 32 32 35 38 38 39 40 42 42 44 46 52 52 61 69 73 77 80 73 63 56 50 39 28 26 25 25 22 
3 10 26 30 28 30 32 35 32 27 22 17 16 16 15 16 16 17 17 21 28 33 40 47 49 39 28 24 21 16 14 12 14 14 14 12 15 19 28 39 52 59 61 64 65 65 65 66 66 66 66 66 64 64 64 64 64 65 65 65 65 66 66 66 66 67 67 67 67 67 68 70 70 70 68 67 65 61 56 51 45 40 37 35 32 31 31 33 36 37 37 38 39 40 42 43 45 46 60 73 85 92 104 94 79 67 61 45 26 28 28 25 22 
3 15 32 30 28 29 28 25 24 22 19 16 15 16 16 17 18 18 24 36 36 43 46 51 52 49 37 26 23 17 15 12 12 12 12 12 15 19 26 37 49 58 61 64 64 64 65 65 66 65 64 64 63 61 61 61 61 63 63 64 64 64 64 65 65 65 65 66 66 66 67 67 68 68 67 66 66 64 60 56 51 45 42 37 35 33 32 34 37 37 38 38 40 43 43 41 39 40 54 65 82 94 98 83 67 58 35 33 25 28 26 24 22 
8 24 37 31 30 26 22 17 17 18 18 19 17 18 19 21 22 26 36 44 42 47 49 53 54 54 49 38 26 17 15 12 12 12 14 14 15 19 26 36 46 56 60 61 63 63 64 64 64 62 61 61 60 60 60 60 60 61 61 61 61 61 63 63 63 64 64 64 65 65 65 65 66 66 65 64 65 64 64 61 57 52 46 42 39 36 36 37 38 39 39 40 40 43 43 40 35 32 43 51 61 74 78 60 46 40 25 24 23 25 25 24 22 
8 27 45 38 33 24 19 17 15 15 17 22 22 22 23 24 32 37 43 46 50 50 51 54 56 56 50 39 28 18 16 14 11 12 12 12 15 19 25 35 46 54 58 59 60 60 61 61 62 61 60 59 58 58 58 58 59 59 59 59 60 60 61 61 61 61 61 62 62 62 64 64 64 64 63 61 61 61 63 64 61 58 52 46 44 40 39 39 39 39 40 40 40 40 39 37 31 28 31 32 36 43 42 31 25 22 19 18 19 23 23 23 23 
5 30 53 43 33 30 26 23 21 22 22 24 24 26 29 37 47 46 49 50 52 52 52 53 53 53 47 37 26 18 16 14 11 12 12 12 14 17 23 32 44 51 54 57 58 58 59 59 60 59 59 59 57 57 57 56 57 57 57 57 58 59 59 59 60 60 60 61 61 61 61 62 61 61 61 60 60 60 61 64 63 59 57 51 49 45 43 43 42 42 43 43 40 40 38 35 29 24 24 24 22 19 16 13 10 12 14 16 18 22 23 23 23 
5 31 58 49 42 39 38 34 32 33 34 37 31 33 35 42 47 46 49 51 51 52 55 55 53 50 44 32 24 19 16 14 12 12 12 12 14 16 23 30 41 48 51 53 56 56 56 56 57 56 56 56 55 55 54 54 54 54 56 54 57 57 57 58 58 58 58 59 59 59 59 60 59 59 59 58 58 59 60 61 61 61 58 56 52 50 46 45 44 44 43 43 42 40 38 33 28 23 21 18 18 16 15 14 15 15 16 17 17 22 23 23 24 
6 38 60 52 49 52 48 44 40 39 40 40 39 38 40 42 43 44 47 50 52 52 54 53 50 48 42 31 24 21 17 15 14 14 14 14 14 16 22 29 39 47 49 53 53 53 54 56 56 54 53 53 53 53 52 52 53 53 53 53 54 54 55 55 55 55 55 57 57 57 58 58 57 58 58 57 58 57 58 59 59 58 58 57 56 53 51 49 46 46 45 44 43 42 40 35 29 25 23 23 22 22 21 18 18 17 17 17 19 24 24 23 24 
19 44 63 56 60 61 56 50 46 41 40 39 39 39 40 40 40 39 39 39 50 57 52 48 44 40 32 29 25 22 18 16 15 15 15 14 12 15 19 29 38 46 50 52 53 53 54 54 54 53 53 53 52 52 52 53 53 53 53 53 53 53 54 53 53 53 53 54 54 54 54 54 57 57 56 57 57 56 57 57 57 57 58 60 59 58 56 52 47 49 47 46 44 42 40 36 31 26 24 22 21 21 21 18 19 19 17 18 19 23 23 23 24 
25 50 65 58 63 63 57 51 46 40 37 36 36 35 35 35 32 31 31 30 42 43 38 34 32 31 29 28 26 23 18 17 16 16 15 15 12 15 19 28 38 44 50 52 54 56 54 53 53 52 52 52 51 52 52 53 53 54 53 53 53 53 53 53 52 52 52 53 53 53 53 53 56 57 57 56 56 54 54 54 56 56 58 61 61 60 60 56 51 50 47 47 44 43 42 36 38 32 46 44 30 26 28 22 22 19 16 16 17 22 24 23 24 
27 51 64 63 61 58 53 47 41 36 31 30 29 30 28 24 23 21 21 19 22 23 24 24 24 28 26 26 25 22 19 18 17 17 15 14 14 15 19 26 36 43 48 51 51 51 53 54 53 52 52 52 52 53 54 54 54 54 54 54 54 54 54 53 53 53 53 53 52 53 53 54 54 56 56 56 56 53 53 53 54 57 60 64 65 64 64 61 56 53 50 47 45 43 41 39 43 81 114 120 107 94 67 49 30 26 18 16 16 19 22 23 24 
26 52 59 61 61 58 53 47 39 30 25 23 23 24 22 19 17 15 15 15 16 18 20 20 22 26 26 26 25 23 19 18 17 16 15 14 12 15 19 26 36 43 47 48 47 50 52 53 53 53 54 54 56 57 59 58 58 58 58 58 58 57 57 57 56 56 56 56 54 54 54 54 54 54 54 54 53 53 52 53 54 57 60 65 68 70 68 65 61 57 52 49 46 44 41 41 51 121 192 200 200 187 148 106 66 42 25 18 16 18 21 21 24 
27 54 57 58 58 57 52 46 37 27 23 23 22 22 22 21 20 18 17 17 15 16 17 19 22 26 26 26 25 23 19 18 18 16 15 14 12 15 19 26 33 42 46 47 47 50 54 54 55 57 58 60 61 64 65 65 65 65 65 65 64 64 64 64 63 61 60 59 59 58 57 56 56 56 56 54 54 53 52 52 53 54 58 61 64 67 71 68 64 59 53 50 49 45 40 39 68 146 228 237 246 242 213 177 124 71 41 24 15 16 18 19 21 
32 59 59 49 58 56 50 44 36 26 22 21 22 22 21 19 19 18 17 16 15 15 16 19 22 25 26 28 25 23 19 18 18 16 15 15 14 17 19 26 33 40 45 47 50 52 58 59 60 62 64 66 68 70 72 72 72 72 72 73 72 72 72 72 71 71 70 70 68 66 64 63 61 60 59 59 57 54 52 51 51 52 54 56 59 64 68 68 65 63 58 56 52 47 43 37 78 159 210 222 231 237 229 210 177 109 57 31 15 16 16 16 18 
34 59 56 50 52 52 51 44 37 30 25 24 24 23 24 22 19 17 16 16 14 15 16 18 21 25 25 26 25 23 19 18 18 17 16 15 15 17 19 26 33 39 45 47 49 53 56 60 64 66 68 71 72 73 75 77 77 77 77 78 78 78 78 78 78 78 77 77 77 74 72 70 67 65 63 61 58 54 52 52 51 51 51 52 54 60 65 67 66 65 60 58 54 49 45 42 67 116 151 179 203 216 221 203 170 121 73 38 17 15 14 14 16 
40 59 56 54 54 53 52 47 41 34 30 30 28 25 25 23 22 20 19 18 16 17 17 19 23 26 28 28 25 23 19 18 18 16 15 15 15 17 19 25 32 37 43 45 46 50 53 59 62 65 67 71 73 74 77 78 80 80 80 82 84 84 84 84 84 84 82 82 82 80 79 75 73 70 64 60 60 58 56 53 51 49 50 51 53 57 61 64 65 64 60 59 56 52 49 50 59 73 103 127 143 165 178 173 151 117 81 46 18 16 15 15 16 
51 61 58 56 54 52 49 45 39 33 35 35 33 31 29 27 26 25 24 22 20 20 18 21 26 29 31 28 24 22 18 17 17 16 16 15 16 18 21 25 31 36 39 40 43 46 51 57 60 62 66 69 70 72 74 74 77 77 79 82 82 82 84 84 84 84 82 82 82 81 81 79 78 73 67 64 60 58 54 53 51 49 49 49 49 52 57 60 61 61 60 60 59 57 55 58 63 65 78 92 92 102 108 122 116 92 68 47 20 20 19 18 18 
65 71 64 57 51 48 44 40 36 33 37 38 39 38 37 36 32 31 30 27 25 24 22 24 29 33 33 29 24 22 18 17 17 16 15 15 15 17 19 23 29 33 37 38 41 43 45 47 47 48 51 52 54 58 61 63 63 64 65 65 65 65 66 68 67 68 68 68 67 68 70 70 71 72 70 65 61 58 54 51 51 49 47 46 46 49 51 54 58 58 60 61 63 63 64 65 70 73 77 75 66 77 86 93 80 63 54 43 31 29 24 22 19 
87 90 76 64 51 50 47 44 43 45 41 41 39 39 39 37 36 35 36 32 25 19 19 24 32 36 36 29 24 21 18 17 17 15 15 15 15 17 19 23 25 29 32 33 33 33 35 36 36 36 38 39 41 44 47 47 47 47 47 47 50 50 50 52 52 54 54 54 53 54 54 57 57 56 54 54 53 50 49 47 46 45 45 44 45 46 49 51 53 56 59 61 67 68 69 72 76 81 81 82 82 85 87 81 72 58 46 41 40 38 36 33 30 
141 136 123 108 91 86 75 68 61 55 48 43 39 39 39 37 36 37 38 36 32 29 27 31 36 38 36 28 23 21 17 17 16 15 15 14 15 16 18 21 23 28 29 30 30 30 30 28 28 28 29 29 31 33 34 34 35 36 36 36 36 36 37 39 39 42 42 42 40 42 43 43 43 43 42 42 42 40 40 40 42 42 43 43 44 45 49 51 54 58 60 64 68 72 75 76 81 85 85 87 86 82 75 68 65 58 52 51 52 50 48 45 42 
224 215 203 192 176 170 157 145 137 125 111 102 82 60 45 38 38 38 38 38 38 37 34 36 39 40 38 29 23 19 17 17 16 14 14 14 14 16 18 19 22 24 26 30 30 30 30 28 26 25 24 23 24 25 27 27 27 27 26 28 28 28 29 30 30 31 31 31 30 31 32 32 32 33 35 35 35 36 38 39 41 41 43 44 43 45 47 51 56 57 64 67 70 73 77 78 81 85 85 82 80 74 70 65 64 63 62 61 60 58 56 53 52 
254 253 252 250 245 239 232 225 223 217 208 202 180 143 104 74 59 50 45 43 43 40 38 40 41 40 38 27 23 19 17 17 16 14 14 14 15 16 18 19 21 23 25 29 29 29 29 26 25 24 23 22 22 23 24 25 25 25 24 25 25 25 26 26 26 26 26 26 26 26 26 28 29 30 31 31 33 36 38 40 43 45 46 47 46 49 52 56 58 61 66 69 72 74 75 77 81 84 85 81 78 68 66 64 64 64 65 66 63 61 59 57 55 
251 254 254 254 254 254 253 253 254 254 254 252 249 230 194 152 110 85 73 59 53 52 47 46 44 40 36 24 23 19 17 17 16 14 14 15 15 16 18 19 21 22 23 25 26 28 28 23 22 22 22 22 23 24 25 25 25 25 25 25 26 27 29 30 30 30 30 30 30 30 31 32 33 33 34 36 37 42 44 44 45 47 50 52 53 57 61 65 67 68 68 70 70 71 73 72 73 74 71 70 66 63 60 60 60 61 62 64 61 60 58 57 54 
