30 28 22 23 26 24 19 18 17 18 20 19 17 17 18 19 18 18 18 18 18 18 17 16 14 14 14 14 12 12 13 12 13 13 15 17 19 20 23 25 23 23 24 25 25 25 25 25 26 25 25 25 25 25 25 25 25 25 25 26 26 26 26 25 25 25 25 25 25 25 25 25 25 25 25 25 25 25 25 25 25 25 26 28 
26 28 26 28 31 30 24 18 15 16 19 18 17 17 18 18 17 17 17 17 17 17 16 16 14 14 14 14 12 12 13 12 13 13 15 17 18 20 23 25 23 23 24 25 25 25 25 25 25 25 25 25 25 24 24 24 24 24 25 25 25 25 25 25 25 25 25 25 25 25 25 25 25 25 25 25 25 25 25 25 24 25 26 29 
24 27 31 39 55 67 59 30 11 15 17 18 17 18 18 18 17 17 17 17 17 17 17 17 15 15 14 14 12 12 12 11 13 15 16 17 19 22 23 25 23 23 24 24 24 24 24 23 23 23 23 23 23 22 22 22 22 22 23 23 24 24 24 24 25 25 25 25 25 25 24 24 24 24 24 24 24 24 24 24 24 25 26 28 
18 24 30 52 88 118 117 69 24 17 18 18 18 19 19 18 18 18 18 18 18 18 17 17 16 15 14 14 12 14 12 12 13 15 16 18 19 22 23 25 23 24 24 24 23 23 23 22 22 22 22 22 21 21 21 21 21 22 22 22 23 23 23 23 25 25 25 25 25 25 24 24 24 24 24 24 24 24 24 24 24 25 26 28 
16 20 26 45 80 120 147 125 61 22 18 17 18 18 19 19 17 17 18 18 17 17 17 17 14 14 14 14 12 12 12 12 15 16 17 18 20 23 24 25 23 24 25 25 24 24 23 23 22 22 22 22 20 20 19 19 20 20 22 23 23 23 24 24 24 25 25 25 25 25 24 24 23 23 23 24 24 23 23 24 24 25 28 28 
15 18 19 33 59 97 142 164 127 61 25 18 18 18 18 18 16 16 17 17 18 17 16 17 15 14 14 14 12 12 12 12 15 16 18 18 20 23 24 24 23 24 25 25 24 23 22 22 21 19 20 20 19 19 18 18 18 19 20 22 22 23 23 23 24 25 25 25 25 25 24 24 23 23 22 22 23 23 24 24 25 26 28 28 
11 15 16 22 37 63 104 150 160 122 58 21 19 18 18 18 16 16 16 16 17 16 16 17 15 14 14 14 12 12 12 14 14 16 19 19 21 23 24 24 25 25 25 25 24 23 22 20 20 19 18 18 18 18 17 17 18 18 19 20 20 22 21 22 24 25 25 25 24 24 25 24 23 22 21 19 22 23 24 24 25 26 29 29 
7 11 12 17 24 35 65 104 145 157 110 49 25 19 18 18 16 17 17 17 17 17 17 17 15 14 12 12 12 11 12 14 15 16 18 18 19 22 24 25 25 25 26 26 24 24 22 20 19 19 18 17 17 17 16 17 17 18 18 18 19 20 19 22 24 24 25 25 24 24 25 24 24 23 22 23 23 23 24 24 25 26 29 29 
5 5 6 11 16 17 33 64 105 142 143 98 40 19 22 19 16 17 17 17 18 17 17 16 15 14 14 14 12 12 12 14 14 15 18 18 20 23 24 25 25 25 25 26 25 24 22 19 19 18 17 16 16 16 16 16 15 15 16 17 18 18 20 23 23 24 24 25 24 24 24 24 24 24 24 24 24 23 24 25 25 26 28 28 
4 3 3 5 7 6 16 41 73 110 144 138 81 31 22 20 17 17 17 18 19 18 17 16 15 14 14 14 12 12 12 14 14 15 18 18 20 23 24 24 25 25 26 26 25 24 22 19 18 17 16 15 15 16 15 16 15 15 16 16 16 18 20 22 23 24 25 25 24 24 25 25 25 25 25 24 24 25 25 25 26 26 28 28 
4 4 3 5 7 6 12 29 57 97 140 159 131 71 36 24 16 15 16 17 21 21 18 18 18 16 15 13 14 12 12 12 14 15 17 19 22 23 23 24 24 25 26 26 25 23 20 18 17 17 16 16 15 16 15 16 15 15 15 16 17 18 20 20 23 23 25 25 24 25 26 26 26 25 25 24 25 25 25 25 26 26 28 28 
5 4 3 5 7 7 12 27 47 82 136 178 180 150 100 57 45 30 18 17 17 22 21 19 18 17 16 16 12 14 14 14 15 15 17 19 22 22 23 24 24 25 26 26 24 23 19 17 17 16 16 16 15 16 15 15 15 15 15 16 17 18 18 20 22 22 24 25 25 26 28 26 26 26 25 25 25 26 26 26 28 28 28 29 
4 4 4 5 9 9 12 25 38 57 99 142 173 187 193 174 135 102 70 42 23 23 21 19 17 17 16 14 14 12 14 14 15 16 17 19 22 22 23 24 24 24 25 25 24 22 19 17 16 16 16 16 16 15 15 15 15 13 13 15 16 17 18 20 20 23 25 27 26 26 26 28 28 26 25 25 26 25 25 26 26 26 26 28 
3 3 4 5 9 10 16 24 30 45 57 77 105 137 164 193 201 188 163 128 88 58 33 21 18 17 15 14 14 12 12 14 14 16 18 18 22 22 23 23 24 24 25 24 23 20 18 16 16 15 15 15 15 15 15 13 15 13 15 15 16 17 18 20 20 23 25 27 26 26 26 28 26 26 25 25 26 26 26 26 26 26 28 28 
2 4 4 4 9 11 17 21 24 36 35 36 61 86 104 142 174 195 207 203 180 143 101 64 35 19 18 19 15 14 14 14 15 17 18 18 21 21 23 24 24 24 25 24 22 19 17 15 12 14 15 15 15 15 15 15 15 15 15 15 15 16 17 19 18 21 24 26 26 26 26 28 26 26 26 25 26 26 26 26 26 26 28 28 
2 2 4 5 9 12 18 19 22 28 30 25 36 45 55 80 96 128 167 200 219 217 198 159 110 65 40 30 22 19 17 15 16 17 19 19 21 22 23 24 24 24 24 23 20 18 16 15 12 14 15 15 15 15 15 15 15 15 15 15 15 17 17 18 18 19 23 25 26 26 26 28 26 26 25 26 26 26 26 28 26 28 28 28 
2 4 5 8 10 14 19 21 24 26 31 27 29 30 38 46 47 71 109 150 194 229 238 233 209 164 110 70 44 30 20 17 17 19 21 22 22 22 22 23 24 25 25 23 20 18 16 15 12 14 15 15 15 15 15 15 15 15 13 15 16 17 17 18 17 19 22 25 27 27 26 28 28 26 26 26 26 26 26 26 28 28 29 29 
3 4 8 10 12 18 21 22 25 26 29 27 28 30 35 36 37 45 58 83 123 165 196 222 236 234 208 173 130 88 54 27 19 19 22 24 24 23 23 23 24 24 24 22 19 18 16 15 12 12 13 15 15 15 13 15 15 15 15 15 16 17 17 18 18 19 22 24 27 27 26 28 28 26 26 25 26 26 26 28 28 28 29 29 
4 5 11 12 17 18 21 22 25 26 26 25 26 29 32 35 36 35 34 41 56 79 110 146 180 215 231 235 222 187 142 86 46 31 23 23 24 24 23 23 23 23 23 20 19 17 15 13 12 12 15 15 15 15 13 15 15 15 15 15 16 17 17 18 17 19 22 24 26 27 26 28 26 25 24 24 24 25 26 28 28 29 30 29 
4 10 16 15 18 19 21 23 25 28 26 25 25 28 28 30 32 33 37 34 33 40 51 68 90 123 157 189 216 230 224 191 133 76 36 19 21 25 24 24 23 22 23 20 19 17 15 13 12 14 16 15 15 15 15 15 15 15 15 15 16 17 17 18 17 19 22 24 25 27 26 28 26 25 23 21 22 24 25 25 26 28 29 28 
5 5 11 17 18 19 22 23 24 26 26 25 25 25 26 26 29 31 38 38 36 39 39 39 44 55 72 94 128 170 202 223 224 194 141 84 44 31 28 25 24 23 23 19 17 15 14 11 13 15 15 15 15 15 15 15 14 14 14 14 16 17 16 17 17 19 22 24 26 27 26 26 26 24 22 21 22 23 24 25 26 28 29 28 
5 9 15 18 18 19 22 22 24 26 25 25 25 25 25 25 26 28 33 39 42 40 42 43 43 44 48 48 65 94 124 158 191 219 213 172 110 60 33 25 25 24 23 20 18 15 14 14 13 15 15 15 15 15 15 15 14 14 14 14 16 16 16 17 17 19 23 25 27 27 26 28 26 24 22 21 19 22 23 24 26 26 28 28 
9 11 16 19 19 21 23 23 23 25 24 25 25 24 24 24 24 25 28 32 35 38 43 43 42 43 46 47 49 54 70 89 121 164 204 221 187 135 79 42 32 25 22 19 19 16 15 15 15 15 15 15 14 14 14 14 14 14 14 14 16 16 16 17 18 20 24 27 29 29 28 28 26 24 22 19 22 22 24 25 26 26 28 28 
10 14 18 21 19 21 22 22 23 24 24 24 25 24 24 23 23 24 25 29 31 33 36 38 38 40 44 47 50 49 52 58 74 96 133 176 201 202 162 100 63 36 24 21 19 17 16 16 16 15 15 15 14 14 14 14 14 14 14 14 16 16 16 16 18 22 25 29 29 29 28 28 26 25 23 22 23 24 24 25 25 26 28 28 
12 17 18 19 19 21 22 22 21 23 23 25 26 28 28 25 25 26 26 28 29 31 32 33 35 35 37 45 51 52 52 53 57 61 74 101 144 188 199 166 123 67 32 23 18 16 16 16 14 14 15 15 14 14 14 14 14 14 14 14 16 16 17 17 19 22 25 29 29 29 28 28 26 25 25 24 25 25 25 24 25 26 28 28 
15 18 18 19 19 19 20 20 19 21 22 23 25 28 29 29 28 28 28 28 29 30 31 31 31 31 32 36 39 43 45 47 50 51 63 74 88 123 165 178 171 124 64 30 19 18 17 16 15 14 15 15 14 14 14 14 14 14 14 14 16 16 17 18 19 22 25 27 29 29 28 28 26 25 26 26 26 26 25 24 25 25 26 28 
17 17 19 18 18 19 19 19 19 19 19 19 21 24 25 28 28 29 28 28 29 29 30 31 31 30 31 31 31 33 38 40 40 40 51 57 61 79 114 137 164 164 118 67 31 18 16 15 14 14 15 15 14 14 14 14 14 14 14 14 16 16 17 18 19 22 25 27 27 29 28 28 26 26 26 26 26 25 25 25 25 24 24 24 
17 18 19 19 19 19 20 19 18 19 18 18 19 21 22 24 26 26 26 28 29 30 31 31 31 30 30 30 30 31 32 34 32 35 38 45 50 58 67 93 124 170 181 150 85 30 16 15 15 14 15 15 14 14 14 14 14 14 14 14 16 16 17 18 19 22 24 29 29 27 28 28 28 28 28 28 28 26 25 25 25 23 22 22 
18 18 19 19 19 19 19 18 18 19 20 20 19 19 21 22 24 26 26 26 29 30 30 31 30 29 29 29 29 30 30 31 31 32 30 32 39 38 38 50 79 128 185 216 200 122 54 25 13 16 15 15 14 14 14 14 14 14 14 15 16 16 17 18 19 22 25 29 29 27 26 28 28 28 28 28 28 26 25 24 24 23 23 23 
18 19 19 19 19 19 19 18 18 17 18 19 18 18 19 21 22 23 24 25 26 29 29 30 30 29 29 29 27 29 29 29 30 31 30 30 35 31 33 42 57 89 139 188 216 190 118 36 9 17 15 15 14 14 14 14 14 14 14 15 16 17 18 18 19 23 26 27 27 27 26 26 28 29 28 26 26 26 24 23 23 22 22 23 
19 19 19 19 19 19 19 19 18 17 17 17 16 17 18 18 18 21 23 24 25 28 29 29 30 29 28 28 26 26 26 28 26 28 28 30 30 30 36 40 45 54 84 130 171 199 171 69 13 18 16 16 15 14 14 14 15 15 15 16 17 18 18 19 19 22 25 27 26 28 26 28 28 29 29 28 25 25 24 24 24 23 23 24 
19 19 19 19 19 19 21 19 18 18 17 16 16 17 18 18 18 19 22 23 24 26 29 29 29 28 28 28 28 28 28 29 28 28 28 28 29 29 33 38 40 43 59 86 117 170 189 138 66 24 16 17 15 12 14 14 15 15 15 16 17 17 18 19 19 22 24 27 26 28 28 28 28 29 29 28 26 26 25 24 24 23 23 24 
19 19 19 21 21 19 19 19 19 19 18 17 18 19 20 20 19 19 20 23 24 25 26 28 29 28 28 28 28 29 28 28 28 28 28 28 26 28 32 36 37 39 51 68 86 130 181 178 121 47 15 17 15 14 14 14 15 15 15 16 17 18 19 19 20 23 25 27 26 28 28 28 28 28 28 28 26 26 25 24 24 23 23 24 
19 19 21 21 21 19 19 19 21 21 19 19 18 19 22 20 19 19 20 20 22 24 26 28 28 26 28 28 28 30 29 29 28 28 26 26 25 26 30 33 35 38 43 46 60 97 144 174 157 86 28 16 17 15 14 15 16 15 16 17 18 18 19 19 22 24 25 26 26 28 26 29 28 28 28 28 25 25 24 23 23 23 23 23 
19 19 21 21 19 19 19 19 21 21 20 20 19 20 22 22 22 22 19 19 22 23 25 26 26 26 28 28 28 30 30 30 29 29 26 26 26 28 29 31 32 33 36 38 47 75 107 143 164 128 59 19 15 15 15 15 15 15 16 16 17 18 18 19 21 23 25 27 26 28 26 29 28 28 28 26 25 25 24 23 22 22 22 22 
19 19 21 21 19 19 19 21 21 22 22 20 20 22 22 23 22 22 21 21 21 23 24 25 25 26 28 28 29 31 31 31 31 29 26 28 28 28 29 30 30 31 31 33 44 60 80 114 156 157 94 30 10 14 16 15 15 16 16 17 18 19 19 19 21 23 25 29 28 28 28 29 29 28 28 26 25 25 24 23 22 21 21 22 
21 21 21 19 19 19 19 19 21 21 21 21 19 19 22 22 23 23 21 21 22 23 24 24 25 26 26 28 28 30 31 32 31 30 28 29 29 29 29 30 29 30 31 31 40 52 66 97 122 160 145 73 23 11 15 16 16 16 16 17 17 19 21 22 22 22 24 28 28 28 28 28 29 28 26 26 26 25 24 22 22 22 22 22 
21 21 21 21 19 19 19 21 21 21 21 21 19 21 22 22 23 23 22 22 22 23 24 24 25 26 28 26 26 29 29 31 30 30 29 29 29 29 29 30 30 31 32 32 37 38 46 75 96 134 152 109 44 16 14 16 17 17 18 18 18 21 21 21 21 23 24 26 28 28 28 29 28 28 26 26 26 25 24 23 23 23 22 23 
21 21 22 21 19 19 21 21 21 21 22 22 21 21 22 22 23 24 23 23 23 23 24 23 26 29 29 26 25 26 28 30 30 30 29 29 29 29 30 31 31 32 33 32 33 33 34 57 74 103 136 134 80 32 14 17 18 18 19 19 21 21 21 22 21 23 24 26 28 28 28 29 28 28 26 28 26 26 24 23 23 23 23 23 
21 21 22 21 21 19 21 21 21 21 23 22 21 21 23 23 24 24 23 24 24 23 23 22 25 27 27 26 24 26 28 30 30 30 30 29 29 29 30 31 31 32 33 31 31 31 31 50 64 94 131 137 108 41 16 17 18 19 21 21 21 22 22 22 21 23 24 28 28 28 28 29 29 28 28 28 26 26 25 24 23 23 23 22 
21 22 22 22 21 21 19 19 19 21 23 23 22 22 23 23 22 23 25 25 24 24 23 23 24 25 26 26 25 26 27 27 28 29 29 29 29 29 30 32 32 33 33 30 30 30 29 44 57 79 113 139 134 60 19 16 18 19 21 21 21 22 22 22 21 23 24 28 28 28 28 29 29 28 28 28 28 26 24 24 23 23 22 22 
21 22 22 22 21 21 21 19 19 21 21 23 22 22 22 22 22 23 25 25 25 25 23 23 23 24 25 25 24 24 25 25 25 28 28 28 29 29 31 33 33 35 33 29 28 26 25 36 46 65 102 148 159 100 31 11 18 19 21 21 22 22 22 22 22 23 25 26 28 28 29 29 29 28 28 28 28 28 24 22 22 21 21 19 
22 22 22 21 22 21 21 21 21 21 19 21 23 22 22 21 22 24 24 24 24 24 24 22 22 22 24 24 23 23 25 25 25 27 29 29 29 30 31 33 32 35 33 29 25 24 25 30 37 54 87 135 166 136 56 14 19 22 23 23 22 22 23 23 23 24 25 28 28 28 29 29 29 29 29 28 26 26 24 22 22 19 18 18 
22 22 22 22 22 22 21 21 21 19 19 21 23 23 22 22 23 23 24 24 24 24 23 23 22 19 22 23 23 22 23 23 24 26 27 27 28 29 31 32 32 35 33 29 24 23 25 29 33 46 71 108 152 157 99 35 24 23 25 24 23 22 23 24 23 24 25 28 28 29 29 29 29 29 28 28 26 26 24 22 21 18 17 17 
21 22 22 22 22 22 22 22 21 21 19 21 21 23 23 23 24 24 24 25 25 25 25 24 23 22 22 23 24 24 22 22 23 24 25 26 28 28 30 31 32 33 33 28 24 23 25 29 32 40 54 75 114 138 111 61 32 25 24 23 23 23 23 24 24 25 26 28 28 29 29 30 30 30 29 29 28 26 24 21 19 18 17 17 
21 21 21 21 21 22 23 23 22 21 21 19 21 21 23 23 24 24 23 24 24 25 25 25 24 24 22 22 22 22 19 21 23 23 24 26 26 28 30 31 30 31 30 26 24 24 26 29 31 36 47 61 92 125 120 78 40 25 25 24 24 23 24 24 25 26 28 29 29 28 29 29 29 29 28 28 28 26 23 19 19 17 18 17 
19 21 21 19 22 23 24 24 23 23 22 21 21 21 23 23 24 24 24 23 25 25 25 25 25 23 22 22 19 19 19 21 22 22 23 25 26 27 29 30 29 29 28 25 24 25 28 29 30 33 43 58 81 112 135 102 44 25 28 25 25 24 24 24 25 26 28 29 29 29 29 29 29 29 28 28 28 28 24 22 21 19 18 17 
21 19 21 21 22 24 24 24 24 23 22 21 21 21 21 21 24 24 23 23 24 25 25 24 24 22 22 20 19 19 21 21 20 20 22 23 26 26 26 28 28 26 26 25 24 26 28 29 29 32 36 51 71 97 136 125 66 35 29 28 26 25 25 25 25 26 29 29 29 29 29 29 29 29 29 28 28 28 25 22 21 19 18 19 
21 21 19 21 22 24 24 24 24 23 22 21 21 21 21 21 21 22 22 22 24 24 25 25 24 22 19 18 18 18 19 19 19 19 22 23 24 25 27 27 27 27 26 26 25 26 28 28 29 30 32 45 67 91 123 131 93 46 30 26 25 25 25 25 26 26 28 29 29 29 29 29 29 29 29 28 28 26 25 22 21 19 19 19 
21 21 21 19 21 21 22 22 22 23 23 23 22 19 21 21 19 22 22 22 24 24 25 25 24 21 18 18 18 18 19 19 19 18 20 22 22 24 26 27 27 27 26 26 26 26 26 26 28 29 31 45 64 87 110 131 111 58 30 26 28 25 25 26 26 26 28 29 29 29 29 29 29 29 29 28 28 28 25 22 22 21 19 19 
21 21 21 19 18 18 19 22 22 22 23 23 22 21 19 19 19 22 23 24 24 24 25 24 23 23 22 19 17 18 19 19 20 19 17 19 22 23 25 26 24 25 25 26 26 25 25 25 26 28 31 38 49 67 93 125 130 81 35 25 28 24 24 25 26 28 29 29 29 29 29 29 29 29 29 28 28 28 25 23 22 21 19 19 
18 19 21 19 18 17 18 19 21 21 22 23 23 21 21 21 19 22 23 25 25 25 26 25 25 24 23 21 18 18 19 19 20 18 17 18 21 22 24 25 24 26 26 26 28 28 26 25 25 28 31 32 37 54 78 113 134 97 38 24 28 24 24 25 25 26 28 28 28 28 28 28 28 28 28 26 26 25 24 23 22 22 22 22 
17 19 19 19 18 16 17 17 19 21 22 22 22 21 19 19 18 21 23 24 24 26 26 25 26 26 24 22 19 19 20 20 22 16 15 16 18 19 21 23 24 25 26 26 26 25 25 25 26 28 30 28 37 56 78 106 130 102 45 24 25 24 24 24 24 25 28 28 28 28 28 28 28 28 26 26 25 24 24 23 22 22 22 22 
18 18 19 18 18 17 16 16 17 18 21 22 22 22 19 18 18 19 22 23 24 25 25 25 26 26 25 24 21 19 20 20 22 17 16 16 16 15 17 19 26 25 26 26 26 25 25 26 26 28 29 28 35 49 66 95 123 111 58 24 24 23 23 24 24 25 28 28 28 28 28 28 26 26 25 25 25 24 23 22 22 22 22 22 
18 19 21 19 18 18 18 17 17 18 21 22 22 22 19 18 17 18 18 21 22 23 24 25 25 25 25 23 21 18 18 18 16 17 17 15 17 18 18 21 22 25 26 25 27 27 26 26 28 28 29 29 35 45 57 73 100 102 76 39 24 23 23 23 23 24 25 25 25 25 25 25 25 25 25 24 24 23 22 22 22 22 22 22 
18 24 24 22 19 19 19 18 18 18 19 22 23 22 19 18 18 17 18 19 21 22 23 24 24 25 25 23 21 18 19 20 21 18 17 16 16 16 17 19 25 25 25 26 26 26 26 26 28 28 29 30 33 40 52 63 96 106 87 48 26 22 21 21 22 22 23 23 23 23 24 24 24 24 24 23 23 23 22 22 22 22 22 22 
18 22 23 23 22 21 19 19 18 19 21 22 23 22 19 18 18 18 18 18 21 21 22 24 24 25 25 24 21 17 19 19 19 18 17 16 16 14 16 18 22 24 26 25 26 26 26 26 28 29 30 31 32 39 49 57 81 102 95 60 31 19 18 18 19 19 21 21 21 22 22 22 22 22 22 22 22 22 22 22 22 22 22 22 
18 19 21 23 22 22 21 19 18 19 21 22 22 22 21 18 18 19 19 19 19 21 22 23 23 24 24 23 21 17 18 18 18 17 17 16 15 14 15 15 18 22 25 24 26 26 28 28 29 29 30 32 32 37 43 46 71 96 96 68 37 19 17 16 17 17 18 18 18 18 19 19 19 19 21 21 21 22 22 22 22 22 22 22 
19 19 20 22 24 24 23 22 19 19 21 21 22 23 23 21 19 19 21 21 19 19 21 22 23 23 23 23 21 18 18 18 19 18 18 16 15 14 11 12 16 19 23 23 25 26 28 28 29 29 29 32 31 35 37 38 65 85 96 74 39 18 16 15 15 15 16 16 16 16 17 17 17 18 18 18 18 21 21 22 22 22 22 22 
20 19 19 20 22 24 24 22 21 21 21 21 21 22 23 22 21 21 21 21 21 19 21 22 23 23 23 24 22 18 18 18 18 18 18 16 14 11 10 11 15 19 21 23 25 26 26 28 28 28 29 31 31 33 36 36 56 72 94 81 45 22 16 14 14 14 14 14 14 15 15 15 15 17 18 18 21 22 22 22 22 22 22 22 
20 19 20 19 20 22 24 23 23 22 21 21 21 21 22 22 22 21 21 21 21 19 21 21 23 22 24 24 21 17 17 16 17 18 17 15 12 11 10 11 12 17 19 23 24 25 26 26 28 29 30 31 31 33 35 35 51 65 88 84 52 26 16 14 12 14 15 14 14 14 15 15 15 17 18 19 21 22 22 22 22 22 22 22 
20 20 20 19 19 20 22 24 23 23 21 21 19 21 21 22 22 22 22 22 21 21 21 21 22 23 24 24 21 17 15 14 15 18 17 15 12 10 10 10 11 16 18 22 24 25 26 28 28 30 31 32 32 33 35 35 44 56 78 84 59 32 16 14 12 15 15 14 14 15 15 15 17 17 18 19 21 21 21 22 22 22 22 22 
21 21 21 19 19 18 20 22 23 24 22 21 21 19 21 22 22 23 22 21 21 21 21 22 23 24 26 26 24 19 16 14 15 17 17 16 12 10 11 11 11 15 17 21 23 24 26 27 28 29 30 32 32 33 35 35 42 52 75 85 72 39 17 15 15 17 16 15 15 16 17 17 17 17 16 17 19 21 21 22 22 22 22 22 
21 21 22 21 21 19 19 20 23 23 21 21 21 21 21 21 22 22 22 22 21 21 21 21 22 24 26 26 25 19 17 15 15 16 17 16 14 10 11 10 11 15 16 21 23 24 26 26 26 28 30 31 31 32 35 35 39 52 74 86 75 45 19 18 18 18 19 18 17 18 19 18 19 19 18 19 21 21 21 22 22 22 22 22 
18 21 22 22 21 21 19 19 21 21 21 21 21 21 21 21 22 22 23 22 22 21 21 19 19 22 25 25 25 23 18 16 15 16 17 16 16 11 11 10 11 13 16 19 22 22 24 25 25 26 29 30 31 32 35 36 38 49 72 87 89 59 23 22 22 21 21 21 19 21 22 21 22 22 21 22 22 22 22 22 22 22 22 22 
17 21 22 22 22 21 19 19 19 19 21 21 21 21 21 22 22 23 23 22 22 22 21 19 17 21 24 25 25 23 19 16 15 16 17 17 17 12 11 10 11 12 16 18 19 21 23 24 23 25 28 30 30 32 35 35 38 44 66 88 101 72 33 24 23 22 22 22 21 22 22 22 23 23 23 22 22 22 22 22 22 22 22 22 
18 21 22 22 22 22 19 19 19 18 18 19 21 21 21 21 22 23 22 22 23 23 23 20 18 18 22 25 24 23 21 17 16 17 17 17 16 12 10 10 10 12 17 19 18 19 21 21 23 24 25 28 28 30 32 32 36 42 60 87 109 82 40 25 25 22 22 22 21 22 22 22 22 22 22 22 22 22 22 22 22 22 22 22 
18 21 21 22 22 22 21 19 19 18 18 18 21 21 21 21 22 23 22 22 24 24 25 22 18 16 18 22 23 22 21 17 15 16 17 18 17 12 10 10 11 12 17 19 18 18 19 19 22 23 24 26 26 29 31 31 33 39 54 75 106 86 45 26 28 23 22 21 21 22 21 22 22 22 22 22 21 21 21 22 22 22 22 22 
17 19 21 22 22 22 21 19 19 19 19 19 19 19 21 21 21 21 21 21 22 24 24 22 18 15 16 19 21 21 19 17 16 16 17 18 18 13 9 11 11 14 17 19 18 18 18 19 22 23 22 24 26 29 29 30 32 38 52 72 104 100 51 25 28 24 22 22 22 22 22 22 22 22 22 22 22 22 22 22 22 22 22 22 
17 19 21 21 21 22 22 22 22 22 21 21 19 19 19 21 19 19 19 21 21 24 24 24 21 16 15 17 19 21 19 17 16 16 17 18 18 13 10 11 11 14 17 18 17 17 18 17 19 20 21 23 24 26 29 30 32 37 49 67 96 109 72 30 25 24 22 23 23 23 22 22 22 22 22 22 22 22 22 22 22 22 22 22 
17 18 18 19 21 22 22 22 22 22 22 21 21 18 19 19 18 19 19 21 21 23 24 24 22 19 16 15 18 19 19 17 17 16 17 17 16 12 10 11 13 15 17 17 16 16 17 16 17 18 20 23 23 25 29 31 33 39 47 65 93 115 93 44 24 24 23 24 24 24 23 22 22 22 22 22 22 22 22 23 22 22 22 22 
17 17 18 19 21 22 22 22 22 22 22 22 21 21 19 19 19 19 19 19 21 23 24 23 23 21 17 15 17 19 19 17 17 16 17 17 16 12 10 11 13 15 16 16 15 16 16 16 17 17 20 23 22 24 28 31 35 42 46 60 90 116 103 57 24 23 24 25 25 24 23 24 24 23 23 23 23 23 23 23 22 22 22 22 
17 17 18 19 21 22 22 22 22 23 23 22 22 21 22 21 21 19 19 19 21 23 24 23 23 22 18 15 15 16 18 17 17 16 17 17 16 12 10 10 12 14 16 15 16 16 16 16 16 17 18 19 22 24 28 32 37 40 45 53 75 107 114 71 30 24 24 26 25 25 24 24 24 23 23 23 23 23 23 23 22 22 22 22 
17 17 18 19 19 19 22 22 22 23 23 22 23 23 22 22 22 21 21 22 22 23 24 24 23 22 19 16 15 15 17 17 17 16 17 17 16 12 10 9 11 12 15 13 15 16 15 16 16 16 17 18 21 24 28 32 35 38 41 46 61 91 114 81 47 30 24 25 25 25 24 23 23 23 23 23 22 22 22 23 23 22 22 22 
17 17 17 17 17 17 17 18 19 22 23 23 23 23 23 23 23 23 22 23 23 23 24 24 24 23 21 16 14 14 16 18 15 16 18 18 16 11 9 8 10 11 11 11 13 15 14 15 16 16 16 18 22 24 26 30 32 36 37 40 50 75 113 97 57 32 25 24 24 24 23 22 23 23 23 23 22 22 22 22 23 23 24 24 
17 17 16 16 16 15 15 15 16 18 21 23 23 23 23 23 23 23 22 22 22 23 23 23 23 23 21 17 14 12 14 17 14 17 19 19 16 10 8 8 9 10 10 10 12 13 14 14 16 16 16 18 20 24 26 30 31 35 35 37 42 63 99 106 69 33 26 25 22 23 22 22 23 23 23 23 23 22 22 22 23 23 24 24 
17 17 17 15 15 15 14 14 14 16 16 18 22 23 23 23 23 22 22 22 21 22 22 22 22 21 21 17 14 11 12 16 14 17 19 19 16 10 7 8 9 10 10 9 11 13 14 15 15 15 16 17 19 23 26 29 30 32 36 38 40 56 82 104 89 47 26 23 23 22 21 21 22 23 23 23 22 21 22 22 23 23 24 24 
16 16 16 15 15 15 14 14 14 15 15 16 18 21 23 22 22 21 21 21 21 21 21 21 19 21 21 17 14 11 11 14 12 17 19 21 16 9 7 8 9 10 10 11 12 13 14 15 15 15 16 17 18 22 24 26 29 31 34 37 39 49 70 100 97 56 28 21 24 22 22 22 22 22 22 22 22 22 22 22 22 22 23 24 
17 17 17 17 17 16 16 16 15 14 14 16 17 18 21 21 19 21 21 21 21 21 20 20 18 18 21 17 15 11 10 12 12 18 21 21 17 10 7 8 9 10 10 11 12 12 12 14 15 15 16 16 17 19 22 24 27 31 33 36 36 44 62 93 107 73 32 17 22 22 22 22 22 22 22 22 21 22 22 22 22 22 23 24 
17 17 17 17 17 17 16 16 16 14 14 15 17 18 18 18 19 19 21 21 21 21 20 20 18 18 17 17 15 11 10 11 12 17 21 22 19 11 6 8 9 11 11 11 12 12 12 14 14 15 16 16 17 19 22 24 27 30 33 36 35 43 58 89 107 88 45 21 18 21 22 22 22 22 22 22 21 21 21 21 22 22 23 23 
17 17 17 17 17 17 16 16 15 14 14 14 15 17 17 18 18 19 21 21 21 21 21 19 20 19 17 17 15 11 9 9 11 15 18 18 19 11 7 7 8 11 10 11 11 11 12 14 14 14 15 16 17 18 21 23 25 29 32 35 36 40 47 78 101 102 61 26 18 19 21 22 22 22 22 21 21 21 21 22 22 22 22 22 
17 17 17 17 17 17 17 17 16 15 15 15 15 16 17 17 18 19 21 21 21 21 21 21 20 20 18 17 15 12 10 10 9 12 15 15 18 12 8 7 8 10 10 10 10 10 11 12 12 14 15 15 16 17 19 22 24 29 32 35 36 38 40 67 95 107 72 32 19 18 21 22 22 22 22 22 22 22 21 21 21 19 19 21 
17 17 17 17 17 17 17 17 17 17 18 18 18 18 17 17 17 18 21 23 23 23 23 23 23 22 19 17 16 14 12 10 10 10 11 14 14 11 8 7 7 10 10 10 10 10 12 13 13 15 16 16 16 17 19 22 24 28 31 32 33 34 36 56 85 105 88 47 19 21 23 22 22 22 22 22 21 21 21 21 21 21 21 21 
17 17 17 17 17 16 17 17 18 18 21 19 19 21 19 18 17 19 21 23 24 24 24 24 24 24 20 18 17 16 14 11 9 8 9 10 10 9 8 7 7 10 10 11 11 10 12 13 13 15 16 16 15 16 18 21 24 28 31 31 32 32 32 46 72 101 100 66 30 24 24 23 22 23 22 22 21 21 21 22 22 22 22 22 
16 16 16 16 16 16 16 17 18 19 21 21 21 19 19 19 19 20 21 23 24 24 24 23 24 25 25 23 21 18 17 15 10 9 8 6 8 8 8 6 7 10 11 11 11 11 12 13 13 13 14 15 16 17 19 22 23 26 30 30 31 30 30 36 65 97 104 72 29 24 25 23 23 23 22 22 21 21 21 22 22 22 22 22 
16 16 16 16 16 16 16 16 17 19 21 21 21 19 19 19 19 20 21 23 23 24 24 23 24 27 29 26 24 21 21 18 12 10 8 6 8 8 8 6 7 10 11 11 11 11 13 13 13 15 15 15 16 17 19 22 23 26 30 30 31 29 28 32 53 87 106 93 46 26 25 23 23 23 22 22 21 21 21 22 22 22 22 22 
16 16 16 16 16 16 16 16 17 19 19 21 21 19 19 19 18 19 21 21 23 24 24 24 25 28 28 26 26 22 21 19 16 11 8 6 6 6 6 6 8 10 12 13 13 12 12 12 15 15 16 17 17 19 19 22 23 26 30 30 29 26 24 25 44 75 102 102 65 29 25 24 24 23 22 22 22 22 22 23 23 23 23 24 
16 17 18 18 16 16 16 18 18 18 19 21 21 19 19 19 19 19 19 21 23 23 24 24 25 26 28 28 25 22 22 22 18 14 10 8 6 6 6 6 7 9 11 13 13 13 12 14 15 15 16 18 18 19 21 21 22 24 29 29 28 26 24 19 42 70 102 114 84 40 24 23 23 23 22 22 22 22 22 23 23 24 25 25 
16 17 18 18 17 16 17 18 18 18 20 20 20 20 22 22 20 19 20 22 23 24 24 25 25 26 28 26 25 23 22 22 19 16 12 9 6 6 5 5 8 10 11 15 15 15 15 15 14 14 16 18 18 19 21 21 22 23 26 28 28 26 23 17 37 64 103 127 104 57 23 19 23 22 22 22 22 22 22 23 23 24 25 25 
16 17 18 18 18 16 17 17 17 17 19 20 20 20 20 22 22 20 22 22 22 24 24 24 24 24 26 26 25 23 22 22 21 19 16 9 7 6 5 5 8 9 11 15 15 15 15 13 14 14 16 16 18 19 21 19 19 21 24 25 26 26 24 17 28 51 89 123 124 74 31 22 23 22 22 22 22 22 22 22 23 23 24 24 
16 17 17 18 18 17 17 17 17 16 17 18 18 18 19 19 22 20 22 22 23 23 22 22 22 23 24 24 25 24 24 24 22 19 17 14 10 8 6 6 6 9 11 15 12 12 13 13 13 13 12 15 18 19 19 19 18 19 22 24 25 24 23 19 25 39 72 104 120 87 32 16 23 22 22 22 22 22 22 22 22 22 23 23 
16 16 17 19 18 17 17 17 17 16 17 18 17 18 18 19 22 22 23 23 23 23 21 21 21 23 23 23 24 24 24 23 23 21 19 15 12 10 8 6 8 8 10 13 12 14 13 13 13 13 12 14 17 18 17 18 18 18 19 23 24 23 23 21 23 32 56 88 111 97 46 16 22 22 22 22 22 22 22 22 22 22 23 22 
17 17 17 18 19 18 17 17 17 16 16 18 18 17 18 19 19 19 22 23 24 23 22 19 21 21 22 23 24 24 25 25 23 23 21 19 16 12 9 6 6 8 9 11 12 13 12 12 12 12 12 13 15 16 16 16 18 18 18 23 24 23 22 21 23 22 38 69 100 114 79 32 21 23 22 22 22 22 22 22 21 21 21 21 
17 17 17 18 18 18 17 17 17 17 17 17 17 17 17 18 19 19 22 23 24 24 23 22 21 22 23 23 23 24 26 26 25 25 25 21 17 15 10 8 6 6 8 10 12 13 12 12 12 12 12 13 14 15 16 16 18 18 18 21 24 24 22 22 22 22 32 55 84 102 86 37 21 22 22 22 22 22 22 22 21 21 21 21 
17 17 17 18 18 19 18 17 17 17 17 17 17 17 17 18 18 19 22 23 24 25 24 24 23 23 23 24 24 24 27 27 26 26 25 22 17 12 11 9 6 8 8 10 13 13 12 12 11 12 12 13 12 14 15 15 17 17 17 19 23 23 23 22 22 21 26 42 68 97 99 59 28 21 23 22 22 22 22 22 21 21 19 19 
17 17 17 17 19 19 18 18 17 17 17 17 17 17 17 17 18 18 20 23 23 25 23 23 22 23 23 23 25 25 26 27 26 26 24 22 17 11 9 8 6 6 9 11 13 13 12 11 11 11 12 13 12 14 15 15 17 17 17 19 22 22 24 23 23 23 24 33 57 92 104 77 31 19 22 21 21 21 21 21 19 19 18 18 
16 16 16 18 19 19 19 19 18 18 18 18 18 16 17 17 18 18 19 23 24 24 23 24 23 23 22 23 25 25 27 27 26 25 25 21 16 11 9 8 5 6 9 11 13 13 12 11 11 11 11 12 12 14 15 16 15 16 17 19 22 23 24 24 23 23 24 30 46 81 103 87 36 18 21 21 21 21 21 21 19 19 18 18 
16 16 17 17 18 19 19 19 19 18 18 18 17 15 17 18 18 19 21 23 24 25 24 25 24 24 24 24 24 26 27 29 28 29 24 19 16 11 9 6 5 6 9 11 15 13 12 11 11 11 11 12 12 14 15 16 15 16 17 19 22 23 23 23 22 22 22 24 35 66 95 94 45 21 21 21 21 21 19 19 18 18 18 18 
16 16 17 17 17 18 19 19 19 19 19 19 19 18 19 19 21 21 21 23 23 24 24 24 24 25 25 24 24 26 29 30 29 29 25 21 16 11 10 8 5 8 9 11 12 11 11 10 10 10 12 13 12 14 15 15 15 16 17 19 21 22 23 23 22 22 21 23 29 51 82 104 60 26 23 19 19 19 18 19 18 18 18 17 
16 16 17 17 17 18 19 21 19 19 19 19 19 19 21 21 22 22 22 24 24 24 24 24 24 24 24 24 24 26 30 30 30 29 25 18 10 6 5 8 5 10 10 11 11 11 10 10 10 10 12 13 12 14 15 15 16 16 17 19 21 22 23 24 23 22 21 23 26 39 73 108 74 37 25 19 19 18 18 19 18 18 18 17 
16 16 16 16 17 17 18 19 20 19 18 18 19 19 19 21 23 23 22 23 23 23 23 24 24 24 25 25 26 27 30 30 32 38 44 43 33 23 11 9 16 12 12 12 12 11 11 11 11 11 12 12 12 14 14 15 15 15 17 19 19 21 22 23 23 21 19 26 32 53 73 64 82 67 44 17 21 19 18 18 18 18 18 17 
15 15 16 16 16 17 17 18 19 18 17 17 18 19 21 22 23 23 22 23 23 23 23 23 24 24 24 25 26 27 29 31 36 46 56 64 57 40 23 14 22 16 15 14 11 11 11 11 11 11 12 12 12 14 14 15 15 15 17 18 19 21 22 23 24 22 21 28 33 39 49 49 54 49 28 12 21 19 18 18 17 17 17 17 
14 14 15 15 15 16 16 17 17 17 17 16 17 19 22 23 23 23 23 22 22 22 23 23 22 24 25 26 26 27 27 33 35 50 63 75 78 64 44 28 33 18 17 14 11 11 11 11 12 12 12 12 14 14 14 15 15 15 17 18 18 19 21 23 26 29 33 40 50 49 38 32 29 29 17 14 16 17 17 17 17 17 18 18 
15 14 16 16 15 15 16 17 17 17 16 15 15 17 21 22 22 21 22 22 22 21 22 20 22 22 23 25 26 27 26 31 31 47 65 81 82 73 57 45 43 30 21 15 12 11 12 12 14 14 14 12 14 14 14 15 15 15 17 18 18 19 19 23 25 33 47 68 84 77 53 30 18 17 17 15 14 16 16 17 17 16 17 17 
15 14 15 15 15 15 16 17 17 17 15 12 15 17 18 19 19 19 19 21 21 21 22 22 19 19 22 23 25 26 25 29 30 44 60 80 82 76 69 58 50 42 31 22 17 14 14 14 15 15 15 14 14 15 14 15 15 15 17 18 18 19 21 22 24 32 53 87 116 114 80 44 17 10 16 15 17 17 17 17 18 17 17 17 
16 15 15 15 15 15 16 18 18 18 17 15 15 15 16 16 17 18 18 19 19 19 22 22 19 18 21 22 24 26 27 26 27 37 53 78 78 76 73 60 59 50 40 31 25 18 17 17 17 18 17 17 15 15 15 15 15 15 17 18 18 18 21 22 23 28 45 81 115 131 108 67 31 17 17 16 16 17 16 16 17 17 17 17 
17 17 15 16 16 16 16 18 19 19 18 16 14 14 14 15 15 16 17 18 18 18 20 20 20 20 19 22 22 22 23 25 26 33 51 75 73 68 66 60 68 59 49 40 35 28 22 21 20 20 18 17 16 16 15 15 15 16 16 18 18 18 19 22 22 23 38 68 99 135 138 95 53 25 18 17 18 18 17 17 17 17 16 16 
17 17 16 16 15 16 17 17 18 18 18 16 14 14 12 14 14 15 16 18 18 19 22 22 20 20 19 19 22 23 22 24 26 32 50 74 71 67 61 63 71 67 57 47 40 36 29 22 23 20 18 17 16 16 15 15 14 15 16 17 18 18 19 21 21 21 33 60 88 123 146 121 78 40 22 18 18 18 17 17 17 16 15 16 
16 16 16 16 16 16 16 16 16 17 17 17 17 16 14 15 15 15 16 19 21 21 22 22 22 21 23 23 21 21 20 25 26 31 47 72 80 65 60 62 70 70 66 57 48 40 33 25 25 23 18 18 17 16 15 15 14 15 15 17 18 18 19 19 22 24 26 41 71 102 138 145 106 56 24 19 17 16 16 15 17 16 16 16 
15 15 16 16 16 15 16 16 16 17 19 19 19 18 16 16 16 16 18 21 22 24 26 26 25 25 25 24 23 22 22 23 25 27 42 68 80 66 58 58 65 68 69 68 59 50 37 29 29 23 21 18 17 16 15 15 14 15 15 16 17 17 18 19 20 23 26 33 53 82 121 146 134 84 35 22 18 17 16 15 16 16 16 16 
15 15 17 17 15 15 15 15 16 17 19 21 21 18 18 16 17 17 18 21 23 26 28 28 26 25 27 27 26 23 20 22 23 23 37 65 80 67 53 52 59 67 67 68 64 56 43 33 32 24 23 19 18 17 17 16 15 15 15 15 16 18 18 18 20 22 23 25 39 61 93 131 146 115 64 24 19 19 16 15 16 16 16 16 
15 15 16 17 16 15 15 16 16 17 19 21 21 21 18 18 16 16 17 19 22 25 26 26 26 25 27 27 27 23 20 20 22 22 33 61 79 66 51 45 51 63 68 70 68 60 47 38 36 28 23 22 19 17 17 16 15 15 15 15 16 17 18 18 20 22 23 23 30 44 67 109 137 132 94 40 23 19 16 15 15 15 15 15 
15 16 17 17 15 15 14 15 15 16 17 18 19 19 18 18 18 16 17 18 21 24 27 27 26 26 27 27 26 22 20 19 19 19 31 60 77 68 50 40 44 58 66 70 71 63 50 42 39 32 24 23 19 17 16 16 16 16 16 16 15 17 17 18 18 19 21 22 29 33 44 80 118 138 116 64 28 19 16 14 15 15 15 15 
16 16 17 17 15 15 14 15 15 16 16 17 18 19 21 21 19 18 17 16 18 22 25 25 25 26 27 27 26 23 16 17 18 19 32 59 77 72 52 37 37 49 64 70 73 66 52 46 42 36 28 22 19 17 16 16 16 16 16 16 15 17 17 18 18 18 19 19 24 29 33 54 88 123 125 87 43 18 16 15 15 15 15 15 
17 17 17 17 15 15 16 16 15 15 16 17 18 19 21 22 22 21 19 19 19 22 23 24 24 25 26 26 25 23 18 18 16 20 32 58 75 78 59 38 37 44 60 68 75 70 57 50 44 37 30 24 19 17 16 15 15 15 15 15 15 17 18 19 19 19 18 18 21 25 29 43 68 101 127 109 59 24 17 16 15 15 15 15 
18 18 18 17 16 16 16 16 15 15 16 17 17 19 22 23 24 22 22 20 19 20 22 23 24 25 25 25 24 23 19 19 17 22 31 56 74 80 62 40 36 39 56 67 75 73 63 56 45 39 32 25 21 17 16 15 15 15 15 15 15 17 18 18 19 19 18 18 19 23 30 36 54 82 117 122 81 37 19 16 16 15 15 15 
18 18 17 16 16 16 15 16 15 14 15 16 17 18 21 22 24 24 22 22 18 18 19 21 23 24 25 24 24 23 19 17 18 21 33 53 75 81 61 38 38 38 54 67 73 75 70 59 54 46 39 32 25 21 18 16 15 15 15 15 15 16 17 18 17 17 17 18 18 22 29 31 42 70 101 124 109 59 25 17 16 16 14 14 
19 19 19 17 17 17 16 16 14 12 15 16 17 18 19 21 23 24 24 23 19 19 21 22 23 24 24 24 24 22 19 18 18 22 32 48 71 80 61 40 39 38 50 62 72 77 72 61 59 48 43 36 29 23 18 16 15 15 15 15 15 16 16 17 17 17 17 17 18 21 23 26 35 56 86 114 116 78 35 17 17 16 14 14 
18 18 18 18 18 17 15 15 15 14 16 16 17 18 19 19 21 22 25 23 21 21 22 22 22 22 23 23 24 22 22 20 21 23 31 45 67 78 64 42 38 36 44 57 70 80 75 61 60 52 45 39 32 25 21 16 15 15 15 15 15 15 15 16 16 16 17 17 17 18 21 24 32 45 81 117 118 85 39 18 19 17 14 14 
18 18 19 18 18 17 17 17 16 16 16 17 17 18 18 19 19 22 25 24 22 23 22 22 22 22 23 24 25 23 23 23 23 25 30 44 65 77 66 44 36 33 42 52 67 80 79 65 64 57 49 43 36 29 23 18 16 15 15 15 15 15 15 16 16 16 16 17 17 17 21 24 30 44 81 117 125 93 43 18 17 15 12 12 
19 19 19 18 18 17 18 17 17 17 17 17 18 18 18 18 18 21 25 24 22 23 23 23 22 23 24 24 24 23 24 24 24 26 31 43 64 77 66 44 35 31 39 50 65 79 80 68 68 61 52 45 39 32 25 21 17 16 15 15 15 15 15 16 16 16 17 17 19 21 22 23 29 43 78 117 137 107 53 24 16 14 13 13 
19 19 19 18 18 18 17 16 17 17 17 17 18 18 18 19 18 21 23 24 25 24 25 25 25 25 25 25 25 24 25 25 25 28 31 42 63 77 67 44 32 29 36 47 63 78 82 73 71 65 57 47 43 36 29 23 19 18 16 15 15 15 16 16 17 17 17 19 22 24 25 25 29 44 74 114 142 116 63 30 18 14 13 13 
18 18 18 18 18 17 17 17 17 17 17 17 17 17 17 18 18 19 21 24 25 26 26 29 29 28 28 28 26 25 25 25 25 28 30 40 62 76 67 43 30 28 32 42 58 73 81 74 71 65 58 50 44 38 31 24 21 19 18 16 16 16 15 16 16 16 17 18 22 24 26 28 29 44 73 108 141 124 67 32 20 16 13 13 
18 18 18 18 18 17 17 17 17 17 17 17 17 17 17 17 18 18 19 24 26 29 29 30 31 30 30 30 29 29 28 26 26 28 29 38 61 75 66 44 29 25 30 38 53 66 80 78 72 67 59 51 46 39 32 26 22 19 19 17 15 16 15 15 16 16 17 18 21 23 25 28 30 44 71 103 142 136 81 39 22 17 15 15 
18 18 18 18 17 17 17 17 16 16 16 16 16 16 17 17 17 17 19 22 26 28 29 29 30 31 31 30 31 31 28 25 25 25 28 37 60 72 63 42 26 23 28 35 48 65 79 78 73 67 61 52 47 40 35 28 22 21 19 17 16 15 15 15 16 17 19 19 19 22 25 28 31 44 68 101 146 144 100 52 22 15 16 16 
18 17 17 17 16 16 16 16 16 16 16 15 15 14 15 17 17 17 18 19 23 25 26 28 30 30 30 30 32 32 30 28 25 25 26 35 58 69 61 40 24 21 25 30 41 55 72 77 73 70 63 54 50 44 38 31 24 22 20 18 17 16 15 16 16 17 19 19 19 22 25 28 29 39 61 92 138 152 115 63 23 14 16 16 
17 17 17 15 16 16 15 16 16 16 16 15 15 14 15 17 17 17 18 18 22 23 25 25 26 28 29 29 30 30 28 26 24 24 25 32 56 65 58 38 23 19 23 26 36 46 65 77 74 72 65 57 53 46 40 33 26 24 22 20 19 17 16 16 17 18 19 19 21 23 24 26 28 37 56 85 129 153 135 86 19 12 17 17 
18 18 16 16 16 16 16 16 16 16 15 15 15 14 15 16 17 17 18 19 21 22 25 25 26 26 26 28 29 29 28 26 24 24 24 31 53 63 57 36 21 18 19 23 31 41 58 73 78 74 67 59 56 49 43 36 30 28 25 23 22 19 18 18 18 18 19 19 21 23 23 26 30 38 52 81 128 158 158 113 38 21 17 17 
18 18 16 16 16 16 16 16 16 16 16 15 15 15 15 15 16 16 17 19 19 22 24 25 25 26 26 26 28 28 25 24 24 23 23 30 51 60 54 33 21 18 19 23 28 36 52 68 80 76 70 61 58 51 45 38 32 30 27 25 24 22 19 19 18 19 19 19 22 25 28 30 31 36 49 77 120 160 172 128 63 35 16 16 
19 17 17 17 17 17 17 17 17 16 16 16 15 15 15 15 15 15 16 17 19 22 25 25 25 26 26 26 28 28 25 24 24 23 23 30 50 58 52 31 18 18 20 20 25 32 46 60 80 75 68 63 58 51 46 38 33 30 29 25 23 22 19 19 19 19 21 21 22 25 28 30 30 33 44 66 102 152 175 138 75 46 16 16 
22 19 17 17 18 18 18 17 17 17 17 17 16 16 16 16 15 16 17 18 19 23 25 26 26 26 26 26 28 26 25 24 23 22 22 31 48 57 48 27 17 17 19 19 22 28 39 52 77 73 68 63 58 52 47 40 36 32 30 26 25 24 23 22 22 22 22 22 23 25 28 29 30 32 39 56 89 138 172 150 87 50 17 16 
22 19 17 17 17 17 18 18 18 18 18 17 17 17 17 17 15 16 18 20 22 24 26 28 26 26 26 26 26 26 26 25 23 22 22 32 46 54 45 25 15 17 19 19 18 23 31 46 75 71 68 64 59 54 50 42 38 35 31 29 26 25 24 24 23 24 23 24 25 26 28 29 30 32 35 47 77 122 160 152 117 57 18 17 
23 20 19 18 18 18 19 19 19 19 19 19 19 19 18 18 17 17 18 21 23 25 26 26 28 26 26 28 28 26 24 22 21 19 22 32 44 51 40 22 12 15 18 17 19 23 29 39 49 65 69 65 59 54 50 43 40 37 32 30 28 25 24 24 25 24 25 25 25 25 28 29 29 31 31 42 65 99 135 151 118 61 18 17 
23 20 20 19 18 18 18 19 19 19 20 20 20 20 19 18 18 18 19 21 23 25 25 26 26 26 26 26 26 25 23 22 19 17 22 32 44 50 38 19 12 14 17 17 19 22 26 33 45 59 68 66 60 56 51 46 43 42 35 32 30 29 26 25 25 25 25 25 25 25 26 28 29 30 31 36 59 92 127 149 122 68 19 17 
23 22 21 19 19 18 19 20 20 20 22 22 22 22 19 19 19 19 21 22 24 25 25 26 25 26 28 26 25 25 23 22 18 17 23 33 44 47 35 17 10 12 17 17 19 20 23 30 44 57 65 65 61 57 53 49 46 44 38 35 32 30 29 28 26 26 26 26 26 26 26 26 28 29 30 32 52 84 122 148 121 73 22 17 
23 24 23 22 19 19 20 22 22 22 22 22 22 22 21 21 19 21 21 22 23 24 24 25 24 25 25 25 23 23 22 20 20 19 24 33 43 46 33 17 10 12 16 17 18 17 18 22 37 53 63 66 61 58 56 51 50 46 40 36 32 31 29 26 26 25 26 26 25 26 26 26 28 28 29 29 45 72 108 141 121 77 26 17 
25 24 24 23 21 21 21 21 21 21 22 22 22 22 22 22 19 21 21 22 23 23 23 24 24 24 24 23 23 22 22 20 21 22 30 37 43 43 30 15 9 12 16 16 18 17 14 16 33 49 63 67 63 59 56 53 51 46 40 36 31 30 28 25 25 25 26 26 26 26 25 26 26 26 28 29 40 64 96 129 123 80 31 17 
24 25 24 23 22 21 21 19 21 21 22 22 22 22 22 22 19 21 21 22 23 24 24 24 23 23 23 22 22 20 19 19 23 28 33 37 42 42 29 15 10 11 15 16 17 16 14 15 31 46 61 67 65 60 58 53 54 45 38 35 31 29 28 26 26 25 26 26 26 26 25 25 25 26 28 29 37 59 87 122 124 81 31 18 
26 26 24 23 22 21 21 19 21 21 21 21 21 21 22 22 20 22 21 22 23 24 23 23 23 23 23 22 23 22 20 20 21 26 35 40 43 39 26 14 10 12 16 17 18 17 16 16 30 45 60 67 68 63 58 54 53 45 37 33 31 30 28 26 26 25 26 26 26 26 24 24 25 26 28 28 35 54 82 116 124 85 33 19 
26 26 25 24 23 22 21 21 21 21 21 21 21 21 22 22 20 22 21 22 23 24 23 23 23 23 23 23 23 23 22 22 18 25 37 44 43 37 23 14 11 12 17 18 18 17 16 16 29 44 60 68 71 65 59 56 53 45 37 33 31 30 28 26 26 25 26 26 26 26 25 25 25 26 28 26 35 52 79 111 115 84 37 21 
27 27 25 24 23 22 21 21 19 21 21 21 22 22 22 22 22 22 22 22 23 23 23 23 22 22 23 23 24 23 21 22 17 24 37 46 45 37 22 14 11 14 17 18 18 17 16 16 30 43 58 68 72 66 59 54 52 44 37 33 31 30 28 26 26 25 26 26 25 26 25 26 26 28 28 28 35 51 74 108 123 82 38 19 
26 26 25 24 23 23 22 21 21 21 21 21 22 22 22 23 22 22 22 21 22 23 22 22 21 21 21 22 22 22 19 21 19 26 39 49 47 38 22 16 14 15 17 18 18 18 17 17 29 38 56 67 71 66 59 54 53 45 37 33 31 30 28 26 26 25 26 26 25 26 25 26 26 26 26 28 35 49 70 103 118 82 37 16 
25 26 25 25 24 23 22 22 21 21 21 21 22 22 22 23 22 23 22 21 22 22 21 21 19 19 19 21 19 19 18 21 25 32 42 52 52 39 24 19 16 17 17 18 20 20 17 18 29 37 53 67 71 67 59 53 53 45 38 33 31 30 28 28 25 25 26 26 26 26 25 25 26 26 26 29 35 49 71 102 114 85 42 16 
25 25 26 25 24 23 22 22 22 21 21 21 22 22 22 22 22 22 22 21 22 21 19 19 19 19 19 19 19 18 18 22 28 33 47 66 61 42 24 19 17 17 18 19 20 19 18 21 24 31 45 59 67 67 59 51 52 45 38 33 31 30 29 28 26 26 26 26 26 26 25 25 25 26 28 29 36 49 72 101 113 80 33 15 
24 25 26 25 24 24 23 23 22 22 22 22 22 22 22 22 21 21 21 21 21 21 19 19 19 18 18 19 19 18 22 26 29 33 57 84 75 53 26 19 17 17 18 19 20 19 18 19 23 26 37 51 64 65 60 52 52 45 39 35 32 31 29 26 26 25 25 25 25 25 25 25 25 26 26 29 37 50 73 101 111 75 30 15 
23 24 25 25 25 24 23 23 23 22 22 22 22 22 22 22 19 19 19 19 19 19 18 18 18 17 17 18 19 19 25 30 29 33 52 74 68 54 29 19 18 18 19 19 19 18 16 17 22 25 32 45 61 65 61 53 52 47 40 37 35 32 30 28 26 26 26 25 25 26 24 24 25 25 26 29 39 51 72 99 108 73 30 16 
21 23 25 25 25 25 24 23 23 22 21 21 22 20 19 21 19 19 20 19 19 19 19 18 17 17 17 18 22 23 28 32 30 35 49 66 70 61 31 17 19 18 19 19 18 17 16 17 19 22 27 39 58 65 60 53 52 47 42 38 36 33 30 28 28 26 26 25 26 26 24 24 24 24 25 29 39 49 68 96 102 70 29 16 
19 23 24 25 25 25 24 23 23 22 21 21 20 20 19 21 19 19 20 20 19 19 19 18 17 17 17 17 23 25 29 33 31 36 47 66 72 63 29 15 22 17 19 19 18 17 16 17 17 18 22 31 44 58 60 56 52 47 42 40 37 35 31 29 28 28 26 26 26 25 25 24 23 23 25 29 38 50 74 96 97 67 24 13 
18 21 23 24 25 25 24 24 23 22 21 21 19 19 19 21 21 21 21 19 21 18 17 17 16 16 16 18 22 26 30 32 31 36 50 65 74 66 36 19 28 19 22 20 19 18 17 17 16 17 18 26 38 54 60 58 53 47 43 40 38 35 31 29 29 28 26 25 25 25 24 23 22 23 23 29 39 53 78 94 72 31 17 14 
18 18 21 23 25 25 24 24 23 22 21 21 19 19 19 19 19 19 19 21 19 18 16 15 16 16 17 18 23 26 29 31 31 36 45 59 75 73 45 28 37 24 20 20 19 18 17 16 16 16 17 24 37 52 61 59 54 49 43 40 37 35 32 30 29 29 28 26 26 25 24 22 23 23 23 30 42 58 81 95 61 23 15 15 
18 17 18 21 23 25 25 25 22 21 21 19 19 19 19 19 19 19 19 17 18 18 16 15 16 16 17 19 22 26 29 30 32 36 39 52 75 81 50 31 42 31 18 19 19 18 17 16 15 15 15 19 33 48 60 63 57 51 44 40 37 36 33 31 29 29 28 26 26 25 24 23 23 24 25 32 46 64 88 96 60 23 16 17 
16 17 16 18 21 23 25 25 22 21 19 19 19 19 18 18 17 17 17 17 18 17 16 16 17 19 21 21 23 28 30 31 32 35 38 50 74 79 57 43 45 38 26 19 19 18 16 15 15 14 14 15 18 33 49 61 65 52 45 40 36 35 33 32 31 30 29 28 28 26 25 24 24 24 24 36 52 68 94 96 59 23 16 17 
16 16 16 16 18 21 24 24 23 22 19 19 19 18 17 17 17 16 16 16 18 18 17 18 19 22 24 23 24 29 30 31 33 36 38 50 73 85 75 56 64 57 46 26 22 18 16 15 14 14 14 15 18 33 49 61 67 55 45 39 37 35 33 32 31 30 29 28 28 26 25 24 24 25 26 36 57 75 96 94 58 21 15 17 
16 16 15 16 16 18 22 23 22 22 19 19 18 18 17 17 17 16 16 17 18 18 18 21 21 22 22 23 25 29 31 32 33 36 38 50 71 87 90 72 81 68 53 37 20 17 16 15 14 14 14 15 17 32 47 60 67 58 46 39 37 35 33 32 31 30 29 28 28 26 25 25 25 26 29 38 58 82 100 88 54 17 14 16 
15 15 16 16 16 17 19 21 19 19 19 19 18 18 18 17 17 17 17 18 19 19 21 22 22 22 23 23 25 29 31 32 33 36 38 50 70 86 94 79 88 78 59 43 19 17 15 14 14 14 16 16 16 30 48 61 64 59 49 42 38 36 33 33 31 31 30 29 29 26 26 25 25 28 32 43 63 89 108 85 45 15 15 15 
16 16 16 16 17 17 18 19 19 19 19 18 18 18 18 17 17 17 18 19 21 22 22 23 23 23 23 24 25 28 30 31 33 37 39 51 71 86 89 78 84 80 66 49 21 18 15 14 14 14 16 16 15 25 40 54 63 64 54 44 40 37 35 32 31 31 30 30 29 28 26 26 26 29 33 50 70 89 107 82 40 16 15 14 
16 16 17 17 17 18 18 19 19 18 18 19 19 18 18 18 17 18 18 21 23 23 24 25 24 24 23 24 25 28 31 33 35 37 42 57 72 86 76 59 65 51 39 36 19 18 16 15 14 15 16 16 17 22 34 50 63 67 58 46 43 37 35 33 32 32 31 30 30 28 28 25 26 29 33 52 79 101 104 65 32 17 15 14 
15 15 16 16 17 17 18 18 19 18 18 18 18 18 18 18 17 18 18 21 23 23 24 25 25 24 23 24 25 28 30 32 33 37 42 58 72 82 67 48 52 40 32 28 21 17 16 15 14 15 16 17 19 21 31 46 67 73 64 52 43 39 37 35 32 32 32 31 30 28 28 28 28 30 36 52 75 99 96 57 15 16 14 14 
14 15 15 15 16 17 17 18 18 18 18 18 16 16 16 16 17 18 19 22 24 25 24 24 24 23 23 23 25 29 31 32 33 37 42 57 71 77 58 37 37 29 26 24 21 17 15 14 14 15 16 17 19 21 27 45 65 75 66 53 45 42 39 37 33 33 34 33 30 28 28 29 31 33 38 53 72 93 86 45 15 14 15 13 
11 12 12 12 14 14 15 16 17 16 16 16 14 14 12 14 17 19 22 22 25 25 24 24 24 23 23 23 25 29 30 31 33 36 40 56 70 67 47 30 29 25 25 23 21 18 15 14 15 15 16 17 19 21 25 44 63 79 77 64 50 46 44 39 35 35 34 33 30 28 28 29 32 36 40 54 70 87 80 39 16 15 15 12 
9 9 9 9 10 10 11 12 12 12 14 12 12 11 11 14 16 18 21 22 23 23 23 24 23 23 23 24 26 29 30 31 33 36 39 54 68 65 45 30 29 25 25 24 21 18 15 14 15 15 16 17 19 21 24 43 59 88 92 80 63 47 45 38 36 35 33 33 30 28 28 29 32 34 43 57 73 89 79 33 16 15 15 13 
8 8 8 8 9 9 9 10 10 10 10 10 10 10 11 12 17 19 19 22 23 23 23 24 23 24 24 24 26 29 30 31 32 36 39 54 68 71 50 30 28 24 25 23 19 18 16 15 14 15 15 17 19 19 23 39 56 97 110 100 73 49 45 39 36 36 36 33 30 28 28 29 31 36 46 61 78 93 81 37 16 15 15 13 
8 8 7 7 8 8 8 8 9 9 9 9 11 12 14 15 17 18 19 22 22 23 23 24 23 23 24 25 28 30 31 32 31 35 38 53 68 82 58 33 26 23 24 22 18 17 16 15 14 15 15 17 20 20 22 38 53 91 111 102 68 50 46 41 36 35 34 32 29 28 28 28 30 34 45 62 80 95 84 39 16 15 13 12 
9 9 9 9 10 10 10 10 10 10 11 11 14 15 16 17 18 19 21 21 22 22 22 23 23 24 25 26 29 31 31 32 31 33 37 53 67 85 61 36 26 23 23 20 17 16 16 16 15 15 15 17 22 22 23 37 38 72 102 104 86 51 48 44 37 33 32 32 29 28 28 28 30 33 43 58 75 89 79 36 15 15 13 11 
12 12 12 12 14 14 14 14 14 14 15 15 17 17 19 21 19 19 21 22 23 24 23 24 24 25 26 28 30 31 31 31 31 32 37 52 68 87 65 37 24 23 22 17 16 16 16 16 15 16 16 18 20 20 25 45 49 74 99 113 97 75 54 44 37 33 32 30 29 28 26 26 28 31 39 53 68 79 65 35 14 11 11 11 
15 15 15 15 16 16 16 16 16 16 17 17 18 18 21 22 21 21 22 22 23 24 23 24 24 25 26 28 30 31 31 31 30 32 36 52 68 87 70 40 23 23 21 16 16 15 15 16 15 16 16 18 22 20 25 44 49 71 92 102 85 63 52 44 37 35 33 31 29 28 28 26 28 31 38 50 66 77 63 33 12 11 10 10 
16 16 17 17 17 17 17 16 17 17 17 18 18 18 21 22 22 23 23 22 23 24 23 24 25 26 28 29 30 31 31 31 30 31 36 52 68 88 73 45 23 23 21 15 15 15 15 16 16 16 17 19 22 20 25 45 46 62 78 82 66 50 43 40 38 37 35 32 30 29 28 26 26 30 36 47 61 71 54 28 12 10 9 9 
16 16 17 17 17 17 17 17 17 17 18 19 19 19 21 21 22 23 23 22 23 24 24 25 28 29 29 29 30 31 30 30 30 31 36 51 67 79 66 44 23 23 21 15 15 15 15 16 16 16 17 19 20 20 25 39 45 57 67 66 49 43 40 37 36 35 33 32 30 29 26 25 24 26 36 47 61 68 49 22 12 10 10 9 
16 16 16 16 16 17 17 17 18 18 19 19 19 19 21 21 21 21 21 21 23 25 26 28 28 29 29 29 29 30 30 30 31 31 36 50 65 71 60 43 24 24 21 15 15 15 15 16 16 16 16 19 23 23 24 32 44 54 57 51 40 37 36 36 35 35 33 32 30 28 25 24 23 25 36 47 63 67 50 22 15 12 10 11 
16 16 16 16 16 16 17 17 18 18 19 19 18 18 19 19 18 19 19 21 23 25 26 28 28 29 29 29 29 29 30 30 31 31 36 49 64 68 57 39 25 24 21 15 15 15 16 16 17 17 17 21 24 26 26 31 47 55 46 40 38 36 36 36 36 35 33 31 29 26 24 23 23 26 37 49 64 67 47 22 15 12 10 11 
16 16 16 16 16 16 17 17 17 17 17 17 17 17 17 17 18 18 19 19 23 24 26 27 26 28 28 28 28 29 29 30 30 32 35 47 63 70 61 44 25 23 22 16 16 16 17 17 18 18 18 22 26 29 29 32 45 50 38 37 36 36 36 36 35 33 32 30 28 26 24 24 24 31 44 59 75 77 53 28 16 12 12 11 
16 16 16 17 17 17 16 16 16 16 16 16 16 16 16 16 17 17 17 18 20 23 25 26 25 26 28 28 28 28 28 29 29 31 35 45 59 75 75 58 30 23 22 18 17 18 17 18 19 19 21 23 26 27 30 33 40 41 35 36 35 36 35 35 33 33 32 30 28 25 25 24 25 36 51 68 85 85 60 31 16 11 15 11 
17 16 16 17 17 17 17 17 16 16 16 15 16 16 16 16 15 16 16 16 19 23 24 25 25 26 26 26 26 26 28 28 30 32 35 44 57 79 86 67 30 23 24 23 21 19 18 21 21 21 22 24 24 26 30 32 38 36 35 36 36 35 35 35 33 32 31 29 29 27 25 25 25 37 52 70 89 95 77 45 17 13 16 12 
17 16 17 17 17 17 17 17 16 16 16 16 16 16 16 16 15 16 17 18 22 23 24 24 25 25 25 26 26 26 28 28 30 32 35 43 56 80 95 82 45 26 25 26 24 23 21 22 23 23 24 24 24 25 29 33 37 36 35 35 36 33 33 33 33 32 31 30 29 27 26 25 26 35 46 67 94 104 88 53 22 17 19 16 
17 17 18 18 18 18 17 17 16 16 16 16 17 17 17 17 18 19 21 21 24 25 25 25 25 25 25 25 25 25 26 28 29 30 32 38 49 74 95 93 61 30 26 26 27 25 24 25 24 24 25 25 25 25 30 33 35 35 36 35 35 32 32 32 33 32 31 30 29 29 29 27 28 33 45 66 90 111 104 67 37 24 23 19 
17 17 17 18 18 18 18 18 17 17 17 17 18 19 19 19 19 21 23 24 25 27 26 26 26 26 25 26 26 26 26 28 28 30 32 35 42 65 96 104 77 44 32 28 29 27 27 27 25 25 25 25 25 24 28 33 35 35 35 33 33 32 32 31 32 31 30 29 29 29 27 27 26 32 42 57 82 110 120 93 50 31 28 24 
17 17 17 18 18 18 18 18 17 17 17 18 18 19 19 21 22 24 24 24 25 26 28 28 26 26 26 26 25 26 26 28 28 29 30 32 36 56 97 106 82 60 35 28 26 28 29 30 30 29 26 25 25 24 28 33 36 33 32 31 31 31 31 30 31 30 30 29 28 28 26 25 26 31 40 52 77 102 123 108 65 40 29 28 
18 18 19 19 19 19 18 18 18 18 19 19 21 22 22 22 23 24 24 25 26 28 28 28 28 28 26 26 26 26 26 28 28 29 30 31 33 51 86 111 106 70 39 29 26 26 30 32 31 30 26 26 26 25 29 35 35 32 30 29 30 29 29 28 29 29 29 28 26 28 26 28 23 31 39 50 67 85 114 114 72 43 29 29 
18 18 19 21 21 21 19 19 19 19 21 21 21 22 23 23 23 23 24 25 26 28 28 28 28 28 28 28 28 26 26 26 28 29 31 32 33 50 72 102 116 74 43 30 29 29 29 31 30 29 26 26 26 26 30 37 32 31 29 28 28 26 26 26 28 28 28 26 25 26 25 25 25 30 37 45 54 70 97 103 75 46 30 30 
18 18 19 21 21 21 21 21 19 21 21 21 21 22 22 23 23 23 24 25 26 28 28 29 28 28 28 28 28 28 26 26 29 30 31 32 33 47 59 87 117 79 46 32 30 30 30 31 30 29 28 28 28 26 31 36 30 30 29 28 26 25 25 25 26 26 28 26 25 25 24 23 24 28 32 37 45 58 84 95 74 49 33 29 
19 20 18 19 19 19 20 20 19 19 19 19 19 21 22 22 23 23 24 25 26 28 28 28 26 26 28 28 26 26 28 28 30 31 32 33 40 49 63 74 121 121 79 36 32 30 28 28 29 28 28 28 29 29 30 34 30 29 28 28 26 24 24 24 26 26 26 26 25 25 24 23 25 27 29 32 42 56 77 97 95 72 38 29 
19 20 19 19 19 19 20 19 19 19 19 19 19 21 22 22 23 23 24 25 26 26 26 28 26 26 26 26 26 26 28 29 31 32 33 33 37 45 58 72 121 145 114 63 37 32 29 28 26 26 26 26 29 29 30 31 30 29 28 28 25 24 23 25 26 28 29 28 26 25 24 24 25 26 28 32 37 46 64 82 81 64 40 29 
19 20 20 20 20 20 18 18 19 19 19 19 19 21 22 22 23 23 24 25 26 26 26 28 26 26 26 26 26 26 28 29 31 32 33 33 37 42 54 77 116 160 158 100 45 36 30 26 25 25 26 26 30 30 29 29 30 28 26 25 23 23 23 25 26 29 30 29 28 28 26 25 25 26 27 31 31 36 45 63 63 56 40 28 
19 19 19 20 20 20 19 18 18 18 19 21 21 21 22 22 23 23 24 25 26 26 26 28 28 26 26 26 27 26 26 29 30 32 33 33 37 40 52 68 97 155 178 142 67 45 33 29 26 26 26 26 30 30 29 29 29 26 25 21 21 22 23 25 28 30 31 30 29 29 26 25 26 26 27 29 29 31 33 46 51 51 39 28 
20 20 20 20 20 20 18 18 19 19 21 21 22 22 23 23 23 24 25 26 28 28 28 29 29 28 28 28 29 27 28 29 31 32 33 33 36 42 49 61 79 124 159 163 106 58 32 28 26 26 26 28 28 29 29 29 29 26 24 18 17 22 24 26 29 30 31 31 30 30 28 26 25 26 27 29 29 30 30 37 37 43 37 25 
19 20 20 20 20 20 18 19 19 19 21 21 22 22 22 22 23 24 25 26 28 28 29 30 29 29 29 29 29 29 28 29 31 32 33 33 36 40 46 52 58 92 136 166 138 87 46 26 29 26 25 26 28 26 26 28 28 24 21 16 14 19 24 28 29 29 30 30 29 29 26 25 25 25 27 29 28 29 30 32 31 38 35 25 
20 20 19 19 19 19 18 18 20 22 22 23 23 23 23 23 23 24 25 26 28 28 29 29 30 30 30 30 30 30 29 30 31 32 33 33 35 38 43 45 56 78 107 144 132 107 75 44 26 30 26 25 26 25 27 27 25 22 18 15 12 17 23 29 30 31 29 26 25 24 23 23 24 25 26 26 28 29 29 29 25 32 29 24 
20 20 19 19 19 19 19 19 22 22 23 23 23 24 23 23 23 24 25 26 28 28 29 30 31 31 31 31 31 31 30 31 31 32 33 33 33 36 38 42 56 70 94 123 108 110 98 66 33 28 28 25 25 25 27 27 24 21 17 15 12 17 23 30 31 35 29 25 22 22 22 21 22 24 26 25 25 28 28 28 24 30 29 25 
19 19 19 19 19 19 19 19 21 21 22 22 23 24 23 23 24 25 26 28 29 29 30 31 31 31 31 32 32 31 30 31 32 32 36 36 36 36 36 39 52 59 61 80 94 116 128 91 45 24 28 39 24 25 26 26 25 20 17 16 15 17 24 29 32 36 29 23 18 19 19 19 21 23 26 26 25 26 28 28 26 29 28 26 
19 19 19 19 19 19 19 19 21 21 22 22 23 23 23 23 24 25 26 28 29 29 30 32 31 31 31 32 32 32 31 32 32 32 36 36 36 37 36 38 45 52 57 71 87 116 135 132 108 51 25 26 26 25 26 26 24 20 18 17 16 19 24 29 30 33 28 22 16 15 17 18 21 22 24 26 26 26 26 26 26 29 29 28 
18 18 18 18 18 18 18 18 19 19 19 22 22 22 23 24 23 24 25 26 28 29 30 32 31 31 31 32 32 32 31 32 32 33 37 37 37 37 36 36 38 45 51 54 72 103 125 160 154 95 45 30 29 26 27 26 23 21 19 18 19 23 25 29 29 30 24 19 14 13 15 17 19 19 23 25 25 26 26 26 28 29 29 29 
17 17 17 17 17 17 17 17 18 18 19 21 21 21 22 23 22 24 25 26 28 29 30 31 32 32 32 32 32 32 31 32 33 35 37 37 37 37 36 35 37 43 49 45 57 82 103 144 180 154 87 46 24 31 27 25 23 22 21 19 20 25 28 30 29 28 22 17 14 14 15 16 17 18 20 23 23 25 26 26 28 28 29 29 
17 17 17 17 17 17 16 17 17 18 19 19 19 21 22 22 21 22 24 25 26 28 29 30 30 30 30 31 31 31 31 32 33 35 37 37 37 37 36 36 35 39 46 47 49 65 94 122 158 178 135 77 46 33 29 26 24 23 23 22 22 25 31 36 33 29 19 15 14 14 15 15 16 17 19 22 22 25 26 28 28 29 29 29 
16 16 16 17 17 17 16 16 17 17 18 18 18 18 20 20 19 19 22 24 25 26 26 29 29 29 29 28 30 30 30 31 33 33 37 37 36 36 34 34 31 33 33 38 40 51 72 86 128 165 167 132 71 35 31 26 25 24 24 23 24 26 32 34 33 29 19 15 13 14 14 14 15 16 19 22 22 25 26 28 29 30 30 29 
16 16 16 16 16 16 16 16 16 17 17 17 17 17 18 18 19 20 21 23 24 25 25 28 28 28 28 28 28 28 30 31 32 33 35 35 33 33 32 32 29 24 22 22 25 37 49 57 97 130 172 175 109 39 30 26 26 25 24 25 29 30 31 33 34 29 18 14 12 13 12 12 15 17 19 22 23 26 28 29 29 30 30 30 
16 16 16 16 16 16 16 16 16 17 17 17 17 16 17 18 19 20 21 22 24 25 25 28 26 26 26 28 28 28 30 30 32 35 35 33 33 32 31 31 28 22 19 16 15 21 30 37 65 85 115 139 132 80 33 30 29 26 25 28 31 32 31 33 36 29 18 14 12 13 12 12 15 17 19 22 23 26 28 30 30 30 31 30 
16 16 16 16 16 16 16 16 16 17 17 17 17 16 17 18 19 20 19 22 23 24 25 26 26 25 26 26 26 28 29 30 32 32 32 33 32 32 31 31 29 24 22 19 12 10 9 16 31 40 67 96 111 106 60 23 37 26 28 30 32 32 31 29 33 28 18 13 11 12 11 11 12 16 18 21 24 28 30 31 30 31 31 31 
16 16 16 16 16 16 16 16 17 17 17 17 17 17 18 18 19 20 21 22 23 24 24 26 25 25 26 26 26 28 29 29 31 31 31 31 31 30 29 30 28 26 25 23 16 13 11 18 15 21 43 68 90 110 97 47 26 30 29 29 31 31 29 28 32 25 18 13 11 11 11 12 14 16 18 21 24 26 29 30 31 31 32 31 
17 17 17 17 17 17 17 17 18 18 17 18 18 18 18 18 19 19 22 23 23 24 24 25 25 25 26 26 26 28 28 28 30 30 29 29 29 29 28 29 26 25 24 23 19 17 16 23 10 11 24 47 66 100 120 96 39 33 31 31 29 29 28 29 31 24 16 12 11 11 11 12 14 16 19 21 25 27 29 31 31 31 32 31 
17 17 17 17 17 17 17 17 17 17 17 18 18 18 19 21 21 21 22 24 24 25 25 25 26 26 26 28 28 29 29 29 29 30 29 29 29 29 28 28 25 24 23 24 22 19 19 22 21 18 24 40 58 95 125 129 75 39 37 33 29 29 29 30 30 23 16 12 11 11 12 14 15 18 21 22 24 26 28 30 30 31 32 32 
17 17 18 17 17 17 17 17 17 17 17 18 18 18 19 21 22 23 23 23 24 25 26 26 28 28 29 29 30 30 31 30 30 31 31 30 31 31 29 28 28 25 24 26 24 23 24 26 26 26 25 39 47 77 107 125 95 49 38 36 35 32 30 30 26 21 17 15 13 13 15 16 18 18 21 23 23 25 27 29 29 30 32 32 
18 18 18 18 18 17 17 17 17 17 17 18 18 18 19 21 22 23 23 23 24 25 26 26 28 28 29 29 30 31 31 31 31 31 31 30 31 31 30 30 29 28 26 26 25 23 23 28 28 28 28 36 36 58 85 102 101 63 37 37 36 33 30 29 25 19 18 17 16 16 17 18 21 21 23 25 24 26 29 31 30 30 32 32 
18 18 18 18 17 17 17 17 17 17 17 17 17 18 19 21 22 23 23 23 24 25 26 26 28 28 29 29 30 31 31 31 30 30 31 31 32 33 32 31 30 30 28 26 24 23 25 26 29 29 31 33 29 36 54 65 85 68 37 30 30 31 31 30 26 22 22 20 18 18 21 22 25 26 26 26 27 30 30 31 31 31 31 32 
15 15 16 17 16 17 17 17 18 18 18 18 17 17 18 19 20 22 22 22 24 25 26 25 28 28 28 28 28 29 29 29 29 30 32 32 34 34 33 33 32 31 29 25 24 24 25 28 28 29 31 32 30 32 32 36 56 59 38 31 31 35 34 31 30 25 24 23 22 22 24 25 27 29 29 29 30 31 31 31 31 31 32 33 
9 10 11 11 10 10 11 12 12 14 15 17 16 17 18 19 19 21 22 22 24 25 26 26 28 26 28 28 28 28 28 28 28 28 29 30 36 36 35 33 32 32 29 26 24 24 26 29 29 30 32 32 32 31 30 30 32 31 36 37 37 37 36 36 31 27 24 24 23 24 26 29 28 29 29 29 30 32 31 31 30 32 33 33 
4 4 5 5 4 4 5 5 5 5 8 9 9 10 11 12 14 15 16 16 17 17 18 19 19 19 21 22 22 23 23 23 22 23 24 26 35 36 35 33 33 32 30 29 26 26 29 32 33 32 32 32 31 31 30 30 30 31 31 30 30 30 30 30 31 29 25 24 25 26 29 30 29 29 29 30 31 32 31 31 31 32 33 35 
2 2 1 1 1 2 2 1 2 2 2 2 3 3 6 6 8 8 9 10 11 11 10 11 11 12 12 14 15 16 16 17 16 17 18 19 36 36 36 35 35 33 32 32 30 30 33 36 33 32 32 32 30 30 30 30 30 30 30 30 30 30 30 30 30 29 29 26 27 27 30 31 32 31 29 31 31 32 31 30 31 32 33 36 
