19 21 21 21 22 22 22 22 22 22 22 22 22 22 22 22 22 22 22 22 21 21 21 21 19 19 19 18 17 17 17 17 18 21 23 24 24 25 26 26 26 25 24 24 25 26 28 28 28 26 26 26 25 25 24 24 23 23 22 23 21 19 19 19 19 18 20 20 22 22 22 19 16 16 15 14 17 18 17 18 22 26 33 40 44 35 24 22 23 24 
21 22 22 22 22 22 22 22 22 22 22 22 22 22 22 22 22 22 22 22 21 21 21 19 19 18 18 18 17 17 17 17 18 21 23 25 25 26 26 26 26 24 23 24 25 26 28 28 28 26 26 26 25 24 22 22 21 21 22 20 19 19 19 18 17 18 19 19 19 19 21 18 16 15 15 15 15 22 29 44 67 75 77 89 93 72 49 32 23 25 
21 22 22 22 22 22 22 22 22 22 22 22 22 22 22 22 22 22 22 22 21 21 21 19 18 18 18 18 17 17 17 17 18 21 23 25 25 26 26 26 26 24 23 25 25 25 26 26 25 25 26 24 23 23 21 21 19 19 17 19 18 18 18 18 17 17 19 19 18 19 19 17 15 16 16 19 35 54 74 95 114 115 103 96 81 68 46 28 18 17 
21 22 22 22 22 22 22 22 22 22 22 22 22 22 22 22 22 22 22 22 21 21 21 19 18 18 18 18 17 17 17 17 18 21 23 24 25 26 26 28 28 25 23 25 25 25 27 27 26 25 24 23 21 19 19 18 18 17 17 17 17 17 18 18 16 17 17 18 17 18 18 16 15 17 23 39 70 100 123 124 106 88 73 52 36 29 20 15 12 12 
21 22 22 22 22 22 22 22 22 22 22 22 22 22 22 22 22 22 22 22 21 21 21 19 18 18 18 18 17 17 17 17 18 21 23 24 25 26 26 29 29 25 25 24 23 25 26 25 23 23 23 22 19 17 17 18 18 17 16 16 17 17 17 17 17 17 17 17 16 17 17 17 21 32 51 77 102 115 108 89 63 36 26 18 15 10 8 9 10 11 
21 22 22 22 22 22 22 22 22 22 22 22 22 22 22 22 22 22 22 22 21 21 21 19 18 18 18 18 17 17 17 17 18 21 23 24 24 26 26 29 29 25 25 23 24 24 22 21 20 20 20 20 18 18 18 18 18 16 16 16 17 17 17 17 17 17 17 17 16 15 12 16 28 49 79 104 117 108 75 45 33 13 9 15 13 10 8 8 8 9 
21 22 22 22 22 22 22 22 22 22 22 22 22 22 22 22 22 22 22 22 21 21 21 19 18 18 18 18 17 17 17 17 18 21 23 24 24 25 25 28 28 25 23 22 23 22 19 18 18 19 19 19 17 18 18 17 17 16 16 16 17 17 17 17 16 17 16 16 16 16 16 24 45 72 96 107 101 77 44 23 18 12 11 11 11 9 8 8 8 9 
21 22 22 22 22 22 22 22 22 22 22 22 22 22 22 22 22 22 22 22 21 21 21 18 17 18 18 18 17 17 17 17 18 21 23 24 24 24 25 25 24 23 22 21 22 22 19 19 19 20 20 19 18 18 18 18 18 17 17 17 17 17 18 17 17 17 17 17 17 18 25 43 73 94 99 84 60 32 14 9 10 10 9 9 10 10 10 10 10 11 
21 22 22 22 22 22 22 22 22 22 22 22 22 22 22 22 22 22 22 22 21 21 21 18 18 18 18 18 18 18 17 17 19 22 23 24 23 23 24 24 22 22 21 21 20 20 19 21 22 22 20 25 19 21 19 18 18 18 18 19 18 18 19 18 18 18 18 17 18 21 35 59 83 91 75 47 29 14 7 8 9 8 7 8 10 11 11 11 11 13 
22 22 22 22 22 22 22 22 22 22 22 22 22 22 22 22 22 22 22 22 22 21 21 19 19 19 19 18 17 17 17 18 19 21 22 23 23 23 23 23 22 21 21 19 20 19 19 20 19 19 19 21 21 21 21 18 18 18 19 19 20 19 20 18 18 18 18 17 21 25 42 75 96 89 53 28 16 6 5 6 8 6 8 8 8 9 11 11 10 12 
22 22 22 22 22 22 22 22 22 22 22 22 22 22 22 22 22 22 22 22 22 22 21 19 19 19 19 18 17 17 18 19 19 21 22 24 23 23 22 22 22 22 21 19 19 19 19 20 19 18 19 19 19 19 19 18 18 18 18 19 20 19 19 19 18 18 18 17 24 32 52 85 95 77 36 15 9 6 4 4 4 5 6 6 7 6 6 9 8 9 
22 22 22 22 22 22 22 22 22 22 22 22 22 22 22 22 22 22 22 22 22 22 21 19 19 18 19 19 18 18 18 19 19 22 23 23 24 24 23 23 23 23 21 21 20 20 19 20 19 19 20 22 20 20 19 19 18 18 18 19 18 18 18 18 18 18 19 19 29 39 64 85 81 56 19 5 4 3 4 4 4 4 5 6 6 6 7 8 8 9 
22 22 22 22 22 22 22 22 22 22 22 22 22 22 22 22 22 22 22 22 22 22 22 21 19 19 19 19 19 18 18 18 19 22 22 23 24 24 23 23 23 22 21 22 22 20 20 20 19 19 22 22 22 19 19 19 18 18 17 16 17 17 18 21 23 23 25 25 44 57 81 90 79 46 17 6 6 6 7 8 9 10 11 14 14 15 16 17 17 17 
21 21 21 21 21 21 21 21 21 21 21 21 21 21 21 21 21 21 21 21 21 21 21 19 18 18 18 19 18 18 17 17 19 22 23 24 24 24 23 23 23 22 20 20 21 21 19 19 20 22 23 23 22 20 19 19 18 18 17 17 16 17 21 25 31 36 42 59 102 123 139 139 110 61 36 23 17 17 17 19 22 23 24 24 23 23 22 22 23 23 
21 21 21 21 21 21 21 21 21 21 21 21 21 21 21 21 21 21 21 21 21 21 21 19 19 18 19 19 18 19 18 19 19 22 23 24 24 24 23 23 23 22 22 22 21 19 19 19 20 22 23 23 22 20 19 19 21 23 25 26 28 31 46 64 78 100 125 157 195 209 215 193 153 100 55 37 26 26 24 25 26 25 26 27 26 26 24 23 24 23 
21 21 21 21 21 21 21 21 21 21 21 21 21 21 21 21 21 21 21 21 21 21 21 19 19 18 19 19 17 18 18 19 19 22 23 23 24 24 23 23 23 22 22 22 22 22 22 22 22 22 22 23 24 23 23 22 24 28 36 50 72 96 124 149 174 195 209 223 228 219 199 165 137 96 53 37 28 28 26 26 27 27 26 26 25 25 24 23 24 25 
21 21 21 21 21 21 21 21 21 21 21 21 21 21 21 21 21 21 21 21 19 19 19 19 18 18 18 19 19 18 18 19 19 21 22 23 24 24 24 23 23 23 22 22 23 23 23 23 24 24 24 25 26 27 26 29 38 54 80 118 163 193 216 234 239 235 227 214 173 146 111 85 67 46 32 30 30 29 29 28 29 27 26 26 25 25 25 24 25 25 
23 23 23 23 21 21 21 21 21 21 21 21 21 21 21 21 21 21 21 21 19 19 19 19 19 18 17 18 19 19 19 18 21 21 23 24 24 24 23 23 23 22 21 21 22 20 19 19 23 29 30 30 38 40 52 70 90 124 169 202 229 243 240 233 221 199 173 146 99 79 57 45 40 36 31 29 28 30 29 28 28 28 27 27 26 26 25 24 25 24 
23 23 23 23 21 21 21 21 21 21 21 21 21 21 21 21 21 21 21 21 19 19 19 19 19 18 19 19 18 19 19 19 21 21 22 22 23 23 23 23 22 22 21 21 20 22 22 22 26 28 30 40 59 85 117 153 191 221 243 246 241 222 196 169 150 128 106 87 58 51 49 46 42 36 30 24 24 29 28 26 26 26 27 27 26 25 25 24 25 25 
23 23 23 23 21 21 21 21 21 21 21 21 21 21 21 21 21 21 21 21 19 21 21 21 19 19 19 21 19 19 19 19 21 21 22 22 22 22 22 21 19 19 19 21 21 23 26 25 27 36 52 85 125 166 205 231 246 249 250 236 208 167 131 102 85 73 63 56 44 43 40 37 36 32 28 23 24 29 26 26 26 26 26 27 26 25 24 24 24 24 
23 23 23 23 21 21 21 21 21 21 21 21 21 21 21 21 21 21 21 19 19 19 19 19 19 19 19 21 19 19 19 19 21 21 22 22 22 22 22 22 19 19 21 21 21 23 24 27 43 76 118 165 205 234 247 252 250 243 223 186 145 108 78 58 48 50 47 40 37 36 33 31 32 31 29 28 26 26 26 24 25 26 26 27 25 25 25 24 25 24 
22 22 22 22 19 19 19 19 19 19 19 19 19 19 19 19 19 19 19 19 19 19 19 18 19 19 19 19 21 21 21 21 21 21 21 22 23 23 23 23 19 19 22 23 24 24 28 57 106 156 200 231 248 252 248 231 208 179 145 114 88 64 55 48 42 37 35 33 32 31 30 29 31 30 29 28 28 26 24 24 25 25 25 25 25 25 24 24 24 24 
22 22 22 22 19 19 19 19 19 19 19 19 19 19 19 19 19 19 19 19 19 19 19 19 19 19 21 21 21 21 21 21 21 21 21 21 23 23 23 22 19 18 22 24 31 44 75 129 187 228 248 250 238 220 193 162 124 92 74 59 49 46 45 43 37 35 33 32 32 30 29 29 29 29 28 28 26 25 25 24 25 24 25 25 25 24 24 24 24 23 
21 21 21 21 20 20 20 20 20 20 20 20 20 20 20 20 20 20 20 20 20 20 20 20 20 20 20 20 21 21 21 21 21 21 21 21 21 21 21 21 19 21 22 24 43 82 142 199 235 247 238 215 175 139 108 83 65 52 45 42 38 38 35 33 32 30 30 30 29 28 28 26 26 28 25 25 25 24 24 24 24 23 24 24 24 24 24 23 23 23 
21 21 21 21 20 20 20 22 20 20 20 20 20 20 20 20 20 20 20 20 20 20 20 20 20 20 20 20 19 19 19 19 21 21 21 21 21 19 21 22 22 21 25 35 75 134 193 232 236 217 180 137 98 71 54 46 43 40 36 35 36 32 31 32 30 28 26 26 26 26 26 24 24 26 25 24 25 24 23 23 23 23 24 24 24 24 24 23 23 23 
21 21 21 21 19 21 22 22 20 22 22 20 19 21 19 19 19 19 19 19 21 19 19 18 18 18 18 19 19 19 19 19 19 19 19 21 21 21 21 22 23 25 38 78 138 193 222 215 186 141 101 69 49 38 33 35 35 33 31 31 31 30 30 30 29 28 26 25 24 25 25 23 23 25 23 22 23 23 22 21 23 23 23 23 23 23 23 22 23 23 
21 21 21 21 21 21 22 22 22 22 22 22 21 21 21 21 21 21 21 21 21 21 21 19 19 19 19 21 21 19 21 21 21 21 21 21 22 22 23 23 26 39 64 116 181 221 219 179 123 78 54 41 32 28 26 28 30 29 26 28 28 28 28 28 26 26 25 24 24 24 24 23 23 23 22 22 21 21 19 21 22 22 22 22 22 22 23 22 22 23 
22 22 23 23 23 23 22 22 21 22 22 22 23 23 22 22 23 23 23 22 22 21 21 21 21 21 21 22 22 21 22 22 22 22 22 22 23 23 24 25 29 49 90 144 198 216 181 121 68 43 32 28 26 25 24 25 30 30 26 25 26 26 26 26 25 26 25 24 23 23 23 23 22 21 22 22 19 19 18 22 22 22 21 19 22 22 22 22 23 24 
24 23 24 25 24 24 23 23 23 23 23 22 23 23 23 22 23 23 23 23 23 22 22 22 22 22 23 23 23 24 24 23 23 23 23 23 24 23 24 25 37 63 109 158 188 177 132 74 44 36 31 26 25 24 23 25 29 30 25 24 26 25 25 24 24 25 24 23 22 22 22 21 19 21 19 20 18 19 18 20 19 19 21 19 20 20 21 21 20 22 
25 25 26 26 25 24 25 25 25 25 24 24 25 25 25 24 24 24 25 25 25 24 24 24 24 24 24 24 24 24 25 25 25 25 25 25 26 25 24 30 49 90 139 175 175 129 82 52 32 28 26 26 25 24 23 23 24 24 23 23 24 23 24 23 24 24 22 21 21 19 19 19 20 19 18 18 18 19 18 18 18 18 18 17 18 18 19 19 18 18 
26 26 27 29 26 26 27 26 26 26 26 26 27 27 27 26 27 27 27 27 26 26 26 25 25 25 25 25 25 25 26 26 26 26 26 26 27 29 29 45 78 135 178 186 152 90 51 35 29 26 26 25 24 23 23 22 22 21 21 22 23 23 23 22 23 23 22 21 19 19 19 19 20 19 18 18 18 18 18 18 18 18 17 17 17 17 18 18 18 17 
26 28 28 28 29 29 29 29 28 28 28 28 26 28 28 26 28 26 26 28 28 28 28 26 26 26 26 26 26 26 26 26 28 28 26 26 26 27 37 72 128 175 195 175 113 56 37 30 26 25 24 23 22 22 21 19 18 18 19 21 21 22 22 22 22 22 21 19 20 20 19 19 19 19 18 18 19 18 18 19 17 17 17 17 17 17 17 17 17 17 
28 29 29 29 30 29 29 29 28 28 28 26 28 29 28 28 28 28 28 29 29 28 28 28 28 28 26 28 28 28 28 28 29 30 29 26 25 36 66 116 166 206 203 146 71 39 33 25 18 22 22 22 22 21 21 19 18 19 19 19 19 21 21 21 21 21 19 19 20 20 21 21 19 19 18 18 19 19 19 19 17 17 18 17 17 17 16 18 17 16 
28 29 29 28 30 30 30 30 30 30 30 30 28 28 30 30 30 29 29 29 29 29 29 28 28 28 28 28 28 26 26 28 29 31 28 25 26 50 87 142 188 207 171 100 57 44 33 24 20 22 22 21 19 19 21 19 21 21 21 21 21 21 21 21 21 21 20 20 19 19 21 19 19 19 19 18 18 18 18 18 17 17 18 18 18 18 18 18 18 19 
26 28 28 28 29 29 29 29 29 29 29 29 28 28 29 29 29 29 28 29 29 29 29 28 28 28 28 28 28 26 26 26 27 29 28 28 31 57 93 148 182 165 107 60 44 37 31 25 23 22 21 21 19 19 19 21 22 23 22 21 21 21 21 19 21 19 20 20 19 19 19 19 19 18 19 18 18 18 18 18 18 18 18 18 18 19 18 19 19 19 
26 26 26 26 26 25 25 26 26 28 28 28 28 28 28 28 28 28 28 29 29 29 29 29 28 28 28 28 28 26 25 25 24 25 29 31 31 58 101 145 150 113 58 38 32 29 28 25 23 23 22 19 19 19 19 19 21 22 21 21 22 22 22 20 20 20 20 20 19 19 19 19 19 18 19 18 18 18 18 18 18 18 18 18 18 18 18 19 19 18 
25 25 25 25 24 24 24 25 25 25 26 26 28 28 28 28 28 28 28 28 26 28 28 26 25 25 25 26 26 24 23 24 24 25 29 38 37 75 110 125 111 73 35 26 24 24 23 23 22 21 21 19 19 18 18 18 19 21 21 21 22 22 20 20 22 20 20 20 19 19 19 21 21 19 19 19 19 18 18 18 18 18 18 18 18 18 19 19 19 19 
25 24 23 23 22 22 21 22 23 24 24 25 26 26 26 26 25 25 25 25 25 25 25 25 25 24 24 24 24 23 24 24 23 23 27 44 46 80 109 108 85 46 26 28 26 25 23 22 22 20 19 19 19 19 18 17 19 20 22 22 22 22 20 20 20 20 20 20 21 19 19 21 21 19 19 19 19 18 18 18 18 18 18 18 18 18 19 19 19 21 
23 23 22 22 21 21 21 22 23 23 23 23 25 25 24 24 23 24 24 24 25 24 24 25 25 25 24 23 24 23 24 24 22 24 30 52 61 92 115 95 52 31 26 25 25 24 21 19 20 20 19 19 19 19 18 17 19 20 20 22 20 20 20 20 20 20 20 20 21 19 19 21 21 21 19 19 19 18 19 19 19 18 18 17 18 18 18 18 19 19 
22 21 22 22 23 23 23 23 24 24 24 23 25 25 25 25 24 24 24 24 24 24 24 24 24 24 23 23 24 23 24 24 24 26 33 68 81 115 122 80 33 23 26 25 24 22 20 19 19 19 19 19 18 18 18 18 19 20 20 22 20 20 20 20 20 20 20 20 19 19 19 21 21 21 19 19 19 19 19 19 19 18 18 17 18 18 18 18 19 19 
23 23 23 23 24 24 24 24 24 24 24 24 25 25 25 25 25 24 24 24 24 24 24 24 24 24 23 24 24 24 25 25 25 30 40 90 115 139 126 73 36 26 26 25 23 21 20 19 19 18 18 18 18 18 18 19 19 20 22 22 22 22 20 20 20 20 20 20 19 19 19 21 21 19 21 21 21 21 19 18 18 18 18 18 18 18 17 18 19 19 
24 24 23 24 25 25 25 25 25 26 26 25 25 24 24 25 25 24 24 24 25 24 23 23 24 23 23 24 24 25 25 24 26 34 62 104 142 162 128 63 32 27 24 23 23 21 20 19 19 17 16 16 17 18 18 19 19 19 20 20 19 21 21 21 21 19 19 21 19 19 19 19 19 21 21 21 19 21 21 19 19 18 18 18 18 17 17 18 19 21 
25 25 24 24 26 26 26 26 26 26 26 26 26 25 25 26 26 25 25 25 25 25 24 24 24 24 23 24 24 25 25 24 29 43 81 126 163 178 123 46 25 29 25 23 22 21 20 18 18 17 15 15 17 17 18 19 19 20 20 20 21 21 21 21 21 19 19 21 19 19 19 19 21 21 21 21 21 21 21 19 19 18 18 18 19 18 18 18 21 21 
26 26 25 25 26 28 28 28 28 28 28 26 26 26 26 26 26 26 26 25 26 25 25 25 25 25 23 24 25 26 25 26 30 53 103 149 179 173 103 35 22 26 24 23 21 19 19 17 17 17 16 15 16 17 18 19 18 19 19 19 21 21 22 22 22 22 21 21 19 19 19 19 21 21 21 21 21 21 21 21 19 19 19 19 18 18 18 18 22 21 
29 29 29 29 29 29 29 29 29 29 29 29 29 28 28 28 28 28 28 26 27 26 26 27 27 27 25 25 25 26 26 29 37 71 128 174 186 159 79 33 24 25 24 22 21 19 19 18 18 17 16 16 15 16 17 18 18 18 18 19 19 19 22 22 22 22 21 21 21 19 19 19 21 21 21 21 22 21 21 21 21 19 19 19 18 18 18 18 22 22 
29 29 29 29 29 29 29 29 29 29 29 29 29 28 28 28 28 28 28 28 29 29 29 28 28 28 27 26 25 24 26 30 45 92 146 190 185 121 53 30 24 24 24 22 21 19 18 17 17 17 16 16 16 16 17 18 17 18 19 20 20 20 22 22 22 22 21 22 21 21 21 21 21 21 21 22 22 22 22 22 21 21 19 19 18 19 19 18 21 21 
29 29 29 29 29 29 29 29 29 29 29 29 28 28 28 28 28 28 26 26 28 28 29 28 28 28 29 27 25 24 27 33 57 110 157 194 178 96 36 28 23 22 22 22 19 18 18 18 18 17 17 16 15 15 17 18 17 18 19 20 20 20 22 22 22 22 21 21 21 21 21 21 21 21 22 22 23 23 23 21 21 21 19 19 19 19 19 19 19 21 
26 28 28 28 26 28 28 28 28 28 28 28 26 25 25 25 25 25 25 25 26 26 26 25 25 25 26 26 26 25 28 37 70 127 172 195 152 74 34 26 23 22 22 21 18 18 17 18 18 17 17 16 15 15 16 16 17 18 19 20 20 20 21 21 21 21 21 21 21 21 21 21 21 19 22 22 22 23 23 21 21 21 22 20 21 21 21 19 19 19 
23 25 24 24 25 25 25 25 25 25 25 25 24 24 24 24 24 24 24 24 25 25 26 24 24 25 25 25 25 26 30 43 86 142 182 191 135 54 32 26 23 19 21 21 18 18 18 19 19 18 16 15 15 15 16 16 17 18 19 20 20 20 21 21 21 21 21 22 21 21 19 21 21 21 22 22 21 22 22 21 19 19 20 22 21 21 21 19 19 19 
23 24 23 24 24 24 23 23 23 23 23 23 24 24 24 24 24 24 23 23 24 24 24 24 24 23 25 25 25 25 31 49 97 149 188 177 113 46 28 25 23 19 19 21 18 18 18 19 19 18 18 17 17 15 15 15 17 17 18 18 19 19 19 19 19 19 21 21 21 21 22 22 22 22 20 22 23 24 23 21 22 22 21 21 21 21 22 20 20 20 
23 23 24 24 23 24 23 23 23 23 23 23 23 23 23 23 23 23 22 22 23 23 24 23 23 22 24 25 24 25 33 60 115 163 193 160 95 44 28 23 23 21 19 21 18 18 18 18 19 19 18 17 17 15 15 16 17 18 18 18 18 19 19 19 19 19 21 21 21 21 22 22 22 22 20 22 23 24 23 22 23 23 22 21 21 21 22 20 20 20 
21 23 23 22 23 23 22 22 22 22 22 22 22 22 22 22 22 22 22 22 22 22 23 22 23 22 23 24 23 26 40 72 134 180 195 147 84 37 29 23 24 22 19 19 19 18 18 18 19 19 18 17 16 17 17 17 17 17 18 17 18 19 19 19 20 20 20 22 22 22 22 22 22 22 20 22 24 25 24 24 24 24 23 22 21 21 21 19 20 20 
22 23 25 23 23 23 22 22 22 22 23 24 22 22 23 23 22 22 22 21 21 22 22 22 22 22 23 23 23 29 49 90 146 184 182 125 61 22 25 24 23 22 19 19 18 18 18 18 19 19 18 17 17 17 17 17 17 17 18 17 18 19 19 19 19 19 19 20 22 22 22 22 22 20 22 20 23 25 24 23 24 23 22 21 21 19 19 19 20 20 
22 22 23 22 22 22 21 21 19 19 21 21 21 21 22 23 23 22 22 22 21 22 22 21 21 19 22 25 23 35 60 109 151 179 163 108 58 26 24 24 23 22 20 20 18 18 19 19 19 19 18 18 18 17 16 17 17 17 17 18 18 19 20 20 19 19 19 20 20 20 20 22 22 22 22 20 22 24 24 22 22 22 22 21 19 19 19 19 19 19 
21 21 22 21 19 19 19 19 18 18 19 19 19 19 21 22 22 21 22 22 22 22 22 22 21 22 23 23 23 43 76 119 150 169 138 84 50 30 25 24 23 22 19 19 18 18 19 19 19 19 19 18 17 17 16 17 17 17 17 18 19 19 19 19 19 19 19 19 20 20 20 20 20 22 20 19 20 22 22 22 22 22 19 21 19 19 19 19 19 17 
20 19 18 17 18 18 16 16 16 16 17 19 20 20 21 21 21 21 21 22 22 22 22 22 21 22 21 22 26 46 82 121 144 146 107 58 32 25 26 24 23 22 18 18 18 18 18 19 19 19 19 18 18 17 16 17 17 17 17 18 20 20 19 19 18 18 18 18 18 18 18 19 20 20 20 20 20 22 21 21 21 19 19 18 18 18 18 18 18 17 
17 16 15 15 16 17 17 17 16 14 16 17 19 20 21 21 21 21 22 22 22 22 21 22 22 22 19 22 33 59 90 123 136 122 80 43 23 22 24 23 22 20 18 18 18 17 18 18 21 19 19 19 18 17 17 16 16 16 16 16 18 18 18 18 17 18 18 18 18 18 18 19 20 20 20 20 20 22 19 19 18 18 18 18 17 18 18 18 18 18 
15 14 15 15 15 15 14 12 12 12 15 17 18 19 22 22 21 21 22 23 21 21 22 22 22 21 19 22 35 66 92 109 102 84 57 33 25 24 22 22 21 18 17 17 17 17 19 19 21 21 19 18 18 17 17 16 16 16 16 16 18 18 18 18 17 18 18 18 17 17 18 18 19 19 22 22 20 20 20 19 18 18 17 17 17 17 18 18 19 19 
15 14 15 15 15 13 11 9 11 12 14 17 18 19 22 22 21 21 21 22 22 22 22 22 21 21 19 23 38 75 93 106 84 57 40 31 24 23 22 21 19 18 18 18 17 19 19 21 21 21 19 18 18 17 17 16 16 16 16 16 17 17 16 16 15 16 16 16 17 17 17 18 18 18 22 22 22 22 19 19 19 19 18 18 18 18 18 19 19 19 
14 14 14 14 14 12 11 12 16 17 18 19 18 18 22 22 22 22 22 22 22 22 23 22 21 21 19 25 47 84 93 96 65 38 29 23 22 22 22 21 18 18 18 18 18 18 19 19 19 19 19 18 18 17 17 16 15 16 16 17 17 17 16 16 16 16 16 16 18 18 18 18 19 19 19 21 22 22 22 20 20 20 19 19 18 18 19 19 19 19 
15 15 15 15 14 12 14 17 20 22 22 19 18 19 22 22 22 22 22 22 23 22 22 21 19 22 23 35 59 93 107 89 57 36 32 28 24 23 21 19 18 17 17 18 17 18 19 19 19 19 19 18 18 18 18 16 16 15 16 16 16 16 16 16 16 16 16 16 18 18 18 18 19 19 19 21 22 22 22 22 20 20 19 19 18 18 19 19 19 21 
17 17 16 16 14 11 14 15 18 19 19 18 19 20 22 23 22 22 22 23 22 22 21 21 21 23 28 45 68 99 104 78 43 28 28 25 25 24 22 20 19 19 18 18 18 19 19 19 19 19 18 18 18 18 18 17 16 15 14 15 15 15 16 16 17 16 16 16 18 18 18 18 19 19 19 21 21 21 21 19 19 19 18 18 18 19 19 19 19 21 
19 19 17 16 14 12 12 12 14 14 17 18 19 20 22 23 22 22 22 22 22 22 22 21 21 24 36 58 77 101 96 60 33 26 25 24 24 23 22 20 20 20 19 19 19 19 19 18 19 18 18 18 18 18 18 17 16 15 14 14 15 16 17 17 17 17 17 17 18 18 18 18 19 19 19 19 19 19 19 19 19 19 18 18 19 19 19 19 19 19 
22 23 22 19 18 18 17 16 15 15 17 19 20 22 20 22 22 21 21 22 22 22 22 21 23 26 42 65 82 102 82 47 32 28 26 24 22 21 19 19 19 19 20 20 18 18 19 19 18 18 18 18 18 18 17 17 17 15 14 14 15 16 17 17 18 17 17 17 18 18 18 18 19 19 19 19 19 19 19 19 19 19 18 18 19 19 19 19 19 21 
23 24 26 24 24 25 25 24 22 21 22 22 22 22 22 22 19 21 22 22 22 22 22 22 24 30 47 71 90 105 71 39 31 29 26 24 22 21 19 19 19 19 19 20 17 19 19 21 19 18 18 18 18 18 18 17 17 15 12 14 15 16 17 17 18 17 17 17 18 18 18 18 18 18 18 18 19 19 18 18 18 18 18 18 19 19 19 19 19 19 
24 26 26 28 28 28 27 26 23 22 23 21 22 22 22 22 19 21 21 22 22 22 24 23 26 38 59 88 100 97 63 37 30 29 25 23 22 21 19 18 18 18 19 19 22 22 21 21 21 19 19 19 18 18 18 18 17 17 15 12 12 16 17 17 17 17 17 17 18 18 18 18 18 18 18 18 18 18 18 18 18 18 18 18 19 19 19 19 18 19 
26 29 28 30 29 28 29 26 23 24 23 22 22 20 20 20 19 19 21 21 22 22 24 23 31 46 68 96 101 89 52 33 29 26 24 22 21 19 18 18 18 17 18 19 22 22 21 22 21 21 19 19 19 18 18 18 18 17 15 12 14 15 17 17 17 17 17 17 18 18 18 18 18 18 18 18 18 18 18 18 18 18 18 18 18 18 19 19 18 21 
28 30 31 30 29 29 29 28 28 28 26 23 23 22 22 22 21 21 21 21 22 22 24 24 36 58 81 107 102 75 43 30 28 24 22 21 21 19 18 18 18 17 18 19 22 22 21 21 21 21 19 19 18 18 18 18 18 16 15 14 14 15 15 15 16 16 17 17 18 18 18 18 18 18 18 18 18 18 18 18 18 18 18 18 18 18 18 18 19 18 
30 32 31 30 30 28 29 28 28 28 26 25 25 24 22 22 21 21 22 23 22 23 24 25 37 58 85 102 88 58 35 29 25 23 21 19 19 18 17 17 17 16 17 17 19 19 18 19 21 19 19 18 18 17 17 17 17 17 14 14 14 15 15 15 16 16 17 17 18 18 18 18 18 18 18 18 18 18 18 18 18 18 18 18 18 18 18 19 19 18 
30 33 31 30 30 29 29 27 28 28 25 25 25 24 21 21 19 19 21 22 23 23 24 25 38 60 89 98 73 43 30 29 25 22 21 19 18 17 16 16 16 16 16 16 18 18 17 18 18 18 18 18 18 18 18 18 17 17 15 14 14 15 15 15 15 16 17 17 18 18 18 18 18 18 18 18 18 18 18 18 18 18 18 17 18 18 19 19 17 18 
32 33 30 30 30 29 27 26 25 25 24 23 24 24 23 22 18 19 21 22 22 23 25 26 40 65 89 91 64 37 28 28 25 21 19 18 17 16 15 15 15 15 16 16 18 18 17 17 17 17 18 18 17 18 18 18 17 17 15 14 14 15 15 15 15 16 17 17 17 17 17 17 17 17 17 17 17 17 17 17 17 17 17 17 18 19 19 19 18 18 
32 31 30 29 30 29 25 24 25 24 24 23 23 23 24 23 22 21 22 23 23 24 26 31 50 72 90 85 52 36 28 26 23 21 18 17 16 15 15 15 15 15 15 15 16 16 16 17 17 17 17 17 17 16 16 16 17 17 15 14 12 14 14 14 15 15 16 16 17 17 17 17 17 17 17 17 17 17 17 17 17 17 17 17 17 18 18 18 18 18 
31 31 31 30 30 29 24 24 25 24 24 23 23 23 24 24 23 22 23 23 24 25 28 38 60 80 91 73 44 31 28 25 22 21 18 17 16 15 14 14 14 14 15 15 16 16 16 16 16 16 16 16 16 16 16 16 16 16 15 14 12 14 14 14 15 15 16 16 17 17 17 17 17 17 17 17 17 17 17 17 17 17 17 17 17 17 18 18 18 18 
35 31 30 29 28 26 24 24 25 24 23 23 22 22 23 24 23 23 23 23 24 26 28 39 63 82 84 61 37 28 26 25 22 19 18 17 15 15 15 15 15 15 15 15 15 15 15 15 16 16 16 16 16 16 16 16 16 16 15 14 12 14 15 15 16 16 16 16 16 16 16 16 16 16 16 16 16 16 16 16 16 16 16 17 17 17 18 18 18 18 
35 30 29 28 28 25 23 23 24 23 22 22 22 22 23 23 23 23 24 24 24 28 32 50 70 84 75 50 36 28 26 24 21 19 18 17 16 15 15 15 15 15 15 15 15 15 15 15 15 15 15 15 15 16 16 15 16 16 15 14 12 12 13 15 15 16 16 16 16 16 16 16 16 16 16 16 16 16 16 16 16 16 16 17 17 17 18 18 18 18 
32 29 26 25 24 23 22 22 23 22 21 21 21 21 22 23 23 23 24 24 25 29 39 59 78 86 64 43 31 28 26 23 22 20 18 18 17 16 16 16 16 16 16 16 15 15 15 15 15 15 15 15 15 15 15 15 14 15 14 12 12 12 13 12 15 16 15 15 16 16 16 16 16 16 16 16 16 16 16 16 16 16 16 16 16 16 17 17 17 18 
29 25 23 22 22 22 22 19 21 19 19 21 19 21 23 23 23 23 24 24 26 33 46 71 87 88 53 37 29 29 26 22 22 20 18 18 18 17 17 17 17 17 17 17 16 16 16 16 16 16 16 15 15 15 15 15 15 15 14 12 12 12 13 15 15 16 16 16 16 16 16 16 16 16 16 16 16 16 16 16 16 16 16 16 16 16 17 17 17 18 
25 23 22 22 22 21 19 18 20 19 18 19 19 21 22 22 24 24 25 24 30 40 56 81 96 82 44 31 28 26 25 23 21 19 18 18 18 17 17 17 17 17 17 17 17 17 17 17 17 17 17 16 16 16 16 16 15 15 14 12 12 12 12 15 15 16 16 16 16 16 16 16 16 16 16 16 16 16 16 16 16 16 16 16 16 16 16 17 17 17 
23 21 19 19 19 18 17 17 20 19 18 18 19 21 23 23 25 25 24 25 32 47 66 90 95 66 33 29 28 25 24 23 21 19 18 19 18 18 17 17 17 17 17 17 18 18 18 18 18 18 18 17 17 17 16 16 16 14 12 14 12 12 13 15 15 16 16 16 16 16 16 16 16 16 16 16 16 16 16 16 16 16 16 16 15 15 16 17 17 17 
19 18 18 18 19 18 18 18 18 18 18 18 18 19 22 23 25 25 24 25 36 56 82 98 85 42 28 28 27 24 23 21 19 18 18 19 18 18 18 18 18 18 18 18 18 18 18 18 18 18 18 17 17 17 17 17 16 15 14 14 13 13 13 15 15 16 16 16 16 16 16 16 16 16 16 16 16 16 16 16 16 16 16 16 15 15 16 17 17 17 
19 18 18 19 19 18 19 19 18 17 17 18 18 19 21 23 25 25 24 25 43 60 88 103 80 43 28 26 26 24 22 21 19 18 17 18 18 19 18 18 18 18 18 18 19 18 18 18 18 18 18 18 18 18 17 17 16 15 14 14 13 13 13 15 15 16 15 15 16 16 16 16 16 16 16 16 16 16 16 16 16 16 16 16 16 16 16 16 17 17 
19 18 18 18 19 19 20 20 18 18 18 18 18 18 22 23 23 23 24 26 46 70 95 104 72 42 29 26 25 24 22 21 19 18 18 18 19 20 18 18 17 18 18 18 18 18 17 17 17 17 17 17 18 17 17 17 16 15 14 14 13 13 13 15 15 15 15 15 15 15 15 15 15 15 15 15 15 15 15 15 15 15 15 15 15 16 16 17 17 16 
21 21 21 21 21 21 22 22 19 19 19 18 18 18 20 23 24 24 24 26 50 80 101 100 57 31 28 26 24 23 21 19 19 18 18 18 19 19 18 17 17 18 18 18 18 18 18 18 18 18 18 18 18 17 17 17 16 15 14 12 12 12 12 13 13 15 15 15 15 15 15 15 15 15 15 15 15 15 15 15 15 15 15 15 15 15 15 17 17 15 
22 22 22 22 22 22 23 22 22 22 21 19 18 18 19 22 24 24 24 31 55 85 104 92 52 28 28 28 27 24 19 19 18 18 18 18 19 19 18 18 18 18 18 18 18 18 18 18 18 18 18 18 18 17 17 17 16 14 12 12 12 12 12 13 13 15 14 14 14 15 15 15 15 15 15 15 15 15 15 15 15 15 15 15 15 15 16 16 16 16 
24 24 23 23 22 23 23 21 22 22 21 19 18 18 21 23 24 24 25 35 64 90 106 80 50 30 29 28 27 23 21 18 18 18 18 19 19 19 18 18 18 18 18 18 18 18 18 18 18 18 18 18 18 17 17 17 16 14 12 12 12 12 12 13 13 13 14 14 14 15 15 15 15 15 15 15 15 15 15 15 15 15 15 15 15 15 15 15 16 16 
24 24 23 23 22 23 23 22 23 23 21 19 18 18 22 23 23 23 28 43 73 101 103 71 43 30 29 28 26 24 21 19 19 19 20 20 18 18 18 18 18 18 18 18 18 18 18 18 18 18 18 18 18 17 17 16 16 14 11 10 11 10 11 13 13 15 14 14 14 15 15 15 15 15 15 15 15 15 15 15 15 15 15 15 15 15 15 16 17 17 
24 23 22 22 22 22 22 22 23 22 21 19 19 18 21 21 23 25 31 54 81 107 100 61 34 30 30 26 24 24 21 19 19 19 20 20 18 18 18 18 18 18 18 18 18 18 18 18 18 18 18 18 18 17 17 16 15 12 9 10 9 10 11 12 13 15 14 14 15 15 15 15 15 15 15 15 15 15 15 15 15 15 15 15 15 15 15 16 17 15 
23 22 22 22 22 22 22 22 23 22 21 19 19 19 22 23 23 25 37 67 84 106 89 48 30 29 29 25 23 22 21 19 19 19 19 19 19 19 19 19 18 18 18 18 18 18 18 18 18 18 18 18 18 17 16 16 12 12 8 8 9 9 9 11 12 14 14 14 15 15 15 15 15 15 15 15 15 15 15 15 15 15 15 15 15 15 14 15 14 12 
22 22 22 22 22 21 21 21 22 23 22 21 19 22 23 24 24 26 46 85 96 108 82 44 28 29 28 24 23 22 21 19 19 19 19 19 20 20 20 20 19 19 19 19 18 18 17 18 18 18 18 18 18 17 16 15 12 11 8 8 9 11 11 12 12 14 14 15 15 15 15 15 15 15 15 15 15 15 15 15 15 15 15 15 15 15 14 15 14 10 
23 22 22 22 22 22 22 22 22 22 21 19 22 23 24 25 25 26 38 68 94 108 79 38 25 29 26 23 22 22 22 20 20 20 20 20 20 20 20 20 19 19 20 20 20 20 19 19 19 19 18 18 18 17 16 16 14 11 9 9 9 11 12 11 14 15 15 15 15 15 15 16 16 16 16 16 15 15 15 15 15 15 15 15 15 15 14 14 12 9 
23 23 22 22 22 22 22 22 22 22 22 21 22 24 25 26 26 29 42 75 108 104 67 32 26 28 25 22 22 21 20 19 19 19 19 20 19 20 20 20 19 19 20 20 20 20 20 20 19 19 18 18 18 17 16 15 14 12 10 9 10 14 12 14 15 15 15 15 15 15 15 16 16 16 16 16 15 15 15 15 15 15 15 15 15 15 12 12 10 6 
24 23 23 24 23 22 22 22 22 22 22 21 23 25 26 26 26 32 52 79 121 102 53 25 27 27 23 21 22 20 19 18 18 18 19 20 18 19 19 19 19 19 20 22 22 20 19 19 19 19 18 18 18 17 16 14 13 12 10 12 12 14 12 15 15 15 15 15 15 15 16 16 15 15 16 16 15 15 15 15 15 15 15 15 15 13 11 10 6 4 
23 22 22 23 22 22 22 22 22 22 22 22 23 24 24 26 29 38 65 93 125 94 44 25 27 26 23 19 19 19 18 18 18 18 19 19 18 18 18 18 19 19 20 20 20 20 19 19 19 19 18 18 17 16 14 11 11 11 10 11 11 12 12 14 14 14 14 15 15 15 16 16 15 15 16 16 15 15 15 15 15 15 15 15 15 13 11 7 4 2 
20 19 19 20 18 19 19 21 18 18 19 19 22 24 25 25 29 45 80 114 116 75 37 26 25 23 23 20 19 19 18 18 18 18 19 19 18 18 18 18 18 18 19 20 19 18 18 18 18 18 17 17 16 15 13 12 10 9 10 11 11 12 12 14 14 14 14 15 14 14 14 15 15 15 15 15 15 15 15 15 15 15 16 16 15 12 8 4 2 1 
18 17 17 17 16 16 17 18 19 17 19 21 23 25 25 25 31 57 99 137 110 60 30 25 24 23 22 20 19 19 17 17 17 17 18 18 16 17 17 17 18 18 18 18 18 17 16 17 17 17 16 16 16 14 12 10 8 8 9 11 11 11 12 12 12 14 14 14 14 14 14 14 14 14 15 15 15 15 15 15 15 15 15 15 13 10 4 3 2 1 
20 18 18 18 18 19 21 22 22 21 22 22 24 25 25 26 36 60 88 111 97 46 24 23 24 23 19 19 18 18 17 17 17 17 18 18 16 16 16 17 17 17 17 17 16 17 16 16 17 16 15 15 15 12 11 10 8 8 8 9 11 11 11 11 11 12 12 12 14 14 14 14 14 14 14 15 15 15 15 15 15 15 14 14 13 8 3 2 1 1 
23 22 22 23 22 23 25 25 24 23 23 23 26 26 25 28 43 75 108 121 67 31 22 23 23 22 19 18 17 17 17 17 17 17 17 17 15 16 16 16 16 16 16 16 15 16 15 15 16 15 14 14 14 11 11 10 8 8 8 9 10 10 10 11 11 11 12 12 14 14 14 14 14 14 15 15 15 15 15 15 15 15 14 14 13 8 2 2 1 1 
27 26 25 24 23 24 25 25 24 24 25 26 26 26 25 30 53 92 129 125 53 32 23 22 22 21 19 19 17 17 16 16 16 16 16 16 16 16 16 17 17 16 15 15 15 15 15 15 15 14 14 15 14 12 11 10 9 9 9 9 8 9 10 12 11 11 11 12 12 12 14 14 14 14 14 14 15 15 15 15 15 15 14 14 11 5 1 1 1 1 
31 29 27 26 25 25 25 25 24 24 25 28 27 27 28 38 71 113 147 128 44 31 24 22 22 21 20 18 17 16 16 16 16 16 16 16 15 16 16 17 16 16 16 16 16 16 14 16 15 14 14 15 15 14 12 10 9 9 9 10 8 9 10 12 11 11 11 11 12 12 12 12 14 14 14 14 14 15 15 15 15 15 14 11 9 3 1 1 1 1 
33 31 30 30 29 29 26 26 26 26 26 26 27 30 31 50 92 136 158 110 36 29 25 23 22 21 19 18 17 17 16 16 16 16 16 16 15 16 16 16 16 16 16 16 16 16 15 16 15 14 15 17 16 15 13 13 11 10 9 9 8 9 10 12 11 11 11 11 11 11 12 14 14 14 14 14 14 15 15 15 15 14 12 10 5 2 1 1 1 1 
34 32 31 31 30 30 28 28 26 26 26 26 27 31 36 65 114 155 153 92 31 26 24 23 21 19 18 17 16 16 16 16 16 16 16 16 15 16 16 16 16 16 16 16 16 16 15 16 15 14 17 19 22 24 29 18 5 9 8 9 8 9 10 12 11 11 11 11 12 12 14 14 14 14 14 15 14 15 16 15 15 14 11 8 4 2 1 1 1 2 
33 31 31 31 31 30 28 28 26 26 26 25 28 30 40 80 129 161 146 75 32 26 23 23 22 20 18 16 15 15 15 15 15 15 15 15 16 16 16 16 16 16 16 16 16 17 16 16 15 14 19 23 32 50 52 30 6 9 8 8 9 10 11 12 11 11 11 12 12 14 15 15 15 15 15 15 14 15 15 14 14 14 11 4 2 2 1 1 1 1 
35 33 33 32 31 31 29 28 28 28 26 28 29 32 47 90 137 160 132 61 31 26 24 23 22 20 17 16 15 15 15 15 15 15 15 16 16 16 17 17 16 16 18 22 21 19 17 17 16 16 15 31 36 65 65 38 18 8 7 8 9 9 10 11 11 11 11 12 12 12 14 15 15 14 14 15 14 15 15 14 14 11 8 4 2 2 1 1 1 2 
36 34 33 32 32 32 29 28 28 28 26 28 31 39 66 111 145 153 109 43 30 25 24 21 20 19 18 16 16 16 17 16 16 16 16 16 16 16 17 17 16 17 18 19 19 19 16 16 17 15 22 35 60 87 89 54 27 8 7 7 7 7 8 9 12 12 11 12 12 12 14 15 15 14 14 15 15 15 15 14 12 8 4 2 1 1 1 2 2 3 
36 36 34 33 33 33 30 28 26 28 28 29 33 44 78 123 152 145 89 32 29 25 22 19 19 18 17 16 16 16 17 16 16 15 15 16 17 17 17 17 17 18 18 19 19 19 16 15 18 24 42 59 81 101 95 58 24 8 7 7 7 7 8 9 12 12 11 12 12 12 14 14 14 14 14 15 14 14 14 12 9 6 3 2 1 1 1 1 2 3 
36 35 35 35 34 33 29 26 27 27 28 29 32 50 91 130 152 122 57 31 24 22 18 16 18 18 18 17 17 16 18 17 16 16 16 16 17 17 17 18 17 18 19 19 18 18 16 15 18 33 57 81 88 106 87 47 17 8 6 6 7 7 8 9 10 10 12 12 12 12 12 14 14 14 14 15 15 14 14 12 10 8 3 2 1 1 1 1 3 4 
36 35 35 35 34 33 29 26 27 29 29 31 36 59 100 130 142 102 43 26 25 21 17 16 18 18 18 18 18 18 17 17 16 16 16 16 17 17 17 18 17 17 19 19 19 19 17 15 17 33 62 90 103 111 95 48 13 8 7 6 7 7 8 9 11 11 12 13 12 12 14 14 14 14 14 14 14 11 10 10 8 5 2 1 1 1 1 2 4 5 
35 35 35 35 34 32 29 25 27 29 31 33 44 72 111 134 129 84 36 28 24 22 19 17 17 17 19 18 18 18 18 17 17 17 18 18 18 18 18 18 18 17 19 21 21 19 19 16 16 24 55 97 114 117 90 44 11 8 7 5 7 7 9 11 11 11 13 13 14 14 14 14 14 14 14 14 15 12 10 9 6 4 1 1 1 1 2 3 8 9 
35 35 33 33 34 32 29 26 27 30 35 37 51 86 128 141 114 58 28 30 26 23 18 17 17 17 18 17 17 17 17 17 17 17 17 18 17 17 18 18 17 17 19 19 18 17 17 16 15 22 54 95 124 127 90 40 11 8 7 7 7 8 10 11 11 11 13 13 14 14 14 14 15 15 14 14 13 11 9 8 5 4 1 1 1 1 3 5 11 12 
35 35 34 33 33 31 28 26 29 32 40 40 63 104 139 141 95 40 25 30 25 22 18 17 17 17 17 16 16 16 16 16 17 17 18 18 19 19 18 18 17 18 18 18 17 16 16 15 16 21 39 89 131 123 93 39 9 8 8 9 8 9 9 10 11 11 12 12 14 14 15 15 15 15 14 12 13 11 8 5 3 3 1 1 1 2 4 7 9 14 
33 35 34 33 31 30 28 28 31 35 42 56 84 122 152 143 81 39 30 26 23 21 18 18 17 17 17 17 16 17 16 16 18 18 18 18 18 18 18 18 16 16 18 18 17 16 16 14 15 28 66 108 139 140 91 34 10 9 9 9 9 9 10 11 12 12 14 14 15 15 15 15 15 15 12 12 11 9 5 4 4 3 1 1 1 3 7 9 11 15 
35 33 32 31 30 29 29 26 31 36 47 66 92 131 159 137 72 38 29 25 22 21 18 17 17 16 16 16 16 16 17 17 18 18 17 17 19 19 18 18 17 17 19 19 16 15 15 15 17 24 58 101 144 155 97 34 11 11 10 10 11 12 12 12 12 12 14 14 16 16 16 16 16 15 12 10 9 7 4 2 2 1 1 1 2 4 9 11 15 15 
35 33 32 31 29 28 26 25 30 36 46 65 79 120 135 101 43 24 24 22 19 18 17 16 15 16 16 16 15 16 17 17 18 18 17 18 19 19 19 19 18 17 19 21 16 15 15 16 19 23 57 101 146 157 109 37 9 12 12 12 13 15 14 15 15 15 15 15 16 16 16 16 16 15 12 10 8 4 2 1 1 1 1 1 3 7 11 13 13 16 
36 34 33 31 29 28 26 25 29 32 34 43 58 88 95 59 29 18 18 17 15 15 14 14 14 16 15 15 16 17 18 18 18 18 19 19 21 21 21 19 19 19 18 17 16 15 16 18 18 19 48 93 134 151 109 42 10 14 15 14 14 14 14 15 15 15 15 16 16 16 15 15 15 13 13 11 7 2 1 1 0 1 1 1 4 8 11 14 15 16 
33 33 32 30 28 26 25 25 28 29 33 43 60 81 89 59 27 16 11 9 9 10 11 12 12 12 14 15 15 17 17 17 17 19 19 21 21 21 21 21 19 19 18 18 17 16 17 18 15 14 36 71 101 123 97 42 12 14 14 14 14 15 15 15 16 16 16 16 17 16 15 15 15 12 12 10 4 2 1 1 1 1 1 2 3 7 11 12 16 17 
30 30 29 28 27 27 25 25 25 26 33 46 77 100 107 82 31 15 9 8 9 9 10 10 10 11 11 11 13 13 12 15 15 17 19 20 19 19 19 18 18 18 18 19 18 18 17 17 14 11 23 39 58 72 60 24 8 11 12 14 15 16 17 17 17 16 17 17 17 16 14 14 13 11 8 4 3 2 1 1 1 2 2 2 4 8 13 15 17 18 
28 28 26 26 27 26 24 25 24 25 39 61 95 127 132 89 30 15 12 10 9 10 10 11 11 11 11 12 13 13 12 14 14 16 17 18 16 17 17 17 18 18 19 21 21 22 24 28 24 19 19 20 22 24 25 12 9 10 11 14 17 18 17 18 17 17 17 17 16 16 14 14 12 9 4 3 2 2 1 1 1 3 3 3 5 9 13 16 17 17 
24 24 24 25 25 24 25 26 25 30 46 75 108 136 143 95 31 16 14 12 11 12 12 15 14 14 14 15 14 14 14 16 16 17 17 17 19 19 19 18 20 20 20 23 23 28 35 42 45 38 29 20 9 9 9 5 9 9 11 15 17 18 20 19 17 16 17 17 16 15 13 13 9 6 2 2 1 1 1 1 3 3 3 4 7 10 14 15 16 16 
22 22 23 24 24 24 25 27 26 32 50 83 120 145 129 69 23 18 15 12 12 14 15 16 16 17 16 17 16 17 17 18 18 19 19 19 20 20 19 19 20 22 23 23 25 32 38 49 59 55 32 16 3 3 4 4 8 10 12 16 18 19 20 19 18 16 17 17 16 15 13 11 7 5 2 2 1 1 1 1 1 3 4 5 7 11 15 16 17 17 
19 19 22 23 24 24 26 27 27 37 58 95 125 141 106 46 17 18 16 14 14 14 15 16 16 17 17 18 18 18 18 18 19 20 20 20 19 19 21 21 22 22 25 31 35 38 41 50 61 66 32 1 7 8 8 8 11 14 16 19 21 21 21 18 18 16 15 14 15 12 11 9 5 3 2 2 1 1 0 1 1 3 4 7 8 11 15 17 16 16 
17 18 19 22 23 24 25 27 30 43 75 117 148 145 92 31 15 17 15 14 14 15 16 16 17 17 18 19 21 19 19 19 20 20 22 22 22 22 22 22 22 24 29 36 42 40 36 43 52 59 35 15 16 17 11 11 16 16 19 23 24 23 21 19 18 16 15 12 14 11 10 8 4 3 2 2 1 1 0 1 2 4 5 8 10 14 16 17 17 17 
18 19 19 21 26 26 27 29 30 49 85 129 158 145 81 28 16 16 16 15 15 14 15 16 16 17 19 20 19 18 19 19 18 19 21 22 22 22 22 23 23 26 34 40 50 39 30 32 37 30 30 29 30 32 18 14 17 18 19 23 23 23 22 18 17 16 15 14 12 11 10 8 3 2 1 1 1 0 0 1 2 3 5 9 10 14 17 17 16 17 
21 22 22 21 24 25 27 31 35 57 97 143 167 140 70 23 18 18 18 16 16 16 17 16 16 16 18 19 18 18 19 19 18 18 18 19 19 19 21 23 23 26 38 44 49 38 23 29 37 31 49 57 63 54 35 19 18 18 19 21 22 21 19 17 16 14 12 12 11 10 10 8 4 2 1 1 1 0 1 1 1 3 4 9 10 14 17 18 17 17 
24 25 25 23 22 25 25 31 41 71 116 158 173 131 57 18 19 21 19 18 17 17 18 17 16 16 16 17 17 17 18 18 17 18 18 18 18 19 21 23 24 28 38 41 49 37 25 30 38 39 57 71 82 82 55 24 16 21 18 19 19 18 17 15 14 11 10 10 9 8 7 4 2 1 1 1 0 0 0 1 2 4 8 10 11 15 16 17 17 17 
25 26 26 24 21 23 26 31 47 76 124 164 169 120 51 17 21 21 19 18 18 17 18 17 16 16 16 17 17 17 17 17 17 18 18 19 18 19 21 23 24 30 41 44 47 37 28 32 36 37 56 68 84 96 62 27 16 18 14 12 12 12 11 10 10 9 8 8 8 7 7 4 2 2 1 1 0 0 1 2 3 5 9 11 12 15 16 16 17 17 
25 26 26 26 21 24 29 40 58 94 138 167 164 103 39 17 21 19 19 19 18 18 18 18 17 16 16 16 17 17 17 17 16 16 17 18 19 19 21 23 28 36 46 49 47 38 30 39 53 60 72 82 94 94 67 33 15 16 9 9 7 5 4 7 7 7 5 5 5 4 4 2 1 1 1 1 0 0 1 2 5 6 8 10 13 16 17 17 17 16 
24 24 23 24 21 23 31 45 67 111 155 177 167 96 33 18 21 19 19 19 19 18 18 18 17 16 16 16 16 16 16 17 15 16 17 18 19 19 21 24 29 38 47 46 44 39 33 57 96 136 138 128 102 78 51 32 17 16 7 4 2 2 3 3 4 4 3 3 3 3 3 2 1 1 1 1 0 1 2 3 6 8 9 11 13 15 16 16 16 15 
21 19 18 19 26 28 32 44 73 118 163 185 160 85 30 21 21 21 19 19 19 18 17 18 17 16 16 16 16 16 16 17 16 17 19 19 20 20 22 25 30 38 43 39 36 35 35 79 124 166 173 139 87 59 37 28 21 15 5 4 1 1 1 2 2 2 2 2 2 1 1 1 1 1 1 1 1 2 4 6 9 10 11 13 13 15 16 16 16 15 
16 16 17 17 35 33 33 50 82 129 172 186 144 73 28 23 19 19 19 19 19 18 18 18 17 17 16 16 16 16 16 17 17 17 19 20 20 22 23 25 31 38 39 36 29 31 36 70 110 140 147 108 70 49 49 43 24 8 4 3 2 2 2 2 2 2 2 2 1 1 1 1 1 1 1 1 2 2 5 8 10 11 12 13 13 15 16 16 16 15 
15 16 18 18 39 37 38 59 97 142 182 187 128 62 25 22 19 19 19 19 18 18 18 19 18 17 16 17 16 16 17 18 18 19 18 18 21 22 24 26 31 36 38 33 25 30 37 45 71 93 100 92 88 77 65 52 23 6 4 3 1 1 2 2 1 1 1 1 1 1 2 1 1 1 1 1 2 2 4 5 10 12 12 13 12 14 15 15 15 15 
16 17 21 24 39 38 43 65 102 144 178 177 101 43 21 21 19 19 19 19 19 19 19 19 19 19 18 18 18 18 19 20 20 20 19 19 18 21 24 29 31 33 33 29 26 30 37 51 67 85 84 93 101 93 61 39 19 5 3 3 1 1 1 1 1 1 1 1 1 1 3 2 1 1 1 3 3 4 7 9 10 10 12 13 14 15 16 16 16 16 
17 21 23 31 40 42 50 72 103 142 170 159 78 27 19 21 19 18 19 19 21 21 21 21 21 21 22 22 22 22 21 22 22 22 21 21 19 21 24 29 31 32 29 26 25 30 36 51 65 82 78 93 93 70 40 14 5 3 2 2 1 1 1 1 1 1 1 2 1 2 4 3 3 4 4 5 7 8 10 10 11 11 12 15 14 15 16 17 17 16 
22 25 30 36 42 46 61 91 130 169 181 137 62 26 21 21 19 19 19 21 21 21 21 22 22 22 23 24 23 24 23 24 23 23 22 21 21 22 26 31 32 31 28 25 25 26 28 30 33 46 49 68 51 32 14 0 1 2 1 1 1 1 1 1 1 1 1 1 2 3 6 8 7 8 8 9 10 11 12 12 11 11 12 13 15 16 17 18 18 17 
25 30 38 40 43 49 66 100 146 180 175 121 50 23 22 21 19 21 21 21 19 21 21 22 22 22 23 24 23 23 23 24 24 23 22 22 22 24 28 33 33 30 28 26 24 23 18 16 11 18 22 25 16 10 2 1 1 1 1 1 1 1 1 2 2 2 2 2 2 4 7 9 10 10 10 11 12 13 16 16 12 12 12 14 14 16 18 18 18 17 
29 36 44 45 45 51 71 111 157 183 159 96 38 22 22 21 19 21 21 21 21 21 22 22 22 22 24 24 23 23 23 23 24 23 22 22 22 25 30 35 33 30 28 26 24 21 17 14 9 9 9 10 8 3 1 1 1 1 1 1 1 1 2 2 2 2 2 2 2 4 8 10 11 12 12 14 16 17 18 17 15 15 15 16 16 16 17 18 18 17 
29 39 51 53 47 54 79 117 156 178 143 78 30 21 21 21 19 19 19 21 21 21 22 22 22 22 23 23 23 23 23 23 23 23 22 23 23 25 30 35 33 31 30 28 22 14 8 6 6 5 5 5 3 3 1 1 1 1 1 1 1 1 1 1 1 1 1 2 1 3 7 9 12 13 15 16 16 16 17 17 16 15 16 16 17 16 17 17 18 17 
32 44 54 55 53 61 82 118 152 169 122 58 25 18 21 19 19 19 21 21 21 21 22 22 22 22 23 23 22 23 23 23 23 23 22 23 26 29 32 35 33 32 31 29 18 10 5 5 4 4 4 5 3 3 3 2 1 0 0 0 1 1 0 1 1 1 1 2 1 2 5 8 12 15 15 17 17 17 18 18 16 16 16 17 17 17 17 17 18 17 
36 48 57 57 59 67 89 128 157 162 102 38 23 20 19 19 19 19 21 21 22 22 22 23 22 23 23 23 23 23 23 23 22 23 23 19 7 37 54 43 29 24 23 28 15 8 3 3 4 5 4 5 4 3 2 1 0 0 0 0 1 1 0 1 1 1 1 1 1 2 4 7 11 14 16 18 16 17 17 17 17 16 17 17 18 17 17 17 17 17 
46 57 60 60 59 72 99 136 162 151 86 26 18 19 19 19 19 21 21 21 21 22 22 22 22 23 23 22 23 23 23 23 23 22 24 28 56 89 104 87 68 50 36 28 9 6 3 4 8 8 6 5 4 3 2 1 0 0 0 0 1 1 0 0 0 1 1 1 1 1 3 5 9 12 16 18 17 17 17 17 16 16 17 17 17 17 17 16 17 16 
49 58 64 63 61 74 102 141 160 139 75 24 17 18 18 17 19 21 21 22 21 22 22 22 22 23 23 22 23 23 23 23 23 22 30 51 134 160 186 179 156 108 60 29 8 4 3 4 13 11 7 4 4 3 2 0 0 0 0 0 1 0 0 0 0 1 1 1 1 1 2 4 7 10 15 17 19 18 16 16 16 17 17 17 17 17 17 16 17 16 
57 64 68 64 59 78 111 148 162 124 60 21 17 19 17 18 21 19 19 21 21 21 21 22 22 23 23 22 23 23 23 23 24 23 50 87 187 219 251 244 216 177 141 94 51 30 22 17 10 5 3 3 2 2 2 0 0 0 0 1 1 1 0 0 1 1 1 1 1 1 1 2 4 7 12 17 18 17 16 16 16 16 16 17 17 16 16 16 16 16 
61 70 73 67 61 86 122 159 164 117 51 19 17 19 18 19 19 19 19 21 21 21 21 22 22 23 23 22 23 23 23 23 24 23 35 72 173 214 237 223 189 178 193 178 132 101 75 38 9 3 3 3 2 2 2 1 1 1 1 1 0 0 0 0 1 0 1 1 0 0 1 1 4 9 13 19 17 16 16 16 16 16 16 17 17 16 16 16 16 16 
60 71 74 67 67 95 135 169 159 100 43 22 18 19 18 19 19 19 21 22 21 21 21 22 21 22 22 22 23 23 23 23 23 23 23 50 96 142 160 146 101 101 165 220 208 177 134 61 19 8 4 2 2 1 1 1 1 1 1 1 0 0 0 0 0 0 1 1 0 0 1 2 7 10 15 19 17 16 16 16 16 16 16 17 17 16 16 16 16 16 
60 68 72 65 69 101 139 170 153 88 37 19 18 19 18 19 19 19 21 22 21 21 21 21 21 22 22 22 22 22 22 21 21 22 18 35 36 63 71 57 24 38 108 185 223 221 163 63 12 5 3 2 2 1 1 1 1 1 1 1 0 0 0 0 0 0 1 0 0 1 1 4 8 10 12 17 17 16 16 16 16 16 16 16 17 16 16 16 16 16 
58 65 65 60 74 108 141 167 143 77 30 18 17 18 18 19 19 19 21 21 22 22 22 21 22 22 22 22 22 22 23 23 21 19 21 26 28 25 18 9 1 14 47 97 155 177 130 40 2 3 2 2 1 1 1 1 1 1 1 1 0 0 0 0 0 0 1 1 0 1 1 5 10 12 15 17 18 17 16 16 17 17 17 17 17 17 17 17 17 16 
57 61 61 60 76 109 142 164 134 68 26 17 17 18 19 19 19 21 21 22 22 22 22 22 22 22 22 22 22 22 23 23 21 19 22 24 24 20 21 16 7 4 16 39 66 73 50 16 3 2 2 1 1 0 0 0 0 0 0 0 0 0 0 0 0 0 1 1 1 2 4 6 10 14 16 18 17 17 16 16 17 17 17 17 16 16 16 16 16 15 
56 61 61 61 76 108 141 162 130 65 23 16 16 18 19 19 19 21 21 22 22 22 22 22 22 22 22 22 22 22 22 22 21 19 17 21 20 18 18 14 5 2 3 2 6 9 1 0 0 1 1 1 0 0 0 0 0 0 0 0 0 0 0 0 0 0 1 1 1 2 4 8 10 14 16 18 17 17 16 16 17 17 17 17 16 16 16 16 16 15 
57 64 66 64 78 109 141 160 123 58 22 16 16 17 18 19 19 21 21 22 22 22 22 23 22 22 22 22 22 22 22 22 18 17 16 16 15 11 9 8 4 2 3 1 0 2 1 0 0 0 0 0 0 0 0 0 0 0 0 0 0 0 0 0 0 0 1 1 1 1 4 8 11 14 17 18 18 17 16 16 17 17 17 17 16 16 16 16 16 15 
57 66 68 64 76 107 138 157 120 56 22 16 16 17 18 19 19 21 21 22 22 22 23 23 23 22 22 22 21 22 22 21 18 10 11 11 9 7 4 3 3 1 1 1 1 1 1 1 1 1 0 0 0 0 0 0 0 0 0 0 0 0 0 0 0 0 0 1 1 2 5 9 11 14 16 18 17 16 16 16 16 16 16 16 15 15 15 15 15 16 
58 63 66 64 74 104 137 155 116 52 21 17 16 17 18 19 19 21 21 22 22 22 23 23 23 22 22 22 21 21 21 22 16 5 8 10 5 3 3 3 2 1 1 0 0 0 0 0 0 0 0 0 0 0 1 1 1 1 0 0 0 0 0 0 0 0 1 1 2 3 4 8 11 14 15 16 17 16 16 16 16 16 16 16 15 15 15 15 15 16 
58 60 62 62 72 102 135 151 110 49 18 16 17 18 18 19 19 21 21 22 22 22 22 23 23 22 22 21 21 18 19 18 14 5 5 8 3 1 2 2 1 1 1 0 0 0 0 0 0 0 0 0 0 0 1 1 1 1 0 0 0 0 0 0 0 1 1 1 2 3 4 8 11 14 15 16 16 16 16 16 16 16 16 16 15 15 15 15 15 16 
56 57 59 59 68 100 135 149 111 48 18 15 17 18 18 19 19 21 21 22 22 22 22 23 23 22 21 21 19 18 18 15 11 4 3 2 1 1 1 0 0 0 0 0 0 0 0 0 0 0 0 0 1 1 1 1 1 1 1 1 0 0 0 0 0 1 1 1 2 3 4 8 12 15 15 15 16 16 16 16 15 16 16 16 14 14 15 15 14 15 
51 54 57 58 64 97 134 146 110 47 18 17 18 18 18 19 19 21 21 22 22 23 23 23 23 22 21 21 18 18 16 11 5 4 2 1 1 1 0 0 0 0 0 0 0 0 0 0 0 0 0 0 1 1 1 1 1 1 1 1 0 0 0 0 0 1 1 1 2 3 5 8 12 13 14 15 16 16 16 16 15 16 16 16 14 14 15 15 14 15 
52 56 56 53 60 97 135 146 111 46 17 17 18 18 18 19 21 21 22 22 22 22 23 23 23 22 21 19 17 17 13 9 3 3 2 2 0 0 0 0 0 0 0 0 0 0 0 0 0 0 1 1 1 1 1 1 1 1 1 1 0 0 0 0 0 1 1 2 4 9 10 11 12 14 15 16 15 15 15 15 15 15 15 15 14 14 12 12 14 14 
53 54 54 53 60 97 137 151 112 46 17 17 18 18 18 19 19 21 22 22 22 23 23 23 23 21 19 18 16 15 11 6 3 3 2 2 0 0 0 0 0 0 0 0 0 0 0 0 0 0 1 1 1 1 1 1 1 1 1 1 0 0 0 0 0 1 1 3 5 9 10 11 12 12 15 16 15 15 15 15 15 15 15 15 14 14 12 12 12 14 
45 46 50 47 58 97 139 156 113 45 17 17 18 18 18 19 19 22 22 22 23 23 23 23 23 21 20 18 14 11 7 3 2 2 1 1 1 0 0 0 0 0 0 0 0 0 0 0 1 1 1 1 1 1 1 1 1 1 1 1 0 0 0 0 0 1 1 2 3 8 9 11 12 12 14 14 15 16 15 15 15 15 15 15 14 14 13 13 13 14 
35 36 41 40 61 100 146 162 113 45 18 17 18 18 18 19 21 21 22 23 24 23 23 23 23 21 20 16 11 9 4 2 2 2 1 1 0 0 0 0 0 0 0 0 0 0 0 0 1 1 1 1 1 1 1 1 1 1 1 1 0 0 0 0 0 1 1 2 3 7 9 11 12 12 14 14 16 15 15 15 16 15 15 15 15 14 14 14 14 15 
29 29 33 32 63 102 144 155 110 45 17 17 17 18 19 20 20 23 23 23 23 23 24 23 23 22 16 11 10 5 2 2 2 1 1 1 0 0 0 0 0 0 0 0 0 0 1 1 1 1 1 1 1 1 1 1 1 1 0 0 0 0 0 0 1 1 1 1 3 5 9 12 12 14 15 16 15 15 15 16 16 16 15 15 15 14 14 14 14 15 
23 25 29 28 63 101 141 153 109 44 17 16 17 18 19 19 20 23 23 23 23 23 24 23 22 19 14 10 8 3 2 2 1 1 1 0 0 0 0 0 0 0 0 0 0 0 1 1 1 1 1 1 1 1 1 1 1 1 0 0 0 0 0 0 1 1 1 1 2 5 8 10 12 14 15 16 15 15 15 16 16 16 16 16 16 15 15 16 16 16 
24 24 29 28 61 100 139 152 107 43 16 16 17 18 19 19 22 23 23 23 23 23 23 22 20 18 14 9 5 3 1 1 1 0 0 0 0 0 0 0 0 0 0 0 0 0 1 1 1 1 1 1 0 0 0 0 0 0 0 0 0 0 0 0 1 1 1 1 2 3 6 10 10 11 15 15 14 14 15 16 17 17 16 16 16 15 15 16 16 16 
26 25 28 29 60 97 134 143 106 43 15 15 17 18 19 19 22 23 22 22 23 23 23 22 19 16 11 8 4 2 1 1 0 0 0 0 0 0 0 0 0 0 0 0 0 0 1 1 1 1 1 1 0 0 0 0 0 0 0 0 0 0 0 0 1 1 1 1 2 3 5 8 10 10 15 15 14 15 16 17 17 17 17 17 16 16 16 16 16 17 
27 27 28 30 59 98 134 143 106 42 15 16 18 18 19 19 22 23 23 23 23 23 23 20 16 14 9 4 2 1 1 1 0 0 0 0 0 0 0 0 0 0 0 0 1 1 1 1 1 1 0 0 0 0 0 0 0 0 0 0 0 0 0 0 1 1 1 1 2 3 4 6 8 10 11 12 14 15 16 16 17 17 17 17 16 16 16 15 15 16 
26 27 28 30 58 98 136 145 107 42 15 17 18 18 19 20 22 23 23 23 23 22 20 18 14 9 5 3 1 1 1 0 0 0 0 0 0 0 0 0 0 0 0 0 1 1 1 1 1 1 0 0 0 0 0 0 0 0 0 0 0 0 0 0 1 1 1 1 2 3 4 4 6 9 11 12 14 15 16 16 17 17 17 17 16 16 16 15 15 16 
24 25 28 30 56 96 137 146 107 40 15 17 18 18 19 20 22 22 22 22 21 21 18 15 11 7 3 2 1 1 0 0 0 0 0 0 0 0 0 0 0 0 0 0 0 0 0 0 1 1 1 1 0 0 0 0 0 0 0 0 0 0 0 1 1 1 2 2 2 2 4 4 6 8 10 9 12 13 15 17 17 17 17 17 17 17 16 15 15 16 
25 26 30 32 56 97 139 148 108 39 15 17 18 18 19 20 22 23 21 21 21 19 16 11 8 4 2 1 1 0 0 0 0 0 0 0 0 0 0 0 0 0 0 0 0 0 0 0 1 1 1 1 0 0 0 0 0 0 0 0 0 0 0 1 2 2 2 3 3 4 6 6 6 7 7 7 10 12 15 15 17 17 17 17 17 17 16 15 15 16 
28 29 32 35 58 93 136 149 108 38 15 18 18 18 19 20 21 22 21 21 21 17 14 9 7 2 2 1 0 0 0 0 0 0 0 0 0 0 0 0 0 0 0 0 0 0 0 0 0 0 1 1 1 1 1 1 1 1 1 1 0 0 1 1 2 2 3 4 4 4 6 6 5 5 5 5 8 10 12 14 15 16 16 17 18 17 16 15 15 16 
31 32 36 39 58 90 131 145 106 35 13 18 18 18 19 20 19 21 19 19 19 15 11 8 4 2 1 1 0 0 0 0 0 0 0 0 0 0 0 0 0 0 0 0 0 0 0 0 0 0 1 1 1 1 1 1 1 1 1 1 0 0 1 1 1 2 5 5 5 7 7 8 8 8 7 5 6 8 9 10 14 16 16 17 18 17 16 16 16 16 
37 38 40 44 60 96 134 145 104 33 12 17 18 17 19 20 19 19 18 18 17 14 10 5 4 1 1 1 0 0 0 0 0 0 0 0 0 0 0 0 0 0 0 0 0 0 0 0 0 0 0 0 1 1 1 1 1 1 1 1 1 1 1 1 2 3 5 7 8 9 10 11 10 10 10 10 9 8 8 7 12 15 16 17 17 16 16 17 17 17 
42 43 45 47 61 96 136 148 94 31 14 17 18 17 19 20 19 18 18 18 15 12 8 5 3 1 1 1 0 0 0 0 0 0 0 0 0 0 0 0 0 0 0 0 0 0 0 0 0 0 0 0 1 1 1 1 1 1 1 1 1 1 1 1 2 3 7 9 10 11 12 12 12 11 11 11 10 9 8 7 12 15 17 18 17 16 17 17 17 18 
42 43 46 50 60 96 137 149 104 36 12 16 17 16 19 19 18 18 17 16 14 10 8 5 2 1 0 0 0 0 0 0 0 0 0 0 0 0 0 0 0 0 0 0 0 0 0 0 0 0 0 0 0 0 0 0 0 0 0 0 0 1 1 2 3 4 8 11 11 11 12 12 12 11 11 11 10 9 9 8 11 15 16 16 17 17 17 18 18 18 
40 40 44 51 61 96 139 148 97 30 12 16 17 17 19 19 18 17 16 15 12 9 6 4 1 1 0 0 0 0 0 0 0 0 0 0 0 0 0 0 0 0 0 0 0 0 0 0 0 0 0 0 0 0 0 0 0 0 1 0 1 1 1 2 3 5 9 11 12 14 13 12 12 12 11 11 11 11 12 11 11 12 16 16 17 17 17 18 18 19 
38 38 42 51 63 97 143 147 90 28 13 15 16 17 19 19 17 17 15 14 10 7 6 3 1 1 0 0 0 0 0 0 0 0 0 0 0 0 0 0 0 0 0 0 0 0 0 0 0 0 0 0 0 0 0 0 0 0 1 1 1 1 1 2 3 7 9 10 12 14 12 12 12 11 11 12 12 14 15 12 10 11 15 16 17 17 17 19 19 21 
36 36 38 51 66 101 146 147 88 28 13 15 16 17 20 19 16 16 15 12 9 5 5 2 1 0 0 0 0 0 0 0 0 0 0 0 0 0 0 0 0 0 0 0 0 0 0 0 0 0 0 0 0 0 0 0 0 0 1 0 1 1 1 3 3 7 8 10 11 12 12 12 12 11 12 14 14 14 14 11 9 10 14 14 15 15 16 19 19 21 
31 33 36 49 71 106 150 149 87 28 15 15 15 18 20 19 16 16 14 11 9 5 4 2 1 0 0 0 0 0 0 0 0 0 0 0 0 0 0 0 0 0 0 0 0 0 0 0 0 0 0 0 0 0 0 0 0 0 1 1 1 1 1 3 4 5 8 11 11 12 12 12 11 11 12 14 14 14 14 11 11 12 12 12 12 15 16 18 18 19 
29 31 36 46 73 108 153 148 85 28 15 15 15 17 20 19 16 15 12 9 8 4 2 1 1 0 0 0 0 0 0 0 0 0 0 0 0 0 0 0 0 0 0 0 0 0 0 0 0 0 0 0 0 0 0 0 0 0 1 1 1 1 1 2 4 5 9 9 11 12 12 11 11 11 11 12 12 11 11 11 11 11 11 11 12 14 15 15 16 16 
30 33 35 45 74 111 151 144 82 26 14 14 15 17 20 19 16 15 11 9 6 3 2 1 1 0 0 0 0 0 0 0 0 0 0 0 0 0 0 0 0 0 0 0 0 0 0 0 0 0 0 0 0 0 0 0 0 0 1 0 1 2 1 1 4 7 9 9 11 11 11 10 11 11 11 12 12 11 11 11 11 11 11 11 12 14 15 15 15 15 
31 33 35 43 75 111 149 136 73 23 14 14 15 17 20 19 16 15 11 8 6 3 1 1 1 0 0 0 0 0 0 0 0 0 0 0 0 0 0 0 0 0 0 0 0 0 0 0 0 0 0 0 0 0 0 0 0 0 1 1 1 1 1 1 4 7 10 10 10 12 12 11 11 11 11 12 12 11 11 12 12 10 11 11 12 14 15 15 15 14 
31 33 35 44 74 110 145 122 60 22 16 16 16 17 20 18 15 14 11 7 5 2 1 1 0 0 0 0 0 0 0 0 1 1 0 0 0 0 0 0 0 0 0 0 0 0 0 0 0 0 0 0 0 0 0 0 0 0 1 1 1 1 1 2 5 8 11 11 11 12 12 12 10 10 12 11 11 12 12 12 12 11 12 12 12 14 15 15 15 14 
34 34 36 44 73 110 137 108 50 19 18 17 16 17 19 17 14 12 9 5 4 3 1 1 1 0 0 0 0 0 0 0 1 1 0 0 0 0 0 0 0 0 0 0 0 0 0 0 0 0 0 0 0 0 0 0 0 0 0 0 1 1 1 2 5 8 11 11 14 14 12 12 12 11 12 12 12 12 12 11 12 11 12 12 14 14 15 15 15 14 
36 35 36 45 73 121 143 107 43 17 16 16 16 17 17 16 14 11 8 4 4 3 1 1 1 1 1 1 0 0 1 1 1 1 0 0 0 0 0 0 0 0 0 0 0 0 0 0 0 0 0 0 0 0 0 0 0 0 0 0 1 1 1 2 5 8 10 12 14 14 14 14 14 12 12 14 14 14 12 11 12 12 12 14 14 15 16 15 15 14 
37 38 38 46 73 118 134 93 35 17 17 17 17 16 17 16 12 10 8 3 3 2 1 1 1 1 1 1 0 0 1 1 1 1 0 0 0 0 0 0 0 0 0 0 0 0 0 0 0 0 0 0 0 0 0 0 0 0 0 0 1 1 1 3 4 7 11 12 14 14 15 15 14 12 14 14 14 14 12 12 12 12 14 14 14 15 16 16 16 14 
38 39 39 47 74 104 117 81 32 18 17 17 17 17 17 15 12 10 8 4 3 2 1 1 1 1 1 1 0 0 0 0 1 1 0 0 0 0 0 0 0 0 0 0 0 0 0 0 0 0 0 0 0 0 0 0 0 0 0 0 1 1 2 3 5 8 10 12 14 14 15 14 14 12 14 14 14 14 14 14 14 14 14 15 15 16 17 16 16 15 
39 40 39 49 74 102 118 82 33 18 18 18 18 18 17 16 12 10 7 4 3 2 1 1 1 1 1 1 0 0 0 0 1 1 0 0 0 0 0 0 0 0 0 0 0 0 0 0 0 0 0 0 0 0 0 0 0 0 0 0 1 1 2 3 7 8 10 11 14 15 16 14 14 12 14 14 14 14 14 14 14 14 14 15 15 16 16 16 16 15 
40 40 40 50 72 103 109 74 32 21 19 19 19 18 17 15 10 8 5 3 3 2 1 1 1 1 0 0 0 0 0 0 1 1 0 0 0 0 0 0 0 0 0 0 0 0 0 0 0 0 0 0 0 0 0 0 0 0 0 0 1 1 3 4 8 10 11 12 12 14 15 14 14 12 14 14 14 14 14 14 14 14 14 15 15 15 16 16 16 14 
40 40 40 51 70 99 99 66 32 22 22 21 19 18 17 13 9 7 5 3 3 2 1 1 1 1 0 0 0 0 0 0 1 1 0 0 0 0 0 0 0 0 0 0 0 0 0 0 0 0 0 0 0 0 0 0 0 0 0 2 1 2 3 5 9 10 11 12 14 14 14 14 14 12 12 14 14 14 14 14 14 14 14 15 15 15 16 15 15 14 
39 39 39 50 69 94 100 68 36 24 22 21 22 19 17 13 8 7 4 2 2 2 1 1 1 1 0 0 0 0 0 0 0 0 0 0 0 0 0 0 0 0 0 0 0 0 0 0 0 0 0 0 0 0 0 0 0 0 0 1 2 2 3 4 8 9 10 12 12 15 15 15 15 12 11 12 12 14 14 12 14 14 14 14 15 15 15 14 14 14 
39 39 39 50 68 97 108 79 40 26 22 22 22 19 18 15 9 7 4 3 2 2 1 1 1 1 0 0 0 0 0 0 0 0 0 0 0 0 0 0 0 0 0 0 0 0 0 0 0 0 0 0 0 0 0 0 0 0 0 1 2 2 3 5 8 9 11 12 12 14 15 15 15 12 11 12 14 14 14 12 14 15 15 15 14 15 15 14 14 14 
38 38 38 49 67 96 112 86 49 29 24 24 21 19 18 15 10 7 4 3 2 2 1 1 1 1 0 0 0 0 0 0 0 0 1 1 1 1 1 1 1 1 1 1 0 0 0 0 0 0 0 0 0 0 0 0 0 0 0 1 2 2 4 6 9 10 11 12 12 14 15 15 15 14 11 11 12 14 14 14 15 15 15 15 15 15 15 14 14 14 
37 38 38 47 64 91 109 88 52 29 24 24 22 19 17 15 10 7 4 2 3 2 1 0 0 0 0 0 0 0 0 0 0 0 1 1 1 1 1 1 1 1 1 1 0 0 0 0 0 0 0 0 0 0 0 0 0 0 0 1 1 2 5 6 10 11 11 12 12 15 15 15 15 15 12 12 12 12 14 14 14 15 15 15 15 15 15 15 15 14 
37 37 38 46 63 88 100 79 49 29 23 23 22 19 18 15 9 7 4 2 2 1 1 0 0 0 0 0 0 0 0 0 0 0 0 0 1 1 1 1 1 1 1 1 0 0 0 0 0 0 0 0 0 0 0 0 0 0 0 0 1 3 5 7 9 11 12 12 14 14 15 16 15 15 15 14 14 13 12 14 14 15 15 15 16 16 16 16 16 15 
37 37 38 45 63 87 96 74 45 25 23 22 21 19 18 15 9 5 3 2 1 1 0 0 0 0 0 0 0 0 0 0 0 0 0 0 1 1 1 1 1 1 1 1 0 0 0 0 0 0 0 0 0 0 0 0 0 0 0 0 1 2 4 7 9 11 11 12 15 15 15 16 15 15 15 15 15 15 15 15 15 15 15 16 16 17 16 16 16 16 
37 37 38 45 63 85 93 73 42 23 23 22 19 18 17 15 9 7 4 2 2 1 0 0 0 0 0 0 0 0 0 0 0 0 0 0 1 1 1 1 1 1 1 1 1 1 1 1 1 1 0 0 0 0 0 0 0 0 0 1 2 4 5 8 10 10 11 12 14 16 16 17 16 16 15 16 16 16 17 17 17 16 16 16 17 17 16 16 16 16 
36 37 38 44 61 81 86 67 40 24 23 22 19 18 17 13 9 7 4 2 1 1 0 0 0 0 0 0 0 0 0 0 0 0 0 0 1 1 1 1 1 1 1 1 1 1 1 1 1 1 0 0 0 0 0 0 0 0 1 2 2 5 7 9 10 10 12 14 15 17 17 17 17 17 16 16 15 16 17 17 17 17 17 17 17 17 17 17 17 17 
36 37 38 44 58 74 80 61 38 28 23 21 21 18 17 13 10 8 4 2 1 1 0 0 0 0 0 0 0 0 0 0 0 0 1 1 1 1 1 1 1 1 1 1 1 1 1 1 1 1 0 0 0 0 0 0 0 0 1 3 2 4 7 9 11 10 12 14 15 16 17 17 17 16 16 17 16 16 17 17 17 17 17 17 17 17 17 17 18 17 
36 36 37 42 56 71 68 50 35 29 23 22 21 18 17 13 10 8 4 2 2 1 1 0 0 0 0 0 0 0 0 0 0 0 1 1 1 1 1 1 1 1 1 1 1 1 1 1 1 1 0 0 0 0 0 0 0 1 2 4 3 5 8 9 10 10 12 15 15 16 17 16 16 16 16 17 17 17 17 17 17 17 17 17 17 17 17 17 18 17 
35 35 37 45 52 66 61 43 30 26 23 22 21 18 16 12 9 7 4 2 3 2 1 1 0 0 0 0 0 0 1 1 1 1 1 1 0 0 0 0 0 0 0 0 0 0 0 0 0 0 0 0 0 0 0 0 0 1 2 3 4 7 9 10 11 11 12 14 15 16 17 16 16 17 17 17 17 17 16 17 18 18 17 17 17 17 17 17 18 17 
35 35 40 52 53 64 57 38 28 24 23 22 19 18 16 14 10 7 4 4 3 2 1 1 0 0 0 0 0 0 1 1 1 1 1 1 0 0 0 0 0 0 0 0 0 0 0 0 0 0 0 0 0 0 0 0 0 0 2 4 5 7 9 9 11 12 12 12 14 14 15 15 16 17 16 16 17 16 16 16 17 17 16 17 16 16 16 16 16 15 
35 35 45 61 60 68 55 37 28 24 23 23 21 18 16 12 10 8 5 4 4 3 1 1 0 0 0 0 0 0 1 1 1 1 1 1 0 0 0 0 0 0 0 0 0 0 0 0 0 0 0 0 0 0 0 1 1 1 3 6 8 7 9 11 10 10 11 11 12 12 12 14 15 15 14 15 15 16 16 16 15 15 16 16 16 15 16 16 16 15 
36 35 46 65 71 75 59 37 26 24 23 23 21 18 16 12 10 8 5 4 3 2 1 1 0 0 0 0 0 0 1 1 1 1 1 1 0 0 0 0 0 0 0 0 0 0 0 0 0 0 0 0 0 0 0 0 2 3 4 8 8 8 10 11 10 10 11 11 12 12 12 14 13 13 14 14 14 15 14 14 15 15 16 16 15 15 15 15 15 15 
33 35 49 65 79 84 62 37 25 24 23 22 21 18 16 14 11 8 5 4 2 2 1 1 0 0 0 0 0 0 0 0 1 1 1 1 0 0 0 0 0 0 0 0 0 0 0 0 0 0 0 0 0 0 0 0 1 3 5 8 9 9 9 10 11 11 11 11 12 12 12 12 12 12 13 13 13 15 15 15 15 15 15 16 16 15 15 16 15 15 
32 38 50 70 89 94 67 37 25 24 23 22 19 18 16 14 12 8 7 5 4 3 3 2 0 1 0 0 0 0 0 0 1 1 1 1 0 0 0 0 0 0 0 0 0 0 0 0 0 0 0 0 0 0 0 1 1 3 6 9 9 10 10 10 11 11 12 12 12 12 12 12 12 11 12 13 13 15 15 13 13 15 15 16 16 15 16 16 15 15 
32 39 57 74 94 94 58 31 25 23 22 21 19 16 14 12 11 8 7 7 5 5 4 4 2 2 1 1 1 1 0 0 1 1 1 1 0 0 0 0 0 0 0 0 0 0 0 0 0 0 0 0 0 0 1 1 2 3 4 8 10 10 10 11 11 11 12 12 12 12 15 15 14 12 13 15 14 12 15 15 15 15 16 17 16 16 16 16 15 15 
33 42 61 76 93 87 52 30 24 23 22 21 18 16 14 12 11 8 7 7 7 7 7 5 3 2 2 1 1 1 0 0 1 1 1 1 0 0 0 0 0 0 0 0 0 0 0 0 0 0 0 0 0 0 1 1 2 3 5 8 8 10 10 11 12 14 14 12 14 14 15 15 12 12 15 15 15 15 15 15 15 15 17 17 17 16 16 16 16 15 
35 44 61 80 95 82 44 26 23 22 21 19 19 17 15 12 11 8 8 8 7 8 9 9 5 4 3 3 2 1 1 0 1 1 1 1 0 0 0 0 0 0 0 0 0 0 0 0 0 0 0 0 0 0 1 1 1 3 2 4 7 9 10 11 14 15 15 14 15 15 16 16 12 12 14 14 15 15 14 14 15 15 16 17 17 16 16 16 16 15 
37 47 66 78 82 66 36 25 23 23 21 19 18 17 14 11 10 9 8 8 8 8 9 11 8 5 4 3 3 2 3 2 1 1 1 1 0 0 0 0 0 0 0 0 0 0 0 0 0 0 0 0 0 0 0 0 1 1 2 2 3 5 8 9 11 12 12 10 11 13 15 15 14 14 12 12 12 14 14 14 14 16 16 17 16 16 16 15 15 15 
38 51 53 66 74 54 32 23 22 22 21 19 17 15 12 11 9 9 8 8 8 9 10 11 9 8 6 4 2 2 3 3 0 0 0 0 0 0 0 0 0 0 0 0 0 0 0 0 0 0 0 0 0 0 0 0 0 0 0 0 0 0 1 1 1 3 4 4 8 10 10 10 13 13 11 11 12 13 15 15 15 16 17 16 16 16 15 15 14 14 
38 46 47 59 61 43 31 23 22 21 19 18 17 15 12 10 9 9 9 9 10 11 12 14 11 9 6 6 4 4 5 6 2 0 0 0 0 0 0 0 0 0 0 0 0 0 0 0 0 0 0 0 0 0 0 0 0 0 0 0 0 0 0 0 0 0 2 3 4 5 4 4 8 8 8 10 11 12 13 12 12 12 13 11 11 11 11 11 12 12 
40 44 43 52 47 32 30 25 23 21 19 18 17 15 11 11 10 10 11 12 12 15 17 17 12 9 8 6 7 9 9 9 9 1 1 1 0 0 0 0 0 0 0 0 0 0 0 0 0 0 0 0 0 0 0 0 0 0 0 0 0 0 0 0 0 0 0 1 1 1 1 1 2 2 3 4 4 7 9 8 8 8 8 4 4 5 5 6 8 8 
43 47 44 40 42 29 26 24 22 21 18 16 15 14 11 10 10 11 14 17 18 22 25 23 14 11 8 8 8 11 11 11 11 1 1 1 1 0 0 0 0 0 0 0 0 0 0 0 0 0 0 0 0 0 0 0 0 0 0 0 0 0 0 0 0 0 0 0 1 1 1 1 1 1 1 2 2 3 3 2 2 2 2 2 2 2 3 2 2 2 
44 44 41 32 30 23 22 22 22 20 17 15 14 14 11 11 12 14 19 26 27 30 34 34 25 16 8 8 8 9 12 14 11 1 2 2 1 1 0 0 0 0 0 0 0 0 0 0 0 0 0 0 0 0 0 0 0 0 0 0 0 1 1 1 0 0 1 1 0 1 1 0 0 0 0 1 1 0 0 0 1 1 1 1 1 1 1 1 0 0 
44 43 40 32 24 19 19 19 19 18 16 14 11 11 11 12 15 19 27 37 34 39 41 41 30 18 8 6 8 8 12 14 15 12 5 2 1 1 0 1 0 0 0 0 0 0 0 0 0 0 0 0 0 0 0 0 0 0 0 0 0 1 1 1 0 0 0 0 0 0 0 0 0 0 0 0 0 0 0 0 1 1 1 1 1 1 1 1 0 0 
