0 0 1 1 1 1 1 1 1 2 3 4 5 7 4 2 1 1 1 1 1 1 1 1 2 2 2 2 2 2 2 2 2 2 2 2 2 2 2 2 2 2 2 1 1 1 1 1 1 1 2 2 2 2 2 1 2 3 4 5 7 8 9 9 8 7 8 8 7 7 8 9 9 9 9 9 8 8 5 5 4 3 4 8 12 26 54 81 100 106 102 98 94 90 88 84 80 73 66 65 67 70 75 80 85 85 
0 0 0 0 0 0 0 0 0 0 1 1 1 2 3 1 1 1 1 1 1 1 1 2 2 2 2 2 2 2 2 2 2 2 2 2 2 2 2 2 2 2 2 2 2 1 1 1 1 1 1 2 2 2 2 2 2 3 5 5 7 8 9 9 8 8 9 9 9 10 11 11 12 12 12 13 11 9 8 5 4 5 3 12 29 57 89 114 135 150 143 137 138 136 128 120 115 110 108 102 93 88 89 96 100 99 
0 0 0 0 0 0 0 0 0 0 1 1 1 1 1 1 1 1 1 1 1 1 1 2 2 2 2 2 2 2 2 2 2 2 2 2 2 2 2 2 2 2 2 2 2 1 1 1 1 1 2 3 4 3 3 3 3 4 5 5 7 8 9 9 8 9 10 10 11 13 13 15 17 16 16 17 15 11 10 7 5 8 3 12 45 89 113 128 145 152 150 149 151 152 150 146 145 142 139 137 129 122 121 124 127 127 
0 0 0 0 0 0 0 0 0 0 1 1 1 1 1 1 1 1 1 1 1 1 1 2 2 2 2 2 2 2 2 2 2 2 2 2 2 2 2 2 2 2 2 2 2 1 1 2 2 3 3 6 6 6 5 5 5 4 5 5 7 8 9 9 9 11 12 13 15 15 17 19 22 22 25 26 23 18 16 11 8 7 10 30 64 96 102 103 111 118 120 118 124 128 129 130 129 128 127 128 127 125 124 125 128 127 
0 1 1 1 1 0 0 0 0 0 1 1 1 1 1 1 1 1 1 1 1 2 2 2 2 2 2 2 2 2 2 2 2 2 2 2 2 2 2 2 2 2 2 1 1 1 1 2 2 3 3 6 12 10 5 5 5 4 5 5 7 8 9 9 9 12 13 15 16 18 21 23 25 30 30 31 26 22 17 12 10 7 12 31 51 61 64 67 72 74 77 78 82 85 85 85 82 84 87 88 90 92 92 92 94 92 
0 1 1 1 1 1 0 1 1 1 1 1 1 1 1 1 1 1 1 1 1 2 2 2 2 2 2 2 2 2 2 2 2 2 2 2 2 2 2 2 2 1 1 1 1 1 1 1 1 3 3 18 33 19 10 5 5 5 5 5 7 9 10 10 11 13 15 15 17 22 24 25 31 34 33 33 33 26 21 12 15 10 5 16 28 26 30 38 39 44 48 45 50 52 51 47 46 47 51 53 53 52 52 56 59 60 
0 1 1 1 1 1 1 1 1 1 1 1 1 1 1 1 1 1 1 1 1 2 2 2 2 2 2 2 2 2 2 2 2 2 2 2 2 2 2 2 2 1 1 1 1 1 1 1 1 2 8 38 64 43 12 7 5 5 5 7 8 10 11 11 12 15 17 17 18 23 29 30 37 37 25 39 36 26 18 14 15 11 11 12 17 18 28 38 38 39 40 41 40 42 40 40 39 39 42 42 40 39 40 43 45 46 
1 1 1 1 1 0 0 1 1 1 1 1 1 1 1 1 1 1 1 2 2 2 2 2 2 2 2 2 2 2 2 2 2 2 2 2 2 2 1 1 1 2 2 1 1 1 1 2 2 3 8 60 74 42 12 8 6 6 6 6 9 10 11 11 13 16 17 17 21 26 30 33 39 38 39 38 30 15 15 14 12 11 15 11 13 11 26 35 35 38 39 40 41 42 42 42 42 42 42 42 40 40 40 40 40 42 
1 1 1 1 1 0 0 1 1 1 1 1 1 1 1 1 1 1 1 2 2 2 2 2 2 2 2 2 2 2 2 2 2 2 2 2 2 1 1 1 1 2 2 1 1 1 1 2 2 4 25 74 95 60 16 6 6 5 6 8 9 10 11 12 15 17 18 19 23 30 32 37 40 37 29 31 14 6 9 10 10 12 13 12 17 15 26 33 37 39 40 40 39 38 38 38 38 38 38 38 38 37 37 37 37 38 
1 1 1 1 1 0 0 0 0 1 1 1 1 1 1 1 1 1 1 1 1 2 2 2 2 2 2 2 2 2 2 2 2 2 2 2 2 1 1 1 1 2 2 1 1 1 1 4 1 8 41 88 113 71 21 5 6 4 5 8 10 11 12 13 16 18 20 22 25 32 36 39 39 31 18 15 4 4 4 8 9 11 11 12 12 16 25 30 38 39 40 39 39 38 37 37 37 37 36 36 37 37 36 36 36 37 
1 1 1 1 1 0 0 0 0 1 1 1 1 1 1 1 1 1 1 1 1 2 2 2 2 2 2 2 2 2 2 2 2 2 2 2 2 1 1 1 1 2 2 1 1 1 1 4 1 8 38 107 123 72 19 6 5 4 4 8 9 11 12 13 16 19 23 24 28 35 36 39 36 23 11 9 2 4 4 6 8 11 12 12 10 19 28 28 35 40 42 40 40 39 38 38 37 37 36 36 37 37 37 37 37 38 
1 1 1 1 1 0 0 0 0 1 1 1 1 1 1 1 1 1 1 1 1 2 2 2 2 2 2 2 2 2 2 2 2 2 2 2 2 1 1 1 1 1 1 1 1 2 2 2 1 15 40 123 119 63 14 5 5 6 6 8 10 11 12 12 15 20 24 25 30 37 38 38 29 14 5 7 4 4 5 6 8 8 10 10 12 19 26 26 32 40 40 39 39 39 39 38 37 37 37 36 37 37 37 37 37 38 
1 1 1 1 1 0 0 0 0 1 1 1 1 1 1 1 1 1 1 1 1 2 2 2 2 2 2 2 2 2 2 2 2 2 2 2 2 1 1 1 1 1 1 1 1 2 2 2 3 24 44 117 104 50 11 5 5 7 8 9 10 12 12 12 16 20 27 29 31 38 39 30 19 10 5 4 5 5 7 8 8 9 10 11 19 21 24 23 28 38 39 39 38 38 38 38 38 37 37 37 37 37 37 37 37 38 
1 1 1 1 1 0 0 1 1 1 1 1 1 1 1 1 1 1 1 2 2 2 2 2 2 2 2 2 2 2 2 2 2 2 2 2 2 1 1 1 1 1 1 1 1 1 1 0 11 40 47 94 83 33 6 7 5 8 9 11 12 13 15 16 19 23 29 31 36 40 34 21 11 9 8 8 9 8 8 9 9 9 10 11 23 23 22 21 23 36 39 40 38 38 39 39 39 38 38 38 37 37 37 37 37 38 
1 1 1 1 1 0 0 1 1 1 1 1 1 1 1 1 1 1 1 2 2 2 2 2 2 2 2 2 2 2 2 2 2 2 2 2 2 1 1 1 1 1 1 1 1 1 2 0 16 47 50 80 71 22 5 9 8 9 11 13 15 16 17 19 23 28 35 37 37 38 25 14 7 7 8 9 9 8 8 10 9 10 11 11 23 27 20 19 23 33 40 37 38 38 38 39 39 38 38 38 37 37 37 37 37 38 
0 1 1 1 1 1 1 1 1 1 1 1 1 2 2 1 1 1 1 2 2 3 3 3 3 2 2 2 2 2 2 2 2 2 2 2 2 1 1 1 1 1 1 1 1 1 4 19 45 66 53 73 44 19 9 9 10 13 16 15 16 17 19 19 25 30 36 38 37 29 17 9 6 8 9 8 9 8 7 9 9 10 11 12 15 20 17 17 19 31 38 38 39 38 38 38 38 38 38 37 37 36 36 36 37 38 
0 1 1 1 1 1 1 1 1 1 1 1 1 2 2 1 1 1 1 2 2 3 3 3 3 2 2 2 2 2 2 2 2 2 2 2 2 1 1 1 1 1 1 1 1 3 7 24 46 60 52 86 51 23 11 10 11 15 17 17 18 19 22 22 29 32 37 38 29 18 10 8 8 8 8 8 8 8 7 9 10 11 12 14 14 16 16 16 18 28 35 37 38 37 37 38 37 38 37 37 36 36 36 36 36 37 
0 1 1 1 1 1 1 1 1 1 1 1 1 2 2 1 1 1 1 2 2 3 3 3 3 2 2 2 2 2 2 2 2 2 2 2 2 1 1 1 1 1 1 1 1 8 16 45 73 79 60 79 53 27 17 12 14 15 17 17 18 21 25 25 32 39 40 31 19 9 4 8 8 8 8 5 5 5 7 9 10 11 12 12 12 15 15 16 19 25 31 33 36 37 37 37 37 37 36 36 37 36 36 36 36 37 
0 1 1 1 1 1 1 1 1 1 1 1 1 2 2 1 1 1 1 2 2 3 3 3 3 2 2 2 2 2 2 2 2 2 2 2 2 1 1 1 1 1 1 1 1 4 25 58 84 85 66 71 58 36 19 15 16 17 18 19 21 23 30 32 44 47 39 22 11 5 4 8 8 8 8 7 5 4 5 8 9 10 11 11 11 12 15 18 23 26 30 31 33 37 37 37 37 36 36 36 36 35 36 36 36 37 
0 1 1 1 1 1 1 1 1 1 1 1 1 2 2 1 1 2 2 2 2 3 3 3 3 2 2 2 2 2 2 2 2 2 2 2 2 1 1 1 1 1 1 1 1 6 28 52 72 77 58 58 61 42 22 15 17 18 19 21 23 26 33 43 56 51 33 17 6 5 8 9 8 8 8 6 6 6 6 8 9 9 9 9 9 11 14 21 25 23 28 30 33 36 38 38 38 37 36 35 35 35 35 35 36 37 
1 1 1 1 1 1 1 1 1 1 1 1 1 2 2 1 1 2 2 3 3 3 3 3 3 3 3 2 2 2 2 2 2 2 2 2 2 1 1 1 1 1 1 1 4 14 31 44 54 60 56 47 59 45 24 17 17 18 19 22 24 28 38 54 64 54 32 18 10 7 8 9 9 8 8 6 6 6 6 8 8 8 9 9 9 11 17 24 25 22 25 29 31 36 37 39 39 38 37 36 35 35 35 35 35 36 
1 1 1 1 1 1 1 1 1 1 1 1 1 2 2 2 3 3 3 3 3 2 2 2 2 3 3 2 2 2 2 2 2 2 2 2 1 1 1 1 1 1 1 0 7 25 32 40 44 57 60 37 55 58 31 22 17 17 21 23 31 39 50 58 58 50 45 31 16 9 8 9 9 9 9 8 6 6 6 8 8 8 9 9 9 11 16 24 26 22 22 24 28 32 36 39 40 39 37 37 36 35 33 35 33 34 
1 1 1 1 1 1 1 1 1 1 1 1 2 2 2 2 3 3 3 3 3 2 2 2 2 3 3 2 2 2 2 2 2 2 2 2 2 1 1 1 1 1 1 2 14 28 30 39 40 54 56 31 45 68 40 25 18 17 21 26 42 52 56 56 37 33 53 49 35 17 10 9 9 10 10 16 8 8 8 8 8 8 9 9 9 11 14 17 22 19 19 22 25 30 36 39 40 39 38 38 37 35 33 35 33 34 
1 1 1 1 1 1 1 1 1 1 1 2 2 2 2 2 2 2 2 2 2 2 2 3 3 2 2 2 2 2 2 2 2 2 2 2 2 2 1 1 1 1 1 9 18 26 24 37 39 33 23 32 52 80 75 30 12 12 28 42 54 67 71 51 41 28 39 52 51 39 16 10 10 9 9 9 7 7 7 6 9 8 8 9 9 9 12 14 18 18 19 19 24 29 33 38 42 40 38 37 36 35 33 33 32 33 
1 1 1 1 1 1 1 1 1 1 1 2 2 2 2 2 2 2 2 2 2 2 2 3 3 2 2 2 2 2 2 2 2 2 2 2 2 2 1 1 1 2 4 15 21 24 19 30 39 47 24 26 44 75 72 35 19 24 44 58 68 81 80 57 43 32 37 43 51 44 22 14 11 10 9 8 7 7 7 8 9 8 8 9 9 9 11 11 14 17 18 19 22 25 29 37 42 40 38 37 36 35 33 33 32 32 
1 1 1 1 1 1 1 1 1 1 1 2 2 2 2 2 2 2 2 2 2 2 2 3 3 2 2 2 2 2 2 2 2 2 2 2 2 2 2 2 2 2 5 23 26 24 17 24 30 45 23 18 28 63 66 40 33 43 71 85 90 100 96 72 57 44 43 34 38 37 25 18 14 8 8 10 9 9 9 9 9 9 9 9 9 9 9 9 11 15 18 18 19 23 26 36 42 40 38 37 36 35 33 33 32 32 
1 1 1 1 1 1 1 1 1 1 1 2 2 2 2 2 2 2 2 2 2 2 2 3 3 2 2 2 2 2 2 2 2 2 2 2 2 2 2 2 2 4 10 28 29 23 16 21 24 26 22 15 19 52 58 43 43 54 82 94 96 103 97 73 58 45 43 34 35 31 25 18 14 4 8 10 10 9 10 11 10 9 9 10 9 9 9 9 11 15 17 17 18 19 28 37 44 44 40 36 36 33 33 33 32 32 
1 1 1 1 1 1 1 1 1 2 2 2 2 2 2 2 2 2 2 2 2 2 2 3 3 2 2 2 2 2 2 2 2 2 2 2 2 2 2 2 2 4 17 33 31 26 14 18 19 19 19 10 10 36 47 46 58 67 82 92 93 95 92 72 63 53 53 42 39 33 31 23 21 9 11 7 7 9 10 11 11 10 11 10 10 9 9 8 10 11 16 17 18 21 29 38 45 46 42 35 33 33 32 32 31 31 
1 1 1 1 1 1 1 1 1 2 2 2 2 2 2 2 2 2 2 2 2 2 2 3 3 2 2 2 2 2 2 2 2 2 2 2 2 2 2 2 2 7 24 40 36 30 15 19 20 20 22 12 14 38 51 53 67 72 79 84 85 88 85 71 64 54 55 42 39 32 30 21 20 11 11 9 8 9 10 12 12 11 11 10 10 9 9 8 10 11 16 18 21 25 30 36 42 45 43 37 33 33 32 32 31 31 
1 1 1 1 1 1 1 1 1 2 2 2 2 2 2 2 2 2 2 2 2 2 2 3 3 2 2 2 2 2 2 2 2 2 2 2 2 2 2 3 5 15 32 46 39 25 13 17 19 18 19 11 12 32 45 52 55 69 70 71 72 76 76 70 64 57 56 43 41 36 34 25 23 13 14 11 10 9 10 11 11 12 12 10 10 9 9 10 11 11 15 18 24 30 32 35 38 44 44 39 36 33 32 32 31 31 
1 1 1 1 1 1 1 1 1 2 2 2 2 2 2 2 2 2 2 2 2 2 2 3 3 2 2 2 2 2 2 2 2 2 2 2 1 2 1 2 9 22 36 45 40 24 13 18 18 16 17 10 11 28 33 44 47 63 63 65 67 71 72 65 61 55 53 40 42 38 37 26 23 14 15 14 11 10 11 11 11 12 11 10 10 9 9 11 11 10 12 19 26 33 33 35 36 33 39 42 35 32 32 31 31 30 
1 1 1 1 1 1 1 1 1 2 2 2 2 2 2 2 2 2 2 2 2 2 2 3 3 2 2 2 2 2 2 2 2 2 2 2 1 2 1 2 17 30 39 42 54 33 12 14 13 11 11 10 11 18 16 14 15 20 23 29 30 33 33 36 36 35 34 33 36 39 37 27 24 15 16 15 13 10 11 12 12 12 12 10 9 8 9 9 9 10 12 18 28 33 35 37 35 32 37 38 32 32 31 31 30 30 
1 1 1 1 1 1 1 1 1 2 2 2 2 2 2 2 2 2 2 2 2 2 2 3 3 2 2 2 2 2 2 2 2 2 2 2 1 1 1 2 21 47 63 74 93 53 12 16 13 11 11 9 10 11 9 11 10 17 18 24 24 27 28 32 33 32 32 34 36 38 35 26 23 14 15 16 18 11 11 12 12 13 12 11 10 9 8 9 8 10 12 19 29 33 36 39 37 33 35 35 32 32 31 31 30 30 
1 1 1 1 1 1 1 1 1 2 2 2 2 2 2 2 2 2 2 2 2 2 2 3 3 2 2 2 2 2 2 2 2 2 2 2 2 1 1 1 21 50 79 138 147 71 14 17 12 10 10 9 9 10 10 10 10 13 13 16 16 19 20 23 24 26 26 31 35 35 32 24 22 12 13 19 21 12 10 12 14 15 13 10 9 8 8 8 8 10 12 19 30 35 38 42 39 32 32 31 31 31 30 29 30 31 
1 1 1 1 1 1 1 1 1 2 2 2 2 2 2 2 2 2 2 2 2 2 2 3 3 2 2 2 2 2 2 2 2 2 2 2 2 2 3 3 39 87 131 200 183 86 16 21 13 11 11 11 11 11 11 11 11 13 13 16 16 19 20 23 24 26 26 32 34 34 31 24 22 12 13 22 23 12 10 12 15 15 12 10 8 8 8 8 10 11 12 19 28 33 37 40 39 31 26 29 31 31 30 29 30 30 
1 1 1 1 1 1 1 1 1 2 2 2 2 2 2 2 2 2 2 2 2 2 2 3 3 2 2 2 2 2 2 2 2 2 2 2 2 2 7 11 67 130 195 240 207 101 19 21 13 10 10 9 9 9 9 9 9 11 11 12 12 14 15 19 20 22 23 27 28 28 27 21 19 9 9 24 26 11 9 15 15 12 12 10 8 8 8 9 11 14 19 22 25 31 35 36 37 30 23 25 32 31 28 29 29 30 
1 1 1 1 1 1 1 1 1 2 2 2 2 2 2 2 2 2 2 2 2 2 2 3 3 2 2 2 2 2 2 2 2 2 2 2 2 3 0 32 113 192 217 248 212 102 18 19 13 9 9 7 8 7 7 8 8 10 10 11 11 14 15 18 19 22 23 27 27 27 27 21 19 9 8 24 28 11 9 15 15 14 11 10 8 6 6 8 10 18 25 23 25 29 33 37 37 29 23 23 28 29 29 29 29 30 
1 1 1 1 1 1 1 1 1 2 2 2 2 2 2 2 2 2 2 2 2 2 2 2 2 2 2 2 2 2 2 3 3 2 2 2 2 3 12 73 156 220 231 250 210 102 22 19 13 11 10 7 7 7 7 8 9 10 10 11 11 14 15 17 19 22 22 24 23 25 25 18 16 7 5 23 31 17 10 12 12 11 9 10 8 6 8 9 10 16 23 23 25 28 33 43 40 30 23 22 24 29 30 29 29 30 
1 1 1 1 1 1 1 1 1 2 2 2 2 2 2 2 2 2 2 2 2 2 2 2 2 2 2 2 2 2 2 3 3 2 1 5 2 2 26 123 208 247 245 253 217 109 25 19 14 13 12 10 9 7 7 8 9 10 10 11 12 14 15 17 18 22 22 23 23 25 25 18 16 7 5 21 36 30 15 10 10 9 9 8 8 6 8 8 9 15 22 24 25 28 33 44 41 32 23 19 23 29 31 30 30 33 
1 1 1 1 1 1 1 1 1 2 2 2 2 2 2 2 2 2 2 3 3 2 2 2 2 3 3 2 2 3 3 2 3 1 2 8 0 10 74 181 247 253 249 252 220 114 27 18 16 15 12 10 9 8 8 9 9 11 11 13 13 15 15 15 16 17 17 17 17 18 18 15 14 8 5 19 35 38 17 9 9 9 8 7 7 6 7 8 10 14 21 24 25 26 29 32 38 32 24 21 24 30 31 30 31 32 
1 1 1 1 1 1 1 1 1 2 2 2 2 2 2 2 2 2 2 3 3 2 2 2 2 3 3 2 2 3 3 2 3 1 1 10 2 33 124 214 253 252 250 250 220 114 27 19 16 15 12 9 9 8 8 9 9 11 11 13 13 15 15 15 16 15 16 16 17 17 17 15 14 7 5 17 36 44 22 6 9 9 9 7 7 7 6 8 10 11 19 23 24 24 21 24 31 31 25 22 24 30 30 30 27 27 
1 1 1 1 1 1 1 1 1 2 2 2 2 2 2 2 2 2 2 3 3 2 2 2 2 3 3 2 2 3 3 2 3 1 1 11 5 59 171 234 253 250 250 247 221 115 28 19 17 16 13 9 9 7 7 8 9 11 12 13 14 15 15 15 15 16 16 16 16 17 16 14 13 7 5 16 36 45 24 7 9 8 7 8 6 8 8 7 7 9 18 22 24 21 17 18 25 30 28 23 24 30 40 43 32 25 
1 1 1 1 1 1 1 1 1 2 2 2 2 2 2 2 2 2 2 3 3 2 2 2 2 3 3 2 2 3 3 2 2 2 1 8 18 96 215 249 251 251 251 247 219 113 28 21 17 14 12 9 9 7 7 8 9 11 11 13 14 16 15 15 15 15 15 16 16 16 15 14 13 6 4 8 33 51 28 7 9 6 6 6 8 8 8 7 7 8 16 21 25 23 18 17 21 29 29 24 23 31 66 88 64 38 
1 1 1 1 1 1 1 1 1 2 2 2 2 2 2 2 2 2 2 3 3 2 2 2 2 3 3 2 2 3 3 3 3 4 4 3 28 121 241 253 252 251 251 247 219 111 28 21 17 13 12 9 9 7 7 8 9 12 12 13 13 15 16 15 15 15 15 15 15 15 15 13 12 4 3 1 31 56 37 6 8 6 5 6 8 8 8 7 7 9 17 19 23 24 21 17 17 24 30 24 22 30 87 138 115 68 
1 1 1 1 1 1 1 1 1 2 2 2 2 2 2 2 2 2 2 3 3 2 2 2 2 3 3 2 2 3 3 2 3 4 3 0 40 148 249 251 252 251 251 246 217 109 28 21 16 13 12 9 9 7 7 8 8 12 12 13 13 15 16 15 15 15 14 14 15 15 15 13 12 4 3 1 26 53 44 10 8 7 6 6 8 8 9 7 7 8 15 18 22 22 21 19 19 24 31 25 22 32 92 152 142 91 
1 1 1 1 1 1 1 1 1 2 2 2 2 2 2 2 2 2 2 3 3 2 2 2 2 3 3 2 2 3 3 2 3 3 1 1 50 164 251 249 250 251 250 247 217 109 28 22 17 13 12 9 9 7 7 9 9 12 12 13 13 15 15 15 15 15 14 13 14 14 14 12 12 4 4 3 23 50 47 16 6 8 10 10 9 8 8 8 8 8 12 17 20 21 19 19 21 24 31 25 22 28 74 126 131 97 
1 1 1 1 1 1 1 1 1 2 2 2 2 2 2 2 2 2 2 3 3 2 2 2 2 3 3 2 2 3 3 2 3 3 1 7 70 179 250 249 249 251 250 247 217 109 29 23 18 13 12 9 9 7 8 9 9 12 12 13 13 15 15 15 15 15 14 14 14 14 14 12 11 5 4 3 18 45 49 26 13 7 8 12 10 6 5 8 6 8 11 15 18 19 21 21 22 24 30 25 22 23 46 85 91 72 
1 1 1 1 1 1 1 1 1 1 1 1 1 3 3 2 2 2 2 2 2 2 2 2 2 3 3 2 2 3 3 2 2 3 0 10 109 231 245 247 248 249 248 247 217 109 29 25 18 13 12 9 9 8 8 9 9 12 12 13 13 14 14 14 14 13 13 13 13 13 13 10 9 5 5 1 10 40 57 54 38 24 17 10 9 9 9 8 7 8 10 12 16 18 18 21 22 24 30 26 24 25 31 45 64 47 
1 1 1 1 1 1 1 1 1 1 1 1 1 3 3 2 2 2 2 2 2 2 2 2 2 3 3 2 2 3 3 2 2 2 0 23 123 237 244 247 248 249 249 248 219 110 30 25 19 13 12 9 9 8 8 9 9 12 12 13 13 14 14 14 13 13 13 13 13 13 13 10 8 5 5 2 4 22 45 63 59 47 35 19 10 7 9 8 7 8 9 11 14 16 17 18 19 23 29 29 28 29 37 50 63 47 
1 1 1 1 1 1 1 1 1 1 1 1 1 3 3 2 2 2 2 2 2 2 2 2 2 3 3 2 2 3 3 2 2 0 1 40 145 242 243 245 248 248 249 249 220 111 31 26 21 16 12 9 9 8 8 9 9 12 12 12 12 14 14 14 14 13 13 13 13 13 13 10 8 4 4 3 3 5 21 45 64 61 51 39 25 14 12 9 7 8 9 10 11 14 16 17 18 21 28 32 36 40 48 57 61 47 
1 1 1 1 1 1 1 1 1 1 1 1 1 3 3 2 2 2 2 2 2 2 2 2 2 3 3 2 2 3 3 2 2 0 2 54 166 244 244 248 249 249 250 249 220 111 30 25 19 15 12 10 9 8 9 9 10 12 12 12 13 14 14 14 14 13 13 13 13 13 13 10 8 4 4 3 3 3 7 31 60 68 59 47 38 26 17 10 8 8 9 10 11 14 15 15 16 18 28 33 39 48 65 80 96 92 
1 1 1 1 1 1 1 1 1 1 1 1 1 3 3 2 2 2 2 2 2 2 2 2 2 3 3 2 2 3 3 2 2 0 4 74 199 247 248 250 251 251 252 249 220 111 31 26 21 16 12 9 9 8 9 9 10 12 12 12 13 14 14 14 14 13 13 13 13 13 13 10 8 4 4 3 4 2 4 24 48 59 57 46 37 25 18 15 9 9 9 10 11 12 14 15 16 21 25 31 39 54 74 109 170 186 
1 1 1 1 1 1 1 1 1 1 1 1 1 3 3 2 2 2 2 2 2 2 2 2 2 3 3 2 2 3 3 2 3 2 12 84 205 248 249 251 251 252 252 249 220 111 33 29 23 16 12 10 10 8 9 9 10 12 12 12 12 14 14 14 14 13 13 13 13 13 13 10 8 5 4 3 6 4 2 8 26 49 56 39 19 12 14 11 9 9 9 10 11 12 14 14 14 16 21 32 46 67 86 130 215 250 
1 1 1 1 1 1 1 1 1 1 1 1 1 2 2 3 3 2 2 2 2 3 3 3 3 2 2 2 2 2 2 3 5 8 23 97 217 248 249 251 251 252 252 248 222 114 39 32 26 17 12 10 10 8 9 10 10 12 12 13 13 13 13 14 14 13 13 13 13 13 13 11 9 5 4 3 8 6 3 3 16 37 49 35 16 11 11 10 9 9 9 10 10 12 13 13 13 14 19 34 47 69 97 146 221 253 
1 1 1 1 1 1 1 1 1 1 1 1 1 2 2 3 3 2 2 2 2 3 3 3 3 2 2 2 2 2 2 4 7 12 29 110 222 248 249 251 251 252 252 248 227 120 44 32 29 21 13 10 10 8 9 10 10 12 12 13 13 13 13 14 14 13 13 13 13 13 13 10 9 5 4 5 10 9 5 8 11 23 37 32 19 11 10 10 9 9 9 10 10 11 12 12 13 12 16 31 47 76 112 157 223 252 
1 1 1 1 1 1 1 1 1 1 1 1 1 1 1 1 1 1 1 2 2 2 2 2 2 2 2 2 2 3 3 5 8 13 41 131 220 248 249 250 251 251 251 248 234 139 45 23 25 21 13 9 9 10 10 9 10 12 12 12 12 13 13 13 13 14 14 14 14 13 12 10 9 6 6 4 10 12 8 8 9 12 23 25 26 18 9 7 8 8 7 8 9 10 10 11 11 12 12 25 46 74 107 165 226 249 
1 1 1 1 1 1 1 1 1 1 1 1 1 1 1 1 1 1 1 2 2 2 2 2 2 2 2 2 2 2 3 5 8 13 39 123 214 245 249 249 250 250 250 248 234 137 45 21 24 19 13 9 9 10 10 9 10 12 12 12 12 13 13 13 13 14 14 14 14 12 12 9 8 6 6 5 11 13 10 11 10 8 8 18 31 28 8 5 6 6 5 7 7 9 9 10 11 11 10 20 48 79 115 169 228 245 
1 1 1 1 1 1 1 1 1 1 1 1 1 1 1 1 1 1 1 2 2 2 2 2 2 2 2 2 2 3 3 5 9 11 22 95 194 246 250 248 249 250 250 248 235 139 46 19 22 18 12 9 9 9 9 10 10 12 12 13 13 13 13 14 14 14 14 13 13 12 12 8 8 6 6 5 11 12 8 10 9 3 3 13 27 31 11 5 5 5 4 5 6 9 9 8 9 11 11 23 51 86 125 181 237 250 
1 1 1 1 1 1 1 1 1 1 1 1 1 1 1 1 1 1 1 2 2 2 2 2 2 2 2 2 2 3 3 5 8 12 23 90 191 245 250 248 249 251 250 248 235 139 45 18 22 17 12 8 9 8 9 10 10 12 12 13 13 14 14 14 14 14 14 13 13 12 12 8 8 6 6 5 11 12 8 9 9 4 4 7 23 36 16 5 5 5 4 5 6 9 9 8 9 11 12 32 64 94 128 189 248 252 
1 1 1 1 1 1 1 1 1 1 1 1 1 1 1 1 1 1 1 2 2 2 2 2 2 2 2 2 2 2 3 4 7 13 22 88 191 247 250 251 250 251 251 249 234 139 45 18 21 16 12 8 9 8 9 10 10 12 12 13 13 14 14 13 13 13 13 12 12 12 11 8 8 5 6 5 10 11 9 9 11 7 5 4 15 32 19 6 6 5 5 5 6 7 8 9 11 10 15 41 69 97 131 198 253 252 
1 1 1 1 1 1 1 1 1 1 1 1 1 1 1 1 1 1 1 2 2 2 2 2 2 2 2 2 2 2 2 3 8 8 10 88 191 252 253 251 251 251 251 248 233 139 45 18 21 15 11 8 8 8 9 10 10 12 12 13 13 14 14 13 13 13 13 12 12 12 12 9 9 8 6 7 10 11 9 9 11 7 7 4 12 33 29 13 8 5 5 5 6 7 7 10 12 11 15 40 59 93 142 208 249 251 
1 1 1 1 1 1 1 1 1 1 1 1 1 1 1 1 1 1 1 2 2 2 2 2 2 2 2 2 2 2 2 3 5 6 8 74 177 243 250 251 250 251 251 250 234 139 46 18 20 14 10 7 8 8 9 10 10 13 13 14 14 15 14 13 13 13 13 12 12 11 11 9 9 7 6 8 10 9 8 8 8 8 8 3 16 40 37 19 8 5 4 4 5 8 9 10 12 15 16 40 63 92 151 221 245 251 
1 1 1 1 1 1 1 1 1 1 1 1 1 1 1 1 1 1 1 2 2 2 2 2 2 2 2 1 1 2 2 3 4 16 23 68 177 226 230 245 247 251 250 251 235 141 46 18 20 14 10 7 8 8 9 10 10 12 13 13 14 15 14 13 13 13 13 12 12 11 11 9 9 7 8 8 8 8 7 7 7 6 6 1 17 44 42 23 9 5 4 4 4 5 7 10 12 17 24 38 60 109 172 231 252 250 
1 1 1 1 1 1 1 1 1 1 1 1 1 1 1 1 1 1 1 1 1 1 1 1 1 1 1 1 1 2 2 2 3 9 11 9 125 226 238 249 249 250 250 252 237 141 47 17 19 14 10 7 8 8 9 10 10 12 12 13 13 14 13 13 14 13 13 12 12 11 11 8 9 7 8 9 8 7 7 4 4 4 5 1 15 43 47 29 10 7 4 5 5 7 9 11 13 18 29 39 65 138 211 244 253 250 
1 1 1 1 1 1 1 1 1 1 1 1 1 1 1 1 1 1 1 1 1 1 1 1 1 1 1 1 1 2 3 2 4 9 8 10 121 220 245 249 249 250 251 253 237 141 47 16 19 14 10 7 8 8 9 10 10 12 12 13 13 14 13 13 14 13 13 12 13 12 11 8 8 7 8 8 8 7 5 4 4 3 5 1 11 41 52 36 11 8 7 7 8 9 12 13 13 19 30 49 97 179 236 253 253 251 
1 1 1 1 1 1 1 1 1 1 1 1 1 1 1 1 1 1 1 1 1 1 1 1 1 1 1 1 1 2 3 3 4 9 12 24 125 223 253 248 249 250 250 252 236 142 50 16 19 14 10 7 8 8 9 10 10 12 13 13 14 15 15 14 14 13 13 12 12 12 11 8 8 7 9 7 7 8 7 7 5 3 8 3 8 38 54 44 20 9 9 8 9 11 14 14 11 18 28 61 138 216 245 253 253 252 
1 1 1 1 1 1 1 1 1 1 1 1 1 1 1 1 1 1 1 1 1 1 1 1 1 1 1 1 1 2 3 3 4 9 10 30 130 226 253 248 249 249 249 252 236 144 52 16 19 14 10 7 8 8 9 10 10 12 13 14 14 15 15 14 14 14 14 12 12 12 11 8 8 9 12 9 9 9 8 7 7 5 11 8 5 29 51 51 32 14 9 9 10 11 15 16 18 28 31 73 170 247 250 253 253 252 
1 1 1 1 1 1 1 1 1 1 1 1 1 1 1 1 1 1 1 1 1 1 1 1 1 1 1 1 1 2 3 3 3 9 9 37 131 227 254 248 249 249 249 252 235 144 54 16 19 14 10 7 8 8 9 10 10 13 13 15 15 16 15 15 15 14 14 12 12 12 11 9 9 12 17 20 26 23 14 9 8 9 13 13 9 19 46 58 47 24 11 5 12 12 16 18 22 29 43 103 191 253 252 253 252 252 
1 1 1 1 1 1 1 1 1 1 1 1 1 1 1 1 1 1 1 1 1 1 1 1 1 1 1 1 1 2 3 3 3 10 9 34 131 222 253 248 249 249 249 251 237 144 56 16 18 13 10 7 9 8 10 10 10 13 13 15 15 16 15 15 15 14 14 12 13 12 11 9 9 15 16 31 64 56 24 12 9 11 15 18 13 15 43 63 54 30 6 6 12 15 17 20 29 32 57 141 220 253 252 252 251 252 
1 1 1 1 1 1 1 1 1 1 1 1 1 1 1 1 1 1 1 1 1 1 1 1 1 1 1 1 1 1 2 2 3 8 8 34 121 216 253 248 248 248 249 251 238 145 54 16 18 13 12 8 9 10 11 13 13 14 15 15 15 15 15 15 15 14 14 12 12 12 11 10 10 18 16 45 128 113 37 16 16 15 15 18 16 15 32 56 57 37 8 9 12 17 19 24 33 35 82 192 246 253 252 252 251 252 
1 1 1 1 1 1 1 1 1 1 1 1 1 1 1 1 1 1 1 1 1 1 1 1 1 1 1 1 1 1 2 2 3 5 6 34 110 212 253 248 248 248 248 250 240 146 54 18 19 14 12 9 10 11 14 14 14 15 15 15 15 15 15 15 15 15 15 12 13 12 11 10 10 19 17 58 182 187 82 22 19 17 13 16 17 17 23 45 58 44 9 22 12 18 20 26 37 30 71 195 251 252 252 252 251 252 
1 1 1 1 1 1 1 1 1 1 1 1 1 1 1 1 1 1 1 1 1 1 1 1 1 1 1 1 1 1 1 1 2 4 5 31 107 208 253 247 248 248 248 251 238 149 52 22 22 14 13 10 12 14 14 15 15 15 16 15 15 15 15 14 14 14 14 13 13 12 12 11 11 15 17 49 158 236 180 71 28 19 17 17 17 17 19 29 45 49 31 14 11 19 22 28 37 40 132 252 253 250 251 251 250 251 
1 1 1 1 1 1 1 1 1 1 1 1 1 1 1 1 1 1 1 1 1 1 1 1 1 1 1 1 1 1 1 1 2 9 7 24 103 210 253 245 247 249 249 251 238 151 52 19 22 14 12 10 11 12 14 15 15 15 15 15 15 15 15 14 14 14 14 13 13 14 14 11 11 16 17 42 138 241 224 130 56 17 21 19 15 17 20 23 33 46 47 18 14 19 21 31 38 59 156 250 251 250 250 250 250 250 
1 1 1 1 1 1 1 1 1 1 1 1 1 1 1 1 1 1 1 1 1 1 1 1 1 1 1 1 1 1 1 1 3 15 8 15 97 210 250 245 248 252 251 249 237 153 51 21 24 14 12 10 12 12 14 16 16 16 16 16 15 15 15 14 14 14 14 13 13 14 14 11 11 18 17 44 148 236 243 201 116 36 23 19 14 16 21 21 25 43 52 26 16 21 17 24 40 81 185 248 250 249 249 250 250 248 
1 1 1 1 1 1 1 1 1 1 1 1 1 1 1 1 1 1 1 1 1 1 1 1 1 1 1 1 1 1 1 1 2 11 7 15 91 200 249 248 249 251 251 249 237 153 51 21 23 14 12 10 10 11 12 16 16 16 16 15 15 15 15 14 14 14 14 13 13 14 14 11 11 18 17 44 152 234 250 249 186 86 35 24 17 15 21 23 23 37 52 32 15 14 22 32 53 113 216 248 249 249 249 250 250 249 
1 1 1 1 1 1 1 1 1 1 1 1 1 1 1 1 1 1 1 1 1 1 1 1 1 1 1 1 1 1 1 1 3 9 8 16 81 187 247 250 248 248 248 249 237 153 51 21 23 14 12 10 10 11 12 16 16 16 16 15 15 15 15 14 14 14 14 13 13 14 14 11 11 18 16 40 148 231 245 247 221 156 81 33 18 28 28 19 21 38 54 45 29 17 31 70 141 202 243 249 249 249 249 250 250 249 
1 1 1 1 1 1 1 1 1 1 1 1 1 1 1 1 1 1 1 1 1 1 1 1 1 1 1 1 1 1 1 1 3 7 7 15 75 184 244 249 247 247 248 249 237 153 51 21 23 14 12 10 10 11 12 16 16 16 16 15 15 15 15 14 14 14 14 13 13 14 14 11 11 18 17 38 145 235 247 246 248 214 143 66 25 29 25 21 19 30 44 36 36 53 107 160 214 245 249 250 249 249 249 250 250 249 
1 1 1 1 1 1 1 1 1 1 1 1 1 1 1 1 1 1 1 1 1 1 1 1 1 1 1 1 1 1 1 2 4 7 7 12 68 178 241 247 244 249 250 249 237 155 52 19 22 14 12 10 10 11 12 16 16 16 16 15 15 15 15 14 14 12 12 13 13 14 14 11 11 16 17 45 152 241 249 248 254 241 195 122 47 19 29 29 21 23 42 58 101 156 207 236 240 247 249 250 250 251 250 249 249 249 
1 1 1 1 1 1 1 1 1 1 1 1 1 1 1 1 1 1 1 1 1 1 1 1 1 1 1 1 1 1 1 3 4 8 8 11 61 177 240 243 243 250 252 249 237 156 53 19 22 14 12 10 10 11 12 16 16 16 16 15 15 15 15 14 14 12 12 12 13 14 14 12 11 17 18 54 159 241 251 249 247 249 238 182 100 49 52 58 62 66 102 148 186 220 240 244 245 247 248 249 250 251 251 249 249 249 
1 1 1 1 1 1 1 1 1 1 1 1 1 1 1 1 1 1 1 1 1 1 1 1 1 1 1 1 1 1 1 2 4 8 9 13 55 159 236 243 243 251 252 248 237 156 53 17 22 13 13 10 10 11 12 16 16 16 16 15 15 14 15 14 13 12 12 12 12 13 13 11 11 17 21 38 121 223 251 249 253 251 240 241 198 157 150 157 164 173 191 231 242 248 249 247 248 248 249 250 250 250 249 249 249 247 
1 1 1 1 1 1 1 1 1 1 1 1 1 1 1 1 1 1 1 1 1 1 1 1 1 1 1 1 1 1 1 2 4 6 6 12 51 145 234 245 249 252 252 248 237 157 54 17 21 13 13 10 10 11 12 16 16 16 16 15 15 14 15 14 13 12 12 11 12 14 13 11 11 17 21 42 121 223 250 250 252 252 243 248 240 234 235 235 236 242 247 250 249 248 248 247 248 248 249 250 250 250 249 249 249 247 
1 1 1 1 1 1 1 1 1 1 1 1 1 1 1 1 1 1 1 1 1 1 1 1 1 1 1 2 2 2 2 3 4 4 4 11 42 136 235 251 252 252 252 248 237 158 56 16 21 13 13 10 10 11 12 16 16 17 17 16 17 16 16 16 16 13 13 12 13 14 14 11 11 18 22 46 129 226 249 251 252 251 251 248 249 249 250 249 249 249 248 247 248 248 248 248 249 249 249 249 249 250 249 249 249 247 
1 1 1 1 1 1 1 1 1 1 1 1 1 1 1 1 1 1 1 1 1 1 1 1 1 1 1 2 2 2 2 3 4 4 5 10 39 136 233 249 252 251 252 248 237 158 56 16 21 13 13 10 10 11 12 16 16 17 18 17 17 16 16 16 16 13 13 13 13 14 14 11 11 18 20 50 142 231 248 251 252 251 250 250 250 250 249 249 250 248 247 248 248 247 248 248 248 248 249 249 249 250 249 249 249 247 
1 1 1 1 1 1 1 1 1 1 1 1 1 1 1 1 1 1 1 1 1 1 1 1 1 1 1 2 2 2 2 3 3 4 6 8 36 131 229 249 252 247 250 248 237 158 56 16 21 13 13 10 10 11 12 16 16 16 17 15 15 15 16 15 15 14 13 14 14 15 14 10 10 18 20 52 151 240 247 251 250 250 250 251 250 251 250 250 250 249 249 247 248 248 248 248 249 249 249 249 249 250 250 251 251 248 
1 1 1 1 1 1 1 1 1 1 1 1 1 1 1 1 1 1 1 1 1 1 1 1 1 1 1 2 2 2 2 2 3 4 6 5 32 128 227 248 252 245 249 248 237 158 56 16 21 13 13 10 10 11 12 16 16 16 17 15 15 15 16 15 15 14 13 14 14 15 14 10 11 22 20 59 170 245 246 251 250 250 250 250 250 249 249 249 249 249 249 248 248 248 248 248 249 249 249 249 249 250 250 251 251 249 
1 1 1 1 1 1 1 1 1 1 1 1 1 1 1 1 1 1 1 1 1 1 1 1 1 1 1 2 2 2 2 2 2 4 6 4 31 125 224 247 252 244 249 249 237 158 56 16 22 13 13 10 10 12 13 15 16 16 16 16 16 16 17 16 15 14 13 14 13 13 14 11 12 22 24 70 187 247 245 250 250 250 250 249 249 249 249 249 249 249 249 249 249 248 248 248 249 249 249 249 249 251 251 251 251 249 
1 1 1 1 1 1 1 1 1 1 1 1 1 1 1 1 1 1 1 1 1 1 1 1 1 1 1 2 2 2 2 2 2 4 5 3 30 124 223 247 252 244 249 249 240 164 61 21 22 13 13 10 10 12 13 15 16 16 16 16 16 16 17 16 16 14 13 14 13 13 13 11 14 21 31 97 203 250 245 249 249 249 250 249 249 250 249 249 249 249 249 249 249 248 248 248 249 249 249 250 249 251 251 251 251 248 
1 1 1 1 1 1 1 1 1 1 1 1 1 1 1 1 1 1 1 1 1 1 1 1 1 1 1 1 1 1 2 2 2 3 5 2 26 122 222 248 250 248 247 245 243 178 78 31 23 12 12 12 12 13 13 14 15 16 15 16 16 16 16 16 16 14 13 12 12 12 12 12 12 22 25 89 199 247 245 248 249 249 250 250 250 249 249 249 249 249 249 248 248 248 249 249 249 249 249 249 250 250 250 250 250 249 
1 1 1 1 1 1 1 1 1 1 1 1 1 1 1 1 1 1 1 1 1 1 1 1 1 1 1 1 1 1 2 2 2 3 5 2 25 121 221 248 251 249 248 245 243 182 82 33 23 12 12 12 12 13 13 14 15 16 15 16 16 16 15 15 16 13 13 12 12 12 12 12 15 22 25 97 207 245 245 248 249 249 250 250 250 249 249 249 249 249 249 248 248 248 249 249 249 249 249 249 250 250 250 250 250 249 
1 1 1 1 1 1 1 1 1 1 1 1 1 1 1 1 1 1 1 1 1 1 1 1 1 1 1 1 1 1 1 1 1 2 4 2 24 120 220 248 250 250 249 246 243 180 79 33 25 12 12 12 12 13 14 14 15 16 16 16 16 17 16 15 15 13 13 12 12 11 12 14 17 23 28 116 220 248 247 249 249 250 250 250 250 250 249 249 249 248 248 249 249 249 249 249 249 249 249 249 250 250 250 250 250 250 
1 1 1 1 1 1 1 1 1 1 1 1 1 1 1 1 1 1 1 1 1 1 1 1 1 1 1 1 1 1 1 1 1 2 4 2 24 120 220 248 252 245 249 250 243 189 90 33 22 12 12 12 13 13 13 15 15 16 16 16 16 17 17 15 15 13 14 14 12 12 12 14 17 24 35 144 231 246 244 249 249 250 250 250 250 250 249 249 249 248 248 249 249 249 249 249 249 249 249 249 250 250 250 250 250 250 
1 1 1 1 1 1 1 1 1 1 1 1 1 1 1 1 1 1 1 1 1 1 1 1 1 1 1 1 1 1 1 1 1 2 4 2 24 120 220 248 249 250 249 245 243 219 120 42 19 16 12 12 12 13 13 14 15 16 16 16 16 17 17 16 16 14 14 14 14 14 14 14 18 28 47 170 237 246 246 249 250 250 250 250 250 250 249 249 249 248 248 249 249 249 249 249 249 249 249 249 250 250 250 250 250 250 
1 1 1 1 1 1 1 1 1 1 1 1 1 1 1 1 1 1 1 1 1 1 1 1 1 1 1 1 1 1 1 1 1 2 4 2 24 120 220 248 250 250 249 247 247 237 142 68 28 21 12 12 12 13 13 14 15 16 16 16 16 17 17 16 16 14 14 15 15 15 15 14 19 37 78 205 241 246 248 249 250 250 250 250 250 250 249 249 249 248 248 249 249 249 249 249 249 249 249 249 250 250 250 250 250 250 
1 1 1 1 1 1 1 1 1 1 1 1 1 1 1 1 1 1 1 1 1 1 1 1 1 1 1 1 1 1 1 1 1 2 4 2 24 120 220 248 249 250 250 249 249 238 200 110 42 23 15 15 14 14 14 16 16 17 17 17 17 17 17 16 16 15 15 15 15 16 15 15 22 44 96 231 243 249 249 249 250 250 250 250 250 250 249 248 248 248 248 249 249 249 249 249 249 249 249 249 250 250 250 250 250 250 
1 1 1 1 1 1 1 1 1 1 1 1 1 1 1 1 1 1 1 1 1 1 1 1 1 1 1 1 1 1 1 1 1 2 4 2 24 120 220 248 249 250 249 250 250 248 243 173 93 35 18 18 17 15 14 16 16 17 17 17 17 17 17 16 16 16 16 14 15 17 16 18 15 66 159 238 244 250 250 249 250 250 250 250 250 250 249 248 248 248 248 249 249 249 249 249 249 249 249 249 250 250 250 250 250 250 
1 1 1 1 1 1 1 1 1 1 1 1 1 1 1 1 1 1 1 1 1 1 1 1 1 1 1 1 1 1 1 1 1 2 4 2 24 120 220 248 249 249 249 249 250 249 250 236 153 74 29 17 15 14 14 16 16 17 17 17 17 18 18 16 16 15 16 15 15 18 17 11 24 103 208 245 248 250 250 250 250 250 250 250 250 250 249 248 248 248 248 249 249 249 249 249 249 249 249 249 250 250 250 250 250 250 
1 1 1 1 1 1 1 1 1 1 1 1 1 1 1 1 1 1 1 1 1 1 1 1 1 1 1 1 1 1 1 1 1 2 4 2 24 120 220 248 249 249 249 249 250 249 250 252 230 145 58 12 12 13 14 15 16 17 17 17 17 18 18 16 17 17 15 18 18 19 19 28 73 163 238 247 248 250 250 250 250 250 250 250 250 250 249 248 248 248 248 249 249 249 249 249 249 249 249 249 250 250 250 250 250 250 
1 1 1 1 1 1 1 1 1 1 1 1 1 1 1 1 1 1 1 1 1 1 1 1 1 1 1 1 1 1 1 1 1 2 4 2 24 120 220 248 249 249 249 250 251 251 251 252 245 186 100 38 16 13 14 14 15 17 18 19 19 21 18 17 17 19 18 23 24 25 39 77 141 219 249 248 249 250 250 250 250 250 250 250 249 249 248 248 248 248 248 249 249 249 249 249 249 249 249 249 249 249 249 249 249 249 
1 1 1 1 1 1 1 1 1 1 1 1 1 1 1 1 1 1 1 1 1 1 1 1 1 1 1 1 1 1 1 1 1 2 4 2 24 120 220 248 249 249 249 250 251 251 251 249 251 228 155 95 40 13 13 15 15 16 26 28 16 17 17 17 19 22 36 24 56 94 136 177 215 241 248 248 249 250 250 250 250 250 250 249 249 249 248 248 248 248 248 249 249 249 249 249 249 249 249 249 249 249 249 249 249 249 
1 1 1 1 1 1 1 1 1 1 1 1 1 1 1 1 1 1 1 1 1 1 1 1 1 1 1 1 1 1 1 1 1 2 4 2 24 120 220 248 249 249 249 250 251 251 252 247 249 249 207 158 85 39 18 11 9 10 11 10 10 18 28 23 30 32 65 75 148 188 221 235 247 249 249 248 249 249 250 250 250 250 250 249 249 249 248 248 248 248 248 249 249 249 249 249 249 249 249 249 249 249 249 249 249 249 
1 1 1 1 1 1 1 1 1 1 1 1 1 1 1 1 1 1 1 1 1 1 1 1 1 1 1 1 1 1 1 1 1 3 5 2 24 120 220 248 249 249 249 250 251 251 251 247 249 245 245 226 166 121 73 53 50 38 37 50 51 64 79 74 118 129 156 195 231 243 250 248 248 248 248 248 249 249 250 250 250 250 250 249 249 249 248 248 248 248 248 249 249 249 249 249 249 249 249 249 249 249 249 249 249 249 
1 1 1 1 1 1 1 1 1 1 1 1 1 1 1 1 1 1 1 1 1 1 1 1 1 1 1 1 1 1 1 1 1 4 6 3 24 120 220 249 250 250 250 249 250 250 250 247 248 247 247 250 236 215 174 156 152 135 129 142 150 160 198 202 222 222 234 238 242 247 252 247 247 248 248 248 249 249 250 250 250 250 250 249 249 249 248 248 248 248 248 249 249 249 249 249 248 248 248 248 249 249 249 249 249 249 
1 1 1 1 1 1 1 1 1 1 1 1 1 1 1 1 1 1 1 1 1 1 1 1 1 1 1 1 1 1 1 1 1 4 6 3 32 120 224 249 249 250 249 249 249 249 250 248 248 248 248 248 245 246 242 228 226 215 216 224 237 233 237 246 237 237 247 243 243 248 252 247 245 247 248 248 249 249 249 250 250 249 250 248 249 249 248 248 248 248 248 249 249 249 249 249 249 249 249 249 249 249 249 249 249 249 
1 1 1 1 1 1 1 1 1 1 1 2 2 2 2 2 2 2 2 1 1 1 1 1 1 1 1 1 1 1 1 1 2 5 8 5 50 162 233 249 249 249 249 248 249 249 250 249 249 248 249 248 248 248 248 248 248 247 247 246 246 245 245 245 245 247 248 245 247 247 242 242 243 245 247 248 248 248 248 249 249 249 248 248 248 248 248 249 249 249 249 249 249 249 249 249 250 250 250 250 248 248 248 248 248 248 
1 1 1 1 1 1 1 1 1 1 1 2 2 2 2 2 2 2 2 1 1 1 1 1 1 1 1 1 1 1 1 1 2 5 8 8 57 155 236 249 249 249 249 248 248 248 249 249 249 249 248 249 248 248 248 248 248 247 247 246 246 247 247 247 247 247 248 247 247 241 235 236 237 245 248 248 248 249 249 249 248 248 248 247 247 248 248 249 249 248 249 249 250 250 250 249 249 249 250 250 249 248 248 248 248 248 
1 1 1 1 1 1 1 1 1 1 1 2 2 2 2 2 2 2 2 1 1 1 1 1 1 1 1 1 1 0 0 1 1 4 8 9 71 173 236 249 249 248 248 248 248 248 248 249 249 249 248 249 249 249 249 248 248 248 248 248 248 248 248 248 248 248 248 248 247 244 242 242 243 245 248 249 249 249 249 249 248 247 247 245 247 247 248 247 247 245 247 248 250 250 250 249 249 249 250 250 249 248 248 248 248 249 
1 1 1 1 1 1 1 1 1 1 1 2 2 2 2 2 2 2 2 1 1 1 1 1 1 1 1 1 1 0 0 0 1 3 6 12 84 186 238 249 248 248 248 248 248 248 248 249 249 249 249 248 248 248 248 248 248 248 248 249 249 249 249 249 249 249 249 248 248 248 248 248 248 248 249 248 249 249 249 249 249 248 245 247 245 245 247 247 245 244 247 247 249 250 249 249 249 249 250 250 249 248 248 248 248 249 
1 1 1 1 1 1 1 1 1 1 1 2 2 2 2 2 2 2 2 1 1 1 1 1 1 1 1 1 1 0 0 0 1 3 8 16 94 193 243 247 248 248 248 248 248 248 248 249 249 249 249 248 248 248 248 249 249 249 249 249 249 249 249 249 249 248 248 247 248 248 248 248 248 248 248 249 249 249 251 249 247 247 248 248 245 245 247 247 245 244 247 247 249 249 249 249 249 249 250 250 249 248 248 248 248 249 
1 1 1 1 1 1 1 1 1 1 1 2 2 2 2 2 2 2 2 1 1 1 1 1 1 1 1 1 1 0 0 0 1 4 10 19 104 199 244 247 248 248 249 249 249 249 249 250 249 249 249 249 249 249 249 249 249 249 250 249 249 249 249 249 249 248 248 248 247 247 247 247 247 248 249 250 252 249 248 240 234 236 244 247 245 247 248 248 247 247 247 248 248 249 249 249 249 249 249 249 249 248 248 248 248 249 
1 1 1 1 1 1 1 1 1 1 1 2 2 2 2 2 2 2 2 1 1 1 1 1 1 1 1 1 1 1 1 1 3 6 15 26 114 206 248 249 249 249 249 249 249 250 250 250 249 249 248 249 249 249 249 250 250 250 250 249 249 248 248 248 248 248 248 248 247 247 247 247 247 248 248 249 247 235 227 214 213 226 237 244 245 247 248 248 248 247 248 248 249 249 250 250 249 249 249 249 248 249 249 249 248 250 
1 1 1 1 1 1 1 1 1 1 1 2 2 2 2 2 2 2 2 1 1 1 1 1 1 1 1 1 1 1 1 1 3 6 16 32 123 213 250 249 249 248 249 249 249 250 250 249 249 248 247 248 248 249 249 249 250 250 250 249 249 248 248 248 248 248 248 247 248 248 248 248 248 248 247 245 238 228 216 214 221 236 243 247 247 247 248 249 249 249 249 249 249 250 250 250 249 248 248 248 248 249 249 249 249 249 
1 1 1 1 1 1 1 1 1 1 1 1 1 1 1 1 1 1 1 1 1 1 1 1 1 1 1 1 1 2 2 2 4 8 17 26 129 221 251 251 250 248 247 247 248 249 248 248 245 244 244 247 247 248 249 249 249 249 249 248 248 248 248 248 248 248 248 248 248 248 248 248 248 247 247 243 240 238 233 235 243 249 250 249 247 248 249 249 249 249 249 249 249 248 250 250 245 240 240 245 249 249 249 249 249 249 
1 1 1 1 1 1 1 1 1 1 1 1 1 1 1 1 1 1 1 1 1 1 1 1 1 1 1 1 1 2 2 3 5 10 18 37 151 234 252 252 251 250 249 249 248 248 247 244 243 242 243 247 248 248 249 249 249 249 249 248 248 248 248 248 248 248 248 248 248 248 248 248 248 248 248 247 245 247 247 248 248 248 248 248 247 248 249 249 249 249 249 249 249 249 249 249 242 230 231 243 249 249 249 249 249 249 
1 1 1 1 1 1 1 1 1 1 1 1 1 1 1 1 1 1 1 1 1 1 1 1 1 1 1 1 1 2 2 2 4 10 19 38 157 233 251 252 252 251 251 250 249 248 245 242 241 241 244 248 248 249 249 249 249 249 249 248 248 248 248 248 248 248 248 248 248 248 248 248 248 248 248 249 249 249 249 249 249 248 248 247 247 248 249 249 249 249 249 249 249 250 250 249 241 230 233 243 249 249 249 249 249 248 
1 1 1 1 1 1 1 1 1 1 1 1 1 1 1 1 1 1 1 1 1 1 1 1 1 1 1 1 1 1 2 3 5 9 20 38 156 227 243 247 248 248 249 249 249 249 247 243 241 244 247 248 249 249 249 249 249 249 249 248 248 248 248 248 248 248 248 248 248 248 248 248 248 248 248 248 247 248 248 248 248 248 247 247 248 248 249 249 249 249 249 249 250 250 250 249 244 243 244 247 249 249 250 250 248 248 
1 1 1 1 1 1 1 1 1 1 1 1 1 1 1 1 1 1 1 1 1 1 1 1 1 1 1 1 1 2 2 3 5 9 22 51 166 224 235 236 238 242 244 245 248 250 249 245 245 248 250 250 249 249 249 249 249 249 249 248 248 248 248 248 248 248 248 248 248 248 248 248 248 248 248 248 247 248 248 248 248 248 247 248 248 248 249 249 249 249 249 249 249 250 250 249 248 249 250 249 249 249 250 250 248 248 
1 1 1 1 1 1 1 1 1 1 1 1 1 1 1 1 1 1 1 1 1 1 1 1 1 1 1 1 1 2 3 3 5 9 22 65 180 228 230 231 234 238 241 244 247 250 250 248 248 249 252 250 250 249 249 249 249 249 249 248 248 248 248 248 248 248 248 248 248 248 248 248 248 248 249 248 248 249 249 249 249 249 249 248 249 249 249 249 249 249 249 249 249 249 249 249 248 249 250 249 249 249 250 250 248 248 
1 1 1 1 1 1 1 1 1 1 1 1 1 1 1 1 1 1 1 1 1 1 1 1 1 1 1 1 1 2 3 4 8 11 22 93 207 241 236 236 237 241 243 245 247 249 250 249 249 250 251 251 250 250 249 250 249 249 249 248 248 249 249 248 248 248 248 248 248 248 248 248 248 248 249 248 248 249 249 249 249 249 248 248 248 248 248 248 248 248 249 249 249 249 249 249 249 249 250 249 249 249 249 249 248 248 
1 1 1 1 1 1 1 1 1 1 1 1 1 1 1 1 1 1 1 1 1 1 1 1 1 1 1 1 1 2 4 5 9 12 25 111 226 252 247 244 245 247 248 248 248 249 250 249 249 250 250 251 250 250 249 250 249 249 249 249 248 250 250 248 248 248 248 248 248 248 248 248 248 248 248 249 249 249 249 249 249 249 248 248 248 248 248 248 248 248 249 249 249 249 250 250 250 250 250 250 249 249 249 249 248 249 
1 1 1 1 1 1 1 1 1 1 1 2 2 1 1 1 1 1 1 1 1 1 1 1 1 2 2 2 2 3 4 6 11 17 54 164 226 245 251 248 248 248 248 249 249 249 249 249 249 249 249 249 249 249 249 249 249 248 247 247 247 249 249 249 249 248 248 248 248 248 248 248 248 248 249 249 249 249 249 248 248 248 248 248 248 248 248 248 248 248 248 249 249 250 250 250 250 250 250 250 250 249 249 249 247 249 
1 1 1 1 1 1 1 1 1 1 1 2 2 1 1 1 1 1 1 1 1 1 1 1 1 2 2 2 2 3 4 5 11 20 64 170 224 244 251 248 248 248 248 249 249 249 249 249 249 249 249 249 249 249 249 247 241 238 241 242 243 247 248 248 248 247 248 248 248 248 248 248 248 248 248 249 249 249 249 249 248 248 248 248 248 248 248 248 248 248 249 249 249 250 250 250 250 250 250 250 250 249 249 249 248 249 
1 1 1 1 1 1 1 1 1 1 1 1 1 1 1 1 1 1 1 1 1 1 1 1 1 2 2 2 3 3 4 5 12 21 60 163 224 245 249 249 249 249 249 249 249 249 249 249 249 249 249 249 249 249 248 244 235 228 235 237 240 244 247 247 247 247 248 248 248 248 248 248 248 248 248 249 249 249 249 249 248 248 248 248 248 248 248 248 248 248 249 249 249 250 250 250 250 250 251 251 250 249 250 250 248 249 
1 1 1 1 1 1 1 1 1 1 1 1 1 1 1 1 1 1 1 1 1 1 1 1 1 2 2 2 3 3 5 6 11 19 71 173 227 247 249 249 248 248 249 248 249 249 249 249 249 249 249 249 249 249 248 247 243 242 244 242 243 245 247 247 247 247 248 248 248 248 248 248 248 248 248 249 249 249 249 249 248 248 248 248 248 248 248 248 248 248 249 249 249 250 250 250 250 250 250 251 249 249 249 250 248 249 
1 1 1 1 1 1 1 1 1 1 1 1 1 1 1 1 1 1 1 1 1 1 1 1 1 2 2 2 3 3 5 8 11 25 115 220 242 247 249 248 248 248 248 249 249 249 249 249 249 249 249 249 249 249 248 247 248 248 247 247 247 245 247 248 248 248 248 248 248 248 248 248 248 248 248 249 249 249 249 249 249 249 249 248 248 248 248 248 248 248 249 249 249 250 250 250 250 250 250 250 249 248 248 249 247 247 
1 1 1 1 1 1 1 1 1 1 1 1 1 1 1 1 1 1 1 1 1 1 1 1 1 2 2 2 2 3 6 8 15 32 123 226 245 248 247 247 247 248 248 249 249 249 249 249 249 249 249 249 249 249 248 247 247 247 248 247 248 248 248 248 248 248 248 248 248 248 248 248 248 248 248 249 249 249 249 249 249 249 249 249 249 249 249 249 249 249 249 249 249 250 250 250 250 250 250 250 249 248 249 249 247 247 
1 1 1 1 1 1 1 1 1 1 2 2 1 1 1 1 1 1 1 1 1 1 1 1 1 2 2 2 2 3 6 8 15 46 148 241 249 248 247 247 247 248 248 249 248 248 248 248 248 248 249 249 248 248 248 248 248 248 248 248 248 248 248 248 248 248 248 248 248 249 249 249 249 249 249 249 249 249 249 249 249 249 249 249 249 249 249 249 249 249 249 249 249 250 251 251 251 251 251 250 249 249 250 250 248 247 
1 1 1 1 1 1 1 1 1 1 2 2 1 1 1 1 1 1 1 1 1 1 1 1 1 2 2 2 2 3 6 9 15 47 155 238 248 248 248 247 247 248 249 248 249 249 249 248 248 248 249 249 248 248 248 248 248 248 248 248 248 248 248 248 248 248 248 249 249 249 249 249 249 249 250 249 249 249 249 249 249 249 249 249 249 249 248 248 248 248 249 249 250 251 251 251 251 251 251 250 250 250 251 251 249 249 
1 1 1 1 1 1 1 1 1 1 2 2 1 1 1 2 2 1 1 1 1 1 1 1 1 3 3 3 4 4 6 8 16 80 188 237 244 247 247 248 248 248 249 249 249 249 249 249 249 249 248 248 248 248 247 247 247 247 248 248 248 248 248 248 248 249 249 249 249 250 250 250 250 250 250 249 249 249 249 249 249 249 249 249 248 248 248 248 248 248 249 249 249 250 250 250 250 250 250 250 250 251 251 251 249 248 
1 1 1 1 1 1 1 1 1 1 2 2 1 1 1 2 2 1 1 1 1 1 1 1 2 3 3 4 5 5 6 9 23 87 194 240 244 247 247 247 248 248 249 248 248 248 249 248 248 248 248 248 247 247 247 247 247 247 248 248 248 248 248 248 248 248 248 249 249 250 250 250 250 250 250 250 249 249 249 249 249 249 249 249 249 249 249 249 248 248 249 249 249 250 250 250 250 250 250 249 249 250 250 249 248 248 
1 1 1 1 1 1 1 1 1 1 1 3 1 1 2 2 2 1 1 1 1 1 1 1 1 3 3 3 4 4 5 9 29 100 205 243 245 247 245 247 248 248 248 248 247 247 245 242 242 243 244 245 247 247 247 247 247 247 247 248 248 248 248 248 248 249 249 250 250 251 251 251 251 251 251 250 250 249 249 249 249 249 249 249 249 249 249 249 249 249 249 249 249 250 250 250 250 250 250 249 249 249 249 248 247 247 
1 1 1 1 1 1 1 1 1 1 1 3 1 1 2 2 2 1 1 1 1 1 1 1 1 3 3 3 4 4 4 9 38 121 219 248 248 247 245 247 248 247 245 244 244 245 241 237 238 241 242 245 245 247 247 245 245 245 247 248 248 248 248 248 247 245 242 242 247 250 250 251 251 251 251 250 250 249 249 249 249 249 249 249 249 249 249 249 249 249 249 248 249 250 250 250 250 249 249 248 249 250 250 248 247 248 
1 1 1 1 1 1 1 1 1 1 1 3 1 1 2 2 2 1 1 1 1 1 1 1 1 3 3 3 4 4 1 9 46 146 228 248 248 248 247 248 248 248 243 234 240 244 248 249 249 250 250 250 251 251 251 252 252 251 249 249 250 252 252 251 249 249 240 243 248 245 248 250 250 251 251 250 250 249 249 249 249 249 249 249 249 249 249 249 248 248 249 248 249 249 249 249 249 249 249 248 249 250 250 250 248 248 
1 1 1 1 1 1 1 1 1 1 1 3 1 1 2 2 2 1 1 1 1 1 1 1 1 3 3 3 4 4 2 15 57 159 233 247 248 248 247 248 248 248 242 248 245 233 228 228 227 227 228 227 228 229 230 230 231 231 230 230 235 237 237 235 231 231 231 236 240 243 249 252 252 252 251 250 250 249 249 249 249 249 249 249 248 248 248 248 247 245 244 244 244 244 244 247 247 247 247 248 249 250 250 249 248 248 
1 1 1 1 1 1 1 1 1 1 1 3 1 1 1 3 2 1 1 1 1 1 1 1 1 3 3 3 4 4 12 24 72 178 233 244 249 250 245 246 249 249 247 252 235 199 170 162 163 164 152 144 146 148 150 152 153 153 155 157 160 164 165 163 158 153 157 165 177 202 229 236 237 237 249 248 248 248 248 248 248 248 248 248 248 250 250 250 249 248 248 247 244 242 244 249 249 250 251 250 250 250 250 248 248 248 
1 1 1 1 1 1 1 1 1 1 1 3 1 1 1 3 2 1 1 1 1 1 1 1 1 3 3 3 4 4 17 26 81 188 230 243 251 251 244 245 250 249 249 248 212 139 89 88 90 85 72 74 82 82 77 70 67 71 73 70 72 81 72 68 71 73 74 78 90 109 139 160 181 186 201 238 234 229 225 223 222 222 221 250 245 241 238 238 235 229 219 216 213 215 220 231 235 235 236 236 240 244 245 248 248 249 
1 1 1 1 1 1 1 1 1 1 1 3 2 1 1 1 1 1 1 1 1 1 1 1 1 1 2 2 3 4 1 15 63 160 254 245 251 251 246 243 249 249 249 200 170 131 97 81 75 65 59 56 58 57 50 43 42 46 50 52 47 51 50 48 48 53 57 57 58 59 73 74 91 94 101 146 157 164 170 168 168 172 168 180 182 172 170 153 149 146 137 121 118 128 132 148 158 162 165 170 182 210 227 240 247 246 
1 1 1 1 1 1 1 1 1 1 1 2 2 1 1 1 1 1 1 1 1 1 1 1 1 1 2 2 3 4 3 24 67 153 230 238 251 251 250 243 244 245 243 226 210 189 167 157 148 131 123 102 96 92 90 92 94 93 90 96 84 73 66 61 55 55 57 56 52 51 49 51 50 47 53 77 85 95 102 111 121 129 132 143 145 146 150 145 146 149 149 146 144 142 146 153 160 165 169 177 192 215 231 243 248 244 
1 1 2 1 1 1 1 1 1 1 1 1 1 1 1 1 1 1 1 1 1 1 1 1 1 1 2 2 3 4 2 12 48 111 160 222 238 249 252 242 238 240 242 241 237 234 227 227 221 212 207 186 178 174 178 180 177 167 165 160 135 104 86 77 73 79 89 77 82 85 87 87 90 96 107 116 128 143 155 165 174 185 193 201 204 206 209 222 220 220 222 219 217 217 221 224 227 227 227 228 235 244 248 249 250 246 
1 1 2 1 1 1 1 1 1 1 1 1 1 1 1 1 1 1 2 1 1 1 1 1 1 1 2 2 3 4 3 19 45 80 109 148 171 188 201 212 223 233 238 242 244 247 247 249 249 247 246 242 240 241 240 233 215 195 182 156 127 108 100 100 115 145 158 144 158 170 173 166 178 194 207 209 213 221 227 233 237 242 245 242 240 240 240 245 244 245 245 244 244 245 245 245 245 245 245 246 247 249 248 246 245 241 
1 1 2 2 1 1 1 1 1 1 1 1 1 1 1 1 1 1 2 1 1 1 1 2 2 2 2 2 3 4 5 21 40 73 80 86 98 99 108 131 155 184 200 207 218 231 233 237 235 231 231 230 233 237 222 196 164 134 113 96 102 121 136 149 178 210 219 227 235 240 240 242 244 246 248 247 249 251 250 248 248 249 250 250 249 252 251 249 250 249 250 250 249 249 248 245 247 247 245 247 248 248 248 244 245 241 
2 2 3 2 2 1 1 1 1 1 1 1 1 1 1 1 1 1 1 1 1 1 1 2 1 1 2 2 3 5 4 17 40 66 69 69 65 60 66 75 87 104 114 123 136 151 158 165 163 159 156 158 156 151 136 117 102 89 90 115 146 184 208 221 235 242 245 241 243 245 245 247 248 249 248 248 247 246 241 237 237 242 248 248 248 249 246 248 249 248 248 249 249 249 247 247 248 248 248 248 249 250 248 247 250 246 
2 2 2 3 4 2 2 1 2 1 1 1 1 1 1 1 1 1 1 1 1 1 1 1 1 1 2 2 3 4 5 23 39 50 54 59 57 54 64 63 61 65 66 66 68 78 84 89 90 92 97 90 96 101 109 121 132 143 164 194 217 235 244 249 249 248 248 247 248 249 249 248 248 249 243 229 223 214 206 212 224 236 243 247 247 247 247 247 248 249 250 251 251 251 249 249 250 249 249 250 250 250 248 246 249 246 
2 2 2 5 5 2 2 1 2 1 1 1 1 1 1 1 1 1 1 1 1 1 1 1 1 1 2 2 3 5 2 7 30 56 61 64 64 64 63 52 45 54 61 63 65 70 70 67 65 68 77 75 96 124 160 192 209 223 234 242 247 248 248 249 250 248 248 247 248 249 249 247 247 249 242 210 178 163 166 198 221 226 216 230 250 251 248 249 249 250 251 250 251 251 251 251 250 249 249 250 250 250 249 247 248 246 
2 2 2 5 15 16 4 1 1 1 1 1 1 1 1 1 1 1 1 1 1 1 1 1 1 1 2 2 3 5 5 21 46 65 71 73 74 74 71 63 59 63 68 67 73 77 77 74 77 86 101 120 149 180 210 231 242 248 248 249 248 249 249 249 249 248 248 248 248 248 249 248 249 248 244 220 194 188 194 219 233 234 222 235 250 249 249 250 251 251 251 250 251 251 251 249 249 249 249 249 250 250 250 247 248 247 
2 2 2 8 23 26 9 1 2 1 1 1 1 1 1 1 1 1 1 1 1 1 1 1 1 1 1 2 4 8 3 31 74 114 124 128 129 131 125 122 125 120 117 113 111 115 118 122 131 144 166 195 216 230 238 242 244 247 248 248 249 250 250 249 249 249 249 249 249 249 248 248 248 247 247 242 237 232 232 236 241 245 239 243 247 248 249 250 251 250 250 249 248 245 245 247 248 249 249 250 250 250 250 247 245 246 
2 2 2 11 33 40 21 2 2 1 1 1 1 1 1 1 1 1 2 2 1 1 1 1 1 1 2 2 4 8 8 63 128 192 222 205 202 201 200 205 208 203 200 196 194 193 196 199 206 218 232 238 243 248 247 245 245 248 248 249 249 249 249 250 249 249 249 249 249 249 248 248 248 247 247 247 245 243 242 241 245 248 247 250 249 249 249 250 251 250 249 248 242 236 241 247 248 249 250 251 251 250 250 247 245 243 
2 2 2 21 45 52 30 5 7 4 2 1 1 1 1 1 1 1 2 2 2 2 2 2 1 1 2 2 4 8 9 60 145 216 248 236 236 235 237 239 240 240 242 240 240 240 241 242 242 247 248 246 246 249 249 248 248 248 248 249 249 249 249 249 249 249 249 249 249 249 248 248 248 248 248 247 245 245 244 247 249 250 251 251 251 250 250 251 251 250 251 249 245 242 244 248 250 250 251 251 250 250 248 245 248 246 
2 2 2 35 84 93 57 9 2 0 1 1 1 1 2 2 2 2 2 2 2 2 2 3 3 2 2 3 4 9 4 63 158 222 233 240 240 236 235 229 230 242 247 247 249 251 251 251 251 251 250 251 251 251 251 250 250 249 248 249 249 249 249 249 249 249 249 249 249 249 248 248 248 248 248 248 248 249 248 250 250 250 250 249 249 250 250 251 251 251 251 251 250 250 251 250 249 249 249 250 249 248 248 247 248 246 
2 2 2 53 123 138 93 30 12 5 4 4 4 2 3 3 3 3 3 3 3 3 3 4 3 2 3 3 5 9 12 66 167 240 241 244 246 247 242 234 233 242 245 248 248 250 251 251 250 251 250 249 249 251 250 249 250 249 249 249 249 249 249 249 249 249 249 249 249 249 248 248 248 248 248 248 248 249 249 249 250 250 250 248 248 250 250 250 250 250 251 251 251 251 251 247 247 249 249 249 249 249 250 249 250 247 
2 3 3 84 178 195 134 43 15 9 12 8 6 4 4 4 4 4 4 5 5 5 5 5 4 4 4 5 8 11 28 68 159 232 236 247 250 250 247 245 245 245 247 249 248 248 248 249 250 249 248 247 248 251 251 250 250 250 250 248 249 249 249 249 249 248 248 248 248 249 248 248 248 248 249 248 248 249 249 250 252 252 249 248 248 249 249 250 249 248 250 251 250 249 247 242 240 238 240 241 247 251 251 248 246 237 
2 4 5 104 205 223 151 50 17 7 16 8 8 7 5 5 5 5 7 7 8 8 8 8 7 8 7 8 10 14 39 84 158 221 228 249 251 251 251 250 249 249 249 248 248 247 247 248 249 249 248 248 248 250 251 251 250 249 247 248 248 249 249 249 249 248 248 248 249 249 249 248 248 248 249 249 249 250 249 249 249 248 249 248 248 248 249 250 249 247 249 251 249 249 235 201 175 166 166 192 233 247 222 188 173 165 
3 5 17 97 210 244 172 60 22 6 6 8 8 9 6 8 8 7 7 9 9 9 11 9 9 10 10 10 13 18 27 48 128 214 242 250 251 251 251 250 250 249 249 249 248 248 249 248 249 249 249 248 248 249 249 250 250 249 248 249 248 249 249 249 249 248 248 249 249 249 249 249 248 248 248 249 249 249 248 248 245 247 248 248 248 248 250 250 246 247 250 251 250 248 216 136 87 85 82 118 194 236 182 101 74 75 
3 4 21 99 220 249 171 56 18 9 9 9 9 9 8 8 8 7 7 9 9 9 10 9 9 10 10 11 15 20 29 37 89 174 230 250 251 251 251 250 249 248 248 248 248 248 248 248 249 249 249 251 249 248 248 248 248 249 250 251 251 249 248 249 250 249 249 248 249 249 249 249 248 248 248 248 248 248 249 249 248 249 249 248 247 248 249 249 242 238 245 251 251 248 193 102 53 56 53 74 162 221 158 66 40 44 
4 4 21 87 208 232 152 42 12 9 12 11 10 10 9 9 9 9 9 10 10 10 11 10 10 12 12 13 17 21 26 29 70 165 236 251 251 250 251 250 249 248 248 248 248 248 248 248 248 248 248 249 249 249 249 248 247 249 251 250 249 248 248 247 248 248 249 249 249 249 249 249 248 248 248 248 248 248 250 250 250 251 251 249 249 249 249 249 242 240 247 250 251 247 183 89 46 51 45 57 138 192 124 44 36 42 
3 3 22 78 184 200 128 33 14 13 13 11 10 10 10 10 9 9 10 10 10 10 11 10 10 12 12 13 17 19 29 21 57 166 242 251 251 250 250 250 249 249 248 249 249 249 250 250 250 249 249 250 251 251 251 250 249 251 250 248 248 249 248 247 248 249 249 250 250 250 251 251 250 249 249 249 250 251 251 251 252 251 247 250 250 247 244 245 247 245 248 250 251 247 175 79 40 46 39 38 95 138 87 24 24 35 
6 3 23 53 127 122 71 18 15 11 10 8 9 9 9 9 10 9 9 9 9 11 11 11 11 11 12 16 17 19 28 22 66 180 245 251 250 248 245 247 248 248 248 249 249 250 250 251 250 249 248 249 249 245 241 240 240 236 231 228 234 241 243 248 249 250 250 250 248 249 249 250 248 245 244 244 244 244 245 247 247 235 221 214 200 193 195 211 222 224 230 235 241 227 139 52 31 32 21 18 53 84 67 37 35 42 
6 4 21 37 80 72 41 14 17 14 8 8 8 9 9 9 10 9 9 9 10 11 12 12 11 12 14 17 19 22 26 32 88 194 250 249 247 243 242 243 247 247 247 247 247 248 248 248 247 245 244 243 237 229 221 217 214 206 195 189 196 206 214 228 236 240 241 244 243 242 243 243 243 240 237 235 235 234 236 233 227 208 191 163 141 132 142 170 188 198 207 213 222 193 110 44 39 44 33 32 59 86 96 88 85 81 
10 10 18 25 30 22 29 21 16 13 11 10 9 9 9 8 9 11 10 10 10 12 13 13 12 14 15 17 19 25 24 51 130 216 248 247 243 238 236 238 244 245 247 247 247 248 248 248 247 245 243 238 234 227 221 214 210 206 198 189 186 182 186 207 228 237 241 242 241 241 241 241 240 237 236 234 234 234 236 233 229 214 198 182 164 152 161 185 207 220 223 222 220 189 141 113 118 123 117 118 134 151 162 161 160 142 
13 13 15 24 21 14 29 22 11 12 13 12 11 10 10 10 9 11 11 11 11 13 13 15 18 15 15 16 19 25 37 87 173 233 249 245 243 242 241 242 245 247 248 248 248 249 250 250 249 247 244 243 240 237 236 236 237 234 233 232 228 222 222 229 239 245 247 247 245 245 245 244 244 243 242 241 240 237 238 242 243 240 235 227 217 216 223 233 240 242 245 244 243 233 222 219 222 221 220 219 221 223 224 227 228 212 
15 15 14 14 23 44 72 59 33 11 15 14 12 10 11 12 11 11 11 12 12 12 12 12 12 16 18 14 25 43 63 134 215 248 250 248 248 248 249 249 248 248 248 248 248 249 249 250 249 248 247 244 242 242 244 248 251 251 250 250 250 250 250 250 249 248 248 249 249 248 248 248 248 247 247 244 243 242 242 244 249 249 249 245 243 245 249 250 249 248 248 248 248 250 251 252 251 249 249 250 248 248 248 248 249 244 
15 15 17 12 45 106 148 135 96 35 14 14 12 11 12 13 12 11 11 12 13 12 11 11 11 16 23 28 68 85 100 185 235 252 252 249 248 248 248 248 249 248 248 248 249 249 250 250 250 249 248 247 245 244 244 245 248 249 249 250 249 249 249 250 250 250 250 250 250 250 250 250 250 249 249 248 247 245 244 245 249 248 249 249 247 247 250 250 248 248 248 247 246 245 245 245 245 245 244 245 245 244 243 243 243 240 
16 18 22 33 88 185 239 231 178 74 26 14 12 14 12 12 12 12 12 13 13 13 15 16 16 22 45 95 141 169 188 234 244 247 248 248 249 249 249 250 249 249 249 248 249 249 250 250 250 250 249 249 248 247 247 245 247 248 250 249 249 249 249 249 249 249 249 249 249 249 249 249 249 249 250 249 249 248 248 248 248 248 249 251 249 247 249 250 250 249 249 248 248 247 247 247 247 247 247 245 245 245 244 244 242 242 
17 17 19 35 92 183 238 231 180 79 28 15 14 15 14 14 12 12 11 12 12 13 16 19 22 25 69 164 198 235 253 242 235 235 236 245 248 249 250 250 250 249 248 247 248 249 249 250 250 250 249 249 248 247 245 245 247 249 250 249 248 248 248 248 248 248 248 248 247 247 248 248 248 248 249 249 248 248 248 248 248 248 249 251 249 248 250 250 249 249 249 249 248 248 248 247 247 248 247 247 247 247 247 245 244 247 
16 17 15 23 57 153 222 220 167 72 23 16 14 16 14 12 12 11 10 9 9 11 15 21 21 36 104 214 233 241 245 243 238 236 237 245 247 249 250 250 249 245 245 247 247 248 249 250 250 250 249 249 248 247 247 247 248 249 250 249 248 248 248 248 248 248 248 248 247 247 248 248 248 248 249 249 248 248 248 248 248 248 249 251 249 248 250 250 249 249 249 248 248 248 248 248 248 248 248 248 248 249 248 247 248 249 
16 17 17 32 54 142 218 222 167 73 36 16 14 15 14 12 12 10 9 8 8 10 12 18 23 50 126 229 248 249 251 250 248 248 247 247 247 249 249 247 242 241 243 245 245 248 249 250 249 249 248 248 247 248 248 249 250 249 249 249 249 249 249 249 249 250 250 249 249 249 249 250 249 249 250 249 249 248 248 248 248 248 249 250 248 245 249 249 248 248 248 248 248 248 248 248 248 248 248 248 249 249 249 249 249 249 
17 20 24 35 38 111 200 208 145 60 37 17 15 13 12 10 9 8 7 7 7 9 12 17 28 51 125 233 248 250 252 251 251 251 251 248 248 249 249 248 248 245 245 247 247 248 250 250 249 249 248 248 248 249 249 250 251 250 250 249 249 249 249 249 249 249 249 249 249 249 249 249 249 249 250 249 249 249 248 248 248 248 249 249 247 245 248 248 247 248 248 248 248 248 248 248 248 248 248 248 249 250 250 249 249 248 
16 20 25 22 9 77 171 184 117 37 22 17 15 13 11 9 8 7 5 7 7 9 12 17 24 46 122 210 237 243 247 250 248 247 247 244 245 247 247 248 250 249 248 249 250 250 250 249 250 249 248 248 248 245 247 248 249 250 249 249 249 249 249 249 249 249 249 250 249 249 249 249 249 249 250 250 249 249 248 248 248 245 244 243 241 236 234 240 244 245 248 248 248 249 249 249 249 249 249 249 249 250 250 249 249 248 
9 26 51 57 73 101 123 111 44 26 19 16 14 11 10 8 6 5 5 5 5 8 10 17 22 42 99 173 223 237 242 240 235 237 240 242 243 242 243 244 243 244 245 245 244 244 242 242 242 241 241 241 241 238 242 243 244 247 248 249 249 249 249 248 249 249 249 249 249 249 249 249 249 249 250 250 250 250 250 248 244 236 228 223 223 227 229 235 241 244 247 248 248 249 249 249 249 249 249 249 248 249 249 249 249 249 
23 41 79 143 148 170 173 125 47 31 21 15 12 11 10 7 5 4 3 4 5 7 10 16 18 31 74 161 215 231 244 242 233 236 238 240 242 241 244 244 244 244 244 244 241 237 234 237 236 236 236 237 240 241 243 242 244 245 248 249 249 249 249 249 249 249 249 249 249 249 249 249 249 249 249 250 250 250 251 249 244 233 222 219 221 230 240 241 243 247 248 248 248 249 249 249 249 249 249 249 249 249 249 249 249 249 
37 75 145 237 231 237 222 144 48 36 25 16 12 10 9 5 4 3 3 3 4 5 9 14 19 23 57 172 240 242 247 249 243 244 247 248 248 250 249 248 248 248 247 248 247 247 243 244 243 244 247 247 247 248 247 247 248 249 250 249 249 249 249 249 249 249 249 249 249 249 249 249 249 249 249 250 250 250 249 249 248 241 236 235 238 244 249 249 248 249 249 249 249 249 249 249 249 249 249 249 249 249 249 249 249 249 
63 134 195 243 241 238 222 153 60 40 30 15 11 9 8 5 4 3 3 3 3 5 8 12 17 14 47 166 249 252 249 250 247 249 249 251 250 251 250 248 249 249 249 249 249 249 249 247 248 249 249 249 249 249 248 249 249 249 250 250 249 249 249 249 249 249 249 249 249 249 249 249 249 249 249 249 249 249 249 249 248 248 247 247 247 247 248 249 248 248 248 249 249 249 249 249 249 249 249 249 249 249 249 249 249 249 
90 178 215 247 244 239 222 154 61 39 28 17 12 9 7 4 4 3 3 3 3 5 10 12 15 12 42 149 226 248 249 251 248 249 249 248 248 249 249 248 248 248 249 249 248 248 248 248 248 248 249 249 249 249 249 249 249 249 249 249 249 249 249 249 249 249 249 248 248 248 248 249 249 249 249 248 248 248 249 249 248 248 248 248 248 248 248 248 248 248 248 248 248 248 248 248 248 248 248 249 249 249 249 249 249 249 
101 186 228 247 245 239 224 167 67 35 24 17 12 9 7 4 3 3 3 3 4 7 8 11 12 11 37 141 212 242 244 247 244 245 245 245 247 249 250 249 249 249 249 249 248 248 248 248 248 248 249 249 249 249 249 250 250 250 250 249 249 249 249 249 249 249 249 248 248 248 248 243 244 245 248 248 248 248 249 249 248 248 248 248 248 248 248 248 248 248 248 248 248 248 248 248 248 248 248 249 249 249 249 249 249 249 
81 156 233 238 244 248 241 192 81 36 26 18 12 8 5 4 3 2 2 3 3 3 4 7 8 9 33 138 213 243 242 244 244 244 244 244 247 249 249 249 249 249 249 249 249 248 248 248 248 248 249 249 250 250 250 250 250 250 250 249 249 249 249 249 249 249 249 248 248 248 248 243 244 245 248 248 248 248 249 249 248 248 248 248 248 248 248 248 248 248 248 248 248 248 248 248 248 248 248 249 249 249 249 249 249 249 
57 107 202 241 238 253 252 202 93 34 26 21 11 8 5 3 3 2 2 1 1 1 2 2 4 7 23 137 220 250 241 245 245 245 245 247 248 249 249 249 249 249 249 249 249 249 249 249 249 249 249 249 250 250 250 250 250 250 250 249 249 249 249 249 249 249 249 248 248 248 248 249 249 249 249 249 249 249 249 248 248 248 248 248 248 248 248 249 249 249 249 248 248 248 248 248 248 248 248 249 249 249 249 249 249 249 
39 65 151 209 231 251 247 209 102 35 25 21 12 8 5 3 3 2 2 2 1 1 1 1 4 9 21 132 229 252 238 247 247 247 247 248 248 249 249 249 248 248 249 249 249 249 249 249 249 249 249 249 249 249 249 249 249 249 249 249 249 249 249 249 249 249 249 249 249 249 249 249 249 249 249 249 249 249 249 248 248 248 248 248 248 248 248 249 249 249 249 249 248 248 248 248 248 248 248 249 249 249 249 249 249 249 
38 52 123 196 233 249 247 213 113 36 24 17 12 7 5 3 3 2 2 2 1 1 1 1 5 16 30 110 204 248 238 247 247 248 248 249 248 248 248 248 248 248 248 249 249 249 249 249 249 249 249 249 249 249 249 249 249 249 249 249 249 249 249 249 249 249 249 249 249 249 249 249 249 249 249 249 249 249 249 248 248 248 248 248 248 248 248 249 249 249 249 249 248 248 248 248 248 248 248 249 249 249 249 249 249 249 
34 43 97 185 229 249 248 221 130 46 23 17 12 7 5 3 3 2 2 1 1 2 1 2 7 18 24 93 180 240 249 248 248 249 249 249 249 248 248 248 248 248 248 249 249 249 249 249 249 249 250 249 249 249 249 249 249 249 249 249 249 249 249 249 249 249 249 249 249 249 249 249 249 249 249 249 249 249 249 248 248 248 248 248 248 248 248 249 249 249 249 249 248 248 248 248 248 248 248 249 249 249 249 249 249 250 
33 36 82 184 231 249 247 227 146 57 23 16 11 7 5 3 3 2 3 3 3 3 3 4 4 14 22 80 155 220 248 247 248 249 249 249 250 248 248 248 248 248 248 249 249 249 249 250 250 250 250 249 249 249 249 249 249 249 249 249 249 249 249 249 249 249 249 249 249 249 249 249 249 249 249 249 249 249 249 248 248 248 248 249 249 249 249 249 249 249 249 249 248 248 248 248 248 248 248 249 249 249 249 249 249 250 
36 36 70 182 235 251 244 234 164 80 25 15 11 7 5 4 4 3 3 4 4 5 7 9 8 10 18 39 120 202 243 247 248 250 250 249 249 249 249 249 249 249 249 249 249 249 249 250 250 250 250 249 249 249 249 249 249 249 249 248 248 248 248 248 248 248 248 249 249 249 249 249 249 249 249 249 249 249 249 248 248 248 248 249 249 249 249 249 249 249 249 249 248 248 248 248 248 248 248 249 249 249 249 249 249 250 
40 43 70 182 234 252 246 242 188 82 24 14 11 8 7 4 4 4 4 5 5 7 7 9 9 10 17 40 96 174 234 249 250 250 250 250 249 249 249 249 249 249 249 249 249 249 249 250 250 250 250 249 249 249 249 249 249 249 249 248 248 248 248 248 248 248 248 249 249 249 249 249 249 249 249 249 249 249 249 248 248 248 248 249 249 249 249 249 249 249 249 249 248 248 248 248 248 248 248 249 249 249 249 249 249 250 
36 42 74 180 237 252 245 246 209 82 23 14 11 9 7 5 5 5 5 7 7 9 9 8 8 10 16 44 63 131 213 252 250 251 249 250 250 249 249 249 249 249 249 249 249 249 249 250 250 250 250 249 249 249 249 249 249 249 249 248 248 248 248 248 248 248 248 249 249 249 249 249 249 249 249 249 249 248 249 248 248 248 248 249 249 249 249 249 249 249 249 249 248 248 248 248 248 248 249 249 249 249 249 249 249 249 
33 39 80 181 238 252 244 241 193 84 24 14 11 9 7 7 5 5 5 7 7 8 8 8 8 10 15 31 45 104 185 242 253 252 249 250 250 249 249 249 249 249 250 250 250 250 250 250 250 250 250 250 250 250 250 250 249 249 249 248 248 248 248 248 248 248 248 249 249 249 249 249 249 249 249 249 249 248 249 249 249 249 249 249 249 249 249 249 249 249 249 249 248 249 249 249 249 248 249 249 249 249 249 249 249 249 
32 40 90 203 242 252 245 237 167 84 25 14 11 9 8 8 8 7 7 8 6 8 8 7 8 9 16 24 30 54 122 212 252 253 248 250 251 249 249 249 250 250 250 249 249 249 249 249 249 249 249 249 249 249 249 249 249 249 249 249 249 249 249 249 249 249 249 249 249 249 249 249 249 249 249 249 248 248 248 249 249 249 249 249 249 249 249 249 249 249 249 249 249 249 249 249 249 249 249 249 249 249 249 249 249 249 
32 43 102 208 243 250 247 244 188 79 21 12 11 9 8 8 8 7 7 8 6 6 6 7 8 9 15 22 28 42 93 192 242 253 248 250 250 249 249 249 250 250 250 249 249 249 249 249 249 249 249 249 249 249 249 249 249 249 249 249 249 249 249 249 249 249 249 249 249 249 249 249 249 249 249 249 249 248 249 249 249 249 249 249 249 249 249 249 249 249 249 249 249 249 249 249 249 249 249 249 249 249 249 249 249 249 
31 46 110 208 244 250 247 247 205 75 16 11 9 8 7 7 7 6 6 6 5 5 5 6 6 7 12 21 26 35 74 167 229 250 248 249 249 250 249 249 250 251 251 249 249 249 249 249 249 249 249 249 249 249 249 249 249 249 249 249 249 249 249 249 249 249 249 249 249 249 249 249 249 249 249 249 249 249 249 250 250 250 249 249 249 249 249 249 249 249 250 249 249 249 249 249 249 249 249 249 249 249 249 249 249 249 
31 49 116 208 242 250 247 242 185 74 17 10 8 7 7 7 7 6 6 6 5 5 5 5 5 5 11 18 25 31 54 128 201 243 249 251 250 250 250 250 250 251 251 249 249 249 249 249 249 249 249 249 249 249 249 249 249 249 249 249 249 249 249 249 249 249 249 249 249 249 249 249 249 249 249 249 249 249 249 249 250 249 249 249 249 249 249 249 249 249 250 249 249 249 249 249 249 249 249 249 249 249 249 249 249 249 
32 51 120 205 238 247 244 226 144 58 15 10 8 7 7 7 7 6 6 6 5 5 5 5 7 9 11 16 22 29 42 81 159 227 247 250 249 250 250 251 251 251 251 249 249 249 249 249 249 249 249 249 249 249 249 249 249 249 249 249 249 249 249 249 249 249 249 249 249 249 249 249 249 249 249 249 249 249 249 250 250 250 249 249 249 249 249 249 249 249 250 249 249 249 249 249 249 249 249 249 249 249 249 249 249 249 
33 50 118 203 236 246 245 226 134 45 14 10 8 7 7 7 7 6 6 6 5 5 5 5 6 9 10 12 16 25 32 57 122 192 242 251 249 250 250 251 251 251 251 249 249 249 249 249 249 249 249 249 249 249 249 249 249 249 249 249 249 249 249 249 249 249 249 249 249 249 249 249 249 249 249 248 248 249 249 249 250 249 249 249 249 249 249 249 249 249 249 249 249 249 249 249 249 249 249 249 249 249 249 249 249 249 
35 43 111 203 240 247 246 230 132 36 14 10 8 7 7 8 8 6 6 6 5 5 5 5 6 7 8 12 15 22 30 42 80 152 225 249 249 249 249 250 251 251 251 249 249 249 249 249 249 249 249 249 249 249 249 249 249 249 249 249 249 249 249 249 249 249 249 249 249 249 249 249 249 249 249 249 249 249 249 249 249 249 249 249 249 249 249 249 249 249 249 249 249 249 249 249 249 249 249 249 249 249 249 249 249 249 
37 38 97 202 241 251 236 211 119 39 14 9 7 5 5 6 6 6 6 6 5 5 5 5 6 8 9 11 13 21 31 37 67 132 197 243 248 248 248 250 251 251 251 250 249 249 249 249 249 249 249 249 249 249 249 249 249 249 249 249 249 249 249 249 249 249 249 249 249 249 249 249 249 249 249 249 249 249 249 249 249 249 249 249 249 249 249 249 248 248 249 249 249 249 249 249 249 249 249 250 250 250 250 250 250 250 
36 40 121 186 245 253 235 178 86 39 24 10 8 7 7 8 8 6 6 5 5 6 6 5 5 8 8 10 11 18 25 25 54 109 170 223 245 247 248 250 250 249 250 249 249 249 249 249 249 249 249 249 249 249 249 249 249 249 249 249 249 249 249 249 249 249 249 249 249 249 249 249 249 249 249 248 248 249 249 249 249 249 249 249 249 249 248 248 248 249 249 250 249 249 249 249 249 249 249 250 250 250 250 250 250 250 
36 50 129 197 250 253 232 170 79 32 25 15 9 8 8 9 9 8 8 8 8 9 9 8 8 9 9 10 10 12 17 30 54 88 137 196 245 248 250 252 251 249 249 249 249 249 249 249 249 249 249 249 249 249 249 249 249 249 249 249 249 249 249 249 249 249 249 249 249 249 249 249 249 249 249 249 248 248 248 248 248 248 248 247 248 248 248 249 250 250 250 250 249 249 249 249 249 249 249 250 250 250 250 250 250 249 
36 53 122 219 251 253 252 185 81 22 19 17 16 16 15 14 14 14 14 14 14 14 14 14 14 12 11 12 11 11 13 36 53 75 117 165 226 245 252 251 251 250 248 249 249 249 249 249 249 249 249 249 249 249 249 249 249 249 249 249 249 249 249 249 249 250 250 249 250 250 249 249 249 249 249 248 248 249 249 249 248 248 249 248 247 248 248 248 250 250 250 249 250 250 250 250 249 250 250 250 250 250 250 249 250 250 
35 49 111 227 249 253 253 214 132 64 28 19 17 17 16 16 16 16 16 16 16 16 15 16 16 16 16 17 16 17 13 32 46 71 106 124 182 233 252 252 252 251 248 248 248 249 249 249 249 249 249 249 249 249 249 249 249 249 249 249 249 249 248 249 248 249 250 250 250 249 249 249 249 249 249 248 248 250 250 250 250 250 250 249 249 249 249 249 248 249 249 250 250 250 250 250 250 250 249 250 250 250 250 248 251 250 
37 43 100 210 237 245 248 228 169 93 46 29 19 18 18 16 16 16 16 16 16 16 16 16 18 21 22 20 20 22 29 39 40 53 81 127 164 200 222 251 249 248 247 248 248 249 249 249 249 249 249 249 249 249 249 249 249 249 249 249 248 248 248 248 248 248 249 249 248 248 249 250 251 250 249 248 248 248 248 248 248 248 249 249 249 250 251 250 249 249 249 250 250 251 251 251 250 250 250 250 249 248 249 248 251 248 
38 42 86 187 227 242 247 237 194 132 85 37 20 20 19 21 18 18 17 17 17 18 17 18 21 23 24 24 24 26 40 57 68 87 108 124 134 162 186 229 237 241 245 248 248 249 249 249 249 249 249 249 249 249 249 249 249 249 249 249 248 248 248 249 248 249 250 250 250 251 251 251 252 252 250 249 249 250 251 251 250 251 251 251 251 251 250 250 250 249 249 248 249 249 249 250 250 250 250 250 249 248 248 247 249 244 
36 42 72 145 212 247 249 250 228 203 143 86 49 30 21 24 22 19 18 18 19 19 19 22 24 26 27 27 29 31 44 53 77 105 135 151 141 141 159 191 219 235 245 249 249 249 249 249 249 249 249 249 249 249 249 249 249 249 249 249 247 245 245 245 243 242 241 240 240 235 233 229 226 224 222 224 229 231 233 233 235 236 240 241 237 240 243 243 241 240 238 240 245 245 245 247 247 247 247 248 248 248 248 247 248 234 
35 42 59 121 202 250 250 252 241 247 197 163 104 54 28 26 24 22 19 19 21 22 21 23 25 27 29 32 32 35 42 40 60 94 126 167 149 122 142 159 200 228 248 250 250 249 249 249 249 249 249 249 249 249 249 249 249 249 249 249 247 244 241 235 229 223 216 209 201 187 177 173 166 155 150 152 156 163 164 165 169 171 175 178 177 181 187 188 188 188 187 189 192 192 193 194 194 196 198 199 202 206 210 213 213 194 
33 43 39 106 208 251 252 250 248 248 248 247 185 93 51 29 26 26 24 23 24 24 24 25 28 30 32 31 32 33 37 52 56 64 74 120 109 113 117 117 137 196 250 250 250 250 250 249 248 248 249 249 249 249 249 249 249 249 249 249 245 243 238 230 222 215 207 199 184 165 152 144 131 113 100 99 99 99 99 101 102 105 105 105 108 113 114 117 118 116 114 114 115 115 117 118 117 120 120 121 122 127 131 131 122 100 
33 44 43 97 195 250 252 248 247 247 248 252 215 135 74 33 31 30 29 24 25 25 25 26 30 30 30 28 29 28 29 42 49 52 63 72 68 70 78 81 103 155 221 250 250 250 250 249 249 249 249 249 249 249 249 249 249 249 249 249 244 242 237 233 228 222 215 210 199 181 169 150 132 115 101 95 92 89 88 88 89 89 89 88 87 88 88 89 89 86 85 85 86 87 88 90 90 92 90 92 92 94 99 97 86 64 
36 45 47 92 182 249 252 245 248 248 248 252 227 153 82 39 39 38 30 26 28 27 27 25 31 29 28 26 25 22 22 30 36 38 45 42 31 32 44 58 71 106 185 251 250 250 250 249 249 249 249 250 250 249 249 249 249 249 249 249 245 242 238 236 232 227 221 217 207 192 177 158 142 127 113 99 94 95 95 93 92 89 89 88 87 85 84 82 82 82 84 84 85 86 87 90 90 91 94 94 97 102 107 104 91 65 
38 47 51 79 157 231 252 250 249 248 248 251 231 166 96 52 43 38 33 30 30 29 27 26 33 31 30 30 29 26 28 31 34 38 43 39 35 32 46 60 65 102 182 251 250 250 250 249 249 249 249 250 249 249 249 249 249 249 250 249 248 245 243 241 238 235 231 226 216 207 193 178 165 156 143 125 118 118 114 108 103 100 96 93 90 89 89 89 89 92 94 95 95 95 97 100 101 102 104 104 105 108 109 107 95 74 
37 45 51 67 115 188 238 247 245 247 248 251 240 195 123 57 40 38 33 30 30 26 23 23 23 26 30 30 27 24 22 16 6 4 18 37 25 14 21 28 57 118 195 249 249 249 248 248 249 249 249 250 250 249 249 249 249 249 249 250 249 248 245 245 243 244 242 237 231 230 222 210 202 196 192 186 182 177 171 164 157 155 149 143 140 142 143 144 144 146 149 149 146 146 149 150 152 152 154 154 154 155 156 156 150 121 
35 40 46 46 79 153 216 231 233 244 249 250 246 220 160 75 39 39 35 30 24 18 15 13 11 16 20 25 27 22 24 29 18 15 46 44 35 28 36 53 92 152 208 248 248 248 248 249 249 249 249 250 249 249 249 249 249 249 250 250 249 248 248 247 247 248 248 248 244 241 240 236 235 234 234 234 233 231 229 223 221 217 213 211 211 210 212 213 216 217 219 219 217 217 218 218 220 220 220 221 221 220 221 220 216 187 
25 31 39 37 70 136 185 202 215 243 248 247 246 240 209 131 75 58 44 44 32 28 33 35 36 38 51 59 63 66 72 85 82 82 105 88 80 85 95 111 150 204 227 247 247 248 249 249 249 249 249 249 249 249 249 250 249 249 250 249 249 249 248 248 249 250 250 251 251 248 247 248 248 248 249 249 248 248 248 248 247 245 245 245 245 244 243 243 245 245 246 247 245 244 244 244 244 245 245 244 244 243 243 243 247 238 
18 22 28 40 95 159 192 208 227 246 247 247 247 244 237 200 159 108 86 122 114 109 103 125 110 114 134 158 164 179 185 181 181 181 181 193 188 178 189 198 213 235 238 245 245 248 248 248 249 249 249 249 249 249 249 250 250 249 249 249 248 248 248 249 250 250 250 249 249 248 248 248 249 248 248 249 248 248 249 249 249 248 249 249 249 249 249 249 249 248 248 248 248 248 248 248 248 248 248 248 249 249 249 248 252 253 
15 19 35 58 145 220 240 235 247 248 249 247 247 246 242 239 237 234 234 234 234 232 231 226 224 224 226 226 226 227 227 230 234 243 251 249 247 249 249 248 249 249 249 248 248 248 248 248 248 248 248 249 249 248 249 249 249 249 249 249 249 249 249 249 250 250 250 250 249 248 250 250 250 250 251 250 251 251 251 251 250 250 250 250 251 251 251 251 251 251 251 250 250 249 249 249 249 249 249 250 250 250 251 249 249 248 
16 21 59 111 191 244 247 250 252 252 253 249 249 247 247 246 246 244 243 244 243 241 240 238 237 237 238 238 238 239 239 241 244 251 251 250 250 250 250 250 250 249 249 248 248 248 248 249 249 249 248 248 249 248 249 249 249 249 249 249 249 249 249 249 249 249 250 250 250 249 250 250 251 251 251 251 251 251 251 251 250 250 250 250 250 251 250 250 250 249 249 250 250 249 249 249 249 250 249 249 249 249 249 249 249 247 
