2 1 1 1 2 2 3 3 3 3 3 2 3 3 4 4 3 3 3 4 4 5 7 8 3 3 4 5 7 8 9 9 7 9 8 5 6 9 10 10 8 7 6 4 5 5 6 8 15 29 36 36 37 37 36 36 36 36 36 36 35 35 35 35 35 35 35 35 35 35 35 35 35 35 35 35 33 33 33 33 33 33 33 33 35 35 35 33 32 31 31 30 30 31 31 32 33 35 37 37 36 37 36 33 31 30 27 26 24 23 23 23 23 22 23 23 23 22 22 22 22 20 22 
2 1 1 1 2 2 3 3 4 3 3 3 3 2 4 5 4 5 5 7 8 5 3 7 5 3 5 5 7 10 14 10 7 7 6 4 5 10 12 11 10 8 5 4 4 5 6 8 15 29 36 36 37 37 36 36 36 36 36 36 35 35 35 35 35 35 35 35 35 35 35 35 35 35 35 35 33 33 33 33 33 33 33 33 35 35 35 33 32 31 31 31 31 31 31 32 32 33 34 37 37 38 37 37 36 33 32 30 28 25 25 24 24 23 23 23 23 23 23 22 22 22 22 
2 2 2 1 1 1 2 2 3 3 3 3 4 4 5 7 8 8 5 5 7 8 4 4 9 8 8 9 5 10 16 12 10 7 7 5 9 12 18 17 12 9 5 4 4 5 8 10 17 29 35 36 37 37 36 36 36 36 36 36 35 35 35 35 35 35 35 35 35 35 35 35 35 35 35 35 35 35 35 35 35 35 35 35 35 35 35 33 33 32 32 32 31 31 31 31 31 32 32 33 35 37 36 36 36 35 35 32 32 29 26 25 24 24 24 23 23 23 22 22 23 22 23 
3 2 2 2 1 1 2 2 3 3 4 4 7 8 9 9 10 10 9 9 8 9 9 11 20 19 13 11 12 15 21 22 17 10 11 12 14 17 23 20 15 10 5 4 4 8 9 11 19 29 35 36 37 37 36 36 36 36 36 36 36 36 36 36 35 35 35 35 35 35 35 35 35 35 35 35 35 35 35 35 35 35 35 35 35 33 33 33 32 32 32 32 32 31 31 32 32 32 32 33 32 35 35 35 36 35 36 35 33 32 30 28 26 26 25 24 23 23 23 23 23 22 22 
3 2 2 2 1 2 2 2 2 4 3 4 5 7 10 11 15 15 12 11 10 17 26 41 45 44 28 15 17 16 17 24 24 16 16 15 16 19 24 24 17 11 5 3 5 8 11 15 20 30 32 35 36 37 37 36 36 36 36 36 36 36 36 36 36 36 35 35 35 35 35 35 35 35 36 36 35 35 35 35 35 35 35 35 33 33 33 32 32 32 32 32 32 32 32 32 32 32 32 33 33 33 35 35 36 36 36 35 35 35 36 33 31 29 26 26 24 23 23 22 22 21 21 
3 2 2 2 2 2 2 2 2 3 4 1 1 3 9 13 18 23 27 30 32 38 46 81 101 90 64 37 25 23 24 28 24 17 16 17 18 21 26 28 21 11 5 4 7 7 12 16 22 27 30 33 36 36 37 36 36 36 36 36 36 36 36 36 36 36 35 35 35 35 35 35 35 35 36 36 35 35 35 35 35 35 35 35 33 33 32 32 32 32 32 32 32 32 32 33 33 33 33 33 33 33 33 33 35 36 36 36 36 36 37 36 35 32 30 27 25 24 23 22 22 21 21 
3 3 3 2 3 3 4 2 2 3 4 2 2 2 15 30 33 38 45 49 54 67 78 117 146 138 121 102 86 77 72 64 50 36 24 23 23 24 26 30 23 12 8 6 10 10 12 17 23 26 29 32 36 36 37 37 36 36 37 37 36 36 36 36 36 36 36 36 35 35 35 35 35 35 35 35 35 35 35 35 35 35 35 33 33 33 32 32 32 32 32 32 32 32 32 33 33 33 33 32 32 32 32 33 33 33 35 37 36 38 38 38 38 37 32 30 30 26 24 23 22 21 21 
3 3 2 2 2 2 2 2 2 2 7 22 30 33 55 79 81 78 79 78 94 120 141 163 184 198 196 195 185 172 166 153 130 114 92 72 74 54 46 44 30 19 13 11 15 17 22 24 26 30 31 32 34 37 38 37 37 37 37 37 36 36 36 36 36 36 36 36 36 35 35 35 35 35 35 35 36 36 35 35 35 35 35 35 33 33 32 32 32 32 32 32 32 32 32 32 33 33 33 32 32 32 32 32 32 33 35 36 35 37 38 38 39 38 36 35 33 29 26 25 23 23 21 
3 3 2 2 2 4 7 10 16 17 28 63 87 97 120 138 139 133 128 128 151 180 201 212 226 235 236 246 241 236 237 231 220 210 192 170 171 146 128 104 81 65 45 33 36 39 43 43 38 35 35 35 35 36 38 37 37 37 36 36 36 36 36 36 36 36 36 36 36 35 35 35 35 35 35 35 35 36 35 35 35 35 35 35 33 33 32 32 31 31 31 31 31 32 32 32 32 32 32 32 32 32 32 32 33 33 35 35 36 36 37 37 37 38 38 38 35 32 31 27 26 25 21 
3 2 3 3 4 10 19 26 40 68 94 131 167 182 189 193 194 193 185 187 213 224 234 240 246 247 247 249 248 248 250 252 250 248 245 236 237 228 216 194 171 153 129 107 100 93 86 77 60 50 42 37 35 36 37 37 37 37 37 36 36 36 36 36 36 36 36 36 36 35 35 35 35 35 35 35 35 35 35 35 35 35 35 35 33 33 32 32 31 31 31 31 32 32 32 32 32 32 32 32 32 32 32 31 31 31 33 33 34 34 33 36 37 37 38 37 36 35 33 30 29 26 23 
3 2 3 3 4 7 18 35 60 115 167 196 219 229 229 228 229 231 234 241 246 247 248 248 249 249 249 250 252 250 252 252 252 252 252 252 248 246 246 247 242 229 215 201 188 166 139 111 82 60 46 38 36 38 37 36 37 37 37 36 36 36 36 36 36 36 36 36 36 35 35 35 35 35 35 35 35 35 35 35 35 35 35 35 35 33 33 32 32 32 32 32 33 33 33 32 32 32 31 31 32 33 33 31 32 31 33 33 32 32 33 33 35 36 37 37 37 36 33 32 30 28 25 
3 3 3 3 4 4 16 37 79 144 203 234 241 244 244 243 243 245 248 250 251 251 251 249 249 251 252 250 244 242 243 247 249 250 251 252 251 246 245 247 252 250 244 241 235 212 173 125 85 57 40 37 36 37 37 37 38 37 36 36 36 36 36 36 36 36 36 36 36 36 36 35 35 35 35 35 35 35 35 35 35 35 35 35 35 33 33 33 32 32 32 32 33 33 33 32 32 32 32 32 32 32 32 31 32 32 33 33 32 32 33 33 32 33 36 37 36 36 33 33 33 31 29 
2 2 2 4 3 3 18 58 112 185 231 249 249 251 251 250 249 250 251 252 252 250 249 251 250 247 240 231 210 199 195 202 219 233 237 246 245 246 244 246 247 247 243 243 242 229 200 148 93 58 40 36 36 37 38 39 38 37 36 36 36 36 36 36 36 36 36 36 36 35 35 35 35 35 35 35 35 35 35 35 35 35 35 35 35 35 33 33 33 33 33 33 33 33 33 33 33 33 32 32 32 32 31 31 31 31 32 32 32 32 32 31 31 32 33 36 35 35 33 35 35 32 32 
2 2 2 2 4 8 29 95 167 221 248 251 251 252 251 251 251 251 251 251 252 249 247 243 240 226 202 185 155 141 134 146 177 201 216 233 231 238 242 244 246 247 247 248 247 246 234 200 144 86 46 35 37 42 39 38 39 38 37 36 36 36 36 36 36 36 36 36 36 35 35 35 35 35 35 35 35 35 35 35 35 35 35 35 35 35 35 35 35 35 35 33 33 33 33 33 33 33 33 33 32 32 32 30 31 32 32 32 32 31 31 31 31 31 32 33 32 32 33 36 35 33 34 
2 2 2 2 16 32 68 150 223 247 249 251 251 250 251 251 251 250 249 249 248 245 241 228 214 191 158 131 105 96 96 106 125 146 175 200 196 205 211 215 220 224 231 239 241 241 242 238 207 146 85 47 39 41 41 39 38 37 37 36 37 37 37 37 36 36 36 36 36 35 35 35 35 35 35 35 35 35 35 35 35 35 35 35 33 33 35 35 35 35 35 33 33 33 33 33 33 33 33 33 33 33 32 31 31 31 31 30 31 31 32 31 31 31 32 32 32 32 33 35 33 33 33 
2 3 4 3 37 85 147 209 250 253 251 247 245 245 245 248 248 248 247 247 243 235 231 216 180 143 114 88 74 71 71 71 81 95 113 138 131 145 153 158 166 171 181 198 214 221 227 235 234 194 128 72 58 44 41 40 37 37 36 36 37 37 37 37 36 36 36 36 36 35 35 35 35 35 35 35 35 35 35 35 35 35 35 36 35 35 35 35 33 35 35 33 33 33 33 33 33 33 33 32 32 33 33 31 31 31 31 31 32 32 32 32 31 31 31 31 31 32 32 31 31 32 31 
1 3 4 7 61 137 215 251 252 252 247 238 231 224 227 234 235 233 231 230 214 195 196 181 139 101 81 69 56 51 52 54 60 67 68 81 74 86 93 97 104 108 121 144 164 177 193 210 225 211 167 111 84 57 43 40 39 38 35 36 36 36 37 36 36 36 36 36 35 35 35 35 35 35 35 35 35 35 35 35 35 35 35 36 36 36 35 35 35 33 33 33 35 35 35 35 33 33 33 33 32 32 32 31 30 31 33 32 32 32 32 32 32 32 31 31 30 31 31 30 31 31 31 
1 3 7 9 80 165 235 253 252 249 240 231 214 199 199 206 209 203 192 184 160 134 130 116 92 67 58 53 44 42 40 42 44 47 50 52 53 53 53 54 60 66 75 95 113 129 153 179 203 214 202 165 118 75 47 39 39 39 38 36 36 36 37 37 37 37 36 36 36 35 35 35 35 35 35 35 35 35 35 35 35 35 35 36 36 36 35 35 35 35 35 35 35 35 35 35 33 33 33 33 33 33 32 31 31 33 33 32 31 31 32 31 31 32 31 31 31 30 31 31 30 30 32 
1 3 9 12 94 189 234 242 238 230 214 195 180 172 169 173 174 164 138 118 106 86 80 66 53 43 40 39 35 32 31 31 33 36 38 40 39 38 37 37 40 46 52 60 77 93 117 144 171 199 215 199 152 99 59 44 41 39 39 38 37 36 37 37 37 37 36 36 36 35 35 35 35 35 35 35 35 35 35 35 35 35 35 36 36 36 35 35 35 35 35 35 35 35 35 35 33 33 33 33 33 33 32 31 32 33 33 33 33 32 32 32 32 32 32 32 31 31 32 32 32 33 33 
1 3 10 12 115 208 235 233 224 208 189 159 139 138 136 137 133 117 88 70 66 53 50 41 32 31 31 30 28 26 27 29 30 32 31 31 30 30 30 29 31 37 39 42 51 64 85 114 143 173 200 202 181 134 80 51 43 39 39 40 37 36 37 37 37 36 36 36 36 35 35 35 35 35 35 35 35 35 35 35 35 35 35 36 36 36 35 35 35 35 35 35 35 35 35 35 33 33 33 33 33 33 32 31 32 33 33 33 33 33 32 33 32 32 32 32 31 30 31 30 31 32 32 
1 3 9 53 142 203 215 217 210 186 162 132 113 103 100 97 88 74 57 44 38 32 29 25 23 22 21 19 22 23 24 26 29 30 28 28 28 29 28 28 29 31 32 38 42 45 60 86 116 145 171 192 188 155 102 63 47 38 39 40 39 38 37 37 37 37 36 36 36 35 35 35 35 35 35 35 35 35 35 35 35 35 35 35 35 35 35 35 35 35 35 35 35 35 35 35 33 33 33 33 32 32 32 32 32 33 32 33 33 33 33 33 34 34 33 33 31 31 31 30 31 32 32 
1 3 19 82 164 202 195 193 188 158 122 92 75 68 61 57 50 43 37 29 22 18 17 16 14 12 11 11 15 15 17 23 26 27 24 24 25 25 28 26 26 26 29 35 44 47 47 61 92 114 136 179 213 205 156 94 56 38 39 41 39 38 37 37 36 36 36 36 36 35 35 35 35 35 35 35 35 35 35 35 35 35 35 35 35 35 35 35 35 35 35 35 36 36 35 35 33 33 33 33 32 33 33 33 33 33 33 33 32 32 33 33 34 33 33 33 32 31 31 31 32 32 32 
1 4 36 111 174 195 180 178 170 131 92 63 53 53 43 37 33 29 26 22 18 13 10 8 8 7 9 10 11 12 15 19 23 21 18 21 23 25 27 27 27 29 30 33 38 44 45 50 68 90 110 157 212 226 184 113 57 37 39 42 39 37 37 37 36 36 36 36 36 36 36 36 35 36 36 36 36 36 36 36 36 36 36 36 36 36 36 36 36 35 35 35 36 36 35 35 35 35 35 33 33 33 33 33 33 33 32 32 32 32 34 36 34 33 33 34 32 32 32 31 31 31 30 
1 7 54 134 179 180 165 160 143 103 70 47 40 39 36 32 31 26 22 21 17 10 8 7 5 4 7 9 9 11 14 16 19 17 16 18 22 24 27 29 27 29 29 31 30 31 40 45 51 71 92 128 187 222 200 137 77 47 44 43 38 38 37 37 36 37 36 36 36 36 36 36 35 36 36 36 36 36 36 36 36 36 36 37 37 37 37 37 37 36 36 36 36 36 35 35 35 35 35 35 33 35 35 35 35 35 35 33 33 33 34 36 36 34 34 34 32 32 32 32 31 31 31 
1 18 74 153 188 172 149 135 110 77 52 38 32 29 29 29 29 25 20 20 14 5 5 5 3 4 4 7 8 9 12 16 15 15 16 17 19 24 27 29 29 26 27 29 29 29 31 38 45 57 73 107 166 217 222 187 132 84 58 44 38 39 38 37 37 37 37 37 36 36 36 36 36 36 36 36 36 36 36 36 36 36 36 36 36 37 37 36 36 36 36 36 36 36 35 35 35 35 35 35 35 35 35 35 35 35 35 33 33 33 33 33 35 33 34 34 32 32 32 32 31 31 31 
2 26 90 170 191 159 131 111 87 59 40 31 28 26 25 25 27 25 20 20 15 5 5 5 4 4 4 4 7 9 12 14 14 15 15 16 18 24 30 29 27 27 26 25 26 26 25 31 43 50 58 85 145 213 240 228 189 128 71 44 40 40 38 37 37 38 37 37 37 37 37 37 36 36 36 36 36 36 36 36 36 36 36 36 36 36 36 35 35 35 35 35 36 36 35 36 36 36 36 36 35 35 35 35 35 35 35 33 33 33 33 33 35 35 36 36 33 32 32 32 32 31 31 
7 39 109 179 178 132 109 93 66 45 34 26 23 23 23 24 24 22 19 18 14 10 9 9 8 8 5 5 5 7 8 10 12 12 12 15 18 23 30 31 29 27 25 23 22 23 27 31 37 44 50 69 121 192 236 235 206 142 73 45 43 40 39 39 38 38 38 38 37 37 37 37 36 37 37 37 36 36 36 37 37 37 37 36 36 36 36 36 36 36 36 36 36 36 36 36 36 36 36 35 35 33 35 35 35 35 35 35 33 35 35 35 35 35 36 36 33 33 33 32 32 32 32 
17 66 138 175 153 114 92 73 50 36 29 22 18 18 20 22 21 19 18 16 15 12 12 11 11 10 9 8 7 7 7 8 10 10 12 16 19 23 27 30 27 25 23 22 20 22 27 31 32 39 46 60 97 159 216 229 195 132 77 54 46 40 39 40 39 39 38 38 38 38 38 39 38 37 37 37 36 37 37 36 37 37 37 37 37 37 37 36 36 37 37 36 36 36 36 36 36 36 36 36 35 36 36 36 36 36 36 35 35 35 35 36 35 35 36 34 35 35 35 33 33 33 33 
36 101 155 162 130 101 78 61 43 24 19 17 15 17 18 18 18 18 17 15 15 12 15 16 12 8 8 10 8 4 4 8 11 12 14 17 19 22 25 26 25 24 22 23 24 24 24 26 31 37 42 51 76 126 187 224 202 139 86 61 49 42 40 40 39 39 38 38 38 38 39 40 40 38 37 37 36 36 37 36 37 37 38 38 38 38 37 35 36 36 36 36 36 37 35 37 37 36 37 37 36 36 36 37 37 36 36 36 36 35 35 35 35 35 35 35 34 36 35 35 33 33 33 
57 129 158 139 111 86 65 49 33 19 16 16 15 14 14 14 15 16 17 16 15 14 17 19 17 12 10 11 8 3 5 10 12 14 16 17 18 19 23 24 22 20 20 22 23 24 23 22 29 34 37 42 59 96 150 213 222 166 105 66 45 43 40 39 39 39 38 38 38 38 40 40 40 39 39 38 36 37 37 37 37 37 38 38 38 38 37 35 35 35 37 37 39 39 37 38 38 38 37 37 37 37 37 37 37 37 37 36 35 33 33 35 35 35 35 35 37 37 36 35 35 35 33 
65 132 146 126 101 79 56 35 24 18 16 15 12 11 10 10 11 14 15 16 15 15 17 18 17 17 15 14 11 9 9 10 12 15 16 18 18 18 20 22 18 16 17 19 22 23 25 24 26 31 35 37 50 75 122 189 222 187 126 73 46 42 40 39 39 39 38 37 38 38 39 40 42 40 40 38 37 37 36 36 38 39 39 40 40 38 36 36 35 36 38 39 40 39 39 39 39 37 37 37 37 37 37 37 38 38 38 37 33 33 33 33 35 36 36 37 36 36 35 33 35 35 35 
60 114 128 115 93 70 46 28 21 15 15 12 10 10 9 8 10 10 11 12 12 15 17 17 18 17 16 17 17 16 15 14 16 17 18 19 18 18 19 18 15 13 15 17 20 25 27 29 29 30 33 38 47 66 104 169 213 187 123 72 49 42 40 42 39 39 38 38 38 39 40 43 43 44 40 38 37 37 36 36 38 40 40 40 42 40 37 35 36 36 38 39 40 40 42 42 40 38 37 38 37 38 38 38 38 38 38 37 36 35 35 35 36 36 37 37 36 36 36 35 33 35 35 
52 99 117 107 84 56 33 23 17 12 13 12 9 8 8 8 9 9 9 9 10 11 14 16 16 15 15 17 21 19 18 17 18 18 19 21 20 20 19 18 14 12 12 14 19 23 27 30 30 31 31 36 45 60 88 157 209 172 102 62 46 43 43 42 40 40 39 38 38 39 40 43 45 45 44 43 38 37 36 36 38 39 40 42 42 40 40 38 36 36 38 39 40 42 44 45 42 39 37 36 37 37 38 38 39 39 38 37 37 35 33 35 36 36 37 38 38 38 36 35 35 32 33 
52 96 109 91 70 47 29 19 14 12 13 12 8 7 5 7 6 6 5 5 5 7 9 10 11 12 12 14 18 19 18 19 21 19 21 22 23 22 20 19 15 14 11 12 16 20 26 31 31 32 30 32 39 45 72 143 194 159 93 59 46 43 44 43 42 40 39 38 38 38 39 42 44 44 46 46 42 39 36 36 38 38 40 42 42 43 43 39 36 36 38 39 40 42 44 44 43 42 38 36 36 36 38 38 39 40 40 39 37 36 35 35 36 36 37 38 38 39 38 36 33 32 33 
51 99 115 93 68 47 28 17 12 12 11 10 9 8 6 8 6 6 5 6 5 5 7 9 9 9 11 12 16 17 18 21 22 21 23 25 22 21 20 19 17 17 14 14 16 19 24 28 31 31 30 32 36 33 57 121 171 151 91 57 46 43 43 43 42 42 40 39 38 37 37 39 42 43 45 45 42 39 37 36 37 37 39 40 42 42 42 42 37 36 35 36 37 39 42 43 42 42 38 36 36 36 37 37 38 39 40 39 37 36 35 35 35 35 36 37 39 38 37 37 35 32 31 
42 102 137 121 83 47 26 16 12 12 11 9 8 9 8 6 6 6 5 5 5 7 8 8 8 8 9 11 15 16 17 18 21 21 23 24 22 21 20 19 19 18 16 15 16 19 23 26 30 31 30 32 36 33 46 103 150 136 87 55 44 41 42 43 43 44 43 40 38 37 36 37 39 42 44 45 43 40 37 36 36 36 38 39 40 40 40 40 39 37 35 33 35 37 40 40 42 40 38 36 37 37 36 37 38 39 40 39 38 36 35 35 35 35 36 36 37 38 37 37 36 35 33 
37 97 146 130 90 46 24 16 12 11 11 8 7 8 7 7 6 5 6 6 7 7 8 8 7 7 7 10 14 15 15 16 19 21 21 21 19 19 19 18 18 18 17 17 17 19 22 26 28 29 30 33 36 33 48 87 122 118 86 55 41 40 40 43 43 44 42 40 39 36 33 36 38 40 43 43 43 40 38 35 36 36 38 39 40 40 40 40 38 37 36 35 35 37 39 42 42 39 38 37 36 36 35 36 38 39 39 40 38 37 33 33 33 33 35 36 36 36 37 37 36 35 33 
24 80 137 139 96 44 23 16 12 11 10 9 7 8 7 7 6 8 8 9 8 8 8 8 7 5 4 7 10 11 12 15 18 19 18 18 18 18 17 17 18 18 18 17 16 21 25 26 28 28 29 32 35 36 44 66 97 113 88 54 40 40 42 42 43 44 42 40 39 36 33 35 37 39 40 42 40 39 37 35 35 35 36 38 38 39 40 39 38 37 35 35 33 36 38 40 40 39 38 37 36 35 33 35 36 37 38 40 39 37 35 32 32 33 35 35 36 36 37 37 36 35 32 
14 70 130 141 99 40 21 17 15 12 9 9 7 7 7 7 7 8 10 10 10 10 11 10 8 5 4 4 7 9 12 14 16 18 17 17 18 17 16 16 18 18 17 15 15 22 28 28 27 26 29 32 33 35 38 52 82 98 81 52 37 39 42 40 43 45 43 43 40 36 32 32 35 38 38 39 39 39 37 35 33 35 36 36 37 38 39 39 39 37 35 33 32 35 36 38 39 38 36 35 36 33 32 33 36 37 38 41 40 37 36 31 32 33 33 34 33 35 36 36 36 33 32 
12 61 113 131 90 33 18 16 13 12 10 9 8 7 7 7 8 8 10 11 10 11 11 10 7 4 3 3 5 7 9 12 14 16 16 17 18 18 18 16 17 17 15 11 11 17 24 26 26 26 26 30 32 32 35 47 74 89 75 54 35 40 43 39 41 45 42 42 39 36 32 32 36 38 38 39 39 39 37 35 35 33 35 36 37 38 39 39 38 37 35 32 31 32 35 37 38 38 36 35 34 34 33 32 33 37 38 41 40 36 34 33 32 33 33 34 33 33 35 36 36 33 31 
10 51 99 113 75 25 16 16 15 12 10 9 9 8 7 8 8 8 10 12 11 11 11 10 5 3 2 3 4 5 8 10 12 15 16 17 17 17 18 17 16 17 15 12 10 15 19 24 25 25 26 26 29 32 37 47 66 78 75 63 45 42 42 39 43 46 43 40 39 36 32 32 35 37 39 40 39 38 38 36 33 32 33 36 36 37 38 38 38 37 35 32 31 32 33 37 38 38 36 36 34 33 31 32 33 37 38 40 40 38 36 33 32 33 33 34 33 33 35 36 36 33 31 
9 45 89 104 60 22 15 17 17 12 10 9 10 8 7 8 8 9 11 12 12 12 12 10 8 5 3 4 5 7 9 11 12 15 16 17 16 17 17 17 16 15 15 12 10 14 18 23 25 25 25 24 28 29 31 40 65 86 90 67 44 43 42 38 41 45 42 40 38 36 32 32 33 35 37 39 39 40 38 36 33 33 35 35 36 37 38 38 38 37 35 32 31 31 33 36 38 38 36 36 34 33 31 32 32 34 38 39 39 39 38 36 33 33 33 34 33 33 35 36 35 33 31 
7 40 79 94 53 20 14 17 18 13 11 11 10 8 8 9 11 11 12 13 12 12 12 11 10 10 8 7 7 9 11 14 15 16 16 15 15 15 15 14 14 12 14 11 9 11 16 21 24 24 24 24 26 28 30 34 66 104 104 72 43 44 45 42 42 43 40 39 38 36 32 30 32 35 38 39 40 40 39 37 35 32 33 33 35 36 37 38 38 37 35 31 31 31 32 36 38 38 37 37 36 33 31 32 32 34 38 38 38 39 40 36 33 33 34 36 35 35 36 36 36 32 30 
7 38 72 88 50 20 12 15 17 13 12 12 10 10 10 11 14 14 15 15 12 12 12 12 14 12 11 10 10 12 15 18 19 18 16 14 12 12 12 12 11 10 12 14 11 11 15 18 22 22 22 24 25 26 29 37 74 117 109 81 68 71 58 46 45 43 40 40 38 36 33 31 32 35 38 40 42 42 40 37 35 32 32 33 33 35 37 39 39 37 33 31 31 31 32 36 38 38 37 37 37 34 31 30 32 36 38 39 38 39 39 37 34 32 33 34 33 35 36 37 36 35 32 
8 36 59 70 47 22 14 14 15 12 11 11 10 12 15 16 17 16 15 15 14 14 12 14 16 16 16 15 15 17 19 21 22 21 17 14 12 12 11 9 8 10 15 17 14 11 14 16 19 22 22 23 25 25 26 46 89 124 127 120 132 146 120 81 59 45 43 41 39 37 35 32 35 37 40 40 40 42 40 37 33 32 33 34 33 35 37 38 38 37 33 32 32 32 33 36 38 38 38 38 37 34 31 30 33 34 37 38 39 39 39 36 32 31 32 33 33 34 36 38 37 36 33 
25 36 54 70 49 22 15 12 12 12 11 11 12 14 16 17 16 16 15 15 15 14 12 14 16 17 16 16 17 18 19 21 19 19 17 14 10 9 10 8 5 11 17 19 16 12 12 16 17 19 23 24 25 24 25 46 92 134 151 172 201 213 191 136 90 56 40 41 40 38 36 33 33 36 38 39 40 42 42 38 36 33 34 36 35 36 37 38 38 37 35 32 33 33 34 36 38 38 38 38 37 34 31 30 33 34 37 39 39 39 39 34 31 30 32 33 33 34 36 37 37 34 32 
29 32 48 72 54 26 16 12 12 12 11 12 14 15 15 15 15 15 14 14 14 14 15 15 16 16 16 16 16 21 21 19 18 16 14 12 10 9 8 8 7 11 19 22 19 16 13 15 16 18 24 25 22 22 25 52 107 152 165 186 213 219 206 165 118 66 39 40 39 38 36 33 32 35 37 38 40 42 42 38 37 34 34 36 36 37 37 38 38 37 35 33 33 33 34 36 38 38 38 38 38 34 32 30 31 33 38 39 39 39 39 36 33 31 31 32 32 33 34 37 36 34 33 
23 30 47 73 59 34 17 11 10 11 12 14 15 15 15 14 14 12 12 12 11 12 15 15 14 15 16 15 15 19 22 19 16 12 11 11 11 9 7 7 8 12 19 22 20 17 15 13 15 19 22 23 21 21 24 57 109 137 127 130 146 152 163 167 134 77 42 40 39 38 36 33 32 35 36 38 40 40 40 38 37 34 34 36 36 37 37 38 38 38 36 35 34 34 34 36 37 38 38 38 37 34 31 29 31 34 37 39 39 39 39 36 33 31 31 32 32 33 34 36 37 37 33 
19 30 55 80 66 43 18 10 11 12 12 15 15 15 16 13 12 12 11 11 10 11 15 17 16 16 16 15 15 16 17 17 12 8 10 12 11 9 7 9 9 15 23 23 20 18 15 13 15 21 22 22 22 21 24 49 82 94 78 73 80 87 113 142 127 80 44 42 39 38 37 35 32 33 37 37 39 40 40 39 37 34 34 34 34 36 36 38 39 38 36 33 34 34 34 36 37 38 38 39 38 34 31 30 31 33 37 37 38 39 39 34 32 30 31 32 32 33 34 37 37 37 33 
21 37 61 80 80 46 21 15 13 15 14 15 16 15 13 13 12 10 10 10 10 11 15 17 17 16 15 13 13 15 15 14 11 8 9 11 12 11 10 11 11 18 23 24 22 19 17 16 16 19 20 23 24 24 25 32 49 57 49 50 50 47 79 117 116 80 45 43 40 39 37 36 33 33 36 37 40 41 41 40 38 36 36 36 36 36 36 38 39 38 36 35 34 34 33 36 37 39 39 39 38 34 31 30 31 33 36 37 38 39 39 36 33 31 31 31 31 32 33 37 37 37 34 
11 31 60 89 88 48 25 26 19 15 15 15 14 14 13 13 12 10 10 9 9 11 12 15 16 15 16 13 13 15 17 17 13 11 11 13 14 15 15 14 15 18 23 24 22 22 19 18 18 19 23 24 25 25 24 22 30 42 43 43 43 46 73 101 100 73 46 44 40 39 38 36 33 32 35 37 39 40 40 39 37 35 35 35 35 35 36 38 39 38 37 36 36 34 33 36 37 38 38 38 38 34 32 30 31 32 34 37 38 38 38 37 34 31 31 31 30 32 32 35 36 36 33 
0 18 56 99 72 46 26 26 21 15 16 15 12 12 13 13 12 11 10 9 9 11 12 15 16 16 16 15 15 16 19 20 18 13 13 15 15 16 17 16 19 19 23 23 23 23 23 22 21 21 23 23 24 24 23 22 30 43 49 50 44 45 75 96 87 67 46 44 40 39 38 36 33 32 35 37 39 40 40 39 37 35 35 35 35 36 37 38 39 39 38 36 36 34 33 36 37 38 38 38 38 34 33 30 32 32 34 37 38 38 38 37 34 32 31 31 31 32 32 35 35 36 33 
10 28 56 75 78 48 29 24 19 16 14 14 13 13 12 11 11 9 10 10 9 11 12 15 15 16 16 14 14 15 17 21 19 16 15 15 18 20 22 21 22 23 24 24 25 25 25 24 24 25 24 24 22 23 22 23 33 45 52 52 43 45 78 100 88 66 46 43 40 39 37 35 32 32 36 38 39 41 43 41 38 36 34 34 33 35 37 38 38 38 38 36 36 33 32 35 36 37 37 37 37 36 32 30 31 32 34 36 37 37 38 38 36 32 31 31 32 32 34 36 35 36 33 
11 26 63 86 86 61 33 23 17 15 14 12 12 12 11 11 10 9 9 9 10 11 10 12 15 15 16 15 14 14 15 17 21 21 16 15 19 26 26 26 24 23 25 25 26 26 26 26 25 25 25 24 23 23 23 25 30 38 47 54 51 46 68 106 109 68 45 43 40 39 37 35 33 32 34 37 39 41 43 41 38 36 34 33 33 35 37 38 38 38 37 36 36 33 32 33 35 36 36 37 38 36 32 30 31 32 34 36 37 37 38 38 36 32 31 31 31 33 34 36 35 35 33 
16 33 85 116 104 70 38 23 15 15 12 12 12 11 12 12 10 9 9 9 9 9 10 11 15 16 16 16 15 12 12 15 21 22 18 17 22 29 30 29 27 27 28 26 28 26 28 28 28 26 25 25 21 21 23 26 31 37 50 57 51 50 81 126 121 72 44 41 40 39 38 36 33 32 34 36 38 41 43 41 38 36 34 34 34 36 37 38 38 38 37 37 36 33 32 33 35 36 36 37 38 36 33 31 30 32 34 36 36 36 37 37 37 33 31 31 31 33 34 36 35 35 33 
20 38 93 125 111 65 38 25 15 11 11 10 11 11 11 11 9 9 9 9 9 8 9 11 13 16 15 15 15 14 16 18 21 22 21 21 24 30 31 31 30 30 28 29 29 28 26 29 28 25 25 24 21 21 23 29 33 38 46 51 49 49 89 137 122 71 44 39 42 40 38 36 33 32 34 36 38 41 43 41 38 36 34 34 34 34 35 37 38 38 37 36 36 33 32 32 35 36 36 37 38 36 33 31 31 32 34 34 36 36 37 37 37 33 32 31 31 32 33 36 36 36 33 
13 30 71 88 86 57 36 26 16 12 11 11 11 11 11 11 10 10 9 9 10 9 9 11 13 16 16 16 15 16 16 18 22 23 22 22 24 29 33 32 29 30 31 32 29 29 26 28 28 25 24 23 23 23 25 30 33 37 40 44 45 49 89 125 107 61 42 40 39 39 38 36 33 32 34 37 38 40 43 41 38 36 34 34 32 33 36 37 38 39 37 35 35 33 32 31 33 36 36 37 37 35 33 32 32 31 33 33 36 37 37 37 36 33 31 31 31 31 33 36 36 36 35 
8 18 31 35 46 46 34 24 16 15 12 11 11 10 11 11 10 10 9 9 10 9 9 11 13 16 16 15 15 16 16 16 19 22 20 22 23 28 31 31 30 30 31 31 30 28 29 29 30 31 30 29 28 26 29 30 32 36 35 37 45 59 94 107 81 54 43 40 40 39 38 36 33 32 34 34 37 39 41 41 38 36 34 34 32 33 36 36 38 38 37 36 35 33 32 31 33 36 36 37 37 35 33 33 31 32 33 35 36 37 37 37 36 33 31 31 31 31 33 36 36 36 35 
5 8 6 15 31 42 37 23 16 16 13 11 10 8 9 10 10 10 9 9 9 8 8 9 10 12 15 14 14 14 15 14 17 22 22 21 23 26 30 30 30 29 30 30 30 29 30 31 32 33 33 32 31 31 31 31 32 35 32 33 50 73 99 94 63 46 43 41 40 40 38 36 33 32 34 34 36 38 40 40 38 36 34 34 32 33 36 38 38 38 36 36 36 33 31 31 33 35 36 36 37 36 36 33 33 32 33 35 35 36 37 37 36 33 32 32 31 31 33 36 36 36 35 
3 4 0 13 35 46 41 25 16 15 13 11 9 9 10 10 9 10 9 9 9 8 8 9 9 10 12 14 12 12 14 14 15 19 21 22 23 26 30 29 30 30 30 30 30 29 31 32 32 35 35 33 33 32 34 34 32 35 37 42 58 85 100 82 56 43 43 41 42 40 39 36 35 33 34 34 34 37 39 40 38 36 34 33 32 32 34 36 37 38 36 36 36 33 31 31 33 35 36 37 37 37 37 35 33 33 35 35 35 36 37 37 36 33 33 31 30 31 33 36 36 36 35 
2 2 0 10 34 46 41 26 17 15 12 10 10 10 12 11 9 9 9 9 8 9 9 8 10 10 10 12 12 12 11 12 14 16 19 21 23 26 29 28 30 30 30 29 30 31 31 32 32 33 33 33 35 35 36 34 34 33 39 58 78 91 87 65 47 40 40 40 40 39 39 37 35 33 33 33 35 37 39 39 38 36 35 33 32 32 34 36 36 36 36 36 36 33 32 31 33 35 35 36 36 36 37 36 33 32 33 33 33 35 36 36 36 33 31 30 29 30 32 35 38 38 37 
3 2 1 4 19 34 36 27 19 16 12 11 11 11 12 11 10 10 9 9 8 9 9 9 9 10 11 11 11 11 11 11 11 15 17 18 23 28 26 28 30 31 30 29 29 31 31 31 32 32 32 32 35 35 34 34 38 51 65 87 107 107 75 47 37 37 38 40 40 40 39 38 37 35 33 33 35 37 39 39 38 36 35 33 33 32 33 34 34 36 35 35 35 33 32 31 32 33 35 36 37 36 36 35 33 32 31 32 33 33 36 36 36 33 31 30 29 30 32 35 38 38 37 
4 3 4 5 9 21 31 31 24 20 17 15 14 12 15 15 14 12 11 11 11 10 9 9 8 10 11 11 11 12 11 9 10 12 16 17 19 25 25 26 29 31 30 29 30 30 31 31 32 32 32 32 33 33 33 38 59 86 110 120 115 100 68 41 35 36 38 39 40 39 39 38 37 36 33 33 35 37 39 39 38 36 35 35 33 33 34 36 36 37 36 36 33 33 32 30 31 32 35 36 37 36 35 35 32 31 30 31 33 34 36 36 36 33 31 30 31 31 32 36 38 38 38 
3 3 3 3 3 8 22 27 26 25 22 21 18 17 17 17 15 15 14 14 12 11 10 10 10 10 10 10 10 11 10 10 11 12 16 17 21 25 25 25 29 31 29 30 30 31 32 32 33 33 33 35 35 33 33 43 74 108 122 115 92 70 53 38 33 36 37 38 39 39 39 39 38 37 35 33 35 37 39 39 38 36 35 35 33 33 36 36 37 37 36 36 35 33 31 31 31 32 35 36 37 36 35 33 32 30 30 31 33 34 36 36 36 33 31 30 31 31 31 35 37 38 38 
2 1 1 1 1 2 15 22 21 22 23 22 21 19 19 18 17 17 16 15 14 12 12 12 10 11 11 11 11 10 10 11 12 15 17 18 22 25 25 26 28 29 29 30 30 32 32 32 33 33 33 33 35 36 39 51 75 100 97 81 64 51 40 35 32 32 36 38 39 39 39 39 38 36 33 33 35 37 39 39 39 37 36 36 33 32 32 35 37 37 37 37 37 36 32 32 31 33 35 36 36 35 35 35 32 31 30 31 32 32 35 37 37 35 33 31 30 30 31 31 36 38 36 
0 1 1 2 1 3 9 12 12 16 19 21 21 21 20 19 18 17 17 17 15 14 14 14 12 11 11 11 11 12 12 11 14 15 17 18 20 23 25 25 28 28 30 30 30 30 30 28 29 35 35 35 35 36 40 56 75 84 67 51 51 49 43 33 32 31 33 37 39 38 39 39 37 36 35 33 35 37 39 39 39 37 36 35 35 33 32 35 36 36 37 37 37 36 33 33 31 32 33 35 35 35 36 35 33 31 30 31 31 32 35 36 36 35 33 31 30 30 30 31 36 37 37 
0 1 2 2 2 3 4 7 8 10 15 18 18 18 17 17 17 16 16 16 15 14 14 14 12 12 12 12 14 15 15 14 16 17 18 19 19 21 22 23 25 25 26 28 26 26 28 28 30 35 35 35 35 36 45 60 73 70 55 44 43 48 46 40 38 35 37 38 38 38 39 38 36 35 33 32 34 38 40 40 38 37 36 36 35 35 35 36 36 37 37 36 37 36 34 34 33 34 33 35 35 35 36 35 33 32 32 32 32 33 35 35 35 33 32 31 31 30 31 32 34 37 37 
1 2 3 2 3 3 3 3 2 5 11 15 16 16 16 16 16 16 16 16 15 15 14 14 14 15 15 15 15 17 18 19 19 21 21 19 19 19 21 21 22 22 22 22 24 24 25 28 30 35 35 35 35 35 44 61 72 65 53 50 44 47 43 39 38 33 36 37 37 38 40 38 37 35 33 31 33 38 41 41 38 37 37 37 35 36 36 37 38 38 38 36 37 36 34 34 34 34 33 36 35 35 37 35 35 35 33 33 33 33 33 35 35 33 32 32 32 31 31 32 33 36 37 
1 1 2 3 2 2 2 3 2 5 9 13 16 16 17 16 15 14 14 15 15 15 15 14 14 15 16 16 17 18 21 21 22 22 21 21 19 19 21 18 19 18 18 19 22 23 25 28 31 35 35 36 35 33 44 54 72 74 58 53 46 43 39 32 40 39 37 35 36 37 39 38 35 35 32 30 32 38 40 39 37 32 34 37 37 38 39 39 38 39 38 37 36 35 33 33 33 35 35 35 35 36 36 35 35 35 35 35 35 35 35 35 34 34 33 33 32 31 31 31 32 35 35 
1 1 1 2 2 2 2 2 4 5 8 11 15 15 16 16 14 14 14 14 14 14 15 14 14 15 16 16 17 17 18 19 21 22 21 19 17 16 18 16 15 17 17 18 21 23 24 28 31 35 35 36 35 31 45 80 114 114 84 53 52 50 46 43 44 45 35 36 37 38 39 38 38 37 35 32 32 40 44 39 38 30 33 38 39 41 45 44 40 42 39 38 36 35 35 35 35 36 36 36 36 36 37 36 36 36 36 36 36 36 36 35 34 34 33 35 33 33 33 32 33 35 36 
2 1 1 2 2 2 2 1 3 3 5 9 11 12 15 15 12 14 14 14 12 14 16 16 15 16 16 16 17 17 18 18 19 19 19 16 14 14 14 12 11 14 15 17 21 22 24 28 32 35 35 36 33 30 46 87 124 132 130 112 90 75 64 56 49 42 39 37 40 43 45 44 44 44 40 38 38 43 48 48 40 42 42 42 44 48 53 50 46 44 43 40 37 37 36 36 36 37 37 37 37 37 38 38 37 37 38 38 37 37 37 35 33 33 35 36 35 35 33 32 35 36 36 
2 2 1 1 3 3 2 0 1 1 4 6 9 11 12 11 12 12 11 10 11 12 15 17 16 16 17 17 17 17 17 17 17 18 15 10 9 9 8 9 10 12 15 17 19 21 23 28 31 33 33 33 33 33 47 77 108 134 153 163 154 129 101 90 74 56 42 38 52 50 52 51 50 49 45 42 42 45 51 59 61 77 81 59 80 80 85 76 63 52 46 43 38 38 39 39 39 39 39 39 38 39 39 40 40 40 42 42 40 39 39 38 36 36 37 39 38 37 36 35 37 37 38 
4 2 3 3 2 3 2 1 3 3 4 5 9 13 14 10 10 9 7 8 9 10 13 17 17 18 17 18 18 18 17 17 16 15 11 9 8 8 7 8 10 12 15 17 19 21 24 28 32 33 33 33 33 38 44 61 74 103 125 148 158 175 163 156 134 107 77 61 67 54 54 52 51 50 50 49 49 58 62 78 99 129 142 123 146 144 149 139 134 107 60 52 48 44 44 44 43 41 43 45 44 43 43 43 43 43 44 44 43 43 44 43 42 42 42 43 43 42 40 38 39 40 42 
4 2 2 2 1 2 1 2 7 7 7 3 8 15 16 12 12 10 3 5 8 8 11 13 15 17 17 18 19 18 17 16 14 12 12 11 9 9 9 9 11 14 16 18 22 24 25 28 32 35 35 35 35 37 39 47 58 78 95 113 130 148 157 172 182 178 149 114 84 65 64 57 57 57 54 53 56 75 98 125 160 196 207 206 210 216 212 199 184 150 97 79 62 51 47 44 44 45 47 48 49 49 50 50 49 49 49 50 49 50 50 49 49 49 49 49 49 49 49 45 46 46 47 
2 2 1 1 1 1 0 1 3 5 4 1 3 10 23 20 12 9 4 7 8 8 10 11 13 15 15 16 17 17 17 16 15 15 14 14 12 14 12 12 12 15 18 21 23 24 25 28 31 32 32 33 33 33 33 35 43 52 63 80 86 104 121 141 175 203 195 169 121 103 94 79 67 66 63 59 73 107 152 193 222 241 240 240 237 228 224 223 201 172 127 95 73 57 51 43 44 47 50 52 52 53 54 54 54 54 56 56 56 54 54 53 53 53 53 54 54 54 54 53 52 52 53 
1 2 2 2 1 1 1 1 5 10 8 4 11 25 40 39 25 17 12 9 9 9 10 10 11 11 10 11 15 18 19 18 18 17 17 17 17 18 17 17 17 17 18 21 23 25 26 29 31 31 32 32 33 32 32 35 40 40 49 70 64 68 79 90 128 163 173 174 171 157 138 113 87 71 71 72 109 158 203 231 243 247 242 241 238 231 228 226 207 189 158 128 110 82 67 60 49 49 66 59 56 57 57 58 56 56 57 57 57 57 56 54 56 56 56 56 56 56 56 56 56 54 56 
1 1 2 3 3 1 1 2 12 17 24 39 61 84 90 82 56 29 16 12 10 10 9 8 8 8 8 9 12 18 21 19 19 18 19 19 19 19 22 20 20 20 20 23 23 25 26 28 30 30 31 31 32 32 32 35 41 44 44 47 50 49 53 57 77 99 117 133 171 184 187 164 129 90 86 115 165 198 236 236 229 227 229 231 234 231 229 227 226 223 206 189 175 148 129 117 93 75 72 64 60 59 54 52 53 52 53 54 56 54 53 53 56 56 56 56 54 54 54 56 56 54 56 
1 2 3 3 4 7 19 31 46 72 89 109 121 120 111 95 64 35 19 14 11 11 10 9 8 8 9 11 15 17 21 21 21 21 22 20 19 19 20 20 20 20 22 24 24 25 25 28 29 30 30 31 31 32 31 33 39 41 40 43 47 49 50 45 45 57 85 105 148 166 182 191 170 141 146 166 187 221 227 216 201 201 203 205 221 229 228 223 234 242 237 241 242 227 210 195 165 136 109 81 59 55 56 57 51 50 49 50 50 50 49 50 51 51 51 51 50 50 50 51 51 50 51 
1 2 4 10 28 42 58 88 114 124 125 128 116 100 97 79 53 37 23 17 14 12 10 9 8 9 9 11 15 17 19 22 22 22 22 22 20 20 20 20 21 21 23 24 26 26 26 26 28 29 29 29 30 30 30 31 36 34 38 38 39 39 38 39 42 49 67 87 112 124 146 174 189 195 210 216 194 212 193 173 153 142 137 136 205 215 200 179 191 195 209 231 240 245 246 249 227 193 153 117 82 60 53 53 49 46 45 45 44 43 44 44 44 45 45 45 44 45 45 45 45 45 44 
9 16 23 47 75 106 116 131 132 114 96 92 68 46 43 40 43 36 23 19 17 15 11 10 9 9 9 11 14 15 18 22 23 23 24 24 24 23 22 20 21 21 23 25 26 26 26 28 28 28 28 29 29 29 29 29 32 33 33 34 37 36 36 36 40 53 70 80 89 89 99 127 163 187 220 223 202 199 164 148 120 100 86 85 157 151 117 99 110 108 132 151 160 185 210 236 227 215 198 174 130 86 53 43 44 43 40 40 40 38 37 38 38 38 38 38 38 38 38 40 40 39 39 
40 60 85 109 126 122 116 96 74 57 38 26 19 11 12 26 37 31 24 22 19 15 11 10 10 9 9 11 12 15 17 22 23 25 25 25 24 22 21 19 21 21 23 25 26 26 26 28 28 28 28 28 28 28 30 30 29 30 32 33 33 35 35 35 40 57 70 75 75 73 72 79 104 144 178 188 189 189 164 153 128 109 87 89 95 98 85 68 40 43 51 59 75 90 104 130 164 198 222 214 187 137 82 53 47 43 38 33 32 35 35 35 36 35 35 35 35 35 36 37 36 36 35 
103 122 135 125 104 76 57 35 24 15 3 0 3 5 5 17 29 30 25 23 19 16 12 12 11 10 9 10 12 15 17 21 24 25 25 25 23 22 22 21 21 22 25 26 25 26 26 26 28 28 28 26 28 28 29 29 29 30 31 32 33 33 33 33 41 57 68 72 72 70 57 51 57 68 94 115 144 159 151 157 150 149 135 136 135 117 81 66 23 23 22 21 35 46 54 67 92 135 189 215 215 188 145 101 66 49 40 36 35 36 35 35 35 35 33 33 33 33 35 35 33 33 33 
125 118 97 76 46 25 15 5 3 1 0 0 1 1 1 9 24 26 23 21 19 17 15 14 12 10 9 11 13 15 18 22 24 25 25 25 23 22 22 21 21 22 24 24 25 25 25 26 26 26 26 25 26 26 27 29 30 30 30 31 31 31 34 37 44 56 59 61 62 62 53 40 31 19 28 45 70 84 90 113 130 143 156 164 151 137 106 97 57 52 40 33 31 29 26 26 33 71 132 177 201 212 196 158 109 68 45 44 42 37 36 36 36 35 35 35 33 33 33 35 33 33 35 
78 61 40 25 11 4 3 3 3 2 1 1 1 1 3 5 10 15 17 19 21 18 16 14 12 10 10 11 13 15 18 22 24 25 25 25 23 23 22 22 21 22 25 25 25 25 25 26 26 25 25 25 26 25 26 27 29 29 29 30 30 30 33 41 50 56 52 46 44 45 41 32 22 10 5 16 25 18 24 38 52 67 93 103 150 143 139 139 109 99 79 72 33 30 19 14 11 30 68 108 162 205 221 201 168 108 66 48 42 39 37 37 37 35 36 35 33 33 32 33 33 33 33 
31 15 5 1 2 2 2 2 2 1 0 1 1 1 1 0 1 10 15 21 21 18 16 14 12 11 10 11 13 15 19 22 23 24 24 24 23 22 22 22 21 22 23 23 24 25 25 25 25 24 24 24 24 24 25 26 29 29 29 29 29 29 31 40 52 54 47 36 29 31 35 25 17 10 3 1 0 4 3 3 4 14 19 33 46 64 88 112 124 122 118 122 125 115 82 38 18 18 19 18 122 177 209 217 189 156 85 43 42 39 38 38 37 36 35 35 35 33 32 32 31 33 33 
4 3 3 1 1 1 1 1 1 0 0 1 1 0 0 2 5 11 15 19 19 17 16 14 12 11 10 11 13 13 18 22 22 24 24 24 23 22 21 21 21 21 21 22 23 23 24 24 24 23 23 23 23 23 24 25 27 27 26 26 28 29 31 38 52 56 45 32 22 25 28 18 9 3 0 0 1 4 3 2 2 3 2 4 7 14 37 52 70 85 101 129 151 150 126 89 61 42 31 25 74 109 167 215 212 192 113 53 47 42 38 38 37 37 36 35 33 32 31 32 31 32 33 
0 0 1 1 1 1 1 1 0 0 0 0 0 0 1 1 2 8 14 18 19 17 15 15 12 11 10 10 11 12 17 20 22 23 23 23 23 23 21 19 21 21 19 22 22 22 23 23 23 22 22 22 22 22 23 24 24 24 24 24 27 30 32 40 52 50 39 29 23 24 23 12 4 2 0 0 1 2 2 2 2 2 2 2 0 2 12 13 21 35 46 74 110 126 138 147 132 93 65 40 43 62 112 176 200 194 134 79 54 45 38 39 38 38 36 35 32 31 30 31 31 31 32 
1 1 1 2 2 1 1 1 1 1 0 0 0 0 1 1 1 6 12 17 18 17 16 15 14 12 11 10 10 11 17 19 19 22 21 21 22 22 21 21 19 19 19 21 23 23 23 22 19 19 19 19 21 21 22 22 21 22 22 22 25 30 37 50 58 50 39 36 35 35 25 10 3 3 1 0 1 1 2 1 1 1 2 2 1 2 1 4 8 8 11 23 45 79 126 165 174 166 141 97 29 47 66 116 164 195 170 129 81 50 38 39 39 38 37 36 35 33 31 30 31 31 32 
3 3 2 1 1 1 1 1 1 1 1 1 0 0 0 0 1 4 14 17 18 17 17 15 15 12 12 10 11 12 16 18 18 20 19 19 18 19 19 19 19 19 18 19 21 21 19 19 18 19 19 21 21 22 24 24 22 22 23 22 26 33 44 57 63 60 51 48 50 49 33 15 6 3 2 1 1 1 1 1 1 1 1 1 1 2 1 1 1 1 3 4 11 43 95 138 165 188 193 157 87 60 33 72 114 159 196 176 127 67 37 40 40 39 37 36 35 33 31 29 29 29 29 
4 4 2 1 1 1 1 1 1 1 1 1 1 1 1 0 1 4 14 17 18 17 17 16 15 14 12 11 11 12 13 15 15 17 16 17 17 17 17 17 17 17 17 19 19 19 19 17 17 19 19 21 21 22 23 23 22 22 23 22 29 41 53 61 66 63 55 53 58 56 38 17 5 2 0 0 0 0 1 1 1 1 1 1 1 1 1 1 1 1 2 1 4 32 72 113 136 162 186 171 94 71 32 39 73 122 172 189 148 74 37 42 40 39 37 35 33 32 30 28 28 28 28 
1 3 1 1 1 1 2 2 3 3 2 2 1 1 1 0 1 4 11 19 22 21 19 17 15 15 14 14 10 10 9 10 10 11 12 14 15 15 16 16 15 16 17 17 17 18 18 17 16 18 19 19 21 21 22 22 19 22 23 23 32 49 60 62 65 57 54 54 53 47 31 14 3 1 0 0 0 0 1 1 1 1 1 1 1 1 1 1 1 1 2 0 3 30 65 90 102 115 130 138 117 99 57 37 41 85 128 171 158 80 40 44 42 38 36 35 33 31 29 28 28 28 28 
2 2 1 1 1 1 2 2 3 3 2 2 1 1 1 0 1 2 12 28 32 26 21 18 16 16 16 12 10 9 7 8 8 8 9 10 10 11 12 15 15 15 15 15 17 17 16 16 15 17 18 19 19 21 23 23 21 23 23 27 40 52 57 57 56 47 44 43 39 33 23 10 3 1 0 0 0 0 1 1 1 1 1 1 1 1 1 1 1 1 2 1 3 27 50 63 73 72 68 99 139 115 81 73 52 71 127 179 181 115 52 49 43 38 37 36 35 33 31 30 28 28 25 
2 1 2 1 2 2 2 2 3 3 2 2 2 2 1 0 1 4 15 33 40 33 24 19 18 16 17 14 11 9 7 7 5 7 7 8 8 9 10 12 12 12 12 14 14 14 15 15 16 16 17 18 21 21 23 23 23 22 19 31 47 51 48 45 38 36 31 30 28 26 17 10 3 2 0 0 1 0 1 1 1 2 2 2 1 1 1 1 1 2 2 1 3 23 40 51 63 60 46 72 115 165 155 101 66 118 163 166 223 175 110 61 43 35 35 36 36 33 31 30 29 29 28 
2 2 2 1 2 2 2 2 3 3 2 2 2 1 0 0 0 2 9 26 40 39 32 26 18 16 16 15 12 9 7 7 5 5 7 7 8 9 10 10 10 11 11 11 11 11 12 14 14 16 17 18 18 19 20 22 22 26 30 46 56 52 46 34 29 29 26 25 25 23 15 6 3 1 0 0 1 1 1 1 2 2 2 2 1 1 1 1 1 2 2 1 4 17 32 38 43 42 40 58 89 157 180 148 120 156 198 208 228 200 131 71 45 33 35 37 36 35 33 32 31 31 29 
3 3 3 2 2 2 2 3 3 2 2 2 1 1 0 1 0 1 9 22 33 38 33 26 19 17 16 15 14 12 9 7 5 5 7 8 8 9 10 10 10 11 11 11 9 10 12 12 15 18 19 19 18 17 17 19 23 36 46 54 52 45 37 26 24 24 25 28 28 24 15 6 3 2 1 1 1 1 1 1 2 2 2 2 2 2 1 1 2 2 3 3 6 17 26 25 23 22 32 60 82 139 188 189 185 187 216 236 237 216 141 75 47 33 36 38 37 36 36 33 33 31 29 
3 4 4 3 2 2 3 3 3 1 2 2 1 1 0 2 0 0 7 17 28 32 32 32 28 22 19 17 16 15 10 8 7 7 7 7 7 8 9 9 10 10 10 9 7 8 11 11 13 18 19 20 18 16 19 25 30 42 47 50 44 35 28 24 23 25 32 38 38 28 16 5 2 2 1 1 1 1 1 1 2 2 2 2 2 2 1 1 2 2 3 7 20 30 30 26 19 18 32 59 83 117 172 206 199 188 202 231 233 199 128 73 47 38 39 39 38 37 36 35 35 31 32 
5 5 5 4 3 3 3 3 3 2 2 2 1 1 0 1 0 1 5 12 22 31 36 37 32 28 23 21 18 16 13 11 9 9 9 9 9 9 9 9 8 8 8 7 5 6 10 11 13 16 18 19 19 21 26 36 42 50 52 47 41 36 29 26 29 35 45 52 49 32 14 4 0 2 1 1 1 1 1 1 2 2 1 1 1 1 2 1 1 1 1 15 36 37 30 29 22 21 35 58 67 85 118 151 166 155 157 180 214 192 138 75 50 44 41 39 38 37 37 37 37 36 35 
3 4 4 4 4 3 3 3 3 3 3 2 1 1 0 0 0 4 12 18 22 33 38 37 36 33 29 24 19 18 16 12 9 10 10 10 9 9 9 8 8 8 8 4 3 4 8 9 11 13 17 19 21 24 33 44 52 58 58 51 46 44 38 37 39 44 52 58 47 35 15 4 1 2 1 1 1 2 2 2 3 3 2 2 2 1 2 1 1 1 3 22 43 38 30 30 22 24 39 58 64 79 92 113 150 138 123 139 169 177 145 92 57 43 40 39 38 38 39 39 39 38 37 
2 3 3 4 3 2 2 3 2 2 2 1 1 1 0 0 0 9 20 26 29 33 37 37 39 38 32 26 23 21 17 11 10 12 11 10 11 10 9 8 5 7 5 4 3 4 6 9 12 17 22 25 29 37 47 53 57 59 58 57 56 52 46 42 43 44 45 46 43 32 14 4 2 2 1 1 1 2 3 3 3 3 3 3 1 1 2 1 1 1 3 23 44 37 28 29 25 29 47 56 57 64 65 78 117 121 111 122 151 191 175 130 77 49 43 41 38 38 38 38 38 38 37 
2 2 3 3 2 2 2 2 3 2 2 1 1 1 1 0 1 11 19 29 31 35 36 36 38 39 36 32 29 26 23 17 15 15 15 13 13 13 12 13 8 9 8 5 5 7 10 16 19 25 32 40 44 47 52 53 56 57 56 56 52 51 45 37 33 35 33 35 33 24 11 4 2 2 2 2 1 2 3 3 3 3 3 3 1 1 2 1 1 2 5 21 36 33 26 29 27 33 51 53 54 53 51 57 86 122 124 122 159 213 215 167 101 57 45 44 39 39 38 38 38 38 38 
1 1 1 2 2 2 1 3 2 2 1 1 1 1 1 0 1 10 21 28 31 33 35 36 37 37 37 35 32 30 28 25 24 23 21 18 16 16 16 17 18 15 16 16 15 16 19 24 28 32 40 49 52 50 50 51 51 52 52 46 43 45 42 33 28 26 28 30 29 20 10 5 2 2 2 2 2 2 3 3 2 2 3 3 1 1 1 1 1 1 5 16 25 26 25 25 28 35 44 44 46 40 33 47 87 137 161 161 201 200 187 160 103 68 46 42 40 39 38 38 38 38 37 
1 1 1 2 2 1 2 2 2 2 1 1 1 1 1 0 1 6 11 17 24 31 33 33 32 31 30 29 28 28 26 29 29 28 25 23 22 21 22 26 27 23 25 30 29 33 39 43 44 46 50 53 52 50 46 42 40 39 39 36 31 28 29 28 24 23 25 26 26 20 10 5 3 2 2 2 2 2 3 3 2 2 2 2 1 1 2 1 1 1 4 11 17 18 23 22 26 32 35 36 36 36 37 45 80 145 190 214 230 231 212 172 88 39 42 40 38 38 37 37 37 37 37 
1 1 1 2 2 1 1 2 2 2 1 1 1 1 1 1 1 2 3 5 11 18 21 19 19 18 17 18 19 21 23 25 25 26 26 26 26 28 29 30 33 36 36 38 40 42 43 46 47 47 46 42 37 35 33 29 25 24 24 23 19 13 16 25 29 28 26 25 23 18 9 4 2 2 2 2 3 3 3 3 2 2 2 1 2 2 2 2 1 1 4 9 14 17 22 22 25 31 31 30 28 24 35 50 87 150 196 221 226 244 202 149 75 23 37 35 33 36 37 37 37 36 36 
3 1 1 2 1 1 1 1 1 2 1 1 1 1 1 1 1 1 1 1 4 7 8 8 8 7 7 9 10 11 14 14 15 17 19 22 22 22 25 29 32 36 36 37 40 38 36 35 36 38 33 24 20 18 18 18 17 18 18 16 12 13 21 32 38 38 33 26 22 17 9 2 1 2 2 1 3 2 2 2 2 1 1 2 2 2 3 1 2 1 4 8 10 12 18 22 24 28 28 29 28 28 38 52 85 129 179 214 235 247 206 143 80 33 35 32 32 35 37 37 37 37 37 
2 3 2 1 1 1 1 1 1 1 1 1 1 1 2 1 0 2 3 4 4 5 6 6 6 5 6 6 7 7 7 7 8 9 11 11 12 12 14 16 19 21 22 24 25 25 24 22 23 23 21 17 16 13 14 16 18 18 18 18 15 19 31 43 49 49 40 32 29 17 7 2 1 2 1 1 1 1 1 1 2 2 1 1 1 2 3 2 2 3 8 11 12 14 17 20 24 26 29 30 31 30 43 58 75 104 156 196 224 206 188 122 65 43 42 40 40 43 46 46 45 44 44 
7 7 4 2 1 1 1 1 1 1 2 2 2 1 2 1 1 8 14 15 14 11 10 9 10 10 10 10 10 9 9 8 8 9 10 10 10 12 12 11 11 12 12 14 14 14 15 13 13 15 16 17 17 17 18 22 24 24 25 24 21 25 36 50 58 56 49 46 40 23 8 2 2 2 1 1 1 1 1 1 2 2 1 1 1 2 1 1 4 12 18 18 16 16 17 22 25 28 31 35 37 40 47 57 66 79 110 144 156 130 109 75 53 49 52 56 56 56 58 58 57 57 57 
8 5 4 3 2 2 1 1 1 1 2 2 2 1 2 2 4 15 25 26 25 24 23 21 19 19 19 19 19 19 18 18 18 19 22 23 23 24 25 23 20 19 18 19 20 20 22 22 22 22 23 25 27 31 33 37 38 38 36 31 28 26 31 45 56 54 54 57 47 28 10 4 1 2 2 1 1 1 2 2 2 2 2 2 1 1 3 1 8 18 22 22 22 22 21 23 26 29 33 39 46 52 57 61 59 58 78 106 107 86 87 75 65 66 66 67 68 68 68 68 67 67 66 
8 5 3 2 2 1 1 1 1 1 1 2 2 1 2 2 5 22 33 35 35 36 36 30 30 30 30 30 29 30 30 29 29 32 33 34 37 40 41 36 33 36 35 33 36 36 36 36 36 36 35 36 39 41 45 50 50 47 44 38 31 25 24 33 42 47 52 54 47 32 11 4 1 1 1 1 1 1 2 2 2 2 2 2 1 1 3 2 12 25 26 26 26 25 24 25 28 31 36 45 56 57 60 60 50 46 65 95 89 83 88 85 87 85 77 74 75 76 77 77 77 75 74 
8 7 4 2 2 1 1 1 1 1 1 2 3 2 1 0 7 24 33 33 36 40 39 36 36 37 37 36 36 36 35 33 34 36 36 39 43 44 45 43 44 46 47 45 44 44 43 42 40 40 40 42 44 45 47 50 52 51 45 37 26 22 24 29 33 40 45 44 39 30 11 4 2 2 1 1 1 1 2 2 2 2 2 2 2 2 2 3 15 28 33 32 29 26 25 24 28 32 39 46 51 50 49 46 43 38 54 78 87 85 91 80 79 78 75 75 77 80 81 81 84 82 82 
5 5 3 2 2 1 1 1 1 1 1 1 2 2 1 0 7 23 31 33 35 38 37 37 36 36 36 36 35 33 32 31 33 32 32 37 42 43 43 43 45 45 47 47 47 47 46 44 42 44 44 44 45 43 42 40 42 42 35 26 19 16 19 22 26 35 38 39 31 19 10 4 2 1 2 2 1 1 2 2 2 2 2 2 2 2 1 2 11 28 38 35 30 28 25 25 32 45 46 46 49 40 30 26 33 38 53 86 103 99 95 86 81 80 80 82 81 81 81 81 82 82 82 
3 4 3 2 2 1 1 1 1 1 3 3 3 3 0 1 7 18 25 25 25 24 26 26 26 27 26 26 26 26 25 23 22 22 23 24 25 26 30 32 33 35 37 39 40 40 40 38 36 36 36 33 32 31 29 28 25 25 23 19 19 19 19 22 26 30 35 33 28 22 14 5 2 1 2 2 2 1 3 3 2 2 2 2 2 1 1 2 9 25 33 31 30 27 29 33 43 52 49 46 40 29 24 25 33 44 54 86 114 115 98 88 83 83 82 82 82 82 84 84 85 84 84 
1 1 1 1 1 1 1 1 1 2 4 3 3 3 0 1 4 10 15 15 15 14 16 16 15 16 16 14 14 14 11 11 11 10 10 10 10 10 10 14 16 19 23 25 28 28 29 29 26 25 24 22 21 19 18 18 17 16 16 19 24 29 32 35 36 37 39 38 35 31 15 5 2 1 1 2 2 1 3 3 2 2 2 2 2 2 2 1 10 24 30 29 27 27 33 42 47 49 45 38 29 22 24 30 42 53 64 88 116 117 100 89 85 82 82 84 85 85 85 85 86 86 86 
1 1 1 1 2 2 2 1 3 4 4 4 3 2 0 1 3 7 11 11 9 9 9 6 8 9 8 9 9 8 5 5 4 4 3 3 4 4 5 5 7 9 10 12 16 18 19 21 19 16 14 14 14 14 15 16 16 16 17 25 36 42 43 45 45 47 53 52 49 45 19 6 2 2 2 2 3 3 3 3 2 2 2 2 2 2 3 3 14 24 28 29 30 33 43 49 47 43 35 24 17 22 32 42 52 68 81 97 123 125 101 89 86 84 85 85 86 86 87 87 88 88 88 
2 1 1 1 2 2 2 2 3 4 4 3 3 1 0 1 7 10 11 11 9 8 8 8 6 8 10 11 12 12 10 9 9 7 4 4 4 4 6 7 8 9 10 14 15 15 17 18 17 14 12 11 11 12 14 15 16 16 19 31 44 50 51 52 54 57 61 63 58 49 26 10 3 2 2 2 2 3 4 4 3 3 2 2 2 1 2 8 19 25 26 29 34 43 50 50 43 32 28 25 24 26 42 56 58 61 72 87 118 125 103 91 88 88 88 88 88 89 92 92 93 92 92 
1 1 1 1 1 1 2 2 2 3 3 2 1 1 1 3 14 17 17 17 15 14 14 14 10 11 16 17 18 18 17 17 16 13 10 10 9 9 10 11 11 14 19 22 23 23 22 20 18 16 15 15 17 17 17 17 15 15 19 30 43 52 56 57 59 60 60 59 57 45 24 9 3 2 1 2 3 4 4 4 2 2 2 2 2 2 2 11 22 28 32 37 42 49 51 47 39 29 24 24 29 40 51 58 59 58 59 73 108 123 107 96 94 90 90 89 90 90 92 92 92 92 93 
1 1 1 1 1 1 1 2 1 2 2 2 1 1 3 11 22 23 24 23 19 18 18 17 18 17 19 23 25 25 25 26 25 22 21 21 22 22 18 16 17 18 20 24 27 31 33 30 24 21 19 21 22 21 21 19 14 14 17 23 37 46 49 49 50 50 52 53 49 38 24 10 3 2 1 3 4 4 4 4 2 2 2 2 2 3 4 15 23 29 38 42 46 50 45 39 31 24 23 26 36 49 50 45 47 51 48 52 86 115 111 102 97 94 93 89 89 89 89 89 90 90 90 
1 1 1 1 0 0 0 1 1 1 1 1 0 0 5 18 23 26 29 24 19 19 18 19 20 22 23 26 26 26 32 33 30 29 29 30 30 29 26 23 24 22 21 23 27 32 36 35 29 24 21 19 21 21 19 18 14 11 14 17 24 30 34 34 36 38 38 40 40 36 24 10 3 1 1 2 4 4 4 3 2 2 3 3 2 2 4 14 24 30 40 44 45 43 37 29 23 21 22 28 38 47 46 40 39 43 40 39 64 94 101 98 89 85 84 84 86 85 85 86 87 87 87 
1 1 1 1 0 0 0 0 1 1 1 1 1 1 5 14 17 17 20 20 12 11 11 11 12 18 22 23 22 24 29 31 31 31 31 32 32 31 30 28 26 23 21 22 24 27 31 30 25 20 18 17 16 16 17 15 12 11 12 12 16 22 26 27 29 29 30 31 31 30 23 8 1 1 1 2 3 3 3 3 2 2 3 3 2 2 4 14 24 32 40 42 39 33 26 23 19 18 21 29 38 39 37 36 36 33 35 33 51 106 104 93 80 74 74 74 75 75 77 77 78 78 78 
1 1 0 0 0 0 0 0 0 1 1 0 1 2 3 5 8 7 5 8 5 5 3 4 4 7 10 15 15 16 21 25 29 30 31 33 32 31 30 29 25 23 24 22 18 21 25 26 21 16 14 13 13 13 15 15 12 12 12 13 14 18 22 24 25 26 26 24 23 23 18 7 2 2 1 2 3 3 3 3 2 2 3 3 3 1 5 15 24 35 39 38 31 26 21 19 18 15 21 30 36 30 26 25 28 30 32 33 53 117 120 94 79 69 68 67 69 69 70 70 70 71 72 
2 1 1 1 1 1 0 0 0 1 0 0 0 1 1 2 3 4 3 3 4 4 3 3 2 3 6 11 10 11 15 17 23 26 28 29 30 30 30 30 28 26 29 27 22 21 22 23 17 11 11 11 11 12 13 12 12 11 12 14 14 16 19 25 28 26 25 24 22 23 20 9 2 2 1 1 2 2 2 2 2 2 2 2 3 2 8 17 25 31 33 30 24 21 17 17 17 17 24 29 28 24 22 21 28 37 40 46 67 125 142 110 82 71 65 64 65 66 66 67 66 66 67 
2 2 1 1 1 1 0 0 0 0 1 0 1 1 0 2 1 1 2 3 2 2 2 2 1 2 3 3 4 5 8 11 18 24 24 25 26 28 29 31 33 32 32 33 31 29 27 23 16 10 10 9 10 11 13 13 13 13 13 13 13 15 19 29 36 33 26 21 23 28 26 14 4 3 1 1 1 2 1 1 1 1 1 1 3 3 10 19 26 25 24 21 16 15 14 15 18 22 25 25 24 25 28 31 40 49 54 64 78 124 146 118 78 60 64 62 61 64 66 66 66 66 65 
1 1 1 1 1 0 0 0 0 0 2 2 2 3 1 0 1 0 1 1 1 1 2 2 1 0 1 3 2 1 2 6 12 18 18 18 19 22 24 29 32 33 33 33 32 33 33 25 16 14 13 13 12 13 15 18 19 19 16 13 13 15 19 30 43 42 29 21 24 28 28 17 5 3 1 1 1 1 2 1 1 1 1 1 1 3 14 19 22 18 16 14 10 10 12 16 19 24 29 29 29 37 37 44 53 59 64 72 84 120 141 113 75 52 59 60 60 64 67 67 66 66 64 
1 1 1 1 1 0 0 0 0 1 2 2 3 3 1 0 0 0 0 0 0 0 0 0 1 0 0 3 2 1 1 2 4 9 11 12 13 16 18 23 28 31 31 32 33 33 37 32 24 22 19 18 18 18 18 25 26 24 18 13 15 15 18 31 45 44 29 23 24 25 23 14 6 3 2 1 1 1 2 2 1 1 1 1 1 3 14 19 17 15 14 12 11 12 20 23 26 35 38 40 43 51 47 53 63 67 68 73 79 99 124 104 77 49 52 56 58 64 66 67 66 65 64 
1 1 1 1 1 1 1 2 3 3 4 4 4 3 1 0 0 0 0 0 0 0 0 0 1 0 1 2 1 1 0 1 2 5 10 12 13 12 14 18 22 26 30 33 35 33 36 36 32 28 21 18 19 22 24 29 30 29 20 13 15 15 17 28 40 40 29 23 25 26 23 15 6 5 3 1 1 2 3 3 3 3 1 1 2 3 11 16 14 12 14 15 18 24 32 37 42 51 52 52 54 59 58 61 65 68 68 68 66 74 106 97 68 45 49 57 61 66 66 65 66 66 65 
1 1 0 0 0 0 1 4 5 6 8 8 7 4 1 1 1 1 1 1 2 3 3 3 3 2 1 1 1 1 2 2 2 8 11 14 13 13 14 15 16 19 28 32 32 32 33 36 36 30 23 18 18 23 26 29 31 30 18 14 14 14 16 23 33 35 25 24 28 28 24 16 8 5 3 3 3 4 5 5 5 4 2 2 2 2 9 15 15 16 18 23 28 36 43 51 56 60 59 59 58 59 60 59 58 58 59 57 47 57 81 75 52 43 46 53 61 71 67 65 66 66 66 
1 0 0 0 0 0 0 2 6 8 10 11 8 5 2 1 1 1 3 4 9 10 10 9 9 8 5 5 5 5 7 7 10 15 15 15 16 15 14 12 11 16 22 28 30 31 35 37 36 31 23 18 18 19 22 26 27 23 17 14 15 13 16 20 25 28 24 24 26 26 22 14 6 4 3 3 4 4 8 8 6 5 3 2 2 2 8 17 19 22 25 36 43 47 52 59 60 60 58 58 56 54 54 53 49 44 42 40 39 43 64 67 54 40 41 50 57 67 67 66 65 67 67 
1 1 0 1 1 1 0 4 10 9 10 12 5 2 2 1 1 4 7 8 15 15 16 17 16 15 13 15 15 15 13 12 17 22 21 19 18 17 16 15 14 16 19 23 26 29 31 32 33 31 25 21 19 19 17 22 22 17 15 14 15 15 16 18 21 21 22 23 24 24 20 14 7 4 3 3 4 5 8 9 6 4 2 2 3 4 11 22 24 28 35 44 50 54 57 57 54 53 50 47 46 43 40 40 37 33 32 33 32 40 60 72 61 40 39 51 54 64 66 65 64 66 67 
1 1 0 1 2 2 3 9 15 12 11 10 4 2 2 1 1 6 12 14 17 18 19 22 21 19 22 23 23 23 22 19 20 24 23 23 22 22 21 21 19 21 22 22 23 25 29 29 30 30 29 22 20 18 16 18 19 18 15 13 15 16 17 17 18 19 19 19 19 19 18 14 9 5 3 4 4 7 9 9 8 5 3 2 2 7 17 26 30 32 37 40 43 45 46 45 40 37 36 36 35 30 29 28 29 29 29 30 30 42 64 78 67 39 36 47 52 60 64 64 63 65 66 
1 1 0 0 2 4 6 11 16 13 12 10 8 5 5 3 1 5 14 16 15 17 19 19 21 22 23 24 24 23 23 22 23 23 24 24 25 25 26 26 24 25 28 26 26 30 32 35 35 31 29 24 21 18 18 17 17 17 16 15 16 17 17 16 17 19 19 19 19 19 17 15 10 5 2 3 3 5 7 7 5 3 2 2 4 13 22 26 29 30 31 31 32 30 31 30 25 23 24 26 26 26 28 28 29 31 31 35 39 57 73 84 75 44 36 43 55 65 64 62 63 65 67 
0 0 0 0 1 5 11 13 13 13 12 12 10 9 8 8 7 7 10 15 15 16 16 15 15 17 17 19 19 19 21 21 21 22 24 26 28 30 32 32 29 29 30 31 30 32 36 38 39 35 31 28 24 22 20 19 18 19 19 17 16 18 18 16 17 19 21 21 21 21 19 17 10 6 2 2 3 4 4 4 4 3 2 3 8 20 24 25 24 24 24 24 25 22 22 21 19 18 22 26 29 31 36 38 39 42 44 51 54 67 86 97 99 64 39 38 54 62 64 62 61 63 66 
0 0 0 1 1 5 12 17 15 14 15 13 12 12 10 10 11 10 11 14 15 15 13 12 11 11 10 7 7 7 9 10 12 16 19 23 25 28 31 32 31 29 30 31 31 32 36 38 39 39 38 32 29 26 24 25 28 30 21 16 17 20 24 19 18 21 21 21 22 22 21 17 12 7 3 3 2 3 4 3 4 3 3 4 8 22 23 22 21 18 18 18 19 18 18 21 23 22 25 35 39 45 50 51 53 56 61 67 71 75 104 128 127 90 58 37 51 61 64 64 61 63 66 
0 0 1 1 1 9 17 22 21 17 16 16 15 16 15 15 16 16 16 14 13 12 10 8 7 5 2 2 1 2 3 4 5 9 10 15 17 22 26 28 28 28 28 30 30 30 31 37 42 42 39 38 35 31 30 36 40 40 28 18 18 23 31 26 22 22 22 22 23 23 22 18 12 7 3 3 2 3 4 3 4 3 3 5 10 19 19 18 19 18 18 21 22 21 23 25 30 33 39 49 52 59 63 63 65 68 72 74 81 72 88 136 150 104 64 45 51 61 64 66 61 63 66 
0 0 1 0 1 11 19 25 24 19 17 16 16 16 16 17 16 16 15 12 11 8 5 3 3 3 2 1 1 1 1 2 3 4 4 5 10 14 18 21 24 26 25 25 26 26 27 32 36 39 39 38 35 33 32 42 49 43 32 21 19 25 32 29 22 22 22 22 22 23 21 18 12 9 4 2 1 3 3 3 3 4 3 5 12 18 20 22 24 26 28 32 32 32 36 40 44 50 54 60 65 65 63 64 63 64 65 64 63 64 67 101 172 201 124 103 83 66 67 64 63 63 65 
0 0 0 0 1 10 17 22 21 19 18 17 17 16 15 15 14 12 10 9 9 5 3 3 3 2 2 2 2 2 2 2 4 5 7 8 9 10 11 14 15 18 23 22 22 24 25 26 28 32 37 38 39 37 42 47 45 40 30 21 22 25 28 24 19 18 19 19 19 19 19 18 14 10 5 3 2 2 2 2 3 3 3 4 8 16 22 25 28 31 35 38 39 43 49 51 58 61 63 63 64 60 58 54 53 54 53 52 50 49 52 65 137 177 150 136 98 73 58 59 65 64 64 
1 0 0 0 1 9 15 19 19 19 18 18 17 16 14 12 12 8 7 5 5 4 4 4 3 3 3 5 8 8 8 8 9 11 12 14 14 14 12 12 14 16 18 21 21 23 25 24 26 30 36 39 40 39 43 44 40 35 26 21 23 25 24 21 16 15 16 16 16 16 19 18 14 11 6 5 2 1 1 1 2 3 4 7 10 22 31 36 36 38 44 45 47 48 50 52 58 60 59 56 53 50 49 45 44 43 42 40 39 42 47 66 101 134 174 200 137 92 67 78 78 66 59 
1 0 0 0 1 8 14 17 18 18 18 17 17 12 8 7 5 5 5 5 5 7 8 10 8 8 8 9 11 14 12 14 14 16 18 19 19 19 18 17 17 18 21 23 23 23 24 26 28 32 35 37 37 38 39 39 36 29 23 19 23 26 24 19 16 15 16 16 16 16 18 17 12 12 8 5 2 1 0 1 2 4 7 12 17 30 39 43 42 43 46 45 46 45 45 45 47 48 47 44 40 38 37 35 33 33 33 35 35 38 47 64 70 104 171 198 187 143 132 145 130 94 66 
1 1 1 1 2 10 14 17 17 19 18 17 15 10 5 4 5 6 7 9 9 8 9 11 10 10 11 12 14 15 15 14 16 18 19 21 22 22 23 23 22 22 23 24 26 26 25 29 32 34 35 35 35 36 37 39 38 30 24 22 26 29 27 20 17 16 15 16 18 18 18 16 12 11 9 6 3 1 1 1 3 4 9 18 25 37 44 46 44 43 41 39 37 37 36 36 36 36 37 33 31 30 30 28 29 30 33 36 38 44 47 59 70 95 128 124 199 188 196 220 206 144 82 
1 1 1 1 3 11 14 15 17 18 17 16 11 9 6 5 8 9 9 11 10 10 11 12 11 12 12 14 14 14 14 14 15 17 18 19 19 21 23 25 25 26 28 28 29 30 30 32 37 36 35 35 36 36 37 40 41 32 24 24 25 25 29 29 23 20 17 17 17 17 18 16 12 12 10 5 2 1 1 1 2 3 9 19 30 42 43 44 39 36 32 27 26 26 28 29 31 31 30 29 29 29 30 32 33 33 33 33 49 58 61 81 106 121 137 116 136 173 199 222 220 165 97 
1 0 1 2 4 11 15 15 18 18 17 16 12 11 6 5 8 9 10 11 12 11 12 12 11 11 14 14 14 12 12 14 14 16 16 17 18 19 22 24 26 29 30 30 29 30 31 33 36 36 36 35 36 35 37 42 43 31 22 22 21 21 29 33 29 24 19 18 15 15 18 17 14 12 10 5 1 1 0 0 1 2 9 19 29 31 36 34 29 25 23 20 22 23 24 27 30 29 29 29 30 32 37 39 39 43 44 47 60 70 74 87 127 151 160 97 74 101 139 187 200 153 91 
0 0 1 3 5 11 15 17 18 18 17 16 13 13 11 9 10 11 11 12 14 14 14 12 11 11 14 14 15 15 15 15 16 16 16 17 18 18 18 19 22 24 26 29 28 28 30 31 33 37 36 35 36 36 38 38 38 32 23 19 19 19 26 32 35 31 23 18 16 16 17 16 15 15 14 7 2 1 0 0 1 2 11 17 21 21 23 22 21 21 22 20 23 25 29 32 32 33 32 36 38 44 47 50 52 57 60 65 68 72 77 82 114 150 150 104 49 58 113 169 173 123 74 
0 1 2 4 6 12 16 18 19 18 17 17 15 14 11 10 11 14 15 16 15 15 12 11 11 14 15 16 17 18 18 18 18 18 19 19 19 19 18 19 19 20 21 24 24 24 28 30 31 35 36 35 36 38 38 38 39 36 28 22 20 16 18 25 31 32 26 20 17 17 18 18 18 18 17 10 3 1 1 1 1 4 14 18 17 18 17 15 17 23 26 28 29 31 35 39 42 44 46 50 53 57 60 63 64 65 64 65 64 64 65 65 80 116 128 108 73 87 158 207 180 112 64 
0 0 2 4 5 13 17 19 19 18 17 17 16 16 15 15 15 14 15 15 16 15 14 11 11 12 15 16 17 17 19 19 19 19 23 23 24 24 24 22 22 22 21 21 23 25 28 29 30 32 33 35 36 37 38 38 39 38 33 25 18 10 7 14 23 25 23 22 18 19 20 19 19 19 17 12 4 1 0 1 2 7 14 19 18 19 21 21 22 28 33 37 39 45 45 47 52 54 58 61 64 60 63 61 61 58 54 51 47 46 50 51 60 89 113 106 102 139 215 234 170 100 66 
0 0 1 3 5 12 17 19 18 19 19 19 19 19 18 17 16 15 15 15 13 15 14 11 9 11 14 16 16 17 19 21 22 23 25 25 27 30 29 25 22 23 24 24 24 26 28 28 29 31 33 35 35 36 38 38 38 38 36 28 16 9 4 6 15 23 24 23 21 21 19 18 18 18 15 11 4 1 0 0 2 10 17 24 25 26 29 30 33 40 44 46 50 52 52 52 53 53 54 56 57 49 47 46 44 40 39 38 37 38 42 46 64 93 118 115 133 183 238 223 140 86 67 
0 0 2 5 9 14 18 19 19 18 19 21 22 21 21 18 16 12 12 12 11 11 9 8 8 9 10 14 15 16 18 21 22 23 25 27 29 30 30 26 25 26 26 26 26 28 26 28 29 31 33 33 33 35 35 36 36 35 37 30 17 12 5 5 9 17 21 22 21 19 18 18 16 16 12 10 4 1 0 0 2 10 18 28 31 32 33 33 38 44 44 46 47 46 44 44 43 43 43 40 40 35 33 35 35 35 39 43 43 45 51 58 74 104 139 139 170 214 237 188 102 67 65 
0 1 8 10 12 14 17 17 18 18 19 21 21 19 21 17 15 11 10 10 9 9 8 8 9 9 11 11 12 12 15 17 19 21 22 24 26 25 25 24 24 24 24 26 26 26 28 28 29 31 32 32 32 32 33 34 32 32 33 31 18 10 4 3 5 10 15 15 16 16 15 14 12 11 8 5 2 1 0 0 1 4 12 21 26 25 25 26 31 33 38 40 38 35 34 33 31 31 31 31 32 35 36 37 38 43 53 55 62 66 71 76 88 114 157 158 180 235 208 142 81 60 63 
1 4 10 12 14 15 16 16 18 18 19 19 19 19 17 17 12 12 11 10 10 10 11 12 11 10 10 10 10 10 11 14 16 16 18 21 22 22 21 21 22 22 23 24 26 29 30 30 30 30 30 30 30 30 32 33 31 30 28 24 15 7 3 2 4 7 8 10 11 11 10 10 10 10 7 5 2 1 0 0 1 2 8 14 17 17 17 19 23 24 29 29 26 28 30 29 28 29 30 33 38 45 50 51 52 56 62 74 85 90 88 86 90 107 149 160 189 243 175 101 61 58 60 
5 10 11 14 14 15 17 17 18 19 18 18 20 20 17 17 16 16 15 12 12 14 15 15 14 11 11 10 9 9 11 11 12 15 16 16 16 16 16 18 18 21 23 25 24 26 28 29 29 30 30 30 29 29 30 30 30 28 24 16 9 6 2 1 3 4 5 8 12 12 12 11 12 10 7 4 3 1 0 0 0 2 6 11 14 16 17 19 21 19 21 22 25 32 33 35 38 40 44 46 50 56 59 59 61 64 70 89 100 102 102 101 102 107 118 129 181 195 132 72 56 58 59 
9 12 12 12 14 15 17 16 17 19 17 18 20 22 19 18 19 18 18 18 17 17 16 16 16 14 14 11 11 10 10 11 11 11 12 12 12 11 12 15 17 18 22 23 24 26 26 28 28 29 30 30 29 29 29 29 29 26 23 14 3 6 2 1 2 3 4 6 10 12 14 11 12 10 7 3 2 1 0 0 0 1 6 12 17 24 26 29 29 29 29 30 36 41 42 47 52 54 57 58 57 56 53 49 52 64 78 94 108 108 108 103 89 93 94 121 150 143 97 56 56 58 58 
8 12 15 15 15 16 16 16 17 17 18 18 21 21 22 21 21 21 21 19 18 17 16 16 16 15 14 12 10 9 10 10 7 7 9 10 9 8 8 10 12 12 16 18 22 26 26 26 26 29 28 28 28 28 28 26 28 25 22 12 1 4 1 0 1 2 4 4 7 9 13 13 12 12 9 5 3 1 1 0 1 1 7 18 26 35 38 42 39 44 43 45 48 51 47 51 54 56 53 50 49 40 35 35 35 44 64 79 79 85 80 80 71 67 72 73 116 127 100 71 56 58 57 
10 12 15 15 15 15 16 16 17 18 18 19 21 21 21 22 23 21 19 18 18 17 15 14 15 15 14 14 12 11 12 11 7 7 8 6 6 5 4 5 8 8 10 15 18 23 25 25 26 28 28 29 28 28 28 26 26 24 18 8 1 2 1 0 1 2 4 4 7 14 18 17 13 11 9 6 3 1 1 0 1 1 5 9 17 30 33 36 39 41 40 43 45 45 46 46 46 45 43 42 39 26 24 26 23 25 40 58 64 68 65 65 66 68 77 79 103 123 115 82 58 57 57 
11 12 14 15 14 15 16 17 17 18 19 19 21 19 22 22 21 21 19 18 17 17 16 15 14 15 16 16 16 15 16 16 14 14 14 14 13 12 11 10 9 11 16 18 22 25 22 23 27 29 28 28 28 26 26 26 24 22 13 4 1 1 1 0 1 1 3 5 10 18 23 23 19 12 8 5 2 1 1 0 0 0 1 2 9 17 24 25 26 29 32 35 36 37 39 39 39 36 33 32 29 26 26 25 22 24 36 48 53 53 52 50 54 64 82 107 121 135 130 90 65 57 56 
11 14 16 16 15 16 15 17 17 18 18 19 19 19 19 19 19 18 18 18 17 16 17 16 17 19 21 19 18 18 19 22 21 21 22 22 20 19 17 15 15 17 20 20 23 25 22 23 25 27 26 28 26 26 26 25 23 17 8 2 1 1 1 0 1 1 2 7 12 18 26 30 27 17 8 5 2 1 1 0 0 0 0 2 7 11 16 17 19 22 24 26 29 30 31 36 35 33 31 29 28 29 29 28 26 29 39 50 54 54 51 44 50 60 89 139 151 146 124 87 65 58 56 
14 15 16 17 16 15 16 17 17 19 19 19 19 19 19 19 19 18 18 17 16 17 18 17 17 21 23 24 22 18 16 19 20 20 20 20 19 17 16 16 16 18 18 19 22 23 22 23 23 24 24 25 25 24 23 21 19 12 5 1 1 0 0 0 1 1 2 4 10 19 29 35 32 23 12 7 2 1 1 0 0 0 0 2 5 10 11 14 18 22 24 24 24 26 30 31 32 31 30 30 29 29 29 28 29 32 41 54 54 50 45 42 43 53 102 163 164 135 97 63 56 57 56 
15 16 16 16 15 15 16 16 17 19 21 22 22 22 19 19 19 19 18 17 16 17 17 15 16 22 23 23 21 16 11 10 13 17 18 17 15 13 13 15 15 17 19 19 20 20 19 20 19 21 21 21 22 21 19 16 13 6 3 1 1 0 0 0 1 1 2 2 9 19 31 37 39 36 25 12 1 1 0 0 0 0 0 1 7 9 15 16 19 22 25 25 25 28 30 30 30 31 30 30 29 29 29 29 30 36 43 59 57 45 43 40 32 38 87 130 120 87 63 50 53 57 54 
15 16 16 15 15 16 16 18 19 21 22 23 22 22 21 19 19 18 17 16 17 16 15 11 12 21 22 18 17 11 9 10 11 15 18 17 15 14 12 12 15 19 22 20 17 16 16 15 12 15 15 16 16 14 11 8 4 2 1 1 1 1 1 1 0 1 1 3 10 19 30 38 40 40 37 24 8 1 0 0 0 0 1 2 7 10 16 17 18 22 24 26 25 28 30 30 30 31 30 30 30 30 30 29 30 38 52 60 55 32 33 33 31 32 45 52 56 47 47 50 53 56 54 
