17 17 17 18 18 18 18 17 17 18 17 17 17 18 17 18 18 21 21 21 18 18 19 19 19 22 23 23 23 23 23 25 27 29 30 31 29 29 29 26 25 24 22 21 21 21 19 18 19 19 19 19 18 18 18 18 18 18 17 17 18 18 18 19 19 18 17 18 18 18 19 19 19 18 18 17 17 17 17 18 19 18 18 19 19 19 19 21 21 21 24 28 30 51 118 184 226 239 234 187 110 38 14 8 
16 16 16 17 17 17 17 16 16 17 17 17 17 18 17 17 18 21 23 22 18 17 17 19 19 22 22 23 23 22 22 24 26 29 31 33 31 30 29 25 23 22 21 21 19 19 18 17 18 19 18 18 18 18 18 18 18 18 18 17 18 18 18 17 18 18 18 18 18 18 18 18 18 18 18 18 18 18 18 18 19 18 18 19 19 19 21 21 21 21 24 26 31 58 132 188 224 236 221 156 82 27 12 6 
16 16 16 16 16 16 16 16 17 17 17 17 17 17 17 19 22 30 41 38 25 27 27 38 56 57 72 92 102 103 104 102 101 106 114 127 138 137 123 101 73 36 26 24 23 21 18 17 18 18 18 18 17 17 17 17 18 17 17 17 17 18 18 19 18 17 18 18 17 18 18 18 19 19 18 18 18 18 19 19 18 18 19 19 19 19 19 21 21 21 22 21 29 68 142 195 228 233 199 118 50 16 8 3 
16 17 17 17 17 16 16 16 17 17 17 17 17 17 17 19 26 31 40 44 44 55 67 73 95 111 129 153 172 181 185 185 184 191 199 195 182 162 136 108 77 54 39 34 27 25 21 17 17 21 19 18 18 18 18 18 18 17 17 17 18 19 18 19 19 17 18 18 18 18 19 19 19 19 19 21 21 21 21 19 19 19 19 19 19 19 19 19 21 22 22 17 31 79 150 205 229 221 173 84 30 11 6 3 
16 17 17 17 17 17 16 16 17 17 17 19 18 17 18 19 29 36 47 66 93 113 129 130 139 158 180 197 215 230 236 236 235 240 241 223 192 159 124 87 56 52 52 39 33 32 28 22 20 23 21 20 19 18 18 18 18 18 18 18 18 18 17 18 18 17 18 18 18 18 19 19 19 19 19 21 21 21 21 19 19 19 19 19 19 19 19 19 21 21 22 20 40 92 160 206 220 206 148 53 16 7 4 1 
16 17 17 17 17 17 16 17 18 17 17 19 18 18 17 18 32 49 75 114 153 178 188 185 180 186 210 222 234 242 245 248 248 249 246 238 222 196 165 122 81 65 60 47 42 42 31 23 25 28 19 20 19 18 18 18 18 18 18 18 18 18 18 18 18 17 18 18 18 18 18 18 19 19 19 19 19 19 19 19 19 18 19 19 19 19 19 19 21 21 22 23 41 100 169 205 212 185 109 30 9 5 4 2 
17 16 16 17 17 17 17 19 20 19 17 14 16 18 19 26 38 58 106 158 195 212 207 203 202 207 223 237 242 246 247 249 249 248 249 248 242 229 210 185 146 121 113 84 58 42 37 38 38 31 21 21 18 18 19 18 18 18 17 17 18 18 18 18 17 17 18 18 18 18 18 19 20 18 18 18 18 18 18 19 19 18 19 19 19 19 19 19 21 22 24 24 46 107 173 202 205 158 71 22 9 3 2 1 
17 17 17 17 17 17 18 19 20 19 18 15 22 26 26 36 49 87 144 192 219 223 213 208 215 222 236 245 248 248 248 248 248 247 248 247 243 239 235 223 200 187 191 156 111 72 61 57 49 37 30 23 21 21 21 19 19 19 18 18 17 17 17 17 17 17 19 19 18 18 18 19 19 18 18 18 18 18 18 18 19 18 19 19 19 19 19 19 21 20 24 26 60 120 178 196 193 137 53 12 6 4 3 1 
17 16 16 16 17 18 18 18 19 21 22 25 37 47 58 67 89 144 192 220 230 229 228 227 231 236 245 247 250 250 250 249 248 246 244 237 233 231 229 223 220 218 217 210 186 150 120 87 57 38 33 24 23 23 22 22 20 19 18 18 17 17 17 17 17 17 19 19 18 19 19 18 18 18 18 18 18 18 18 18 19 18 19 19 19 19 19 19 21 20 24 28 74 144 190 207 187 115 38 7 4 2 2 1 
17 16 16 16 17 18 18 17 21 23 26 39 61 95 125 143 172 208 227 235 236 235 237 239 240 242 245 246 245 245 244 242 237 229 221 209 196 189 186 187 196 200 213 222 219 206 188 150 101 58 43 30 24 24 23 23 22 18 18 18 17 17 17 18 17 17 18 19 18 19 19 18 19 18 18 18 18 18 18 18 19 19 19 19 19 19 19 19 21 20 24 31 92 158 200 210 179 95 26 5 3 2 1 1 
16 16 16 17 17 18 18 18 16 23 37 60 97 151 194 214 235 243 243 241 238 238 240 241 241 238 236 229 220 213 198 180 166 146 134 122 116 111 115 123 145 162 188 215 222 222 219 205 170 120 74 46 35 29 26 26 27 23 19 19 19 17 18 18 18 18 19 18 18 18 18 18 18 18 18 18 18 18 18 18 18 18 18 18 18 20 20 19 19 19 24 32 106 167 206 208 164 80 22 3 3 1 1 1 
16 16 16 17 18 18 19 21 25 46 74 109 158 207 236 243 247 250 246 241 238 238 240 241 234 224 214 198 174 153 134 116 100 81 72 67 64 70 84 96 120 143 165 192 199 199 208 215 207 180 137 95 68 56 56 55 57 37 25 20 19 17 17 17 19 19 19 19 18 18 18 18 18 18 18 18 18 18 18 18 18 18 18 18 19 19 19 17 17 20 24 35 120 177 210 201 143 61 16 3 3 1 1 1 
16 16 16 17 18 17 19 24 38 82 136 180 224 240 240 242 246 247 246 244 240 236 240 239 217 208 184 152 120 91 74 66 53 39 35 39 40 57 87 116 145 171 185 189 189 189 196 211 214 220 205 168 138 129 129 116 92 57 31 22 19 19 18 17 21 21 19 19 18 18 18 18 18 18 18 18 18 18 18 18 18 18 18 18 19 18 17 16 16 19 24 51 132 187 213 198 132 51 11 4 3 1 1 1 
16 16 16 18 18 19 26 35 61 125 185 222 242 242 245 246 246 244 242 240 231 224 230 229 201 180 142 101 74 55 46 39 31 26 25 35 44 68 103 142 180 193 203 206 201 193 193 199 199 209 216 207 195 189 180 151 107 67 37 23 18 17 18 18 18 19 19 18 18 18 18 18 18 18 18 18 18 18 18 18 18 18 18 18 19 18 18 17 16 19 30 79 152 201 220 199 122 40 7 4 3 1 1 1 
16 17 18 19 21 25 43 65 111 185 214 230 235 238 240 234 226 221 210 200 187 179 188 196 172 137 99 66 45 35 32 26 23 24 31 39 50 72 97 138 178 192 218 231 227 217 209 197 188 196 213 220 217 210 198 165 117 75 45 32 26 24 22 18 18 18 18 18 18 18 18 18 18 17 17 17 17 17 17 17 17 17 17 18 18 19 19 19 18 19 31 78 145 194 212 193 116 31 5 3 3 1 1 0 
16 17 19 22 24 39 70 108 160 208 216 226 234 229 215 194 171 160 141 124 114 110 117 135 124 88 65 44 25 23 22 19 21 24 33 43 50 60 74 100 138 160 201 228 229 223 208 196 188 193 210 224 228 227 219 188 141 93 63 49 45 42 32 23 19 19 18 18 18 18 18 18 18 17 17 17 17 17 17 17 17 17 17 18 18 18 19 19 19 19 26 64 116 165 186 173 106 28 5 3 3 0 0 0 
17 17 16 24 33 60 104 149 196 220 216 217 213 195 169 134 102 90 70 56 54 52 52 72 72 47 41 26 15 15 17 18 22 24 29 37 43 45 46 57 81 101 132 166 180 174 166 171 175 182 205 225 232 239 237 212 159 106 78 68 60 50 38 25 18 19 19 18 18 18 18 18 18 17 17 17 17 17 17 17 17 17 17 18 18 18 18 18 19 22 24 60 99 149 174 159 92 28 6 4 2 0 0 0 
19 18 18 23 33 68 129 178 215 225 207 186 166 142 108 67 39 37 31 24 25 24 25 34 34 30 27 16 12 14 16 17 18 19 23 26 29 30 28 33 40 56 71 95 104 109 117 135 157 160 189 223 235 245 244 227 170 111 82 77 63 45 34 25 19 21 21 19 19 19 19 18 18 17 17 17 17 17 17 17 17 17 17 18 18 18 18 18 19 23 30 68 102 146 172 150 85 32 10 2 2 0 0 0 
18 18 19 21 38 79 146 194 212 196 166 131 108 80 54 32 17 12 16 16 10 10 17 21 22 22 21 15 12 11 11 13 13 15 17 18 18 20 22 23 24 26 31 43 49 59 74 99 129 136 160 198 223 238 239 233 185 125 88 72 57 37 26 23 21 22 21 19 19 19 19 18 18 17 17 17 17 17 17 17 17 17 17 18 18 17 16 16 18 33 54 102 132 158 169 144 85 38 13 1 2 0 0 0 
18 19 21 24 52 104 160 184 173 144 118 82 56 36 25 19 12 9 10 10 8 5 8 12 16 12 11 10 9 8 7 8 9 10 10 9 10 12 16 15 14 12 12 18 26 31 45 67 92 108 130 151 180 214 228 231 207 150 101 67 51 33 21 18 19 19 21 19 19 19 19 18 18 18 17 17 17 17 17 17 17 17 17 17 16 16 14 15 21 60 95 149 172 175 169 138 85 38 15 1 2 0 0 0 
18 22 24 36 71 130 166 152 117 81 67 45 26 16 12 9 7 7 8 8 7 5 8 9 11 12 11 8 7 5 4 4 4 5 5 5 5 8 9 9 9 9 10 16 19 22 30 45 59 72 93 114 144 186 212 227 224 179 129 90 59 33 19 18 19 18 19 19 19 19 19 18 18 18 17 17 17 17 17 17 17 17 17 18 17 16 15 17 35 85 122 171 184 178 169 134 81 32 15 1 1 0 0 0 
19 23 26 40 85 139 147 108 64 37 38 33 21 11 11 9 5 5 7 7 7 8 10 10 11 12 10 7 7 5 4 4 5 5 5 5 5 5 5 7 8 8 9 11 15 17 21 31 43 54 67 90 116 142 174 209 224 203 174 144 93 43 25 24 18 17 19 19 19 19 19 18 18 18 17 17 17 17 17 17 17 17 17 18 17 17 16 22 49 82 113 142 144 142 144 125 85 39 15 1 1 0 0 0 
18 19 24 46 90 125 110 66 31 15 18 19 12 9 10 9 6 6 8 9 10 12 12 11 12 10 7 5 5 4 5 5 4 5 5 5 4 4 4 5 7 8 9 9 10 12 15 22 28 37 44 56 71 87 128 182 226 233 221 198 136 65 32 25 16 16 19 19 19 19 19 19 19 19 19 18 18 18 18 18 18 18 18 18 17 17 17 25 49 60 80 95 93 95 104 109 86 49 15 2 1 0 0 0 
17 19 29 56 93 101 71 31 14 8 7 7 5 6 9 9 8 8 6 8 10 13 13 12 12 8 5 5 4 3 4 4 4 4 4 4 4 4 3 3 4 5 5 5 7 9 11 14 17 22 24 28 37 51 87 150 212 240 241 223 162 82 36 23 18 18 19 19 19 19 19 19 19 19 19 18 18 18 18 18 18 18 18 18 17 17 18 25 38 46 59 66 65 66 77 87 78 44 14 2 1 0 0 0 
18 17 35 65 95 89 53 21 9 9 7 6 6 4 7 5 5 5 5 7 9 12 12 11 9 7 4 4 4 4 4 4 4 3 3 3 3 3 3 3 3 3 3 4 5 8 9 10 12 12 17 22 23 30 59 118 187 233 241 233 178 95 42 26 23 21 21 20 20 19 20 20 20 19 19 18 18 17 17 17 17 17 17 17 17 16 18 23 32 46 56 52 49 46 56 61 64 37 14 3 3 0 0 0 
18 17 39 80 106 87 43 16 10 8 5 5 5 4 4 4 4 4 5 5 7 9 9 8 6 4 4 4 4 4 3 3 3 3 3 3 3 3 3 3 2 2 3 3 4 6 6 8 9 9 14 15 16 22 45 89 157 220 241 240 194 110 47 26 22 21 21 20 20 19 20 20 20 19 19 18 18 17 17 17 17 17 17 17 17 16 18 22 29 43 50 47 40 36 37 38 43 29 13 4 3 0 0 0 
19 25 51 97 122 88 32 7 7 5 4 5 4 5 6 5 3 3 4 5 5 8 8 6 4 3 3 3 3 3 3 3 3 3 3 3 3 3 2 2 2 2 2 2 3 4 5 6 8 9 11 12 14 17 29 49 107 177 214 226 189 111 50 25 19 21 19 20 19 19 19 19 20 18 18 17 17 16 16 16 16 16 16 16 17 17 19 22 28 33 42 46 39 35 34 32 30 21 18 5 5 0 0 0 
21 29 58 108 135 94 28 4 8 4 5 4 3 4 6 5 4 3 3 4 5 5 5 5 4 2 3 3 3 3 3 3 3 2 3 3 3 2 2 2 2 2 2 2 3 4 4 6 8 9 10 11 14 15 22 36 70 117 163 195 188 130 64 30 21 22 21 20 19 19 19 19 19 18 17 16 16 16 16 16 16 16 16 16 17 17 18 21 25 31 43 45 39 36 35 32 31 21 18 5 5 0 0 0 
23 31 60 109 136 101 35 7 6 3 4 3 3 5 4 5 5 4 3 3 5 5 4 2 2 2 3 2 2 3 3 3 3 2 4 3 2 2 2 2 2 1 2 2 3 3 4 5 7 7 9 11 13 11 12 17 35 71 110 158 182 150 79 33 25 24 21 21 19 18 18 18 18 18 17 16 16 16 16 16 16 16 16 16 17 18 18 20 24 31 44 46 39 36 34 36 35 26 23 9 9 1 1 0 
23 33 54 101 131 104 46 14 4 3 4 3 3 5 4 4 4 3 2 3 3 4 4 2 2 2 2 2 1 3 3 3 3 3 3 3 2 2 2 2 2 1 2 2 3 4 3 4 5 7 10 11 11 10 10 10 22 49 78 123 158 143 85 42 31 23 22 22 19 18 18 17 17 17 16 16 15 16 16 16 16 16 16 16 17 18 19 20 25 30 42 46 39 36 35 37 35 27 23 10 9 1 1 1 
21 31 47 90 130 121 64 18 4 3 3 2 2 3 4 4 3 2 2 3 2 3 3 3 3 1 2 2 1 2 4 4 4 3 4 4 2 2 2 2 2 2 2 3 3 5 4 4 5 9 12 12 10 10 13 12 17 31 52 96 134 134 92 51 35 24 23 22 19 18 18 18 18 17 17 16 15 16 16 16 16 16 16 16 16 18 18 18 24 32 43 46 44 39 33 39 37 32 29 16 14 2 2 1 
21 29 43 82 128 129 73 19 1 2 2 1 1 2 2 2 1 1 1 1 1 2 2 2 3 1 2 2 3 3 3 4 4 4 3 3 3 2 2 2 3 3 3 3 3 5 4 3 4 9 11 12 10 9 11 10 14 21 39 82 127 142 111 60 31 23 24 22 19 18 18 18 18 17 17 16 16 16 16 16 16 16 16 16 16 17 18 19 23 35 47 50 51 45 33 39 39 34 31 17 14 2 3 1 
21 26 41 78 111 102 54 14 2 2 1 1 1 2 2 2 2 1 1 0 1 1 1 2 3 2 2 3 3 3 4 4 4 5 5 3 3 4 4 4 4 3 3 3 3 5 4 3 4 5 7 7 5 6 8 9 12 19 31 73 122 148 125 71 31 22 24 22 19 18 18 17 18 17 17 16 16 16 16 16 16 16 16 16 16 17 18 19 23 32 46 54 58 50 32 38 38 35 33 22 19 6 6 1 
21 24 38 64 86 76 40 9 1 1 1 0 0 1 1 1 2 1 1 1 1 1 2 2 2 3 4 4 4 4 5 4 4 4 4 4 4 4 4 4 5 3 3 3 3 4 4 3 3 3 3 3 3 4 6 9 11 18 29 65 121 153 136 78 31 21 24 22 21 19 19 18 18 17 17 17 17 16 16 16 16 16 16 16 16 17 18 19 22 26 39 50 58 51 35 38 38 36 35 23 20 6 6 1 
22 24 37 64 76 57 26 7 1 1 0 0 0 0 0 1 1 1 1 2 2 2 2 3 3 4 5 6 8 8 6 5 4 5 4 4 4 4 3 4 4 3 3 4 3 3 3 2 2 2 2 2 1 2 4 9 12 18 28 59 110 155 141 81 32 23 24 21 21 19 19 18 18 18 17 17 17 16 16 16 16 16 16 16 16 17 18 19 21 25 36 44 54 54 38 35 36 37 34 25 23 11 9 2 
22 26 38 65 79 52 19 4 1 1 1 1 1 1 1 1 1 1 1 1 2 2 3 4 4 5 7 8 9 8 8 5 5 6 5 5 4 4 4 4 4 2 2 3 3 3 2 2 2 2 2 2 1 2 2 5 11 15 24 51 96 143 142 89 35 24 24 21 21 19 19 18 18 17 17 17 17 16 16 16 16 16 16 16 16 17 18 19 19 25 36 44 56 61 50 35 37 39 36 27 24 12 10 3 
19 25 37 58 71 51 19 1 0 1 1 1 2 1 1 1 1 2 1 2 2 2 2 3 3 5 7 8 7 7 7 7 7 7 7 7 7 5 4 5 4 4 4 4 3 2 2 1 2 2 2 2 2 2 4 8 11 12 21 36 78 124 131 90 37 25 25 22 21 19 19 18 18 18 17 17 17 17 17 17 17 17 17 17 16 18 19 19 18 24 36 44 58 70 65 42 39 39 37 31 28 15 14 5 
21 22 32 46 63 53 21 1 0 2 0 0 1 1 1 1 1 2 2 2 2 2 2 2 4 5 7 7 7 8 9 8 8 9 10 10 9 7 8 6 5 4 4 4 3 2 2 2 2 2 2 2 2 3 5 8 10 11 21 29 64 104 114 82 42 28 26 24 21 21 19 19 19 18 18 17 17 17 17 17 17 17 17 17 16 18 19 19 19 24 37 46 58 68 75 61 45 40 38 31 30 18 15 8 
20 24 31 50 73 67 30 3 0 2 1 1 1 1 1 3 2 2 2 2 2 3 3 4 5 7 9 10 9 10 11 11 12 12 12 12 11 11 10 8 5 3 3 3 2 3 3 4 4 4 4 3 3 5 8 7 7 16 26 33 60 84 84 65 38 29 26 25 22 21 22 21 19 19 18 17 17 17 17 17 17 17 17 17 16 18 19 20 20 22 25 38 53 67 84 82 61 43 37 36 34 27 22 15 
20 24 32 63 89 85 42 4 0 2 1 1 2 1 1 3 3 2 2 3 4 7 5 7 9 10 10 12 12 14 14 15 17 16 15 15 16 15 14 10 8 5 4 2 2 3 3 4 4 4 4 3 3 5 8 7 9 18 33 46 58 66 64 52 45 40 37 32 25 21 21 19 19 19 18 18 17 17 17 17 17 17 17 17 16 18 19 20 20 21 21 33 46 68 87 86 66 49 39 36 34 31 25 21 
19 21 33 71 109 101 51 7 1 2 1 1 3 2 3 4 4 4 4 5 7 9 9 11 12 14 14 16 17 16 17 17 18 18 18 18 18 17 17 14 10 8 4 2 2 2 2 3 5 3 2 4 3 5 6 8 11 27 46 65 71 73 80 79 84 90 77 51 33 21 18 19 21 19 18 19 18 18 18 18 18 17 17 17 16 18 19 19 19 20 22 29 42 60 80 87 70 55 43 39 36 31 29 24 
19 18 30 65 104 102 51 9 1 2 2 3 3 4 4 6 6 7 9 10 11 11 12 14 15 16 17 19 19 19 19 19 19 21 21 22 22 21 19 16 14 11 7 4 3 2 1 2 5 2 2 4 3 4 5 9 17 46 81 104 114 115 131 143 148 145 115 72 43 22 17 18 21 19 19 21 19 19 19 18 18 18 18 17 17 18 19 19 19 20 22 25 35 47 61 73 71 57 46 40 36 30 30 28 
18 19 26 44 68 74 46 15 3 3 3 4 4 4 5 7 8 9 10 12 15 15 15 17 18 19 22 21 21 22 22 22 23 23 23 24 23 23 22 21 19 18 14 9 8 7 3 3 4 4 5 5 4 4 7 15 34 66 117 150 157 153 158 162 159 131 99 66 43 27 19 17 19 19 19 21 21 21 19 19 19 18 18 18 17 18 18 19 19 19 22 22 29 39 51 65 74 65 47 39 36 33 33 29 
18 19 25 32 43 49 40 19 4 3 5 5 6 8 10 10 10 11 14 15 16 17 17 20 22 23 23 22 22 23 24 24 25 25 25 25 25 25 25 24 23 22 21 18 16 12 8 7 8 7 7 10 10 11 12 20 48 93 143 160 142 118 111 103 87 66 46 29 23 22 22 23 21 19 19 21 21 21 19 19 19 18 18 18 17 18 18 19 19 19 20 22 23 30 40 51 60 60 49 40 36 33 33 29 
19 18 22 26 33 40 40 26 10 4 5 6 6 9 12 14 14 14 15 18 18 20 22 23 24 24 23 23 23 23 24 25 25 25 25 25 25 26 25 25 25 25 25 26 23 18 16 16 14 11 15 22 20 18 21 28 60 107 163 169 128 82 54 42 37 32 25 20 19 22 22 22 22 19 19 22 22 21 21 19 19 18 18 18 17 17 17 18 18 17 19 20 20 23 29 38 47 52 45 39 35 31 31 30 
19 19 22 24 30 39 45 33 17 8 8 6 8 11 12 14 15 16 17 19 20 22 24 24 24 24 24 23 23 24 24 25 25 25 25 25 26 26 26 26 26 26 25 26 24 21 21 21 21 21 23 25 22 22 28 31 56 100 139 145 113 63 30 24 25 25 24 25 24 22 22 19 19 21 19 22 22 21 21 19 19 18 18 18 17 17 17 17 17 17 18 20 19 19 21 23 33 42 38 36 35 32 32 30 
19 22 22 21 23 36 50 50 32 11 7 6 9 12 16 16 16 17 18 20 22 22 23 24 24 24 25 24 24 24 25 25 26 26 26 26 25 25 26 26 28 26 26 25 24 24 25 25 25 26 29 29 25 23 22 27 39 72 92 104 92 56 29 25 25 24 23 23 22 18 19 19 19 19 21 21 22 21 21 19 19 19 17 16 16 16 16 17 17 17 18 18 18 18 21 23 23 25 30 33 33 32 32 31 
19 20 20 19 21 32 47 53 40 17 4 6 9 14 19 18 17 17 18 20 22 22 22 23 24 24 25 24 25 26 26 26 26 26 25 26 26 28 28 28 28 28 26 26 25 26 30 30 29 31 32 33 32 23 19 23 24 43 56 73 64 42 25 24 25 24 21 19 19 17 18 18 19 18 21 22 22 21 21 19 19 18 18 17 17 17 17 17 17 16 18 18 17 18 21 23 23 25 27 29 31 33 33 32 
18 18 18 19 22 26 40 47 38 23 10 6 10 16 22 19 17 17 17 20 23 23 23 23 24 25 25 25 26 26 26 26 26 25 25 28 28 28 29 28 28 26 25 24 24 25 29 30 29 30 30 32 32 28 25 18 21 39 56 61 60 43 26 22 24 24 21 18 18 18 18 18 18 19 19 21 21 21 21 19 19 19 18 17 17 17 17 17 16 17 18 18 17 18 21 23 22 22 28 28 30 34 36 33 
19 19 19 21 22 26 49 72 58 32 18 9 11 19 23 19 17 17 17 20 22 22 22 22 23 24 24 24 25 25 25 25 26 26 26 25 28 28 28 26 26 25 23 22 22 22 24 25 26 29 30 32 31 30 29 26 28 42 59 73 63 44 26 21 25 25 22 21 19 18 19 19 19 19 19 21 21 21 21 21 21 19 19 18 17 17 17 17 18 18 18 18 19 19 18 18 18 18 23 28 32 37 37 35 
19 19 21 22 28 46 82 121 102 46 17 9 11 22 24 18 17 17 17 17 19 19 19 20 22 23 23 23 23 23 23 23 24 25 25 25 26 27 26 24 23 23 22 18 17 18 19 22 24 24 25 31 29 29 33 36 36 45 59 68 64 42 24 21 23 23 22 21 21 21 21 19 19 19 19 21 22 22 22 21 19 21 21 19 19 17 17 17 18 18 18 21 21 21 21 18 18 18 19 24 30 33 33 33 
19 19 19 19 31 61 111 146 126 54 16 9 11 21 23 19 17 16 15 16 17 18 18 18 19 18 20 19 19 21 21 21 22 22 23 23 23 24 23 20 17 16 15 11 11 11 15 17 19 21 24 30 26 32 38 38 42 49 60 67 64 36 22 21 21 19 22 22 21 19 21 19 19 19 19 21 21 22 21 21 21 21 21 21 18 18 18 19 19 19 19 19 18 22 24 22 24 25 24 25 27 33 36 35 
19 19 19 19 28 60 101 108 93 46 15 10 10 18 22 19 17 16 15 15 16 15 15 15 14 13 13 15 17 17 18 19 19 20 23 22 21 19 17 15 12 10 9 9 9 9 12 17 17 19 26 28 28 35 38 44 50 53 61 67 65 36 24 21 19 21 21 22 21 19 19 19 19 19 19 21 21 22 22 21 21 21 19 19 19 19 18 18 18 17 17 18 22 30 37 37 38 39 35 29 28 35 38 38 
19 21 21 22 32 57 72 61 51 33 14 8 8 14 19 19 18 17 16 16 15 12 11 11 11 11 11 11 12 15 16 17 16 18 20 19 18 17 15 12 9 8 7 5 8 9 11 16 19 22 29 30 32 39 46 49 51 53 58 64 63 33 25 23 19 19 21 21 21 21 17 18 19 19 18 21 21 22 22 21 19 19 19 21 21 21 21 22 22 25 30 42 52 61 71 75 71 66 54 35 28 31 35 35 
21 22 22 23 32 51 60 49 32 18 9 7 8 12 17 18 18 17 16 16 14 10 10 9 9 9 10 10 10 11 12 13 13 15 16 17 16 15 14 11 7 4 4 3 5 7 10 15 18 22 30 32 37 43 47 49 50 51 58 60 57 33 26 23 19 19 19 21 21 19 19 19 19 19 19 21 22 22 22 21 19 20 22 23 22 19 26 35 43 59 74 86 93 102 109 103 93 80 59 39 29 31 29 26 
21 19 21 22 28 49 60 45 24 8 5 5 9 14 16 18 18 17 16 16 14 12 11 9 8 7 7 6 6 8 9 10 12 12 13 16 15 14 12 10 5 3 3 3 3 3 8 14 15 21 28 33 39 42 43 45 42 49 59 64 49 30 25 23 19 19 19 19 21 21 21 19 19 19 21 18 22 23 19 18 18 19 22 25 24 30 47 66 81 99 116 122 120 113 100 90 78 63 44 35 28 20 16 15 
21 19 19 19 28 49 59 44 22 5 3 3 7 12 15 18 18 17 16 16 14 12 11 9 8 5 4 5 5 5 7 10 12 14 15 16 16 15 12 10 7 5 4 5 5 5 9 16 18 24 31 37 42 40 42 43 43 53 64 66 49 28 24 22 19 19 19 19 21 19 19 19 19 22 19 19 22 21 21 18 17 19 25 33 46 68 91 114 117 117 116 103 92 77 57 49 39 29 22 24 21 12 9 9 
19 19 21 23 30 49 56 42 23 5 2 3 7 10 15 17 18 17 16 15 14 12 10 8 5 4 4 5 5 8 9 11 15 15 15 16 17 18 17 14 11 9 10 10 11 11 15 22 24 28 33 38 42 40 40 40 46 56 65 65 47 26 23 22 21 21 21 21 21 19 18 19 19 19 19 21 19 19 18 18 23 24 33 52 79 105 122 126 112 96 79 57 43 33 26 21 16 13 13 14 12 12 10 10 
21 17 22 27 37 57 73 61 31 5 2 4 6 10 12 15 18 17 16 16 14 12 11 9 7 7 8 8 10 11 11 11 14 16 18 19 19 21 22 21 18 18 18 18 18 18 19 25 28 26 30 33 37 38 37 38 43 57 65 64 44 24 23 22 21 21 19 19 19 19 18 18 19 19 19 19 18 19 18 21 22 43 58 83 108 116 111 95 74 58 43 28 19 18 17 13 12 11 11 11 11 10 10 9 
19 21 24 29 47 86 113 82 32 5 2 4 4 8 11 15 17 17 17 17 16 14 12 12 11 11 12 12 12 12 12 12 14 16 18 22 23 23 24 24 24 23 22 21 21 22 23 26 28 26 30 32 36 37 38 40 44 58 67 61 39 24 22 21 19 19 19 19 18 18 17 18 19 19 19 19 18 18 20 26 32 57 81 109 119 107 90 67 43 30 18 14 14 15 13 12 12 11 10 10 10 10 10 9 
19 22 24 33 68 118 135 88 31 4 4 3 2 5 11 14 16 17 17 17 17 18 17 15 15 16 16 15 13 13 13 14 14 15 18 23 25 26 26 25 25 24 23 21 21 21 23 29 30 27 30 31 33 37 40 42 46 60 70 60 38 24 23 21 19 18 18 18 17 18 18 18 19 19 19 18 18 16 22 32 40 69 101 113 101 80 57 37 22 15 12 10 11 11 11 11 10 9 9 10 10 12 14 12 
21 22 22 38 87 130 124 72 25 3 4 3 2 4 10 12 16 16 16 17 18 18 18 17 17 17 17 17 16 15 15 14 14 16 18 22 24 25 28 28 28 26 26 25 23 22 23 29 30 27 29 30 32 38 47 50 53 58 65 52 36 24 23 21 19 18 19 19 18 19 18 18 18 19 19 19 17 15 22 35 46 78 104 101 80 51 25 11 10 9 10 9 9 11 11 11 10 10 10 10 10 12 12 12 
21 21 19 41 90 120 96 47 16 4 3 2 2 4 9 11 14 16 16 19 20 19 19 18 18 17 17 17 16 15 14 14 14 15 17 22 24 25 28 30 30 29 28 29 28 25 25 28 29 28 29 30 33 42 51 54 54 52 47 37 29 21 21 21 19 21 19 19 19 18 19 19 19 19 19 19 17 17 25 38 57 86 100 82 51 25 16 14 11 10 10 10 10 10 10 11 11 10 10 11 11 12 12 11 
19 21 22 40 81 103 77 33 12 3 3 2 2 4 6 9 12 15 16 19 20 22 21 19 19 19 19 17 16 15 15 14 14 15 17 20 24 25 28 29 29 28 28 29 29 27 27 28 29 30 29 29 33 43 53 58 52 43 26 21 21 19 19 19 21 21 21 19 19 18 19 19 19 18 19 19 18 22 32 44 65 87 88 61 31 16 14 11 10 9 9 9 9 10 10 10 10 10 11 11 11 11 11 11 
19 19 23 36 64 83 62 26 9 3 3 2 2 3 5 7 10 12 15 17 19 23 23 21 21 21 19 18 17 16 16 15 14 15 17 22 23 25 26 28 28 28 26 26 26 26 26 29 29 31 30 30 35 44 52 56 46 38 25 19 19 18 19 19 19 18 18 18 18 18 18 19 20 19 20 22 22 23 35 51 67 80 75 49 22 11 7 10 10 8 8 6 8 9 9 10 11 11 11 12 12 14 14 12 
19 21 22 31 50 66 52 22 7 3 3 2 2 3 4 4 8 11 14 16 18 22 22 22 22 22 19 19 18 16 15 15 15 16 18 22 23 24 25 26 26 26 26 26 26 29 29 29 31 32 32 31 36 45 53 54 43 34 25 19 19 18 19 19 19 18 18 17 18 19 18 19 20 19 20 23 23 23 36 54 71 74 63 37 12 5 7 9 10 9 9 8 9 10 10 10 12 12 14 14 14 15 15 14 
19 19 21 25 37 55 50 24 9 4 4 4 2 2 2 3 5 10 13 15 16 18 21 22 23 22 21 19 18 16 16 16 17 18 18 19 22 25 25 25 25 25 25 26 26 29 29 29 31 32 33 32 36 47 54 54 42 31 23 18 18 17 19 18 17 16 16 16 17 19 17 19 22 21 22 24 27 31 45 61 71 68 47 25 11 10 11 12 13 12 12 11 11 12 12 12 14 14 14 15 16 16 15 15 
19 19 22 23 29 47 52 33 15 5 7 4 2 2 2 3 4 9 12 14 15 17 19 21 22 22 22 21 18 17 18 17 16 17 19 21 21 22 23 23 23 24 25 26 28 29 30 30 32 33 33 31 35 46 55 54 42 30 23 18 18 18 18 18 18 17 17 18 17 18 19 22 24 22 24 26 39 58 75 83 79 60 39 16 11 16 17 16 16 17 18 18 16 17 17 17 17 16 17 17 17 17 17 17 
19 20 23 23 25 38 51 42 24 13 11 5 3 3 3 3 3 8 10 12 14 16 19 22 22 21 22 21 19 18 17 16 15 16 19 19 18 21 22 23 24 24 25 26 28 29 30 30 31 33 33 30 33 46 57 54 40 29 23 19 19 19 19 19 19 19 19 20 23 24 24 24 24 31 47 65 89 128 145 137 111 78 48 27 23 26 24 22 22 23 23 22 19 19 19 20 20 20 20 19 18 19 19 18 
19 20 23 23 22 31 47 46 32 20 17 10 5 4 2 3 4 7 9 11 12 15 19 22 22 21 21 21 19 18 18 17 15 15 17 18 17 21 22 23 24 24 25 26 28 30 30 30 31 33 33 30 35 46 58 54 39 27 22 19 20 20 22 22 22 22 23 25 25 24 29 32 39 81 108 138 171 199 205 185 144 95 55 36 30 28 26 24 23 24 23 22 21 21 19 22 22 22 20 19 19 20 19 19 
19 19 21 23 23 29 40 46 37 25 20 15 7 2 2 2 4 5 7 11 12 15 18 20 20 22 22 21 19 18 18 17 15 14 16 16 16 18 21 22 23 24 25 28 30 32 32 32 33 33 33 33 37 46 56 53 37 26 21 19 18 19 23 22 22 23 25 30 38 43 56 80 104 143 166 194 210 224 221 189 142 84 47 33 29 29 29 25 25 25 23 22 22 21 21 21 19 22 22 21 19 19 19 19 
18 19 21 22 23 26 37 44 42 32 24 17 8 2 2 2 4 4 7 10 12 14 16 19 20 20 22 21 19 18 17 17 15 15 16 16 16 17 19 21 22 23 25 28 30 33 33 33 33 33 33 36 43 49 51 47 35 28 21 20 18 19 24 23 23 25 31 54 82 110 131 159 187 195 201 203 200 199 181 144 100 57 37 32 29 31 30 28 26 26 24 23 22 21 21 21 21 22 22 21 19 19 19 19 
18 19 19 19 21 23 31 40 42 32 24 16 9 3 2 2 3 5 6 9 11 14 16 16 18 19 20 19 19 18 17 16 15 15 16 17 18 18 19 22 23 23 24 26 29 31 32 33 33 33 33 37 46 52 47 39 32 30 25 28 24 23 24 29 33 64 87 121 152 185 208 224 238 210 194 172 150 131 108 79 53 38 33 31 30 32 31 28 26 26 24 23 22 21 21 21 21 21 21 21 19 19 19 19 
18 19 19 19 19 21 24 33 35 29 22 15 8 3 2 2 3 4 5 8 11 12 14 16 17 18 19 19 18 18 17 17 16 16 17 17 18 19 21 22 24 23 24 25 26 29 31 33 33 33 33 38 50 56 47 38 32 32 32 33 23 22 39 65 88 139 169 203 234 237 243 235 224 185 150 116 86 73 61 46 36 35 33 30 30 30 30 28 25 26 25 24 22 21 21 21 22 22 21 21 19 19 19 19 
18 18 18 18 18 19 23 25 29 28 19 14 8 3 2 2 2 2 2 3 5 8 10 12 14 17 19 19 18 17 17 17 15 15 16 15 12 15 16 17 18 21 22 22 23 25 30 32 35 35 33 39 51 57 47 37 35 32 32 29 38 54 87 125 166 194 213 234 249 249 238 215 188 125 89 61 46 42 38 36 33 33 31 29 28 28 28 26 26 26 25 23 22 21 19 21 21 21 21 19 19 19 19 19 
18 19 18 19 19 21 25 28 29 25 19 14 8 3 2 2 1 2 2 3 4 5 8 10 11 15 17 18 18 17 16 14 11 10 10 10 9 9 11 12 15 15 17 19 21 23 28 31 33 35 36 40 51 56 47 42 35 31 44 59 86 124 169 202 229 236 246 248 242 227 200 165 130 81 63 49 42 39 35 31 30 29 28 28 26 26 26 25 25 25 24 23 21 21 19 21 21 21 21 19 19 19 19 19 
19 19 18 19 19 23 29 26 28 25 19 14 7 4 2 2 2 2 2 4 5 8 9 10 11 12 15 18 18 17 15 12 9 10 9 8 9 9 9 10 11 13 16 18 19 21 24 31 34 35 38 44 52 53 46 42 44 59 86 120 160 207 239 244 249 250 241 228 209 180 142 106 82 59 47 42 38 36 36 33 29 27 25 26 26 25 25 25 25 24 23 22 21 21 19 21 21 21 21 20 20 20 20 20 
19 19 19 19 19 26 31 30 30 26 19 14 8 4 2 3 3 2 3 6 6 6 8 5 7 10 14 16 16 15 12 11 10 11 10 8 8 8 8 9 9 11 17 21 21 19 24 30 33 35 39 46 51 53 53 60 85 121 162 200 223 245 250 248 245 233 210 181 148 111 89 68 53 49 40 37 35 35 32 30 26 25 24 24 24 24 25 25 25 23 23 22 21 19 19 21 21 21 21 22 22 22 22 22 
19 21 21 19 21 29 33 35 31 29 19 15 10 8 5 5 8 8 8 9 8 5 5 8 9 10 11 14 14 12 12 12 10 10 10 9 9 8 8 9 11 12 17 22 21 19 23 29 32 37 43 47 54 63 81 113 156 191 224 243 247 250 249 241 220 189 155 123 97 75 53 45 35 35 35 35 32 30 28 28 26 24 23 23 22 23 23 23 23 23 22 21 19 18 19 19 19 19 19 21 21 21 21 21 
19 21 21 18 24 33 34 38 32 29 24 17 12 12 14 15 16 16 16 17 16 11 11 12 11 9 9 10 11 11 11 13 11 11 9 9 8 8 9 12 16 18 19 22 22 21 23 28 31 37 41 50 70 103 144 180 219 236 244 245 241 234 214 192 159 123 95 74 60 50 39 35 31 30 31 32 30 28 25 25 24 23 22 21 21 22 22 22 22 22 21 19 19 19 19 19 19 19 19 21 21 21 21 21 
18 18 18 18 23 29 30 29 28 28 25 23 22 22 24 25 26 26 25 27 25 23 19 18 16 12 10 10 12 11 12 13 13 12 12 9 9 11 14 16 18 19 22 25 26 27 27 28 30 35 46 73 117 166 206 231 246 244 236 222 201 168 137 117 93 70 57 47 39 36 33 30 28 28 28 28 26 24 23 23 23 21 21 21 22 22 22 21 21 19 19 19 19 19 19 19 19 19 19 19 19 19 19 19 
19 19 19 20 20 25 30 30 29 30 30 30 30 30 30 31 31 31 30 30 30 28 26 25 23 21 17 16 15 15 14 13 15 13 13 12 12 16 17 17 16 21 24 26 30 32 32 29 33 45 74 123 179 215 236 245 241 236 207 167 131 100 80 68 51 36 33 35 33 32 30 28 25 25 25 26 25 24 22 23 23 21 21 21 21 22 22 21 21 19 19 19 19 19 19 19 19 19 19 19 19 19 19 19 
19 21 21 22 23 30 33 32 32 31 31 31 31 31 31 31 30 30 29 26 25 26 28 26 26 24 23 21 17 15 15 15 13 14 14 16 17 18 19 21 23 23 26 26 29 33 33 40 58 93 144 195 228 243 247 240 222 196 144 94 72 54 45 42 37 33 31 32 31 32 30 26 24 24 24 25 25 23 22 22 22 19 18 19 21 21 19 19 19 19 19 19 19 19 19 19 18 18 18 19 19 19 19 19 
21 21 25 30 36 40 37 33 33 33 32 32 31 30 30 30 29 29 27 26 24 26 28 26 28 25 23 21 18 17 15 17 15 15 16 17 18 22 22 24 26 28 32 28 29 32 36 50 87 145 196 229 242 242 227 203 167 128 86 54 46 35 30 31 31 31 31 31 31 31 29 25 23 23 23 23 23 21 21 21 21 18 18 18 18 18 18 18 19 19 18 18 18 18 18 18 18 18 18 18 18 18 18 18 
22 22 29 43 62 68 50 36 35 33 33 33 33 32 31 31 31 30 30 29 26 26 25 23 24 21 21 22 23 22 17 15 15 15 16 18 19 22 24 26 28 29 32 30 30 33 40 71 129 185 217 234 227 202 166 125 89 73 52 40 37 31 29 29 29 30 31 31 30 28 26 24 23 22 22 21 21 19 20 19 18 18 18 18 18 18 18 18 19 19 18 19 19 19 19 18 18 19 19 18 18 18 18 18 
22 23 33 59 89 94 68 42 35 33 33 33 33 33 32 31 31 30 30 29 27 25 22 19 17 16 17 18 21 22 19 17 16 16 17 19 21 23 25 26 29 30 31 31 28 35 60 106 164 206 220 213 178 134 96 65 46 40 33 31 30 29 29 29 28 30 30 29 28 25 25 23 22 19 19 19 19 19 19 18 17 17 17 17 18 18 17 17 18 18 18 19 19 19 19 17 17 18 18 18 18 18 18 18 
19 24 37 65 91 90 70 46 36 36 34 32 33 32 31 32 31 31 31 30 29 26 23 17 16 11 14 17 18 19 18 18 17 17 18 19 22 24 24 26 28 29 32 33 32 46 88 137 169 187 186 162 121 87 60 40 29 29 29 29 29 29 28 28 26 26 26 25 24 25 24 22 21 19 19 19 19 19 19 18 18 18 18 18 19 19 18 18 19 18 18 19 18 18 18 17 17 18 18 17 17 17 17 18 
18 22 37 52 54 51 46 39 37 34 34 33 33 32 32 33 32 32 32 31 30 29 24 17 15 11 11 14 15 15 14 16 17 17 19 21 21 23 23 25 25 29 33 37 45 72 114 150 158 152 132 99 66 47 39 33 30 29 29 28 28 28 26 25 26 24 24 24 23 24 23 21 19 19 18 18 17 18 17 17 18 18 18 18 18 18 18 18 18 18 17 18 18 18 18 17 17 18 18 17 17 17 18 19 
19 23 34 43 38 35 35 36 35 35 33 33 33 33 32 32 32 31 31 30 29 28 23 18 14 12 11 10 10 8 10 11 12 15 17 18 18 21 22 23 24 26 29 40 61 90 121 141 134 110 81 57 43 31 30 30 30 28 26 25 25 25 25 24 24 23 23 23 22 22 21 19 18 19 18 17 16 16 16 16 16 16 16 17 17 16 16 17 17 18 17 18 17 17 17 16 16 17 17 18 18 18 19 18 
21 24 32 38 33 29 32 33 33 35 33 33 33 33 32 33 32 31 31 30 29 28 25 19 16 12 10 8 5 5 8 9 10 12 15 17 17 17 18 21 23 24 28 54 81 109 125 123 95 63 45 40 36 30 28 26 26 26 25 24 24 24 24 23 22 22 22 21 21 21 20 18 18 18 18 17 16 16 16 16 16 16 15 16 17 16 16 17 17 17 17 18 17 17 17 16 16 16 16 18 18 18 19 18 
22 25 31 34 31 26 31 32 33 35 33 33 33 33 33 31 31 31 31 31 30 28 26 21 17 14 11 7 5 4 5 7 8 10 12 17 17 16 17 19 22 23 35 67 113 148 155 135 89 45 31 36 32 25 24 24 24 24 23 23 23 23 22 22 21 21 19 19 18 19 19 18 17 17 17 16 16 16 16 16 16 15 15 16 16 17 17 16 16 16 16 16 16 16 16 16 16 17 17 17 17 18 18 17 
22 25 31 31 27 26 29 30 32 32 32 33 33 35 33 32 31 31 30 30 30 28 25 22 18 14 11 7 5 4 5 7 8 10 12 16 16 19 21 19 24 28 61 116 167 199 192 143 77 36 28 28 26 25 23 23 23 22 22 22 22 22 21 21 21 21 19 18 18 18 19 18 18 17 17 17 16 16 16 16 16 15 15 16 17 17 17 16 16 16 16 16 16 16 16 16 16 17 17 17 17 18 18 17 
23 25 30 25 22 25 28 29 31 31 32 33 33 35 35 32 31 31 30 29 29 29 27 23 20 15 11 7 5 4 4 7 8 10 11 15 16 23 24 20 27 47 109 178 218 233 214 143 65 29 26 24 22 23 23 22 22 21 21 19 21 20 20 19 19 18 19 18 18 18 18 18 18 17 17 18 17 16 16 16 16 15 16 16 16 17 17 16 16 16 16 16 16 16 16 16 16 17 17 17 17 17 17 17 
24 26 26 22 24 28 30 30 31 31 32 33 33 35 33 32 32 32 30 26 25 26 26 23 20 16 11 7 5 5 5 7 8 10 10 12 15 17 17 23 45 87 165 218 238 244 207 126 57 28 26 24 22 22 22 21 21 21 19 19 19 20 20 19 18 18 18 18 18 18 18 18 18 17 17 18 18 16 17 17 16 15 16 16 16 18 18 17 17 17 17 17 17 17 17 17 17 17 17 17 17 17 17 17 
27 31 29 25 26 28 30 30 31 31 32 33 33 33 33 33 33 32 30 26 24 24 24 21 19 16 12 8 7 7 7 8 9 10 11 12 16 18 21 32 71 124 210 252 252 238 187 102 45 28 23 24 24 22 21 21 21 19 19 19 19 18 18 18 18 19 19 18 18 18 18 18 18 17 17 16 16 15 16 16 16 16 16 16 17 17 18 18 18 17 17 17 17 17 17 17 17 16 16 16 16 16 16 16 
31 32 30 26 26 28 30 31 32 32 33 35 33 36 40 44 40 32 29 25 22 23 23 21 19 16 14 9 8 8 7 9 10 12 12 14 17 22 23 51 103 159 226 250 241 202 144 80 38 24 23 22 22 19 19 19 19 19 18 18 18 18 18 18 18 19 19 18 18 18 18 18 18 17 17 16 16 17 16 16 16 16 18 18 18 18 18 18 18 17 17 17 17 17 17 17 17 16 16 16 16 16 16 16 
36 32 29 25 25 26 29 30 31 32 33 36 43 54 63 58 49 39 35 26 22 22 23 22 20 16 14 10 10 10 9 10 11 12 14 16 19 23 28 70 127 175 224 236 203 148 92 49 24 23 22 21 21 18 18 18 18 18 18 18 18 18 18 18 18 18 18 19 19 18 18 18 18 17 17 16 17 18 18 18 18 16 18 18 18 18 18 18 18 17 17 17 17 17 17 17 17 16 16 16 16 16 16 16 
37 31 29 26 26 25 26 29 31 32 37 42 61 77 80 75 75 94 81 43 24 22 22 20 20 17 15 11 11 11 10 11 12 12 14 17 18 21 38 93 142 180 212 202 152 95 57 32 19 23 19 19 19 18 18 17 18 18 18 18 18 19 19 19 18 18 18 19 19 18 18 18 18 17 18 17 17 18 18 18 18 17 18 18 18 18 18 18 18 17 17 17 17 17 17 17 17 17 17 17 17 17 17 17 
32 30 28 26 26 27 30 30 31 32 37 43 63 78 92 122 148 186 151 74 25 21 23 22 22 18 16 12 13 13 13 11 12 14 17 19 22 26 54 107 148 157 159 132 87 45 31 28 19 22 19 18 18 17 18 18 18 19 19 19 19 19 19 19 18 20 19 19 19 19 19 19 19 17 18 18 18 18 18 18 18 17 18 18 18 18 18 18 18 17 17 17 17 17 17 17 17 17 17 17 17 17 17 17 
29 29 28 25 25 29 30 31 32 33 36 39 59 92 134 178 207 236 192 89 25 22 22 22 20 18 16 13 13 13 13 12 15 15 18 22 26 37 78 118 149 147 132 96 52 22 23 24 19 18 19 18 18 17 17 17 18 19 19 19 19 19 19 19 18 20 19 19 19 19 19 19 19 17 18 18 18 18 18 18 18 17 18 18 18 18 18 18 18 17 17 17 17 17 17 17 17 17 17 17 17 17 17 17 
28 28 25 24 24 27 30 31 32 33 36 38 64 122 173 204 201 181 138 72 29 22 22 19 19 18 17 15 15 15 16 15 17 16 17 23 25 49 94 127 151 133 102 58 30 19 24 25 21 18 19 17 17 17 18 18 18 19 19 19 19 19 19 20 19 19 19 19 19 19 19 19 19 17 18 18 18 18 19 19 18 17 18 18 18 18 18 18 18 17 17 17 17 17 17 17 17 17 17 17 17 17 17 17 
29 26 25 25 25 29 29 30 33 33 36 38 63 109 150 158 131 99 66 43 25 21 21 18 18 17 16 15 13 13 15 15 17 18 18 24 31 64 109 139 152 105 66 28 19 22 25 26 21 18 19 17 17 17 18 18 18 20 19 19 19 19 19 20 19 19 19 19 19 19 19 19 19 17 18 18 18 18 19 19 18 17 18 18 18 18 18 18 18 18 18 18 18 18 18 18 18 18 17 16 17 17 16 17 
28 28 28 27 27 29 29 31 33 33 33 35 44 65 80 79 61 42 28 25 21 21 21 19 18 16 16 15 13 13 15 15 18 21 19 25 42 85 127 146 139 94 45 30 28 16 20 28 18 17 18 18 18 19 19 19 19 20 19 18 18 18 18 19 18 19 19 19 19 19 19 19 19 18 18 17 18 18 18 18 18 17 17 18 18 19 19 18 19 18 18 18 18 18 18 18 18 18 18 16 17 17 16 17 
25 31 29 29 29 30 31 32 33 33 33 35 33 32 32 28 25 22 21 17 17 21 21 18 16 15 15 13 12 13 15 15 17 21 21 28 57 101 142 150 127 78 33 25 28 18 19 19 17 16 17 18 18 19 18 18 19 19 19 18 18 18 18 18 18 19 19 19 19 19 19 19 19 18 18 17 18 18 19 19 18 17 17 18 18 19 19 18 19 18 18 18 18 18 18 18 19 18 18 17 18 18 18 18 
28 32 31 31 31 31 32 32 33 33 32 32 30 26 23 22 22 21 19 17 18 21 21 17 15 15 14 13 13 13 15 16 18 18 21 31 68 111 146 149 115 71 31 25 25 17 18 17 16 16 16 18 18 19 18 18 19 19 19 18 18 18 18 18 18 18 18 18 18 18 18 18 18 18 18 18 18 19 19 19 18 17 17 18 18 19 19 18 19 18 18 18 18 18 18 18 19 19 18 17 18 18 18 19 
31 33 33 34 34 33 33 33 35 33 33 32 29 24 23 22 21 19 18 18 18 22 21 18 15 15 14 13 13 15 16 16 18 17 23 39 78 117 143 138 99 58 29 24 23 16 17 16 16 15 16 18 18 19 19 19 19 19 19 18 18 18 18 18 18 18 18 18 18 18 18 18 18 19 19 18 19 19 19 19 19 18 18 18 19 19 19 18 19 19 19 19 19 19 19 19 18 19 19 18 18 18 18 18 
32 34 34 33 33 33 33 33 33 33 32 31 28 23 22 21 19 19 18 18 19 22 21 18 16 15 14 12 12 13 16 16 17 18 29 53 89 122 137 124 82 39 26 25 22 16 17 17 16 16 16 18 19 19 18 18 19 17 18 18 18 18 18 18 18 19 19 18 18 18 18 18 19 19 19 20 20 22 20 19 19 17 18 18 18 18 19 19 19 20 20 20 20 20 20 20 20 19 18 17 18 18 18 19 
33 34 36 33 33 33 33 33 33 32 32 31 28 24 21 19 18 18 18 19 21 22 21 18 17 16 15 14 14 16 17 17 17 18 31 61 95 124 131 103 57 29 25 24 22 18 18 18 17 17 17 19 19 19 19 19 19 17 18 18 18 18 18 18 18 19 19 18 18 18 18 18 19 19 19 20 20 22 20 20 19 17 18 18 18 18 19 19 19 20 20 20 20 20 20 20 20 18 18 17 17 18 18 19 
34 36 36 35 35 35 33 33 33 32 32 32 30 25 22 17 17 18 18 21 23 23 21 19 18 17 16 15 16 16 17 21 22 22 37 72 101 122 121 80 39 26 25 23 19 22 22 19 18 17 17 18 18 19 19 18 18 17 18 18 18 19 19 19 19 19 19 18 18 18 18 18 19 19 19 20 22 22 22 20 19 17 18 18 18 18 19 19 19 19 19 19 19 20 20 20 20 18 18 17 16 17 16 16 
34 36 36 35 35 35 33 33 33 33 33 33 30 24 17 12 10 10 15 21 24 24 18 17 17 16 16 16 16 16 17 22 22 24 44 80 108 119 108 64 32 23 20 18 17 19 20 19 18 17 18 18 19 20 20 18 18 17 18 18 18 19 19 19 19 19 19 19 19 19 19 19 19 20 20 22 22 22 22 20 19 18 18 18 18 18 19 19 19 19 19 19 19 20 20 20 20 18 17 16 17 17 16 16 
33 35 35 35 33 33 33 33 32 34 33 25 18 15 9 7 4 4 8 13 18 19 17 17 17 16 17 17 17 18 18 19 18 29 56 89 114 117 93 53 29 21 19 19 17 18 19 18 17 16 18 18 17 18 18 18 18 17 17 17 17 18 18 18 18 18 19 18 18 18 18 18 18 19 19 19 21 21 19 19 19 19 19 19 19 19 19 19 19 19 19 19 19 18 18 19 19 17 17 17 17 17 16 16 
36 36 35 35 35 33 33 32 31 31 26 16 9 7 5 4 3 3 3 3 5 7 10 14 15 16 16 16 17 19 19 21 21 32 68 101 116 111 74 39 26 22 21 18 17 18 18 17 17 17 17 17 18 18 17 17 18 17 17 17 17 18 18 18 18 18 19 18 18 18 18 18 18 18 18 19 19 19 19 18 18 19 19 19 19 19 19 19 19 19 19 19 19 18 18 19 19 17 17 17 17 15 16 15 
36 35 35 35 35 33 32 29 28 26 19 9 2 1 2 2 2 1 1 2 3 5 9 12 15 15 16 16 17 18 21 26 28 38 74 107 117 102 63 32 26 23 22 19 17 16 16 17 17 17 17 17 16 17 17 17 17 17 17 18 18 17 17 17 17 17 18 19 19 19 19 19 19 18 18 18 18 18 18 18 18 19 19 19 19 19 19 19 19 19 19 19 19 18 18 19 19 17 17 16 15 15 15 16 
37 35 35 35 35 33 33 30 24 23 13 4 1 0 1 2 2 2 1 1 1 2 4 9 11 12 13 15 16 18 21 24 28 45 84 115 118 92 53 30 25 22 21 19 17 17 17 17 18 18 17 17 17 16 17 17 18 17 17 18 18 17 17 17 17 17 18 19 19 19 19 19 19 18 18 18 18 18 18 18 18 19 19 19 19 19 19 19 19 19 19 19 19 18 18 19 18 17 18 17 15 16 16 17 
37 37 37 35 35 33 33 31 22 19 9 2 1 1 1 1 1 0 0 0 0 1 1 5 8 8 10 14 15 18 20 19 25 57 97 124 118 78 42 31 25 22 21 18 18 19 19 18 18 17 17 17 17 16 17 17 18 17 17 17 17 17 17 17 17 17 18 19 19 19 19 19 19 18 18 18 18 18 18 18 18 19 19 19 19 19 19 19 19 18 18 18 18 18 18 19 18 18 18 17 18 17 17 17 
35 36 36 35 35 33 33 31 18 13 6 2 1 1 1 1 1 0 0 0 0 0 1 3 4 4 8 11 12 17 19 22 40 71 101 122 110 65 33 29 25 22 21 19 18 20 20 18 18 18 17 17 17 16 17 17 18 17 17 17 17 17 17 17 17 17 18 19 19 19 19 19 19 18 18 18 18 18 18 18 18 19 19 19 19 19 19 19 19 18 18 18 18 18 18 19 18 18 18 18 18 17 17 17 
36 35 35 35 33 33 33 29 15 9 3 1 1 1 1 1 1 1 0 0 0 1 1 1 3 2 4 7 10 15 17 28 51 81 110 124 101 60 31 26 23 23 22 21 18 19 19 18 18 18 17 16 16 16 16 16 17 16 16 16 17 17 17 17 17 17 17 19 19 19 19 19 19 17 17 17 17 17 17 17 17 19 19 19 19 19 19 18 18 19 19 19 19 20 19 18 19 19 19 19 19 20 18 18 
34 35 35 35 35 35 32 28 15 7 2 1 1 1 1 1 1 1 0 0 0 1 1 1 2 2 3 4 7 10 16 28 53 88 120 128 94 54 32 28 24 23 22 21 19 19 19 18 19 19 17 16 16 16 16 16 17 16 16 16 16 17 17 17 17 17 17 18 18 18 18 18 19 17 17 17 17 17 17 17 17 19 19 19 19 19 19 18 18 19 19 19 19 20 20 19 19 19 19 19 20 20 20 19 
34 33 36 36 35 35 31 25 9 6 3 1 0 0 0 0 0 1 1 0 0 1 1 1 1 1 1 2 4 8 14 32 63 96 124 122 83 43 28 25 25 23 22 21 18 20 20 18 19 18 17 17 16 16 16 16 16 16 16 16 16 16 17 18 18 18 18 18 18 17 17 17 17 18 18 18 18 18 18 18 18 18 18 19 19 18 18 19 19 18 18 18 18 18 19 19 21 19 19 19 19 19 19 20 
34 35 36 36 36 36 31 23 5 3 2 0 0 0 0 0 0 1 1 1 1 1 1 1 1 1 1 1 3 5 5 24 61 98 122 115 75 38 28 25 23 22 21 19 19 19 19 18 18 18 17 17 17 16 15 15 16 15 15 15 16 16 17 18 18 19 18 18 18 17 17 17 17 18 18 18 18 18 18 18 18 18 18 19 19 18 18 19 19 18 18 18 18 18 19 19 19 21 21 21 21 18 19 20 
33 35 36 36 36 35 29 19 4 1 1 0 0 0 0 0 0 0 0 1 1 1 1 1 1 1 1 2 2 3 2 23 63 103 124 106 63 32 25 24 23 22 21 19 19 19 19 18 18 18 17 17 17 16 15 15 16 15 15 15 15 15 17 18 18 19 18 18 18 17 17 18 18 17 17 17 17 18 18 18 18 19 19 19 19 19 19 18 18 18 18 18 18 18 19 19 19 21 21 21 21 18 18 20 
33 36 36 36 36 33 28 17 3 0 0 0 0 1 0 1 0 0 0 1 1 1 0 0 1 0 1 2 2 2 3 29 71 113 129 97 53 29 25 23 22 22 21 19 19 19 19 17 18 18 17 17 17 16 16 15 15 16 15 15 14 15 17 17 18 19 19 18 19 17 17 18 18 17 17 17 17 19 19 19 19 19 19 19 19 19 19 18 18 18 18 18 18 18 19 19 21 21 21 19 21 21 19 20 
32 35 36 35 35 32 25 16 2 1 1 0 1 0 0 0 0 0 0 0 0 0 0 0 0 0 1 2 2 2 3 32 77 117 124 88 44 24 25 23 22 22 20 19 19 19 19 18 18 19 18 18 18 16 16 15 16 15 14 14 15 15 16 18 17 18 19 18 17 18 18 18 18 18 18 18 18 18 18 19 19 19 19 18 18 19 19 18 18 18 18 18 18 18 19 20 20 21 21 19 21 21 21 21 
33 35 36 36 35 30 22 14 2 1 1 0 0 0 0 0 0 0 0 0 0 0 0 0 1 1 1 1 2 2 2 38 85 121 116 75 38 24 25 23 22 21 21 19 18 19 19 18 18 18 18 18 18 16 16 15 15 15 15 15 15 15 16 18 18 18 19 18 17 18 18 18 18 18 18 18 18 18 18 19 19 19 19 18 18 19 19 18 18 18 18 18 18 18 19 20 20 21 21 18 21 21 19 22 
33 35 36 37 34 29 18 12 1 1 1 0 0 0 0 0 0 0 0 1 1 0 0 0 1 0 0 1 1 2 15 51 90 122 108 64 32 25 25 23 22 21 21 19 18 19 18 19 19 18 18 17 17 16 16 16 15 15 15 15 14 16 17 18 18 18 19 18 17 18 18 18 18 18 18 18 18 18 18 18 18 18 18 19 19 19 19 19 19 19 19 18 18 19 20 20 22 20 20 18 21 19 19 23 
33 35 35 36 34 28 17 12 2 1 0 0 0 0 0 0 0 0 0 1 1 0 0 0 1 0 0 1 1 4 26 58 97 122 100 54 30 25 25 23 22 21 20 19 18 18 18 19 19 19 18 17 17 16 16 16 16 15 15 15 15 17 18 18 18 19 20 18 18 18 17 18 18 18 18 18 18 17 17 18 18 17 17 18 18 18 18 18 18 18 19 18 18 19 19 19 20 19 19 18 19 19 19 22 
33 34 36 36 34 29 17 11 2 0 0 0 0 0 0 0 0 0 0 1 1 0 0 0 1 0 0 1 1 9 29 66 110 125 86 43 29 25 23 22 21 19 19 19 18 18 18 19 19 18 18 17 17 16 16 16 16 16 15 15 15 16 16 18 18 18 18 18 17 17 17 17 17 17 17 17 17 17 17 17 17 16 16 17 17 18 18 17 17 18 18 17 17 18 18 19 19 18 18 19 20 19 20 19 
33 36 36 36 34 29 17 12 1 0 0 0 0 0 0 0 0 0 0 1 1 0 0 0 1 0 0 1 1 9 39 76 109 115 78 36 25 24 22 22 22 19 19 19 18 18 17 18 19 18 18 17 17 16 16 16 16 15 15 15 16 16 16 18 18 17 18 18 17 17 17 17 17 17 17 17 17 17 17 17 16 16 15 16 16 17 17 16 16 18 18 17 17 18 18 19 19 17 18 19 19 19 19 18 
33 35 35 35 33 28 16 11 1 1 0 0 0 0 0 0 0 0 0 1 1 0 0 0 0 0 0 1 1 12 47 87 114 109 70 33 23 23 22 22 21 19 19 20 19 18 17 18 18 17 17 17 17 16 16 16 16 16 15 15 15 16 16 17 17 17 18 17 17 17 17 17 17 17 17 17 17 17 16 17 16 16 15 16 16 16 16 16 16 17 17 17 17 18 18 19 19 19 20 19 19 19 19 18 
33 35 35 35 33 28 16 11 2 1 0 0 0 0 0 0 0 0 0 1 1 0 0 0 0 0 0 1 2 16 55 99 118 100 57 36 25 23 23 22 21 19 19 20 19 18 17 18 18 17 17 17 17 16 16 16 16 16 15 14 15 16 16 17 17 17 18 18 18 17 17 17 17 17 17 17 17 17 17 17 16 16 15 16 16 16 16 16 16 17 17 18 18 18 18 19 19 20 20 18 19 19 18 15 
33 33 35 36 34 28 17 12 2 1 0 1 1 0 0 0 0 0 0 0 0 0 0 0 0 0 1 2 3 22 66 104 117 90 45 31 26 24 23 22 21 19 19 19 18 18 17 18 18 17 17 17 17 17 16 16 16 15 14 14 15 16 16 16 17 18 18 18 17 17 17 17 17 17 17 17 17 17 17 17 16 16 15 16 16 16 16 16 16 18 18 19 19 19 19 19 19 19 19 18 18 17 16 11 
33 33 35 36 34 28 17 12 2 1 0 1 1 0 0 0 0 0 0 0 0 0 0 0 0 0 1 2 5 33 79 114 120 84 37 26 25 24 23 23 21 19 18 18 17 17 17 17 17 17 17 17 17 16 16 16 15 15 14 15 15 16 16 17 17 18 18 18 17 17 17 16 16 17 17 17 17 17 17 17 16 15 15 15 15 16 16 16 16 17 18 19 19 19 19 19 19 19 21 21 18 17 14 10 
33 34 36 36 34 28 17 11 3 1 1 1 1 0 0 0 0 0 0 0 0 0 0 0 0 0 0 2 11 41 83 117 115 78 36 25 24 23 21 21 19 19 19 17 17 17 17 17 17 17 17 17 16 16 16 16 16 15 14 15 15 16 16 16 16 17 17 17 17 17 17 16 16 17 17 17 17 17 17 16 16 16 15 15 15 17 17 17 17 17 18 19 19 19 19 19 20 19 21 19 17 17 11 7 
33 34 36 36 34 28 17 11 3 1 0 1 1 0 0 0 0 0 0 0 0 0 0 0 0 0 1 2 18 58 95 127 108 67 32 25 23 22 19 19 19 19 19 17 17 17 17 16 16 17 17 17 16 16 16 15 15 14 12 14 15 15 16 16 16 16 17 17 16 16 16 16 16 17 17 17 17 17 17 16 16 16 15 15 15 16 16 17 17 17 18 18 19 19 19 20 20 21 21 18 16 13 8 3 
33 34 36 36 33 27 18 12 3 1 0 0 0 0 0 0 0 0 0 0 0 0 0 0 0 1 0 4 32 75 109 132 99 52 28 25 23 21 21 19 18 18 17 17 17 17 16 16 16 16 17 16 16 16 16 15 15 14 12 12 12 15 15 16 16 16 16 16 16 16 16 16 16 16 17 17 17 17 17 16 16 15 16 17 17 16 16 16 16 16 16 17 18 20 20 19 21 19 19 18 15 11 8 3 
33 34 36 36 33 27 18 12 3 1 0 0 0 0 0 0 0 0 0 0 0 0 0 0 1 1 1 9 45 93 125 134 92 44 25 24 23 22 21 18 18 18 17 16 17 17 16 16 16 16 16 16 16 16 16 16 15 14 12 12 12 14 15 15 16 16 16 16 16 16 16 16 16 16 16 16 16 16 16 16 16 16 16 17 17 16 16 16 16 16 16 16 18 20 20 19 21 19 19 18 15 10 5 2 
33 34 36 36 33 27 18 11 3 0 0 0 0 0 0 0 0 0 0 0 0 1 0 0 1 1 1 20 65 110 136 131 79 41 26 23 22 21 21 18 18 17 16 16 16 16 15 15 16 16 16 16 15 15 16 16 14 14 12 12 12 14 15 15 16 16 16 16 16 16 16 16 16 16 16 16 16 16 16 16 16 16 16 17 16 15 16 16 16 15 16 16 17 19 19 21 21 19 16 16 12 4 3 1 
33 34 36 36 33 27 17 11 3 0 0 0 0 0 0 0 0 0 0 0 0 1 0 0 1 1 2 34 78 122 141 125 70 37 26 22 22 21 21 18 18 17 17 16 15 15 16 15 15 15 15 15 15 15 15 15 14 12 11 12 11 14 15 15 15 15 15 16 16 16 16 16 16 16 16 16 16 16 16 16 16 16 16 17 16 15 16 15 16 15 15 16 17 18 18 19 18 17 14 11 9 4 2 1 
33 34 34 36 36 32 23 11 3 1 0 0 0 0 0 0 0 0 0 0 0 0 0 0 0 0 5 36 86 124 144 125 65 26 25 22 21 21 19 18 17 16 16 16 16 16 15 16 15 15 15 15 15 15 15 14 14 12 12 11 11 12 14 15 14 14 15 15 15 15 15 16 16 16 16 16 16 16 16 17 17 15 15 15 15 15 15 15 15 15 15 16 17 17 17 17 16 17 10 5 4 3 2 1 
33 34 34 36 36 32 24 12 3 1 0 0 0 0 0 0 0 0 0 0 0 0 0 0 0 1 11 52 103 139 139 102 53 24 24 22 21 19 18 17 17 17 16 16 17 16 15 15 14 15 15 15 14 15 15 14 14 12 12 11 11 12 14 15 14 14 14 15 15 16 16 16 16 16 16 16 16 16 16 17 16 15 15 15 15 15 15 15 15 15 15 15 16 16 16 15 14 15 9 4 4 2 2 1 
33 33 34 36 36 32 23 12 3 2 1 1 1 0 1 1 0 0 0 0 0 0 0 2 1 2 20 64 114 143 136 82 45 23 23 22 21 18 17 17 17 17 17 17 17 17 16 16 15 15 15 15 15 15 14 14 14 14 12 11 11 12 14 14 14 14 14 15 15 16 16 16 16 16 16 16 16 16 16 15 15 16 16 15 15 15 15 15 15 15 15 16 16 14 15 14 12 11 8 3 2 2 1 1 
33 34 34 36 36 32 23 11 3 2 1 1 0 0 1 1 0 0 0 0 0 0 0 1 1 9 37 81 130 149 132 81 37 22 22 19 21 18 17 16 16 16 16 17 17 17 16 16 15 15 15 15 15 15 15 14 14 14 12 11 11 12 14 14 15 14 14 15 15 16 16 16 16 16 15 15 15 15 15 15 14 15 15 15 15 15 15 15 15 14 15 16 16 15 14 15 12 11 8 3 2 2 1 1 
33 34 34 36 34 31 22 11 3 1 0 0 0 0 0 0 0 0 0 0 0 0 0 0 0 18 52 97 131 142 115 75 35 22 23 19 19 18 17 16 16 16 16 17 17 17 17 16 15 15 15 15 15 15 15 14 14 12 12 12 11 11 14 14 14 14 14 15 16 16 16 16 16 15 15 15 15 15 15 16 15 15 15 14 14 14 14 14 15 14 14 14 15 15 15 15 12 9 5 2 2 1 1 1 
33 34 34 36 34 30 20 10 3 0 0 0 0 0 0 0 0 0 0 0 0 0 0 0 4 24 63 101 121 119 94 57 30 20 22 19 19 18 17 17 16 17 17 18 18 18 17 17 16 15 15 15 15 15 15 14 14 12 12 12 11 11 12 14 14 14 14 14 15 16 16 16 15 15 15 15 15 15 15 16 15 15 13 12 12 12 14 14 14 12 14 14 15 15 15 14 11 5 3 2 1 1 1 1 
33 34 34 36 34 30 20 10 3 0 0 0 0 0 0 0 0 0 0 0 0 0 1 0 12 38 72 96 110 104 80 52 27 19 21 19 19 18 17 17 16 17 17 18 18 17 17 17 16 17 16 15 15 15 15 15 15 14 14 12 11 11 11 12 14 14 14 14 15 16 16 15 15 15 15 15 15 15 15 15 15 15 13 12 12 12 12 12 14 14 14 14 15 15 15 13 10 5 2 1 1 1 1 1 
33 34 34 36 34 30 20 11 3 0 0 0 0 0 0 0 0 0 0 0 0 0 1 0 17 44 75 89 88 79 57 36 24 21 19 19 19 18 18 18 18 17 17 17 17 17 17 17 17 18 18 17 17 16 16 15 15 14 14 12 11 11 11 10 11 14 12 12 14 16 16 15 15 14 14 14 14 14 14 15 13 13 12 12 12 12 14 14 14 14 14 14 15 15 14 11 9 3 2 1 1 1 1 2 
33 34 34 36 34 30 20 11 3 0 0 0 0 0 0 0 0 0 0 0 0 0 2 0 30 56 78 86 68 51 43 28 22 19 19 18 18 18 18 18 18 17 17 17 17 17 17 17 17 18 18 17 17 16 16 15 15 15 12 11 11 11 11 11 11 11 12 12 14 16 15 14 14 14 14 14 14 14 14 15 13 13 13 12 12 12 14 14 14 14 14 14 15 12 11 8 4 2 1 1 1 1 1 2 
33 34 34 34 33 30 20 11 3 0 0 0 0 0 0 0 0 0 0 0 0 0 1 2 38 65 78 79 50 36 37 29 21 18 19 18 18 18 17 17 17 18 18 18 18 18 18 18 17 18 17 16 16 16 16 15 15 15 12 11 11 11 11 10 11 12 12 14 14 15 16 15 14 14 14 14 14 14 14 15 13 15 13 12 14 14 14 14 14 15 14 14 11 8 9 5 3 1 1 1 1 1 1 2 
33 34 34 34 33 29 20 12 3 0 0 0 0 0 0 0 0 0 0 1 1 0 0 12 45 77 77 66 40 33 32 25 18 17 18 19 19 17 17 17 18 18 17 17 17 17 17 17 17 17 16 16 16 16 16 15 15 14 12 11 10 11 11 10 11 12 12 12 14 14 15 15 14 14 14 14 14 14 14 14 14 15 15 13 15 14 14 14 14 14 14 14 10 6 5 2 2 1 1 1 1 2 2 2 
32 33 34 34 33 29 20 12 4 0 0 0 0 0 0 0 0 0 0 1 3 0 3 24 57 80 73 52 36 35 30 23 18 17 17 18 18 17 17 17 18 18 17 17 17 17 17 17 17 17 16 16 16 16 16 15 15 14 12 11 10 11 11 10 11 12 12 14 15 14 14 15 14 14 14 14 14 14 14 14 14 15 15 13 15 12 14 14 14 12 12 10 9 6 3 2 1 1 1 1 1 2 2 3 
33 33 34 34 33 29 22 13 5 0 0 0 0 0 0 0 0 0 0 0 3 0 9 38 70 80 73 45 33 32 28 23 19 17 17 18 18 17 17 17 18 17 17 17 17 18 18 17 17 16 16 16 16 16 15 14 14 14 12 11 10 10 10 11 12 12 12 15 15 15 15 15 15 14 14 14 14 14 14 14 14 14 14 14 12 12 12 12 12 12 12 13 11 5 4 2 1 0 0 1 1 2 2 4 
33 33 33 34 33 29 22 15 6 0 0 0 0 0 0 0 0 0 0 0 3 0 13 50 73 80 67 43 32 30 28 22 18 16 17 18 18 17 17 17 18 18 17 17 17 18 18 17 16 16 16 16 16 16 15 14 14 14 12 11 10 10 11 11 12 12 12 15 15 15 15 15 15 14 14 14 14 14 14 14 14 14 14 14 12 12 12 12 12 11 12 13 11 5 3 1 1 0 0 1 1 2 2 5 
33 33 33 33 33 29 22 13 4 1 0 0 0 0 0 0 0 0 0 0 2 2 29 67 75 75 58 39 32 28 25 19 17 17 17 19 19 18 19 18 18 18 17 17 17 19 19 18 18 16 16 16 16 15 15 14 14 12 12 11 10 10 10 11 12 12 14 14 14 15 15 15 15 14 14 15 13 12 12 12 12 12 12 12 12 11 12 13 13 11 11 11 8 5 2 1 1 0 0 0 1 2 6 8 
33 33 33 33 33 30 23 11 4 1 0 0 0 0 0 0 0 0 0 0 1 11 42 75 78 73 51 38 32 26 24 18 17 18 18 19 19 19 19 18 18 18 18 18 18 19 19 18 18 16 16 16 15 15 15 14 14 11 11 10 10 10 10 11 12 14 14 15 15 15 15 15 15 14 14 15 13 12 12 12 12 12 12 12 12 11 12 13 13 11 11 11 6 2 2 1 1 0 0 0 1 2 9 11 
31 31 32 31 31 30 23 9 1 1 0 0 0 0 0 0 0 0 0 1 2 28 54 85 93 71 49 36 30 26 23 19 18 18 19 20 20 18 19 19 19 18 18 18 18 19 19 19 19 18 17 15 16 15 14 13 13 11 10 9 9 9 10 10 12 14 14 15 15 14 14 14 15 14 14 15 13 13 13 13 13 13 13 12 12 11 11 11 11 12 11 9 4 2 2 0 0 0 0 0 1 2 8 12 
31 31 32 31 31 30 24 9 1 0 0 0 0 0 0 0 0 0 0 1 10 33 63 87 91 65 46 33 29 25 23 21 18 18 19 20 19 18 19 19 18 18 18 18 18 19 19 19 19 18 17 16 16 15 15 13 12 11 10 8 8 9 10 11 12 14 14 14 14 14 14 14 14 12 12 13 12 12 12 12 12 12 12 12 12 11 11 11 11 12 11 6 3 2 2 1 1 0 0 0 1 2 9 12 
31 31 32 31 31 31 25 8 1 1 1 0 0 0 0 0 0 0 1 1 12 40 68 87 88 60 36 30 28 24 22 21 19 19 19 19 18 19 19 19 18 19 18 18 18 19 19 19 19 18 18 16 16 15 15 15 13 10 10 9 9 9 9 12 13 15 15 16 15 14 14 12 12 12 11 11 11 11 11 12 12 12 12 12 12 11 11 11 11 11 9 4 2 1 1 1 1 0 1 1 2 4 10 14 
31 31 32 31 31 31 25 9 1 1 1 0 0 0 0 0 0 0 1 2 22 59 80 94 85 52 30 26 25 23 21 19 19 19 18 18 18 18 18 18 18 18 18 18 18 19 19 19 18 18 18 16 17 16 16 15 13 10 10 9 8 8 9 11 13 15 13 15 13 12 12 11 11 11 11 11 11 11 11 12 12 12 12 11 11 11 11 11 11 10 5 3 2 1 1 1 1 1 2 3 5 8 12 16 
31 31 32 31 31 31 25 9 1 1 0 0 0 0 0 0 1 0 2 7 32 65 89 95 74 44 30 24 23 22 19 18 18 18 17 17 18 18 18 18 18 18 17 18 18 18 18 18 18 18 18 18 17 16 16 15 13 11 9 8 7 8 9 11 12 12 12 12 12 13 13 11 11 10 10 11 11 11 12 13 13 13 13 14 14 12 12 12 11 8 4 2 2 1 1 1 1 1 2 3 8 10 16 16 
31 31 32 31 31 31 25 9 1 1 1 0 0 0 1 1 1 1 3 16 44 70 94 93 64 38 29 24 23 21 19 19 18 18 18 17 18 17 17 17 17 17 17 18 18 19 19 19 19 18 18 18 17 16 16 15 13 11 9 8 7 6 9 11 12 12 11 11 11 12 12 10 10 10 10 11 11 12 12 13 13 13 13 14 14 12 12 12 10 7 4 2 2 1 1 1 1 1 3 4 9 12 17 16 
30 31 31 31 31 31 25 10 1 1 1 0 0 0 1 1 0 1 8 23 56 82 98 88 59 31 26 24 22 21 19 18 17 19 19 19 19 18 18 17 17 18 17 16 17 17 17 17 17 17 17 17 17 16 16 14 12 10 8 6 6 6 9 11 12 11 11 11 10 10 10 10 10 10 10 10 11 12 12 12 12 12 12 12 12 12 11 11 9 5 4 1 1 0 0 1 2 2 3 7 11 14 15 16 
30 31 31 31 31 31 25 11 1 1 1 0 0 0 1 0 1 2 10 25 65 94 103 81 56 30 25 23 23 19 18 18 17 18 18 19 19 18 17 17 17 17 17 16 16 16 16 16 16 16 16 16 16 14 12 11 10 8 8 6 6 6 8 10 11 10 10 10 10 9 10 10 11 10 10 10 11 12 12 12 12 12 12 12 12 11 11 11 9 2 2 1 1 0 0 1 3 2 4 10 14 15 15 16 
30 30 31 31 30 30 24 12 1 1 1 0 0 0 0 0 0 1 13 33 80 106 102 73 45 30 25 23 21 18 18 18 17 18 18 19 19 17 17 18 18 17 17 15 15 15 15 15 15 16 16 15 15 15 13 10 8 8 6 5 5 5 6 8 10 9 8 9 10 9 10 10 11 10 11 11 11 12 12 12 12 14 14 14 14 12 10 10 5 1 1 1 0 0 0 2 3 4 9 10 14 16 16 15 
29 30 30 31 30 30 24 14 1 1 1 0 0 0 0 0 0 1 18 45 87 107 95 65 36 30 25 23 21 18 18 17 17 18 18 18 18 17 17 17 17 17 16 15 15 15 15 15 15 15 15 15 12 13 12 9 8 8 6 4 5 5 6 8 9 8 8 9 10 9 10 10 11 10 11 11 11 12 12 12 12 14 14 14 14 14 10 8 4 1 1 1 0 0 0 1 3 5 10 12 14 16 15 15 
29 30 30 31 30 30 24 15 2 1 0 0 0 1 0 0 1 1 23 59 96 107 93 57 31 29 25 22 21 18 18 17 17 18 17 18 18 17 17 17 17 16 16 15 15 15 15 14 15 15 14 15 13 11 10 9 8 6 6 4 4 4 4 6 8 8 8 9 9 10 10 12 13 13 12 11 14 14 12 12 12 14 14 14 15 14 10 5 3 1 1 0 1 0 0 1 3 7 9 11 12 14 14 14 
29 30 30 31 30 30 24 15 2 1 1 0 0 1 1 1 3 5 31 72 104 109 86 49 29 28 24 22 21 18 18 18 17 17 17 17 18 17 17 17 17 16 16 15 15 15 15 14 15 15 14 15 13 10 10 8 6 6 5 4 4 4 4 6 7 7 7 9 10 10 10 12 13 15 15 14 14 15 15 14 14 12 14 14 15 15 9 4 3 1 1 0 1 0 2 4 7 8 9 10 12 14 14 14 
29 30 30 31 30 30 24 15 2 1 1 0 0 1 1 1 9 10 46 88 115 106 71 44 30 25 24 22 21 18 18 18 17 16 16 17 17 16 17 16 16 15 16 16 16 15 15 14 14 14 14 12 12 10 9 6 5 6 5 3 3 3 3 5 5 6 7 8 9 10 10 12 13 12 12 14 15 15 15 15 15 14 14 14 14 14 6 2 2 1 1 0 0 1 1 1 2 9 10 11 11 12 14 14 
29 30 30 31 30 30 24 16 2 2 1 0 1 1 2 3 11 18 61 103 122 103 60 36 28 24 23 22 19 19 18 18 16 16 15 17 17 16 17 17 17 16 16 16 16 15 15 14 14 14 12 12 11 9 9 6 5 5 5 3 3 3 3 5 5 5 7 8 9 11 11 12 13 12 12 14 15 16 16 15 14 12 12 12 10 7 4 2 2 1 1 0 0 0 1 1 4 9 10 12 14 14 14 14 
29 30 30 31 30 30 25 17 4 1 0 0 0 1 2 1 9 21 67 111 122 95 53 31 25 23 22 21 19 18 17 17 16 16 16 17 17 16 16 17 17 16 16 16 16 15 15 15 15 14 12 12 11 9 8 5 4 4 4 3 3 4 4 5 5 5 7 9 10 12 12 12 13 12 12 14 15 15 15 14 12 12 11 9 5 2 3 1 1 1 1 0 0 0 1 3 5 10 11 12 15 14 15 15 
30 30 30 31 30 30 25 18 5 1 0 0 0 1 3 0 12 30 81 122 121 81 43 29 24 22 22 19 19 18 17 17 17 17 17 18 18 17 17 17 17 16 16 16 16 15 15 15 15 14 12 12 11 9 8 5 4 4 4 3 3 4 4 5 5 6 7 9 11 12 13 13 13 12 12 14 15 15 15 14 12 12 10 8 4 2 2 1 1 1 1 0 0 1 1 3 8 10 12 12 15 14 15 15 
29 29 30 30 30 30 26 18 5 1 0 0 0 1 2 0 18 64 107 136 133 90 38 19 22 22 19 18 18 19 18 18 18 18 19 18 17 17 17 17 17 17 17 16 15 15 14 14 14 12 12 11 10 8 6 4 4 4 3 3 3 4 4 5 5 6 8 10 11 11 12 12 14 14 14 15 15 14 15 14 12 12 10 6 4 2 2 1 1 0 0 0 1 1 2 5 9 13 13 15 15 14 14 14 
29 29 30 30 30 30 26 17 5 0 0 0 0 1 2 0 27 77 118 137 116 72 32 19 21 22 19 18 18 18 18 17 18 18 18 17 17 17 17 17 17 16 16 16 15 15 14 14 14 12 12 11 10 8 6 4 4 4 3 3 3 4 4 5 5 6 8 10 11 11 12 12 14 14 14 15 15 15 14 12 11 11 9 5 4 2 2 1 1 0 0 0 1 2 4 9 10 12 15 14 14 14 14 15 
30 29 30 30 30 30 26 16 5 0 0 0 0 1 2 2 38 92 131 129 96 60 29 26 25 22 19 18 18 17 17 17 18 18 18 17 17 17 17 17 17 16 16 16 15 15 14 14 14 12 12 11 9 8 6 4 4 4 4 3 3 4 5 5 6 8 9 10 11 11 12 12 14 14 14 15 15 16 15 12 10 9 6 3 2 2 1 0 0 0 0 1 2 3 5 8 10 13 15 15 15 14 14 15 
30 29 30 30 30 30 25 16 5 0 0 0 0 1 1 15 58 102 131 118 82 45 25 25 25 22 19 18 17 16 16 17 18 17 18 17 16 16 16 16 16 16 16 16 15 15 14 14 14 12 11 10 8 8 6 5 4 4 4 3 3 3 4 5 6 8 9 10 11 11 12 12 14 14 14 15 15 16 15 12 10 7 5 3 2 1 1 0 0 0 0 1 2 5 8 10 10 13 15 15 15 15 15 15 
29 28 29 29 29 29 24 16 5 0 0 0 1 1 2 26 75 108 131 111 71 39 24 23 22 19 18 17 17 16 15 16 17 16 16 16 16 16 16 16 16 16 16 15 15 14 14 12 12 12 11 9 8 6 6 5 5 4 4 3 3 3 4 4 6 8 9 10 11 11 12 15 15 15 15 15 15 14 14 12 9 5 3 1 1 0 0 0 0 0 1 1 3 7 9 11 11 12 15 15 15 16 16 15 
27 26 28 28 28 28 23 16 5 0 0 0 1 1 5 35 87 123 129 94 54 37 24 22 21 18 17 17 16 15 15 16 17 16 16 16 16 16 16 16 16 16 16 15 15 14 14 12 12 12 10 8 7 6 6 5 5 4 4 4 3 3 4 4 6 8 9 9 11 11 12 15 15 15 15 15 15 14 14 11 8 3 2 1 1 0 0 0 0 1 1 1 3 5 8 12 12 15 15 15 15 15 16 16 
27 27 29 28 28 28 23 16 5 0 0 0 1 0 11 47 95 122 111 72 41 31 24 22 19 18 17 16 15 15 16 16 16 16 16 16 16 16 16 16 16 16 16 15 14 14 14 12 12 12 10 8 7 6 6 6 6 5 5 5 4 5 5 6 6 8 9 9 10 11 13 14 14 15 15 15 14 12 11 10 7 3 2 1 1 0 0 0 1 1 1 2 4 8 10 14 14 15 16 16 16 16 16 16 
27 27 27 26 26 26 22 15 4 0 0 0 1 0 19 60 98 117 98 55 30 25 23 21 18 17 17 16 15 15 16 17 17 16 16 16 16 16 16 16 16 16 16 15 14 14 14 12 12 11 10 8 7 6 6 6 6 5 5 5 5 5 5 6 8 9 9 9 10 11 13 14 14 15 14 14 14 12 11 9 4 2 2 1 1 0 0 0 1 1 2 2 5 9 11 15 15 15 16 17 17 17 17 16 
27 27 27 26 26 27 22 15 5 0 0 0 0 3 31 71 104 116 88 49 26 22 22 21 19 18 17 16 16 16 17 17 17 16 16 16 16 16 16 16 16 16 16 15 14 14 12 11 11 10 8 7 6 6 6 5 5 5 5 6 5 5 5 6 8 10 10 10 10 11 11 13 15 15 14 15 15 12 10 7 3 1 1 0 0 0 0 1 1 1 2 3 5 11 13 15 15 14 16 17 17 17 17 16 
27 27 27 26 26 25 20 11 3 2 3 3 3 14 51 90 120 118 80 44 25 21 21 19 19 19 18 17 16 16 17 16 17 16 16 16 16 16 16 16 16 16 16 15 15 14 12 11 10 10 8 7 6 6 6 6 6 7 6 6 5 7 7 8 8 11 10 12 13 12 11 12 13 14 14 15 13 9 8 4 2 1 1 0 0 0 0 1 2 2 3 4 7 11 12 15 16 15 16 17 16 16 16 16 
26 27 27 26 25 22 16 8 2 2 4 6 6 19 63 103 125 114 74 37 23 21 21 19 19 19 18 17 17 17 16 17 17 16 16 16 16 16 16 16 16 16 16 16 15 14 12 11 11 9 8 7 6 5 5 7 8 8 7 7 5 8 9 12 13 17 18 11 8 8 8 9 10 11 11 13 12 9 6 3 2 1 1 0 0 0 0 1 2 3 4 5 8 10 12 15 16 16 17 17 16 16 16 16 
26 27 27 26 24 19 12 4 1 1 2 3 4 25 70 104 120 105 62 31 23 21 21 19 18 18 17 17 16 16 16 16 16 16 16 17 17 17 17 17 18 16 16 16 15 14 14 11 11 9 8 7 7 7 7 7 8 7 7 7 5 8 12 15 17 24 27 14 3 3 6 8 9 10 9 10 10 6 3 3 2 1 1 0 0 0 0 1 3 3 4 7 9 10 12 15 16 16 16 17 17 15 16 16 
26 27 27 25 21 16 9 2 1 0 1 1 3 23 51 88 101 81 50 30 24 23 22 18 17 17 17 16 15 17 17 16 16 16 16 17 17 17 17 17 18 17 17 18 17 14 14 12 11 11 10 7 7 7 8 8 9 8 8 7 5 8 12 16 22 34 40 28 11 5 3 5 8 9 9 9 9 5 2 2 2 1 1 0 0 0 0 1 3 3 4 8 9 11 15 15 15 15 16 17 17 17 17 16 
26 27 27 24 18 12 5 1 0 0 1 1 3 5 15 56 66 54 42 23 16 17 18 16 15 13 15 14 15 17 16 15 16 16 17 18 18 18 18 18 19 18 17 18 17 15 14 13 12 11 10 10 8 9 9 8 8 8 7 7 5 8 14 18 30 46 58 50 32 14 3 5 8 9 8 8 6 4 2 1 1 1 1 0 0 0 1 2 3 3 5 8 9 11 16 15 16 16 15 17 17 18 18 17 
27 26 26 21 15 9 3 1 0 0 0 1 1 3 12 33 50 54 46 22 10 11 14 15 13 12 12 12 13 14 12 14 14 15 16 17 17 17 17 18 19 19 18 17 16 15 14 12 11 11 10 9 10 11 8 7 5 6 5 5 5 7 11 20 38 57 73 72 56 31 9 9 10 9 8 5 4 3 2 1 1 1 1 0 0 0 0 2 4 4 7 9 11 11 15 15 16 17 17 18 18 17 17 17 
27 26 25 18 11 5 1 0 0 1 0 0 0 2 13 29 54 73 70 42 21 11 12 12 12 12 11 11 13 12 11 12 15 15 16 18 18 18 18 18 19 18 17 15 15 14 12 11 11 10 7 5 8 10 7 5 4 5 4 3 4 5 9 20 41 62 88 94 81 52 23 13 11 11 9 5 3 1 2 2 1 1 1 1 0 0 0 2 5 5 7 10 12 12 15 16 17 18 17 18 18 18 18 17 
27 26 23 16 9 3 1 1 1 1 0 1 0 2 15 53 90 104 86 58 29 12 12 11 10 12 12 12 12 14 12 14 15 15 16 18 18 19 19 19 18 18 16 15 13 11 14 12 9 8 4 3 5 5 4 3 3 4 3 3 3 4 7 17 37 58 86 98 88 61 31 15 12 11 10 5 2 1 1 1 1 1 1 0 0 0 1 1 3 5 8 9 12 14 16 16 17 17 17 19 19 18 18 18 
27 25 20 14 8 2 1 1 1 1 0 1 0 2 24 68 111 120 95 61 25 12 15 12 12 14 14 16 14 15 14 15 16 15 16 18 18 19 19 19 18 18 16 13 13 12 14 14 9 3 1 2 2 2 2 3 4 4 4 4 4 4 5 11 28 50 84 103 97 69 40 18 14 11 10 5 3 1 1 1 1 1 1 1 0 0 1 2 5 5 9 10 12 15 16 16 17 16 16 18 18 17 18 17 
26 24 19 11 5 1 0 1 1 11 1 2 1 4 30 77 121 128 99 55 20 12 15 14 14 15 15 17 16 16 16 15 16 16 17 18 18 19 21 18 17 17 15 15 13 15 18 18 11 4 0 0 1 1 2 3 4 4 3 4 4 4 5 10 23 42 68 87 88 71 44 22 17 13 11 5 3 1 1 1 1 1 1 1 1 1 1 2 5 7 10 12 12 16 16 16 17 16 16 17 17 17 18 17 
27 22 15 8 3 1 1 1 2 1 1 2 1 9 42 90 123 122 99 53 22 12 14 12 15 15 15 16 16 17 16 16 17 16 17 18 18 19 19 19 19 17 15 15 16 22 25 20 12 6 0 0 1 1 1 2 3 3 3 3 4 4 14 21 26 39 51 59 63 58 43 22 15 12 10 5 3 1 1 2 2 1 1 1 1 1 1 2 5 7 10 12 12 16 16 16 17 16 16 17 17 16 16 17 
25 21 14 4 2 0 1 2 2 1 1 3 3 12 50 97 125 124 95 51 22 14 15 15 15 15 15 15 15 16 15 16 17 16 17 17 17 18 19 19 19 16 16 15 18 25 30 25 11 5 0 0 0 0 1 1 2 1 2 2 5 8 16 29 31 37 43 47 50 48 38 17 12 9 6 3 2 1 1 1 2 1 1 1 1 1 1 3 5 7 10 14 14 16 17 17 16 16 16 17 17 17 17 17 
23 16 10 3 2 1 1 2 2 1 1 3 4 21 59 101 136 130 93 47 22 16 17 17 16 16 15 15 16 16 15 16 17 16 17 17 17 17 18 18 18 16 16 16 24 31 33 26 12 3 0 0 0 0 0 1 1 1 1 2 4 9 14 30 30 29 29 29 31 32 27 10 10 7 5 2 2 2 1 1 1 1 1 1 1 1 2 4 7 9 10 12 14 15 16 16 16 16 15 16 16 16 17 16 
19 12 5 2 0 1 1 1 1 2 2 4 5 25 73 117 148 140 93 45 23 16 16 16 15 16 15 15 16 16 16 16 16 17 17 18 18 18 18 18 18 17 18 18 29 36 36 28 11 1 0 0 0 0 0 0 1 1 1 1 3 10 17 25 22 18 16 16 12 13 9 6 5 4 3 1 1 1 1 1 1 1 1 1 1 3 3 6 10 9 11 12 14 15 15 16 16 16 16 15 15 16 16 15 
15 8 2 1 0 1 1 1 1 2 2 4 8 30 80 129 157 143 91 42 24 17 16 16 15 16 15 14 16 16 16 16 16 16 17 18 18 18 18 17 17 17 18 19 31 37 33 25 9 1 0 0 0 0 0 0 0 1 1 1 7 15 21 24 18 11 9 8 4 5 2 3 3 3 2 1 1 1 1 2 2 1 1 1 3 3 4 8 10 10 11 14 14 16 15 16 16 16 16 15 15 16 16 15 
12 4 1 0 0 1 1 0 0 2 2 5 12 38 89 139 158 142 89 42 28 17 15 15 14 16 16 16 16 16 15 15 16 16 16 16 16 16 18 17 17 16 16 19 35 36 28 22 8 0 0 1 1 0 0 0 1 0 2 4 12 19 22 23 15 8 5 4 3 3 1 1 2 1 1 1 1 1 1 1 1 1 1 2 3 5 5 8 10 11 13 12 14 15 15 16 16 15 15 14 15 16 16 15 
8 2 0 0 0 0 0 0 0 2 3 6 14 37 96 150 159 143 89 43 30 17 14 14 15 16 16 16 16 15 16 16 16 15 15 15 15 16 17 16 16 16 16 21 35 38 26 18 4 0 0 0 0 0 0 0 0 0 4 9 19 26 25 24 12 4 2 3 2 2 2 3 3 1 1 1 1 1 1 1 1 1 3 4 7 7 8 10 10 11 13 12 14 15 15 15 16 15 15 15 15 15 15 14 
5 1 0 0 0 0 0 0 0 1 3 8 17 49 108 157 164 142 87 40 31 19 15 15 15 15 15 16 16 15 14 14 15 14 14 14 14 16 16 16 16 16 17 23 32 35 23 10 3 1 0 0 0 0 0 0 0 0 5 15 24 30 26 23 12 3 2 1 1 1 2 1 1 1 1 1 1 1 1 2 2 2 2 5 7 7 9 10 10 11 12 12 14 15 15 16 17 17 17 16 15 16 16 14 
3 1 1 0 0 0 0 0 0 1 1 8 23 64 120 162 169 143 86 38 29 21 16 15 15 15 15 15 15 14 15 14 14 14 14 15 15 16 16 17 17 17 18 23 28 23 14 7 1 0 0 0 0 0 0 0 0 0 9 19 26 28 19 12 5 2 1 1 1 1 1 1 1 1 1 1 1 1 1 2 2 2 3 7 7 8 10 9 12 12 14 14 14 15 15 17 17 17 17 16 15 16 16 15 
2 1 1 1 0 0 0 0 0 1 1 10 28 72 136 174 171 135 72 35 26 23 18 16 16 17 17 17 17 15 16 16 16 15 15 15 16 16 16 18 18 18 21 24 24 19 8 3 1 0 0 0 0 0 0 0 0 0 10 18 21 17 10 4 2 0 1 0 0 1 2 1 1 1 0 1 1 1 2 3 5 5 8 10 9 11 13 12 12 12 14 14 14 15 16 16 16 16 16 15 15 15 15 15 
2 1 1 1 0 0 0 0 0 1 2 12 37 90 152 182 178 131 61 33 26 22 18 16 16 17 17 17 17 17 17 17 17 16 16 15 17 17 17 19 19 19 23 25 23 16 4 0 0 0 0 0 0 0 0 0 0 1 7 12 11 8 5 2 2 1 1 1 0 0 1 1 1 1 1 1 1 3 4 4 7 9 11 12 12 13 13 14 14 14 15 14 14 15 16 16 16 16 16 16 15 15 15 14 
0 1 1 0 0 0 0 0 0 1 3 16 46 104 161 179 169 117 56 31 25 23 19 17 17 17 17 17 17 19 19 18 18 17 18 17 18 18 18 19 19 21 24 26 22 14 2 0 0 0 0 0 0 0 0 0 0 2 5 8 7 3 0 1 1 1 1 1 0 0 1 1 1 1 1 1 2 3 5 5 8 11 13 12 12 15 15 14 15 15 15 14 14 15 16 16 16 16 16 15 15 16 16 15 
0 1 1 0 0 0 0 0 0 1 5 17 57 115 164 177 152 96 43 24 23 21 19 17 17 18 17 17 18 20 20 19 21 21 21 19 19 19 19 20 20 22 25 28 22 14 3 1 0 0 0 0 0 0 1 1 1 4 7 8 5 0 0 1 1 1 1 1 0 0 1 1 1 1 1 1 2 3 6 8 9 12 15 12 14 16 16 15 15 16 15 15 15 16 16 16 16 16 16 15 15 16 17 16 
0 1 0 0 0 0 0 1 1 2 8 19 60 114 163 174 159 104 42 21 23 19 18 18 18 17 18 18 18 18 19 21 22 21 22 21 19 19 19 21 21 22 25 29 22 12 4 1 1 0 0 0 0 0 1 2 4 4 8 8 3 0 0 0 1 1 1 0 0 1 1 1 1 1 1 1 3 4 6 8 9 11 12 14 14 14 15 15 16 16 16 15 15 16 16 16 16 16 16 16 16 16 16 16 
0 1 0 0 0 0 0 1 1 2 8 28 75 120 162 167 144 87 32 19 22 18 18 18 18 18 18 18 18 19 19 21 22 21 22 21 21 19 19 21 22 23 26 29 23 14 5 1 1 1 1 1 0 0 1 2 3 5 8 4 1 0 0 1 1 1 1 0 0 1 1 1 1 0 0 1 2 3 5 7 8 10 14 14 14 14 15 16 16 16 16 15 15 16 16 16 16 16 16 16 16 16 17 16 
0 1 0 0 0 0 0 1 1 2 9 33 84 128 160 164 134 72 25 18 21 18 18 18 18 18 18 18 19 19 21 22 22 22 23 23 23 21 19 22 24 25 29 30 24 15 8 4 4 2 2 2 1 1 1 3 5 5 5 2 0 0 0 1 1 0 0 0 0 1 1 0 0 0 0 0 1 2 4 5 8 10 14 14 14 14 16 17 16 16 16 17 17 16 16 16 16 16 16 17 17 16 16 16 
0 1 0 0 0 0 0 1 1 2 8 38 92 137 163 162 125 64 24 18 19 18 18 18 18 18 18 19 19 19 21 22 22 22 23 23 22 21 18 22 25 29 35 37 30 21 14 7 4 2 1 1 1 1 1 4 6 7 4 1 0 0 1 1 1 0 0 0 0 1 1 0 0 0 0 0 1 1 3 3 7 10 11 14 14 14 16 17 16 16 16 17 17 16 16 16 16 16 16 16 17 16 16 16 
0 1 0 0 0 0 0 0 0 3 10 38 93 144 167 162 118 52 17 19 20 17 18 18 18 19 19 21 19 19 21 21 22 22 23 23 22 22 19 21 21 32 43 61 85 93 90 68 36 11 13 9 7 7 8 9 10 10 5 1 0 0 0 0 0 0 0 0 0 1 1 0 0 0 0 0 1 1 1 3 5 10 12 12 14 14 16 16 16 16 15 16 16 16 16 16 16 15 15 16 16 15 15 15 
0 1 0 0 0 0 0 0 0 3 11 42 99 150 173 159 110 46 20 20 20 18 18 18 18 19 19 19 21 21 21 22 22 23 23 22 22 22 19 19 21 44 81 123 167 187 187 170 115 67 55 39 37 26 28 24 13 11 6 1 0 0 0 0 0 0 0 0 0 1 1 0 0 0 0 0 0 1 1 3 4 8 11 12 14 14 15 16 16 15 16 16 16 16 16 16 16 15 16 17 16 15 15 15 
0 1 0 0 0 0 0 0 0 3 11 46 102 150 179 153 96 39 22 21 19 18 18 18 18 19 19 21 21 21 21 22 22 23 22 22 22 22 22 22 22 74 148 199 229 240 240 233 189 145 117 96 94 72 66 53 25 11 7 2 0 0 0 0 0 0 0 0 0 1 1 0 0 0 0 0 0 1 2 3 4 6 10 11 14 14 15 16 15 15 14 15 15 14 14 16 16 17 17 17 16 15 15 15 
0 1 0 0 0 0 0 0 0 3 11 50 107 148 169 139 81 33 22 19 19 18 18 18 18 19 19 21 21 21 22 23 22 22 22 22 19 19 20 22 23 101 187 235 242 244 243 241 226 205 172 146 143 120 108 80 40 10 5 1 0 0 0 0 0 0 0 0 0 1 1 0 0 0 0 0 0 1 1 2 5 6 10 11 14 14 15 16 15 15 14 15 15 14 14 16 16 16 16 17 16 15 15 15 
0 0 0 0 0 0 0 0 0 3 11 51 107 145 158 117 68 29 20 18 17 17 18 18 18 18 19 21 21 22 22 23 23 22 22 19 18 16 17 19 22 122 219 251 254 253 248 234 237 215 226 222 216 182 155 123 77 9 4 1 0 0 0 0 0 0 0 0 0 1 1 0 0 0 0 0 0 1 1 3 5 8 10 12 12 12 15 15 15 14 12 12 12 14 14 14 15 16 17 16 15 15 15 15 
0 0 0 0 0 0 0 0 0 3 11 50 104 144 155 108 63 26 20 18 17 17 17 17 18 18 19 21 22 22 22 22 22 21 21 19 19 16 15 18 19 86 170 227 249 241 210 175 186 200 231 238 241 193 134 90 50 6 2 1 0 0 0 0 0 0 0 0 0 1 1 0 0 0 0 0 1 1 1 4 6 8 11 12 12 12 15 15 14 12 12 12 12 12 14 14 15 16 16 15 15 15 15 15 
0 0 0 0 0 0 0 0 0 2 10 50 103 143 155 104 58 27 20 18 17 17 17 17 18 18 19 21 22 22 22 23 23 22 22 19 19 16 14 18 18 60 121 177 195 184 148 114 135 199 242 243 247 191 101 40 10 4 1 0 0 0 0 0 0 0 0 0 0 1 1 0 0 0 0 1 1 1 1 3 5 8 9 11 12 12 14 14 12 12 12 12 12 14 14 14 14 14 15 15 15 15 15 16 
0 0 0 0 0 0 0 0 0 2 11 47 97 143 153 108 53 25 20 17 16 16 16 17 18 18 18 19 22 21 22 23 23 22 22 18 19 16 15 16 16 39 68 101 113 102 73 43 78 145 194 208 213 149 63 15 0 2 1 0 0 0 0 0 0 0 0 0 0 1 1 0 0 0 0 1 1 1 1 3 5 7 9 11 11 12 12 12 12 12 12 12 12 12 12 12 14 14 14 15 15 15 16 16 
0 0 0 0 0 0 0 0 0 2 11 47 97 143 152 107 51 24 19 18 17 16 16 17 18 18 19 21 21 22 22 23 22 19 19 18 17 15 15 15 16 18 25 32 36 24 9 2 37 71 110 135 133 88 31 4 1 2 0 0 0 0 0 0 0 0 0 0 0 0 0 0 0 0 0 1 1 1 2 3 7 7 8 10 11 11 12 11 11 12 12 11 11 11 12 12 12 14 14 14 15 15 16 16 
0 0 0 0 0 0 0 0 0 2 11 50 99 142 150 104 50 23 19 18 17 16 16 17 18 18 19 21 22 22 22 21 22 19 18 18 17 15 14 14 12 14 18 18 15 10 4 2 14 15 31 40 34 24 4 0 0 2 0 0 0 0 0 0 0 0 0 0 0 0 0 0 0 0 0 1 1 1 3 5 7 8 9 10 10 11 11 11 11 11 10 10 10 10 10 12 12 12 14 14 14 14 15 16 
0 0 0 0 0 0 0 0 0 3 13 51 99 139 145 103 50 22 19 17 16 16 16 17 18 18 19 21 21 22 22 21 21 19 18 17 16 14 11 10 10 11 13 8 5 4 2 0 1 0 2 2 2 2 0 0 0 1 0 0 0 0 0 0 0 0 0 0 0 0 0 0 0 0 0 1 1 3 5 5 7 9 9 8 9 10 11 10 11 11 10 10 9 10 10 11 11 12 12 14 14 14 15 15 
0 0 0 0 0 0 0 0 0 3 15 53 101 137 142 101 48 21 19 17 16 17 16 17 18 18 19 21 21 22 22 21 21 19 18 16 15 12 8 7 8 10 9 5 4 2 2 1 3 3 2 1 1 1 0 0 0 0 0 0 0 0 0 0 0 0 0 0 0 0 0 0 0 0 0 1 1 3 5 5 7 9 8 7 7 9 9 9 10 10 10 9 9 9 10 11 12 12 12 14 14 14 15 15 
0 0 0 0 0 0 0 0 0 2 16 53 97 134 138 99 47 21 19 19 17 16 17 17 18 18 19 21 21 22 21 21 19 18 18 16 14 11 5 5 5 5 5 3 1 1 2 2 2 3 2 1 1 0 1 0 0 0 0 0 0 0 0 0 0 0 0 0 0 0 0 0 0 0 0 1 1 3 4 5 8 7 7 6 7 10 10 10 11 9 9 9 9 10 11 11 12 12 12 14 14 14 15 15 
0 0 0 0 0 0 0 0 0 3 16 51 97 132 136 96 45 19 19 19 17 16 17 17 18 18 19 19 21 21 21 21 19 18 17 15 11 9 4 4 3 4 3 1 0 1 1 1 1 1 0 1 1 0 0 0 0 0 0 0 0 0 0 0 0 0 0 0 0 0 0 0 0 0 0 1 1 3 4 4 7 7 5 6 7 8 9 9 9 9 9 10 10 11 11 11 12 12 12 14 14 14 15 15 
0 0 0 0 0 0 0 0 0 2 15 49 95 129 132 94 44 19 19 18 16 16 17 18 18 19 19 19 21 21 21 21 19 18 16 14 9 5 3 3 2 2 1 0 0 0 1 0 0 0 0 1 1 0 0 0 0 0 0 0 0 0 0 0 0 0 0 0 0 0 0 0 0 0 0 1 2 3 4 4 7 7 7 8 8 8 9 7 8 9 9 11 11 10 11 11 12 12 12 12 12 12 14 14 
0 0 0 0 0 0 0 0 0 1 14 47 94 127 130 92 42 19 18 18 16 17 17 18 18 19 19 19 21 21 21 19 19 18 15 12 9 5 3 2 2 1 0 0 0 0 0 0 0 0 0 0 0 0 1 0 0 0 0 0 0 0 0 0 0 0 0 0 0 0 0 0 1 1 1 1 1 3 4 5 8 7 8 8 8 8 8 7 7 9 9 10 11 11 11 11 11 12 12 12 12 12 14 14 
0 0 0 0 0 0 0 0 0 1 12 44 88 122 127 89 43 19 18 18 17 17 17 18 18 19 19 21 21 21 21 19 19 18 15 12 9 5 3 2 1 1 0 0 0 0 0 0 0 0 0 0 0 0 0 0 0 0 0 0 0 0 0 0 0 0 0 0 0 0 0 1 1 1 1 2 2 3 4 5 8 8 8 9 9 7 7 8 8 8 9 10 10 11 12 12 11 11 12 12 12 13 14 14 
0 0 0 0 0 0 0 0 0 1 11 38 82 117 123 89 44 21 18 18 17 17 17 18 18 19 19 21 21 21 21 19 18 17 14 10 8 7 3 2 1 0 0 0 0 0 0 0 0 0 0 0 0 0 0 0 0 0 0 0 0 0 0 0 0 0 0 0 0 0 0 1 1 1 1 2 2 3 3 5 8 8 9 9 9 8 8 8 9 9 10 10 11 12 12 12 11 12 12 12 12 13 14 14 
0 0 0 0 0 0 0 0 0 1 8 37 78 113 121 93 50 24 18 18 17 17 18 18 19 19 21 22 22 21 21 19 17 16 12 10 8 5 3 2 1 0 0 0 0 0 0 0 0 0 0 0 0 0 0 0 0 0 0 0 0 0 0 0 0 0 0 0 0 0 0 1 1 1 1 2 2 3 4 5 8 10 10 9 9 9 9 10 10 10 10 11 12 11 12 11 14 12 14 14 12 12 14 14 
0 0 0 0 0 0 0 0 0 1 5 33 75 113 125 100 57 28 19 18 18 18 17 18 19 21 21 22 22 21 19 18 17 16 11 10 8 4 3 2 1 0 0 0 0 0 0 0 0 0 0 0 0 0 0 0 0 0 0 0 0 0 0 0 0 0 0 0 0 0 0 1 1 1 1 2 2 3 3 4 7 9 10 10 10 10 10 11 11 11 11 12 12 12 12 12 14 12 14 14 14 14 14 14 
0 0 0 0 0 0 0 0 0 1 4 32 77 117 133 108 63 30 19 18 18 18 18 19 19 21 21 22 22 21 19 18 17 15 11 8 5 4 3 1 1 0 0 0 0 0 0 0 0 0 0 0 0 0 0 0 0 0 0 0 0 0 0 0 0 0 0 0 0 0 0 1 1 1 1 2 2 3 4 4 7 9 10 11 11 12 12 12 13 12 12 12 12 12 14 14 14 14 14 14 14 14 14 14 
0 0 0 0 0 0 0 0 0 1 5 33 77 117 138 116 68 32 21 19 18 18 18 19 19 21 21 21 22 19 19 17 16 14 10 7 4 3 2 2 1 0 0 0 0 0 0 0 0 0 0 0 0 0 0 0 0 0 0 0 0 0 0 0 0 0 0 0 0 0 0 1 1 1 1 2 2 3 4 4 7 9 9 11 12 13 13 13 13 12 12 12 12 14 14 14 15 14 15 15 14 14 15 15 
0 0 0 0 0 0 0 0 0 1 5 22 63 113 139 123 75 36 23 19 18 18 19 19 21 21 21 21 21 19 18 17 15 12 9 7 4 2 2 1 1 0 0 0 0 0 0 0 0 0 0 0 0 0 0 0 0 0 0 0 0 0 0 0 0 0 0 0 0 1 1 1 1 1 2 3 3 4 4 5 7 8 10 12 13 15 13 13 13 12 12 12 14 14 14 14 15 14 14 15 14 14 15 15 
0 0 0 0 0 0 0 0 0 1 4 17 56 110 142 128 82 39 23 19 19 19 19 21 21 22 21 21 21 19 18 16 15 11 9 4 3 2 2 1 1 0 0 0 0 0 0 0 0 0 0 0 0 0 0 0 0 0 0 0 0 0 0 0 0 0 0 0 0 1 1 1 1 1 2 3 3 4 5 7 8 8 10 11 12 13 13 13 13 12 12 14 14 14 14 14 15 14 14 15 15 15 15 15 
0 0 0 0 0 0 0 0 0 1 2 18 55 107 139 132 88 40 23 19 19 19 19 21 21 22 21 21 21 18 18 15 14 11 7 3 2 2 1 0 1 1 0 1 1 1 1 0 0 0 0 0 0 0 0 0 0 0 0 0 0 0 0 0 0 0 0 0 0 0 0 1 1 1 2 3 3 3 4 8 9 10 10 11 12 12 12 12 14 12 14 14 14 14 14 14 14 14 14 15 15 15 15 15 
0 0 0 0 0 0 0 0 0 1 1 13 48 100 136 135 95 49 24 19 19 19 19 21 21 22 21 21 21 19 18 15 14 9 5 3 2 1 1 0 0 0 0 1 1 1 1 0 0 0 0 0 0 0 0 0 0 0 0 0 0 0 0 0 0 0 0 0 0 0 0 0 0 2 2 2 4 4 5 8 9 10 10 11 12 12 12 12 12 12 14 14 14 14 14 14 14 15 15 15 15 15 15 15 
0 0 0 0 0 0 0 0 0 0 3 9 39 89 130 139 107 60 28 18 18 19 19 21 21 22 22 22 21 21 18 14 12 8 4 3 1 1 1 0 0 0 0 0 0 0 0 0 0 0 0 0 0 0 0 0 0 0 0 0 0 0 0 0 0 0 0 0 0 0 0 0 0 2 3 3 3 5 7 9 9 10 10 11 12 11 11 12 12 12 14 14 14 14 14 14 14 14 14 14 14 14 14 14 
0 0 0 0 0 0 0 0 0 1 4 7 30 78 124 144 115 68 30 17 18 19 21 21 21 22 22 22 21 19 17 14 11 7 3 2 1 1 1 0 0 0 0 0 0 0 0 0 0 0 0 0 0 0 0 0 0 0 0 0 0 0 0 0 0 0 0 0 0 0 0 0 0 2 3 4 5 7 8 9 9 10 10 11 12 11 11 12 12 14 14 14 14 14 14 14 14 14 14 15 14 14 15 14 
0 0 0 0 0 0 0 0 1 1 3 5 28 72 127 146 122 77 32 18 18 18 19 21 21 22 21 21 19 18 17 14 11 5 2 2 1 1 0 0 0 0 0 0 0 0 0 0 0 0 0 0 0 0 0 0 0 0 0 0 0 0 0 0 0 0 0 0 0 0 0 0 0 2 3 4 5 7 9 9 9 10 10 11 12 11 11 12 12 12 14 14 14 14 14 14 14 14 14 12 12 12 12 14 
0 0 0 0 0 0 0 0 0 1 2 2 22 59 115 145 130 86 37 18 18 18 19 19 21 21 21 21 19 18 16 14 10 5 2 2 1 1 0 0 0 0 0 0 0 0 0 0 0 0 0 0 0 0 0 0 0 0 0 0 0 0 0 0 0 0 0 0 0 0 0 0 1 2 3 4 7 8 9 10 10 10 11 12 12 11 11 11 12 12 12 12 12 14 14 12 12 12 11 12 12 12 12 12 
0 0 0 0 0 0 0 0 0 1 0 1 11 44 101 141 131 94 42 18 18 18 18 19 19 21 19 19 18 17 15 12 9 4 2 1 1 1 0 0 0 0 0 0 0 0 0 0 0 0 0 0 0 0 0 0 0 0 0 0 0 0 0 0 0 0 0 0 0 0 0 0 1 2 3 5 8 9 9 10 10 11 12 11 11 11 11 11 12 12 12 12 12 14 14 12 12 12 11 10 10 10 11 11 
0 0 0 0 0 0 0 0 0 1 1 1 5 33 90 132 132 106 52 21 17 18 18 19 19 21 19 18 17 16 15 11 8 4 1 2 1 0 0 0 0 0 0 0 0 0 0 0 0 0 0 0 0 0 0 0 0 0 0 0 0 0 0 0 0 0 0 0 0 0 0 1 1 2 2 3 7 7 9 10 10 11 11 11 11 10 11 11 11 12 12 12 12 12 14 14 14 12 12 10 9 10 10 10 
0 0 0 0 0 0 0 0 0 0 0 1 4 28 68 116 132 115 65 27 18 19 18 18 18 18 17 17 16 14 12 10 7 5 3 2 0 0 0 0 0 0 0 0 0 0 0 0 0 0 0 0 0 0 0 0 0 0 0 0 0 0 0 0 0 0 0 0 0 0 0 0 1 1 1 3 4 7 8 9 10 10 11 11 11 10 11 10 10 11 11 11 12 12 12 12 14 12 12 12 12 11 11 11 
0 0 0 0 0 0 0 0 0 0 0 1 2 22 60 107 128 124 75 32 20 19 17 17 18 18 18 17 16 14 11 9 5 4 2 1 0 0 0 0 0 0 0 0 0 0 0 0 0 0 0 0 0 0 0 0 0 0 0 0 0 0 0 0 0 0 0 0 0 0 0 1 1 1 2 5 7 8 9 10 11 11 11 11 11 11 10 10 10 10 10 10 11 12 12 12 14 14 14 15 15 15 14 12 
0 0 0 0 0 0 0 0 0 0 0 0 1 15 52 93 121 131 82 34 22 19 17 17 18 19 18 17 15 12 10 8 4 2 1 1 1 0 0 0 0 0 0 0 0 0 0 0 0 0 0 0 0 0 0 0 0 0 0 0 0 0 0 0 0 0 0 0 0 0 0 1 1 1 2 4 7 8 10 11 12 12 12 12 11 11 11 10 10 11 10 10 11 12 12 11 12 12 12 14 14 15 15 14 
0 0 0 0 0 0 0 0 0 0 0 0 1 11 42 82 118 132 88 37 23 21 17 17 18 19 18 17 14 12 8 5 4 2 1 1 1 0 0 0 0 0 0 0 0 0 0 0 0 0 0 0 0 0 0 0 0 0 0 0 0 0 0 0 0 0 0 0 0 0 0 1 1 1 2 4 7 9 10 11 12 12 12 12 11 11 11 10 10 11 10 10 10 11 11 11 11 11 12 14 14 15 16 16 
0 0 0 0 0 0 0 0 0 0 0 0 0 4 35 85 126 135 95 41 22 19 18 18 18 19 18 16 14 11 7 4 2 1 1 1 1 0 0 0 0 0 0 0 0 0 0 0 0 0 0 0 0 0 0 0 0 0 0 0 0 0 0 0 0 0 0 0 0 0 0 1 1 2 2 4 7 9 10 11 12 12 12 12 11 11 11 11 11 11 11 10 10 11 10 11 11 11 12 12 14 15 16 16 
0 0 0 0 0 0 0 0 0 0 0 1 1 4 30 78 124 135 102 50 23 19 19 18 18 19 17 15 14 10 7 4 2 1 1 1 1 0 0 0 0 0 0 0 0 0 0 0 0 0 0 0 0 0 0 0 0 0 0 0 0 0 0 0 0 0 0 0 0 0 1 1 2 2 3 5 7 9 11 11 12 12 11 12 12 12 12 11 11 11 11 10 10 11 11 11 11 11 11 11 12 12 14 15 
0 0 0 0 0 0 0 0 0 0 0 1 0 6 29 73 123 133 107 53 25 18 18 18 18 18 17 15 12 9 7 4 2 1 1 0 0 0 0 0 0 0 0 0 0 0 0 0 0 0 0 0 0 0 0 0 0 0 0 0 0 0 0 0 0 0 0 0 0 1 1 1 1 3 3 5 8 9 10 11 12 12 12 12 12 12 12 12 12 12 11 11 11 12 11 11 10 11 11 11 11 11 12 14 
0 0 0 0 0 0 0 0 0 0 1 2 0 6 27 67 121 136 118 67 30 19 17 17 18 19 18 16 14 10 7 3 2 1 1 0 0 0 0 0 0 0 0 0 0 0 0 0 0 0 0 0 0 0 0 0 0 0 0 0 0 0 0 0 0 0 0 0 0 0 1 1 2 3 4 7 9 9 10 11 11 12 12 12 14 14 12 12 14 12 12 12 11 12 12 11 11 11 11 11 11 11 12 14 
0 0 0 0 0 0 0 0 0 0 1 2 0 5 23 63 110 138 135 86 33 18 17 17 18 19 18 16 14 10 7 3 1 1 1 0 0 0 0 0 0 0 0 0 0 0 0 0 0 0 0 0 0 0 0 0 0 0 0 0 0 0 0 0 0 0 0 0 0 0 1 2 3 2 5 7 9 12 12 11 12 12 12 14 14 14 14 14 14 12 12 12 12 12 11 11 11 10 10 10 11 11 12 12 
0 0 0 0 0 0 0 0 0 0 1 2 0 3 16 53 103 138 139 93 38 19 18 18 18 20 19 17 14 10 7 3 1 1 1 0 0 0 0 0 0 0 0 0 0 0 0 0 0 0 0 0 0 0 0 0 0 0 0 0 0 0 0 0 0 0 0 0 0 0 1 2 3 3 5 7 10 12 12 11 12 12 14 14 14 14 14 14 15 14 14 14 12 12 12 12 12 11 11 11 11 11 12 12 
0 0 0 0 0 0 0 0 0 0 0 1 0 2 10 45 93 132 139 96 43 22 18 18 18 20 18 16 12 10 7 3 2 1 1 0 0 0 0 0 0 0 0 0 0 0 0 0 0 0 0 0 0 0 0 0 0 0 0 0 0 0 0 0 0 0 0 0 0 0 0 1 2 3 5 8 10 12 12 11 12 12 14 14 14 14 14 14 15 14 14 14 12 14 12 12 12 12 11 11 11 11 12 12 
0 0 0 0 0 0 0 0 0 0 0 1 1 2 7 33 82 123 136 99 47 23 19 18 18 19 18 16 11 9 5 3 2 1 1 0 0 0 0 0 0 0 0 0 0 0 0 0 0 0 0 0 0 0 0 0 0 0 0 0 0 0 0 0 0 0 0 0 0 0 2 1 3 4 7 9 10 12 13 12 12 14 15 14 15 14 14 14 15 15 14 14 14 15 14 14 14 12 12 11 12 12 11 12 
0 0 0 0 0 0 0 0 0 0 0 0 1 1 4 30 72 118 132 102 50 25 19 18 18 18 17 15 11 9 5 3 2 1 1 1 1 0 0 0 0 0 0 0 0 0 0 0 0 0 0 0 0 0 0 0 0 0 0 0 0 0 0 0 0 0 0 0 0 1 2 3 3 4 7 10 11 11 12 12 14 14 14 14 15 14 14 14 14 14 14 14 14 14 14 14 14 14 12 12 12 12 12 12 
0 0 0 0 0 0 0 0 0 0 0 0 1 1 4 26 66 114 132 108 57 26 20 18 18 19 17 14 11 9 4 3 2 1 1 1 1 0 0 0 0 0 0 0 0 0 0 0 0 0 0 0 0 0 0 0 0 0 0 0 0 0 0 0 0 0 0 0 1 1 1 3 3 4 7 11 12 12 12 12 14 14 14 12 14 14 12 12 14 14 14 14 14 14 14 14 14 14 12 12 12 12 12 12 
0 0 0 0 0 0 0 0 0 0 0 0 1 1 3 22 63 108 129 113 63 27 20 18 18 19 16 12 10 7 4 3 2 2 1 1 1 0 0 0 0 0 0 0 0 0 0 0 0 0 0 0 0 0 0 0 0 0 0 0 0 0 0 0 0 0 0 0 1 1 1 3 3 6 9 12 13 15 15 14 14 14 14 12 14 14 12 12 12 14 14 14 14 14 14 14 14 14 14 14 12 14 14 14 
0 0 0 0 0 0 0 0 1 0 0 0 1 1 1 19 54 100 128 114 67 29 20 18 18 19 17 14 10 8 5 3 2 2 1 1 1 0 0 0 0 0 0 0 0 0 0 0 0 0 0 0 0 0 0 0 0 0 0 0 0 0 0 0 0 0 0 0 1 1 2 3 4 6 9 12 13 15 13 14 12 12 12 12 14 14 14 14 14 12 14 14 14 14 14 14 14 14 14 14 14 14 14 12 
0 0 0 0 0 0 0 0 1 0 0 0 1 1 2 17 50 96 126 115 70 31 19 18 18 18 17 14 10 8 5 4 3 2 1 1 0 0 0 0 0 0 0 0 0 0 0 0 0 0 0 0 0 0 0 0 0 0 0 0 0 0 0 0 0 0 0 1 1 2 2 3 4 7 8 10 11 14 12 14 12 12 12 12 14 14 14 12 12 12 12 14 14 12 14 14 14 14 14 14 14 14 12 12 
0 0 0 0 0 0 0 0 0 0 0 1 1 1 2 14 45 93 126 117 73 32 19 18 18 18 16 12 9 7 4 4 2 1 1 1 0 0 0 0 0 0 0 0 0 0 0 0 0 0 0 0 0 0 0 0 0 0 0 0 0 0 0 0 0 0 0 1 1 1 2 3 5 7 8 10 11 12 14 14 15 15 15 15 15 15 15 14 14 12 14 14 14 12 14 14 12 12 12 12 12 14 12 12 
0 0 0 0 0 0 0 0 0 0 0 1 1 1 2 12 42 89 124 118 78 33 19 18 18 19 16 12 10 7 4 3 2 2 1 0 0 0 0 0 0 0 0 0 0 0 0 0 0 0 0 0 0 0 0 0 0 0 0 0 0 0 0 0 0 0 0 1 1 2 3 4 5 7 8 10 12 12 12 14 15 15 15 15 15 15 15 14 14 14 12 12 14 14 14 12 12 14 14 12 12 14 12 12 
0 0 0 0 0 0 0 0 0 0 0 1 1 1 2 10 39 87 122 120 82 37 18 18 18 18 16 12 10 5 3 2 2 1 0 0 0 0 0 0 0 0 0 0 0 0 0 0 0 0 0 0 0 0 0 0 0 0 0 0 0 0 0 0 0 0 0 1 1 2 3 4 5 7 8 10 11 12 12 14 14 14 14 14 14 14 14 14 14 14 12 12 14 14 12 12 14 14 14 12 12 14 12 12 
0 0 0 0 0 0 0 0 0 0 0 1 1 1 1 8 38 81 117 121 85 39 19 18 17 16 14 11 10 6 4 2 2 1 0 0 0 0 0 0 0 0 0 0 0 0 0 0 0 0 0 0 0 0 0 0 0 0 0 0 0 0 0 0 0 0 0 1 1 2 3 4 7 8 9 10 11 12 14 14 14 15 15 15 15 15 15 15 15 15 14 14 14 14 14 14 14 14 14 12 12 12 12 12 
0 0 0 0 0 0 0 0 0 0 0 1 1 1 1 7 36 76 112 119 85 40 19 18 17 16 14 11 9 6 4 3 2 0 0 0 0 0 0 0 0 0 0 0 0 0 0 0 0 0 0 0 0 0 0 0 0 0 0 0 0 0 0 0 0 0 1 1 1 2 3 4 7 8 9 10 11 12 12 14 14 15 15 15 15 15 15 15 15 15 15 15 14 14 14 14 14 14 14 12 12 12 12 12 
0 0 0 0 0 0 0 0 0 0 0 0 0 1 1 4 32 72 106 111 84 43 21 17 16 16 14 11 8 5 3 1 1 1 0 0 0 0 0 0 0 0 0 0 0 0 0 0 0 0 0 0 0 0 0 0 0 0 0 0 0 0 0 0 0 0 0 1 2 2 3 4 7 8 9 10 12 12 12 14 15 14 14 15 15 15 15 14 14 14 14 15 14 15 15 15 15 15 14 14 14 14 14 14 
0 0 0 0 0 0 0 0 1 0 0 0 0 1 0 3 29 65 97 108 84 43 22 18 16 15 12 10 8 5 3 1 1 1 0 0 0 0 0 0 0 0 0 0 0 0 0 0 0 0 0 0 0 0 0 0 0 0 0 0 0 0 0 0 0 0 1 1 2 2 3 4 7 9 10 10 12 12 12 14 15 14 14 14 14 14 14 14 15 15 15 15 15 15 15 15 15 15 15 14 14 14 14 14 
0 0 0 0 0 0 0 0 0 0 0 0 0 0 0 3 25 57 89 107 80 42 22 18 16 15 12 10 8 5 4 2 2 1 0 0 0 0 0 0 0 0 0 0 0 0 0 0 0 0 0 0 0 0 0 0 0 0 0 0 0 0 0 0 0 0 1 1 1 1 2 4 7 9 10 11 11 12 12 14 14 14 14 14 14 14 14 15 15 16 16 16 16 16 16 16 16 16 15 14 14 15 14 14 
0 0 0 0 0 0 0 0 0 0 0 0 0 0 0 3 19 49 79 92 71 38 22 18 16 14 12 10 8 5 4 3 2 1 1 0 0 0 0 0 0 0 0 0 0 0 0 0 0 0 0 0 0 0 0 0 0 0 0 0 0 0 0 0 0 0 1 1 2 1 2 4 7 9 9 10 11 12 12 14 14 14 14 15 15 15 15 15 15 16 16 16 16 16 16 16 16 16 16 15 15 16 15 14 
0 0 0 0 0 0 0 0 0 0 0 0 0 0 0 2 14 39 66 77 65 36 21 19 17 14 12 10 8 5 3 3 2 2 1 0 0 0 0 0 0 0 0 0 0 0 0 0 0 0 0 0 0 0 0 0 0 0 0 0 0 0 0 0 0 0 1 1 1 1 3 5 7 8 9 11 11 12 12 12 12 12 12 14 14 14 14 14 14 15 15 15 15 15 15 15 15 15 15 14 14 15 14 14 
0 0 0 0 0 0 0 0 0 0 0 0 0 1 1 2 11 33 59 66 58 33 21 19 17 15 14 11 9 7 4 3 2 1 1 1 0 0 0 0 0 0 0 0 0 0 0 0 0 0 0 0 0 0 0 0 0 0 0 0 0 0 0 0 0 0 1 1 1 2 4 5 8 8 9 11 11 12 12 12 12 12 12 12 12 12 12 12 14 14 14 14 14 14 14 14 14 14 14 12 14 15 14 14 
0 0 0 0 0 0 0 0 0 0 0 0 0 1 1 1 9 24 49 54 47 31 21 19 17 16 14 11 9 7 4 3 2 1 1 1 0 0 0 0 0 0 0 0 0 0 0 0 0 0 0 0 0 0 0 0 0 0 0 0 0 0 0 0 0 0 1 1 1 2 4 7 8 8 8 9 10 11 12 12 12 11 11 11 11 11 11 11 12 12 12 14 14 14 14 12 12 14 12 12 14 14 12 12 
0 0 0 0 0 0 0 0 0 0 0 0 0 1 1 1 4 11 25 35 38 26 21 19 18 16 15 12 10 8 4 3 2 1 1 0 0 0 0 0 0 0 0 0 0 0 0 0 0 0 0 0 0 0 0 0 0 0 0 0 0 0 0 0 0 0 1 1 2 2 5 7 8 8 9 10 9 11 12 12 12 12 12 12 12 12 11 11 12 12 12 12 12 12 12 12 12 12 12 12 12 14 12 12 
0 0 0 0 0 0 0 0 0 0 0 0 0 1 1 1 2 4 14 29 31 24 21 19 18 17 16 14 11 8 4 4 3 1 1 0 0 0 0 0 0 0 0 0 0 0 0 0 0 0 0 0 0 0 0 0 0 0 0 0 0 0 0 0 0 0 1 1 2 3 7 8 9 9 9 10 9 10 12 13 13 14 12 12 12 12 11 11 11 12 12 12 12 12 12 12 12 11 11 11 11 12 12 12 
0 0 0 0 0 0 0 0 0 0 0 0 0 1 1 1 1 2 9 21 25 24 23 21 18 18 16 14 11 8 4 4 2 1 1 0 0 0 0 0 0 0 0 0 0 0 0 0 0 0 0 0 0 0 0 0 0 0 0 0 0 0 0 0 0 0 0 1 1 3 5 7 8 8 9 10 10 11 12 13 13 12 12 12 12 12 11 12 12 12 12 12 12 12 12 12 12 11 11 11 11 11 11 11 
0 0 0 0 0 0 0 0 0 0 0 0 0 0 0 0 1 1 3 9 16 22 23 21 19 17 16 15 11 8 4 3 2 1 1 0 0 0 0 0 0 0 0 0 0 0 0 0 0 0 0 0 0 0 0 0 0 0 0 0 0 0 0 0 0 0 0 1 2 3 4 5 8 9 9 10 10 11 14 14 14 15 15 12 11 11 11 12 12 14 14 14 14 14 13 12 12 11 11 11 11 11 11 11 
0 0 0 0 0 0 0 0 0 0 0 0 0 0 0 0 1 1 1 5 11 19 22 19 19 17 16 15 12 9 5 3 2 0 1 0 0 0 0 0 0 0 0 0 0 0 0 0 0 0 0 0 0 0 0 0 0 0 0 0 0 0 0 0 0 0 0 1 2 2 2 3 5 8 9 11 11 12 14 14 14 15 15 12 12 12 12 14 14 14 14 14 14 14 14 12 12 12 11 11 11 11 11 11 
0 0 0 0 0 0 0 0 1 0 0 0 0 0 0 1 2 1 1 5 10 18 21 19 19 18 17 15 12 9 5 3 2 1 0 0 0 0 0 0 0 0 0 0 0 0 0 0 0 0 0 0 0 0 0 1 1 0 0 0 0 0 0 0 0 0 0 1 1 1 1 1 2 2 5 11 11 12 13 12 12 15 13 12 12 12 12 14 15 15 15 15 14 15 14 12 12 12 12 11 11 11 11 11 
0 0 0 0 0 0 0 0 0 0 0 0 0 0 0 1 2 1 1 5 12 19 22 21 19 18 17 15 11 9 5 4 2 1 0 0 0 0 0 0 0 0 0 0 0 0 0 0 0 0 0 0 0 0 0 1 1 0 0 0 0 0 0 0 0 0 0 0 0 0 1 1 1 1 3 7 9 11 13 11 10 12 12 11 11 11 14 15 16 16 16 16 16 16 15 14 12 14 14 12 12 11 11 11 
0 0 0 0 0 0 0 0 0 0 0 0 0 0 0 0 2 2 1 4 12 19 22 19 18 18 17 16 14 10 7 4 2 1 1 0 0 0 0 0 0 0 0 0 0 0 0 0 0 0 0 0 0 0 0 1 1 0 0 0 0 0 0 0 0 0 0 0 0 0 0 1 1 2 3 4 5 5 8 9 7 9 9 10 10 11 12 14 14 15 16 15 16 16 15 14 14 14 12 12 12 11 12 12 
0 0 0 0 0 0 0 0 0 0 0 0 0 0 0 0 0 1 2 7 14 22 22 21 19 18 17 16 14 11 8 4 2 1 1 0 0 0 0 0 0 0 0 0 0 0 0 0 0 0 0 0 0 0 0 1 1 0 0 0 0 0 0 0 0 0 0 0 0 0 0 1 1 1 2 2 3 3 4 5 5 5 8 9 8 8 10 10 9 11 14 15 15 16 15 15 15 14 14 14 12 12 12 12 
0 0 0 0 0 0 0 0 0 0 0 0 0 0 0 1 1 1 2 10 18 22 22 21 21 18 17 16 14 11 8 5 2 2 1 1 1 0 0 0 0 0 0 0 0 0 0 0 0 0 0 0 0 1 1 1 1 0 0 0 0 0 0 0 0 0 0 0 0 0 0 0 1 1 1 2 2 1 1 1 1 2 3 4 4 4 5 5 7 7 8 10 11 12 12 13 13 13 15 15 15 14 14 14 
0 0 0 0 0 0 0 0 0 0 0 0 0 0 0 1 1 0 3 12 19 23 23 21 19 18 18 17 15 10 8 5 3 3 1 1 1 0 0 0 0 0 0 0 0 0 0 0 0 0 0 0 0 1 1 1 1 0 0 0 0 0 0 0 0 0 0 0 0 0 0 0 1 0 0 1 1 1 1 1 1 2 2 2 2 3 3 3 3 3 3 5 5 7 7 8 8 10 12 12 12 12 12 12 
0 0 0 0 0 0 0 0 0 0 0 0 0 1 1 1 2 1 5 15 19 23 23 22 19 18 17 16 14 12 9 7 4 2 2 2 2 2 2 2 1 1 1 1 1 1 1 1 1 0 0 0 0 0 0 0 0 0 0 0 0 0 0 0 0 0 0 0 0 0 0 1 1 0 0 0 0 1 1 1 1 1 1 1 1 2 2 1 1 1 1 2 2 3 3 4 4 4 5 8 8 8 8 9 
0 0 0 0 0 0 0 0 0 0 0 0 0 1 0 1 2 3 11 18 21 23 22 20 19 17 16 15 14 12 9 7 4 2 2 2 2 2 2 2 1 1 1 1 1 1 1 1 1 0 0 0 0 0 0 0 0 0 0 0 0 0 0 0 0 0 0 0 0 0 0 1 1 0 0 0 0 1 1 1 1 1 1 1 1 1 1 1 1 1 1 1 2 2 2 3 3 2 2 4 4 5 5 6 
0 0 0 0 0 0 0 0 0 0 0 0 0 1 0 1 2 4 12 23 23 23 22 19 17 17 16 14 14 12 10 7 4 3 3 3 3 2 2 2 2 1 1 1 1 1 1 1 1 0 0 0 0 0 0 0 0 0 0 0 0 0 0 0 0 0 0 0 0 0 0 0 0 1 1 1 1 1 1 1 1 1 1 1 1 1 1 1 1 1 1 1 1 1 1 1 1 1 1 2 2 3 3 3 
0 1 1 1 1 1 1 1 1 0 0 0 0 1 0 1 2 7 17 29 26 23 22 19 17 18 16 14 14 12 10 7 4 4 3 3 3 3 3 2 2 1 1 1 1 1 1 1 1 0 0 0 0 0 0 0 0 0 0 0 0 0 0 0 0 0 0 0 0 0 0 0 0 1 1 1 1 1 1 1 1 1 1 1 1 1 1 1 1 1 1 1 0 1 1 1 1 1 1 1 1 1 1 2 
0 0 0 0 0 0 0 0 0 0 0 0 0 0 0 0 1 6 17 28 31 25 23 22 21 18 16 15 13 11 9 9 6 3 3 3 3 3 3 2 2 2 2 1 1 0 0 0 0 0 0 0 0 0 0 0 0 0 0 0 0 0 0 0 0 0 0 0 0 0 0 0 0 0 0 0 0 0 0 0 0 0 0 0 0 0 0 0 0 0 0 0 0 1 1 1 1 1 1 1 1 1 1 1 
0 0 0 0 0 0 0 0 0 0 0 1 1 0 0 0 1 10 20 28 31 26 23 22 21 18 16 15 15 12 10 9 6 3 3 3 3 3 3 2 2 2 2 1 1 0 0 0 0 0 0 0 0 0 0 0 0 0 0 0 0 0 0 0 0 0 0 0 0 0 0 0 0 0 0 0 0 0 0 0 0 0 0 0 0 0 0 0 0 0 0 0 0 1 1 1 1 1 1 1 1 1 1 1 
0 0 0 0 0 0 0 0 0 0 0 0 0 0 0 1 2 11 26 33 32 28 22 21 21 18 17 16 15 12 11 8 5 3 3 4 4 3 3 3 3 2 2 2 1 1 0 0 0 1 1 0 0 0 0 0 0 0 0 0 0 1 0 0 0 0 0 0 0 0 0 0 0 0 0 0 0 0 0 0 0 0 0 0 0 0 0 0 0 0 0 0 0 0 0 0 0 0 0 0 1 1 1 1 
0 0 0 0 0 0 0 0 0 0 0 0 0 1 1 1 4 15 29 35 32 26 22 22 21 18 17 16 16 12 11 7 5 4 3 4 3 3 3 3 3 2 2 1 1 0 0 0 0 0 0 0 0 0 0 0 0 0 0 0 1 1 0 0 0 0 0 0 0 0 0 0 0 0 0 0 0 0 0 0 0 0 0 0 0 0 0 0 0 0 0 0 0 0 0 0 0 0 0 0 0 1 1 1 
0 0 0 0 0 0 0 0 0 1 1 1 0 0 0 1 5 20 33 33 30 25 21 22 19 17 17 16 14 11 10 7 4 4 4 4 4 4 4 4 4 3 3 3 2 1 1 1 1 0 1 1 1 1 0 0 0 1 1 1 1 1 2 0 0 0 0 0 0 0 0 0 0 1 1 1 1 0 0 0 0 0 0 0 0 0 0 0 0 0 0 0 0 0 0 0 0 0 0 0 0 0 0 0 
0 0 0 0 0 0 0 0 0 1 1 1 0 0 1 2 9 25 39 37 29 23 23 23 20 18 18 17 14 12 11 7 4 4 4 4 4 4 4 4 4 4 3 3 2 1 1 1 1 0 1 1 0 0 0 0 0 1 1 1 2 2 2 2 1 0 0 0 0 0 0 0 0 1 1 1 1 0 0 0 0 0 0 0 0 0 0 0 0 0 0 0 0 0 0 0 0 0 0 0 0 0 0 0 
0 1 1 0 0 1 0 0 1 0 1 1 1 0 1 4 10 25 38 37 29 24 22 22 21 19 18 16 14 11 10 7 5 5 5 5 5 5 5 6 6 5 4 3 3 2 2 1 1 1 1 1 1 1 0 0 0 2 1 2 3 2 3 1 1 1 1 0 0 0 0 1 1 0 0 0 0 0 0 0 0 0 0 0 0 0 0 0 0 0 0 0 0 0 0 0 0 0 0 0 0 0 0 0 
0 1 1 1 1 1 1 1 2 1 1 1 1 0 2 3 11 28 37 33 28 24 24 21 21 18 18 17 14 10 9 7 5 5 5 5 6 5 5 6 8 6 4 3 3 3 2 2 1 1 1 1 3 3 2 0 1 2 3 4 3 2 3 1 1 1 1 0 0 0 0 1 1 0 0 0 0 0 0 0 0 0 0 0 0 0 0 0 0 0 0 0 0 0 0 0 0 0 0 0 0 0 0 0 
2 2 2 1 2 2 2 1 1 2 1 1 1 1 2 4 12 28 37 36 30 24 24 23 20 18 17 17 12 10 9 7 5 6 6 6 6 7 7 7 7 5 5 4 4 3 3 2 2 2 2 1 2 0 0 4 10 9 10 10 9 4 4 1 1 0 1 1 1 1 0 0 0 0 0 0 0 0 0 0 0 0 0 0 0 0 0 0 0 0 0 0 0 0 0 0 0 0 0 0 0 0 0 0 
2 2 2 2 2 2 2 1 1 2 2 2 2 3 4 5 12 25 33 31 26 24 23 22 19 17 16 15 12 9 8 5 5 6 6 6 6 8 8 8 8 7 5 5 4 3 3 2 2 2 2 3 5 8 11 13 17 20 24 24 24 21 19 7 0 1 0 1 0 1 0 0 0 0 0 0 0 0 0 0 0 0 0 0 0 0 0 0 0 0 0 0 0 0 0 0 0 0 0 0 0 0 0 0 
3 3 3 3 2 2 2 1 2 2 2 2 2 2 2 3 9 21 29 30 26 23 22 20 19 16 15 14 12 10 7 5 5 6 7 7 7 9 9 8 8 8 7 6 5 4 4 3 3 2 3 6 11 15 18 26 32 30 33 33 33 31 30 15 3 1 2 1 0 1 0 0 0 0 0 1 1 1 1 0 0 0 0 0 0 0 0 0 0 0 0 0 0 0 0 0 0 0 0 0 0 0 0 0 
4 4 4 3 3 3 3 2 3 3 2 2 2 2 2 3 8 15 21 23 23 21 19 18 17 14 12 11 10 8 6 5 5 6 6 7 8 8 9 8 8 8 7 6 5 4 4 3 3 2 3 6 10 15 22 36 41 42 38 37 36 37 37 23 5 1 4 1 0 1 0 0 0 0 0 1 1 1 1 0 0 0 0 0 0 0 0 0 0 0 0 0 0 0 0 0 0 0 0 0 0 0 0 0 
4 4 4 3 3 3 2 3 3 4 3 3 2 2 2 4 8 10 17 21 18 17 17 17 16 14 12 10 8 5 5 5 5 6 6 8 9 9 9 8 8 7 7 7 5 4 3 3 3 2 3 4 8 16 20 24 28 43 45 43 38 37 31 17 4 2 2 1 0 0 0 0 0 0 0 0 0 1 1 0 0 0 0 0 0 0 0 0 0 0 0 0 0 0 0 0 0 0 0 0 0 0 0 0 
4 4 4 4 4 3 2 3 4 5 4 3 2 2 2 4 6 9 14 17 15 15 15 15 15 11 10 9 7 5 5 5 5 7 7 8 10 10 9 8 7 7 7 7 7 5 4 3 3 2 3 4 5 9 12 15 15 30 38 35 28 24 16 5 3 2 1 1 0 0 0 0 0 0 0 0 0 1 1 0 0 0 0 0 0 0 0 0 0 0 0 0 0 0 0 0 0 0 0 0 0 0 0 0 
4 4 4 5 5 3 3 3 4 4 3 3 2 3 3 4 5 8 12 16 15 15 14 12 11 10 10 9 7 5 5 5 5 8 9 11 11 14 16 14 10 7 7 7 7 5 4 3 3 2 2 3 3 6 6 7 8 10 15 15 11 10 7 3 3 1 0 1 0 0 0 0 0 0 0 0 0 0 0 0 0 0 0 0 0 0 0 0 0 0 0 0 0 0 0 0 0 0 0 0 0 0 0 0 
4 5 5 6 5 4 4 4 4 3 3 3 3 4 4 4 5 7 11 15 15 14 14 11 10 10 8 7 7 5 5 5 5 8 11 14 17 19 23 19 12 8 7 7 7 7 5 3 3 2 2 2 2 5 5 3 3 3 4 5 5 5 5 3 3 1 0 1 0 0 0 0 0 0 0 0 0 0 0 0 0 0 0 0 0 0 0 0 0 0 0 0 0 0 0 0 0 0 0 0 0 0 0 0 
5 6 5 5 5 4 4 3 3 3 3 3 3 2 3 4 4 7 10 14 15 15 12 11 10 9 8 7 7 6 5 6 6 9 11 16 19 24 26 22 14 8 7 5 5 5 5 4 3 2 2 2 2 2 4 3 3 3 3 4 4 6 5 7 3 0 0 0 0 0 0 0 0 0 0 0 0 0 0 0 0 0 0 0 0 0 0 0 0 0 0 0 0 0 0 0 0 0 0 0 0 0 0 0 
5 5 5 5 5 4 4 3 3 2 2 2 2 2 3 4 4 5 10 15 15 15 14 10 9 8 8 7 5 6 5 6 7 9 12 18 26 31 28 21 14 8 6 5 5 5 5 4 3 2 2 2 2 3 2 1 2 2 3 3 3 3 4 3 2 1 0 1 0 0 0 0 0 0 0 0 0 0 0 0 0 0 0 0 0 0 0 0 0 0 0 0 0 0 0 0 0 0 0 0 0 0 0 0 
5 5 5 5 5 4 4 4 4 2 2 2 2 2 3 3 3 6 11 16 17 16 15 9 7 7 7 8 6 5 4 7 9 10 15 18 28 32 30 22 14 9 7 4 5 5 5 5 4 3 3 3 3 3 3 2 2 1 2 2 2 2 2 1 1 1 1 1 1 1 0 0 0 0 0 0 0 0 0 0 0 0 0 0 0 0 0 0 0 0 0 0 0 0 0 0 0 0 0 0 0 0 0 0 
5 5 5 5 5 4 4 4 4 2 2 2 2 2 3 3 3 6 11 16 18 17 15 10 8 7 7 8 6 5 5 8 9 11 15 17 25 31 30 22 13 9 7 4 4 5 7 5 5 3 3 4 4 4 3 2 2 2 2 2 2 2 2 2 1 1 1 1 1 1 0 0 0 0 0 0 0 0 0 0 0 0 0 0 0 0 0 0 0 0 0 0 0 0 0 0 0 0 0 0 0 0 0 0 
4 5 5 5 5 4 4 4 4 3 2 2 2 2 3 3 3 5 10 16 18 18 16 10 8 8 7 7 5 4 7 8 8 11 15 17 23 26 28 23 14 9 7 4 4 5 7 7 5 4 4 4 4 4 4 3 3 2 2 2 2 2 2 3 3 2 1 0 0 0 0 0 0 0 0 0 0 0 0 0 0 0 0 0 0 0 0 0 0 0 0 0 0 0 0 0 0 0 0 0 0 0 0 0 
5 6 5 5 5 4 4 4 4 3 2 2 2 2 3 3 2 5 11 17 19 19 17 11 9 8 7 5 5 4 5 7 7 9 12 16 20 23 25 23 14 9 7 3 4 4 5 7 7 5 4 4 4 4 4 3 3 1 2 2 2 2 2 3 3 2 2 1 0 0 0 0 0 0 0 0 0 0 0 0 0 0 0 0 0 0 0 0 0 0 0 0 0 0 0 0 0 0 0 0 0 0 0 0 
6 6 5 4 4 4 4 4 4 3 3 3 3 3 3 3 3 5 10 16 18 18 17 14 11 9 7 5 4 4 4 5 5 8 10 13 17 22 24 23 16 8 5 3 3 4 5 8 8 8 8 7 5 4 3 3 3 2 3 3 3 3 3 3 2 3 3 1 0 0 0 0 0 0 0 0 0 0 0 0 0 0 0 0 0 0 0 0 0 0 0 0 0 0 0 0 0 0 0 0 0 0 0 0 
8 6 6 5 4 5 5 4 4 3 3 3 3 3 3 3 3 5 10 15 18 19 17 15 11 10 7 5 4 4 4 5 5 8 10 12 16 22 23 23 17 9 5 2 2 4 5 8 9 9 9 8 7 5 4 3 3 2 3 3 3 3 3 3 3 3 3 1 0 1 0 0 0 0 0 0 0 0 0 0 0 0 0 0 0 0 0 0 0 0 0 0 0 0 0 0 0 0 0 0 0 0 0 0 
7 5 5 5 5 5 5 4 4 4 4 4 4 3 2 3 4 4 9 14 17 20 19 16 12 11 7 5 4 4 4 5 5 7 9 11 16 19 23 22 17 11 6 3 3 4 4 6 9 9 9 9 9 8 5 4 3 3 3 3 3 5 5 4 3 3 3 2 1 1 0 0 0 0 0 0 0 0 0 0 0 0 0 0 0 0 0 0 0 0 0 0 0 0 0 0 0 0 0 0 0 0 0 0 
7 7 7 5 5 7 5 4 4 4 4 4 4 3 2 3 4 4 8 11 16 19 18 16 15 12 8 7 7 5 4 5 5 6 9 11 15 18 22 23 18 16 9 3 3 3 4 6 9 10 10 10 11 10 8 5 4 3 3 3 3 5 5 4 3 3 3 2 1 1 0 0 0 0 0 0 0 0 0 0 0 0 0 0 0 0 0 0 0 0 0 0 0 0 0 0 0 0 0 0 0 0 0 0 
8 7 7 7 5 7 7 5 5 4 4 4 4 2 2 3 3 4 5 10 12 16 17 16 15 14 9 9 9 9 7 5 5 6 8 10 15 17 22 23 19 16 9 4 4 3 3 5 8 8 10 12 12 11 10 9 6 3 3 3 4 4 4 4 4 3 3 2 1 1 0 0 0 0 0 0 0 0 0 0 0 0 0 0 0 0 0 0 0 0 0 0 0 0 0 0 0 0 0 0 0 0 0 0 
8 7 7 7 5 7 7 5 4 4 3 3 3 3 3 3 3 3 4 7 9 12 15 14 15 14 14 12 10 11 10 8 6 7 9 10 14 16 21 22 19 15 10 7 5 3 3 4 7 9 11 14 14 11 11 10 8 4 4 4 4 5 5 5 5 4 3 2 1 1 1 0 0 0 0 0 0 0 0 0 0 0 0 0 0 0 0 0 0 0 0 0 0 0 0 0 0 0 0 0 0 0 0 0 
8 8 8 8 8 8 8 6 5 4 4 3 3 3 3 3 3 3 4 6 8 9 11 13 16 14 15 15 12 12 12 11 9 8 9 10 11 14 17 18 17 16 12 10 7 3 2 4 7 8 9 12 12 11 10 7 5 5 4 4 4 4 5 6 6 5 3 3 2 1 1 0 0 0 0 0 0 0 0 0 0 0 0 0 0 0 0 0 0 0 0 0 0 0 0 0 0 0 0 0 0 0 0 0 
8 8 8 8 8 8 8 6 5 4 4 3 3 3 3 3 3 3 3 3 4 5 8 12 15 15 15 16 16 14 12 12 11 9 10 10 10 11 15 17 18 17 12 11 8 3 2 3 5 5 7 9 9 8 8 5 5 5 4 4 4 5 5 6 8 8 4 3 3 1 1 0 0 0 0 0 0 0 0 0 0 0 0 0 0 0 0 0 0 0 0 0 0 0 0 0 0 0 0 0 0 0 0 0 
8 8 8 8 8 8 8 6 6 5 4 3 3 4 4 4 4 3 3 3 3 2 5 10 12 12 14 16 16 14 14 12 11 11 12 11 11 12 15 18 19 18 17 15 10 3 2 3 4 5 5 5 5 5 5 5 5 6 5 5 5 5 5 6 8 8 5 3 2 2 1 0 0 0 0 0 0 0 0 0 0 0 0 0 0 0 0 0 0 0 0 0 0 0 0 0 0 0 0 0 0 0 0 0 
8 8 8 8 8 8 8 8 6 5 5 3 3 4 4 4 4 4 3 3 3 2 2 5 9 11 14 16 16 15 15 14 12 13 12 12 12 12 16 19 21 22 22 19 10 4 2 3 3 4 4 4 4 4 4 5 5 6 6 6 6 5 5 8 8 8 7 3 2 2 1 0 0 0 0 0 0 0 0 0 0 0 0 0 0 0 0 0 0 0 0 0 0 0 0 0 0 0 0 0 0 0 0 0 
8 8 8 8 8 7 7 6 6 6 5 4 4 4 4 4 4 4 4 3 2 2 2 4 8 9 11 14 15 14 14 14 14 12 12 12 12 15 17 21 23 28 22 15 7 5 2 2 2 2 3 4 4 5 5 4 4 5 5 4 5 6 6 6 6 8 8 3 2 0 0 0 0 0 0 0 0 0 0 0 0 0 0 0 0 0 0 0 0 0 0 0 0 0 0 0 0 0 0 0 0 0 0 0 
8 8 8 8 8 7 7 8 8 6 5 4 4 4 4 4 4 4 4 3 2 2 2 2 4 5 7 9 11 11 12 14 14 12 12 12 12 15 16 19 24 42 39 26 14 6 3 3 3 2 3 4 4 5 5 4 4 5 5 4 4 6 6 6 6 7 7 3 2 1 0 0 0 0 0 0 0 0 0 0 0 0 0 0 0 0 0 0 0 0 0 0 0 0 0 0 0 0 0 0 0 0 0 0 
8 8 8 8 8 7 7 7 7 6 6 5 5 4 4 4 4 3 3 2 2 2 1 1 2 4 5 5 6 9 11 14 14 14 14 14 14 15 15 18 25 39 40 31 19 11 4 3 2 3 4 4 4 5 5 5 5 5 5 5 5 5 5 5 4 8 8 4 3 1 0 0 0 0 0 0 0 0 0 0 0 0 0 0 0 0 0 0 0 0 0 0 0 0 0 0 0 0 0 0 0 0 0 0 
8 8 8 8 8 7 7 7 7 6 6 5 5 4 4 4 4 4 3 2 2 2 1 2 2 3 3 4 3 4 7 9 10 11 12 12 14 14 14 16 23 35 33 30 25 13 6 5 3 4 4 4 5 5 5 5 5 5 5 5 5 5 7 7 5 9 10 5 3 1 0 0 0 0 0 0 0 0 0 0 0 0 0 0 0 0 0 0 0 0 0 0 0 0 0 0 0 0 0 0 0 0 0 0 
7 7 7 7 7 8 8 8 8 7 7 6 6 6 5 5 4 4 4 3 2 2 1 1 1 1 2 2 2 3 3 5 7 9 11 12 14 15 15 17 19 26 29 29 26 15 6 5 4 4 4 4 4 5 5 4 4 5 5 5 6 6 6 8 8 11 11 6 2 0 1 0 0 1 0 0 0 0 0 0 0 0 0 0 0 0 0 0 0 0 0 0 0 0 0 0 0 0 0 0 0 0 0 0 
7 8 8 8 8 8 8 8 8 7 7 6 6 6 5 5 4 4 4 3 2 2 2 1 1 2 1 1 1 2 2 3 3 5 8 9 10 12 14 15 18 22 23 25 22 13 6 4 3 4 4 4 4 5 4 4 4 4 5 5 5 6 6 6 10 13 13 8 2 0 1 0 1 1 0 0 0 0 0 0 0 0 0 0 0 0 0 0 0 0 0 0 0 0 0 0 0 0 0 0 0 0 0 0 
8 9 9 9 9 9 9 8 8 8 7 6 6 6 5 5 4 4 4 2 2 1 2 1 1 2 1 1 1 1 2 2 2 4 4 6 8 9 12 14 17 20 20 21 19 12 6 4 4 4 4 4 4 4 4 4 4 5 5 5 6 6 6 8 10 13 15 9 3 1 1 1 1 1 0 0 0 0 0 0 0 0 0 0 0 0 0 0 0 0 0 0 0 0 0 0 0 0 0 0 0 0 0 0 
8 9 9 9 9 10 10 8 8 8 7 6 6 6 5 5 4 4 4 2 2 2 1 1 1 2 2 1 1 1 2 2 2 2 3 4 5 6 9 11 14 17 19 19 16 11 8 4 4 4 4 4 4 4 4 4 4 5 5 5 5 6 6 8 10 13 15 9 5 2 1 1 1 1 0 0 0 0 0 0 0 0 0 0 0 0 0 0 0 0 0 0 0 0 0 0 0 0 0 0 0 0 0 0 
