250 250 250 249 250 249 249 249 249 249 250 251 249 250 231 182 131 84 49 53 64 52 27 10 6 3 3 2 2 3 3 3 3 3 3 3 3 2 2 2 2 2 2 2 2 2 2 2 1 1 1 1 1 1 1 1 1 1 1 1 1 1 1 1 1 
250 251 251 249 250 250 250 250 250 250 250 250 250 250 250 230 189 131 74 57 61 52 27 11 6 3 3 2 2 3 3 3 3 3 3 3 3 2 2 2 2 2 2 2 2 2 2 2 1 1 1 1 1 1 1 1 1 1 1 1 1 1 1 1 1 
250 250 250 250 249 250 250 250 250 250 250 250 250 250 248 245 238 209 156 106 73 50 26 11 7 3 3 3 3 2 3 2 2 3 3 3 3 2 2 2 2 2 2 2 2 2 2 2 1 1 1 1 1 1 1 1 1 1 1 1 1 1 1 1 1 
250 250 250 250 250 250 250 250 250 250 250 250 251 250 250 250 245 240 223 192 137 65 26 11 5 3 3 3 3 3 3 2 2 3 3 3 3 2 2 2 2 2 2 2 2 2 2 2 1 1 1 1 1 1 1 1 1 1 1 1 1 1 1 1 1 
250 251 251 250 250 250 250 250 250 250 250 250 251 250 250 251 250 247 236 223 181 89 30 11 5 4 3 3 3 3 3 3 3 3 3 3 3 2 2 2 2 2 2 2 2 2 2 2 2 2 2 1 1 1 1 1 1 1 1 1 1 1 1 1 1 
250 251 251 250 250 250 250 250 250 250 250 251 251 251 251 251 251 252 249 247 215 117 38 16 7 5 4 4 4 4 4 3 3 3 3 3 3 2 2 2 2 2 2 2 2 2 2 2 2 2 2 1 1 1 1 1 1 1 1 1 1 1 1 1 1 
250 250 250 250 250 251 251 250 250 250 250 250 251 250 251 251 251 251 251 251 238 162 65 21 9 5 4 3 3 3 3 3 3 3 3 3 3 2 2 2 2 2 2 2 2 2 2 2 2 2 2 1 1 1 1 1 1 1 1 1 1 1 1 1 1 
249 250 249 249 248 249 251 250 250 250 250 250 251 250 251 251 251 251 250 247 246 200 108 35 9 8 5 3 3 4 3 3 3 3 3 3 3 2 2 2 2 2 2 2 2 2 2 2 2 2 2 1 1 1 1 1 1 1 1 1 1 1 1 1 1 
250 249 243 238 244 250 251 251 251 251 251 251 251 250 250 250 250 250 248 246 245 207 122 43 9 8 5 4 3 3 3 3 3 3 3 3 3 2 2 2 2 2 2 2 2 2 2 2 1 1 1 1 1 1 1 1 1 1 1 1 1 1 1 1 1 
250 227 199 191 210 238 249 250 251 250 250 249 249 249 249 249 248 246 245 242 241 209 125 42 10 8 5 4 3 3 3 3 3 3 3 3 3 2 2 2 2 2 2 2 2 2 2 2 1 1 1 1 1 1 1 1 1 1 1 1 1 1 1 1 1 
203 165 124 111 136 182 208 218 230 233 235 240 243 245 247 245 243 241 238 241 241 202 107 30 12 8 5 4 4 4 3 3 2 3 3 2 2 2 2 2 2 2 2 2 2 2 2 2 1 1 1 1 1 1 1 1 1 1 1 1 1 1 1 1 1 
125 97 70 61 85 123 150 167 192 215 231 235 238 241 243 243 242 240 237 236 236 191 93 30 15 9 5 4 4 3 3 3 2 2 2 2 2 2 2 2 2 2 2 2 2 2 2 2 1 1 1 1 1 1 1 1 1 1 1 1 1 1 1 1 1 
100 96 89 87 108 136 149 167 196 221 241 244 242 241 242 242 241 238 236 238 238 195 99 30 16 10 5 4 4 3 2 2 1 3 3 2 3 3 3 2 2 2 2 2 2 2 2 2 1 1 1 1 1 1 1 1 1 1 1 1 1 1 1 1 1 
174 173 174 174 184 195 203 214 234 241 247 248 249 247 245 243 242 241 240 238 242 209 111 38 16 11 7 4 3 3 2 2 2 3 3 3 3 3 3 2 2 2 2 2 2 2 2 2 1 1 1 1 1 1 1 1 1 1 1 1 1 1 1 1 1 
241 238 238 240 240 241 244 247 250 249 248 249 250 250 248 247 247 247 245 243 247 220 129 46 17 12 5 5 4 2 2 2 2 2 3 3 3 3 3 2 2 2 2 2 2 2 2 2 1 1 1 1 1 1 1 1 1 1 1 1 1 1 1 1 1 
248 250 250 251 251 252 251 251 250 249 249 249 250 250 249 249 249 249 249 247 248 234 155 53 15 12 7 5 4 3 2 2 2 2 3 3 3 3 3 2 2 2 2 2 2 2 2 2 1 1 1 1 1 1 1 1 1 1 1 1 1 1 1 1 1 
248 248 248 249 249 249 249 249 249 249 249 249 249 249 249 249 249 249 249 248 249 231 155 56 15 11 4 3 2 2 2 2 2 2 3 2 2 3 3 2 2 3 3 2 2 2 2 2 1 1 1 1 1 1 1 1 1 1 1 1 1 1 1 1 1 
248 248 247 248 248 248 248 249 249 249 249 249 249 249 249 249 249 249 250 247 249 229 151 58 11 9 4 2 2 2 3 3 3 3 3 3 3 3 3 2 2 3 3 2 2 2 2 2 1 1 1 1 1 1 1 1 1 1 1 1 1 1 1 1 1 
248 248 248 248 248 249 249 249 248 250 250 249 249 249 248 249 249 249 249 246 248 228 169 61 8 8 3 1 1 2 3 3 3 2 3 3 3 3 2 2 2 2 2 2 2 1 1 1 1 1 1 1 1 1 1 1 1 1 1 1 1 1 1 1 1 
248 248 248 248 248 249 249 249 249 250 250 249 249 249 249 248 248 248 249 246 248 226 151 50 9 8 3 2 2 3 3 2 2 2 2 2 2 2 2 2 2 2 2 2 2 1 1 1 1 1 1 1 1 1 1 1 1 1 1 1 1 1 1 1 1 
249 249 249 249 249 249 249 249 249 250 250 250 250 250 250 249 249 249 250 245 247 219 136 39 9 8 3 2 1 3 3 2 2 2 2 2 2 2 2 2 2 2 2 2 2 2 1 1 1 1 1 1 1 1 1 1 1 1 1 1 1 1 1 1 1 
249 249 249 249 249 249 249 249 249 250 250 250 250 250 250 249 249 249 249 246 241 188 97 26 8 8 4 2 2 3 3 2 2 2 2 2 2 2 2 2 2 2 2 2 2 2 1 1 1 1 1 1 1 1 1 1 1 1 1 1 1 1 1 1 1 
249 249 249 249 249 249 249 249 249 250 250 250 250 249 249 249 249 248 249 246 234 169 72 17 12 8 4 4 4 3 3 2 2 2 2 2 2 2 2 2 2 2 2 2 2 2 1 1 1 1 1 1 1 1 1 1 1 1 1 1 1 2 2 1 1 
249 249 249 249 249 249 249 249 249 250 250 250 250 249 249 250 250 249 249 246 223 155 63 21 11 8 5 4 5 3 3 2 2 2 2 2 2 2 2 2 2 2 2 2 2 2 1 1 1 1 1 1 1 1 1 1 1 1 1 1 2 2 2 1 1 
249 249 249 249 249 249 249 249 249 250 250 250 250 249 249 249 249 249 249 244 219 135 46 12 10 9 7 5 5 4 4 2 2 2 2 2 2 2 2 2 2 2 2 1 1 1 1 1 1 1 1 1 1 1 1 2 2 2 2 1 2 2 1 1 1 
249 249 249 249 249 249 249 249 249 250 250 250 250 249 249 249 249 249 249 244 220 118 29 8 11 10 8 5 5 4 4 2 2 2 2 2 2 2 2 2 2 2 2 1 1 1 1 1 1 1 1 1 1 1 1 2 2 2 2 1 2 1 1 1 1 
249 249 249 249 249 249 249 249 249 250 250 250 250 249 249 249 249 250 249 242 212 109 32 11 12 12 10 7 4 4 4 2 2 2 2 2 2 3 3 3 3 2 2 2 2 1 1 1 1 1 1 1 1 1 1 2 2 1 3 2 2 1 1 1 1 
249 249 249 249 249 249 249 249 249 250 250 250 250 249 249 249 249 250 249 241 201 122 45 17 15 12 8 4 3 4 3 2 2 2 2 2 2 2 2 2 2 2 2 2 2 1 1 1 1 1 1 1 1 1 1 2 3 2 2 2 3 2 2 1 1 
249 249 249 249 249 249 249 249 249 250 250 250 250 249 249 249 249 249 248 243 214 136 49 17 12 10 6 4 3 3 3 2 2 2 2 2 2 2 2 2 2 2 2 2 2 1 1 1 1 1 1 1 1 1 1 1 2 1 1 1 2 2 1 1 1 
249 249 249 249 249 249 249 249 249 250 250 250 250 249 249 249 249 248 249 246 233 134 39 15 11 9 6 4 3 3 3 2 2 2 2 2 2 2 2 2 2 2 2 2 2 1 1 1 1 1 1 1 1 1 1 1 1 2 3 2 1 2 1 1 1 
249 249 249 249 249 249 249 249 249 250 250 250 250 249 249 249 249 247 249 246 240 131 35 15 10 9 6 4 3 4 3 3 2 1 1 1 1 2 2 2 2 2 2 2 2 1 1 1 1 1 1 1 1 2 1 2 2 0 0 0 2 1 1 1 1 
249 249 249 249 249 249 249 249 249 250 250 250 250 249 249 249 249 245 249 246 191 88 37 15 11 9 6 4 3 3 3 3 2 1 1 1 1 2 2 2 2 2 2 2 2 1 1 1 1 1 1 1 1 5 2 0 17 51 56 30 8 1 2 1 1 
249 249 249 249 249 249 249 249 249 250 250 250 250 249 249 249 249 244 250 246 170 64 35 15 11 8 5 4 3 3 3 3 2 1 1 1 1 2 2 2 2 2 2 2 2 1 1 1 1 1 1 1 1 4 8 9 64 131 126 59 12 1 1 1 1 
249 249 249 249 249 249 249 249 249 250 250 250 250 249 249 249 249 245 251 242 187 78 19 14 11 9 5 4 3 3 3 3 2 1 1 1 1 2 2 2 2 2 2 2 2 1 1 1 1 1 1 1 1 4 18 50 135 192 158 79 21 5 1 1 1 
249 249 249 249 249 249 249 249 249 250 250 250 250 249 249 248 249 247 251 231 175 81 14 11 11 10 7 5 4 3 3 2 2 1 1 1 1 2 2 2 2 2 2 2 2 1 1 1 1 1 1 0 0 2 24 93 196 244 229 142 48 8 1 1 1 
249 249 249 249 249 249 249 249 249 250 250 249 249 249 249 249 250 247 250 221 149 63 15 11 9 7 5 4 4 3 3 2 2 1 1 1 1 2 2 2 2 2 2 2 2 1 1 1 1 1 1 1 0 1 18 86 196 243 235 153 54 10 1 2 1 
249 249 249 249 249 249 249 249 249 250 250 249 249 249 249 249 250 247 240 188 99 36 14 10 9 8 6 4 4 3 3 2 2 2 2 2 2 1 1 1 1 1 1 1 1 1 1 1 1 1 1 3 0 0 10 71 180 245 235 150 67 9 1 2 1 
249 249 249 249 249 249 249 249 249 250 250 249 249 249 249 249 250 247 220 160 65 24 11 9 7 6 5 3 3 3 2 2 2 2 2 2 2 1 1 1 1 1 1 1 1 1 1 1 1 1 1 4 0 4 19 79 182 245 240 164 85 9 1 2 1 
249 249 249 249 249 249 249 249 249 250 250 249 249 249 249 249 249 246 220 148 51 19 10 9 5 5 4 3 3 2 2 1 1 1 1 1 1 1 1 1 1 1 1 1 1 2 2 1 1 2 3 5 0 18 63 131 212 245 229 145 65 7 2 2 2 
249 249 249 249 249 249 249 249 249 250 250 249 249 249 249 249 249 246 223 141 45 9 9 7 3 3 3 3 3 2 2 1 1 1 1 1 1 1 1 1 1 1 1 1 1 2 3 2 2 3 3 4 4 39 130 209 248 248 233 170 81 11 2 2 2 
249 249 249 249 249 249 249 249 249 250 250 249 249 249 249 248 248 245 226 146 54 21 11 6 4 3 3 2 2 2 1 1 1 1 1 1 1 1 1 1 1 1 1 2 2 2 3 3 3 3 4 5 5 46 152 234 253 249 236 181 85 19 5 2 2 
249 249 249 249 249 249 249 249 249 250 250 249 249 249 249 248 249 245 220 131 49 26 12 4 4 3 3 2 2 2 1 1 1 1 1 1 1 1 1 1 1 1 1 2 2 3 3 3 4 4 4 6 5 51 160 237 252 249 241 186 81 30 10 2 2 
249 249 249 249 249 249 249 249 249 250 250 250 250 249 249 248 249 244 215 129 44 22 12 4 3 3 3 2 2 2 1 1 1 1 1 1 1 1 1 1 1 1 1 2 2 3 3 3 4 4 5 6 10 59 167 242 252 250 244 194 97 40 12 2 2 
249 249 249 249 249 249 249 249 249 250 250 250 250 249 249 248 248 245 206 120 39 15 10 4 3 3 2 2 1 2 1 1 1 1 1 1 1 1 1 1 1 1 1 2 2 3 3 3 4 4 6 5 20 84 181 248 253 251 249 206 121 50 14 2 2 
249 249 249 249 249 249 249 249 249 250 250 250 250 250 249 248 248 244 199 108 30 14 9 4 3 3 2 2 2 1 1 1 1 1 1 1 1 1 1 1 1 1 1 2 2 3 3 3 4 4 8 3 38 132 222 252 251 253 253 209 132 49 12 1 4 
249 249 249 249 249 249 249 249 249 250 250 250 250 250 249 248 248 241 186 90 14 12 8 4 3 2 2 2 2 1 1 1 1 1 1 1 1 1 1 1 1 1 1 2 2 3 3 3 3 3 9 1 50 165 241 250 250 253 253 226 153 45 11 1 8 
249 249 249 249 249 249 249 249 249 250 250 250 250 249 249 248 248 236 163 73 11 12 8 5 4 3 3 3 3 1 1 1 1 1 1 1 1 1 1 1 1 1 1 2 2 3 3 3 3 3 10 0 57 199 250 249 249 253 253 216 143 47 12 1 9 
249 249 249 249 249 249 249 249 249 250 250 250 250 249 249 248 248 237 130 45 24 11 7 5 4 3 3 3 3 1 1 1 1 1 1 1 1 1 1 1 1 1 1 2 2 2 3 3 1 2 6 10 78 202 252 252 250 252 250 221 158 86 21 2 10 
249 249 249 249 249 249 249 249 249 250 250 250 250 249 249 248 248 221 118 40 19 10 7 5 4 3 3 3 3 1 1 1 1 1 1 1 1 1 1 1 1 1 1 2 2 2 3 3 2 2 5 15 81 207 254 253 251 250 248 234 182 100 30 5 8 
249 249 249 249 249 249 249 249 249 250 250 250 250 249 248 247 247 199 101 29 14 8 5 4 3 2 3 3 3 1 1 1 1 1 1 1 1 1 1 1 1 1 1 2 2 2 3 3 2 2 7 13 81 201 251 251 251 249 248 245 197 131 51 6 6 
249 249 249 249 249 249 249 249 249 250 250 250 250 250 250 244 245 206 114 35 11 7 4 4 3 2 3 3 3 1 1 1 1 1 1 1 1 1 1 1 1 1 1 2 2 3 3 2 2 3 9 24 108 236 245 251 251 249 248 240 236 120 36 6 6 
248 247 248 248 248 249 249 249 249 249 249 249 250 250 250 243 243 200 100 26 11 7 4 3 3 2 3 3 3 1 1 1 1 1 1 1 1 1 1 1 1 1 1 2 2 3 3 2 2 3 14 35 124 241 241 249 251 249 248 240 236 131 40 6 6 
247 245 247 248 248 249 249 249 249 249 249 249 249 249 248 242 241 189 92 23 11 8 4 3 3 2 3 3 3 2 1 1 1 1 1 1 1 1 1 1 1 1 1 2 2 3 3 2 2 3 16 37 128 236 238 248 251 248 247 240 236 146 45 7 7 
244 242 244 248 249 249 249 249 249 249 249 249 249 251 247 242 240 178 78 17 11 8 4 4 3 2 3 3 3 2 1 1 1 1 1 1 1 1 1 1 1 1 1 2 2 3 3 2 2 3 16 38 127 237 238 248 251 248 247 240 236 152 47 7 7 
244 243 245 248 249 249 249 249 249 249 249 249 250 250 248 241 234 167 71 12 11 7 5 4 3 2 3 2 2 2 1 1 1 1 1 1 1 1 1 1 1 1 1 2 2 3 3 2 2 3 16 37 127 237 238 248 251 248 247 240 236 152 49 7 7 
247 247 247 248 248 249 249 249 249 249 249 248 248 251 247 242 227 150 61 12 9 5 5 3 3 2 3 2 2 2 1 1 1 1 1 1 1 1 1 1 1 1 1 2 2 3 3 2 2 3 16 37 127 237 238 248 251 248 247 240 236 151 49 7 7 
249 249 249 248 248 249 249 249 249 249 249 249 249 249 247 242 226 139 51 10 9 6 5 3 3 2 3 2 2 2 1 1 1 1 1 1 1 1 1 1 1 1 1 2 2 3 3 2 2 3 16 37 127 237 238 248 251 248 247 240 236 151 49 7 7 
249 249 249 248 248 249 249 249 249 249 249 249 249 249 245 243 224 128 38 8 9 7 5 4 3 2 3 2 2 2 1 1 1 1 1 1 1 1 1 1 1 1 1 2 2 3 3 2 2 3 16 37 127 237 238 248 251 248 247 240 236 151 50 10 7 
249 248 248 248 248 249 249 249 249 249 249 248 248 248 247 243 221 128 37 7 9 7 6 4 3 3 3 2 2 2 2 1 1 1 1 1 1 1 1 1 1 1 1 2 2 3 3 2 2 3 15 37 128 237 238 248 251 248 247 240 236 149 50 10 7 
247 247 245 245 248 248 249 249 249 249 249 248 248 248 247 243 213 130 42 7 8 7 5 3 3 3 3 2 2 2 2 1 1 1 1 1 1 1 1 1 1 1 1 2 2 3 3 2 2 3 11 36 131 237 238 248 251 248 247 240 236 143 45 9 7 
247 247 245 245 247 248 249 249 249 249 249 249 249 248 245 243 212 130 44 8 9 7 5 3 3 3 3 2 2 2 1 1 1 1 1 1 1 1 1 1 1 1 1 2 2 3 3 2 2 3 10 36 135 237 238 248 251 248 247 240 236 136 40 6 6 
248 248 248 248 248 249 249 249 249 249 249 249 249 248 245 243 212 130 45 9 9 7 6 4 3 3 3 2 2 2 1 1 1 1 1 1 1 1 1 1 1 1 1 2 2 3 3 2 2 2 8 36 141 237 238 248 251 248 247 240 236 128 37 6 6 
248 248 248 248 248 249 249 249 249 249 249 249 249 248 245 243 213 130 45 10 11 7 5 4 3 2 3 2 2 2 1 1 1 1 1 1 1 1 1 1 1 1 1 2 2 3 3 2 2 2 5 35 141 237 238 248 251 248 248 240 235 117 33 6 5 
248 248 248 248 248 249 249 249 249 249 249 249 249 248 245 243 214 131 45 10 11 7 5 4 3 2 3 2 2 2 1 1 1 1 1 1 1 1 1 1 1 1 1 2 2 3 3 2 2 2 4 35 143 237 238 248 250 249 249 240 240 107 30 7 5 
248 248 248 248 248 249 249 249 249 249 249 249 249 248 247 242 216 132 46 11 11 7 5 3 3 2 2 2 2 2 2 1 1 1 1 1 1 1 1 1 1 1 1 1 1 3 3 3 2 2 5 33 143 236 240 248 251 249 252 238 216 94 25 7 4 
248 248 248 248 249 249 249 249 249 249 249 249 249 248 248 242 221 135 49 11 11 7 5 3 3 2 2 2 2 2 2 1 1 1 1 1 1 1 1 1 1 1 1 1 1 3 3 3 2 2 6 31 142 234 242 248 251 249 253 235 191 86 20 7 4 
248 248 248 248 248 249 249 249 249 249 249 248 247 247 247 243 224 150 53 11 11 7 5 2 2 1 1 1 2 2 1 1 1 1 1 1 1 1 1 1 1 1 1 1 2 3 2 2 2 1 5 30 124 227 245 249 253 250 247 215 163 66 17 5 4 
247 248 248 248 248 248 248 248 249 249 249 248 247 248 248 242 228 157 55 12 11 7 6 2 2 1 1 1 2 2 1 1 1 1 1 1 1 1 1 1 1 1 1 1 2 3 2 2 1 0 4 28 124 226 247 249 253 252 248 219 171 58 11 4 5 
247 248 249 248 248 248 248 248 249 249 249 249 248 249 249 249 238 160 59 12 11 8 7 4 3 1 1 1 2 2 1 1 1 1 1 1 1 1 1 1 1 1 1 1 2 3 2 1 1 0 2 27 131 226 247 249 253 252 248 228 181 54 9 3 4 
244 243 245 248 248 248 248 248 249 249 249 249 249 249 250 250 239 161 61 15 11 8 7 5 4 1 1 1 2 2 1 1 1 1 1 1 1 1 1 1 1 1 1 1 2 3 2 1 1 0 1 26 132 227 247 249 253 252 251 233 186 44 14 7 4 
237 237 242 247 248 248 248 248 249 249 250 250 250 251 251 243 229 160 63 17 12 8 8 4 4 2 2 1 2 2 1 1 1 1 1 1 1 1 1 1 1 1 1 1 2 3 2 1 1 0 1 26 135 228 247 249 253 251 252 237 194 56 16 7 4 
238 240 242 247 248 248 248 248 249 249 249 250 251 250 248 245 231 159 64 19 12 8 8 4 4 2 2 1 2 2 1 1 1 1 1 1 1 1 1 1 1 1 1 1 2 3 2 1 1 0 0 26 136 229 247 250 253 249 252 236 191 63 18 3 3 
246 247 247 247 248 248 248 248 249 249 249 250 251 249 249 248 234 162 67 22 12 9 7 4 4 2 2 1 2 3 2 1 1 1 1 1 1 1 1 1 1 1 1 2 3 3 2 1 1 0 1 26 133 233 245 250 253 247 249 233 185 61 21 4 3 
247 248 248 248 249 249 249 248 249 249 249 249 250 249 249 248 233 164 68 23 12 8 6 4 4 2 2 1 2 3 2 1 1 1 1 1 1 1 1 1 1 1 1 2 3 3 2 1 1 1 1 27 132 235 245 250 253 246 249 230 181 59 22 4 3 
247 248 248 248 249 249 249 249 248 249 249 248 248 250 249 245 230 165 73 24 12 7 5 5 4 2 2 2 2 3 2 1 1 1 1 1 1 1 1 1 1 1 1 2 2 2 2 3 2 1 2 27 130 236 242 250 252 242 248 227 179 78 23 5 2 
248 248 248 247 249 249 249 249 249 249 249 249 249 249 249 245 230 165 82 24 11 7 5 5 4 2 2 2 2 3 2 1 1 1 1 1 1 1 1 1 1 1 1 2 2 3 2 3 3 1 1 27 131 236 241 249 250 242 247 226 172 67 23 3 2 
247 248 248 248 249 249 249 249 249 249 249 249 249 249 248 245 233 185 96 25 10 8 5 4 3 2 2 2 2 3 2 1 1 1 1 1 1 1 1 1 1 1 1 2 2 3 3 3 3 3 2 29 133 237 238 249 248 244 244 223 169 73 17 3 3 
247 248 248 248 249 249 249 249 249 249 249 249 249 248 248 245 242 208 108 24 11 10 5 3 3 2 2 2 2 3 2 1 1 1 1 1 1 1 1 1 1 1 1 2 2 3 3 3 3 3 1 27 136 240 238 249 249 245 244 226 166 58 10 3 3 
249 248 248 248 249 249 249 249 249 249 249 249 249 248 248 247 251 213 109 30 11 11 7 5 4 2 2 2 2 3 2 1 1 1 1 1 1 1 1 1 1 1 1 2 2 3 3 3 3 3 3 32 140 240 240 249 249 246 244 226 165 50 10 2 2 
250 249 248 248 249 249 249 249 249 249 249 249 249 248 248 248 252 217 114 33 12 12 8 5 4 2 2 2 2 3 2 1 1 1 1 1 1 1 1 1 1 1 1 2 2 3 4 5 5 7 7 40 149 242 244 249 249 246 244 226 164 46 10 2 2 
247 248 248 247 249 249 249 249 249 249 249 248 248 248 248 250 252 214 117 33 11 13 8 4 3 2 2 2 2 3 2 1 1 1 1 1 1 1 1 1 1 1 1 2 2 3 3 4 5 8 12 51 157 242 248 249 250 247 243 224 164 47 11 3 3 
241 245 248 248 248 248 248 248 249 249 248 248 248 248 248 252 250 212 121 36 11 13 8 4 3 2 2 2 2 3 2 1 1 1 1 1 1 1 1 1 1 1 1 3 3 3 3 3 4 9 16 55 161 242 249 250 251 248 243 224 164 57 16 4 3 
242 245 248 248 248 247 248 248 248 248 248 249 249 248 248 251 249 215 134 45 12 11 7 3 3 2 2 2 2 1 1 1 1 1 1 1 1 1 1 1 1 1 1 2 2 2 2 3 3 9 16 35 127 240 249 249 250 249 245 224 163 64 17 4 2 
245 247 248 248 249 249 248 249 249 249 249 249 249 249 249 249 249 222 143 53 14 11 5 3 3 2 2 2 2 1 1 1 1 1 1 1 1 1 1 1 1 1 1 2 2 2 2 2 3 8 15 47 157 241 249 249 250 250 247 226 160 60 17 3 2 
249 249 249 248 249 249 248 249 249 249 249 249 249 250 250 248 248 226 149 58 16 10 5 3 3 2 2 2 2 1 1 1 1 1 1 1 1 1 1 1 1 1 1 2 2 1 2 2 2 7 12 59 179 243 249 249 251 251 250 228 152 51 12 3 2 
249 249 249 248 248 248 248 248 248 248 248 249 249 250 250 248 248 228 155 65 18 10 5 3 3 2 2 2 2 1 1 1 1 1 1 1 1 1 1 1 1 1 1 2 2 1 1 1 1 8 24 81 205 249 252 249 249 248 246 221 142 45 9 2 2 
249 249 248 248 248 248 248 248 248 248 249 249 249 250 250 247 249 231 159 68 22 11 5 3 3 2 2 2 2 1 1 1 1 1 1 1 1 1 1 1 1 1 1 2 2 1 1 1 1 10 36 96 227 251 253 249 247 244 241 215 132 47 10 3 2 
248 248 248 248 248 248 248 248 248 248 249 249 249 250 250 247 248 236 180 81 22 11 7 4 3 2 2 2 2 1 1 1 1 1 1 1 1 1 1 1 1 1 1 2 2 1 1 1 1 14 35 131 227 253 253 249 245 243 240 214 131 53 12 3 2 
248 248 248 248 248 248 248 248 248 248 248 249 249 249 249 248 247 238 189 88 23 12 7 4 3 2 2 2 2 1 1 1 1 1 1 1 1 1 1 1 1 1 1 2 2 1 1 1 1 16 43 152 230 251 252 249 248 247 242 217 136 61 19 4 2 
248 248 249 249 249 249 248 249 249 249 249 249 249 249 249 248 247 240 193 93 28 12 7 4 3 2 2 2 2 1 1 1 1 1 1 1 1 1 1 1 1 1 1 2 2 1 2 1 2 24 68 175 242 251 252 250 250 249 248 224 148 65 22 5 2 
248 248 249 249 249 249 248 249 249 249 250 249 249 249 249 248 247 239 192 97 30 12 8 4 2 3 3 1 1 1 1 1 1 1 1 1 1 1 1 1 1 1 1 2 2 2 1 1 1 26 94 198 244 249 251 250 250 250 249 227 146 66 23 5 1 
248 248 248 248 248 248 248 248 249 249 250 249 249 249 250 248 247 240 205 113 33 12 9 4 2 3 3 1 1 1 1 1 1 1 1 1 1 1 1 1 1 1 2 2 2 2 2 1 1 28 120 214 249 249 251 251 251 250 247 224 151 67 22 5 1 
248 248 248 248 248 248 248 248 248 249 249 249 249 249 249 248 247 241 208 116 37 14 8 4 2 3 3 1 1 1 1 1 1 1 1 1 1 1 1 1 1 1 1 2 2 2 2 1 1 30 142 230 250 248 250 252 251 250 245 222 151 58 19 5 1 
248 248 248 248 248 248 248 248 248 249 249 249 249 249 249 248 247 243 212 121 42 15 8 4 2 3 3 1 1 1 1 1 1 1 1 1 1 1 1 1 1 1 2 3 3 2 2 1 4 42 149 231 250 250 247 248 248 247 242 220 150 49 15 4 2 
248 248 248 248 248 248 248 248 248 249 249 249 249 249 249 249 247 243 216 127 43 14 8 4 2 3 3 1 1 1 1 1 1 1 1 1 1 1 1 1 1 1 2 2 2 2 3 3 8 54 158 233 247 251 251 248 245 242 235 210 135 31 10 4 2 
248 248 248 248 248 248 248 248 248 249 249 249 249 248 247 249 248 244 220 132 45 11 8 4 2 3 3 1 1 1 1 1 1 1 1 1 1 1 1 1 1 2 2 2 2 2 3 4 10 68 172 236 245 249 251 248 244 228 191 143 70 21 5 3 2 
248 248 248 248 248 248 248 248 248 249 249 249 249 248 245 248 247 245 222 136 47 12 9 4 2 3 3 1 1 1 1 1 1 1 1 1 1 1 1 1 1 2 2 2 2 2 3 4 17 93 193 244 245 249 247 237 220 184 134 89 43 18 4 2 2 
249 249 249 249 248 248 249 249 249 248 248 249 249 249 249 248 247 244 230 148 47 9 8 4 2 3 3 2 1 1 1 1 1 1 1 1 1 1 1 1 1 2 2 2 1 2 2 5 25 115 208 245 236 237 224 193 150 109 86 72 38 15 4 3 2 
249 249 249 249 249 249 249 249 250 250 250 250 250 249 249 249 247 243 207 116 38 16 8 4 2 3 3 1 1 2 2 2 2 1 1 1 1 2 2 2 2 2 2 1 1 2 3 6 34 130 199 208 179 158 144 118 92 78 68 62 37 15 3 4 4 
248 248 248 248 248 249 249 249 249 249 249 249 249 249 250 249 247 242 210 125 46 15 9 5 3 3 3 1 1 2 2 2 2 2 2 2 2 2 2 2 2 2 2 2 2 3 4 9 30 86 123 130 114 86 78 60 54 55 55 53 39 12 5 4 3 
248 248 248 248 248 249 249 249 249 249 249 249 249 249 249 249 247 243 220 141 51 16 10 5 3 3 3 1 1 2 2 2 2 2 2 2 2 2 2 2 2 2 2 2 2 3 4 10 28 65 82 79 68 59 61 59 59 52 50 52 42 10 5 3 2 
248 248 248 248 248 249 249 249 249 249 249 249 249 249 249 249 248 243 222 142 54 18 9 5 3 3 3 1 1 2 2 2 2 2 2 2 2 2 2 2 2 2 2 3 3 4 7 12 25 43 65 67 68 70 58 57 53 52 51 54 43 7 1 2 2 
248 248 248 248 248 249 249 249 249 249 249 249 249 249 249 249 248 245 225 148 59 19 9 5 3 3 3 1 1 2 2 2 2 2 2 2 2 2 2 2 2 2 3 3 5 8 8 9 33 67 88 77 82 94 68 75 74 74 74 77 65 21 3 3 3 
248 248 248 248 248 249 249 249 249 249 249 249 249 249 248 249 248 245 228 152 61 18 9 5 3 3 3 1 1 2 2 2 2 2 2 2 2 2 2 2 2 2 3 2 2 1 1 19 80 146 175 165 166 178 163 166 165 165 159 139 110 58 19 4 3 
248 248 248 248 248 249 249 249 249 249 249 249 249 249 245 249 249 245 231 158 65 17 9 5 3 3 3 1 1 1 1 1 1 1 1 1 1 1 1 1 1 1 2 2 3 0 8 50 138 219 249 244 236 235 238 240 237 238 235 215 167 86 25 9 4 
248 248 248 248 248 249 249 249 249 249 249 249 249 249 247 249 249 246 233 163 68 17 8 4 3 3 3 1 1 2 2 2 2 2 2 2 2 2 2 2 2 2 2 3 3 6 18 68 163 233 253 245 247 249 251 249 247 247 248 240 196 107 29 4 4 
247 248 248 248 248 249 249 249 249 249 249 249 249 248 248 249 249 247 229 159 67 22 8 4 3 2 1 2 2 1 1 1 1 1 1 1 1 1 1 2 2 2 2 3 4 9 18 66 172 242 252 247 249 249 248 247 244 243 246 240 215 139 40 5 6 
247 247 247 248 248 248 248 249 249 249 249 249 249 249 249 249 249 248 235 170 75 18 9 4 3 1 1 2 2 1 1 1 1 1 1 1 1 1 1 2 2 2 2 3 5 10 25 85 189 247 252 248 248 248 248 248 247 242 248 243 231 155 46 6 6 
247 248 248 248 248 249 249 249 249 249 249 249 249 249 249 249 249 248 238 171 73 21 10 5 4 2 2 2 2 1 1 1 1 1 1 1 1 1 1 2 2 2 2 5 6 9 27 89 201 252 252 249 247 248 252 252 248 244 251 243 227 159 53 8 8 
248 248 248 248 248 249 249 249 249 249 249 249 250 249 249 248 249 248 240 173 79 24 10 7 4 3 2 2 2 1 1 1 1 1 1 1 1 1 1 2 2 2 3 4 5 9 33 92 196 253 251 248 247 247 248 250 249 250 252 238 221 135 41 8 7 
248 248 249 249 249 249 249 249 249 249 249 249 250 249 249 248 250 250 242 184 89 26 10 8 4 3 2 1 1 1 1 1 1 1 1 1 1 1 1 1 2 2 3 4 5 11 31 103 192 253 249 248 249 248 248 248 250 252 252 235 214 115 33 9 7 
248 249 249 249 249 249 249 249 249 249 249 249 249 249 249 248 252 251 231 173 73 21 6 4 3 2 1 1 1 1 1 1 1 1 1 1 1 1 1 1 1 2 2 4 4 13 40 141 216 247 248 248 248 248 245 243 237 241 248 230 181 87 20 8 7 
248 249 249 249 249 249 249 249 249 249 249 249 249 249 249 249 252 248 233 192 89 22 5 4 3 2 2 3 3 1 1 2 2 2 2 2 2 2 2 2 2 2 3 5 5 12 57 167 240 248 249 249 248 245 242 234 221 230 241 224 158 74 12 6 6 
248 248 249 249 249 249 249 249 249 249 249 249 249 249 249 250 251 250 235 184 87 26 11 5 4 3 4 4 4 2 2 2 2 2 2 2 2 2 2 2 3 3 3 6 8 14 52 156 231 252 250 249 248 247 243 241 241 242 240 217 159 60 12 7 6 
248 248 248 248 249 249 249 249 249 249 249 249 250 249 250 251 249 246 245 185 90 28 14 8 5 6 6 7 5 3 3 3 3 3 3 3 3 3 3 3 3 3 4 5 7 13 60 173 230 249 250 250 249 249 249 249 250 251 239 202 136 43 11 10 4 
249 249 249 249 249 249 249 249 249 249 250 249 249 249 248 248 248 241 225 153 65 24 23 10 9 10 10 9 9 7 7 7 7 7 7 7 7 8 8 7 7 5 5 8 9 15 54 148 215 244 250 250 249 249 249 249 247 253 238 185 102 31 9 9 4 
249 249 249 249 249 249 249 249 249 249 249 249 249 249 247 245 245 230 175 104 42 21 21 12 11 11 12 10 10 11 10 10 10 9 9 9 9 10 10 9 9 8 8 10 12 16 48 128 214 244 249 249 250 249 249 250 250 252 234 181 91 25 8 5 3 
249 249 249 249 249 248 249 249 248 248 248 247 247 247 244 243 244 226 137 51 25 22 18 14 12 12 12 11 12 12 12 11 11 10 10 10 11 11 11 10 10 10 11 12 12 16 57 144 227 252 248 248 249 249 249 250 250 252 238 178 85 15 7 3 2 
248 247 247 247 247 248 248 248 248 248 248 247 247 247 244 243 241 214 117 35 18 19 17 15 12 11 11 12 13 13 12 10 11 11 12 10 11 12 11 10 10 12 13 14 14 11 59 170 227 243 245 247 248 248 249 251 251 253 236 158 73 8 6 2 2 
248 247 245 245 245 247 248 248 247 248 248 248 248 247 245 244 235 196 109 37 22 18 15 14 14 11 12 13 13 12 12 11 11 12 12 11 11 11 11 10 11 12 13 14 15 12 64 179 237 238 244 246 248 247 248 251 251 247 212 129 53 8 6 1 1 
247 245 247 247 247 247 247 247 247 248 248 248 248 247 245 244 234 185 97 39 24 19 15 14 14 12 12 13 13 12 11 11 11 11 12 12 12 12 12 12 12 11 12 15 16 13 69 174 247 245 244 245 247 247 248 251 251 237 199 115 38 8 5 3 2 
247 247 248 248 247 247 247 248 248 247 248 248 249 248 248 243 235 178 90 43 26 18 15 14 12 11 11 12 12 12 12 12 12 12 12 12 14 14 14 12 12 12 14 16 17 12 61 157 233 245 244 244 245 247 248 251 251 240 189 107 33 9 6 4 3 
248 248 248 248 248 247 248 248 248 248 248 247 245 247 245 242 233 186 92 42 25 18 15 13 13 12 12 12 12 12 12 12 12 12 12 13 13 14 13 13 13 12 14 16 18 10 57 155 231 246 247 247 247 247 247 250 250 242 179 92 28 9 8 6 5 
249 249 249 248 247 245 247 248 248 250 250 248 247 247 244 242 233 198 103 39 21 15 15 13 12 12 12 12 13 12 12 12 12 12 12 13 13 13 13 13 13 12 14 16 18 12 45 128 212 248 252 250 249 248 248 249 250 241 181 81 18 10 10 7 6 
250 249 249 247 245 245 247 248 248 247 245 245 247 247 248 247 241 201 104 43 16 14 15 11 11 11 11 12 13 12 12 12 12 12 12 13 13 13 13 13 13 12 14 16 19 22 39 103 206 252 253 252 252 250 249 248 249 241 178 73 15 11 10 8 7 
249 249 249 249 247 247 247 247 245 243 242 243 244 247 248 247 247 221 129 51 17 19 14 12 11 11 12 13 13 12 11 12 12 11 12 13 13 13 13 13 13 14 14 16 18 20 36 103 198 252 252 252 250 250 249 248 247 235 166 68 14 11 10 8 7 
247 247 248 248 247 247 248 247 245 247 245 245 247 245 247 247 247 223 149 71 29 24 16 17 16 15 13 13 13 12 11 11 11 11 12 12 12 12 12 12 12 14 16 18 18 9 22 95 172 234 249 248 247 245 247 248 244 221 144 60 14 12 11 9 8 
243 243 245 245 247 248 249 249 249 248 249 248 249 247 245 248 247 231 172 97 51 29 10 23 20 17 15 13 13 12 12 12 11 12 14 12 12 12 12 12 12 16 21 22 23 21 21 95 171 220 247 245 245 245 247 248 249 220 129 53 15 12 11 10 9 
244 245 247 247 248 249 249 249 249 249 249 248 247 247 247 249 248 241 216 138 87 92 47 23 22 19 16 14 12 12 12 14 12 15 15 14 14 12 14 13 12 19 25 33 37 53 66 125 192 234 249 249 248 248 248 248 240 205 116 50 15 12 11 10 9 
249 248 248 248 249 249 249 249 249 249 249 248 247 247 248 248 248 245 236 196 152 163 79 23 23 22 17 14 12 12 12 15 15 16 16 14 15 14 15 15 15 20 25 38 44 117 151 179 216 249 251 250 249 250 250 249 237 189 108 47 15 14 11 10 10 
250 248 248 249 249 250 249 249 249 249 249 249 249 248 248 249 249 247 249 247 236 186 137 92 47 22 17 15 14 13 15 14 15 17 13 15 13 13 15 16 15 22 73 146 197 216 231 230 245 251 251 251 250 249 248 247 244 174 88 25 10 12 11 10 11 
249 249 249 249 249 249 249 249 249 249 249 249 249 248 248 249 249 248 249 247 241 224 198 163 79 23 21 16 12 12 12 12 12 15 12 13 12 13 15 16 17 28 99 217 251 248 252 244 245 250 250 250 249 248 247 242 208 128 53 15 10 14 10 9 11 
249 250 249 249 249 249 250 250 249 249 249 249 250 249 249 249 250 251 252 252 249 244 243 199 90 36 16 15 12 10 10 10 11 12 10 12 12 13 16 15 23 41 125 221 254 249 250 251 249 250 250 249 249 248 244 222 174 97 44 25 11 16 11 8 12 
249 249 249 249 249 249 249 249 249 249 249 249 250 249 250 250 250 250 251 252 254 253 250 201 111 42 11 11 10 8 9 9 10 11 10 11 13 13 15 15 25 45 124 208 242 252 250 251 249 250 250 249 249 247 240 227 185 106 61 42 22 13 9 8 11 
248 248 249 250 249 249 249 249 249 249 249 249 249 249 249 249 250 249 248 252 253 253 233 166 80 29 10 10 9 8 8 9 10 10 7 10 12 14 16 19 26 37 82 167 224 244 252 250 249 251 251 249 249 249 248 244 215 169 135 95 46 19 16 11 11 
247 247 248 248 249 249 249 249 249 249 249 249 249 249 249 250 251 250 249 249 249 241 201 131 50 19 11 10 9 8 8 9 10 10 8 12 16 18 22 26 30 30 52 145 231 245 250 249 250 251 251 249 249 250 251 248 245 235 206 162 81 22 17 12 11 
248 248 248 248 248 249 249 249 249 249 249 249 249 249 249 249 249 249 245 242 236 209 147 79 38 16 10 8 7 7 5 7 8 8 8 12 16 19 23 29 29 31 61 145 234 250 249 249 250 250 250 250 250 250 249 248 250 245 234 189 95 22 17 12 11 
248 249 249 249 249 249 249 249 249 249 249 249 249 249 249 248 238 247 249 250 216 160 91 36 21 11 8 5 4 5 4 5 5 6 7 11 16 19 23 25 30 31 62 144 219 250 249 250 250 250 250 250 251 250 250 249 250 249 243 182 89 31 17 13 13 
249 248 249 249 249 249 249 249 249 249 249 249 249 249 249 248 250 247 249 228 175 73 33 17 9 8 6 5 5 5 5 6 6 8 9 10 13 18 20 24 28 31 60 142 208 251 249 249 250 250 250 250 250 250 250 249 249 253 241 167 86 35 15 15 12 
250 249 249 249 249 249 249 249 249 249 249 250 249 248 248 247 250 247 247 198 136 47 10 8 7 8 6 5 5 5 5 6 8 9 9 10 13 18 19 22 25 27 57 143 230 250 248 249 249 250 250 250 250 250 250 249 250 253 219 135 72 26 15 12 9 
249 249 249 248 249 249 249 249 249 249 249 251 248 247 247 247 248 248 248 151 79 29 7 8 5 5 5 4 4 5 6 8 9 10 9 9 12 18 18 19 23 25 52 144 243 249 248 250 250 250 250 250 250 250 250 250 249 237 169 89 46 22 14 11 8 
248 248 248 248 249 249 249 249 249 250 250 249 245 244 244 244 248 226 179 104 41 22 12 14 12 9 8 5 4 4 5 6 6 8 6 8 13 16 16 17 20 23 64 143 234 249 247 249 250 249 250 250 250 250 250 250 248 214 136 64 25 16 11 10 8 
247 247 248 249 249 249 249 249 249 250 250 248 243 240 238 235 223 166 98 62 22 18 14 15 11 10 9 5 4 4 5 6 6 5 6 10 13 16 16 17 20 23 66 158 233 247 247 249 250 250 250 249 249 250 250 249 247 205 116 39 12 11 9 8 7 
247 248 248 249 249 249 249 248 248 249 249 248 245 241 237 226 180 109 60 41 18 17 15 12 9 9 8 5 5 6 6 6 6 5 6 10 15 17 15 17 22 23 68 172 247 244 247 250 249 249 250 249 249 250 251 251 245 194 102 32 15 10 7 5 5 
248 248 248 249 248 249 249 248 249 249 249 248 248 236 223 194 113 63 47 19 17 14 12 11 10 8 7 5 5 7 8 9 8 7 8 11 15 17 17 17 22 22 71 175 255 247 248 250 250 249 250 249 249 249 249 250 231 157 67 22 16 10 8 5 4 
249 248 248 249 248 249 249 249 250 249 249 248 248 222 187 117 47 29 29 17 15 10 10 11 9 7 7 7 7 8 9 11 10 9 9 12 15 17 18 19 24 24 89 180 249 250 250 251 250 250 250 249 249 249 249 248 214 115 35 11 15 10 8 5 3 
248 248 248 248 248 248 249 249 249 249 249 248 247 188 113 46 37 24 26 19 15 16 12 11 10 8 7 8 10 9 11 12 12 12 11 12 16 18 19 20 27 35 73 177 237 247 250 251 250 251 251 250 248 248 247 244 200 114 40 22 14 10 9 5 4 
247 247 245 245 245 247 248 248 248 248 248 248 248 189 103 35 28 25 24 19 16 16 12 10 10 8 8 10 11 11 12 15 15 13 13 13 16 18 19 20 29 37 66 166 245 245 250 250 251 252 252 251 248 248 247 238 189 92 22 10 10 10 8 5 4 
245 245 244 243 242 242 244 247 247 247 247 248 248 208 120 45 29 22 21 18 15 13 11 10 10 8 9 11 12 15 16 17 17 17 16 16 17 17 18 22 30 38 65 164 244 247 249 251 251 252 252 248 247 247 247 207 141 65 25 10 8 8 6 5 5 
243 243 244 243 241 235 235 245 247 247 247 247 252 220 159 99 40 21 18 14 11 10 9 10 10 8 9 11 12 15 16 17 18 19 18 18 18 17 18 22 30 38 63 160 243 247 249 250 251 251 250 243 238 247 226 171 96 36 19 14 7 5 5 5 5 
243 244 245 245 244 237 237 244 247 247 247 245 247 242 205 137 68 19 16 12 10 7 8 8 8 9 10 12 12 15 16 18 19 20 20 18 17 17 18 22 30 38 61 158 243 248 249 250 250 249 244 235 235 242 207 158 100 46 19 14 7 4 4 4 4 
245 247 247 247 248 248 248 248 248 247 245 252 245 252 231 141 75 17 12 10 8 5 8 7 8 9 10 12 12 15 16 18 19 19 20 18 17 17 18 22 30 38 58 151 238 249 249 250 250 249 247 242 241 229 202 166 121 72 26 16 8 4 5 4 4 
247 248 248 248 249 249 249 249 248 248 247 250 247 246 214 145 78 16 11 8 8 7 8 8 9 10 12 13 13 15 16 18 19 18 18 17 15 16 17 22 30 37 51 144 234 249 250 251 250 250 249 249 249 207 195 209 183 106 39 19 11 7 7 5 5 
248 248 248 248 249 249 249 249 250 249 250 248 246 248 200 127 68 16 11 9 8 8 8 8 10 11 13 15 16 16 17 19 21 19 18 17 15 16 17 22 30 36 43 136 227 249 250 251 251 251 250 248 247 215 210 232 210 125 47 22 15 10 9 5 5 
248 248 248 248 249 249 249 249 249 249 251 243 229 212 170 109 65 25 14 10 9 9 9 10 10 10 12 14 15 16 17 18 19 17 18 16 12 14 17 23 29 35 39 131 224 248 250 251 251 251 251 249 249 199 233 244 201 120 46 21 15 12 10 6 6 
248 248 248 248 249 249 249 249 247 248 245 233 187 152 102 59 35 19 16 14 11 10 10 11 11 10 12 14 16 16 16 17 18 17 17 15 12 14 16 23 29 33 40 129 224 248 250 251 251 251 251 249 250 216 230 222 163 88 37 17 12 11 10 7 6 
248 248 248 248 249 249 248 248 247 250 228 208 156 94 58 33 18 20 20 18 17 15 15 14 12 12 15 16 17 17 16 16 17 17 16 14 11 12 16 22 28 32 39 108 203 250 250 251 251 251 251 249 249 240 226 189 119 50 23 16 12 9 9 9 8 
248 248 248 249 249 250 248 249 248 240 193 151 100 56 37 29 19 23 24 22 20 18 17 15 15 15 16 16 17 16 16 16 16 16 16 12 10 10 16 22 28 32 39 79 175 250 250 251 251 251 251 249 250 244 208 140 76 32 16 13 12 9 9 9 9 
248 248 248 248 249 248 245 228 214 202 151 118 87 45 29 28 25 24 25 23 22 20 19 18 18 18 18 18 18 17 16 15 15 14 14 12 12 13 17 22 28 33 39 70 164 252 252 251 251 251 250 249 249 237 188 93 37 33 19 16 12 10 9 9 9 
248 248 248 245 245 242 240 214 188 150 96 73 64 43 35 30 28 26 26 24 23 22 22 19 19 19 19 18 18 17 15 12 12 11 10 11 12 15 17 22 28 33 38 70 150 253 251 251 251 251 250 249 249 221 171 93 33 32 25 17 13 11 10 10 10 
247 247 247 248 248 181 167 139 103 86 52 61 50 55 39 31 29 30 30 25 24 23 24 23 23 23 23 22 19 20 18 15 13 10 11 9 11 14 16 23 27 32 37 59 118 252 251 250 250 250 250 249 249 231 200 153 92 51 28 19 15 12 11 10 10 
247 245 247 247 246 136 124 107 55 63 36 58 44 50 38 31 30 30 30 26 26 26 28 28 28 28 28 26 24 24 22 16 15 9 11 12 13 14 16 22 27 32 38 51 94 239 253 249 250 250 249 249 249 245 231 208 158 92 38 23 17 15 14 12 11 
245 223 182 144 116 65 50 37 24 24 24 21 25 36 34 30 30 30 30 32 33 33 33 35 35 35 35 35 35 30 26 16 14 10 12 15 17 16 18 23 26 32 37 50 77 147 251 251 251 250 250 249 249 248 248 247 213 128 53 25 21 18 17 16 15 
243 213 160 103 75 45 33 25 19 21 23 24 24 27 29 28 30 30 30 32 33 36 36 38 38 38 38 37 37 33 30 21 16 12 15 16 18 18 19 23 26 32 35 39 67 137 251 251 251 250 250 250 250 248 247 242 194 111 47 28 22 21 21 21 22 
243 198 125 70 50 26 26 24 24 22 22 23 24 24 25 26 29 29 29 29 30 32 32 34 36 36 37 36 36 33 32 30 25 21 18 19 20 18 21 22 25 28 29 35 67 137 250 250 250 250 250 250 250 249 248 236 172 88 43 32 26 23 23 22 24 
241 186 107 54 37 19 19 20 20 18 19 22 22 22 23 24 25 25 25 26 26 27 29 30 31 33 34 33 33 32 32 32 31 26 23 22 19 18 19 22 25 26 32 45 95 153 250 250 250 250 250 250 250 249 248 229 158 80 40 33 28 24 24 23 26 
235 180 102 50 39 25 23 18 16 17 16 17 17 17 17 18 18 18 18 18 18 19 22 24 25 30 31 36 31 21 16 24 29 30 28 21 17 15 16 17 21 25 50 69 130 195 248 250 250 250 250 250 250 249 245 206 136 71 38 33 30 28 28 28 28 
231 189 124 66 39 33 24 17 18 17 15 16 16 15 15 15 15 15 15 15 15 15 17 19 22 26 30 32 33 33 35 51 60 67 64 57 51 50 51 56 60 68 82 125 182 215 248 250 250 250 250 250 251 250 243 184 109 57 36 32 30 30 29 29 28 
240 215 166 103 64 70 49 37 37 31 22 17 16 15 15 16 16 16 16 15 15 15 17 21 23 30 32 36 38 84 96 122 137 150 148 141 135 128 129 139 145 151 155 191 228 234 248 250 250 250 250 250 251 253 248 166 90 50 33 31 29 28 28 28 26 
247 238 206 158 116 129 116 103 88 80 67 46 31 25 25 25 25 25 25 23 22 21 23 24 28 35 38 42 44 149 162 194 213 228 228 221 216 213 214 218 221 223 225 232 240 247 248 250 250 250 251 251 250 252 234 159 92 50 32 29 25 25 24 23 22 
246 246 247 246 243 238 226 217 212 201 191 178 170 120 118 117 115 113 111 108 104 103 103 102 106 120 130 147 157 200 223 237 250 251 250 249 249 250 250 250 250 250 250 250 250 249 248 250 250 250 250 250 250 252 234 159 94 50 30 26 24 22 19 17 16 
248 246 247 246 246 246 245 246 247 237 231 224 219 208 207 205 203 200 200 198 195 193 191 187 187 194 201 213 224 241 248 251 251 250 251 250 249 249 250 250 250 250 250 250 250 249 249 250 250 250 251 250 250 252 237 171 97 38 25 17 12 11 11 10 9 
249 249 249 249 249 249 248 248 248 249 248 245 247 251 252 251 250 248 247 244 244 244 241 238 236 235 239 242 242 247 247 250 250 249 249 249 249 249 250 250 250 250 250 250 250 249 249 250 250 250 251 250 250 252 238 177 97 29 22 14 9 8 8 6 5 
249 249 249 249 249 248 248 248 249 248 249 249 250 252 252 252 252 250 249 248 248 249 247 246 245 243 243 245 245 247 247 249 248 248 249 249 249 249 249 249 249 249 250 250 250 249 249 250 250 251 251 250 250 252 241 195 122 43 22 14 7 6 6 5 4 
249 249 249 249 249 250 250 250 250 250 251 251 252 251 251 249 248 247 246 245 243 243 244 246 247 247 246 246 246 247 247 247 247 247 248 249 249 249 250 250 250 250 250 250 250 249 249 249 250 251 250 249 249 250 237 213 162 73 23 14 4 3 2 3 2 
249 249 249 250 250 251 251 250 250 250 251 251 252 251 251 249 248 247 246 243 240 238 241 243 245 247 246 247 246 247 247 245 245 245 247 247 248 248 250 250 250 250 250 251 251 251 251 251 252 252 252 251 251 249 237 215 167 89 24 14 7 3 3 3 3 
249 249 249 249 250 251 251 252 252 249 249 250 250 249 249 249 248 246 245 242 238 236 236 243 247 248 247 242 243 248 249 249 248 249 250 249 249 250 250 248 247 247 247 245 245 243 239 233 231 223 222 225 228 214 209 178 122 78 25 15 14 11 9 8 7 
249 249 249 250 251 251 251 252 252 249 249 248 248 247 248 248 246 244 244 241 238 237 238 245 247 246 243 234 234 236 236 236 235 235 235 235 236 238 238 241 242 243 247 249 251 208 200 187 182 169 171 180 189 163 160 130 83 50 25 24 25 22 18 17 16 
249 248 249 249 250 250 251 251 247 228 223 219 215 216 216 215 217 222 223 219 212 207 203 198 195 194 191 189 188 198 199 198 198 196 194 191 189 186 185 184 184 184 187 188 192 145 137 127 122 130 137 149 152 135 127 103 68 38 31 31 32 31 26 25 22 
248 244 243 243 242 238 236 234 231 215 206 200 196 193 185 177 166 157 149 139 135 131 129 124 120 117 115 115 113 122 121 121 120 118 116 114 113 111 109 109 109 110 111 115 118 121 116 104 102 116 128 130 124 107 113 100 76 48 40 38 37 35 30 27 25 
242 233 228 223 217 207 206 203 203 200 196 193 187 175 157 136 114 95 80 70 67 65 64 62 61 58 57 56 53 58 56 56 54 53 53 52 52 52 52 52 52 52 50 51 53 80 84 86 88 96 110 110 107 108 114 97 78 68 49 37 33 32 32 30 30 
238 226 219 210 207 208 212 214 216 216 215 214 203 177 146 114 92 78 63 52 46 43 39 34 34 33 33 33 32 32 32 31 31 31 31 31 31 31 31 32 32 33 32 33 35 40 53 66 75 95 115 128 142 144 148 133 119 116 85 49 26 36 35 33 31 
245 235 228 224 222 223 227 231 235 236 236 236 227 193 151 115 92 71 59 46 39 37 37 35 32 31 31 33 33 34 33 31 31 32 32 32 32 33 33 32 32 32 32 31 33 44 59 70 90 135 166 189 208 210 212 207 191 179 136 80 44 39 37 33 32 
249 247 245 242 238 238 238 239 240 241 239 237 230 199 159 121 94 68 59 47 37 44 44 43 40 39 38 38 38 36 33 31 31 31 31 31 32 32 32 32 32 32 32 32 36 46 58 68 99 165 207 238 252 252 247 241 216 189 148 90 53 39 38 35 32 
249 250 250 248 247 244 244 243 244 244 243 240 236 213 185 153 120 86 67 53 44 44 45 45 44 44 42 39 38 36 35 31 30 30 30 30 30 31 31 31 31 31 32 33 33 37 46 59 89 153 203 237 252 250 237 216 179 146 108 63 39 38 37 36 32 
249 250 250 248 248 247 248 247 248 247 246 243 242 230 213 182 146 106 79 59 49 43 43 43 43 44 42 40 40 38 37 35 32 30 31 31 30 31 31 31 31 31 31 30 30 30 30 38 63 108 150 187 212 209 190 163 125 89 65 40 35 33 34 34 33 
249 249 249 249 249 247 247 248 249 249 247 246 245 244 237 220 183 127 89 61 50 41 41 42 42 42 40 39 39 39 37 36 35 32 33 32 31 32 32 31 31 31 30 30 29 30 30 31 42 64 87 109 139 133 111 85 66 49 45 39 36 33 33 32 32 
249 247 244 245 247 247 247 248 248 249 249 249 248 241 235 220 185 124 84 57 48 41 40 40 42 40 39 38 38 38 36 35 33 32 32 32 31 31 31 31 30 31 30 30 30 30 30 31 33 37 44 56 72 61 53 44 43 46 39 37 35 33 32 31 31 
