33 31 33 36 37 39 44 47 51 52 54 56 52 51 43 33 26 19 16 13 13 12 12 12 12 12 12 13 13 13 13 13 13 13 13 13 13 13 13 13 13 13 13 13 13 13 13 13 13 13 13 13 13 15 15 16 16 15 15 14 14 12 14 17 17 17 22 24 30 30 21 14 16 16 15 18 16 16 18 18 17 17 17 18 18 18 18 19 19 19 19 19 18 18 18 18 17 17 17 17 18 17 17 17 16 16 16 16 16 16 16 16 16 16 16 16 16 16 16 16 16 17 17 18 18 18 18 18 18 18 18 17 17 17 17 17 17 17 17 17 17 17 17 17 17 17 17 17 17 17 17 17 17 
31 30 32 33 36 39 43 46 51 52 54 53 51 50 43 33 26 19 16 13 13 12 12 12 12 12 12 13 13 13 13 13 13 13 13 13 13 13 13 13 13 13 13 13 13 13 13 13 13 13 13 13 13 15 15 15 16 15 16 15 11 16 19 21 24 32 39 49 63 58 42 28 19 12 12 12 15 19 19 19 19 18 17 18 17 18 18 19 19 19 19 19 18 18 18 18 17 17 17 17 18 18 17 17 16 16 16 16 16 16 16 16 16 16 16 16 16 16 16 16 16 17 17 17 17 17 17 17 17 17 17 17 17 17 17 17 17 17 17 17 17 17 17 17 17 17 17 17 17 17 17 17 17 
30 30 30 32 35 38 41 45 50 52 53 53 51 49 42 33 26 19 16 15 13 12 12 12 12 12 12 13 13 13 13 13 13 13 13 13 13 13 13 13 13 13 13 13 13 13 13 13 13 13 13 13 13 13 15 16 17 15 14 15 17 30 51 70 84 89 76 52 45 43 61 78 71 58 49 18 12 15 19 22 22 19 18 17 18 18 19 21 21 19 19 19 19 19 19 19 18 18 18 18 17 18 17 17 17 17 16 16 16 16 16 16 16 16 16 16 16 16 16 16 16 16 17 17 17 17 17 17 17 17 17 17 17 17 17 17 17 17 17 17 17 17 17 17 17 17 17 17 17 17 17 17 17 
29 28 30 32 33 39 43 45 50 51 53 53 51 49 42 33 26 19 16 14 12 12 12 12 12 12 12 13 13 13 13 13 13 13 13 13 13 13 13 13 13 13 13 13 13 13 13 13 13 13 13 13 13 13 15 17 18 14 19 32 67 89 123 138 132 112 73 29 13 16 57 98 114 118 104 87 63 45 25 17 18 18 19 19 19 21 21 21 21 19 19 19 19 19 19 19 18 18 18 18 17 17 17 17 17 17 17 16 16 16 16 16 16 16 16 16 16 16 16 16 16 17 17 17 17 17 18 17 17 17 17 17 17 17 17 17 17 17 17 17 17 17 17 17 17 17 17 17 17 17 17 17 17 
29 28 31 31 33 38 43 45 49 51 53 53 51 49 42 33 26 19 16 12 11 12 12 12 12 12 12 13 13 13 13 13 13 13 13 13 13 13 13 13 13 13 13 13 13 13 13 13 13 13 13 13 13 13 13 17 18 30 61 76 102 115 125 109 78 55 29 4 3 9 23 41 65 91 104 109 111 97 65 41 22 16 18 19 20 21 22 22 22 21 19 19 19 19 19 19 18 18 18 18 17 17 17 17 17 17 17 16 16 16 16 16 16 16 16 16 16 16 16 16 16 16 16 17 18 18 18 18 18 17 17 17 17 17 18 18 18 18 18 17 17 17 17 17 17 17 17 17 17 17 17 17 17 
31 29 32 32 32 37 41 45 49 51 53 53 51 49 42 35 26 19 16 12 11 12 12 12 12 12 12 13 13 13 13 13 13 13 13 13 13 13 13 13 13 13 13 13 13 13 13 13 13 15 15 15 13 13 13 23 33 57 80 86 68 55 41 22 4 3 3 2 2 5 4 2 10 26 49 67 86 93 90 80 53 36 26 19 21 22 22 22 22 21 19 19 19 19 19 19 18 18 18 18 17 17 17 17 17 17 17 16 16 16 16 16 16 16 16 16 16 16 16 16 16 16 16 17 18 18 18 18 18 17 17 17 17 17 18 18 18 18 18 17 17 17 17 17 17 17 17 17 17 17 17 17 17 
30 29 32 32 31 37 41 45 49 51 53 53 52 49 43 35 26 21 16 12 11 12 12 12 13 13 13 13 13 13 13 13 13 13 13 13 13 13 13 13 13 13 13 13 13 13 13 13 13 15 15 15 15 13 17 26 35 59 51 42 19 5 1 1 1 2 2 2 2 2 3 2 1 4 8 15 24 36 59 72 72 62 40 19 19 22 22 22 22 21 19 19 19 19 19 19 18 18 18 18 17 17 17 17 17 17 17 16 16 16 16 16 16 16 16 16 16 16 16 16 16 16 16 17 18 18 19 18 18 17 17 17 17 17 18 18 18 18 18 17 17 17 17 17 17 17 17 17 17 17 17 17 17 
28 30 33 34 32 35 40 44 47 51 53 53 52 50 44 33 26 21 16 13 12 12 12 12 13 13 13 13 13 13 13 13 13 13 13 13 13 13 13 13 13 13 13 13 13 13 13 13 13 15 15 13 13 14 19 23 22 25 8 1 1 1 2 2 3 3 2 2 2 2 2 1 1 3 3 2 2 4 15 30 51 65 50 21 21 22 22 22 22 21 19 19 19 19 19 19 18 18 18 18 17 17 17 17 17 17 17 16 16 16 16 16 16 16 16 16 16 16 16 16 16 16 17 17 19 19 19 19 18 17 17 17 17 17 18 18 18 18 18 17 17 17 17 17 17 17 17 17 17 17 17 17 17 
28 30 33 34 32 33 39 43 47 51 53 53 51 48 43 33 26 19 16 13 12 12 12 12 13 13 13 13 13 13 13 13 13 13 13 13 13 13 13 13 13 13 13 13 13 13 13 13 13 15 15 15 15 15 18 12 8 1 1 1 1 5 5 3 2 3 3 2 2 2 2 2 2 2 3 3 3 3 2 4 17 32 42 32 22 22 22 21 21 21 21 19 19 19 19 19 18 18 18 18 17 17 17 17 17 17 17 16 16 16 16 16 16 16 16 16 16 16 16 16 16 16 17 17 19 19 21 19 21 18 18 17 18 18 18 18 18 18 18 17 17 17 17 17 17 17 17 17 17 17 17 17 17 
27 26 29 30 30 32 37 40 45 49 52 53 52 48 41 34 26 18 15 15 11 12 12 12 13 12 12 13 13 13 13 13 13 13 13 13 13 13 13 13 13 13 13 13 13 13 13 15 15 14 14 12 8 5 4 4 2 1 1 1 1 2 2 2 1 1 1 1 1 1 1 1 1 1 1 2 2 2 2 1 2 3 18 33 22 24 24 23 22 19 21 19 19 19 19 19 18 18 18 18 17 17 17 17 17 17 17 16 16 16 16 16 16 16 16 16 16 16 16 16 16 16 16 17 18 18 19 19 19 18 18 17 18 18 18 18 18 18 18 17 17 17 17 17 17 17 17 17 17 17 17 17 17 
26 25 26 29 30 31 35 39 43 47 52 53 53 51 45 38 31 22 16 15 14 12 12 12 13 12 12 12 12 12 12 12 12 12 12 13 13 13 13 13 13 13 13 13 13 13 13 13 13 11 9 7 4 3 1 2 2 1 1 1 1 1 1 1 1 1 1 1 1 1 1 1 1 1 1 2 2 2 2 1 1 2 7 13 23 26 27 26 23 17 17 18 18 18 18 19 18 18 18 17 17 17 17 17 17 17 17 17 17 17 17 17 17 17 17 17 17 17 17 16 16 16 16 17 18 18 18 17 18 17 18 17 18 18 18 18 18 18 18 17 17 17 17 17 17 17 17 17 17 17 17 17 17 
25 24 26 28 29 31 35 39 43 47 52 53 51 50 45 37 29 21 17 15 12 11 11 11 11 12 12 12 12 12 12 12 12 12 13 13 13 13 13 13 13 13 15 13 13 12 11 13 12 11 8 4 3 1 1 1 1 1 1 0 0 1 1 1 1 1 1 0 0 0 0 0 0 1 1 1 1 1 1 1 1 3 2 16 24 28 28 25 18 16 18 18 18 18 18 19 18 18 18 17 17 17 17 17 17 17 17 17 17 17 17 17 17 17 17 17 17 17 17 16 16 16 16 17 17 17 17 17 17 17 17 17 17 17 17 17 17 17 17 17 17 17 17 17 17 17 17 17 17 17 17 17 17 
26 26 28 29 30 31 35 38 43 47 52 52 51 52 46 38 29 21 17 15 12 11 11 11 11 11 11 12 12 12 12 12 12 13 13 13 15 15 15 15 15 15 16 13 13 12 12 13 12 10 6 3 2 1 1 1 1 1 1 0 0 1 1 1 1 1 1 0 0 0 0 0 0 1 1 1 1 1 1 1 1 1 1 4 11 21 25 25 20 18 17 17 17 18 18 19 18 18 18 17 17 17 17 17 17 17 17 17 17 17 17 17 17 17 17 17 17 17 17 16 16 16 16 17 17 17 17 17 17 17 17 17 17 17 17 17 17 17 17 17 17 17 17 17 17 17 17 17 17 17 17 17 17 
27 30 30 30 30 32 36 38 43 49 51 52 51 52 45 36 28 21 17 15 12 12 12 11 11 11 11 12 12 12 12 12 12 12 15 15 15 15 15 15 15 15 16 14 14 14 14 12 11 9 5 2 1 1 1 0 0 0 1 1 1 1 1 1 1 1 1 0 0 0 0 0 0 0 0 1 1 1 1 1 1 1 1 1 3 9 21 23 22 19 19 18 18 18 18 19 18 18 18 17 17 17 17 17 17 17 17 17 17 17 17 18 18 19 19 17 17 17 17 16 16 16 16 17 17 17 17 17 17 17 17 17 17 17 17 17 17 17 17 17 17 17 17 17 17 17 17 17 17 17 17 17 17 
30 33 34 33 35 35 37 39 43 47 51 51 51 52 45 36 29 21 16 15 12 12 12 11 11 11 11 12 12 12 12 12 12 12 15 15 15 15 15 15 15 15 16 14 14 14 14 14 11 9 4 2 1 1 1 0 0 0 1 1 1 1 1 1 1 1 1 0 0 0 0 0 0 0 0 1 1 1 1 1 1 1 1 1 2 4 16 23 22 19 19 19 18 18 18 19 18 18 18 17 17 17 17 17 17 17 17 17 17 17 18 18 19 19 19 17 17 17 17 16 16 16 16 17 17 17 17 17 17 17 17 17 17 17 17 17 17 17 17 17 17 17 17 17 17 17 17 17 17 17 17 17 17 
32 38 39 39 39 37 38 40 43 46 50 51 51 52 45 36 29 21 16 15 12 12 12 11 11 11 11 12 12 12 12 12 12 12 15 15 15 15 15 15 15 15 16 14 14 14 14 14 11 8 3 1 1 0 0 0 0 0 1 1 1 1 1 1 1 1 1 0 0 0 0 0 0 0 0 1 1 1 1 1 1 1 1 1 1 4 12 19 21 19 19 19 18 18 18 19 19 19 19 17 17 17 17 17 17 17 17 17 17 17 18 18 19 19 19 17 17 17 17 16 16 16 16 17 17 17 17 17 17 17 17 17 17 17 17 17 17 17 17 17 17 17 17 17 17 17 17 17 17 17 17 17 17 
38 43 44 44 43 39 39 40 43 46 50 51 51 52 45 36 29 21 16 15 12 13 13 11 11 11 11 12 12 12 12 12 12 12 15 15 15 15 15 15 15 15 15 15 15 15 15 14 10 4 2 1 1 0 1 1 1 1 1 1 1 1 1 1 1 1 1 0 0 0 0 0 0 0 0 1 1 1 1 1 1 1 1 1 1 3 10 16 19 19 19 19 18 18 18 19 19 19 19 17 17 17 17 17 17 17 17 17 17 17 17 18 18 19 19 17 17 17 17 16 16 16 16 17 17 17 17 17 17 17 17 17 17 17 17 17 17 17 17 17 17 17 17 17 17 17 17 17 17 17 17 17 17 
45 46 46 45 44 43 40 40 44 47 50 51 52 52 45 36 29 21 16 15 14 13 13 13 13 12 11 12 12 12 12 12 12 12 15 15 15 15 15 15 15 15 15 16 16 16 16 15 9 2 1 1 1 0 0 0 0 0 0 1 1 1 1 1 1 1 1 0 0 0 0 0 0 0 0 1 1 1 1 1 1 1 1 1 1 1 7 14 17 18 19 19 18 18 18 19 19 19 19 17 17 17 17 17 17 17 17 17 17 17 17 17 17 17 17 17 17 17 17 16 16 16 16 17 17 17 17 17 17 17 17 17 17 17 17 17 17 17 17 17 17 17 17 17 17 17 17 17 17 17 17 17 17 
46 47 49 47 46 45 42 42 45 47 49 50 51 51 44 36 29 22 16 15 14 13 13 13 13 12 12 13 13 13 13 13 13 15 15 15 15 15 15 15 15 15 15 16 16 16 16 14 7 1 1 1 1 0 0 0 0 0 0 1 1 1 1 1 1 1 1 0 0 0 0 0 0 0 0 1 1 1 1 1 1 1 1 1 1 1 4 11 16 18 19 19 18 18 18 18 19 19 19 17 17 17 17 17 17 17 17 17 17 17 17 17 17 17 17 17 17 17 17 16 16 16 16 17 17 17 17 17 17 17 17 17 17 17 17 17 17 17 17 17 17 17 17 17 17 17 17 17 17 17 17 17 17 
46 49 50 50 49 45 42 42 44 46 47 49 51 53 46 35 28 22 15 14 14 13 13 13 13 13 13 13 13 13 13 13 13 15 15 15 15 15 15 15 15 15 16 16 16 16 17 14 4 1 1 0 1 0 0 0 0 0 0 0 0 0 0 0 0 0 0 0 0 0 0 0 0 0 0 1 1 1 1 1 1 1 1 1 1 1 2 10 14 19 19 19 20 19 19 19 19 18 18 18 18 17 17 17 17 17 17 17 17 17 17 17 17 17 17 17 17 17 17 16 16 16 16 17 17 17 17 17 17 17 17 17 17 17 17 17 17 17 17 17 17 17 17 17 17 17 17 17 17 17 17 17 17 
50 52 52 51 49 46 43 42 44 45 46 49 51 53 47 37 29 23 16 14 14 15 15 13 13 13 13 13 13 13 13 13 13 15 15 15 15 15 15 15 15 15 16 16 16 16 17 12 3 1 1 1 1 0 0 0 0 0 0 0 0 0 0 0 0 0 0 0 0 0 0 0 0 0 0 1 1 1 1 1 1 1 1 1 1 1 2 8 12 18 19 20 20 19 18 18 19 18 18 18 17 17 17 17 17 17 17 17 17 17 17 17 17 17 18 17 17 17 17 16 16 16 16 17 17 17 17 17 17 17 17 17 17 17 17 17 17 17 17 17 17 17 17 17 17 17 17 17 17 17 17 17 17 
51 54 54 53 50 47 44 42 44 46 47 49 50 53 47 38 31 23 16 14 14 14 14 13 13 13 13 13 13 13 13 13 13 15 15 15 15 15 15 15 15 15 16 16 18 16 17 13 4 1 0 1 1 0 0 0 0 0 0 0 0 0 0 0 0 0 0 0 0 0 0 0 0 0 0 1 1 1 1 1 1 1 1 1 1 1 1 5 12 21 21 21 19 19 17 17 17 17 17 17 17 17 17 17 17 17 17 17 17 17 17 17 17 18 18 17 17 17 17 16 16 16 16 17 17 17 17 17 17 17 17 17 17 17 17 17 17 17 17 17 17 17 17 17 17 17 17 17 17 17 17 17 17 
51 54 56 54 52 49 45 43 43 45 46 49 51 53 46 38 32 23 16 12 14 14 14 13 13 13 13 13 13 13 13 13 13 15 15 15 15 15 15 15 15 15 15 15 16 17 17 11 5 1 1 0 1 0 0 0 0 0 0 0 0 0 0 0 0 0 0 0 0 0 0 0 0 0 0 1 1 1 1 1 1 1 1 1 1 1 1 2 12 21 21 21 19 18 18 17 16 16 16 17 17 17 17 17 17 17 17 17 17 17 17 17 18 18 18 17 17 17 17 16 16 16 16 17 17 17 17 17 17 17 17 17 17 17 17 17 17 17 17 17 17 17 17 17 17 17 17 17 17 17 17 17 17 
51 54 57 56 52 49 46 44 42 45 47 49 51 52 46 39 31 23 16 14 14 14 14 14 12 13 13 13 13 13 13 13 13 15 15 15 15 15 15 15 15 15 16 15 15 15 11 8 6 2 0 0 0 0 0 0 0 0 0 0 0 0 0 0 0 0 0 0 0 0 0 0 0 1 1 1 1 1 1 1 1 1 1 1 1 1 1 1 10 19 21 20 20 19 18 16 16 16 16 17 17 17 17 17 17 17 17 17 17 17 17 18 18 18 18 17 17 17 17 16 16 16 16 17 17 17 17 17 17 17 17 17 17 17 17 17 17 17 17 17 17 17 17 17 17 17 17 17 17 17 17 17 17 
50 54 56 54 51 50 46 44 43 45 49 50 50 52 47 40 33 24 16 14 14 14 14 14 12 13 13 13 13 13 13 13 13 15 15 15 15 15 15 15 15 15 16 16 16 17 20 19 10 2 0 0 0 0 0 0 0 0 0 0 0 0 0 0 0 0 0 0 0 0 0 0 0 1 1 1 1 1 1 1 1 1 1 1 0 1 1 1 9 15 18 22 20 21 17 16 16 16 16 17 17 17 17 17 17 17 17 17 17 17 18 18 18 18 18 17 17 17 17 16 16 16 16 17 17 17 17 17 17 17 17 17 17 17 17 17 17 17 17 17 17 17 17 17 17 17 17 17 17 17 17 17 17 
47 52 54 53 52 51 47 45 43 45 46 47 50 52 48 42 35 26 18 16 15 15 15 12 14 14 14 13 13 13 13 13 13 15 15 15 15 15 15 15 15 15 15 15 15 24 45 50 23 2 0 1 0 1 1 0 0 0 0 0 0 0 0 0 0 0 0 1 1 0 0 1 1 1 1 1 1 1 1 1 1 1 0 0 0 1 1 1 9 13 23 23 25 22 18 17 17 17 16 16 17 17 17 17 17 17 17 17 17 18 18 18 18 18 19 17 17 17 17 16 16 16 16 17 17 17 17 17 17 17 17 17 17 17 17 17 17 17 17 17 17 17 17 18 18 17 17 17 17 17 17 17 17 
45 50 53 53 52 52 49 46 44 45 45 47 47 50 48 42 35 29 22 16 14 13 13 10 12 12 12 13 13 13 13 15 15 15 15 15 15 15 15 16 16 15 15 14 11 30 63 61 24 1 1 1 1 1 1 0 0 0 1 0 0 0 0 0 0 0 0 1 1 0 0 1 1 1 1 1 1 1 1 1 1 0 0 0 1 2 1 1 7 30 58 43 37 24 22 18 21 17 17 16 17 17 17 17 17 17 17 17 17 17 17 17 17 17 18 18 17 17 17 17 16 16 16 17 17 17 17 17 17 17 17 17 17 17 17 17 17 17 17 17 17 17 17 18 18 17 17 17 17 17 17 17 17 
45 49 52 53 53 52 49 46 44 44 45 45 47 47 47 44 36 29 21 15 12 11 11 10 11 12 12 13 13 13 13 15 15 15 15 15 15 15 15 16 16 17 17 16 19 21 24 15 3 2 1 1 1 0 0 0 0 0 0 1 1 1 1 1 1 1 1 1 1 1 1 1 1 1 1 1 1 1 1 1 1 1 0 1 1 2 2 2 5 36 82 99 66 28 21 21 21 18 17 17 17 17 17 17 17 17 17 16 16 16 16 17 17 17 17 17 17 17 17 17 16 16 16 17 17 17 17 17 17 17 17 17 17 17 17 17 17 17 17 17 17 17 17 17 17 17 17 17 17 17 17 17 17 
45 49 51 53 53 52 51 49 46 45 44 43 45 47 49 47 37 26 19 14 11 10 10 11 11 12 13 13 13 13 13 15 15 15 15 15 15 15 15 16 16 16 16 17 18 18 11 4 2 1 1 1 1 0 0 0 0 0 0 1 1 1 1 1 1 1 1 1 1 1 1 1 1 1 1 1 1 1 1 1 1 1 0 1 1 1 1 10 28 53 72 87 73 32 23 21 21 18 16 17 17 17 17 17 17 17 17 17 16 16 17 17 17 17 17 17 17 17 17 17 16 16 16 17 17 17 17 17 17 17 17 17 17 17 17 17 17 17 17 17 17 17 17 17 17 17 17 17 17 17 17 17 17 
45 47 51 53 53 53 52 50 47 45 44 45 44 47 51 49 39 29 21 12 12 12 11 10 12 12 12 13 13 13 13 15 15 15 15 15 15 15 15 16 16 15 14 16 17 16 14 10 5 2 2 1 1 0 0 0 0 0 0 1 1 1 1 1 1 1 1 1 1 1 1 1 1 1 1 1 1 1 1 1 1 1 2 1 1 4 10 26 43 43 37 54 60 30 19 23 21 18 16 16 17 17 17 17 17 17 17 17 17 17 17 17 17 17 17 17 17 17 17 17 16 16 16 17 17 17 17 17 17 17 17 17 17 17 17 17 17 17 17 17 17 17 17 17 17 17 17 17 17 17 17 17 17 
46 49 51 52 53 53 52 51 49 46 45 46 46 49 51 51 42 31 23 16 14 14 12 11 12 12 12 13 13 13 13 15 15 15 15 15 15 15 15 15 15 14 14 16 16 16 14 10 4 3 1 1 1 0 0 0 0 0 0 1 1 1 1 1 1 1 1 1 1 1 1 1 1 1 1 1 1 1 1 1 1 2 2 0 2 14 19 26 32 30 33 45 45 23 17 21 21 17 16 17 17 17 17 17 17 17 17 17 17 17 17 17 17 17 17 18 17 17 17 17 16 16 16 17 17 17 17 17 17 17 17 17 17 17 17 17 17 17 17 17 17 17 17 17 17 17 17 17 17 17 17 17 17 
50 52 54 53 53 53 53 53 51 50 49 51 52 52 53 56 50 38 31 24 17 14 11 11 11 13 13 13 13 13 13 15 15 15 15 15 15 15 15 16 16 15 15 15 15 14 14 10 4 3 2 1 1 1 0 0 0 0 0 1 1 1 1 1 1 1 1 1 1 1 1 1 1 1 1 1 1 1 1 1 2 2 1 1 4 19 22 24 25 29 36 43 36 18 17 20 19 16 15 16 17 17 17 17 17 17 17 17 17 17 17 17 17 17 17 18 17 17 17 17 16 16 16 17 17 17 17 17 17 17 17 17 17 17 17 17 17 17 17 17 17 17 17 17 17 17 17 17 17 17 17 17 17 
57 59 61 61 61 61 60 58 56 54 56 58 58 59 60 63 58 49 39 29 21 14 11 14 14 15 13 13 13 13 13 15 15 15 15 15 15 15 15 15 16 15 15 15 15 14 14 11 6 3 3 1 1 1 0 0 0 0 0 1 1 1 1 1 1 1 1 1 1 1 1 1 1 1 1 1 1 1 1 1 1 1 1 2 11 24 22 22 25 30 36 37 30 18 18 20 18 16 16 16 17 17 17 17 17 17 17 17 17 17 17 17 17 17 17 18 17 17 17 17 16 16 16 17 17 17 17 17 17 17 17 17 17 17 17 17 17 17 17 17 17 17 17 17 17 17 17 17 17 17 17 17 17 
65 66 67 68 68 68 68 66 64 62 64 68 67 67 69 70 66 58 47 35 24 17 14 12 12 12 12 13 13 13 13 13 15 15 15 15 16 16 16 16 16 15 15 16 16 15 15 11 5 3 1 1 1 1 1 0 0 0 0 1 1 1 1 1 1 1 0 0 0 1 1 1 1 1 1 1 1 1 1 1 1 1 1 2 12 23 25 22 24 31 36 33 25 18 18 20 18 17 16 15 17 17 17 17 17 17 17 17 17 17 17 17 17 17 17 18 17 17 17 17 16 16 16 17 17 17 17 17 17 17 17 17 17 17 17 17 17 17 17 17 17 17 17 17 17 17 17 17 17 17 17 17 17 
69 71 72 72 72 72 73 73 73 73 73 72 73 73 74 74 72 66 57 43 29 22 15 12 10 10 12 13 13 13 13 13 15 15 15 15 15 16 16 16 16 16 16 16 17 16 15 14 7 2 1 1 1 1 1 0 0 0 0 1 1 1 1 1 1 1 0 1 1 1 1 1 1 1 1 1 1 1 1 1 1 1 1 5 15 24 28 22 23 37 42 36 24 17 19 22 19 17 17 17 17 18 17 18 18 17 17 17 17 17 17 17 17 17 17 18 17 17 17 17 16 16 16 17 17 17 17 17 17 17 17 17 17 17 17 17 17 17 17 17 17 17 17 17 17 17 17 17 17 17 17 17 17 
73 74 74 75 75 74 74 75 75 75 75 75 74 74 74 75 75 71 63 47 32 24 17 12 10 12 13 15 13 13 13 13 13 15 16 15 16 16 16 16 16 17 17 15 16 17 16 14 8 2 1 1 1 1 1 0 0 0 0 1 1 1 1 1 1 1 1 1 1 1 1 1 1 1 1 1 1 1 1 1 1 0 4 11 21 23 22 14 25 49 49 35 22 19 21 20 19 19 18 17 18 18 18 18 18 17 17 17 17 17 17 18 18 18 18 18 18 17 17 17 16 16 17 17 17 17 17 17 17 17 17 17 17 17 17 17 17 17 17 17 17 17 17 17 17 17 17 17 17 17 17 17 17 
71 73 73 74 73 72 72 73 73 74 74 74 73 74 74 74 74 73 65 51 36 25 18 12 9 12 13 13 13 13 13 13 15 15 16 15 16 16 16 16 16 17 17 15 15 16 16 15 8 2 1 1 1 0 1 0 0 0 0 1 1 1 1 1 1 1 1 1 1 1 1 1 1 1 1 1 1 1 1 1 1 1 4 15 23 19 18 16 31 57 50 31 21 19 19 22 20 20 20 18 18 18 18 18 17 17 17 17 17 17 17 18 18 18 18 18 18 17 17 17 16 16 17 17 17 17 17 17 17 17 17 17 17 17 17 17 17 17 17 17 17 17 17 17 17 17 17 17 17 17 17 17 17 
63 63 64 64 63 64 64 64 65 66 66 69 68 67 68 67 68 68 61 50 38 25 18 14 11 13 15 13 13 13 13 13 15 15 16 15 16 16 16 17 17 16 16 15 15 15 15 17 12 4 1 1 1 1 1 0 0 1 1 1 1 1 1 1 1 1 2 2 1 1 1 1 1 1 1 1 1 1 1 1 1 1 6 19 23 19 21 22 36 58 46 27 20 18 19 21 19 20 20 19 19 19 19 18 18 18 18 17 17 17 17 18 18 18 18 18 18 17 17 17 16 16 17 17 17 17 17 17 17 17 17 17 17 17 17 17 17 17 17 17 17 17 17 17 17 17 17 17 17 17 17 17 17 
51 51 52 52 52 53 54 54 54 57 57 58 58 58 60 59 59 58 53 45 34 24 15 12 11 12 11 12 12 13 13 13 13 15 16 15 15 15 15 17 17 16 16 15 15 15 15 16 13 8 2 1 1 1 1 0 0 1 1 1 1 1 1 1 2 2 2 2 2 2 1 1 1 1 1 1 1 1 1 1 2 2 10 21 25 22 22 25 38 52 37 23 18 17 19 19 18 19 19 19 19 19 18 18 18 18 18 17 17 17 17 18 18 18 18 18 18 17 17 17 16 16 17 17 17 17 17 17 17 17 17 17 17 17 17 17 17 17 17 17 17 17 17 17 17 17 17 17 17 17 17 17 17 
45 45 45 46 46 46 47 47 47 49 47 47 47 50 50 50 47 45 40 36 29 21 14 12 12 12 12 12 12 13 13 13 12 13 15 15 15 16 16 16 16 16 17 16 16 16 16 17 13 11 6 2 1 1 1 1 1 1 1 1 1 1 1 2 2 2 2 3 2 2 2 1 1 1 1 1 0 1 1 2 4 5 12 24 27 25 23 25 37 41 26 17 18 17 18 22 19 19 19 18 19 18 18 18 18 18 18 17 17 17 17 18 18 18 18 18 18 17 17 17 16 16 17 17 17 17 17 17 17 17 17 17 17 17 17 17 17 17 17 17 17 17 17 17 17 17 17 17 17 17 17 17 17 
40 40 42 42 42 42 42 42 42 42 43 42 42 42 42 40 39 37 32 29 23 17 14 12 12 12 12 12 12 12 12 12 13 13 15 15 15 16 16 16 17 17 17 16 17 16 16 17 13 10 4 1 2 2 2 1 1 1 1 1 1 1 1 2 2 2 2 3 2 2 2 2 1 1 1 1 1 1 1 2 7 10 17 25 27 28 30 33 32 25 20 19 19 17 18 20 19 19 19 18 18 18 18 18 18 18 18 17 17 17 17 18 18 18 18 18 18 17 17 17 16 16 17 17 17 17 17 17 17 17 17 17 17 17 17 17 17 17 17 17 17 17 17 17 17 17 17 17 17 17 17 17 17 
38 38 38 39 39 39 39 39 39 39 40 40 40 40 38 36 33 30 26 23 18 16 14 11 12 12 12 12 12 12 12 13 15 15 16 15 16 17 17 17 18 17 17 16 17 16 16 16 14 11 5 2 2 1 1 1 1 1 1 1 1 1 1 2 3 3 4 4 3 3 3 3 3 3 3 2 2 2 3 5 10 15 21 26 30 30 32 30 23 18 19 20 20 19 20 19 18 18 18 18 18 18 18 18 18 17 17 17 17 17 17 18 18 18 18 18 18 17 17 17 16 16 17 17 17 17 17 17 17 17 17 17 17 17 17 17 17 17 17 17 17 17 17 17 17 17 17 17 17 17 17 17 17 
37 37 37 37 39 38 38 38 39 39 39 39 39 39 36 30 24 22 18 16 15 15 12 12 12 13 12 13 13 13 13 13 15 16 16 16 17 18 18 18 18 17 18 17 17 16 16 16 15 15 10 5 3 1 1 1 1 1 1 1 1 2 2 3 4 4 5 5 5 4 4 3 3 4 4 3 4 4 5 10 15 18 23 29 32 32 27 21 21 19 19 22 20 20 20 19 18 18 18 19 18 18 18 18 18 17 17 17 17 18 18 18 18 18 18 18 18 17 17 17 17 17 17 17 17 17 17 17 17 17 17 17 17 17 17 17 17 17 17 17 17 17 17 17 17 17 17 17 17 17 17 17 17 
38 38 37 38 38 38 38 39 39 39 40 40 40 42 39 33 27 21 17 14 14 14 12 12 13 13 13 13 12 12 12 15 16 16 17 16 17 17 16 17 17 17 17 17 17 16 15 16 16 14 10 8 3 1 1 2 2 1 1 1 1 1 1 3 4 5 5 5 5 5 5 5 4 4 4 4 4 5 8 14 18 18 24 29 33 30 22 19 19 19 21 21 21 21 21 19 19 18 18 18 18 17 17 17 17 17 17 18 18 18 18 18 18 18 18 18 17 17 17 17 17 17 17 17 17 17 17 17 17 17 17 17 17 17 17 17 17 17 17 17 17 17 17 17 17 17 17 17 17 17 17 17 17 
39 39 38 39 39 39 39 40 42 43 43 43 43 44 42 36 29 19 16 14 14 14 11 12 12 12 13 13 13 13 13 15 15 16 16 16 17 16 17 17 16 16 17 17 17 17 16 16 16 15 9 8 4 1 1 2 2 2 2 1 1 1 1 2 2 4 5 6 9 9 8 8 5 5 4 5 5 7 9 16 17 19 25 29 33 29 23 19 20 19 21 21 21 19 19 19 19 18 18 18 18 17 17 17 17 17 17 17 17 17 17 17 17 17 17 17 17 17 17 17 17 17 17 17 17 17 17 17 17 17 17 17 17 17 17 17 17 17 17 17 17 17 17 17 17 17 17 17 17 17 17 17 17 
40 40 40 40 42 43 43 44 44 45 45 46 47 45 40 33 26 18 15 14 14 13 13 11 12 13 13 13 13 13 15 15 15 16 16 17 17 16 17 17 16 17 17 18 18 19 19 19 18 17 15 10 5 1 1 2 2 2 2 1 1 2 2 2 2 3 6 7 9 11 10 9 7 7 7 8 9 10 11 16 19 22 24 26 26 27 22 16 21 24 24 21 21 19 19 19 19 19 18 18 18 18 18 18 18 17 17 17 17 17 17 17 17 17 17 17 17 17 17 17 17 17 17 17 17 17 17 17 17 17 17 17 17 17 17 17 17 17 17 17 17 17 17 17 17 17 17 17 17 17 17 17 17 
39 42 42 40 43 43 43 44 45 45 46 47 48 47 43 35 26 18 14 11 12 13 13 11 12 13 15 15 15 16 16 15 16 16 16 17 18 17 18 19 18 18 19 19 19 19 21 24 25 26 26 16 5 2 1 2 2 2 2 1 1 2 2 1 2 3 9 8 12 17 14 9 9 9 9 9 10 12 14 17 22 22 23 23 22 22 23 21 22 26 25 22 21 19 19 19 19 18 18 18 18 18 18 18 18 17 17 17 17 17 17 17 17 17 17 17 17 17 17 17 17 17 17 17 17 17 17 17 17 17 17 17 17 17 17 17 17 17 17 17 17 17 17 17 17 17 17 17 17 17 17 17 17 
39 40 40 40 42 43 44 44 45 45 46 47 48 48 43 33 25 18 14 12 12 13 12 12 12 13 15 14 14 15 15 15 15 15 16 16 17 18 18 19 19 18 19 19 21 22 22 27 32 34 38 21 3 2 1 1 2 2 3 1 1 2 2 1 2 4 9 9 12 14 12 11 11 11 10 11 11 12 16 16 19 23 21 18 12 10 19 32 36 31 26 23 21 19 20 19 19 19 18 18 18 18 18 17 17 17 17 17 17 17 17 17 17 17 17 17 17 17 17 17 17 17 17 17 17 17 17 17 17 17 17 17 17 17 17 17 17 17 17 17 17 17 17 17 17 17 17 17 17 17 17 17 17 
38 40 40 40 40 43 43 44 45 47 47 48 48 50 45 35 26 19 16 11 11 13 13 12 13 13 15 14 14 15 16 16 16 16 16 16 18 18 18 16 17 18 18 19 21 22 25 31 27 26 29 16 3 2 2 2 2 2 3 1 2 2 2 2 2 4 9 14 16 14 14 12 11 11 11 12 14 15 17 17 18 19 15 10 5 4 11 33 49 44 33 23 17 18 19 18 18 19 19 18 18 18 18 17 17 17 17 17 17 17 17 17 17 17 17 17 17 17 17 17 17 17 17 17 17 17 17 17 17 17 17 17 17 17 17 17 17 17 17 17 17 17 17 17 17 17 17 17 17 17 17 17 17 
38 39 39 40 42 44 44 46 47 50 50 50 52 50 45 36 28 21 16 12 12 12 12 13 13 15 15 15 15 15 15 15 15 17 17 16 17 18 17 17 21 25 24 24 24 25 26 23 14 8 8 5 2 1 1 1 2 2 2 1 1 2 2 2 4 6 11 17 18 15 16 14 12 12 12 14 15 17 18 19 16 13 11 8 4 3 7 18 39 51 45 32 24 19 19 20 19 19 19 19 19 18 18 18 18 17 17 17 17 17 17 17 17 17 17 17 17 17 17 17 17 17 17 17 17 17 17 17 17 17 17 17 17 17 17 17 17 17 17 17 17 17 17 17 17 17 17 17 17 17 17 17 17 
38 40 42 43 45 45 45 46 49 50 50 50 48 48 43 36 28 21 16 12 14 14 14 15 15 15 16 15 15 15 15 14 14 16 15 14 14 17 18 23 32 39 36 32 29 25 22 11 4 1 1 1 1 1 1 1 2 2 2 1 1 2 2 3 5 8 13 21 21 17 17 16 14 15 17 17 17 17 18 19 16 12 10 8 5 3 4 7 16 31 41 38 36 31 25 23 20 19 19 19 19 19 18 18 18 17 17 17 17 17 17 17 17 17 17 17 17 17 17 17 17 17 17 17 17 17 17 17 17 17 17 17 17 17 17 17 17 17 17 17 17 17 17 17 17 17 17 17 17 17 17 17 17 
39 44 43 44 45 45 46 46 46 47 47 47 47 46 42 36 27 19 15 14 14 14 12 15 15 16 17 15 16 15 12 12 12 12 15 17 21 25 24 21 28 32 20 6 6 1 1 1 1 0 1 1 0 1 0 1 1 1 2 1 1 2 2 3 4 6 13 19 19 17 18 16 15 16 17 17 17 17 16 17 16 13 10 8 5 3 3 3 5 9 22 30 40 46 40 35 31 25 21 21 19 21 21 18 17 17 17 17 17 17 17 17 17 17 17 17 17 17 17 17 17 17 17 17 17 17 17 17 17 17 17 17 17 17 17 17 17 17 17 17 17 17 17 17 17 17 17 17 17 17 17 17 17 
42 45 45 43 44 45 46 47 47 46 46 46 46 47 44 36 27 19 15 12 12 12 12 13 13 15 15 15 16 16 15 14 14 18 23 33 32 31 25 12 5 8 6 5 2 1 1 2 1 0 1 0 0 0 0 1 1 0 1 1 1 1 1 2 4 6 10 11 12 15 17 16 14 15 16 16 17 16 16 15 16 15 10 7 3 2 2 1 4 4 5 10 18 29 47 58 60 50 37 23 16 17 18 18 18 17 17 17 17 17 17 17 17 17 17 17 17 17 17 17 17 17 17 17 17 17 17 17 17 17 17 17 17 17 17 17 17 17 17 17 17 17 17 17 17 17 17 17 17 17 17 17 17 
42 45 45 44 45 47 47 50 50 49 49 49 49 47 43 36 26 19 15 12 12 11 11 12 12 15 16 15 17 21 25 29 33 37 38 31 23 18 15 10 6 3 2 1 1 1 1 1 1 0 1 0 0 0 0 1 1 0 1 2 1 1 1 2 2 4 7 7 8 11 12 12 14 14 14 14 16 15 14 14 15 12 8 6 4 1 1 1 1 2 2 2 4 8 31 54 71 74 58 38 17 13 16 20 20 19 19 18 18 17 17 17 17 17 17 17 17 17 17 17 17 17 17 17 17 17 17 17 17 17 17 17 17 17 17 17 17 17 17 17 17 17 17 17 17 17 17 17 17 17 17 17 17 
40 43 45 45 47 47 50 51 51 50 50 50 50 46 40 33 24 19 16 15 14 11 11 12 12 16 18 19 22 26 31 45 45 44 38 19 14 14 15 16 16 7 2 1 1 1 1 1 1 0 0 0 0 0 0 1 1 1 1 1 1 1 1 2 2 3 4 7 8 10 11 14 14 12 14 12 14 14 14 14 12 10 5 4 4 2 1 1 1 1 1 2 2 4 12 24 36 52 53 68 60 33 22 18 20 20 20 19 19 17 17 17 17 17 17 17 17 17 17 17 17 17 17 17 17 17 17 17 17 17 17 17 17 17 17 17 17 17 17 17 17 17 17 17 17 17 17 17 17 17 17 17 17 
44 45 46 47 47 47 50 51 51 50 51 51 51 46 39 32 24 18 16 15 14 11 11 14 14 18 20 25 31 36 38 33 29 28 26 21 19 22 20 16 11 5 2 1 1 1 1 1 0 0 0 0 0 0 1 1 1 2 3 2 1 1 1 2 2 2 4 7 8 10 12 12 12 12 11 12 12 12 12 12 12 8 5 3 2 1 1 1 1 1 1 1 1 2 2 5 8 12 29 101 150 131 86 43 30 25 22 19 19 18 19 18 17 17 17 17 17 17 17 17 17 17 17 17 17 17 17 17 17 17 17 17 17 17 17 17 17 17 17 17 17 17 17 17 17 17 17 17 17 17 17 17 17 
45 46 45 47 47 49 51 51 51 51 50 50 50 45 37 32 25 18 15 14 14 12 10 12 14 18 24 25 29 30 26 24 23 22 22 21 18 16 10 6 5 5 7 7 3 1 1 1 0 0 0 0 0 1 1 1 1 1 2 2 1 1 1 2 2 4 5 8 10 12 15 15 15 14 12 12 12 12 10 15 11 5 4 4 2 1 1 1 1 1 1 1 1 1 2 8 12 13 19 80 156 192 175 135 83 40 27 17 17 17 19 18 17 17 17 17 17 17 17 17 17 17 17 17 17 17 17 17 17 17 17 17 17 17 17 17 17 17 17 17 17 17 18 18 17 17 17 17 17 17 17 17 17 
46 47 46 49 49 50 51 51 51 51 51 50 49 44 37 30 23 18 15 14 12 12 11 14 14 17 22 23 21 18 17 15 14 11 11 12 12 12 11 10 9 10 10 7 3 1 1 0 0 0 0 0 0 1 1 1 1 1 1 2 2 1 1 2 2 4 5 8 11 14 14 15 15 15 15 12 12 11 10 18 9 5 4 3 2 1 1 1 1 1 1 1 1 2 2 7 15 19 11 22 62 117 165 201 198 160 107 45 24 17 24 22 16 17 18 19 18 17 17 17 17 17 17 17 17 17 17 17 17 17 17 17 17 17 17 17 17 17 17 17 17 17 17 17 17 17 17 17 17 17 16 17 17 
47 49 49 50 50 51 52 51 51 51 51 50 47 43 37 30 22 18 16 14 12 11 11 15 15 16 17 16 15 12 14 12 11 11 12 15 17 17 17 17 14 11 7 4 2 1 1 0 0 0 0 0 0 1 1 1 1 1 1 2 2 1 1 2 2 3 4 8 10 11 14 15 15 15 14 14 12 11 10 10 5 5 4 3 2 2 2 1 1 1 1 1 1 2 9 18 22 19 11 6 3 26 63 127 186 221 201 140 87 50 37 28 18 18 18 19 19 17 17 17 17 17 17 17 17 17 17 17 17 17 17 17 17 17 17 17 17 17 17 17 17 17 17 17 18 17 18 18 17 17 16 16 16 
48 49 49 50 51 52 52 52 52 51 52 50 46 41 37 29 22 17 15 12 12 12 12 14 14 12 12 15 13 13 13 18 22 22 22 22 19 16 12 12 10 7 4 3 2 1 1 0 0 0 0 0 0 1 1 1 1 1 1 1 1 1 1 1 2 3 4 6 10 11 15 15 12 11 11 11 11 10 9 9 5 3 2 2 2 1 1 1 1 1 1 1 2 2 15 29 26 16 5 4 2 3 8 22 53 103 151 169 146 120 88 56 31 19 21 19 18 18 18 18 18 18 18 17 17 17 17 17 17 17 17 17 17 17 17 17 17 17 16 16 16 16 17 17 17 17 17 17 16 16 16 17 17 
50 50 50 51 51 52 52 53 53 52 53 50 45 41 37 29 21 17 15 14 12 12 12 14 14 12 11 13 13 15 17 19 19 16 15 14 10 8 5 5 4 3 3 2 2 1 1 0 0 0 0 0 0 1 1 1 1 1 1 1 1 1 1 1 2 3 4 8 9 10 12 12 10 9 9 9 9 9 8 5 4 2 2 2 1 1 1 1 1 1 1 1 1 2 9 25 29 15 3 4 5 4 2 3 7 12 47 82 102 122 125 113 78 39 24 22 19 18 18 18 18 18 18 18 18 18 18 18 18 17 17 17 17 17 17 17 17 17 16 17 17 16 16 18 18 17 18 17 17 17 15 17 18 
51 52 52 52 52 52 53 54 53 53 52 51 45 39 37 30 21 18 16 14 12 12 14 15 15 12 12 11 12 12 12 10 8 5 4 2 2 3 3 2 2 2 2 2 1 2 1 0 0 0 0 0 0 1 1 1 1 1 1 1 1 1 1 1 2 3 4 5 6 10 10 10 9 8 7 8 6 6 6 3 2 2 2 2 1 1 1 1 1 1 1 1 1 2 2 10 16 11 3 2 2 2 3 3 5 10 18 21 36 58 79 93 89 73 44 20 22 19 18 18 18 18 18 18 18 18 18 18 18 18 18 17 17 17 17 17 18 17 17 17 17 15 16 19 18 18 18 17 17 17 15 17 19 
51 51 52 51 51 52 53 54 53 52 50 48 44 38 36 29 21 18 16 15 17 17 14 12 13 11 11 10 8 5 5 3 3 3 2 2 2 2 2 1 2 2 2 2 1 1 1 0 0 0 0 0 0 1 1 1 1 1 1 1 1 1 1 1 2 3 4 4 4 8 9 8 8 7 7 6 5 4 4 3 1 1 1 2 1 1 1 1 1 1 1 1 1 1 1 1 4 5 3 2 2 2 2 3 3 9 33 36 30 32 38 54 73 82 59 27 22 19 18 18 18 18 18 18 18 18 18 18 18 18 18 18 18 18 18 18 18 18 17 17 17 16 15 17 18 18 17 16 15 15 17 19 24 
47 49 50 51 50 50 51 51 50 50 48 47 44 39 35 29 22 18 16 16 17 18 12 9 15 13 9 5 5 3 2 2 2 2 1 1 1 1 1 2 1 1 1 1 1 1 1 0 0 0 0 0 0 1 1 1 0 0 1 1 1 1 1 1 2 3 4 4 3 5 9 8 6 6 6 5 5 4 2 2 2 1 1 1 1 1 1 1 1 1 1 1 1 1 1 1 2 2 2 2 2 2 2 2 3 4 23 37 45 50 43 40 52 71 65 38 23 21 19 19 18 18 18 18 18 18 18 18 18 18 18 18 18 18 18 18 18 18 18 17 17 16 15 19 19 15 12 13 17 29 44 61 81 
45 46 47 46 46 45 46 46 46 46 45 44 41 38 35 28 21 17 15 16 18 15 8 9 15 13 9 5 4 3 2 2 1 1 1 1 1 1 1 1 1 1 1 1 1 0 0 0 0 0 0 0 0 0 1 1 0 0 1 1 1 1 1 1 2 2 3 4 4 6 8 8 5 5 5 4 4 3 3 2 1 1 1 1 1 1 1 1 1 1 1 1 1 1 1 1 1 1 1 2 2 2 2 2 2 3 3 8 22 36 43 43 49 56 63 60 37 21 18 19 19 18 18 18 18 18 18 18 18 18 18 18 18 18 18 18 18 17 17 18 18 18 18 21 14 6 19 46 62 73 86 108 132 
40 42 42 42 40 40 43 43 44 44 44 43 40 39 35 29 22 17 15 16 12 5 5 11 16 9 2 2 1 1 1 1 1 1 1 1 0 0 1 1 0 1 1 0 0 0 0 0 0 0 0 0 0 0 0 0 0 0 1 1 1 1 1 0 1 2 4 3 4 5 7 6 5 4 4 4 3 2 2 1 1 1 1 1 1 1 1 1 1 1 1 1 1 1 1 1 1 2 2 2 2 2 2 1 1 2 2 2 3 8 20 31 45 56 54 54 50 31 19 19 19 18 18 18 18 18 18 18 18 18 18 18 18 18 18 18 18 18 18 19 22 22 18 20 30 36 61 95 103 96 104 101 95 
32 33 33 35 35 38 39 39 39 40 41 40 39 39 35 30 22 16 14 11 6 6 11 12 9 3 1 1 1 1 1 1 1 1 1 0 0 0 0 0 0 0 0 0 0 0 0 0 0 0 0 0 0 0 0 0 0 0 0 0 0 0 1 1 2 3 4 4 5 5 5 5 3 2 2 3 2 2 1 1 1 1 1 1 1 1 1 1 1 1 1 1 1 1 1 1 1 2 2 2 2 2 2 1 1 2 2 1 2 4 6 12 24 42 50 51 56 45 25 18 21 19 18 18 18 18 18 18 18 18 18 19 18 18 18 18 18 18 18 21 21 21 25 47 72 101 114 109 88 77 72 47 28 
24 25 28 28 30 32 35 33 32 35 39 39 39 39 35 30 24 18 13 11 13 17 18 9 2 1 1 1 1 0 1 0 0 0 0 0 0 0 0 0 0 0 0 0 0 0 0 0 0 0 0 0 0 0 0 0 0 0 0 0 0 0 0 1 2 3 5 5 6 8 8 5 3 2 2 2 2 2 1 1 1 1 1 1 1 1 1 1 1 1 1 1 1 1 1 2 2 2 2 2 2 2 2 1 1 1 2 1 1 2 3 3 4 17 39 53 57 53 38 22 19 19 19 18 19 19 18 18 18 18 18 18 17 17 17 17 19 21 23 22 23 21 49 77 100 116 88 77 50 36 32 23 22 
21 23 24 25 26 26 29 26 25 29 36 40 40 39 35 30 24 18 13 16 23 25 16 3 1 1 1 1 1 0 0 0 0 0 0 0 0 0 0 0 0 0 0 0 0 0 0 0 0 0 0 0 0 0 0 0 0 0 0 0 0 0 1 1 2 3 5 8 8 8 8 5 3 2 2 2 2 2 1 1 1 1 1 1 1 1 1 1 1 1 1 1 1 1 1 2 2 2 2 2 2 2 2 1 1 2 2 1 1 3 3 4 4 5 22 45 54 52 49 33 19 19 18 18 18 18 18 18 18 18 18 18 18 17 18 18 18 21 23 24 30 54 79 81 68 58 38 30 19 21 22 17 18 
18 18 19 21 22 24 26 25 25 30 37 40 42 39 35 30 24 18 15 20 26 19 8 2 2 1 1 1 1 0 0 0 0 0 0 0 0 0 0 0 0 0 0 0 0 0 0 0 0 0 0 0 0 0 0 0 0 0 0 0 0 0 1 1 2 3 4 8 8 8 8 4 1 1 1 1 1 1 1 1 1 1 1 1 1 1 1 1 1 1 1 1 1 1 1 1 1 2 2 2 2 2 2 1 1 1 1 2 2 2 2 2 2 1 6 25 43 49 47 38 23 18 17 18 18 18 19 19 19 19 19 18 18 17 18 18 18 22 19 26 71 110 89 44 26 30 14 15 18 16 16 18 21 
16 16 17 17 18 23 29 28 30 37 42 44 43 42 37 30 22 16 15 18 17 10 3 2 2 1 1 1 1 0 0 0 0 0 0 0 0 0 0 0 0 0 0 0 0 0 0 0 0 0 0 0 0 0 0 0 0 0 0 0 0 0 0 1 2 2 4 8 8 8 8 5 2 1 1 1 1 1 1 1 1 1 1 1 1 1 1 1 1 1 1 1 1 1 1 1 1 2 2 2 2 2 2 1 1 1 1 2 2 2 2 2 3 1 1 7 31 45 50 45 35 24 21 18 19 19 19 19 19 19 19 18 18 18 18 18 19 23 21 64 120 117 55 13 17 15 10 12 17 14 16 19 22 
14 15 16 16 17 19 26 29 31 40 45 46 45 44 38 28 21 15 12 11 9 2 2 1 1 1 1 1 1 0 0 1 1 0 0 0 0 0 0 0 0 0 0 0 0 1 1 1 1 0 0 0 0 0 0 0 0 0 0 0 0 0 0 1 1 1 2 5 6 6 8 6 2 1 1 1 1 1 1 1 1 1 1 1 1 1 1 1 1 1 1 1 1 1 1 1 1 2 2 2 2 1 1 1 1 1 1 1 1 1 1 1 2 2 1 2 23 39 51 54 50 39 25 22 21 19 19 19 19 19 19 19 18 18 18 19 17 16 46 95 110 63 24 14 13 12 11 12 15 13 14 16 16 
14 15 15 16 17 18 24 29 33 43 46 46 45 44 37 25 14 11 12 9 5 2 2 1 1 1 1 1 1 0 0 1 1 0 0 0 0 0 0 0 0 0 0 0 0 1 1 1 1 0 0 0 0 0 0 0 0 0 0 0 0 0 0 1 1 1 1 4 5 5 6 5 2 1 1 1 1 1 1 1 1 1 1 1 1 1 1 1 1 1 1 1 1 1 1 1 1 2 2 2 2 1 1 1 1 1 1 1 1 1 1 1 1 3 1 2 15 38 54 50 47 40 28 24 22 21 19 19 19 19 19 19 18 18 17 17 17 25 65 72 53 23 12 14 13 12 11 12 13 13 12 14 14 
14 15 15 17 18 18 24 30 35 43 46 47 46 43 35 22 9 5 11 10 2 1 1 1 1 1 1 1 1 0 0 0 0 0 0 0 0 0 0 0 0 0 0 0 0 0 0 0 0 0 0 0 0 0 0 0 0 0 0 0 0 0 0 0 1 1 0 1 3 5 5 5 3 2 1 1 1 1 1 1 1 1 1 1 1 1 1 1 1 1 1 1 1 1 1 1 1 1 1 1 1 1 1 1 1 1 1 1 1 1 1 1 2 1 1 1 4 24 46 50 43 39 32 24 21 21 19 19 19 19 19 19 19 17 22 16 21 39 56 42 21 12 11 12 11 11 11 11 12 12 12 12 12 
15 15 15 17 17 17 23 30 36 44 47 49 49 37 19 9 8 9 4 3 3 1 1 1 1 0 1 1 1 0 0 0 0 0 0 0 0 0 0 0 0 0 0 0 0 0 0 0 0 0 0 0 0 0 0 0 0 0 0 0 0 0 0 0 1 0 0 0 2 4 5 5 3 2 1 1 1 1 1 1 1 1 1 1 1 1 1 1 1 1 1 1 1 1 1 1 1 1 1 1 1 1 1 1 1 1 1 1 1 1 1 1 2 1 1 1 1 9 29 47 45 38 36 24 19 19 19 19 19 19 19 19 19 17 22 18 25 43 43 32 14 10 11 11 11 11 11 10 11 12 11 11 11 
15 15 15 17 18 19 25 31 37 45 47 51 42 25 10 6 6 3 2 1 1 1 0 1 1 1 1 1 1 1 1 0 0 0 0 0 0 0 0 0 0 0 0 0 0 0 0 0 0 0 0 0 0 0 0 0 0 0 0 0 0 0 0 0 1 0 0 0 2 3 5 4 1 1 0 1 1 1 1 1 1 1 1 1 1 1 1 1 1 1 1 1 1 1 1 1 1 1 1 1 1 1 1 1 1 1 1 1 1 1 1 1 1 1 2 1 1 5 26 45 47 38 35 23 19 19 19 18 18 18 18 18 21 15 10 29 55 50 25 14 10 9 10 10 10 10 9 10 10 10 10 10 10 
15 15 16 17 19 22 28 33 39 46 47 44 31 17 8 5 4 1 1 1 1 1 1 1 1 1 1 1 1 1 1 0 0 0 0 0 0 0 0 0 0 0 0 0 0 0 0 0 0 0 0 0 0 0 0 0 0 0 0 0 0 0 0 0 0 1 0 1 3 3 2 1 1 1 1 1 1 1 1 1 1 1 1 1 1 1 1 1 1 1 1 1 1 1 1 1 1 1 1 1 1 1 1 1 1 1 1 1 1 1 1 1 1 1 1 1 1 3 10 33 51 39 32 21 18 18 18 18 18 18 18 18 19 17 23 46 53 35 15 10 11 10 10 10 10 9 9 10 10 10 10 10 10 
16 16 17 17 21 26 31 38 43 46 45 38 22 12 6 4 3 1 1 1 1 0 0 0 0 0 0 1 1 1 1 1 1 0 0 0 0 0 0 0 0 0 0 0 0 0 0 0 0 0 0 0 0 0 0 0 0 0 0 0 0 0 0 1 1 1 1 1 1 1 1 1 1 1 1 1 1 1 1 1 1 1 1 1 1 1 1 1 1 1 1 1 1 1 1 1 1 1 1 1 1 1 1 1 1 1 1 1 1 1 1 1 1 1 1 2 1 1 2 23 47 40 32 18 17 17 17 17 17 17 18 18 19 21 36 58 44 23 12 11 13 10 9 9 9 9 9 9 9 9 9 9 9 
17 18 18 19 24 29 33 40 44 47 45 38 19 8 4 3 3 1 1 1 1 0 0 0 0 0 0 1 1 1 1 1 1 0 0 0 0 0 0 0 0 0 0 0 0 0 0 0 0 0 0 0 0 0 0 0 0 0 0 0 0 0 0 0 1 1 1 0 1 1 1 1 1 1 1 1 1 1 1 1 1 1 1 1 1 1 1 1 1 1 1 1 1 1 1 1 1 1 1 1 1 1 1 1 1 1 1 1 1 1 1 1 1 1 1 2 0 1 1 15 36 40 32 22 18 17 17 17 17 17 18 18 17 23 42 48 31 17 11 12 15 10 8 8 8 9 9 9 9 9 9 9 9 
17 18 19 22 27 31 33 38 44 47 44 31 14 5 3 4 4 1 1 1 1 0 0 0 0 0 0 0 0 1 1 1 1 0 0 0 0 0 0 0 0 0 0 0 0 0 0 0 0 0 0 0 0 0 0 0 0 0 0 0 0 0 0 0 1 1 1 0 1 1 1 1 1 1 1 1 1 1 1 1 1 1 1 1 1 1 1 1 1 1 1 1 1 1 1 1 1 1 1 1 1 1 1 1 1 1 1 1 1 1 1 1 1 1 1 1 1 1 2 4 23 40 38 18 17 17 17 18 17 17 18 17 14 30 47 38 22 13 11 13 15 10 8 8 8 9 9 9 9 9 9 9 9 
17 19 19 24 30 32 36 39 43 47 42 19 8 5 3 4 4 1 1 1 1 0 0 0 0 0 0 0 0 1 1 1 1 0 0 0 0 0 0 0 0 0 0 0 0 0 0 0 0 0 0 0 0 0 0 0 0 0 0 0 0 0 0 0 1 1 1 1 0 2 2 2 2 2 1 1 1 1 1 1 1 1 1 1 1 1 1 1 1 1 1 1 1 1 1 1 1 1 1 1 1 1 1 1 1 1 1 1 1 1 1 1 1 1 1 1 1 1 3 1 11 33 44 16 16 16 17 18 17 17 18 18 22 40 47 29 17 13 11 12 13 10 8 8 9 9 9 9 9 9 9 9 9 
17 20 23 26 32 35 38 40 44 46 40 15 5 4 3 2 2 1 1 1 0 0 0 0 0 0 0 1 1 1 1 1 1 0 0 0 0 0 0 0 0 0 0 0 0 0 0 0 0 0 0 0 0 0 0 0 0 0 0 0 0 0 0 0 0 1 1 1 1 2 2 2 2 2 1 1 1 1 1 1 1 1 1 1 1 1 1 1 1 1 1 1 1 1 1 1 1 1 1 1 1 1 1 1 1 1 1 1 1 1 1 1 1 1 1 1 0 1 2 2 4 22 46 21 18 17 18 18 18 17 22 26 42 56 46 21 12 11 8 10 12 10 9 9 9 9 9 9 9 9 9 9 9 
18 22 24 27 34 37 39 42 45 46 40 10 4 3 3 2 2 1 1 1 0 0 0 0 0 0 0 1 1 1 1 1 1 0 0 0 0 0 0 0 0 0 0 0 0 0 0 0 0 0 0 0 0 0 0 0 0 0 0 0 0 0 0 0 0 1 1 1 1 2 2 2 2 2 1 1 1 1 1 1 1 1 1 1 1 1 1 1 1 1 1 1 1 1 1 1 1 1 1 1 1 1 1 1 1 1 1 1 1 1 1 1 1 1 1 1 0 0 2 3 2 16 44 35 19 17 18 18 18 18 18 37 58 61 37 14 11 11 8 10 12 10 9 9 9 8 9 9 9 9 9 9 9 
19 22 25 29 34 38 40 43 45 46 40 13 4 2 4 3 2 1 1 1 0 0 0 0 0 0 0 1 1 1 1 1 1 0 0 0 0 0 0 0 0 0 0 0 0 0 0 0 0 0 0 0 0 0 0 0 0 1 1 1 1 0 0 0 0 1 1 1 1 1 2 2 1 1 1 1 1 1 1 1 1 1 1 1 1 1 1 1 1 1 1 1 1 1 1 1 1 1 1 1 1 1 1 1 1 1 1 1 1 1 1 1 1 1 1 1 0 0 0 3 2 12 37 36 21 22 18 19 19 11 12 47 54 43 25 17 12 9 8 11 12 11 9 8 8 8 8 8 8 8 8 8 9 
19 22 25 29 34 38 42 43 46 46 39 15 3 3 3 2 2 1 1 1 0 0 0 0 0 0 0 1 1 1 1 1 1 0 0 0 0 0 0 0 0 0 0 0 0 0 0 0 0 0 0 0 0 0 0 0 0 1 1 1 1 0 0 0 0 1 1 1 1 1 1 1 1 1 1 1 1 1 1 1 1 1 1 1 1 1 1 1 1 1 1 1 1 1 1 1 1 1 1 1 1 1 1 1 1 1 1 1 1 1 1 1 1 1 1 1 0 0 0 3 1 10 30 38 21 19 18 21 19 15 22 44 38 26 14 10 10 8 9 11 12 11 9 8 8 8 7 7 8 8 8 8 8 
19 24 26 30 36 39 43 44 46 47 39 15 3 3 3 2 2 1 1 1 0 0 0 0 0 0 0 0 0 1 1 1 1 0 0 0 0 0 0 0 0 0 0 1 1 1 1 1 1 0 0 0 0 0 0 0 0 1 1 1 1 0 0 0 0 1 1 1 1 1 1 1 1 1 1 1 1 1 1 1 1 1 1 1 1 1 1 1 1 1 1 1 1 1 1 1 1 1 1 1 1 1 1 1 1 1 1 1 1 1 1 1 1 1 1 1 0 0 0 3 1 6 24 38 25 17 18 21 19 23 40 40 26 15 10 9 8 9 11 12 12 11 10 8 8 9 8 8 8 8 9 9 9 
20 24 29 31 37 39 42 44 46 46 39 10 3 2 2 2 2 1 1 1 0 0 0 0 0 0 0 0 0 1 1 1 1 0 0 0 0 0 0 0 0 0 0 1 1 1 1 1 1 1 1 1 1 1 1 1 1 1 1 1 1 0 0 0 0 1 1 1 1 1 1 1 1 1 1 1 1 1 1 1 1 1 1 1 1 1 1 1 1 1 1 1 1 1 1 1 1 1 1 1 1 1 1 1 1 1 1 1 1 1 1 1 1 1 1 1 0 0 0 2 1 5 20 32 32 24 21 19 17 26 46 36 19 12 14 10 9 10 11 12 12 11 10 8 8 9 8 8 8 8 8 8 9 
22 25 29 31 37 39 42 47 49 46 38 5 3 3 3 2 2 2 2 1 1 0 0 0 0 0 0 0 0 0 0 0 0 0 0 0 0 0 0 0 0 0 0 1 1 1 1 1 1 1 1 1 1 1 1 1 1 1 1 1 1 0 0 0 0 1 1 1 1 1 1 1 1 1 1 1 1 1 1 1 1 1 1 1 1 1 1 1 1 1 1 1 1 1 1 1 1 1 1 1 1 1 1 1 1 1 1 1 1 1 1 1 1 1 1 1 0 0 1 2 1 3 17 35 33 29 24 17 15 34 48 31 16 14 15 8 8 10 11 12 12 11 10 9 9 9 8 8 8 8 8 8 9 
26 27 30 32 36 39 40 43 46 45 30 3 3 3 3 3 2 1 1 1 0 0 0 0 0 0 0 0 0 0 0 0 0 0 0 0 0 0 0 0 0 0 0 1 1 1 1 1 1 1 1 1 1 1 1 1 1 1 1 1 1 0 0 0 0 1 1 1 1 1 1 1 1 1 1 1 1 1 1 1 1 1 1 1 1 1 1 1 2 2 2 1 1 1 1 1 1 1 1 1 1 1 1 1 1 1 1 1 1 1 1 1 1 1 1 1 0 0 1 2 1 3 15 36 29 28 24 17 22 44 47 21 14 12 12 6 6 10 11 12 12 11 10 9 9 9 8 8 8 8 8 8 9 
29 31 33 35 37 39 39 40 40 36 21 3 3 1 3 4 2 1 1 1 1 0 0 0 0 0 0 0 0 0 0 0 0 0 0 0 0 0 0 0 0 0 0 1 1 1 1 1 1 1 1 1 1 1 1 1 1 1 1 1 1 0 0 0 0 1 1 1 1 1 1 1 1 1 1 1 1 1 1 1 1 1 1 1 1 1 1 1 1 2 2 1 2 1 1 1 1 1 1 1 1 1 1 1 1 1 1 1 1 1 1 1 1 1 1 1 0 0 1 1 1 4 18 42 25 25 23 26 40 55 43 17 13 12 12 6 6 9 10 11 11 10 9 8 8 8 6 6 6 8 8 8 9 
47 40 37 37 38 39 39 38 37 26 12 3 3 1 3 4 2 1 1 1 0 0 0 0 0 0 0 0 0 0 0 0 0 0 0 0 0 0 0 0 0 0 0 1 1 1 1 1 1 1 1 1 1 1 1 1 1 1 1 1 1 0 0 0 0 1 1 1 1 1 1 1 1 1 1 1 1 1 1 1 1 1 1 1 1 1 1 1 1 1 1 2 2 1 1 1 1 1 1 1 1 1 1 1 1 1 1 1 1 1 1 1 1 1 1 1 0 1 1 1 0 5 31 43 25 24 26 38 59 60 33 15 13 12 11 9 9 9 10 11 11 10 9 8 6 6 6 6 6 8 8 8 9 
60 42 40 39 39 39 39 38 35 17 4 2 2 2 4 4 1 1 1 0 0 0 0 0 0 0 0 1 1 1 1 1 1 1 1 1 1 1 1 1 1 1 1 0 0 0 0 0 0 0 0 0 0 0 0 0 0 0 0 1 1 1 1 1 1 1 1 1 1 1 1 1 1 1 1 1 1 1 1 1 1 1 1 1 1 1 1 1 1 1 1 1 2 10 25 24 8 1 0 1 2 0 0 0 1 1 1 0 0 0 0 0 0 0 0 1 1 0 1 1 0 7 24 39 28 25 16 42 59 51 23 11 11 13 11 8 8 9 10 10 10 9 8 8 6 6 6 5 6 6 7 9 9 
63 44 43 42 38 37 42 36 24 11 4 2 2 4 7 4 1 1 1 0 0 0 0 0 0 0 0 1 1 1 1 1 1 1 1 1 1 1 1 1 1 1 1 0 0 0 0 0 0 0 0 0 0 0 0 0 0 0 0 1 1 1 1 1 1 1 1 1 1 1 1 1 1 1 1 1 1 1 1 1 1 1 1 1 1 1 1 1 1 1 1 1 4 16 37 37 17 4 2 8 9 3 1 1 2 1 1 0 0 0 0 0 0 0 0 0 0 1 1 1 1 7 23 42 30 25 29 56 61 42 16 10 11 13 11 8 8 8 10 10 9 9 8 6 6 5 5 5 6 7 7 9 9 
54 46 46 45 38 36 44 33 15 8 4 2 2 4 7 3 1 1 1 0 0 0 0 0 0 0 0 1 1 1 1 1 1 1 1 1 1 1 1 1 1 1 1 0 0 0 0 0 0 0 0 0 0 0 0 0 0 0 0 1 1 1 1 1 1 1 1 1 1 1 1 1 1 1 1 1 1 1 1 1 1 1 1 1 1 1 1 1 1 1 1 1 8 21 39 40 22 10 12 18 18 11 3 2 2 1 1 0 0 0 0 0 0 0 0 0 0 0 0 0 1 7 24 44 34 26 43 53 42 25 15 11 11 11 8 6 7 8 9 10 9 9 9 6 6 5 5 5 5 8 8 10 10 
51 52 52 46 42 36 35 22 9 5 5 2 2 5 7 4 1 1 1 0 0 0 0 0 0 0 0 1 1 1 1 1 1 1 1 1 1 1 1 1 1 1 1 0 0 0 0 0 0 0 0 0 0 0 0 0 0 0 0 1 1 1 1 1 1 1 1 1 1 1 1 1 1 1 1 1 1 1 1 1 1 1 1 1 1 1 1 1 1 1 2 4 11 24 43 44 28 19 31 36 32 21 4 1 0 0 1 0 0 0 0 0 0 0 0 0 0 0 0 0 1 7 25 34 39 37 44 39 25 15 8 10 10 11 6 5 6 8 9 10 9 9 8 8 8 6 6 5 7 8 9 11 11 
58 54 51 50 47 40 29 17 8 6 5 3 2 6 9 4 1 1 1 0 0 0 0 0 0 0 0 1 1 1 1 1 1 1 1 1 1 1 1 1 1 1 1 0 0 0 0 0 0 0 0 0 0 0 0 0 0 0 0 1 1 1 1 1 1 1 1 1 1 1 1 1 1 1 1 1 1 1 1 1 1 1 1 1 1 1 1 1 2 1 1 4 15 24 44 45 29 24 44 47 42 28 5 1 0 0 1 1 1 0 0 0 0 0 0 0 0 0 0 0 1 8 26 41 48 42 43 29 15 11 9 9 10 11 8 6 6 8 9 10 9 9 8 8 8 7 6 7 8 9 10 11 11 
61 46 50 50 46 32 11 8 9 8 5 3 2 8 9 3 1 1 1 0 0 0 0 0 0 0 0 1 1 1 1 1 1 1 1 1 1 1 1 1 1 1 1 0 0 0 0 0 0 0 0 0 0 0 0 0 0 0 0 1 1 1 1 1 1 1 1 1 1 1 1 1 1 1 1 1 1 1 1 1 1 1 1 1 1 1 1 1 1 1 2 7 16 23 26 28 26 22 32 32 24 12 5 1 0 0 1 1 1 0 0 0 0 0 0 0 0 0 0 0 1 8 25 38 57 51 39 22 12 14 10 10 11 12 9 6 7 8 9 10 9 9 8 8 8 7 6 7 8 9 9 11 11 
66 52 50 56 42 15 3 5 11 8 10 5 3 10 8 3 1 1 1 1 1 0 0 0 0 0 0 1 1 1 1 1 1 1 1 1 1 1 1 1 1 1 1 0 0 0 0 0 0 0 0 0 0 0 0 0 0 0 0 1 1 1 1 1 1 1 1 1 1 1 1 1 1 1 1 1 1 1 1 1 1 1 1 1 1 1 1 1 1 2 5 11 19 22 24 25 22 16 29 19 11 3 4 2 2 1 1 1 1 0 0 0 0 0 0 0 0 0 0 1 1 8 25 32 57 52 33 17 12 15 8 11 11 10 8 7 7 8 9 9 9 9 7 7 7 6 6 6 7 8 9 10 10 
65 58 57 52 31 9 8 12 11 11 13 5 3 6 4 2 2 1 1 1 1 0 0 0 0 0 0 1 1 1 1 1 1 1 1 1 1 1 1 1 1 1 1 0 0 0 0 0 0 0 0 0 0 0 0 0 0 0 0 1 1 1 1 1 1 1 1 1 1 1 1 1 1 1 1 1 1 1 1 1 1 1 1 1 1 1 1 1 2 3 7 15 22 21 23 24 21 14 22 9 3 2 3 2 2 1 1 1 1 0 0 0 0 0 0 0 0 0 0 1 1 8 25 33 63 46 23 14 12 14 6 12 11 9 8 7 7 8 9 8 9 8 6 6 6 6 6 6 7 8 9 10 10 
63 56 46 29 11 6 10 13 13 8 5 2 2 2 2 2 2 2 2 1 1 1 1 0 0 0 0 1 1 1 1 1 1 1 1 1 1 1 1 1 1 1 1 0 0 0 0 0 0 0 0 0 0 0 0 0 0 0 0 1 1 1 1 1 1 1 1 1 1 1 1 1 1 1 1 1 1 1 1 1 1 1 1 1 1 1 1 1 2 3 4 12 19 18 22 25 23 16 12 8 4 2 3 1 2 1 1 0 0 0 0 0 0 0 0 0 0 1 1 1 2 8 27 45 65 37 22 12 12 12 10 9 9 8 7 7 6 6 7 10 10 10 8 8 8 6 6 6 8 8 9 11 12 
58 49 33 11 4 5 8 10 10 3 2 1 2 2 2 2 2 2 2 1 1 1 1 0 0 0 0 1 1 1 1 1 1 1 1 1 1 1 1 1 1 1 1 0 0 0 0 0 0 0 0 0 0 0 0 0 0 0 0 1 1 1 1 1 1 1 1 1 1 1 1 1 1 1 1 1 1 1 1 1 1 1 1 1 1 1 1 2 3 4 4 14 18 14 15 22 19 10 7 4 1 2 3 1 1 1 1 0 0 0 0 0 0 0 0 0 0 1 1 2 2 6 26 54 72 31 18 12 12 11 10 10 9 8 7 6 6 6 7 9 10 10 8 8 8 6 6 6 6 7 8 10 12 
54 43 17 3 2 4 4 3 3 3 2 1 1 1 1 1 1 1 1 1 1 0 0 0 0 0 0 1 1 1 1 1 1 1 1 1 1 1 1 1 1 1 1 0 0 0 0 0 0 0 0 0 0 0 0 0 0 0 0 1 1 1 1 1 1 1 1 1 1 1 1 1 1 1 1 1 1 1 1 1 1 1 1 1 1 1 1 1 2 7 10 16 18 10 9 16 11 2 1 1 1 1 3 1 1 5 0 0 0 0 0 0 0 0 0 0 0 1 1 3 2 5 24 58 61 27 17 12 13 12 10 9 9 7 6 5 5 6 6 9 10 10 8 8 8 6 6 6 6 8 9 9 11 
50 37 10 1 2 3 4 3 3 3 2 2 1 1 1 1 1 1 1 1 1 0 0 0 0 0 0 1 1 1 1 1 1 1 1 1 1 1 1 1 1 1 1 0 0 0 0 0 0 0 0 0 0 0 0 0 0 0 0 1 1 1 1 1 1 1 1 1 1 1 1 1 1 1 1 1 1 1 1 1 1 1 1 1 2 2 2 3 4 9 18 29 29 17 15 23 19 8 2 1 1 3 4 1 2 9 0 0 0 0 0 0 0 0 0 0 0 1 1 3 2 4 22 44 44 22 16 11 13 11 10 9 9 7 6 5 5 6 6 9 10 10 8 8 8 6 6 5 6 6 9 8 10 
45 32 17 6 3 2 4 4 4 3 2 2 1 1 1 1 1 1 1 0 0 0 0 0 0 0 0 1 1 1 1 1 1 1 1 1 1 1 1 1 1 1 1 0 0 0 0 0 0 0 0 0 0 0 0 0 0 0 0 1 1 1 1 1 1 1 1 1 1 1 1 1 1 1 1 1 1 1 1 1 1 1 1 1 2 2 2 3 4 8 23 37 37 26 25 36 33 22 12 5 3 7 4 1 1 5 0 0 0 0 0 0 0 0 0 0 0 1 1 3 2 5 25 42 30 19 13 11 11 9 8 8 8 8 7 5 5 6 6 9 10 10 9 9 8 6 6 6 6 6 8 9 10 
47 33 22 10 3 2 5 5 4 4 2 2 1 1 1 1 1 1 1 0 0 0 0 0 0 0 0 1 1 1 1 1 1 1 1 1 1 1 1 1 1 1 1 0 0 0 0 0 0 0 0 0 0 0 0 0 0 0 0 1 1 1 1 1 1 1 1 1 1 1 1 1 1 1 1 1 1 1 1 1 1 1 1 1 1 1 2 2 2 3 14 16 21 25 26 26 33 38 17 12 5 2 2 1 1 1 1 0 0 0 0 0 0 0 0 0 0 1 1 3 2 5 26 36 21 17 13 10 10 9 8 6 8 8 7 5 5 6 6 9 10 10 9 9 8 6 6 6 6 6 8 8 10 
51 39 22 6 3 3 5 5 4 4 1 1 1 0 1 1 1 1 1 0 0 0 0 0 0 0 0 1 1 1 1 1 1 1 1 1 1 1 1 1 1 1 1 1 1 1 1 0 0 0 0 0 0 0 0 0 0 0 0 1 1 1 1 1 1 1 1 1 1 1 1 1 1 1 1 1 1 1 1 1 1 1 1 1 1 1 1 1 1 2 3 4 4 5 15 23 25 23 12 10 3 1 1 1 1 0 0 0 1 0 0 0 0 0 0 0 0 1 1 2 2 5 28 28 16 15 12 11 11 9 8 8 8 8 6 6 6 6 7 9 10 10 9 9 8 6 6 6 6 8 8 8 9 
53 42 21 5 4 4 5 7 4 4 1 1 1 0 0 1 1 1 1 0 0 0 0 0 0 1 1 1 1 1 1 1 1 1 1 1 1 1 1 1 1 1 1 1 1 1 1 0 0 0 0 0 1 0 0 0 0 0 0 1 1 1 1 1 1 1 1 1 1 1 1 1 1 1 1 1 1 1 1 1 1 1 1 1 1 1 1 1 1 1 1 1 2 2 1 2 8 14 5 3 1 1 1 0 1 0 0 1 1 0 0 0 0 0 0 0 0 1 1 2 2 7 29 23 17 13 12 12 12 10 8 9 9 8 6 6 6 6 8 9 10 10 9 8 8 6 6 6 6 8 8 9 9 
52 40 22 4 4 5 7 7 5 3 2 1 1 0 0 0 0 0 0 0 0 0 0 0 0 1 1 1 1 1 1 1 1 1 0 0 0 0 0 0 1 1 1 1 2 1 2 2 2 2 1 1 2 1 1 1 1 1 1 1 1 0 0 1 1 1 1 1 1 1 1 1 1 1 1 1 1 1 1 1 1 1 1 1 1 1 1 1 1 1 1 1 1 1 1 1 1 1 2 1 1 0 1 1 0 0 0 0 0 1 1 1 1 1 0 0 0 0 0 4 12 32 30 27 17 12 10 12 11 10 10 9 9 8 6 5 5 8 10 10 11 10 8 7 7 6 6 5 8 8 8 7 8 
50 40 18 4 4 5 7 7 5 3 1 1 1 0 0 0 0 0 0 0 0 0 0 0 0 0 1 1 1 1 1 1 1 1 0 0 0 0 0 0 1 1 2 2 2 2 3 5 9 11 9 6 3 1 1 1 1 1 1 1 1 1 0 1 1 1 1 1 1 1 1 1 1 1 1 1 1 1 1 1 1 1 1 1 1 1 1 1 1 1 1 1 1 1 1 1 1 1 1 1 1 1 1 1 1 0 0 0 0 1 1 0 0 0 0 0 0 1 1 1 18 33 31 24 16 11 10 11 11 10 10 9 9 8 6 5 5 8 10 10 12 11 9 8 8 7 5 6 8 8 8 7 7 
46 36 16 4 4 5 7 8 7 5 1 1 1 0 0 0 0 0 0 0 0 0 0 0 0 0 1 1 1 1 1 1 1 1 0 0 0 0 0 0 1 2 2 2 3 2 3 8 11 15 15 12 8 2 1 1 1 1 1 1 1 1 1 1 1 1 1 1 1 1 1 1 1 1 1 1 1 1 1 1 1 1 1 1 1 1 1 1 1 1 1 1 1 1 1 1 1 2 2 1 1 1 1 1 1 1 1 0 0 1 1 0 0 0 0 1 1 1 1 2 25 37 30 18 14 11 10 11 10 9 9 8 8 6 5 5 6 9 10 11 12 11 9 9 7 6 5 6 7 8 8 7 7 
39 25 12 4 4 5 7 7 5 4 1 1 1 0 0 0 0 0 0 0 0 0 0 0 0 0 1 1 1 1 1 1 1 1 1 0 0 0 0 0 1 2 3 3 3 3 3 4 5 9 9 9 10 3 1 1 1 1 1 1 1 1 1 1 1 1 1 1 1 1 1 1 1 1 1 1 1 1 1 1 1 1 1 1 1 1 1 1 1 1 1 1 1 1 1 1 1 2 3 1 1 1 1 1 1 1 1 0 0 1 1 0 0 0 0 1 1 1 1 11 36 38 22 11 11 9 10 10 10 9 9 8 8 6 5 5 6 9 10 11 11 10 9 9 7 6 5 6 7 8 8 7 7 
35 16 6 3 3 5 7 7 5 3 1 1 0 0 0 0 0 0 0 0 0 0 0 0 0 0 1 1 1 1 1 1 1 1 1 1 1 1 1 1 2 3 4 4 5 3 4 2 3 5 4 6 6 4 1 1 1 1 1 1 1 1 1 1 1 1 1 1 1 1 1 1 1 1 1 1 1 1 1 1 1 1 1 1 1 1 1 1 1 1 1 1 2 3 2 2 2 2 2 1 1 1 2 2 2 1 1 1 1 1 1 0 0 0 0 1 1 1 1 32 46 38 21 10 10 10 10 9 9 9 8 8 7 6 5 6 6 9 12 10 10 10 9 9 7 6 5 6 7 8 8 8 8 
26 13 6 1 3 4 4 4 4 2 1 1 1 1 1 1 1 1 1 1 0 0 0 0 0 0 1 1 1 1 1 1 1 1 1 1 1 1 1 1 2 3 4 5 5 4 5 2 3 3 3 4 4 4 1 1 1 1 1 1 1 1 1 1 1 1 1 1 1 1 1 1 1 1 1 1 1 1 1 1 1 1 1 1 1 1 1 1 1 1 1 1 1 1 2 2 1 1 1 1 1 1 2 2 1 1 1 1 1 1 1 1 1 1 1 1 1 2 9 52 71 49 16 10 11 10 10 10 10 9 8 7 7 6 5 6 6 9 10 11 10 10 9 8 7 6 6 5 7 8 8 8 8 
11 8 5 2 2 2 2 2 2 1 1 1 1 1 1 1 1 1 1 0 0 0 0 0 0 0 1 1 1 1 1 1 1 1 1 1 1 1 1 1 2 3 4 5 8 6 5 4 3 1 1 2 1 1 1 1 1 1 1 1 1 1 1 1 1 1 1 1 1 1 1 1 1 1 1 1 1 1 1 1 1 1 1 1 1 1 1 1 1 1 1 1 1 1 2 1 1 1 1 1 1 1 1 1 1 1 1 0 0 0 1 1 1 1 1 1 1 3 17 68 80 35 6 10 11 10 10 10 10 9 8 7 7 6 5 6 6 9 9 10 10 9 9 8 7 6 6 5 6 9 9 8 8 
17 11 5 1 1 1 2 1 1 1 1 2 2 3 3 3 3 2 2 2 1 1 0 0 0 0 1 1 1 1 1 1 2 1 1 1 1 1 1 2 3 3 4 5 8 8 5 4 2 1 1 1 1 1 1 1 1 1 1 1 1 1 1 1 1 2 1 1 1 1 1 1 1 1 1 1 1 1 1 1 1 1 1 1 1 1 1 1 1 1 1 1 1 1 1 1 1 1 1 1 1 1 1 1 1 1 1 1 1 1 1 1 1 1 1 1 1 8 31 80 60 14 10 11 10 10 10 10 10 9 8 7 7 6 6 6 6 9 9 9 10 9 9 9 8 7 6 5 6 9 9 8 8 
19 7 1 1 1 1 1 1 1 1 1 2 2 3 3 3 3 3 3 1 1 1 1 1 1 1 2 2 2 2 2 2 2 2 2 2 2 2 2 2 2 3 3 4 6 6 4 4 3 1 1 1 3 1 1 1 1 1 1 1 1 1 1 1 1 2 2 2 2 1 1 1 1 1 1 1 1 1 1 1 1 1 1 1 1 1 1 1 1 1 1 1 1 1 1 1 1 1 1 1 1 1 1 1 1 1 1 1 1 1 1 1 0 0 0 1 2 8 25 59 37 10 11 11 11 11 11 11 11 9 8 8 7 6 6 5 8 8 9 8 8 8 9 8 8 6 5 5 6 8 9 8 8 
9 3 1 0 1 1 1 1 1 1 1 2 2 3 3 3 3 3 2 2 1 2 2 2 2 2 2 2 2 2 2 2 2 2 2 2 2 2 2 2 2 2 2 2 3 4 4 4 3 2 1 2 3 2 2 2 2 1 1 1 1 1 1 1 1 2 2 2 2 1 1 1 1 1 1 1 1 1 1 1 1 1 1 1 1 1 1 1 1 1 1 1 1 1 1 1 1 1 1 1 1 1 1 1 1 1 1 0 1 1 1 1 0 0 0 0 0 5 23 50 25 11 12 11 11 11 11 10 10 9 8 8 7 6 6 6 6 8 9 8 8 8 8 8 8 8 5 4 5 8 9 8 8 
9 3 2 0 1 1 1 1 1 1 1 2 2 3 3 3 3 2 2 1 1 2 2 2 2 2 1 1 1 1 1 1 1 1 1 1 1 1 1 1 1 1 1 1 1 3 4 4 4 4 3 4 5 5 5 5 4 4 4 3 2 2 2 2 3 3 2 1 1 1 1 1 1 1 1 1 1 1 1 1 1 1 1 1 1 1 1 1 1 1 1 1 1 1 1 1 1 1 1 1 1 1 1 1 1 1 1 0 1 1 1 1 0 0 0 0 0 8 29 37 19 11 12 12 11 12 12 10 10 9 8 8 7 8 8 6 7 7 8 9 9 9 9 9 9 8 4 4 5 8 9 8 8 
6 3 2 1 1 1 1 1 1 1 1 2 2 2 2 2 2 2 2 1 1 2 2 2 2 2 1 1 1 1 1 1 1 1 1 1 1 1 1 1 1 1 1 1 1 3 3 5 6 6 6 8 8 9 8 8 8 8 8 6 5 6 9 9 8 5 1 1 1 1 1 1 1 1 1 1 1 1 1 1 1 1 1 1 1 1 1 1 1 1 1 1 1 1 1 1 1 1 1 1 1 1 1 1 1 1 1 0 1 1 1 1 0 0 0 0 1 15 33 31 14 12 12 12 11 12 11 10 10 9 8 8 7 8 8 6 7 7 7 8 8 8 8 8 6 5 4 4 5 8 8 8 8 
4 0 2 2 2 1 1 2 0 1 1 1 1 2 2 2 2 2 2 2 2 2 2 2 2 2 2 2 2 2 2 2 1 1 1 1 1 1 1 1 1 1 1 1 1 1 2 5 5 6 6 8 8 8 8 8 8 8 10 11 11 12 16 18 15 6 1 2 2 2 1 1 1 1 1 1 1 1 1 1 1 1 1 1 1 1 1 1 1 1 1 1 1 1 1 1 1 1 1 1 1 1 1 1 1 1 3 3 2 1 1 1 1 1 1 5 1 12 32 28 10 10 11 11 11 10 10 11 11 9 8 8 7 8 8 7 7 7 7 8 8 8 8 6 6 5 4 4 5 8 8 6 8 
9 2 2 1 2 2 1 2 1 1 1 1 1 2 2 2 2 2 2 2 2 2 2 2 2 2 2 2 2 2 2 2 2 2 2 1 1 1 1 1 1 1 1 1 1 1 1 3 5 5 6 8 8 6 6 7 8 9 10 12 15 21 24 23 15 5 2 2 2 2 1 1 1 1 1 1 1 1 1 1 1 1 1 1 1 1 1 1 1 1 1 1 1 1 1 1 1 1 1 1 1 1 1 1 1 1 1 2 1 0 0 1 1 1 1 2 0 14 29 25 11 10 10 11 11 10 10 10 10 8 8 8 7 8 8 7 7 7 7 6 6 6 5 5 4 4 4 4 5 8 8 6 8 
12 3 3 2 2 1 1 2 1 1 1 1 1 1 1 1 1 2 2 2 2 2 2 2 2 2 2 2 2 2 2 2 2 2 2 1 1 1 1 1 1 1 1 1 1 1 1 1 3 3 3 4 5 4 5 4 5 8 9 10 12 16 22 26 21 5 2 2 2 1 1 1 1 1 1 1 1 1 1 1 1 1 1 1 1 1 1 1 1 1 1 1 1 1 1 1 1 1 1 1 1 1 1 1 1 1 1 1 1 0 0 1 0 1 1 1 1 17 25 21 10 10 9 9 9 9 9 9 9 8 8 8 7 8 8 8 8 7 7 6 6 6 5 5 4 4 4 4 5 8 6 6 8 
15 5 3 2 2 1 1 2 1 1 1 1 1 1 1 1 1 2 2 2 2 2 2 2 2 2 2 2 2 2 2 2 2 2 2 1 1 1 1 1 1 1 2 2 2 1 2 2 3 3 4 5 6 6 8 7 8 8 7 7 9 12 16 22 14 5 2 2 2 1 1 1 1 1 1 1 1 1 1 1 1 1 1 1 1 1 1 1 1 1 1 1 1 1 1 1 1 1 1 1 1 1 1 1 1 1 1 0 0 0 0 1 0 1 1 1 5 21 17 15 10 10 9 9 9 9 9 9 9 8 8 8 7 8 8 8 8 7 7 8 6 6 5 6 5 5 4 4 5 8 6 6 8 
16 4 2 2 2 2 2 1 0 1 1 1 1 1 1 1 1 1 1 1 1 1 1 1 1 1 2 2 2 2 2 2 2 2 2 1 1 1 1 1 1 1 2 2 2 3 3 3 4 4 4 5 6 8 8 8 9 7 7 5 5 8 9 12 4 4 3 2 2 1 1 1 1 1 1 1 1 1 1 1 1 1 1 1 1 1 1 1 1 1 1 1 1 1 1 1 1 1 1 1 1 1 1 1 1 1 1 1 1 1 1 1 1 1 0 0 8 31 37 19 9 8 8 10 9 9 9 9 9 8 8 9 8 8 8 9 9 9 9 8 8 6 6 5 5 4 4 4 5 7 5 6 6 
17 4 2 2 2 2 1 0 0 1 1 1 1 1 1 1 1 2 2 2 2 2 2 2 2 2 1 2 2 2 2 2 2 2 2 1 1 1 1 1 1 2 2 2 4 4 5 5 4 4 5 6 8 9 9 9 9 8 5 4 3 3 2 3 2 2 2 1 1 1 1 1 1 1 1 1 1 1 1 1 1 1 1 1 1 1 1 1 1 1 1 1 1 1 1 1 1 1 1 1 1 1 1 1 1 1 1 1 1 1 1 1 1 1 4 0 14 51 57 29 10 9 8 9 9 9 9 9 9 8 8 9 9 9 9 10 10 9 9 8 8 6 6 5 5 4 4 4 5 5 5 6 6 
17 4 2 2 2 2 1 1 1 1 1 1 1 1 1 1 1 2 2 2 2 2 2 2 2 2 1 2 2 2 2 2 2 2 2 1 1 1 1 1 1 2 3 3 4 4 5 5 4 5 6 6 8 8 8 9 8 9 8 4 2 1 2 2 2 1 1 1 1 2 2 1 1 1 1 1 1 1 1 1 1 1 1 1 1 1 1 1 1 1 1 1 1 1 1 1 1 1 1 1 1 1 1 1 1 1 1 1 1 1 1 1 1 2 3 1 43 88 70 16 8 8 8 8 9 10 10 10 10 8 8 9 9 9 9 9 9 9 9 8 8 6 6 4 5 4 4 5 5 5 5 6 5 
19 2 1 3 2 2 1 1 1 1 1 1 1 1 1 1 1 2 2 2 2 2 2 2 2 2 1 2 2 2 2 2 2 2 2 1 1 1 1 1 1 2 2 4 4 5 5 5 6 6 5 5 5 5 5 6 6 6 6 3 1 1 1 1 1 1 1 1 1 2 2 1 1 1 1 1 1 1 1 1 1 1 1 1 1 1 1 1 1 1 1 1 1 1 1 1 1 1 1 1 1 1 1 1 1 1 1 1 1 1 1 1 3 2 7 18 83 108 63 8 9 8 8 8 9 10 10 10 10 8 8 9 9 9 9 9 9 9 9 8 8 6 6 5 5 4 4 5 5 5 4 5 5 
18 2 2 2 2 1 1 1 1 1 1 0 0 1 1 1 1 1 1 1 1 1 1 2 2 2 1 2 2 2 2 2 2 2 2 1 1 1 1 1 1 1 1 3 4 5 5 5 4 5 5 5 6 8 8 8 6 5 4 2 1 1 1 1 1 1 1 1 1 1 1 1 1 1 1 1 1 1 1 1 1 1 1 1 1 1 1 1 1 1 1 1 1 1 1 1 1 1 1 1 1 1 1 1 1 1 1 1 1 1 1 1 1 1 19 85 142 100 23 16 15 11 10 9 9 10 10 10 10 8 8 9 9 9 9 9 9 9 9 7 6 5 4 5 11 10 8 5 5 5 4 5 5 
24 11 4 2 1 1 1 1 1 1 1 0 0 1 1 1 1 1 1 1 1 1 1 2 2 1 1 1 1 1 1 1 2 2 2 1 1 1 1 1 1 1 1 2 4 4 4 4 4 5 4 4 5 6 6 6 5 3 3 2 1 1 2 1 1 1 1 1 1 1 1 1 1 1 1 1 1 1 1 1 1 1 1 1 1 1 1 1 1 1 1 1 1 1 1 1 1 1 1 1 1 1 1 1 1 1 1 1 1 1 1 1 0 7 40 131 143 72 12 9 11 10 10 9 9 10 10 10 10 8 8 9 9 9 9 9 9 9 9 7 6 4 4 8 23 25 18 8 4 4 4 5 5 
37 22 9 2 2 1 1 2 1 0 0 0 0 1 1 1 1 1 1 1 1 1 1 2 2 1 1 1 1 1 1 1 1 1 1 0 0 0 0 0 1 1 1 2 2 3 4 4 3 3 3 3 4 4 4 4 3 2 1 1 1 1 1 1 1 1 1 1 1 1 1 1 1 1 1 1 1 1 1 1 1 1 1 1 1 1 1 1 1 1 1 1 1 1 1 1 1 1 1 1 1 1 1 1 1 1 1 1 1 2 2 1 1 31 81 131 91 33 10 6 10 9 9 8 9 10 10 10 10 10 10 9 9 10 10 10 10 9 9 9 9 6 6 12 36 57 43 14 5 4 4 5 5 
50 35 19 5 3 1 1 3 2 1 1 0 0 1 1 1 0 1 1 1 1 1 1 2 2 2 2 1 1 1 1 1 0 0 0 0 0 0 0 0 1 1 1 1 1 2 2 3 3 3 3 3 4 4 3 3 2 2 1 1 1 1 1 1 1 1 1 1 1 1 1 1 1 1 1 1 1 1 1 1 1 1 1 1 1 1 1 1 1 1 1 1 1 1 1 1 1 1 1 1 1 1 1 1 1 1 1 2 2 2 2 3 5 47 87 75 39 19 10 9 9 9 9 8 9 10 10 11 11 10 10 10 10 10 10 10 10 9 9 10 10 10 9 16 48 88 64 14 5 4 4 5 5 
57 50 38 18 8 2 2 1 1 0 0 0 0 1 1 1 1 1 1 1 1 1 1 1 1 2 2 2 2 1 0 0 0 0 0 0 0 0 0 0 0 0 0 1 1 2 2 2 1 2 2 2 3 4 2 2 1 2 1 1 1 1 1 1 1 1 1 1 1 1 1 1 1 1 1 1 1 1 1 1 1 1 1 1 1 1 1 1 1 1 1 1 1 1 1 1 1 1 1 1 1 1 1 1 1 1 1 1 1 2 4 18 40 50 38 21 11 10 12 10 9 9 9 8 9 10 10 10 10 11 11 11 11 11 11 11 11 11 11 10 10 9 9 16 64 121 106 29 5 6 5 5 5 
54 55 50 32 19 9 4 1 1 0 0 0 0 1 1 1 1 1 1 1 1 1 2 4 4 5 4 2 2 1 1 0 0 0 0 0 0 0 0 0 0 0 0 1 1 1 1 1 1 1 1 1 1 2 1 1 1 1 1 1 1 1 1 1 1 1 1 1 1 1 1 1 1 1 1 1 1 1 1 1 1 1 1 1 1 1 1 1 1 1 1 1 1 1 1 1 1 1 1 1 1 1 1 1 1 1 1 2 2 3 12 28 51 46 28 11 9 11 11 10 8 8 8 8 9 10 10 11 11 11 11 10 10 10 10 11 11 11 12 11 10 8 6 14 57 115 104 34 5 6 5 5 5 
53 50 46 44 33 19 8 2 2 2 2 3 4 9 8 4 4 4 4 5 6 9 12 17 18 18 10 3 2 1 1 0 0 0 0 0 0 0 0 0 0 0 0 1 0 0 0 0 1 1 1 1 1 1 1 1 1 1 1 1 1 1 1 1 1 1 1 1 1 1 1 1 1 1 1 1 1 1 1 1 1 1 1 1 1 1 1 1 1 1 1 1 1 1 1 1 1 1 1 1 1 1 1 1 1 1 1 2 3 5 22 39 51 36 19 9 10 12 11 10 7 8 8 8 9 10 10 11 11 11 11 10 10 10 10 11 12 14 15 14 12 10 11 15 42 87 70 21 5 6 6 6 6 
47 45 44 45 37 26 18 10 7 9 10 14 19 24 23 20 19 19 19 20 20 22 25 29 30 30 17 3 3 1 1 0 0 0 0 0 0 0 0 0 0 0 0 1 0 0 0 0 0 1 1 1 1 1 1 1 1 1 1 1 1 1 1 1 1 1 1 1 1 1 1 1 1 1 1 1 1 1 1 1 1 1 1 1 1 1 1 1 1 1 1 1 1 1 1 1 1 1 1 1 1 1 1 1 1 1 1 3 3 9 30 46 49 26 11 10 10 11 12 10 7 8 9 8 9 10 10 11 11 11 11 10 10 10 10 11 14 14 16 15 12 12 16 18 42 77 57 18 6 7 6 6 6 
39 39 39 38 37 30 23 17 13 15 23 31 35 37 36 32 29 29 28 29 29 31 33 34 32 33 22 3 2 2 1 1 1 0 0 1 1 1 1 1 1 1 1 1 1 0 0 0 1 1 1 1 1 1 1 1 1 1 1 1 1 1 1 1 1 1 1 1 1 1 1 1 1 1 1 1 1 1 1 1 1 1 1 1 1 1 1 1 1 1 1 1 1 1 1 1 1 1 1 1 1 1 1 1 1 1 2 3 5 25 50 57 43 18 5 10 9 9 9 9 8 8 9 8 9 10 10 11 11 11 11 10 10 10 12 14 15 15 15 14 11 16 21 26 50 73 50 19 7 7 6 5 5 
33 33 33 32 31 30 29 26 23 25 35 40 43 39 36 35 31 30 29 28 29 31 33 33 33 29 16 3 1 1 1 1 1 0 0 0 0 0 0 0 0 0 0 1 0 0 0 0 1 1 1 1 1 1 1 1 1 1 1 1 1 1 1 1 1 1 1 1 1 1 1 1 1 1 1 1 1 1 1 1 1 1 1 1 1 1 1 1 1 1 1 1 1 1 1 1 1 1 1 1 1 1 1 1 1 1 1 3 10 33 53 54 32 14 7 8 9 9 9 9 9 9 9 9 9 10 10 11 11 11 11 11 11 11 12 15 15 18 21 12 15 22 28 35 57 73 47 17 8 8 8 8 8 
26 28 28 29 30 30 30 30 26 30 38 39 43 44 37 33 31 30 29 28 29 30 31 31 31 28 16 4 2 1 1 1 1 0 0 0 0 0 0 0 0 0 0 1 1 0 0 1 1 1 1 1 1 1 1 1 1 1 1 1 1 1 1 1 1 1 1 1 1 1 1 1 1 1 1 1 1 1 1 1 1 1 1 1 1 1 1 1 1 1 1 1 1 1 1 1 1 1 1 1 1 1 1 1 1 1 1 3 12 39 54 45 28 12 8 8 9 9 9 9 9 9 9 9 9 10 10 11 11 10 10 11 11 12 14 16 17 21 25 14 18 29 36 44 66 77 45 14 7 8 8 9 10 
19 21 22 23 28 30 31 32 31 32 34 36 42 43 37 31 29 29 29 29 29 30 31 31 30 26 17 5 2 1 1 1 1 0 0 0 0 0 0 0 0 0 0 1 1 1 1 1 1 1 1 1 1 1 1 1 1 1 1 1 1 1 1 1 1 1 1 1 1 1 1 1 1 1 1 1 1 1 1 1 1 1 1 1 1 1 1 1 1 1 1 1 1 1 1 1 1 1 1 1 1 1 1 1 1 1 1 3 12 39 53 43 28 12 8 8 9 9 8 9 9 9 9 9 9 10 10 11 11 11 11 11 12 14 15 16 19 24 28 19 25 36 44 48 68 80 45 10 8 8 8 10 10 
18 19 21 23 29 31 32 34 33 32 31 33 40 41 36 31 27 26 28 30 29 30 32 30 29 26 17 4 2 1 1 1 1 0 0 0 0 0 0 0 0 0 0 0 0 1 1 1 1 1 1 1 1 1 1 1 1 1 1 1 1 1 1 1 1 1 1 1 1 1 1 1 1 1 1 1 1 1 1 1 1 1 1 1 1 1 1 1 1 1 1 1 1 1 1 1 1 1 1 1 1 1 1 1 1 1 1 3 12 37 49 41 29 12 6 9 10 10 9 9 9 9 9 10 10 11 11 10 11 11 11 11 12 14 15 17 21 27 29 26 31 38 45 58 86 82 43 10 8 10 10 9 9 
19 22 24 25 29 32 35 40 40 38 33 30 31 34 33 30 27 25 26 27 27 29 30 29 29 26 17 5 2 0 1 1 1 0 0 0 0 0 0 0 0 0 0 0 0 1 1 1 1 1 1 1 1 1 1 1 1 1 1 1 1 1 1 1 1 1 1 1 1 1 1 1 1 1 1 1 1 1 1 1 1 1 1 1 1 1 1 1 1 1 1 1 1 1 1 1 1 1 1 1 1 1 1 1 1 1 1 3 11 36 47 40 29 12 6 9 10 9 9 9 9 9 9 10 10 11 11 10 11 11 12 12 14 15 17 21 25 30 34 31 33 38 44 68 102 86 39 11 8 10 10 10 10 
28 29 30 30 30 32 38 44 44 41 37 36 34 32 29 27 26 25 25 24 24 25 26 26 29 28 18 7 2 0 1 1 1 1 1 0 0 0 0 0 0 0 0 0 0 0 0 1 1 1 1 1 1 1 1 1 1 1 1 1 1 1 1 1 1 1 1 1 1 1 1 1 1 1 1 1 1 1 1 1 1 1 1 1 1 1 1 1 1 1 1 1 1 1 1 1 1 1 1 1 1 1 1 1 1 1 1 3 9 34 45 41 30 13 5 9 9 9 9 9 9 9 10 9 10 10 11 11 12 12 14 14 15 16 19 25 26 28 32 36 38 40 49 68 87 78 37 10 9 9 10 10 10 
33 32 32 29 32 36 38 45 46 46 43 36 33 30 29 25 23 23 22 21 23 23 23 25 28 28 17 8 1 0 0 1 1 1 1 0 0 0 0 0 0 0 0 0 0 0 0 1 1 1 1 1 1 1 1 1 1 1 1 1 1 1 1 1 1 1 1 1 1 1 1 1 1 1 1 1 1 1 1 1 1 1 1 1 1 1 1 1 1 1 1 1 1 1 1 1 1 1 1 1 1 1 1 1 1 1 1 2 8 30 40 43 31 13 5 9 9 9 9 9 9 10 10 10 10 11 11 12 12 12 15 15 16 19 24 30 32 33 38 43 46 49 58 68 77 68 31 7 9 9 10 10 10 
32 32 31 32 33 39 41 46 47 47 43 37 32 29 26 22 22 21 19 20 22 23 22 23 26 26 22 8 1 0 0 0 0 0 0 0 0 0 0 0 0 0 1 0 0 0 0 0 0 1 1 1 1 1 1 1 1 1 1 1 1 1 1 1 1 1 1 1 1 1 1 1 1 1 1 1 1 1 1 1 1 1 1 1 1 1 1 1 1 1 1 1 1 1 1 1 1 1 1 1 1 1 1 1 1 1 1 3 7 29 37 41 33 16 5 8 8 8 8 9 9 10 10 10 11 11 12 14 14 14 16 17 19 25 29 32 35 37 44 50 53 60 71 70 68 60 26 7 10 8 9 10 9 
30 31 33 36 38 44 47 48 47 43 38 32 30 26 23 19 18 18 19 20 19 19 18 20 25 26 23 11 2 0 0 0 0 1 1 0 0 0 0 0 1 1 1 1 1 1 1 1 1 1 1 1 1 1 1 1 1 1 1 1 1 1 1 1 1 1 1 1 1 1 1 1 1 1 1 1 1 1 1 1 1 1 1 1 1 1 1 1 1 1 1 1 1 1 1 1 1 1 1 1 1 1 1 1 1 1 1 3 7 26 34 39 36 19 5 8 8 8 8 9 9 10 10 11 11 12 14 14 16 16 18 22 24 30 31 31 31 36 46 56 57 64 68 65 64 53 23 9 12 9 8 9 9 
29 31 32 32 39 44 44 45 41 36 30 26 23 24 22 18 17 17 17 17 17 18 18 19 23 27 25 16 2 0 0 0 0 1 1 0 0 0 0 0 0 0 0 1 1 1 1 1 1 1 1 1 1 1 1 1 1 1 1 1 1 1 1 1 1 1 1 1 1 1 1 1 1 1 1 1 1 1 1 1 1 1 1 1 1 1 1 1 1 1 1 1 1 1 1 1 1 1 1 1 1 1 1 1 1 1 1 2 3 21 29 40 41 30 14 8 8 8 8 9 9 10 10 11 12 14 16 17 17 19 22 26 29 32 33 35 35 39 52 60 62 66 64 58 64 51 24 11 14 9 6 8 9 
29 29 31 32 35 40 43 40 36 25 21 22 19 22 18 17 18 16 15 15 17 17 18 18 22 26 26 18 5 1 1 0 0 1 1 0 0 0 0 0 0 0 0 1 1 1 1 1 1 1 1 1 1 1 1 1 1 1 1 1 1 1 1 1 1 1 1 1 1 1 1 1 1 1 1 1 1 1 1 1 1 1 1 1 1 1 1 1 1 1 1 1 1 1 1 1 1 1 1 1 1 1 1 1 1 1 1 1 1 16 25 47 50 43 30 8 8 8 8 9 9 10 10 11 12 14 15 17 21 23 26 30 31 36 38 39 43 49 60 68 69 68 60 57 65 50 23 12 16 10 6 7 8 
26 28 28 30 31 35 38 38 34 26 21 17 17 18 16 17 16 12 11 11 12 18 18 20 23 26 25 19 11 3 3 0 0 0 0 1 0 0 0 0 0 0 0 1 1 1 1 1 1 1 1 1 1 1 1 1 1 1 1 1 1 1 1 1 1 1 1 1 1 1 1 1 1 1 1 1 1 1 1 1 1 1 1 1 1 1 1 1 1 1 1 1 1 1 1 1 1 1 1 1 1 1 1 1 1 1 1 0 0 11 23 54 59 44 19 8 8 8 8 9 10 10 11 11 12 15 16 17 23 29 30 31 32 35 38 40 47 61 69 76 75 68 58 58 65 47 22 14 17 10 6 7 8 
24 24 24 26 29 31 32 33 30 25 21 16 17 18 17 17 16 14 11 11 12 16 18 19 23 28 26 23 12 3 3 1 2 0 0 0 0 0 0 0 0 0 0 0 0 1 1 1 1 1 1 1 1 1 1 1 1 1 1 1 1 1 1 1 1 1 1 1 1 1 1 1 1 1 1 1 1 1 1 1 1 1 1 1 1 1 1 1 1 1 1 1 1 1 1 1 1 1 1 1 1 1 1 1 1 1 1 0 0 10 23 52 57 41 17 8 8 8 8 9 10 10 11 12 14 15 18 21 26 30 32 31 33 36 39 42 47 60 71 80 78 62 53 60 64 45 20 15 17 9 6 7 8 
23 22 22 22 23 25 26 26 24 22 17 15 17 18 18 18 16 12 11 9 10 12 15 17 23 29 29 26 17 8 5 1 1 1 1 0 0 0 0 0 0 0 0 0 0 1 1 1 1 1 1 1 1 1 1 1 1 1 1 1 1 1 1 1 1 1 1 1 1 1 1 1 1 1 1 1 1 1 1 1 1 1 1 1 1 1 1 1 1 1 1 1 1 1 1 1 1 1 1 1 1 1 1 1 1 1 1 1 1 9 23 46 51 36 11 8 8 8 8 9 10 10 11 12 14 17 21 23 28 30 31 33 36 39 43 45 50 58 72 81 71 56 56 64 64 43 18 15 15 10 8 7 7 
19 19 18 19 18 22 23 21 19 18 13 13 16 17 17 16 12 9 9 9 10 11 12 17 23 29 31 28 26 15 6 0 0 0 0 0 0 0 0 0 0 0 0 0 0 1 1 1 1 1 1 1 1 1 1 1 1 1 1 1 1 1 1 1 1 1 1 1 1 1 1 1 1 1 1 1 1 1 1 1 1 1 1 1 1 1 1 1 1 1 1 1 1 1 1 1 1 1 1 1 1 1 1 1 1 1 1 1 1 9 23 45 49 35 8 8 8 8 8 9 10 10 11 12 15 17 22 25 29 31 33 35 37 41 46 49 54 60 75 78 61 51 56 64 61 40 16 15 15 9 8 7 8 
17 17 15 15 15 17 18 17 15 12 10 11 13 15 15 11 9 8 9 9 9 10 12 16 22 29 33 30 33 24 10 3 1 0 0 0 0 0 0 0 0 0 0 0 0 1 1 1 1 1 1 1 1 1 1 1 1 1 1 1 1 1 1 1 1 1 1 1 1 1 1 1 1 1 1 1 1 1 1 1 1 1 1 1 1 1 1 1 1 1 1 1 1 1 1 1 1 1 1 1 1 1 1 1 1 1 1 1 1 6 17 56 80 44 7 8 8 8 8 9 10 10 11 14 17 21 24 29 32 35 37 38 39 43 46 52 58 66 79 78 55 51 53 59 57 37 13 12 15 9 8 8 8 
14 14 12 12 14 14 12 15 12 10 9 10 11 12 11 10 9 8 8 8 10 10 11 15 21 28 33 32 38 33 18 11 2 0 0 0 0 0 0 0 0 0 0 0 0 1 1 1 1 1 1 1 1 1 1 1 1 1 1 1 1 1 1 1 1 1 1 1 1 1 1 1 1 1 1 1 1 1 1 1 1 1 1 1 1 1 1 1 1 1 1 1 1 1 1 1 1 1 1 1 1 1 1 1 1 1 1 2 1 5 10 52 72 39 8 8 8 8 8 9 10 10 11 14 17 21 24 29 33 37 40 41 43 44 49 56 60 76 87 83 58 50 53 56 54 32 11 12 12 9 8 8 8 
10 10 10 11 10 9 9 10 10 8 8 9 11 11 9 9 8 9 9 8 8 10 11 16 20 26 32 35 44 47 30 10 3 0 0 0 0 0 0 0 0 0 0 0 0 1 1 1 1 1 1 1 1 1 1 1 1 1 1 1 1 1 1 1 1 1 1 1 1 1 1 1 1 1 1 1 1 1 1 1 1 1 1 1 1 1 1 1 1 1 1 1 1 1 1 1 1 1 1 1 1 1 1 1 1 1 1 1 1 3 3 42 54 29 8 8 8 8 9 9 10 10 11 15 18 22 25 28 32 37 42 44 45 46 52 58 63 82 97 100 68 46 45 53 51 29 9 12 12 9 8 8 8 
11 11 11 10 10 9 9 10 9 8 8 9 10 10 9 8 8 9 9 8 9 11 12 16 20 24 32 35 47 45 29 5 3 0 0 0 0 0 0 0 0 0 0 0 0 1 1 1 1 1 1 1 1 1 1 1 1 1 1 1 1 1 1 1 1 1 1 1 1 1 1 1 1 1 1 1 1 1 1 1 1 1 1 1 1 1 1 1 1 1 1 1 1 1 1 1 1 1 1 1 1 1 1 1 1 1 1 2 1 3 3 36 46 23 9 8 8 8 9 10 11 11 13 16 19 23 26 29 32 38 43 45 47 49 54 58 65 86 104 120 77 43 43 53 49 26 8 12 12 10 9 9 9 
8 9 8 9 9 9 9 9 8 6 8 8 9 9 9 8 7 8 8 8 10 10 11 16 20 25 31 37 42 32 18 6 2 0 0 0 0 0 0 0 0 0 1 0 0 0 0 0 0 0 0 0 0 0 0 0 0 0 0 1 1 1 1 1 1 1 1 1 1 1 1 1 1 1 1 1 1 1 1 1 1 1 1 1 1 1 1 1 1 1 1 1 1 1 1 1 1 1 1 1 1 1 1 1 1 2 2 1 1 2 3 19 12 5 10 9 8 9 10 11 12 14 16 18 22 25 28 29 31 38 43 45 46 50 57 53 66 95 111 128 70 39 43 54 46 26 10 12 12 10 9 9 9 
7 8 8 9 9 9 9 8 8 8 6 8 8 8 8 7 6 8 8 8 10 9 11 16 19 24 32 33 33 26 16 5 2 0 0 0 0 0 0 0 0 0 1 0 0 0 0 0 0 0 0 0 0 0 0 0 0 0 0 1 1 1 1 1 1 1 1 0 0 1 1 1 1 1 1 1 1 1 1 1 1 1 1 1 1 1 1 1 1 1 1 1 1 1 1 1 1 1 1 1 1 1 1 1 1 2 2 1 1 2 3 18 12 7 10 9 8 9 10 11 13 16 18 19 24 26 28 30 32 38 43 45 47 51 61 58 68 97 129 118 59 37 44 56 44 24 10 12 12 10 10 10 9 
5 5 7 6 6 8 6 5 6 6 7 9 9 8 6 6 6 7 7 7 9 9 10 15 16 24 32 33 30 25 9 0 1 0 0 1 1 1 1 1 1 1 1 0 0 0 0 0 0 0 0 0 0 0 0 0 0 0 0 1 1 1 1 1 1 1 1 0 0 1 1 1 1 1 1 1 1 1 1 1 1 1 1 1 1 1 1 1 1 1 1 1 1 1 1 1 1 1 1 1 1 1 1 1 1 2 2 2 2 1 3 17 10 8 11 9 9 10 11 12 15 17 18 23 26 28 29 31 33 38 43 46 49 54 65 62 75 100 121 84 38 32 44 54 40 22 11 13 12 10 11 11 10 
4 4 4 5 6 8 6 5 6 8 9 11 9 10 9 9 9 7 7 7 9 9 10 14 17 25 31 39 38 24 6 0 0 0 0 1 1 1 1 1 1 1 1 0 0 0 0 0 0 0 0 0 0 0 0 0 0 0 0 1 1 1 1 1 1 1 1 0 0 1 1 1 1 1 1 1 1 1 1 1 1 1 1 1 1 1 1 1 1 1 1 1 1 1 1 1 1 1 1 1 1 1 1 1 1 2 2 2 2 1 3 15 10 8 12 9 10 12 12 13 16 17 18 23 26 28 30 31 33 38 43 46 51 55 60 67 89 101 101 60 31 29 42 50 36 19 12 13 12 11 11 11 11 
4 4 4 5 9 9 6 8 9 11 11 12 10 10 10 9 9 9 8 10 11 11 12 16 19 28 36 46 42 19 4 0 1 0 1 1 1 1 1 1 1 1 1 0 0 0 0 0 0 0 0 0 0 0 0 0 0 0 0 1 1 1 1 1 1 1 1 0 0 1 1 1 1 1 0 1 1 1 1 1 1 1 1 1 1 1 1 1 1 1 1 1 1 1 1 1 1 1 1 1 1 1 1 1 1 2 2 2 2 1 3 11 8 9 11 10 11 12 11 12 13 15 17 21 24 26 30 32 35 38 43 46 52 58 61 84 99 74 39 40 29 29 39 41 29 17 12 12 12 12 12 11 11 
4 4 4 5 7 9 8 8 9 10 11 13 13 12 12 11 11 11 12 12 12 14 16 17 21 31 44 53 44 18 2 0 1 0 0 1 1 1 1 1 1 1 1 0 0 0 0 0 0 0 0 0 0 0 0 0 0 0 0 1 1 1 1 1 1 1 1 0 0 1 1 0 2 2 0 1 1 1 1 1 1 1 1 1 1 1 1 1 1 1 1 1 1 1 1 1 1 1 1 1 1 1 1 1 1 2 2 2 2 1 3 9 7 9 11 11 11 11 11 11 12 12 15 18 21 23 28 31 36 40 44 46 53 57 68 92 100 72 38 39 29 30 38 34 22 15 12 12 12 12 12 12 11 
4 4 4 5 7 9 10 10 9 10 11 15 16 16 17 17 16 12 12 16 19 18 18 21 25 37 50 54 45 22 4 0 2 1 0 1 1 1 1 1 1 1 1 0 0 0 0 0 0 0 0 0 0 0 0 0 0 0 0 1 1 1 1 1 1 1 1 1 1 1 1 0 2 2 0 1 1 1 1 1 1 1 1 1 1 1 1 1 1 1 1 1 1 1 1 1 1 1 1 1 1 1 1 1 1 2 2 2 2 1 3 7 4 12 12 10 11 10 9 10 11 11 14 16 18 22 29 33 38 40 46 50 57 58 79 102 89 53 37 36 31 33 37 31 18 14 12 12 12 12 12 12 12 
3 4 5 6 7 10 10 9 10 11 15 18 23 26 28 25 21 14 10 16 20 19 17 21 29 40 50 56 42 19 5 0 2 0 0 1 1 1 1 1 1 1 1 0 0 0 0 0 0 0 0 0 0 0 0 0 0 0 0 1 1 1 1 1 1 1 1 1 1 1 2 0 2 1 1 1 1 1 1 1 1 1 1 1 1 1 1 1 1 1 1 1 1 1 1 1 1 1 1 1 1 1 1 1 1 2 2 2 2 1 3 3 2 12 13 11 15 11 8 10 12 11 14 15 16 19 27 32 37 39 45 57 61 67 97 103 71 36 33 33 32 37 36 29 18 14 12 12 12 12 12 12 12 
5 4 5 6 7 10 10 8 10 18 23 24 29 33 32 30 25 16 12 16 18 21 19 22 32 43 52 52 33 8 0 1 3 0 1 1 1 1 1 1 1 1 1 1 1 0 0 0 0 0 0 0 0 0 0 0 0 0 0 1 1 1 1 1 1 1 1 1 1 1 3 4 2 1 1 1 1 1 1 1 1 1 1 1 1 1 1 1 1 1 1 1 1 1 1 1 1 1 1 1 1 1 1 1 1 2 2 2 2 1 2 2 1 5 19 30 22 11 7 9 12 13 15 15 16 18 16 26 36 43 46 76 57 46 72 103 61 38 36 32 33 36 35 29 18 15 14 12 11 12 12 12 11 
5 6 5 6 8 11 10 10 12 22 25 28 30 36 38 36 31 25 22 22 24 26 26 28 33 40 51 44 19 2 0 1 3 0 1 1 1 1 1 1 1 1 1 1 1 0 0 0 0 0 0 0 0 0 0 0 0 0 0 1 1 1 1 1 1 1 1 1 1 2 4 4 2 1 1 2 1 1 1 1 1 1 1 1 1 1 1 1 1 1 1 1 1 1 1 1 1 1 1 1 1 1 1 1 1 2 2 1 1 1 2 2 1 12 31 42 29 10 4 9 16 16 18 17 21 23 32 44 49 50 50 60 44 45 73 110 65 38 36 33 33 35 33 28 17 15 12 12 11 12 12 12 12 
5 6 8 6 9 13 16 15 13 16 22 23 27 32 38 38 38 32 29 29 31 32 33 36 37 40 46 37 11 2 2 3 2 0 1 1 1 1 1 1 1 1 1 1 1 0 0 0 0 0 0 0 0 0 0 0 0 0 0 1 1 1 1 1 1 1 1 1 1 2 4 4 2 1 1 2 1 1 1 1 1 1 1 1 1 1 1 1 1 1 1 1 1 1 1 1 1 1 1 1 1 1 1 1 1 2 2 1 1 1 2 3 8 22 44 50 31 10 2 11 17 18 19 22 25 31 46 52 50 51 50 54 38 36 73 106 63 37 34 32 32 33 35 29 19 15 12 11 11 12 12 12 12 
5 6 8 7 9 13 16 16 15 15 18 20 23 27 36 40 44 43 42 40 39 38 37 38 39 42 46 33 8 2 2 3 1 0 0 1 1 1 1 1 1 1 1 1 1 0 0 0 0 0 0 0 0 0 0 0 0 0 0 1 1 1 1 1 1 1 1 1 1 2 3 3 2 1 1 2 1 1 1 1 1 1 1 1 1 1 1 1 1 1 1 1 1 1 1 1 1 1 1 1 1 1 1 1 1 2 2 2 2 1 2 8 17 30 44 45 26 9 4 12 16 18 22 25 29 33 46 47 50 52 50 57 40 33 84 106 59 33 43 32 31 32 35 31 22 16 12 12 12 12 12 14 12 
5 5 9 7 8 9 12 15 16 21 24 26 25 31 38 43 47 52 53 47 42 36 36 40 43 44 46 29 6 0 2 1 0 0 0 1 1 1 1 1 1 1 1 1 1 0 0 0 0 0 0 0 0 0 0 0 0 0 0 1 1 1 1 1 1 1 1 1 1 1 2 2 1 1 1 1 1 1 1 1 1 1 1 1 1 1 1 1 1 1 1 1 1 1 1 1 1 1 1 1 1 1 1 1 1 2 2 2 2 0 2 12 33 40 40 28 11 9 9 15 17 20 25 27 31 36 46 45 50 52 50 56 39 35 79 107 60 32 45 35 33 33 36 33 23 16 12 11 12 13 12 12 12 
6 8 9 9 9 11 15 17 18 25 30 31 30 36 44 49 50 56 59 51 42 32 32 38 43 46 47 33 8 1 2 1 0 0 1 1 1 1 1 1 1 1 1 1 1 0 0 0 0 0 0 0 0 0 0 0 0 0 0 1 1 1 1 1 1 1 1 1 1 1 1 1 1 2 2 1 1 1 1 1 1 1 1 1 1 1 1 1 1 1 1 1 1 1 1 1 1 1 1 1 1 1 1 1 1 2 2 1 2 0 3 16 40 37 33 18 5 8 11 15 18 19 24 27 33 38 46 44 49 53 48 50 37 37 75 106 72 38 42 39 38 35 39 35 25 17 12 11 11 12 12 12 12 
5 7 9 10 11 11 14 18 19 28 33 36 33 38 45 45 46 52 53 47 40 33 33 38 42 46 47 22 8 2 2 0 0 1 1 1 1 1 1 1 1 1 1 0 0 0 0 0 0 0 0 0 0 0 0 0 0 0 0 1 1 1 1 1 1 1 1 1 1 1 1 1 1 2 2 1 1 1 1 1 1 1 1 1 1 1 1 1 1 1 1 1 1 1 1 1 1 1 1 1 1 1 1 1 1 2 2 1 1 0 3 18 33 30 24 12 6 6 10 12 16 18 23 28 35 39 44 43 47 51 45 46 38 46 87 99 77 49 43 43 39 43 49 35 26 17 14 11 11 10 10 11 10 
4 5 8 9 11 11 14 17 19 21 30 36 34 35 37 35 35 35 36 39 36 30 33 40 44 44 35 8 6 2 2 0 0 0 1 1 1 1 1 1 1 0 0 0 0 0 0 0 0 0 0 0 0 0 0 0 0 0 0 1 1 1 1 1 1 1 1 1 1 1 1 1 1 2 2 1 1 1 1 1 1 1 1 1 1 1 1 1 1 1 1 1 1 1 1 1 1 1 1 1 1 1 1 1 1 2 2 1 1 0 4 19 31 24 16 10 5 6 10 12 16 18 22 29 37 40 42 41 44 46 44 47 47 59 95 87 75 64 45 44 38 43 52 31 23 18 15 12 11 10 10 10 9 
4 5 7 8 8 9 11 16 16 20 26 31 30 26 23 22 23 23 24 25 22 28 30 33 33 40 40 17 5 2 1 0 0 0 1 1 1 0 0 0 0 0 0 1 1 1 1 1 1 1 1 1 1 1 1 1 1 1 1 1 1 1 1 1 1 1 1 1 1 2 2 1 1 2 2 1 1 1 1 1 1 1 1 1 1 1 1 1 1 1 1 1 1 1 1 1 1 1 1 1 1 1 1 1 1 1 1 1 0 1 8 19 29 24 10 9 6 5 9 13 17 19 24 29 36 38 40 40 40 43 43 49 56 100 124 103 59 51 44 42 25 39 49 30 21 17 15 11 11 9 9 9 9 
4 4 5 5 7 8 10 12 16 15 16 23 20 15 10 9 9 11 14 9 13 19 17 14 16 26 31 18 3 0 1 0 0 0 1 1 1 1 0 0 0 0 0 1 1 1 1 1 1 1 1 1 1 1 1 1 1 1 1 1 1 1 1 1 1 1 1 1 1 2 2 1 1 2 2 1 1 1 1 1 1 1 1 1 1 1 1 1 1 1 1 1 1 1 1 1 1 1 1 1 1 1 1 1 1 1 1 1 4 8 13 19 29 24 15 9 6 6 9 12 16 18 23 26 32 35 38 38 42 41 45 51 56 92 128 102 43 47 43 37 23 40 51 39 18 15 13 11 11 10 10 9 9 
3 4 5 5 5 7 9 11 15 10 12 15 15 10 8 6 8 10 11 11 14 18 16 11 13 21 28 21 1 0 0 0 0 0 2 0 1 1 0 0 0 0 0 1 1 1 1 1 1 1 1 1 1 1 1 1 1 1 1 1 1 1 1 1 1 1 1 1 1 2 2 2 1 1 2 1 1 1 1 1 1 1 1 1 1 1 1 1 1 1 1 1 1 1 1 1 1 1 1 1 1 1 1 1 1 1 1 32 36 25 17 19 28 26 19 9 5 6 8 12 16 18 22 25 29 30 32 37 43 39 51 70 60 84 107 84 40 39 39 31 19 43 51 36 17 11 10 10 11 10 10 9 9 
3 4 4 5 7 8 9 11 12 11 10 11 10 6 5 5 5 6 8 11 18 22 19 16 18 22 30 18 2 0 0 0 0 0 2 1 1 0 0 0 0 0 0 1 1 1 1 1 1 1 1 1 1 1 1 1 1 1 1 1 1 1 1 1 1 1 1 1 2 2 2 2 1 1 2 1 1 1 1 1 1 1 1 1 1 1 1 1 1 1 1 1 1 1 1 1 1 1 1 1 1 1 1 1 0 0 0 65 70 42 24 21 26 29 28 17 9 6 9 13 16 18 22 24 26 28 29 38 45 51 66 78 61 80 90 71 40 28 28 25 18 48 48 26 12 11 10 11 11 11 10 10 9 
2 3 4 4 5 8 9 10 10 10 10 10 8 6 5 5 5 5 7 11 16 22 22 18 16 23 31 19 4 1 0 0 0 1 1 2 1 1 0 0 1 1 1 1 1 1 1 1 1 1 1 1 1 1 1 1 1 1 1 1 1 1 1 1 1 1 1 1 2 2 2 2 1 1 2 1 1 1 1 1 1 1 1 1 1 1 1 1 1 1 1 1 1 1 1 1 1 1 1 1 1 1 1 1 1 1 1 43 60 44 25 19 25 29 32 29 18 3 5 11 15 17 18 21 28 31 36 44 57 66 79 74 61 70 79 63 36 19 18 19 29 54 46 23 11 14 12 11 11 11 11 10 9 
2 3 3 4 5 8 8 9 9 9 9 9 8 6 5 4 4 4 4 6 11 15 15 13 15 24 31 20 6 2 0 0 1 0 1 1 1 1 1 1 1 1 1 1 1 1 1 1 1 1 1 1 1 1 1 1 1 1 1 1 1 1 1 1 1 1 1 1 1 1 1 1 1 1 1 1 1 1 1 1 1 1 1 1 1 1 1 1 1 1 1 1 1 1 1 1 1 1 1 1 1 1 1 1 1 1 1 23 36 35 24 19 23 29 35 33 22 9 12 17 18 17 21 22 29 43 50 59 67 71 77 72 58 59 66 52 30 12 16 18 36 52 41 22 14 17 14 11 11 11 11 10 10 
2 3 3 4 5 8 8 8 9 9 10 9 8 5 4 3 4 4 4 4 8 11 12 17 22 27 30 19 10 3 1 0 1 0 0 1 1 1 1 1 1 1 1 1 1 1 1 1 1 1 1 1 1 1 1 1 1 1 1 1 1 1 1 1 1 1 1 1 1 1 1 1 1 1 1 1 1 1 1 1 1 1 1 1 1 1 1 1 1 1 1 1 1 1 1 1 1 1 1 1 1 1 1 1 1 1 1 8 18 25 23 18 22 28 32 35 32 32 32 34 31 26 39 42 44 54 63 67 68 72 70 66 50 49 59 46 30 11 17 18 35 48 33 16 12 14 11 11 11 11 11 10 10 
1 2 3 3 4 4 4 4 5 8 10 9 8 5 4 3 4 5 5 4 10 20 23 24 20 23 38 29 12 1 1 0 0 0 0 0 0 0 0 0 0 0 0 1 1 1 1 1 1 1 1 1 1 1 1 1 1 1 1 1 1 1 1 1 1 1 1 1 1 1 1 1 1 1 1 1 1 1 1 1 1 1 1 1 1 1 1 1 1 1 1 1 1 1 1 1 1 1 1 1 1 1 1 1 1 1 1 7 11 21 24 16 21 28 30 33 36 39 40 43 41 44 58 57 59 59 60 63 65 66 64 59 46 47 57 45 32 15 18 18 32 40 26 9 9 11 10 10 10 11 11 11 11 
1 1 2 2 3 3 4 4 4 8 10 9 8 6 5 4 4 5 5 5 11 17 20 22 32 60 90 87 38 1 0 0 0 0 0 0 0 0 0 0 0 0 0 1 1 1 1 1 1 1 1 1 1 1 1 1 1 1 1 1 1 1 1 1 1 1 1 1 1 1 1 1 1 1 1 1 1 1 1 1 1 1 1 1 1 1 1 1 1 1 1 1 1 1 1 1 1 1 1 1 1 1 1 1 1 1 1 3 8 14 19 15 18 26 30 32 36 40 42 42 42 46 60 64 63 59 57 57 57 57 53 47 45 54 56 41 31 16 19 20 33 36 22 9 7 9 9 10 10 10 12 11 11 
1 1 2 2 3 3 4 4 3 5 8 8 6 5 5 4 3 4 6 6 11 16 32 67 110 151 172 157 75 8 1 1 0 0 0 0 0 0 0 0 0 0 0 1 1 1 1 1 1 1 1 1 1 1 1 1 1 1 1 1 1 1 1 1 1 1 1 1 1 1 1 1 1 1 1 1 1 1 1 1 1 1 1 1 1 1 1 1 1 1 1 1 1 1 1 1 1 1 1 1 1 1 1 1 1 1 1 2 5 14 17 15 17 25 30 31 35 36 37 38 37 38 49 57 59 52 49 46 47 47 47 46 45 52 52 34 29 17 19 24 34 35 21 9 8 9 10 9 10 11 12 11 11 
1 1 1 2 3 3 3 3 4 6 6 5 4 4 4 4 3 4 6 9 17 39 90 143 164 158 143 116 46 0 0 3 0 0 0 0 0 0 0 0 0 0 0 1 1 1 1 1 1 1 1 1 1 1 1 1 1 1 1 1 1 1 1 1 1 1 1 1 1 1 1 1 1 1 1 1 1 1 1 1 1 1 1 1 1 1 1 1 1 1 1 1 1 1 1 1 1 1 1 1 1 1 1 1 1 1 1 2 5 15 19 16 17 25 27 30 32 33 35 38 38 38 43 48 53 43 36 31 31 35 38 42 45 47 50 37 27 19 21 26 35 32 21 9 9 9 10 10 10 11 11 12 11 
1 1 1 1 1 3 3 4 4 5 6 5 5 6 6 5 4 5 6 12 38 88 129 124 97 72 53 37 11 0 0 0 1 0 0 0 0 0 0 0 0 0 0 1 1 1 1 1 1 1 1 1 1 1 1 1 1 1 1 1 1 1 1 1 1 1 1 1 1 1 1 1 1 1 1 1 1 1 1 1 1 1 1 1 1 1 1 1 1 1 1 1 1 1 1 1 1 1 1 1 1 1 1 1 1 1 1 2 5 16 22 19 19 25 25 24 29 30 31 36 37 38 42 43 38 33 29 25 26 28 31 33 40 47 52 46 36 19 21 24 35 35 21 9 9 9 10 10 10 10 11 11 11 
2 2 1 1 2 3 3 3 4 4 5 6 9 10 9 4 3 4 6 25 64 90 77 46 28 14 10 10 3 0 0 0 1 0 0 0 0 0 0 0 0 0 0 1 1 1 1 1 1 1 1 1 1 1 1 1 1 1 1 1 1 1 1 1 1 1 1 1 1 1 1 1 1 1 1 1 1 1 1 1 1 1 1 1 1 1 1 1 1 1 1 1 1 1 1 1 1 1 1 1 1 1 1 1 1 1 1 3 8 18 23 22 21 23 22 17 24 24 29 32 35 37 38 36 31 26 25 25 24 24 25 28 33 49 51 51 41 21 22 30 39 36 19 8 10 10 10 11 10 10 10 10 10 
2 2 1 2 2 3 3 3 4 4 4 6 8 9 8 4 2 4 19 45 59 44 19 8 5 5 11 11 0 0 1 0 0 0 0 0 0 0 0 0 0 0 0 1 1 1 1 1 1 1 1 1 1 1 1 1 1 1 1 1 1 1 1 1 1 1 1 1 1 1 1 1 1 1 1 1 1 1 1 1 1 1 1 1 1 1 1 1 1 1 1 1 1 1 1 1 1 1 1 1 1 1 1 1 1 1 1 4 10 19 25 25 23 22 19 17 16 19 26 31 35 35 33 32 30 28 26 27 26 23 23 24 30 44 45 46 41 21 22 44 45 35 18 8 10 12 11 11 11 10 10 9 10 
1 1 1 2 1 3 3 3 3 3 3 6 6 8 8 5 4 12 36 44 30 10 6 10 10 11 13 10 2 0 1 0 0 0 0 0 0 0 0 0 0 0 0 1 1 1 1 1 1 1 1 1 1 1 1 1 1 1 1 1 1 1 1 1 1 1 1 1 1 1 1 1 1 1 1 1 1 1 1 1 1 1 1 1 1 1 1 1 1 1 1 1 1 1 1 1 1 1 1 1 1 1 1 1 1 1 1 5 12 23 27 27 24 22 18 15 16 22 26 34 37 33 31 30 28 26 26 28 25 25 24 25 30 40 44 46 33 21 22 51 47 36 18 10 11 12 12 10 10 9 9 10 11 
2 2 2 3 3 3 3 3 3 3 4 6 6 6 8 8 10 19 25 15 6 9 11 12 11 11 10 2 1 1 1 1 0 0 0 0 0 0 0 0 0 0 0 1 1 1 1 1 1 1 1 1 1 1 1 1 1 1 1 1 1 1 1 1 1 1 1 1 1 1 1 1 1 1 1 1 1 1 1 1 1 1 1 1 1 1 1 1 1 1 1 1 1 1 1 1 1 1 1 1 1 1 1 1 1 1 2 7 14 24 29 27 25 21 18 17 19 24 30 37 39 36 30 29 25 25 26 29 29 25 24 28 31 38 43 45 29 21 23 54 47 30 18 11 14 14 12 11 10 9 9 10 11 
3 3 3 3 3 3 3 3 3 3 5 5 5 5 8 9 12 17 14 11 6 7 10 11 11 11 8 2 1 1 1 0 0 0 0 0 0 0 0 0 0 0 1 1 1 1 1 1 1 1 1 1 1 1 1 1 1 1 1 1 1 1 1 1 1 1 1 1 1 1 1 1 1 1 1 1 1 1 1 1 1 1 1 1 1 1 1 1 1 1 1 1 1 1 1 1 1 1 1 1 1 1 1 1 1 2 4 7 16 25 27 26 23 23 20 19 22 26 31 37 38 35 30 28 24 24 26 30 30 25 28 31 32 37 42 36 26 20 39 65 38 22 16 12 14 14 14 11 11 10 9 9 9 
3 3 3 3 3 3 3 2 3 3 4 4 5 5 9 11 14 15 10 9 8 8 8 10 8 10 8 2 1 1 1 0 0 0 0 0 0 0 0 0 0 0 1 1 1 1 1 1 1 1 1 1 1 1 1 1 1 1 1 1 1 1 1 1 1 1 1 1 1 1 1 1 1 1 1 1 1 1 1 1 1 1 1 1 1 1 1 1 1 1 1 1 1 1 1 1 1 1 1 1 1 1 1 1 1 2 8 7 17 25 27 24 23 22 20 19 23 29 33 36 36 32 28 26 26 25 28 30 31 30 35 36 37 39 43 33 25 22 46 64 35 19 16 15 15 14 14 12 11 10 9 9 9 
3 3 3 3 3 2 2 1 3 3 5 4 5 5 11 16 14 9 6 5 7 8 7 9 9 9 7 2 1 1 1 0 0 0 0 0 0 0 0 1 1 0 1 1 1 1 1 1 1 1 1 1 1 1 1 1 1 1 1 1 1 1 1 1 1 1 1 1 1 1 1 1 1 1 1 1 1 1 1 1 1 1 1 1 1 1 1 1 1 1 1 1 1 1 1 1 1 1 1 1 1 1 1 1 1 2 8 8 18 26 26 23 22 22 20 22 24 31 34 33 31 29 26 25 28 30 30 31 33 35 38 40 42 43 44 34 27 26 48 63 29 17 16 16 15 15 14 15 11 11 10 10 10 
3 3 3 3 2 1 2 2 3 3 5 5 5 7 15 16 10 5 5 4 7 8 7 9 10 9 7 2 1 1 1 0 0 0 0 0 0 0 0 1 1 0 1 1 1 1 1 1 1 1 1 1 1 1 1 1 1 1 1 1 1 1 1 1 1 1 1 1 1 1 1 1 1 1 1 1 1 1 1 1 1 1 1 1 1 1 1 1 1 1 1 1 1 1 1 1 1 1 1 1 1 1 1 1 1 2 6 10 21 26 24 22 21 22 22 23 25 30 32 29 28 26 25 26 29 32 33 33 31 33 38 40 43 45 43 34 29 31 51 60 24 16 16 15 15 15 15 15 12 11 10 10 10 
3 3 2 3 3 2 2 2 2 3 3 4 7 11 14 12 9 8 6 5 8 8 8 9 9 9 7 2 1 1 1 0 0 0 0 0 0 0 0 1 1 1 1 1 1 1 1 1 1 1 1 1 1 1 1 1 1 1 1 1 1 1 1 1 1 1 1 1 1 1 1 1 1 1 1 1 1 1 1 1 1 1 1 1 1 1 1 1 1 1 1 1 1 1 1 1 1 1 1 1 1 1 1 1 1 2 6 12 23 26 24 22 21 23 23 23 25 29 30 28 26 26 26 27 29 30 30 30 28 30 38 43 44 46 45 33 29 37 57 50 21 15 15 14 14 15 15 15 15 14 10 9 9 
2 2 2 3 3 2 2 2 3 4 4 5 12 16 12 10 9 8 6 5 8 8 8 10 9 8 5 2 1 1 1 0 0 0 0 0 0 0 0 1 1 1 1 1 1 1 1 1 1 1 1 1 1 1 1 1 1 1 1 1 1 1 1 1 1 1 1 1 1 1 1 1 1 1 1 1 1 1 1 1 1 1 1 1 1 1 1 1 1 1 1 1 1 1 1 1 1 1 1 1 1 1 1 1 1 2 5 11 22 25 25 23 21 23 24 24 25 29 30 28 26 26 26 30 31 28 28 30 31 36 39 42 43 46 44 32 29 40 52 38 18 15 15 14 14 14 15 15 15 14 12 11 10 
2 1 2 2 2 1 1 2 2 3 7 10 15 15 10 10 9 6 6 7 8 8 8 10 9 7 4 2 1 1 1 0 0 0 0 0 0 0 0 1 1 1 1 1 1 1 1 1 1 1 1 1 1 1 1 1 1 1 1 1 1 1 1 1 1 1 1 1 1 1 1 1 1 1 1 1 1 1 1 1 1 1 1 1 1 1 1 1 1 1 1 1 1 1 1 1 1 1 1 1 1 1 1 1 1 1 4 11 23 27 26 24 23 25 26 25 26 26 26 26 26 29 30 30 30 30 30 30 32 36 40 45 46 46 43 31 32 45 50 29 17 15 14 12 12 12 14 14 14 15 12 11 10 
2 2 2 2 2 1 1 1 0 9 19 18 16 10 8 9 8 8 8 7 8 9 8 10 9 7 4 2 1 0 0 0 0 0 0 0 0 0 0 1 1 1 1 1 1 1 1 1 1 1 1 1 1 1 1 1 1 1 1 1 1 1 1 1 1 1 1 1 1 1 1 1 1 1 1 1 1 1 1 1 1 1 1 1 1 1 1 1 1 1 1 1 1 1 1 1 1 1 1 1 1 1 1 1 1 1 4 11 24 29 27 26 25 26 26 26 26 24 24 23 24 28 30 30 30 32 31 30 32 36 43 46 47 47 40 31 36 46 47 25 16 14 14 12 12 12 12 14 14 15 15 11 10 
2 2 2 2 2 1 1 2 9 19 28 21 10 8 7 8 8 7 7 8 8 9 9 9 8 7 3 2 1 0 0 0 0 0 0 0 0 0 0 1 1 1 1 1 1 1 1 1 1 1 1 1 1 1 1 1 1 1 1 1 1 1 1 1 1 1 1 1 1 1 1 1 1 1 1 1 1 1 1 1 1 1 1 1 1 1 1 1 1 1 1 1 1 1 1 1 1 1 1 1 1 1 1 1 1 1 2 9 22 28 28 26 25 24 24 25 24 19 17 18 22 29 30 30 30 30 30 30 30 37 44 53 48 45 38 30 37 45 26 19 16 15 14 12 12 12 12 12 14 14 15 12 12 
2 3 3 3 3 1 1 9 22 26 22 16 7 7 7 6 8 7 8 8 8 9 9 10 9 7 2 1 1 0 0 0 0 0 0 0 0 0 0 1 1 1 1 1 1 1 1 1 1 1 1 1 1 1 1 1 1 1 1 1 1 1 1 1 1 1 1 1 1 1 1 1 1 1 1 1 1 1 1 1 1 1 1 1 1 1 1 1 1 1 1 1 1 1 1 1 1 1 1 1 1 1 1 1 1 1 2 10 22 28 28 26 25 24 24 23 22 16 10 11 15 22 25 28 28 29 29 26 26 37 44 53 47 43 37 29 39 42 25 16 15 15 14 12 12 11 11 12 12 14 14 15 15 
3 3 3 3 1 1 4 17 29 25 14 9 5 6 6 8 8 7 8 8 8 9 10 9 8 8 2 1 1 0 0 0 0 0 0 0 0 0 0 1 1 1 1 1 1 1 1 1 1 1 1 1 1 1 1 1 1 1 1 1 1 1 1 1 1 1 1 1 1 1 1 1 1 1 1 1 1 1 1 1 1 1 1 1 1 1 1 1 1 1 1 1 1 1 1 1 1 1 1 1 1 1 1 1 1 1 3 11 23 27 27 25 25 24 24 22 19 12 8 8 10 12 16 18 22 24 24 25 24 35 43 46 42 40 35 29 40 38 21 14 14 14 12 11 11 11 11 12 12 12 14 15 15 
1 3 3 2 1 2 15 26 28 16 7 7 5 6 6 6 8 7 7 8 8 9 9 8 7 6 3 1 1 0 0 0 0 0 0 0 0 0 0 1 1 1 1 1 1 1 1 1 1 1 1 1 1 1 1 1 1 1 1 1 1 1 1 1 1 1 1 1 1 1 1 1 1 1 1 1 1 1 1 1 1 1 1 1 1 1 1 1 1 1 1 1 1 1 1 1 1 1 1 1 1 1 1 1 1 1 3 12 24 27 27 24 24 23 23 22 18 11 7 6 9 9 9 11 12 16 17 22 23 30 39 43 37 38 33 29 39 38 17 11 14 14 12 11 11 11 11 12 12 12 12 14 15 
2 4 3 1 5 15 28 32 21 7 5 5 5 6 6 8 8 7 8 8 8 9 10 9 8 7 2 2 1 1 1 0 0 0 0 0 0 1 1 1 1 1 1 1 1 1 1 1 1 1 1 1 1 1 1 1 1 1 1 1 1 1 1 1 1 1 1 1 1 1 1 1 1 1 1 1 1 1 1 1 1 1 1 1 1 1 1 1 1 1 1 1 1 1 1 1 1 1 1 1 1 1 1 1 1 1 3 16 27 28 24 23 24 23 23 21 17 10 6 4 7 9 10 9 11 15 18 23 25 30 37 36 31 35 35 31 38 33 12 10 12 12 11 10 10 11 11 11 11 11 12 14 15 
1 3 3 1 12 25 30 24 12 3 5 7 5 6 6 8 8 7 8 7 8 9 9 9 8 4 3 1 1 1 1 0 0 0 0 0 0 1 1 1 1 1 1 1 1 1 1 1 1 1 1 1 1 1 1 1 1 1 1 1 1 1 1 1 1 1 1 1 1 1 1 1 1 1 1 1 1 1 1 1 1 1 1 1 1 1 1 1 1 1 1 1 1 1 1 1 1 1 1 1 1 1 1 1 1 1 3 17 27 26 24 22 23 22 22 21 17 10 5 4 5 9 10 10 12 16 19 24 26 30 33 32 24 31 36 35 38 28 11 10 12 12 11 10 10 10 10 11 11 11 11 12 14 
2 5 4 3 21 30 21 11 10 9 6 6 6 6 8 8 8 7 8 7 8 9 9 9 7 3 2 1 1 1 1 1 1 1 1 1 1 1 1 1 1 1 1 1 1 1 1 1 1 1 1 1 1 1 1 1 1 1 1 1 1 1 1 1 1 1 1 1 1 1 1 1 1 1 1 1 1 1 1 1 1 1 1 1 1 1 1 1 1 1 1 1 1 1 1 1 1 1 1 1 1 1 1 1 1 1 4 18 26 24 22 21 22 21 21 20 16 9 5 5 6 9 10 9 11 18 20 24 26 29 31 31 25 31 39 38 41 25 10 9 11 11 10 9 9 9 9 9 10 10 10 11 11 
2 8 10 15 17 15 10 5 9 8 6 5 6 6 8 8 8 7 8 8 9 10 9 9 8 3 2 1 1 1 1 1 1 1 1 1 1 1 1 1 1 1 1 1 1 1 1 1 1 1 1 1 1 1 1 1 1 1 1 1 1 1 1 1 1 1 1 1 1 1 1 1 1 1 1 1 1 1 1 1 1 1 1 1 1 1 1 1 1 1 1 1 1 1 1 1 1 1 1 1 1 1 1 1 2 1 5 19 25 23 21 22 22 21 21 19 15 8 5 5 6 9 10 9 11 17 20 23 26 29 31 31 28 32 37 39 44 24 9 9 10 11 10 9 9 9 9 9 9 9 10 10 10 
2 8 12 15 15 13 11 8 5 5 6 4 5 5 7 7 7 7 8 8 9 10 10 10 8 3 2 2 1 1 1 1 1 1 1 1 1 1 1 1 1 1 1 1 1 1 1 1 1 1 1 1 1 1 1 1 1 1 1 1 1 1 1 1 1 1 1 1 1 1 1 1 1 1 1 1 1 1 1 1 1 1 1 1 1 1 1 1 1 1 1 1 1 1 1 1 1 1 1 2 2 2 2 2 2 2 8 27 25 21 21 21 21 21 19 19 12 7 4 6 8 9 9 10 12 16 19 21 25 26 29 29 29 32 33 39 43 22 10 9 11 11 10 9 9 9 9 9 10 9 9 10 10 
8 11 11 14 12 10 9 8 5 5 6 5 5 5 7 7 7 8 9 8 9 10 10 10 10 3 1 1 1 1 1 1 1 1 1 1 1 1 1 1 1 1 1 1 1 1 1 1 1 1 1 1 1 1 1 1 1 1 1 1 1 1 1 1 1 1 1 1 1 1 1 1 1 1 1 1 1 1 1 1 1 1 1 1 1 1 1 1 1 1 1 1 1 1 1 1 1 1 1 2 2 2 2 2 2 2 10 30 25 19 21 21 21 21 19 18 11 5 3 5 8 9 9 9 11 13 17 19 24 25 26 28 28 30 32 38 43 18 10 9 10 11 10 10 10 10 10 9 9 9 9 9 10 
10 14 12 11 10 8 6 6 6 6 6 5 5 5 7 8 8 9 10 9 9 11 12 12 13 4 1 1 1 1 1 1 1 1 1 1 1 1 1 1 1 1 1 1 1 1 1 1 1 1 1 1 1 1 1 1 1 1 1 1 1 1 1 1 1 1 1 1 1 1 1 1 1 1 1 1 1 1 1 1 1 1 1 1 1 1 1 1 1 1 1 1 1 1 1 1 1 1 1 2 2 2 2 2 2 2 12 30 24 18 19 19 19 20 19 16 8 4 3 4 7 8 9 9 10 10 14 18 22 23 25 25 26 29 29 37 40 16 9 9 10 10 10 9 9 9 9 8 8 9 9 10 10 
16 15 11 9 9 8 6 6 6 6 6 5 5 7 7 8 8 9 10 9 9 11 12 13 13 4 1 1 1 1 1 1 1 1 1 1 1 1 1 1 1 1 1 1 1 1 1 1 1 1 1 1 1 1 1 1 1 1 1 1 1 1 1 1 1 1 1 1 1 1 1 1 1 1 1 1 1 1 1 1 1 1 1 1 1 1 1 1 1 1 1 1 1 1 1 1 1 1 1 2 2 2 2 2 2 1 12 29 22 17 18 18 18 19 19 16 8 4 3 4 5 8 9 9 9 9 12 17 21 22 23 24 25 26 28 35 39 15 8 9 9 9 9 9 9 9 9 8 8 9 9 10 10 
17 11 5 7 7 6 6 6 6 6 6 7 7 8 8 8 9 10 10 10 10 11 13 13 13 4 1 1 1 1 1 1 1 1 1 1 1 1 1 1 1 1 1 1 1 1 1 1 1 1 1 1 1 1 1 1 1 1 1 1 1 1 1 1 1 1 1 1 1 1 1 1 1 1 1 1 1 1 1 1 1 1 1 1 1 1 1 1 1 1 1 1 1 1 1 1 1 1 1 2 2 2 2 2 2 1 14 28 21 17 17 18 17 18 18 16 8 3 3 4 5 6 8 8 8 10 11 16 18 19 21 22 23 25 28 32 37 12 8 8 9 8 8 9 9 9 9 9 9 9 9 10 10 
15 10 7 7 7 6 6 5 5 6 8 7 7 8 9 9 9 10 10 10 10 11 13 13 16 5 1 1 1 1 1 1 1 1 1 1 1 1 1 1 1 1 1 1 1 1 1 1 1 1 1 1 1 1 1 1 1 1 1 1 1 1 1 1 1 1 1 1 1 1 1 1 1 1 1 1 1 1 1 1 1 1 1 1 1 1 1 1 1 1 1 1 1 1 1 1 1 1 1 2 2 2 2 2 2 2 14 28 19 16 17 17 16 17 17 16 8 4 3 3 4 5 6 6 9 10 11 15 17 18 21 21 22 23 25 32 37 14 8 10 8 7 8 9 9 9 9 9 9 9 9 10 10 
12 10 8 8 7 6 5 6 6 6 8 7 7 8 9 9 9 10 10 10 10 10 14 15 17 8 1 1 1 1 1 1 1 1 1 1 1 1 1 1 1 1 1 1 1 1 1 1 1 1 1 1 1 1 1 1 1 1 1 1 1 1 1 1 1 1 1 1 1 1 1 1 1 1 1 1 1 1 1 1 1 1 1 1 1 1 1 1 1 1 1 1 1 1 1 1 1 1 1 1 1 1 1 1 1 4 16 28 19 16 16 17 16 16 16 18 10 5 4 3 4 4 4 4 7 8 10 14 16 17 19 19 21 22 23 31 35 15 8 10 10 8 8 8 8 8 9 10 10 9 9 9 9 
10 10 4 4 4 5 6 6 6 6 8 7 7 8 9 9 10 11 11 11 11 10 14 16 18 10 1 1 1 1 1 1 1 1 1 1 1 1 1 1 1 1 1 1 1 1 1 1 1 1 1 1 1 1 1 1 1 1 1 1 1 1 1 1 1 1 1 1 1 1 1 1 1 1 1 1 1 1 1 1 1 1 1 1 1 1 1 1 1 1 1 1 1 1 1 1 1 1 1 1 1 1 1 1 1 4 18 25 21 17 18 18 15 15 16 17 6 5 4 3 3 3 4 4 5 7 9 14 16 17 18 18 19 21 23 29 35 15 7 10 10 8 8 8 8 8 9 10 10 9 9 9 9 
10 5 3 5 5 6 6 6 6 8 8 8 8 9 9 9 9 11 11 12 12 11 13 23 26 12 1 1 1 1 1 1 1 1 1 1 1 1 1 1 1 1 1 1 1 1 1 1 1 1 1 1 1 1 1 1 1 1 1 1 1 1 1 1 1 1 1 1 1 1 1 1 1 1 1 1 1 1 1 1 1 1 1 1 1 1 1 1 1 1 1 1 1 1 1 1 1 1 1 1 1 1 2 1 1 5 12 22 21 22 23 20 16 16 16 21 2 7 5 4 4 4 4 4 4 7 9 14 16 17 18 19 19 19 21 30 33 16 8 10 10 9 9 8 8 8 8 9 9 8 9 9 9 
8 4 3 5 5 6 6 6 6 8 8 8 8 9 9 9 9 11 11 12 12 12 18 30 31 18 1 1 1 1 1 1 1 1 1 1 1 1 1 1 1 1 1 1 1 1 1 1 1 1 1 1 1 1 1 1 1 1 1 1 1 1 1 1 1 1 1 1 1 1 1 1 1 1 1 1 1 1 1 1 1 1 1 1 1 1 1 1 1 1 1 1 1 1 1 1 1 1 1 1 1 1 2 1 2 7 14 19 21 18 18 22 17 15 17 56 22 8 5 4 4 4 5 4 7 8 9 12 15 16 17 18 18 19 18 27 31 17 8 8 9 8 8 7 7 7 8 9 9 8 9 8 9 
9 8 5 6 6 5 6 6 8 8 8 8 8 9 10 10 10 12 12 13 13 12 22 31 26 7 1 1 1 1 1 1 1 1 1 1 1 1 1 1 1 1 1 1 1 1 1 1 1 1 1 1 1 1 1 1 1 1 1 1 1 1 1 1 1 1 1 1 1 1 1 1 1 1 1 1 1 1 1 1 1 1 1 1 1 1 1 1 1 1 1 1 1 1 1 1 1 1 1 1 1 1 2 2 3 8 16 29 35 45 39 25 17 17 17 88 31 2 4 3 4 4 5 5 8 10 10 12 14 16 17 18 18 19 19 27 31 17 8 8 9 8 8 7 7 7 8 9 9 8 9 8 9 
8 8 6 6 6 6 6 8 8 8 8 8 8 10 10 10 10 12 12 13 13 14 18 27 19 1 1 1 1 1 1 1 1 1 1 1 1 1 1 1 1 1 1 1 1 1 1 1 1 1 1 1 1 1 1 1 1 1 1 1 1 1 1 1 1 1 1 1 1 1 1 1 1 1 1 1 1 1 1 1 1 1 1 1 1 1 1 1 1 1 1 1 1 1 1 1 1 1 1 1 1 1 1 1 0 7 31 82 127 130 86 39 19 18 17 56 19 0 3 3 4 4 5 5 8 10 12 15 16 18 22 22 23 23 23 30 33 17 8 8 8 9 9 8 8 8 9 9 9 8 9 8 9 
6 6 6 6 6 6 8 8 8 8 9 8 8 10 11 10 10 11 12 13 13 15 17 19 11 1 1 1 1 1 1 1 1 1 1 1 1 1 1 1 1 1 1 1 1 1 1 1 1 1 1 1 1 1 1 1 1 1 1 1 1 1 1 1 1 1 1 1 1 1 1 1 1 1 1 1 1 1 1 1 1 1 1 1 1 1 1 1 1 1 1 1 1 1 1 1 1 1 1 1 1 1 1 1 1 24 66 156 219 215 133 61 26 19 18 13 10 1 4 3 3 3 4 4 7 10 14 15 17 23 25 25 26 25 24 31 33 17 8 8 9 9 9 9 9 9 9 9 9 10 10 9 10 
6 6 6 6 6 6 8 8 8 9 10 9 9 11 12 11 11 11 12 13 15 17 17 14 7 1 1 1 1 1 1 1 1 1 1 1 1 1 1 1 1 1 1 1 1 1 1 1 1 1 1 1 1 1 1 1 1 1 1 1 1 1 1 1 1 1 1 1 1 1 1 1 1 1 1 1 1 1 1 1 1 1 1 1 1 1 1 1 1 1 1 1 1 1 1 1 1 1 1 1 1 1 1 5 2 26 71 155 199 202 137 64 32 26 24 15 9 3 3 2 3 4 5 5 8 12 14 15 17 24 25 26 26 25 24 31 32 17 8 8 9 9 9 9 9 9 10 9 9 10 10 9 10 
6 6 8 8 8 8 8 8 8 9 10 9 9 11 12 12 12 12 13 12 15 17 17 12 4 1 1 1 1 1 1 1 1 1 1 1 1 1 1 1 1 1 1 1 1 1 1 1 1 1 1 1 1 1 1 1 1 1 1 1 1 1 1 1 1 1 1 1 1 1 1 1 1 1 1 1 1 1 1 1 1 1 1 1 1 1 1 1 1 1 1 1 1 1 1 1 1 1 1 2 2 2 2 5 3 15 44 88 103 104 88 51 32 36 38 22 11 2 3 3 5 5 5 8 10 14 14 16 17 23 24 24 24 24 24 31 33 17 8 8 9 9 9 9 9 9 10 10 10 10 10 8 9 
5 5 8 8 8 8 8 8 10 10 10 10 10 11 12 12 13 13 13 12 15 17 18 10 3 1 1 1 1 1 0 0 0 0 1 1 1 1 1 1 1 1 1 1 1 1 1 1 1 1 1 1 1 1 1 1 1 1 1 1 1 1 1 1 1 1 1 1 1 1 1 1 1 1 1 1 1 1 1 1 1 1 1 1 1 1 1 1 1 1 1 1 1 1 1 1 1 1 1 2 2 2 2 3 4 12 19 32 31 39 51 47 47 63 70 29 16 4 5 4 7 5 5 9 10 14 15 16 17 22 22 21 21 23 24 33 37 17 9 9 9 9 8 9 9 9 10 10 10 10 10 9 9 
5 6 6 8 8 8 8 8 9 10 10 9 10 11 11 11 12 12 14 38 32 23 14 10 4 1 1 1 1 0 0 0 0 0 0 1 1 1 1 1 1 1 1 1 1 1 1 1 1 1 1 1 1 1 1 1 1 1 1 1 1 1 1 1 1 1 1 1 1 1 1 1 1 1 1 1 1 1 1 1 1 1 1 1 1 1 1 1 1 1 1 1 1 1 1 1 1 1 1 2 2 2 2 2 4 13 22 21 16 22 36 52 72 86 81 61 24 8 9 10 8 9 9 10 12 15 15 18 19 22 22 20 19 22 25 33 38 18 9 11 10 10 10 10 10 10 10 8 8 8 9 9 9 
5 6 6 8 8 8 8 8 9 10 10 10 10 11 11 11 12 12 14 47 45 37 30 8 3 1 1 1 1 0 0 0 0 0 0 1 1 1 1 1 1 1 1 1 1 1 1 1 1 1 1 1 1 1 1 1 1 1 1 1 1 1 1 1 1 1 1 1 2 1 1 1 1 1 1 1 1 1 1 1 1 1 1 1 1 1 1 1 1 1 1 1 1 1 1 1 1 1 1 2 2 2 2 2 4 12 22 24 19 21 31 66 100 108 85 53 24 12 12 12 11 11 11 12 13 16 17 19 19 20 23 19 18 20 24 33 39 18 9 11 11 11 11 11 10 10 10 8 8 8 9 9 9 
5 5 5 8 8 8 8 9 10 10 11 10 10 11 11 11 14 14 14 38 38 36 31 5 3 1 1 0 0 0 0 0 0 0 0 1 1 1 1 1 1 1 1 1 1 1 1 1 1 1 1 1 1 1 1 1 1 1 1 1 1 1 1 1 1 1 1 2 2 1 1 1 1 1 1 1 1 1 1 1 1 1 1 1 1 1 1 1 1 1 1 1 1 1 1 1 1 1 1 2 2 2 2 3 4 12 22 24 19 19 23 55 94 99 67 41 24 20 18 17 16 15 15 14 16 18 21 21 18 18 19 18 17 17 22 32 37 18 10 11 11 10 10 10 10 9 9 8 8 9 9 9 9 
7 7 7 9 9 8 9 10 10 10 11 10 10 11 11 11 14 15 15 17 18 17 12 9 4 1 1 0 0 0 0 0 0 0 0 1 1 1 1 1 1 1 1 1 1 1 1 1 1 1 1 1 1 1 1 1 1 1 1 1 1 1 1 1 1 2 2 2 2 1 1 1 1 1 1 1 1 1 1 1 1 1 1 1 1 1 1 1 1 1 1 1 1 1 1 1 1 1 1 2 2 2 2 3 4 12 20 24 19 19 19 37 67 70 38 29 23 20 20 19 19 18 18 17 17 18 18 18 17 16 16 15 15 14 16 25 32 18 10 12 12 11 11 11 10 10 10 9 9 9 9 9 9 
7 8 8 9 9 8 8 10 10 11 11 10 11 12 12 13 16 16 17 23 23 16 10 5 4 1 1 0 0 0 0 0 0 0 0 1 1 1 1 1 1 1 1 1 1 1 1 1 1 1 1 1 1 1 1 1 1 1 1 1 1 1 1 1 1 2 2 2 2 1 1 1 1 1 1 1 1 1 1 1 1 1 1 1 1 1 1 1 1 1 1 1 1 1 1 1 1 1 1 2 2 2 2 3 5 12 22 23 18 19 19 29 47 50 29 18 19 19 19 19 18 19 19 18 18 18 18 18 17 16 16 15 15 13 15 18 26 19 11 11 11 11 11 11 11 10 10 9 9 10 10 11 11 
8 8 8 9 9 8 9 10 10 11 11 10 11 12 12 13 16 16 17 23 23 16 10 5 4 1 1 0 0 0 0 0 0 0 0 1 1 1 1 1 1 1 1 1 1 1 1 1 1 1 1 1 1 1 1 1 1 1 1 1 1 1 1 1 2 2 2 2 2 1 1 1 1 1 1 1 1 1 1 1 1 1 1 1 1 1 1 1 1 1 1 1 1 1 1 1 1 1 1 2 2 2 2 3 5 12 22 23 15 19 23 30 38 35 22 16 18 18 18 18 17 18 18 18 18 18 18 18 17 16 15 15 13 13 15 17 23 19 11 11 11 11 12 12 11 11 11 10 10 10 10 11 11 
8 8 9 10 9 10 10 10 11 11 11 11 11 12 12 15 16 16 17 22 23 19 13 8 3 2 1 0 0 0 0 0 0 0 0 1 1 1 1 1 1 1 1 1 1 1 1 1 1 1 1 1 1 1 1 1 1 1 1 1 1 1 1 0 2 3 2 2 2 1 1 1 1 1 1 1 1 1 1 1 1 1 1 1 1 1 1 1 1 1 1 1 1 1 1 1 1 1 1 2 2 1 1 3 5 11 21 23 17 20 24 29 30 23 18 17 16 17 18 18 17 17 17 18 18 19 19 19 19 18 18 18 17 17 18 22 27 17 10 12 12 12 14 14 12 12 12 11 11 10 11 11 11 
8 8 9 10 9 10 10 11 11 11 11 11 11 12 14 15 17 17 18 23 24 22 15 9 3 1 1 0 0 0 0 0 0 0 0 1 1 1 1 1 1 1 1 1 1 1 1 1 1 1 1 1 1 1 1 1 1 1 1 1 1 1 0 0 3 4 2 2 2 1 2 1 1 1 1 1 1 1 1 1 1 1 1 1 1 1 1 1 1 1 1 1 1 1 1 1 1 1 1 2 2 2 2 2 4 10 19 25 18 20 24 23 20 21 18 16 17 17 18 18 18 18 19 21 19 20 19 20 22 20 20 17 19 18 19 29 29 17 10 12 12 12 14 14 14 14 14 12 12 11 12 12 12 
8 9 9 10 10 10 11 11 11 12 12 13 13 14 14 15 16 17 17 19 21 21 17 10 3 2 1 0 0 0 0 0 0 0 0 1 1 1 1 1 1 1 1 1 1 1 1 1 1 1 1 1 1 1 1 1 1 1 1 1 1 0 0 0 3 3 1 1 1 1 1 1 1 1 1 1 1 1 1 1 1 1 1 1 1 1 1 1 1 1 1 1 1 1 1 1 1 1 1 1 1 2 2 2 4 11 21 26 18 18 24 22 17 19 21 17 17 18 18 18 21 21 21 21 21 19 19 18 22 19 18 15 19 18 18 26 28 15 10 14 14 14 15 15 15 14 14 12 12 12 14 14 14 
8 9 9 10 11 11 11 12 12 12 12 13 13 14 14 15 15 16 16 16 16 22 22 10 3 2 1 0 0 0 0 0 0 0 0 1 1 1 1 1 1 1 1 1 1 1 1 1 1 1 1 1 1 1 1 1 1 1 1 1 1 1 0 0 4 3 0 1 1 1 1 1 1 1 1 1 1 1 1 1 1 1 1 1 1 1 1 1 1 1 1 1 1 1 1 1 1 1 1 1 1 2 3 2 4 11 21 29 24 23 25 25 20 19 21 19 17 18 18 19 22 22 22 21 21 21 19 19 21 17 15 15 18 17 16 26 25 15 10 14 12 12 14 14 14 12 12 12 12 12 14 14 14 
8 9 9 10 11 11 12 12 12 12 12 13 13 15 15 15 14 15 15 16 18 24 29 17 3 2 1 0 0 0 0 0 0 0 0 1 1 1 1 1 1 1 1 1 1 1 1 1 1 1 1 1 1 1 1 1 1 1 1 1 0 1 1 1 4 3 1 1 2 2 2 1 1 1 1 1 1 1 1 1 1 1 1 1 1 1 1 1 1 1 1 1 1 1 1 1 1 1 1 1 1 3 3 2 5 11 21 30 30 29 29 30 25 23 23 20 18 19 20 19 22 22 22 22 22 23 25 21 21 16 14 15 18 16 14 25 22 14 11 10 11 11 11 11 11 11 12 12 12 14 14 14 14 
8 8 8 11 11 11 12 12 12 12 12 13 13 15 15 14 14 15 16 17 23 28 36 29 3 2 1 0 0 0 0 0 0 0 0 1 1 1 1 1 1 1 1 1 1 1 1 1 1 1 1 1 1 1 1 1 1 1 1 1 0 1 2 2 4 4 2 2 2 3 3 1 1 1 1 1 1 1 1 1 1 1 1 1 1 1 1 1 1 1 1 1 1 1 1 1 1 1 1 1 1 3 3 3 5 12 22 31 33 31 26 26 25 20 22 22 17 18 20 19 21 21 21 21 22 23 25 21 19 15 15 15 18 15 15 25 23 14 10 10 9 9 10 10 10 11 11 12 12 12 12 14 14 
8 9 9 10 10 10 11 11 12 12 12 12 13 15 16 16 15 16 16 16 23 30 37 31 3 2 1 0 0 0 0 0 0 0 0 1 1 1 1 1 1 1 1 1 1 1 1 1 1 1 1 1 1 1 1 1 1 1 0 0 0 0 2 2 4 3 2 2 3 4 4 3 2 1 1 1 1 1 1 1 1 1 1 1 1 1 1 1 1 1 1 1 1 1 1 1 1 1 1 1 1 3 3 4 7 12 22 34 36 26 19 20 20 18 18 19 18 19 22 20 22 21 21 19 19 22 24 19 18 14 14 15 18 16 15 29 26 14 10 9 9 9 9 9 9 10 10 11 11 11 11 11 12 
8 9 9 10 10 10 11 11 11 11 11 13 15 15 16 17 17 16 15 15 21 23 25 21 3 2 1 0 0 0 0 0 0 0 0 1 1 1 1 1 1 1 1 1 1 1 1 1 1 1 1 1 1 1 1 1 1 1 0 0 0 1 2 2 2 2 2 2 3 4 4 3 2 1 1 1 1 1 1 1 1 1 1 1 1 1 1 1 1 1 1 1 1 1 1 1 1 1 1 1 1 3 2 4 7 12 22 33 33 17 10 13 17 17 16 17 17 18 22 20 20 19 19 19 19 19 22 17 15 15 14 14 17 18 17 33 32 14 10 9 9 9 9 9 8 8 8 8 8 9 9 10 11 
10 10 10 10 11 11 12 12 12 11 11 12 14 14 15 16 17 16 15 14 16 17 14 9 3 1 1 0 0 0 0 0 0 0 0 1 1 1 1 1 1 1 1 1 1 1 1 1 1 1 1 1 1 1 1 1 1 1 1 1 0 1 2 2 1 1 2 2 4 5 4 2 1 1 1 1 1 1 1 1 1 1 1 1 1 1 1 1 1 1 1 1 1 1 1 1 1 1 1 1 1 2 2 3 5 12 19 26 24 12 5 9 15 17 17 17 17 18 19 19 19 18 18 18 18 18 18 15 14 14 15 15 16 19 21 39 39 15 10 9 10 10 10 10 9 8 8 8 8 8 8 8 9 
9 9 10 10 11 11 11 11 11 12 12 12 14 14 15 16 17 16 15 14 15 14 9 5 3 1 0 0 0 0 0 0 0 0 0 1 1 1 1 1 1 1 1 1 1 1 1 1 1 1 1 1 1 1 1 1 1 1 1 1 0 0 2 3 2 2 1 2 5 6 4 2 1 1 1 1 1 1 1 1 1 1 1 1 1 1 1 1 1 1 1 1 1 1 1 1 1 1 1 1 1 2 2 1 3 11 18 19 22 12 5 7 10 16 17 18 18 17 18 19 19 18 18 17 17 18 18 16 16 15 16 15 15 21 23 44 47 16 11 10 10 11 11 11 11 9 8 9 9 9 9 9 9 
9 8 9 9 10 10 11 12 12 13 13 12 12 14 15 15 16 15 14 14 12 11 7 3 2 1 1 1 1 1 0 0 0 0 1 1 1 1 1 1 1 1 1 1 1 1 1 1 1 1 1 1 1 1 1 1 1 1 1 1 0 1 9 26 22 3 2 7 8 5 2 1 1 1 0 0 0 0 0 1 1 1 1 1 1 1 1 1 1 1 1 1 1 1 1 1 1 1 1 1 1 1 1 1 2 2 8 22 21 12 6 9 9 11 16 16 17 17 17 17 18 17 17 17 17 17 17 16 16 17 17 16 17 21 31 68 58 17 11 10 11 11 11 11 10 10 10 10 10 10 10 10 10 
9 8 9 9 10 10 11 12 12 13 15 12 12 14 14 15 16 15 15 14 11 9 4 1 1 1 1 1 1 1 0 0 0 0 1 1 1 1 1 1 1 1 1 1 1 1 1 1 1 1 1 1 1 1 1 1 1 1 1 1 1 1 31 72 72 31 12 16 14 8 3 1 0 0 0 1 1 1 1 1 1 1 1 1 1 1 1 1 1 1 1 1 1 1 1 1 1 1 1 1 1 1 1 1 1 1 7 19 24 16 11 15 11 13 18 14 16 17 16 16 15 16 17 17 16 16 16 17 16 17 18 19 19 21 23 50 43 18 9 9 10 9 9 9 10 10 10 11 11 12 12 12 12 
9 8 9 9 10 11 11 12 12 13 15 15 13 14 14 15 16 15 15 14 10 5 3 1 1 1 1 1 1 1 0 0 0 0 1 1 1 1 1 1 1 1 1 1 1 1 1 1 1 1 1 1 1 1 1 1 1 1 1 1 1 3 40 88 99 54 31 33 23 11 3 1 0 0 0 1 1 1 1 1 1 1 1 1 1 1 1 1 1 1 1 1 1 1 1 1 1 1 1 1 2 1 1 2 2 2 8 22 29 20 18 19 17 19 19 12 16 18 16 15 12 15 17 17 15 14 15 17 16 17 19 18 18 19 21 39 32 16 8 9 9 8 8 8 10 11 11 11 11 12 14 15 15 
10 9 9 10 10 10 11 12 13 13 15 15 15 14 16 16 16 16 15 14 10 4 1 1 1 1 1 1 1 1 0 0 0 0 1 1 1 1 1 1 1 1 1 1 1 1 1 1 1 1 1 1 1 1 1 1 1 1 1 1 1 5 11 40 63 46 26 26 31 21 5 0 0 0 1 1 1 1 1 1 1 1 1 1 1 1 1 1 1 1 1 1 1 1 1 1 1 1 1 2 2 2 2 2 2 2 9 26 33 27 22 22 18 18 18 14 16 17 15 14 15 15 16 16 15 15 16 16 18 17 17 17 17 18 19 39 29 15 8 9 9 7 7 8 10 11 11 11 11 12 14 15 15 
8 8 9 9 10 12 12 12 13 13 15 15 15 15 16 16 16 15 14 11 8 3 1 1 1 1 1 1 1 1 0 0 0 0 1 1 1 1 1 1 1 1 1 1 1 1 1 1 1 1 1 1 1 1 1 1 1 1 1 1 0 1 16 25 29 28 5 9 24 19 7 0 0 0 1 1 1 1 1 1 1 1 1 1 1 1 1 1 1 1 1 1 1 1 1 1 1 1 2 2 2 2 1 2 3 3 8 26 36 32 23 20 18 17 17 15 15 15 14 16 17 17 16 16 16 17 17 19 17 19 19 18 18 17 18 19 21 15 10 9 9 8 8 8 10 11 11 11 11 11 12 14 14 
8 8 9 9 10 12 12 12 13 13 15 15 15 15 16 16 16 14 11 10 8 5 2 1 1 1 1 1 1 1 0 0 0 0 1 1 1 1 1 1 1 1 1 1 1 1 1 1 1 1 1 1 1 1 1 1 1 1 1 0 0 1 43 75 80 56 11 3 12 14 5 1 1 1 1 1 1 1 1 1 1 1 1 1 1 1 1 1 1 1 1 1 1 1 1 1 1 1 2 1 2 1 1 2 3 3 9 28 35 31 18 16 17 18 18 16 15 14 16 18 18 21 19 18 18 18 21 23 21 23 22 21 22 21 19 18 19 16 12 10 9 8 9 9 10 11 11 11 11 11 11 12 12 
8 8 9 9 10 11 12 12 13 13 15 14 15 15 15 15 15 14 10 8 8 8 4 1 1 1 1 1 1 1 0 0 0 0 1 1 1 1 1 1 1 1 1 1 1 1 1 1 1 1 1 1 1 1 1 1 1 1 0 0 0 16 97 189 199 149 96 43 14 7 2 2 1 1 1 2 1 1 1 1 1 1 1 1 1 1 1 1 1 1 1 1 1 1 1 1 1 1 2 1 2 1 1 2 2 4 14 29 37 32 18 15 15 18 19 16 15 16 18 18 21 22 22 19 19 19 22 24 24 25 24 24 25 23 21 19 19 18 14 12 11 10 10 11 11 11 11 11 11 11 11 14 14 
8 9 9 9 10 11 12 12 13 13 15 15 15 16 16 15 15 12 9 28 33 29 12 1 1 0 0 0 1 1 0 0 0 0 1 1 1 1 1 1 1 1 1 1 1 1 1 1 1 1 1 1 1 1 1 1 1 1 1 1 1 21 90 184 222 208 205 169 117 65 16 3 1 1 1 2 1 1 1 1 1 1 1 1 1 1 1 1 1 1 1 1 1 1 1 1 1 1 2 2 2 1 2 2 2 4 18 26 31 31 20 17 18 17 18 17 17 18 21 21 23 25 25 23 22 23 26 28 28 28 29 30 29 30 29 29 26 19 15 12 10 10 11 11 10 11 12 12 12 12 14 15 15 
8 9 9 9 10 10 11 12 13 12 14 14 15 16 16 15 14 10 5 37 37 31 12 1 1 1 1 0 1 1 1 1 1 1 1 1 1 1 1 1 1 1 1 1 1 1 1 1 1 1 1 1 1 1 1 1 1 1 1 1 4 17 44 92 152 184 200 213 203 167 71 15 2 2 2 1 1 1 1 1 1 1 1 1 1 1 1 1 1 1 1 1 1 1 1 1 1 1 1 2 2 1 1 1 3 5 24 24 21 25 22 22 22 22 22 21 22 24 24 26 29 30 29 29 29 31 33 33 36 36 36 37 37 37 37 36 35 26 19 11 11 11 11 11 10 11 12 12 14 14 14 15 15 
8 9 9 9 10 10 11 12 13 12 14 15 15 16 16 14 11 9 4 26 25 18 7 1 1 1 1 1 1 1 1 1 1 1 1 1 1 1 1 1 1 1 1 1 1 1 1 1 1 1 1 1 1 1 1 1 1 1 1 1 1 9 22 32 50 80 106 143 189 198 109 24 2 2 2 1 1 1 1 1 1 1 1 1 1 1 1 1 1 1 1 1 1 1 1 1 1 1 1 2 2 1 1 1 3 9 26 29 31 33 29 29 29 29 29 30 32 35 35 37 39 38 38 37 39 42 42 42 42 46 46 46 46 46 46 47 45 36 23 11 10 10 11 11 11 12 14 14 15 15 15 16 16 
9 10 10 9 10 10 11 11 12 12 14 15 16 16 16 11 8 7 9 11 11 9 3 1 1 1 1 1 1 1 1 1 1 1 1 1 1 1 1 1 1 1 1 1 1 1 1 1 1 1 1 1 1 1 1 1 1 1 1 1 1 7 18 26 27 29 33 60 102 118 72 17 3 3 2 2 2 1 1 1 1 1 1 1 1 1 1 1 1 1 1 1 1 1 1 1 1 1 1 2 2 2 2 1 4 11 29 35 42 43 38 38 38 38 38 39 40 42 44 46 46 45 43 44 47 49 49 44 44 51 51 52 52 52 52 52 51 43 26 11 9 9 9 9 10 11 12 15 16 16 17 17 17 
9 10 10 10 10 10 11 11 12 14 15 15 16 16 14 9 4 4 4 3 3 2 1 1 1 1 1 1 1 1 1 1 1 1 1 1 1 1 1 1 1 1 1 1 1 1 1 1 1 1 1 1 1 1 1 1 1 1 1 1 1 8 18 24 25 25 28 31 32 36 23 7 3 2 2 2 2 1 1 1 1 1 1 1 1 1 1 1 1 1 1 1 1 1 1 1 1 1 1 1 2 1 1 1 4 16 31 38 49 50 45 45 45 45 46 46 47 50 51 51 51 49 45 49 50 51 50 46 46 50 50 51 51 51 51 50 52 50 31 11 9 8 8 9 9 9 11 12 14 15 16 17 17 
