2 3 3 2 1 1 2 2 3 3 3 1 2 3 2 4 10 17 22 22 22 39 39 36 24 16 18 21 21 19 29 40 51 56 54 61 63 64 64 59 54 47 42 40 38 33 29 28 24 21 22 23 24 25 28 29 31 35 39 43 42 44 49 51 33 16 14 15 3 3 1 1 1 1 1 1 2 2 1 1 1 1 1 1 1 1 1 1 2 2 1 3 5 26 52 53 51 48 48 47 47 47 46 47 50 47 28 9 1 1 0 0 1 
2 3 3 2 2 2 3 3 3 3 2 3 4 4 4 8 14 19 22 22 21 39 43 45 36 25 28 25 28 29 31 37 40 45 42 49 59 64 74 73 65 53 43 35 29 25 23 21 17 11 10 12 18 26 35 40 53 63 73 84 96 103 110 118 94 58 29 10 5 3 1 1 1 1 1 1 2 2 1 1 1 1 1 1 1 1 1 1 3 3 2 3 7 26 40 44 45 46 45 44 46 47 46 47 50 47 28 8 1 1 0 0 1 
4 4 4 4 3 2 3 3 3 3 3 4 5 5 8 11 17 19 22 21 25 47 57 58 46 37 37 36 38 39 40 39 38 46 50 40 50 64 79 81 75 66 52 40 36 33 23 26 30 33 43 48 60 78 102 109 128 146 165 177 192 206 212 220 206 153 78 29 23 11 5 4 1 1 1 1 2 2 1 1 1 1 1 1 1 1 1 1 2 2 2 4 11 53 76 83 79 60 49 40 42 45 45 45 45 44 26 7 1 1 0 0 1 
3 4 4 3 2 2 2 2 3 3 3 3 4 8 12 15 18 21 23 22 27 53 72 67 49 42 43 39 42 44 44 43 42 40 43 43 44 53 85 92 90 89 86 79 83 97 95 111 130 144 163 173 182 196 210 214 223 238 248 250 252 254 253 253 252 226 148 66 25 15 5 4 1 1 1 1 2 2 1 1 1 1 1 1 1 1 1 1 2 3 2 4 18 101 168 185 174 144 116 86 60 51 46 46 50 45 25 5 1 1 0 0 1 
2 3 3 3 3 2 2 3 4 5 5 8 11 11 14 15 18 19 22 22 26 54 72 65 45 43 47 45 53 54 56 57 58 61 67 77 87 90 131 144 152 157 162 160 166 177 201 223 238 247 253 255 255 254 253 252 253 253 253 253 253 252 251 247 248 248 192 86 21 10 3 3 1 1 1 1 2 2 1 1 1 1 1 1 1 1 1 1 2 3 3 7 24 139 227 247 244 231 201 157 118 89 82 68 64 51 25 7 1 1 1 1 1 
2 3 3 3 4 3 2 4 5 8 10 14 16 16 16 16 18 19 22 23 24 54 63 65 60 65 80 86 95 100 100 106 113 128 152 160 173 178 179 189 195 196 202 202 201 196 195 198 199 201 206 206 209 211 212 216 220 221 231 240 244 248 247 243 250 242 182 82 19 9 3 3 1 1 1 1 2 2 1 1 1 1 1 1 1 2 2 2 2 2 4 8 22 127 216 234 230 230 217 192 162 125 130 103 94 71 36 11 3 1 1 1 1 
3 3 3 5 4 4 4 5 8 10 12 15 18 17 16 16 18 19 22 24 23 45 71 95 114 127 139 141 139 144 136 130 127 121 121 121 116 115 117 111 102 96 95 94 89 87 77 74 78 86 97 97 107 117 116 132 149 160 173 185 193 206 207 212 223 209 153 78 25 9 2 1 1 1 1 1 1 1 2 2 2 2 2 2 2 2 3 3 4 4 6 11 22 38 166 165 165 160 151 139 123 112 119 110 94 75 47 17 1 0 1 1 1 
3 5 5 8 9 9 9 10 12 14 15 15 17 17 16 16 18 18 20 24 26 39 68 96 108 108 109 101 89 87 73 59 56 46 37 32 31 29 24 21 18 16 16 15 15 16 17 17 18 21 24 25 30 34 33 45 61 72 82 93 102 108 117 128 135 125 87 44 23 9 2 1 1 1 1 1 1 1 2 2 2 2 2 2 2 2 3 3 4 4 6 17 23 37 101 99 98 96 94 92 90 89 89 87 82 77 57 25 3 0 4 1 1 
10 10 10 11 14 14 14 14 15 16 16 16 17 17 17 17 18 18 18 23 29 34 40 47 44 38 38 35 22 18 13 13 16 9 3 3 4 7 7 8 8 8 10 10 11 11 13 12 10 11 12 12 14 15 17 21 31 36 40 46 47 50 52 56 58 60 49 23 15 8 3 2 1 1 1 1 1 1 2 2 2 2 2 2 2 2 3 3 2 2 3 0 11 39 69 66 63 67 67 67 68 68 68 68 68 68 57 32 9 1 5 2 1 
21 17 17 17 17 17 17 16 16 16 16 16 16 17 17 17 18 18 21 23 29 30 16 11 9 6 8 9 5 4 4 6 8 6 6 8 9 10 10 11 11 11 11 10 10 10 10 11 10 11 12 12 14 16 16 19 24 27 26 26 26 28 28 29 29 31 30 17 11 8 4 2 1 1 1 1 1 1 2 2 2 2 2 2 2 2 3 2 1 2 3 0 22 60 89 89 88 94 90 95 100 99 97 96 99 97 75 45 18 5 8 1 1 
26 21 21 21 19 18 18 17 16 16 16 17 17 16 17 18 18 18 21 23 27 25 12 7 6 6 7 6 8 6 8 6 6 8 8 5 4 4 5 5 7 8 7 7 6 5 5 6 8 8 9 9 8 9 9 11 15 18 18 19 19 19 19 20 18 17 16 17 15 8 4 2 1 1 1 1 1 1 2 2 2 2 2 2 2 2 2 1 2 4 7 2 30 85 162 162 162 162 158 165 169 170 169 171 172 166 139 82 26 9 8 0 1 
28 21 19 22 21 19 18 17 16 16 17 17 17 18 18 18 19 21 22 23 27 24 14 8 7 7 7 7 6 6 6 5 5 5 5 4 3 3 4 4 4 4 4 4 5 5 5 6 7 7 8 8 6 6 6 8 12 13 13 15 15 15 15 15 13 12 12 17 15 8 4 2 1 1 1 1 1 1 2 2 2 2 2 2 2 2 2 1 2 3 3 4 43 137 217 217 219 216 215 216 220 222 223 223 223 209 165 96 31 12 10 0 1 
26 21 19 21 19 19 18 18 17 17 17 17 19 19 18 18 19 22 22 24 26 24 14 6 5 5 5 5 5 5 4 4 4 4 4 3 3 3 4 4 4 3 4 4 5 5 4 5 7 7 8 8 6 6 6 8 9 10 10 11 11 11 10 10 10 11 15 19 18 9 4 2 1 1 1 1 1 1 2 2 2 2 2 2 2 2 2 2 2 1 1 0 43 141 228 228 229 227 226 227 227 228 227 224 219 192 132 74 32 18 12 2 2 
28 22 19 18 18 18 18 18 18 17 17 17 19 19 18 18 18 21 23 24 26 25 15 7 5 5 5 5 5 5 4 4 4 4 4 3 3 3 3 3 3 3 4 4 5 5 4 5 7 6 6 8 7 7 8 8 8 9 9 9 9 9 9 9 9 12 17 25 21 12 2 1 1 1 1 1 1 1 2 2 2 2 2 2 2 2 2 2 2 1 10 10 68 152 214 216 220 220 220 219 212 201 208 199 186 157 90 53 33 26 15 3 3 
26 21 19 17 17 18 17 17 17 17 16 18 19 19 21 21 19 19 23 24 28 26 17 8 5 5 4 4 4 4 4 3 4 3 4 3 3 3 3 3 3 3 3 4 5 5 5 5 6 6 6 6 6 7 7 7 8 8 8 8 8 8 7 7 7 10 23 32 22 12 2 2 1 1 1 1 1 1 2 2 2 2 2 2 2 2 2 1 1 0 8 14 62 125 186 196 191 180 181 180 165 151 164 137 115 95 50 47 35 31 16 5 3 
26 21 18 18 17 17 17 17 17 17 17 18 19 21 21 21 19 19 22 24 28 26 17 9 5 5 4 4 4 4 3 3 3 3 3 3 3 3 3 3 3 3 3 4 5 5 5 5 6 6 6 6 6 6 6 6 7 8 8 8 8 7 5 5 5 7 24 33 21 12 2 2 1 1 1 1 1 1 2 2 2 2 2 2 2 2 2 1 1 1 2 11 43 85 121 127 117 109 104 103 93 87 71 56 57 40 40 41 33 32 18 8 3 
25 21 18 17 17 17 17 17 17 17 17 19 19 21 22 20 18 19 22 23 26 26 17 9 6 6 4 3 3 3 3 3 3 3 3 3 3 3 3 3 3 3 3 4 4 4 5 5 6 6 6 6 6 6 6 6 6 7 8 8 7 5 4 4 4 4 15 23 10 2 2 2 1 1 1 1 1 1 2 2 2 2 2 2 2 2 3 3 3 3 3 4 23 55 44 43 43 42 38 37 35 35 26 26 31 21 23 28 31 36 22 11 4 
22 19 19 18 17 17 17 17 17 17 17 19 19 21 22 20 19 18 22 24 28 26 17 8 6 6 3 3 2 4 4 3 3 3 3 3 3 3 3 3 3 3 3 4 4 4 5 5 6 6 5 5 5 5 5 5 5 5 7 7 5 5 5 4 4 4 7 17 7 2 2 2 1 1 1 1 1 2 2 2 2 2 2 2 2 3 3 3 3 7 2 0 30 57 29 25 33 45 32 36 37 38 37 32 28 12 19 23 31 37 25 15 5 
21 18 18 18 18 18 18 17 17 17 18 18 18 19 22 20 18 19 21 23 28 24 15 7 4 5 4 4 4 4 4 3 3 3 3 3 3 4 4 3 3 3 3 4 4 4 5 5 5 5 5 5 5 5 5 5 4 4 5 5 5 5 4 4 4 4 12 15 8 3 2 2 1 1 1 1 1 2 2 2 2 2 2 2 2 3 3 3 3 8 9 10 38 93 91 86 96 109 108 92 40 12 35 35 28 10 18 37 73 92 80 15 4 
19 18 18 18 18 19 18 17 16 18 21 21 19 19 19 19 19 22 23 24 30 24 12 7 4 4 4 4 4 4 4 4 3 3 3 3 3 4 4 4 4 4 4 4 4 4 5 5 5 5 5 5 5 5 5 5 4 5 5 5 5 5 4 4 4 7 10 12 9 3 2 2 1 1 1 1 1 2 2 2 2 2 2 2 2 3 3 3 4 9 10 23 57 146 160 175 196 205 188 166 113 87 38 37 31 14 18 43 89 111 94 16 1 
22 19 18 17 17 17 17 17 17 18 19 21 19 21 20 20 21 24 25 28 31 24 12 5 4 4 4 4 4 4 4 3 3 3 3 3 3 3 4 4 4 4 4 4 5 5 5 5 5 5 4 4 5 5 5 5 4 4 5 4 5 4 4 4 5 7 10 11 8 2 2 2 1 1 1 1 1 2 2 2 2 2 2 2 2 3 3 3 4 10 8 21 80 184 219 240 251 252 245 220 166 139 40 40 33 17 18 50 117 149 96 25 9 
22 19 19 17 17 17 17 18 18 19 19 21 21 22 20 20 23 25 26 30 32 25 12 4 4 4 4 4 4 4 4 3 4 4 3 3 3 3 4 4 4 4 4 4 5 5 5 5 5 5 4 4 5 6 5 5 4 4 5 4 5 4 4 4 5 7 11 12 8 2 2 2 1 1 1 1 1 2 2 2 2 2 2 2 2 3 3 3 5 12 10 18 103 214 244 250 250 251 254 243 189 160 53 51 35 18 23 46 130 167 102 30 17 
21 18 17 17 17 16 17 17 19 19 19 19 21 22 22 22 23 26 29 31 32 24 12 4 4 4 3 3 3 3 3 3 4 4 4 4 4 4 3 4 4 4 4 4 4 4 4 4 5 5 5 5 4 4 4 4 4 4 4 4 4 4 4 5 7 9 12 11 5 2 2 1 1 1 2 2 2 2 1 2 2 2 2 2 2 3 3 4 5 12 2 17 120 221 254 249 251 252 253 246 223 211 101 46 37 23 33 40 118 190 145 67 7 
19 17 17 17 17 17 17 17 18 19 21 19 21 23 23 23 25 28 29 33 35 25 11 4 4 4 4 3 3 3 3 3 4 4 4 4 4 4 4 4 4 4 4 4 4 4 4 4 5 5 5 5 4 4 4 4 4 4 4 4 4 4 4 5 7 11 14 10 3 1 1 1 1 1 2 2 2 2 1 2 2 2 2 2 3 3 3 4 7 12 1 18 109 214 254 249 251 252 252 248 231 222 136 70 37 24 38 36 110 178 189 122 40 
19 17 17 17 17 17 17 17 18 21 22 19 22 25 24 24 27 30 30 37 37 25 11 4 4 4 4 4 4 4 4 4 4 5 4 4 4 4 4 4 4 4 4 4 4 4 4 4 4 4 4 4 4 4 4 4 5 5 4 4 4 5 5 7 8 12 16 10 2 1 1 1 1 1 2 2 2 2 1 2 2 2 2 2 2 3 3 5 8 12 9 21 95 201 251 249 250 251 251 250 245 242 181 87 40 25 37 32 93 154 228 162 56 
18 18 17 17 17 16 17 18 19 22 23 21 20 24 24 24 26 29 31 37 37 25 10 4 4 4 4 4 4 4 4 4 4 5 4 4 4 4 4 4 4 4 4 4 4 4 4 4 4 4 4 4 4 4 4 5 5 5 5 4 5 5 7 7 9 16 17 9 1 1 1 1 1 1 2 2 2 2 1 2 2 2 2 2 2 3 3 5 10 14 15 23 73 184 249 250 250 251 251 251 252 253 197 121 54 23 37 30 85 143 212 171 71 
18 18 17 17 16 16 16 17 20 23 23 22 22 23 23 24 26 29 30 37 37 24 11 4 4 4 4 4 4 4 4 4 4 5 4 4 4 4 4 4 4 4 4 4 4 4 4 4 4 4 4 4 4 4 4 5 5 5 5 5 5 5 5 5 9 17 19 10 1 1 1 1 1 1 2 2 2 2 1 2 2 2 2 2 2 3 3 4 8 9 15 22 74 192 246 251 249 251 250 251 253 251 172 90 47 41 34 29 50 105 210 156 67 
18 17 17 17 16 16 16 16 19 22 20 22 22 22 22 23 26 29 31 37 37 24 11 4 4 4 4 4 4 4 4 4 4 5 4 4 4 4 4 4 4 4 4 4 4 4 4 4 4 4 4 4 4 4 4 5 5 5 5 5 5 4 5 7 11 23 24 11 1 2 1 1 1 1 2 2 2 2 1 2 2 2 2 2 2 3 3 5 8 10 12 18 60 175 241 252 249 250 250 250 252 250 167 82 33 26 29 27 39 78 132 80 38 
17 17 17 17 16 16 16 16 18 19 19 21 21 19 19 21 24 28 31 37 37 23 10 4 4 4 4 4 4 4 4 4 5 5 4 4 4 4 4 4 4 4 4 4 4 4 4 4 4 4 4 4 4 4 4 5 5 5 5 5 5 5 7 7 11 28 28 11 1 2 1 1 1 1 2 2 2 2 1 2 2 2 2 2 2 3 3 4 7 8 10 16 60 177 244 251 249 250 250 250 251 250 189 99 37 24 24 25 29 50 87 25 10 
17 17 17 17 16 16 15 16 17 18 18 19 19 19 19 21 25 29 31 38 38 22 9 4 4 4 4 4 4 4 5 5 5 5 4 4 4 4 4 4 4 4 4 4 4 4 4 4 4 4 4 4 4 4 4 4 5 5 4 5 5 5 7 8 11 18 16 7 1 1 1 3 2 2 2 2 2 2 2 2 2 2 2 2 2 3 3 4 5 5 9 15 61 180 246 250 250 250 250 250 251 251 219 123 55 39 22 24 26 39 74 28 12 
17 17 17 17 16 16 15 16 16 17 17 18 19 19 19 21 25 29 32 39 38 21 9 4 5 5 5 5 5 5 5 5 5 5 4 4 4 4 4 4 4 4 4 4 4 4 4 4 4 4 4 4 4 4 4 4 4 4 4 5 5 5 5 7 10 15 14 7 2 1 1 2 2 2 2 2 2 2 2 2 2 2 2 2 2 3 3 3 4 4 7 14 64 177 249 249 250 250 251 251 251 251 237 153 75 37 23 25 25 38 75 29 12 
17 17 17 17 16 16 15 16 17 15 16 17 19 19 19 21 25 29 33 40 39 19 9 4 5 5 5 5 5 5 5 5 5 5 4 4 4 4 4 4 4 4 4 4 4 4 4 4 4 4 4 4 4 4 4 4 4 4 4 5 5 5 5 5 8 14 11 5 2 2 1 1 2 2 2 2 2 2 2 2 2 2 2 2 2 3 3 3 4 5 8 12 64 174 248 250 250 250 251 251 251 251 237 153 75 37 23 25 25 38 75 29 12 
17 17 17 17 16 16 15 16 16 15 15 16 19 21 21 22 25 29 33 40 39 21 8 4 4 4 4 4 5 5 5 5 5 5 4 4 4 4 4 4 4 4 4 4 4 4 4 4 4 4 4 4 4 4 4 4 4 4 4 5 5 5 4 5 8 14 10 4 2 2 2 2 2 2 2 2 2 2 2 2 2 2 2 2 2 3 3 3 4 5 8 11 64 174 249 250 250 250 251 251 251 251 237 153 74 36 25 27 28 40 72 25 11 
17 17 17 17 16 16 15 15 15 15 15 15 17 21 21 22 25 29 35 43 39 21 8 4 4 4 4 4 5 5 5 5 5 5 4 4 4 4 4 4 4 4 4 4 4 4 4 4 4 4 4 4 4 4 4 4 4 4 4 5 5 4 4 4 9 14 10 3 1 2 2 2 2 2 2 2 2 2 2 2 2 2 2 2 2 3 3 3 5 7 8 10 64 173 249 250 250 250 251 251 251 251 237 153 74 36 26 29 29 42 69 24 11 
17 17 17 17 16 15 15 15 15 15 15 16 18 19 21 22 25 29 33 43 39 19 7 4 4 4 4 4 5 5 5 5 4 4 4 4 4 4 4 4 4 4 4 4 4 4 4 4 4 4 4 4 4 4 4 4 4 4 4 5 5 4 4 4 9 14 10 3 1 2 2 2 2 2 2 2 2 2 2 2 2 2 2 2 2 3 2 3 4 5 8 11 64 174 248 250 250 250 251 251 251 251 237 153 74 36 27 30 30 43 62 20 11 
17 17 17 17 16 16 15 16 16 16 16 16 18 18 19 22 25 28 35 44 38 18 7 4 4 4 4 4 5 5 5 5 4 4 4 4 4 4 4 4 4 4 4 4 4 4 4 4 4 4 4 4 4 4 4 4 4 4 4 5 5 5 5 5 10 16 12 3 1 2 2 2 2 2 2 2 2 2 2 2 2 2 2 2 2 3 2 3 4 7 8 10 63 174 248 250 250 250 251 251 251 251 237 153 74 35 30 32 31 44 60 18 10 
17 17 16 16 15 15 15 15 16 16 16 16 17 18 18 21 23 25 32 42 38 17 7 4 4 4 4 4 5 5 5 5 4 4 4 4 4 4 4 4 4 4 4 4 4 4 4 4 4 4 4 4 4 4 4 4 5 5 5 5 5 7 7 8 12 17 12 3 1 2 1 1 2 2 2 2 2 2 2 2 2 2 2 2 2 3 2 3 4 7 9 10 63 174 248 249 250 250 251 250 250 249 237 153 76 34 31 33 33 47 56 15 9 
17 17 16 16 15 15 15 15 16 16 16 16 17 18 18 19 22 24 31 40 38 17 7 4 4 4 4 4 5 5 5 5 4 4 4 4 4 4 4 4 4 4 4 4 4 4 4 4 4 4 4 4 4 4 4 4 5 5 6 5 5 8 7 9 15 19 12 4 2 2 2 2 2 2 2 2 2 2 2 2 2 2 2 2 2 3 2 3 4 7 10 11 64 174 249 250 250 250 251 250 250 247 230 153 75 33 31 32 33 43 56 12 8 
17 17 16 15 14 14 14 14 15 17 17 16 16 18 19 19 21 24 30 40 37 18 5 5 4 4 4 4 5 5 5 5 4 4 4 4 4 4 4 4 4 4 4 4 4 4 4 4 4 4 4 4 4 4 4 4 5 5 6 5 7 8 8 11 19 19 11 3 3 3 2 2 2 2 2 2 2 2 2 2 2 2 2 2 2 2 2 3 4 7 9 10 63 174 250 250 251 250 250 249 250 242 217 150 73 31 30 32 31 33 25 11 7 
17 17 16 16 15 15 15 15 16 17 17 16 16 18 18 18 21 24 31 39 36 17 5 5 4 4 4 4 5 5 5 5 4 4 4 4 4 4 4 4 4 4 4 4 4 4 4 4 4 4 4 4 4 4 4 4 5 5 6 5 5 10 7 14 23 19 10 3 3 3 2 2 2 2 2 2 2 2 2 2 2 2 2 2 2 2 2 3 4 7 10 10 64 174 250 250 251 250 249 249 250 236 207 136 68 31 30 31 30 28 15 10 7 
17 17 17 17 16 15 15 16 17 17 17 16 16 19 18 18 21 24 31 38 33 17 5 5 4 4 4 4 5 5 5 5 4 4 4 4 4 4 4 4 4 4 4 4 4 4 4 4 4 4 4 4 5 5 5 5 5 5 6 6 5 4 7 32 68 50 10 3 3 3 4 3 3 3 2 2 2 2 2 2 2 2 2 2 2 2 2 3 4 7 10 10 66 175 250 251 251 250 248 248 251 229 191 109 51 31 29 30 30 26 11 10 7 
17 17 17 17 16 15 14 15 16 17 17 16 16 18 18 17 19 25 32 38 33 16 5 5 4 4 4 4 5 5 5 5 4 4 4 4 4 4 4 4 4 4 4 4 4 4 4 4 4 4 4 4 5 6 5 6 8 8 10 8 7 17 49 101 143 99 28 4 3 3 4 3 3 3 2 2 2 2 2 2 2 2 2 2 2 3 3 4 5 8 10 9 73 194 250 250 250 249 248 248 253 222 182 95 41 31 29 29 29 28 13 10 5 
18 17 17 16 15 15 15 15 15 15 15 14 16 17 17 17 19 25 33 39 33 16 5 5 4 4 4 4 5 5 4 4 4 4 4 4 4 4 4 4 4 4 4 4 4 4 4 4 4 4 4 4 5 6 6 9 11 10 8 8 10 38 106 191 228 164 59 8 6 5 4 4 3 3 2 2 2 2 2 2 2 2 2 2 3 4 3 4 5 8 10 9 74 193 250 250 249 250 248 249 251 214 166 77 30 25 27 27 30 30 17 12 7 
17 18 18 17 16 15 15 14 12 15 15 14 15 17 17 17 21 24 32 39 31 15 5 5 4 4 4 4 5 5 4 4 4 4 4 4 4 4 4 4 4 4 4 4 4 4 4 4 4 4 4 4 6 6 8 9 11 12 10 5 17 80 174 238 253 186 69 25 11 8 6 5 4 3 2 2 2 2 2 2 2 2 2 2 3 4 3 4 5 8 10 9 75 193 250 250 250 250 249 251 244 196 142 72 38 36 30 30 31 31 20 12 7 
18 19 19 16 15 15 15 14 14 16 17 15 15 17 18 18 22 24 33 40 32 15 5 5 4 4 4 4 4 4 4 4 4 4 4 4 4 4 4 4 4 4 4 4 4 4 4 4 4 4 4 4 6 8 8 9 11 14 17 19 60 153 236 250 250 213 123 53 9 7 5 4 3 3 2 2 2 2 2 2 2 2 2 2 3 4 4 4 4 7 10 11 75 193 248 250 250 250 249 252 243 181 108 57 35 35 32 32 33 35 19 11 5 
19 21 21 18 17 17 17 15 14 15 15 14 15 17 18 18 22 26 36 39 31 12 5 4 4 4 4 4 4 4 4 4 4 4 4 4 4 4 4 4 4 4 4 4 4 4 4 4 4 4 4 4 6 8 8 10 11 15 14 47 118 202 248 254 248 208 121 22 9 8 6 4 2 3 2 2 2 2 2 2 2 2 2 2 3 4 4 5 4 5 10 13 84 194 247 250 250 250 248 250 241 166 80 41 23 24 25 31 42 38 19 11 4 
29 29 28 25 23 22 21 19 18 16 17 17 19 20 20 22 23 30 39 38 26 10 5 4 4 4 4 4 4 4 4 4 4 4 4 4 4 4 4 4 4 4 4 4 4 4 5 5 5 5 5 5 8 9 10 11 12 9 39 93 172 227 249 250 248 238 179 67 8 9 8 5 1 2 2 2 2 2 2 2 2 2 2 2 4 5 5 4 3 4 8 13 78 198 243 251 249 249 253 253 236 141 60 32 24 25 21 33 42 38 17 10 3 
37 36 33 31 28 26 24 24 23 23 24 24 25 25 26 29 30 39 52 56 37 11 5 4 4 4 4 4 4 4 4 4 4 4 4 4 4 4 4 4 4 4 4 4 4 4 5 5 5 5 5 5 8 9 10 12 15 23 78 156 229 250 250 251 249 243 191 80 14 7 5 4 1 3 2 2 2 2 2 2 2 2 2 2 4 5 5 4 3 4 8 11 57 172 236 250 250 249 252 250 217 109 46 28 25 26 21 42 52 38 15 9 2 
42 42 39 37 33 30 29 29 29 30 32 32 32 32 31 33 38 50 70 78 52 17 5 4 4 4 4 4 4 4 4 4 4 4 4 4 4 4 4 4 4 4 4 4 4 4 5 5 5 5 7 7 8 8 9 15 15 49 135 209 245 253 252 252 248 241 195 89 23 7 4 4 1 2 2 2 3 3 2 2 2 2 2 2 3 4 5 4 3 3 6 17 47 150 229 250 251 249 242 224 175 85 33 27 26 28 19 57 67 37 14 8 1 
43 40 39 39 37 35 32 32 33 33 36 37 36 36 35 38 43 54 80 89 58 19 5 4 4 4 4 4 4 4 4 4 4 4 4 4 4 4 4 4 4 4 4 4 4 4 5 5 5 5 8 8 9 10 9 13 32 102 202 251 251 250 250 250 248 247 202 95 28 4 4 3 1 1 2 2 3 3 2 2 2 2 2 2 2 3 3 3 3 3 5 10 33 125 230 252 252 250 235 205 105 52 29 26 28 29 19 64 74 36 12 8 1 
37 33 35 35 33 32 31 31 32 31 33 36 34 32 34 41 43 53 82 94 61 18 5 4 4 4 4 4 4 4 4 4 4 4 4 4 4 4 4 4 4 4 4 4 4 4 5 5 5 5 5 5 8 10 8 14 67 163 231 248 251 250 249 250 250 249 205 99 31 5 8 3 2 3 2 2 3 3 2 2 2 2 2 2 2 2 3 3 3 5 5 6 19 109 222 252 253 248 209 164 74 46 26 26 29 30 50 111 104 36 12 8 1 
25 24 25 28 28 25 23 24 26 26 26 27 27 27 29 31 33 47 75 87 58 18 5 4 4 4 4 4 4 4 4 4 4 4 4 4 4 4 4 4 4 4 4 4 4 4 5 5 5 5 5 5 8 10 9 49 138 213 250 249 251 250 248 249 249 250 205 99 32 5 9 4 4 3 2 2 3 3 2 2 2 2 2 2 2 2 3 3 4 7 5 2 14 102 212 250 252 240 192 142 68 47 26 28 29 33 86 134 113 39 12 8 1 
12 12 15 15 17 15 12 14 16 16 17 18 18 17 18 19 21 31 49 56 38 15 5 4 4 4 4 4 4 4 4 4 4 4 4 4 4 4 4 4 4 4 4 4 4 4 5 5 5 5 7 7 8 9 30 94 201 241 249 247 248 245 245 244 245 248 207 102 31 7 7 3 3 2 2 2 3 3 2 2 2 2 2 2 2 2 3 3 4 7 5 0 8 94 192 234 250 220 160 96 29 28 26 29 31 43 137 156 108 38 12 8 1 
5 5 5 7 7 8 7 7 6 8 9 9 10 9 9 11 11 14 17 18 12 8 5 5 4 4 4 4 4 4 4 4 4 4 4 4 4 4 4 4 4 4 4 4 4 4 5 5 5 5 7 8 9 9 50 141 219 245 248 245 244 241 243 242 244 248 209 104 31 9 7 4 3 3 3 3 3 3 2 2 2 2 2 2 2 2 2 3 4 7 5 0 6 88 179 223 242 207 139 73 29 29 29 28 38 57 151 157 93 24 12 8 1 
3 3 4 4 4 5 4 4 5 5 5 5 3 4 5 4 7 7 5 4 3 4 4 4 4 4 4 4 4 4 4 4 5 5 5 5 4 4 4 4 4 4 4 4 4 4 5 5 7 7 9 10 10 25 89 181 236 247 249 245 241 240 234 242 244 248 215 120 32 9 7 4 4 4 3 2 2 2 2 2 2 2 2 2 3 3 3 3 3 5 3 1 4 27 114 173 173 127 61 37 26 49 30 30 43 100 166 162 86 5 13 9 1 
4 4 4 4 5 7 5 5 5 5 5 4 4 4 4 4 4 4 5 4 3 5 4 4 4 4 4 4 4 4 4 4 5 5 5 5 4 4 4 4 4 4 4 4 4 4 4 5 7 7 9 12 16 71 156 217 242 244 246 245 243 242 245 243 244 249 219 130 37 9 7 4 4 3 3 2 2 2 2 2 2 2 2 2 3 3 3 3 3 4 3 3 4 19 79 125 113 72 23 10 11 33 15 31 64 120 177 163 78 4 13 9 1 
4 4 3 5 5 7 5 5 4 3 3 2 3 3 3 3 3 3 3 3 3 4 4 4 4 4 4 4 4 4 4 4 5 5 5 5 4 4 4 4 4 4 4 4 4 4 5 8 9 9 10 16 40 121 206 238 243 243 243 243 243 243 243 245 245 249 224 135 52 8 8 4 3 2 3 2 2 2 2 2 2 2 2 2 3 3 4 3 3 2 2 5 1 5 53 82 64 38 16 15 16 31 14 44 108 166 198 163 64 6 13 9 1 
3 3 3 3 4 7 5 5 4 3 3 2 4 4 3 3 3 3 3 3 3 4 4 4 4 4 4 4 4 4 4 4 5 5 5 5 4 5 4 4 4 4 4 4 4 4 5 8 9 10 11 27 86 181 241 247 244 244 244 244 245 245 247 247 247 250 228 137 64 4 5 4 2 2 3 2 2 2 2 2 2 2 2 2 3 3 4 3 3 2 2 7 1 3 38 60 46 35 25 24 15 20 35 81 156 177 208 163 60 5 13 9 1 
3 5 5 5 5 5 4 4 4 2 3 3 4 4 3 3 3 3 3 3 3 4 4 4 4 4 4 4 4 4 4 4 5 5 5 5 4 5 4 4 4 4 4 4 4 4 5 8 9 11 15 52 142 226 252 250 245 245 245 245 245 247 247 248 248 250 234 162 70 3 5 5 4 4 3 2 2 2 2 2 2 2 2 3 3 4 4 3 3 2 2 7 2 3 30 44 30 26 31 33 30 52 102 157 212 241 238 179 68 9 13 9 1 
5 4 5 5 5 5 4 3 2 2 2 3 3 2 4 4 4 4 4 4 4 4 4 4 4 4 4 4 4 4 4 4 5 5 5 5 4 5 4 4 4 4 4 4 4 4 5 8 10 9 22 89 188 241 250 251 248 248 248 248 248 248 248 248 248 249 242 187 78 4 5 7 4 4 3 2 2 2 2 2 2 2 2 3 3 4 4 3 3 2 2 7 3 5 36 49 30 23 28 33 52 89 171 217 248 249 243 188 77 17 13 9 1 
4 4 4 4 4 5 4 3 2 2 1 2 2 2 3 3 4 4 4 4 4 4 4 4 4 4 4 4 4 4 4 4 5 5 5 5 4 5 4 4 4 4 4 4 4 4 8 9 9 8 42 135 222 248 248 249 249 249 249 249 249 249 250 247 244 247 243 220 99 17 10 5 5 4 3 2 2 2 2 2 2 2 2 3 3 4 3 3 3 2 3 7 3 7 29 50 45 42 46 52 92 149 230 252 253 246 251 199 86 26 13 9 2 
4 4 3 3 4 5 4 3 2 2 2 3 3 3 3 4 4 4 4 4 4 4 4 4 4 4 4 4 4 4 4 4 5 5 5 5 4 5 4 4 4 4 4 4 4 5 8 11 8 14 72 173 244 252 249 249 249 249 250 250 249 250 250 243 250 248 238 224 111 29 10 5 6 4 3 2 2 2 2 2 2 2 2 3 3 4 3 3 3 2 3 7 3 7 36 70 82 87 94 95 137 202 240 253 253 250 252 207 90 31 13 9 2 
4 3 4 3 3 4 4 3 3 3 3 4 4 3 3 3 3 4 4 4 4 4 4 4 4 4 4 4 4 4 4 4 4 4 4 4 4 5 4 4 3 4 4 4 7 7 7 10 8 21 85 174 227 236 234 233 234 238 242 242 244 231 243 234 234 242 238 201 108 21 9 5 5 4 3 2 2 2 2 2 2 2 2 3 3 3 3 3 4 4 4 7 4 7 44 137 178 184 189 189 193 205 233 237 247 250 252 228 115 26 13 9 2 
4 4 4 4 4 5 4 4 3 3 3 3 3 2 3 3 3 3 4 4 4 4 4 4 4 4 4 4 4 4 4 4 4 4 4 4 4 5 4 4 3 4 4 4 7 8 9 10 10 31 95 167 196 198 199 198 201 209 215 217 217 215 214 216 214 208 217 194 116 24 8 5 5 4 3 2 2 2 2 2 2 2 2 3 3 3 3 3 4 4 3 4 3 5 56 146 198 213 220 219 217 229 243 248 252 252 250 235 130 38 13 9 2 
5 5 5 5 5 5 5 4 3 3 3 4 4 3 2 3 3 4 4 4 4 4 4 4 4 4 4 4 4 4 4 4 4 4 4 4 4 5 4 4 3 4 4 4 8 9 11 11 17 46 101 151 164 159 162 165 171 179 184 187 189 194 192 186 186 184 186 186 118 32 11 5 5 4 3 2 2 2 2 2 2 2 2 3 3 3 3 3 4 4 4 4 4 6 66 160 212 233 250 245 240 241 238 239 248 251 227 242 160 61 12 8 2 
5 8 5 5 5 5 5 4 3 3 3 4 4 4 3 3 3 4 4 4 4 4 4 4 4 4 4 4 4 4 4 4 4 4 4 4 4 5 4 4 3 4 4 4 7 9 12 13 26 65 113 141 144 142 144 146 151 162 165 166 171 175 171 159 165 171 173 171 117 34 12 5 6 4 3 2 2 2 2 2 2 2 2 2 2 3 3 3 4 4 3 3 4 6 56 148 201 212 228 224 221 220 220 220 228 233 215 245 175 73 12 8 2 
4 5 5 5 5 5 4 3 2 3 3 3 3 3 3 3 3 4 4 4 4 4 4 4 4 4 4 4 4 4 4 4 4 4 4 4 4 4 4 3 3 4 4 4 8 10 12 16 38 87 131 144 142 141 141 141 143 150 156 161 166 164 163 160 162 166 172 184 132 51 7 4 5 4 3 2 2 2 2 2 2 2 2 3 3 3 3 3 4 4 4 4 4 6 49 134 194 199 195 194 187 185 177 173 173 173 171 182 152 61 12 8 2 
4 4 7 8 7 7 5 4 3 3 3 4 4 3 3 3 3 4 4 4 4 4 4 4 4 4 4 4 4 4 4 4 4 4 4 4 4 4 4 4 4 7 7 7 10 11 11 17 53 107 139 145 141 137 137 142 150 158 167 176 186 187 189 193 195 195 213 229 174 84 29 3 5 5 3 2 2 2 2 2 2 2 2 3 3 3 3 3 4 4 4 4 4 6 46 128 181 189 185 175 171 171 170 170 171 172 174 185 149 54 14 7 3 
4 4 7 7 7 7 5 4 3 3 3 4 4 3 3 3 3 4 4 4 4 4 4 4 4 4 4 4 4 4 4 4 4 4 4 4 4 4 4 4 4 7 7 7 10 10 18 40 81 130 152 157 157 158 156 165 182 195 205 210 217 222 227 233 235 234 241 248 220 120 42 3 6 5 3 3 3 2 2 2 2 2 2 3 3 3 3 3 4 4 4 4 4 4 40 141 197 200 203 202 192 196 203 207 209 209 213 219 171 71 14 5 3 
4 5 7 7 7 7 5 4 4 3 4 3 4 4 3 3 4 4 4 4 4 4 4 4 4 4 4 4 4 4 4 4 4 4 4 4 4 4 4 4 5 7 7 8 10 8 26 76 138 178 188 194 202 204 206 212 220 224 227 224 221 220 222 235 242 237 236 235 217 122 50 4 8 5 3 4 3 2 2 2 2 2 3 3 3 3 3 3 4 4 4 4 4 5 33 171 239 229 228 235 240 241 242 243 244 245 248 250 196 94 14 5 4 
4 5 8 8 7 7 7 5 5 5 5 5 5 5 4 4 4 4 5 5 5 5 4 4 4 4 4 5 5 5 5 4 4 4 4 4 4 4 4 4 4 5 5 7 8 8 31 104 180 204 208 226 238 228 226 217 208 195 184 177 169 162 167 186 205 208 193 177 159 146 94 26 10 6 4 4 4 2 3 3 2 2 2 3 3 3 3 2 2 3 3 3 4 5 95 181 243 252 249 248 250 250 250 250 250 250 250 244 194 94 14 4 4 
4 6 9 9 8 9 9 7 6 5 6 5 5 6 4 4 5 5 5 5 5 5 5 4 4 4 4 5 5 5 5 4 4 4 4 5 4 4 4 4 5 5 5 8 9 10 37 101 154 171 182 210 225 218 203 192 180 162 150 142 135 144 163 187 201 198 181 166 159 158 139 54 13 6 5 5 4 2 2 3 2 2 2 3 3 3 3 2 2 3 3 3 4 5 68 181 249 244 244 245 248 250 248 245 240 252 245 202 124 42 14 4 5 
4 7 9 9 10 11 10 9 8 6 6 5 6 6 5 5 5 4 5 5 5 5 5 4 5 5 5 6 6 6 5 4 4 4 4 5 5 4 5 5 5 5 5 9 9 16 53 104 137 157 177 200 209 201 197 199 196 192 184 177 175 200 213 220 230 236 228 215 213 214 181 96 29 7 10 9 5 2 2 2 2 2 2 4 4 4 3 3 3 4 4 3 4 3 66 173 250 248 245 248 247 245 245 244 248 237 200 139 50 19 13 5 3 
7 7 9 10 10 11 10 8 6 6 6 5 5 6 5 5 5 5 5 5 5 5 5 4 5 5 5 5 5 6 5 4 5 5 4 5 5 5 5 5 5 7 8 7 10 37 97 162 193 202 214 223 219 208 196 214 231 241 237 233 235 243 243 244 249 251 251 249 248 241 221 148 51 4 11 9 5 4 2 2 2 2 3 3 3 4 3 3 3 3 4 3 3 4 72 165 240 252 247 252 250 247 244 238 207 178 117 54 18 14 11 5 2 
9 9 9 9 9 9 8 7 6 6 5 4 5 6 5 5 4 4 5 5 5 5 5 4 5 5 5 5 5 6 5 4 5 5 5 5 5 5 5 5 7 8 10 8 19 71 155 221 238 233 237 241 219 186 189 224 247 250 248 248 248 247 249 248 250 250 251 249 247 242 244 191 82 2 5 9 6 5 3 3 3 3 3 3 3 3 3 3 3 5 5 4 5 4 47 136 225 254 248 250 242 222 180 160 148 90 36 11 13 10 8 4 3 
9 9 8 8 8 9 8 7 6 6 5 5 6 6 5 5 4 5 5 7 7 7 5 5 5 5 6 6 6 6 5 5 5 5 5 5 5 5 5 7 9 11 11 7 30 110 200 245 249 244 245 242 208 165 188 231 248 247 247 247 246 248 249 247 248 248 249 248 248 249 248 187 96 30 15 6 8 5 4 3 3 3 3 2 2 3 2 3 4 5 5 4 4 3 26 86 164 239 250 238 175 108 89 53 42 17 1 10 11 8 5 4 4 
11 9 9 9 7 7 8 6 6 6 5 5 6 6 6 6 4 5 5 5 7 7 7 5 5 4 7 7 8 6 5 5 5 5 6 6 5 7 5 7 9 11 11 8 44 142 229 253 251 251 251 238 196 162 200 247 251 249 248 248 248 249 247 247 249 249 248 245 247 247 235 158 50 0 3 5 5 5 4 4 4 3 3 3 3 3 2 2 3 4 4 3 3 3 15 32 82 173 235 210 109 17 26 22 22 17 4 9 8 4 4 3 4 
15 10 10 9 7 5 6 6 6 6 6 6 8 8 8 5 4 5 5 5 7 8 8 7 7 5 7 8 8 8 7 5 7 7 6 6 7 8 7 8 9 11 10 11 65 164 235 248 243 245 240 203 156 138 207 251 251 248 249 249 249 248 247 247 249 249 248 244 241 242 196 113 35 1 4 4 5 8 7 7 5 4 3 3 2 2 2 2 2 3 4 3 3 2 8 0 4 87 160 149 81 9 9 12 16 16 8 7 7 4 4 3 3 
15 9 9 9 8 8 8 6 6 8 8 8 6 6 6 5 5 6 7 5 8 9 9 8 8 8 9 9 8 8 7 7 6 6 5 5 6 6 7 8 9 12 11 13 42 116 198 230 226 212 191 159 118 122 201 242 250 247 245 245 244 244 242 243 245 249 248 243 237 236 167 57 8 5 8 7 4 7 7 7 7 5 3 3 3 2 2 2 2 3 4 3 3 3 5 3 3 4 60 74 52 4 5 11 15 13 5 4 4 4 3 3 4 
15 8 6 10 9 9 9 8 6 8 8 6 6 8 6 5 6 8 7 8 10 12 12 12 11 10 11 12 11 10 10 9 9 8 8 8 8 9 9 10 12 17 18 17 21 56 124 171 175 162 155 158 160 175 210 235 247 245 244 243 241 242 241 242 244 247 245 243 240 235 114 28 0 4 5 4 4 5 7 7 5 5 4 4 3 3 2 2 2 2 3 2 3 3 5 3 4 4 36 67 42 0 2 3 17 11 7 5 4 3 3 3 3 
38 30 15 11 9 8 9 8 8 8 6 6 8 9 8 9 10 10 10 12 15 16 17 16 17 16 17 17 17 17 17 16 16 16 15 15 17 18 20 22 23 24 25 29 25 30 59 90 102 104 120 150 178 194 206 216 221 223 224 228 233 235 231 231 237 242 245 243 241 230 72 21 1 2 4 5 5 5 5 5 5 4 4 4 3 3 2 2 2 2 2 2 4 4 5 6 7 5 14 63 75 49 2 5 9 9 7 5 4 4 3 3 3 
44 51 43 32 21 12 10 11 10 9 9 11 12 13 13 10 9 6 9 11 15 16 18 18 17 17 19 22 21 22 21 22 23 23 21 22 22 22 24 24 24 23 25 28 29 28 32 43 49 51 60 84 107 124 137 141 145 148 150 158 170 171 167 173 182 193 200 208 206 196 57 17 1 1 2 2 3 4 3 3 4 3 3 3 3 2 2 2 2 3 3 3 4 4 4 5 6 4 16 85 137 130 23 10 9 8 5 4 4 3 3 3 3 
23 37 50 52 39 21 16 15 16 16 17 18 17 16 14 14 19 29 35 35 34 33 32 31 30 26 24 23 23 28 30 32 31 31 30 29 28 28 26 26 25 25 24 24 26 29 29 30 29 29 31 35 43 51 58 63 70 72 72 77 80 80 80 84 85 92 85 110 117 104 22 12 4 2 5 4 3 4 3 3 3 3 3 3 3 3 3 3 3 3 3 3 5 5 6 6 6 6 18 85 164 207 92 39 8 9 7 5 3 4 5 4 5 
7 15 30 42 43 32 27 24 24 24 24 26 24 23 25 44 78 109 116 111 111 110 102 101 100 89 70 58 58 70 94 93 87 86 81 78 75 73 72 71 70 67 66 66 67 67 67 77 89 92 84 74 70 73 68 59 60 60 59 60 59 53 56 59 58 58 60 63 64 50 38 10 7 7 8 5 4 5 3 3 3 4 3 3 3 3 3 3 3 3 4 4 6 8 6 8 8 11 4 75 176 230 185 94 10 12 8 5 3 5 5 5 6 
4 7 10 17 33 48 44 44 38 32 31 33 36 44 65 111 170 205 210 209 206 205 201 200 195 181 163 151 155 166 187 187 185 181 175 169 162 159 158 156 153 152 155 155 153 155 162 178 191 194 188 180 175 171 151 121 90 78 75 79 93 103 128 140 142 143 142 139 124 103 29 4 11 10 8 5 4 5 4 4 4 4 4 4 3 4 3 3 4 4 5 5 5 6 6 7 8 12 8 95 193 244 234 130 12 9 7 5 3 4 5 6 6 
3 5 4 5 19 37 54 62 55 46 43 45 47 58 100 163 215 241 245 244 243 245 245 241 238 233 229 228 231 236 241 241 238 236 231 229 227 224 224 221 219 219 220 222 223 224 231 240 242 244 245 247 247 242 225 190 144 116 109 117 149 181 213 228 230 227 226 229 222 198 67 8 14 10 9 7 5 5 5 5 4 4 4 4 3 4 4 4 4 5 5 5 5 6 6 6 8 14 24 123 217 238 178 82 16 7 5 5 4 3 5 7 6 
3 4 3 4 11 25 43 68 72 64 55 59 66 79 120 167 199 226 240 244 247 247 245 244 247 247 248 247 248 247 245 245 243 243 244 244 243 242 238 237 235 235 238 238 238 245 251 249 249 250 248 248 248 248 245 230 209 189 185 195 220 241 250 252 251 250 251 248 251 252 198 84 14 8 11 9 5 5 5 5 5 5 4 4 4 4 4 4 4 4 5 5 6 7 6 6 9 13 50 170 224 177 64 0 1 7 4 4 4 3 3 5 6 
2 4 4 4 3 9 17 36 50 53 46 60 94 128 153 172 196 221 240 249 250 250 249 250 251 250 248 245 245 248 249 248 248 248 248 247 245 244 244 243 244 244 244 245 245 245 245 248 248 249 247 247 247 247 245 247 247 242 241 243 247 249 249 250 249 249 250 249 251 253 240 158 54 4 12 10 7 7 6 6 5 5 4 4 4 4 5 5 4 5 5 5 6 7 6 6 6 11 110 229 240 185 99 28 14 7 3 7 4 3 4 7 10 
2 4 4 4 4 5 7 10 19 26 24 43 96 165 204 209 216 229 239 248 249 249 250 250 251 250 249 249 249 249 249 250 250 250 249 248 249 249 248 248 248 249 248 248 248 249 249 250 250 250 250 248 248 248 249 249 249 249 249 249 249 248 249 249 249 249 249 248 249 249 244 210 139 56 30 13 10 10 8 6 5 5 4 4 4 4 4 4 5 5 6 6 6 7 6 4 4 42 153 245 241 209 190 119 64 8 2 9 5 3 4 9 13 
2 2 3 4 5 7 7 6 7 10 10 23 69 152 227 245 240 240 242 245 245 244 246 246 247 249 249 249 249 249 249 250 250 250 248 248 249 250 249 249 249 249 249 249 249 249 249 250 249 249 249 250 250 249 249 249 249 249 249 249 251 251 250 250 249 249 249 248 250 251 247 235 212 160 71 20 15 13 9 8 5 5 4 4 4 4 4 4 5 5 6 6 7 8 9 9 17 100 189 254 253 245 245 190 113 25 2 8 7 4 7 12 17 
2 3 3 3 4 5 7 5 5 5 7 14 34 96 181 230 243 245 249 251 251 249 247 244 244 247 247 247 248 249 249 249 250 250 249 249 249 249 250 250 250 250 250 250 249 250 250 250 249 249 249 249 249 249 250 250 249 249 249 249 250 249 250 249 249 249 249 249 249 247 247 241 254 222 186 144 81 12 8 8 7 7 5 5 5 5 5 5 6 6 6 8 8 9 13 23 39 136 222 254 253 253 231 189 80 27 11 7 9 10 11 15 19 
3 5 5 4 4 4 4 4 5 6 7 11 17 39 93 146 184 208 230 247 248 250 252 251 251 251 251 250 248 247 248 249 249 249 249 249 249 249 248 249 250 251 251 249 248 250 250 251 250 249 249 249 249 249 250 250 249 249 249 249 249 249 249 249 249 249 249 249 250 250 248 250 254 224 193 130 48 8 8 8 7 7 5 5 5 5 5 5 6 6 6 8 8 9 13 17 39 159 237 247 253 250 206 122 29 10 11 5 10 14 16 17 20 
2 7 8 5 4 4 4 4 4 5 5 8 11 17 30 51 81 113 148 178 196 214 227 236 241 241 249 252 251 250 248 248 249 249 250 249 249 249 249 249 250 250 249 248 248 249 250 250 250 250 250 250 249 249 249 249 250 249 249 249 250 250 249 249 249 249 250 249 250 250 250 227 189 131 96 62 16 8 8 8 7 7 5 5 5 5 6 6 7 7 6 8 10 9 12 15 65 174 241 245 251 244 192 86 18 9 9 5 9 11 14 14 17 
2 3 4 4 4 4 4 4 4 5 5 7 9 12 14 14 18 31 52 73 100 124 135 148 162 169 179 195 218 238 248 250 248 249 251 251 250 250 249 250 250 249 248 248 248 249 249 251 251 251 249 250 249 249 248 249 250 250 249 250 250 250 250 250 249 249 250 250 248 249 238 194 115 36 40 32 13 8 8 8 7 7 5 5 5 7 8 8 10 13 15 11 10 6 24 37 109 206 247 250 249 241 156 59 15 9 8 5 8 10 10 11 15 
2 3 4 4 3 3 3 3 4 5 4 5 7 8 11 12 11 10 10 14 26 46 45 44 59 70 73 87 121 167 215 243 248 249 250 250 250 250 250 249 249 249 248 248 248 248 249 250 251 250 249 249 248 248 248 249 250 249 249 250 250 250 250 250 250 251 251 250 254 244 186 100 42 37 29 17 11 8 6 8 7 7 7 7 7 7 8 8 12 22 29 22 12 3 36 90 180 237 251 252 246 238 139 37 11 7 5 3 5 7 8 9 10 
2 3 4 4 3 3 3 3 4 4 4 5 5 5 8 9 10 10 10 9 11 16 12 10 15 19 22 26 37 71 141 213 247 249 250 250 250 250 250 249 249 249 248 248 248 248 249 249 250 250 250 249 249 249 248 249 249 249 249 250 250 250 250 249 250 251 251 250 250 219 115 42 22 25 21 9 10 7 8 8 7 7 7 7 7 7 7 7 11 19 30 26 12 3 29 74 191 241 251 250 244 237 137 32 8 8 4 3 4 4 5 7 8 
4 3 3 3 3 3 4 4 4 4 5 5 5 5 5 4 5 8 10 11 13 12 12 12 13 13 16 21 19 23 75 175 243 250 248 251 250 250 250 249 248 248 248 248 248 247 247 247 248 249 249 249 249 249 249 249 249 249 249 249 250 250 249 249 250 250 250 249 224 166 57 22 17 14 12 8 9 8 8 8 7 7 7 7 7 7 7 7 9 15 27 30 18 6 23 39 134 217 251 249 241 235 142 35 4 8 3 2 3 3 4 4 5 
4 3 3 3 3 3 3 3 4 4 5 5 4 4 5 5 5 6 8 9 12 12 10 10 12 12 12 22 28 16 47 155 240 250 248 250 250 250 250 248 247 248 248 248 248 247 245 247 248 248 249 249 249 249 249 249 249 249 250 250 250 250 249 249 249 250 248 248 210 141 37 16 5 9 9 8 8 8 8 8 7 7 7 7 7 7 7 8 11 17 27 29 19 17 25 23 90 199 253 248 237 235 144 39 8 10 5 2 3 3 4 4 5 
4 4 4 3 4 4 5 4 3 3 5 7 5 5 7 7 5 5 8 9 9 9 11 12 14 14 14 18 21 15 46 149 234 249 248 251 251 250 250 249 248 248 248 248 248 247 245 247 248 248 249 249 249 249 249 249 249 249 250 250 250 249 249 249 248 247 247 241 174 81 21 15 12 9 7 7 8 8 8 8 7 7 7 7 7 7 8 8 10 17 25 30 26 26 23 12 77 171 253 248 238 234 144 40 8 9 7 3 3 4 4 4 5 
7 5 5 5 7 7 8 7 5 3 5 9 8 8 8 8 7 7 8 9 11 12 16 19 21 21 18 14 16 32 82 169 234 245 248 251 251 250 249 249 248 248 248 248 248 248 248 248 249 250 250 250 249 249 249 249 249 249 249 249 249 249 249 249 249 249 247 233 160 70 19 15 11 9 8 8 8 8 8 8 7 7 7 7 7 7 7 7 9 16 24 33 43 44 46 33 75 169 250 249 243 236 143 46 22 11 8 3 3 3 4 5 7 
9 9 9 9 9 9 10 9 8 7 8 10 10 9 9 9 8 8 9 9 10 14 16 15 15 14 16 29 54 95 152 212 242 244 247 251 250 249 248 248 248 248 248 248 248 248 248 248 249 250 249 249 249 249 249 249 249 249 249 249 249 249 249 249 249 249 252 221 131 47 19 15 11 9 9 9 8 8 7 7 7 7 7 7 7 8 8 8 10 13 16 23 30 40 57 46 78 179 245 251 248 242 143 46 32 19 9 3 4 4 4 5 7 
11 11 11 10 10 11 10 10 10 12 14 14 12 11 10 10 11 10 8 5 5 7 11 17 22 31 57 99 144 186 219 241 245 245 248 250 249 248 248 248 248 248 248 248 248 248 249 249 250 250 249 249 249 249 248 249 249 249 249 249 249 249 249 250 249 250 252 215 118 36 18 15 10 9 9 9 8 8 7 7 7 7 7 7 7 8 8 9 10 12 13 19 23 40 33 28 56 166 240 252 249 249 139 42 31 23 11 4 5 4 5 5 7 
9 9 9 8 7 7 5 5 5 8 8 8 7 7 7 7 8 9 18 32 42 49 78 98 116 138 178 210 234 248 249 248 247 245 248 249 248 247 247 247 248 247 248 248 248 248 249 249 249 249 248 249 249 249 249 249 249 249 249 249 249 249 249 249 249 249 242 175 88 29 17 14 10 10 9 8 8 7 7 7 7 7 7 7 7 8 8 8 9 9 10 12 14 24 32 21 50 151 235 253 235 180 99 38 31 23 11 4 5 5 5 7 7 
20 20 19 20 21 22 21 18 16 17 19 19 22 24 25 26 29 38 67 104 135 158 189 209 220 229 243 251 251 251 250 250 248 248 248 249 248 248 248 248 248 248 248 248 248 248 249 249 249 249 249 249 249 249 249 249 249 249 249 249 249 249 249 250 249 249 241 188 110 38 17 14 10 10 9 8 8 8 7 7 7 7 7 7 7 8 8 8 8 5 3 3 4 10 17 11 38 142 228 253 235 185 94 40 33 21 10 5 7 7 5 7 7 
94 95 94 99 104 107 104 101 96 97 106 107 110 115 115 117 120 130 151 177 205 229 244 250 250 249 250 251 251 251 251 251 251 250 249 249 249 249 248 248 248 249 249 249 249 249 249 249 249 249 249 249 249 249 249 249 249 249 249 249 249 249 250 250 250 249 240 192 115 38 17 14 10 9 8 7 8 8 8 8 8 8 8 8 8 9 9 9 8 4 2 1 2 3 9 9 25 119 217 253 236 191 79 40 37 19 9 8 9 8 7 8 8 
195 200 201 203 209 212 210 208 203 205 210 215 217 219 220 220 222 224 223 223 231 241 243 243 245 245 247 248 249 250 250 249 250 250 249 249 249 249 248 249 249 249 249 249 249 249 249 249 249 249 249 249 249 250 249 249 249 249 249 249 249 249 250 250 249 249 240 189 100 45 18 15 10 9 8 8 8 8 9 8 8 8 8 8 8 9 9 9 9 8 8 8 7 7 14 14 12 87 196 253 238 192 66 38 32 16 8 8 9 8 7 7 8 
249 251 252 252 251 251 251 250 249 249 247 250 253 253 253 253 253 251 250 248 247 244 245 247 248 247 248 248 248 249 249 248 249 249 249 249 249 249 249 249 249 249 249 249 249 249 249 249 249 249 249 249 249 250 249 249 249 249 249 249 249 249 249 249 249 251 238 191 111 61 30 17 10 8 8 8 8 8 8 8 7 7 8 8 9 9 10 10 9 11 10 11 14 15 18 15 9 65 188 253 235 159 58 31 26 15 7 8 8 8 8 8 8 
249 253 253 251 249 249 249 250 251 251 249 247 247 248 248 249 249 249 250 250 249 249 250 250 250 249 248 249 249 249 249 249 250 250 249 249 249 249 249 249 250 250 250 250 250 250 249 249 249 249 249 249 249 249 249 248 248 249 249 249 249 249 249 249 249 251 241 196 129 99 42 21 16 8 8 8 9 8 8 8 8 8 9 9 9 10 10 10 9 11 12 12 16 17 18 15 12 57 175 248 227 138 53 25 24 16 10 7 7 8 8 8 8 
234 240 243 243 242 241 240 236 236 241 247 247 245 247 247 248 249 250 252 250 249 250 249 250 250 249 248 249 250 251 250 249 250 250 249 249 249 249 249 249 250 250 250 250 250 250 249 249 249 249 249 249 249 249 249 249 249 249 249 249 249 249 249 249 249 251 243 203 144 122 65 27 17 9 8 9 9 9 10 9 9 9 9 9 10 10 10 10 9 11 12 14 17 18 17 17 15 30 143 227 203 102 45 23 22 16 11 9 7 8 8 7 7 
234 237 238 241 238 227 220 209 200 209 228 241 245 247 247 248 250 251 252 250 248 248 248 249 251 249 249 250 251 251 250 250 250 250 251 250 249 249 249 249 250 250 250 250 250 250 249 249 249 249 249 249 249 249 249 249 249 249 249 249 249 249 249 249 249 251 248 226 179 130 111 64 23 16 10 10 9 9 10 10 9 9 9 9 10 10 11 11 10 11 14 15 17 19 18 19 19 19 116 186 179 88 45 21 21 18 12 10 9 8 7 7 7 
244 244 244 243 237 227 224 216 203 210 228 242 248 248 247 249 250 250 250 249 248 248 248 248 249 249 249 249 251 251 250 250 250 250 250 249 249 249 249 249 249 249 249 249 249 249 249 249 249 249 249 249 249 249 249 249 249 249 249 249 249 249 249 249 249 251 250 245 215 174 130 100 77 44 19 12 14 12 10 9 8 7 9 9 10 10 10 10 10 11 13 15 16 18 16 18 19 42 63 153 149 115 52 21 19 17 17 15 9 8 7 7 7 
250 249 249 248 245 244 245 244 241 242 247 249 250 249 249 249 250 250 249 248 248 249 248 249 249 249 250 250 251 250 249 249 249 249 249 249 249 249 249 249 249 249 249 249 249 249 249 249 249 249 249 249 249 249 249 249 249 249 249 249 249 249 249 249 249 250 250 251 236 206 174 144 116 85 59 36 26 21 15 11 9 8 9 9 9 10 9 9 10 11 13 13 13 13 14 16 16 23 49 160 177 141 72 24 19 18 15 13 11 9 7 7 7 
250 250 251 250 250 250 250 250 251 250 250 249 249 249 249 249 248 248 248 248 248 249 249 249 249 249 250 250 251 250 249 249 249 249 249 249 249 249 249 249 249 249 249 249 249 249 249 249 249 249 249 249 249 249 249 249 249 249 249 249 249 249 249 249 250 250 250 252 246 234 224 195 162 143 129 97 82 75 38 16 10 9 9 9 9 10 9 9 10 11 12 11 10 11 11 14 12 14 52 168 217 199 118 72 43 23 15 12 10 10 8 7 8 
250 250 250 249 249 249 248 248 247 247 248 247 248 249 249 249 248 248 250 250 250 250 251 250 250 247 248 249 251 250 249 249 249 249 249 249 249 249 249 249 249 249 249 249 249 249 249 249 249 249 249 249 249 249 249 249 249 249 249 249 249 249 249 249 249 250 250 250 248 247 248 229 194 173 165 154 151 139 85 44 21 10 10 10 10 10 10 10 10 11 12 13 14 15 14 15 19 23 54 161 233 230 195 145 82 45 15 14 11 10 8 7 8 
249 251 251 249 249 249 249 249 249 249 249 248 248 249 249 249 249 249 250 250 250 250 249 248 247 244 247 249 250 250 249 249 249 249 249 249 249 249 249 249 249 249 249 249 249 249 249 249 249 249 249 249 249 249 249 249 249 249 249 249 249 249 249 249 249 249 249 250 250 251 249 243 231 220 214 199 188 175 101 57 29 12 8 9 9 9 10 10 10 10 11 12 14 15 16 16 22 35 53 146 236 253 249 216 139 70 12 14 11 10 7 5 7 
249 250 251 249 249 249 249 249 249 249 249 249 249 249 249 249 249 249 249 250 245 237 234 238 241 244 245 248 249 249 249 249 249 249 249 249 249 249 249 249 249 249 249 249 249 249 249 249 249 249 249 249 249 249 249 249 249 249 249 249 249 249 249 249 249 249 249 250 250 251 250 248 244 237 235 228 214 193 127 85 58 22 9 10 10 9 10 10 10 11 11 12 14 14 16 15 22 38 52 125 222 249 253 244 162 63 10 14 11 10 8 5 7 
249 249 250 249 249 249 249 249 248 248 248 248 248 248 249 249 249 249 249 249 244 231 212 230 241 244 247 249 249 248 248 248 248 249 249 249 249 248 248 248 249 249 249 249 249 249 249 249 249 249 249 249 249 249 249 249 249 249 248 248 248 249 249 249 249 249 249 250 250 250 250 250 249 250 248 246 239 215 160 123 88 40 22 12 11 10 9 9 11 12 12 15 15 14 15 16 18 33 49 99 197 249 212 174 107 31 12 14 12 9 8 7 5 
249 249 250 250 250 250 249 249 248 248 248 248 248 249 249 248 249 249 248 248 243 230 221 236 241 244 247 249 249 248 248 248 248 249 249 250 249 248 248 248 249 249 249 249 250 250 250 249 249 250 250 250 250 250 250 250 250 249 248 248 248 249 249 249 250 249 249 249 249 250 250 250 250 251 251 251 249 242 237 182 114 66 44 24 12 10 8 9 11 12 12 15 17 14 15 16 16 25 39 72 153 228 195 139 64 12 17 18 18 16 14 12 11 
249 249 250 250 249 250 250 249 249 249 249 249 249 249 250 249 249 249 249 247 238 224 230 240 242 244 248 250 249 248 248 248 248 248 249 249 248 248 248 248 248 249 249 248 249 249 249 248 249 249 250 250 250 250 249 249 249 248 247 247 249 250 250 250 250 252 250 238 243 229 242 248 253 250 251 251 251 251 247 223 207 164 72 24 12 8 8 9 11 11 15 19 21 23 12 16 25 36 54 64 83 138 121 82 54 29 21 18 18 17 16 15 15 
248 248 250 250 249 250 250 249 249 249 249 248 248 249 249 249 249 250 249 248 241 236 240 242 244 247 249 250 248 247 247 247 247 248 248 249 249 249 248 248 249 249 249 249 250 249 249 249 250 250 250 250 250 250 249 249 250 249 245 245 245 249 248 246 250 243 230 212 205 200 181 177 180 181 182 182 186 186 201 200 181 160 79 31 11 16 11 11 10 10 16 24 29 42 38 47 59 81 109 135 165 180 153 109 67 35 26 31 30 29 26 26 25 
249 248 250 250 249 250 250 250 250 249 249 248 248 249 249 249 250 251 250 248 247 243 243 247 248 250 251 250 248 247 247 247 247 247 248 248 248 249 249 249 249 250 250 250 250 248 249 250 251 251 251 252 250 249 249 249 250 250 249 247 242 238 238 240 243 216 158 129 108 108 90 89 87 85 85 85 86 86 87 85 84 73 38 31 27 29 15 37 56 71 89 96 102 120 139 152 166 177 203 227 235 220 222 182 122 66 41 48 46 44 41 39 36 
250 250 250 250 250 251 251 250 250 249 249 249 248 248 248 248 248 249 248 248 247 247 247 249 249 251 251 249 247 247 247 245 245 247 248 248 248 249 249 249 249 250 250 250 248 248 249 250 251 251 252 252 251 249 247 247 247 245 241 227 208 186 173 166 159 149 103 60 35 40 45 51 52 50 47 47 45 43 32 36 35 30 28 36 34 36 91 122 152 179 202 205 210 215 219 223 242 252 244 243 246 232 249 221 158 95 65 58 54 52 51 50 47 
245 248 248 247 249 250 251 251 251 251 250 250 249 247 247 247 249 249 250 250 249 249 249 248 249 250 250 249 247 247 247 247 247 247 248 248 248 249 249 248 248 248 248 248 248 250 251 250 249 248 249 236 221 214 202 194 182 187 177 150 125 97 84 72 66 70 59 39 29 36 39 38 39 39 40 40 40 40 41 41 41 39 50 59 92 117 184 212 241 250 253 254 254 254 255 254 255 254 216 188 175 167 175 155 116 79 60 54 52 50 51 51 51 
222 222 221 221 224 228 231 237 241 238 235 233 233 235 235 237 241 241 240 238 238 241 244 245 248 249 250 251 251 251 249 248 249 249 250 250 250 251 250 250 249 249 247 248 249 250 250 248 245 233 214 177 150 141 116 102 87 93 87 79 67 51 51 42 37 43 45 40 39 43 40 39 39 40 41 41 40 38 38 41 44 44 59 70 94 115 189 198 216 216 219 220 223 226 220 208 208 185 142 122 103 96 77 73 60 50 44 50 51 51 52 53 54 
209 203 199 196 198 198 200 206 209 212 209 206 206 210 212 212 212 213 213 208 202 201 212 216 216 217 220 220 220 221 224 230 231 235 236 241 243 244 247 248 250 251 251 251 250 249 249 247 237 205 165 123 100 82 58 51 44 42 45 50 46 45 45 44 44 44 46 45 44 44 45 45 45 45 46 46 45 45 43 43 46 49 57 64 73 82 94 106 121 125 124 125 124 127 141 123 108 90 66 67 66 64 49 50 44 42 44 48 51 53 54 54 55 
233 228 224 224 221 219 216 217 220 223 223 220 217 215 214 214 212 213 212 207 200 191 178 172 167 162 156 149 146 142 141 150 153 158 162 167 172 184 194 198 202 208 213 217 217 216 214 208 191 158 125 97 81 65 53 52 50 47 47 47 46 46 46 46 47 46 45 45 45 45 46 46 47 49 49 49 47 49 46 44 45 47 47 48 48 53 36 50 61 60 56 59 60 61 67 65 53 46 46 54 64 58 52 49 44 43 46 46 48 51 52 52 52 
248 248 249 251 249 248 246 243 243 244 243 243 244 241 237 236 237 237 235 230 229 226 210 200 198 192 172 153 138 129 115 97 90 91 89 90 92 89 88 89 90 90 94 102 108 109 99 94 88 75 64 56 50 43 40 43 45 46 47 49 47 47 47 46 46 46 46 45 45 45 44 44 44 45 45 45 45 46 46 46 46 46 46 46 45 46 47 50 52 52 51 50 48 46 45 46 46 49 49 49 46 46 44 44 44 45 47 47 47 47 47 46 47 
247 248 248 248 247 249 237 224 224 222 219 223 233 238 244 246 247 248 248 246 247 247 246 243 241 236 226 215 205 195 173 153 139 133 128 121 114 96 88 88 89 92 94 99 103 108 108 104 101 94 89 85 80 76 73 70 65 61 59 56 53 51 50 50 49 49 49 49 50 51 52 51 50 50 50 50 50 50 51 51 51 51 51 51 51 51 53 53 56 54 53 53 53 52 53 54 56 60 65 68 71 73 73 74 75 78 80 80 79 81 77 79 85 
248 248 247 247 245 248 224 208 208 206 205 209 216 224 235 240 238 240 242 243 243 244 246 246 245 243 242 241 237 235 230 221 214 210 210 204 200 190 181 179 180 181 185 188 192 194 193 189 185 182 180 173 169 162 156 144 132 117 106 94 86 78 55 52 50 50 51 52 54 56 58 58 58 55 54 54 54 54 54 54 54 54 54 54 57 60 70 68 69 88 104 102 108 113 116 120 125 131 137 142 148 151 152 153 156 158 159 159 157 160 158 164 169 
244 244 244 245 243 242 237 229 227 227 229 229 228 228 229 229 226 226 230 234 235 238 240 241 240 240 240 240 237 235 233 230 229 230 235 236 234 236 242 238 240 240 241 243 247 247 247 244 240 238 240 240 236 227 220 208 192 175 162 148 136 129 88 85 81 80 79 79 80 81 83 88 87 94 92 92 92 92 92 92 92 92 92 92 93 94 138 141 152 181 206 200 207 213 217 220 224 226 226 226 227 228 228 229 230 231 233 233 233 234 234 236 238 
242 242 244 244 245 247 247 247 247 247 247 247 244 242 239 237 236 236 237 240 243 244 245 245 247 244 244 244 243 242 242 241 240 241 242 243 244 243 244 244 245 245 245 245 248 249 249 249 248 248 247 247 245 240 236 233 228 222 217 207 199 193 170 166 163 162 158 157 157 157 160 166 169 179 179 179 179 179 179 179 179 179 179 179 179 181 200 213 226 231 236 237 240 242 244 247 248 248 248 248 247 247 249 249 249 250 252 252 252 252 252 252 252 
244 245 247 245 247 248 249 250 249 249 248 247 248 248 248 248 249 249 249 249 249 247 248 248 249 249 249 249 248 247 246 246 243 242 242 242 242 241 240 241 242 243 245 247 247 249 249 249 249 250 249 248 245 244 244 245 247 248 249 249 248 244 234 231 229 229 228 229 229 229 229 231 234 238 240 240 240 240 240 240 240 240 240 240 240 241 241 238 236 235 236 238 240 241 242 243 245 245 245 245 245 246 247 247 247 247 248 249 249 248 249 248 248 
