15 15 15 16 16 16 16 19 24 25 26 26 29 35 40 46 51 53 56 61 66 68 70 68 68 68 67 66 67 66 64 61 60 59 57 56 56 56 54 54 56 54 56 56 57 57 58 58 56 56 54 54 53 53 54 56 53 56 58 57 56 56 56 57 57 57 57 56 56 53 53 52 52 51 51 51 51 53 53 53 53 53 53 53 53 53 53 53 53 53 53 53 53 52 52 52 52 52 52 52 52 52 52 52 52 52 52 53 53 53 53 54 54 53 53 53 53 54 54 56 56 56 56 56 57 50 33 14 4 2 2 1 1 
16 16 15 16 16 16 16 18 21 21 22 23 25 26 32 39 44 47 51 56 63 68 68 68 68 68 68 68 68 68 66 65 64 59 57 57 57 56 56 56 56 54 56 57 58 59 58 58 53 52 52 53 54 54 54 56 63 63 58 59 57 58 58 57 57 57 57 56 56 54 53 53 52 51 51 50 51 51 52 53 53 53 53 53 53 53 53 53 53 53 53 53 53 53 53 53 53 53 53 53 52 52 52 52 52 52 52 53 53 54 54 54 54 53 53 53 53 54 54 56 56 57 57 56 58 52 36 15 4 2 1 1 1 
16 16 15 15 16 16 16 16 18 18 19 20 22 22 24 30 36 38 42 50 58 61 66 68 68 70 70 69 68 68 67 67 65 61 59 58 58 58 57 56 54 54 56 58 59 58 57 55 54 56 54 54 54 53 54 52 51 49 53 64 63 59 58 59 59 58 57 57 57 56 56 54 53 52 51 51 51 51 52 53 53 53 53 53 53 53 53 53 53 53 53 53 53 53 53 53 53 53 53 53 52 52 52 52 52 52 52 53 53 54 54 54 54 53 53 53 53 54 54 56 56 57 57 57 58 52 35 14 3 2 1 1 1 
16 16 17 16 15 15 16 16 16 16 17 17 19 19 19 21 28 31 33 40 51 53 60 65 68 71 71 71 70 71 69 68 69 66 64 61 60 60 58 56 56 56 57 57 58 57 53 57 70 65 60 56 52 52 56 72 82 73 82 90 71 63 60 61 61 61 59 57 57 58 58 58 56 54 53 52 52 52 52 53 53 53 53 53 53 53 53 53 53 53 53 53 53 53 53 53 53 53 53 53 53 53 53 53 53 53 53 53 54 54 54 54 54 54 54 54 54 54 54 56 56 57 57 57 58 51 36 14 3 2 1 1 1 
17 17 17 17 16 17 18 17 16 16 16 17 17 17 17 17 22 23 26 31 42 44 51 59 64 68 70 70 71 72 71 71 71 71 68 65 64 63 60 57 56 56 58 58 59 57 53 61 84 84 78 75 95 102 113 138 166 165 163 146 103 75 63 66 66 65 62 60 60 61 61 59 59 56 54 53 53 53 53 53 54 54 53 53 53 53 53 53 53 53 53 54 54 54 54 54 54 54 54 54 53 53 53 53 53 53 53 53 54 54 54 54 54 54 54 54 56 56 56 57 57 57 57 57 58 51 36 14 3 1 1 1 1 
17 17 17 17 17 17 18 17 16 16 16 17 16 16 16 17 18 17 21 25 32 36 43 50 56 60 65 69 71 71 71 71 70 71 71 69 68 65 63 59 58 58 59 59 59 58 59 57 75 105 104 105 153 177 174 181 186 194 199 201 185 163 152 146 136 123 109 107 119 105 111 107 89 75 61 60 58 56 56 54 54 54 54 53 53 53 53 53 53 53 53 53 53 54 54 54 54 54 54 54 53 53 53 53 53 52 52 53 53 53 53 54 54 54 54 54 56 56 56 57 57 57 57 57 59 53 34 12 4 1 1 1 1 
17 17 17 17 16 16 17 17 16 15 16 16 16 16 16 15 16 16 18 22 24 28 35 42 46 51 56 61 66 67 69 68 68 70 70 69 69 67 65 63 61 63 63 61 61 61 64 65 81 108 112 118 145 166 144 121 103 101 122 162 203 217 222 223 216 204 201 196 193 174 178 173 152 131 109 91 73 63 59 61 57 56 56 54 54 53 53 53 53 53 53 53 53 54 54 54 54 54 54 54 53 53 53 53 53 52 52 52 52 53 53 53 54 54 54 54 56 54 54 54 54 54 54 56 58 53 34 14 4 1 1 1 1 
17 17 17 17 17 17 17 17 17 16 17 17 16 17 17 17 16 16 18 20 23 23 26 32 37 43 49 53 60 60 67 67 67 67 68 68 70 68 67 66 64 64 65 61 61 64 67 77 104 121 100 78 68 76 52 25 12 15 31 57 113 151 159 165 167 159 163 158 135 143 137 138 152 162 160 144 111 85 67 63 59 58 57 56 54 54 53 53 53 53 53 53 53 54 54 54 54 54 54 54 54 53 53 53 53 52 52 52 53 53 53 53 54 54 54 54 56 54 54 54 54 54 54 56 57 51 36 14 4 2 2 1 1 
17 17 17 17 17 17 17 17 17 17 17 17 17 17 17 17 16 16 16 18 18 18 21 22 25 32 39 45 50 53 59 63 66 66 68 68 70 70 68 68 67 65 66 63 61 65 73 85 108 113 71 27 11 2 0 0 0 0 0 1 14 35 38 37 40 39 36 31 18 44 42 43 65 97 129 138 128 109 92 74 61 58 58 57 57 56 54 53 53 53 53 53 53 54 54 54 54 54 54 54 54 53 53 53 53 53 53 53 53 53 53 53 54 54 54 54 54 54 54 54 54 54 53 54 56 51 36 14 4 1 2 1 1 
17 17 17 17 17 16 17 17 17 17 17 17 17 16 17 17 16 16 16 16 16 17 17 18 21 23 28 34 41 45 51 56 65 67 67 68 70 70 70 70 68 66 67 65 64 66 79 85 67 57 36 10 3 2 2 1 1 0 0 0 2 1 0 2 2 3 3 4 3 3 4 9 19 40 66 86 98 104 103 88 70 60 59 61 59 57 53 53 53 53 52 53 53 53 53 53 54 54 54 54 54 53 53 53 53 53 53 53 53 53 53 53 53 53 54 54 54 54 54 54 54 54 54 56 54 51 42 31 23 21 22 22 14 
17 17 17 17 17 16 17 17 17 17 17 17 17 16 16 17 16 16 15 16 16 16 16 16 18 19 22 27 33 38 44 50 57 60 65 67 68 68 70 71 71 70 72 68 65 66 65 60 35 14 7 4 3 2 2 0 0 0 0 0 1 1 1 2 3 3 4 6 4 1 0 2 4 2 5 18 34 59 80 88 81 74 70 67 71 54 54 54 53 53 53 53 53 53 53 53 54 54 54 54 54 53 53 53 53 53 53 53 53 53 53 53 53 53 53 53 54 54 54 54 54 54 54 56 56 53 51 46 45 43 47 47 31 
17 17 17 17 17 16 17 17 17 17 17 17 17 16 16 16 16 16 16 16 16 16 15 16 16 16 18 19 23 29 35 42 47 52 57 61 66 67 70 73 71 68 68 71 63 65 60 46 16 5 4 3 4 1 1 1 1 0 0 1 1 1 1 2 1 0 0 1 2 1 0 1 3 0 0 2 8 17 33 53 73 86 88 79 82 56 54 54 53 53 53 53 53 53 53 53 54 54 54 54 54 53 53 53 53 53 53 53 53 53 53 53 53 53 53 53 54 54 54 56 56 56 56 56 56 56 54 54 54 56 60 60 40 
17 17 17 17 17 16 17 17 17 17 17 17 17 16 16 16 16 16 16 16 15 15 15 15 15 15 17 18 22 24 28 32 42 46 50 54 63 64 66 72 73 71 70 71 59 61 61 52 19 5 5 4 3 1 1 1 1 0 0 1 1 1 0 0 0 0 0 0 0 0 1 1 1 1 1 2 2 1 4 16 39 73 93 82 79 57 56 54 54 53 53 53 53 53 53 53 54 54 54 54 54 53 53 53 53 53 53 53 53 53 53 53 53 53 53 53 54 54 54 56 56 56 56 56 56 56 56 57 57 57 59 59 42 
17 17 17 17 17 16 17 17 17 17 17 17 17 16 16 16 16 16 16 16 16 15 15 15 15 15 15 16 17 19 22 26 32 38 44 50 54 60 64 73 73 73 70 64 51 55 59 56 35 9 5 4 3 1 1 1 0 0 0 0 0 0 0 0 0 0 0 0 0 0 1 1 0 0 0 1 0 0 0 0 8 29 53 68 66 58 53 54 54 53 53 53 53 53 53 53 54 54 54 54 54 53 53 53 53 53 53 53 53 53 53 53 53 53 53 53 54 54 54 56 56 56 56 56 56 56 57 59 58 56 56 54 38 
17 17 17 17 17 16 17 17 17 17 17 17 17 16 16 16 16 16 16 16 16 15 15 16 15 15 15 16 16 17 17 20 24 29 36 42 46 54 57 67 72 73 68 58 46 46 57 66 66 38 8 4 4 0 0 0 0 0 0 0 0 0 0 0 0 0 0 0 0 0 0 0 0 0 0 0 0 0 0 0 4 7 28 59 64 64 57 56 56 54 53 53 53 53 53 53 53 53 53 53 53 53 53 53 53 53 53 53 53 53 53 53 53 53 53 53 54 54 53 53 53 53 56 57 56 52 56 61 60 56 53 51 36 
17 17 17 17 17 16 17 17 17 17 17 17 17 16 16 16 16 16 16 16 16 15 15 17 16 15 14 15 15 16 16 17 18 23 28 32 37 45 54 65 72 75 68 54 42 43 60 70 74 57 20 4 4 1 1 0 0 0 0 0 0 0 0 0 0 0 0 0 0 0 0 0 0 0 0 0 0 0 0 2 8 5 35 66 66 70 63 58 54 53 53 53 53 53 53 53 53 53 53 53 53 53 53 53 53 53 53 53 53 53 53 53 53 53 53 53 54 54 53 53 53 53 53 56 57 54 54 58 56 50 50 45 31 
17 17 17 17 17 17 17 17 17 17 17 17 17 16 16 16 16 16 16 16 16 15 15 17 17 15 15 16 16 15 16 15 18 22 23 25 35 37 53 62 66 68 65 50 39 30 47 54 49 38 19 5 4 1 1 0 0 0 0 0 0 0 0 0 0 0 0 0 0 0 0 0 0 1 0 0 0 0 0 2 6 5 42 73 68 66 63 59 57 53 53 53 53 53 53 53 53 53 53 53 53 53 53 53 53 53 53 53 53 53 53 53 53 53 53 53 54 54 53 53 53 53 54 54 54 54 54 51 40 35 30 26 17 
17 17 17 17 17 17 17 17 17 17 17 17 17 16 16 16 16 16 16 16 16 17 17 17 17 16 16 17 17 18 18 24 23 24 22 25 26 42 57 56 53 51 46 36 32 24 29 32 24 15 8 4 4 0 0 0 0 0 0 0 0 0 0 0 0 0 0 0 0 0 0 1 1 0 0 0 1 0 0 0 4 8 44 70 71 59 57 56 56 54 53 53 53 53 53 53 53 53 53 53 53 53 53 52 53 53 53 53 53 53 53 53 53 53 53 53 54 54 52 53 53 54 54 54 54 54 52 43 27 15 10 5 5 
17 17 17 17 17 17 17 17 17 17 17 17 17 16 16 16 16 16 16 16 16 17 17 17 17 17 16 18 18 13 20 26 26 25 21 23 28 35 49 45 42 40 37 26 24 19 18 17 12 9 7 4 4 0 0 0 0 0 0 0 0 0 0 0 0 0 0 0 0 0 0 1 1 1 0 0 2 3 0 0 4 9 40 60 63 60 58 57 54 53 53 53 53 53 53 53 53 53 53 53 53 53 53 53 53 53 53 53 53 53 53 53 53 53 53 53 54 54 52 53 53 53 56 56 56 54 49 36 18 6 3 2 2 
17 17 17 17 17 17 17 17 17 17 17 17 17 16 16 16 16 16 16 16 16 16 16 16 16 17 17 16 16 12 22 28 26 25 23 23 30 36 40 42 45 40 30 18 14 7 8 8 7 6 5 4 3 0 0 0 0 0 0 0 0 0 0 0 0 0 0 0 0 0 0 1 1 0 0 0 0 2 5 5 11 18 42 55 53 61 58 57 54 54 53 53 53 53 53 53 53 53 53 53 53 53 53 53 53 53 53 53 53 53 53 53 53 53 53 53 54 54 52 53 53 52 54 56 56 54 44 28 12 4 3 1 1 
17 17 17 17 17 17 17 17 17 17 17 17 17 16 16 16 16 16 16 16 16 16 16 16 16 17 17 17 17 18 25 30 25 25 25 26 38 39 43 43 45 38 25 12 11 5 4 5 6 5 5 3 3 0 0 0 0 0 0 0 0 0 0 0 0 0 0 0 0 0 0 0 1 4 3 3 2 6 17 18 26 40 50 57 53 63 57 54 54 54 54 54 53 53 53 53 53 53 53 53 53 53 53 53 53 53 53 53 53 53 53 53 53 53 53 53 54 54 52 53 53 53 53 54 54 52 42 25 10 3 3 1 1 
17 17 17 17 17 17 17 17 17 17 17 17 17 16 16 16 16 16 16 16 16 17 17 17 17 17 17 18 18 18 23 31 30 28 30 33 47 46 47 47 48 38 24 6 4 4 4 5 5 4 4 2 2 0 0 0 0 0 0 0 0 0 0 0 0 0 0 0 0 1 0 0 4 10 13 12 13 18 27 30 42 57 59 58 57 64 57 53 54 54 54 54 54 53 54 53 53 53 53 53 53 53 53 53 53 53 53 53 53 53 53 53 53 53 53 53 54 54 52 53 53 53 53 54 54 52 44 26 9 2 2 1 1 
17 17 17 17 17 17 17 17 17 17 17 17 17 16 16 16 16 16 16 16 16 17 17 17 17 18 18 17 17 16 14 23 30 33 40 40 45 40 46 47 53 40 23 8 4 5 5 5 5 4 4 2 1 0 0 0 0 0 0 0 0 0 0 0 0 0 0 0 0 1 0 0 23 40 47 47 46 45 43 49 50 59 63 60 58 58 57 54 53 53 53 54 54 53 54 53 53 53 53 53 53 53 53 53 53 53 53 53 53 53 53 53 53 53 53 53 54 54 53 53 54 54 54 54 54 53 45 26 10 2 2 1 1 
17 17 17 17 17 17 17 17 17 17 17 17 17 16 16 16 16 16 16 16 16 17 17 17 17 18 18 17 17 17 16 21 28 38 51 50 39 36 47 45 49 36 21 5 4 5 5 4 4 3 3 2 1 0 0 0 0 0 0 0 0 0 0 0 0 0 0 1 0 0 0 1 26 58 73 73 71 66 58 63 57 57 59 59 56 56 54 54 53 53 53 54 54 53 54 53 53 53 53 53 53 54 54 53 53 53 53 53 53 53 53 53 53 53 53 53 54 54 53 53 54 54 54 54 54 54 45 26 9 2 2 1 1 
17 17 17 17 17 18 18 18 18 18 18 17 17 17 16 16 16 16 16 16 16 17 17 17 17 17 17 17 17 18 18 21 28 42 54 56 42 37 43 44 44 35 17 4 3 4 4 4 4 3 3 2 1 0 0 0 0 0 0 0 0 0 0 0 0 0 0 1 1 0 0 0 9 36 68 87 90 81 73 61 59 56 56 57 54 54 54 56 54 54 54 54 54 54 54 54 54 53 53 53 53 54 54 53 53 53 53 53 53 53 53 53 53 53 53 53 54 54 54 54 54 54 56 56 54 54 45 29 11 3 2 1 1 
17 17 17 17 17 18 18 18 18 18 18 17 17 17 16 16 16 16 16 16 16 16 16 16 16 16 16 18 18 15 22 21 18 28 36 45 42 40 39 43 43 29 19 14 4 3 3 2 2 1 1 1 1 1 1 0 0 0 0 0 0 0 0 0 0 0 0 0 0 0 0 0 0 18 66 107 121 97 81 65 54 54 54 54 54 54 54 54 54 54 54 54 54 53 53 54 54 54 54 54 54 54 53 53 53 53 53 53 53 53 53 53 53 53 53 53 54 53 53 54 54 54 56 54 54 54 44 28 11 2 2 1 1 
17 17 17 17 17 18 18 18 18 18 18 17 17 17 16 16 16 16 16 16 16 16 16 16 16 16 16 17 17 22 30 31 24 23 23 31 32 28 36 42 45 45 35 22 9 4 3 2 2 1 1 1 1 1 1 0 0 0 0 0 0 0 0 0 0 0 0 0 0 0 0 0 0 19 78 131 158 131 104 87 67 57 54 54 54 54 54 54 54 54 54 54 54 53 54 54 54 54 54 54 54 54 54 54 54 54 54 53 53 53 53 53 53 53 53 53 54 53 53 53 54 54 54 54 54 53 42 25 10 2 2 1 1 
17 17 17 17 17 18 18 18 18 18 18 17 17 17 16 16 16 16 16 16 16 16 16 16 16 16 16 17 17 25 32 37 32 28 24 29 29 25 31 39 47 49 47 37 14 4 3 1 1 1 1 1 1 1 1 0 0 0 0 0 0 0 0 0 0 0 0 0 0 0 0 1 0 14 73 137 179 162 134 114 89 70 61 58 56 54 54 53 54 54 54 54 54 53 54 54 54 54 54 54 54 53 54 54 54 54 54 53 53 53 53 52 52 53 53 53 53 53 53 53 54 54 54 54 54 52 40 22 9 2 2 1 1 
17 17 17 17 17 18 18 18 18 18 18 17 17 17 16 16 16 16 16 16 16 16 16 16 16 16 15 17 17 19 26 32 29 26 28 32 33 19 26 29 36 38 38 33 18 7 3 2 1 1 1 1 1 1 1 0 0 0 0 0 0 0 0 0 0 0 0 0 0 0 0 0 0 7 46 100 156 158 152 145 115 88 68 63 56 54 54 53 54 54 54 54 54 54 54 54 54 54 54 54 54 53 54 54 54 54 53 52 52 53 53 52 52 53 53 53 53 52 53 54 53 53 53 54 54 52 38 21 9 3 2 1 1 
17 17 17 17 17 18 18 18 18 18 18 17 17 17 16 16 16 16 16 16 16 16 16 16 16 16 16 18 18 19 26 31 25 22 28 36 33 25 21 16 17 21 18 16 12 9 4 2 1 1 1 1 1 1 1 1 1 0 0 0 0 0 0 0 0 0 0 0 0 1 0 0 0 2 19 63 109 125 139 148 120 90 72 64 58 54 54 53 54 54 54 54 54 53 54 54 54 54 54 54 54 54 54 54 54 54 53 52 52 53 53 53 53 53 53 53 53 53 53 54 53 54 54 54 56 52 38 21 10 3 2 1 1 
17 17 17 17 17 18 18 18 18 18 18 17 17 17 16 16 16 16 16 16 16 16 16 16 16 16 16 18 18 19 30 32 25 25 24 31 38 31 28 21 15 12 9 5 4 4 3 2 2 1 1 1 1 1 1 1 1 0 0 0 0 0 0 0 0 0 0 0 0 1 0 0 1 2 7 36 72 97 113 116 106 92 73 61 59 57 56 54 56 56 56 54 54 54 54 54 54 54 54 54 54 54 54 54 54 53 53 53 54 53 53 54 53 53 53 53 54 53 54 54 54 54 54 54 56 52 38 21 10 3 2 1 1 
17 17 17 17 17 18 18 18 18 18 18 17 17 17 16 16 16 16 16 16 16 16 16 16 16 16 16 17 17 22 28 29 26 33 30 29 39 41 41 37 30 18 11 5 4 2 2 2 1 1 1 1 1 1 1 1 1 0 0 0 0 0 0 0 0 0 0 0 0 0 0 0 1 2 3 15 42 64 77 79 84 87 74 63 59 59 59 57 56 57 56 56 56 54 54 54 54 54 54 54 54 54 54 54 54 53 53 53 54 53 53 56 54 54 54 54 54 54 54 54 54 54 54 53 54 52 39 22 10 3 2 1 1 
17 17 17 17 17 18 18 18 18 18 18 17 17 17 16 16 16 16 16 16 16 15 16 16 16 16 16 17 19 19 19 21 30 40 46 43 39 45 59 66 68 52 32 19 6 2 2 2 1 1 1 1 1 1 1 1 1 0 0 0 0 0 0 0 0 0 0 0 0 0 0 1 1 2 2 5 18 23 32 47 61 72 74 66 61 60 61 61 59 56 54 54 56 54 54 54 54 54 54 54 56 54 54 54 54 54 54 53 54 54 54 54 54 54 56 56 56 54 54 54 53 54 54 53 54 52 39 21 9 3 2 1 1 
17 17 17 17 17 18 18 18 18 18 18 17 17 17 16 16 16 16 16 16 16 16 16 16 16 16 16 17 18 18 19 21 30 38 47 54 53 43 51 71 82 77 51 30 9 2 2 1 1 1 1 1 1 1 1 1 1 0 0 0 0 0 0 0 0 0 0 0 0 0 0 1 1 2 2 3 6 7 11 32 51 66 76 67 64 68 68 65 59 54 53 53 53 53 53 54 53 53 53 53 53 54 54 54 56 56 54 54 54 54 56 56 56 57 57 56 56 56 54 54 54 53 53 53 56 51 38 21 9 3 2 1 1 
17 17 17 17 17 18 18 18 18 18 18 17 17 17 16 16 16 16 16 16 16 17 17 17 17 17 17 18 18 18 18 21 26 33 47 61 72 76 87 100 101 84 52 26 6 2 2 1 1 1 1 1 1 1 1 1 1 0 0 0 0 0 0 0 0 0 0 0 0 0 0 1 1 1 2 1 0 2 7 21 33 51 66 62 65 77 74 60 54 52 53 53 52 53 53 54 54 53 52 53 53 54 54 56 56 56 56 56 56 54 53 54 54 54 56 56 57 56 54 53 54 56 53 53 56 51 38 21 10 3 2 1 1 
17 17 17 17 17 18 18 18 18 18 18 17 17 17 16 16 16 16 16 16 16 17 17 17 17 17 17 18 18 17 18 18 23 31 45 61 81 97 118 118 93 65 32 10 4 1 1 1 1 1 1 1 1 1 1 1 1 1 1 1 1 1 1 1 1 1 1 1 1 1 1 0 0 1 1 0 0 0 1 5 11 24 36 47 64 75 69 60 58 57 57 54 52 53 53 54 54 53 51 51 52 52 53 56 56 58 58 57 57 56 53 52 52 53 54 56 58 57 56 54 54 56 56 54 54 52 38 21 8 3 2 1 1 
17 17 17 17 17 18 18 18 18 18 18 17 17 17 16 16 16 16 16 16 16 17 17 17 17 17 17 18 18 17 18 18 22 22 31 56 72 80 97 92 63 44 31 15 5 1 1 1 1 1 1 1 1 1 1 1 1 1 1 1 1 1 1 1 1 1 1 1 1 1 1 0 0 1 1 0 2 2 3 2 2 4 23 36 52 61 69 66 61 61 58 54 53 53 54 56 56 53 53 52 51 50 52 54 56 58 59 58 57 56 53 51 51 52 54 56 57 56 56 56 53 54 53 53 54 50 37 19 8 3 2 1 1 
17 17 17 17 17 18 18 18 18 18 18 17 17 17 16 16 16 16 16 16 16 17 17 17 17 17 17 18 18 16 17 17 21 19 29 45 50 49 46 42 40 32 19 8 3 1 1 1 1 1 1 1 1 1 1 1 1 1 1 1 1 1 1 1 1 1 1 1 1 1 1 0 0 0 0 0 2 2 2 2 1 0 9 26 43 49 70 75 70 63 57 54 52 53 54 57 57 56 54 52 51 51 51 52 54 57 57 56 58 58 54 52 51 52 54 56 57 57 57 57 54 53 52 52 54 50 37 19 8 2 2 1 1 
17 17 17 17 17 18 18 18 18 18 18 17 17 17 16 16 16 16 16 16 16 17 17 17 17 17 17 18 18 16 16 17 18 18 28 34 31 26 23 21 25 23 9 3 3 1 1 1 1 1 1 1 1 1 1 1 1 1 1 1 1 1 1 1 1 1 1 1 1 1 1 0 0 0 0 1 1 1 1 1 1 2 0 17 37 52 74 85 81 71 56 53 52 53 56 58 58 58 56 53 52 51 52 52 52 54 56 57 59 59 56 52 51 51 53 56 58 58 57 57 54 56 53 52 52 50 37 18 7 2 2 1 1 
17 17 17 17 17 17 17 17 17 17 17 17 17 17 16 16 16 16 16 16 16 18 18 17 17 17 17 18 18 17 17 16 17 20 23 22 23 22 21 19 20 16 5 1 1 1 1 1 1 1 1 1 1 1 1 1 1 1 1 1 1 1 1 1 1 1 1 1 1 1 1 0 0 0 0 0 1 1 1 1 1 1 0 17 36 56 79 87 87 78 60 53 51 52 54 57 57 58 56 53 52 52 51 50 51 53 54 57 59 59 57 52 51 51 52 54 56 56 56 57 56 56 54 53 52 50 36 17 6 1 1 1 1 
17 17 17 17 17 17 17 17 17 17 17 17 17 17 16 16 16 16 16 16 16 18 18 17 17 17 17 18 18 17 17 16 17 18 19 19 18 19 19 17 15 9 3 1 1 1 1 1 1 1 1 1 1 1 1 1 1 1 1 1 1 1 1 1 1 1 1 1 1 1 1 0 0 0 0 0 1 1 1 1 1 1 1 8 25 46 72 84 87 79 66 56 50 50 53 54 57 57 57 54 53 51 50 49 49 51 54 58 59 59 59 57 53 51 51 52 53 53 56 57 57 57 57 54 52 50 36 16 6 2 1 1 1 
17 17 17 17 17 17 17 17 17 17 17 17 17 17 16 16 16 16 16 16 16 16 16 16 16 17 17 16 17 16 15 16 17 17 17 17 18 19 18 15 11 8 2 0 0 1 1 1 1 1 1 1 1 1 1 1 1 1 1 1 1 1 1 1 1 1 1 1 1 1 1 1 1 1 1 1 1 1 1 1 1 1 1 4 18 43 70 88 94 88 75 59 50 51 52 54 56 56 56 53 53 51 50 47 46 49 51 56 58 59 58 58 54 51 51 51 51 52 54 56 56 56 56 53 52 49 33 14 5 1 1 1 1 
17 17 17 17 17 17 17 17 17 17 17 17 17 17 16 16 16 16 16 16 16 16 17 17 17 17 17 17 17 16 15 16 18 18 18 22 17 22 22 16 10 5 1 1 1 1 1 1 1 1 1 1 1 1 1 1 1 1 1 1 1 1 1 1 1 1 1 1 1 1 1 1 1 1 1 1 1 1 1 1 1 1 1 4 17 46 79 96 106 104 88 66 51 51 51 53 56 56 56 53 53 51 50 47 45 46 50 53 57 59 58 56 54 51 49 49 50 50 52 54 56 56 54 53 52 47 31 12 4 1 1 1 1 
17 17 17 17 17 17 17 17 17 17 17 17 17 17 16 16 16 16 16 16 17 16 17 17 17 17 17 17 18 17 18 20 19 19 20 24 26 25 24 17 8 3 1 1 1 1 1 1 1 1 1 1 1 1 1 1 1 0 0 0 0 0 0 0 0 0 0 0 0 0 0 1 1 1 1 1 1 1 1 1 1 2 2 3 15 50 85 100 116 120 99 72 53 50 50 51 54 56 56 53 52 51 49 46 45 45 49 52 56 58 58 56 54 51 49 47 47 47 49 52 54 54 53 54 53 45 29 10 3 1 1 0 0 
17 17 17 17 17 17 17 17 17 17 17 17 17 17 16 16 16 16 16 16 17 16 17 17 17 17 17 17 18 18 18 20 23 22 20 26 33 32 26 17 8 3 1 1 1 0 1 1 1 1 1 1 1 1 1 1 1 0 0 0 0 0 0 0 0 0 0 0 0 0 0 1 1 1 1 1 1 1 1 1 1 2 2 2 12 49 79 88 113 123 99 71 53 49 49 49 51 53 54 53 53 51 49 45 44 44 47 50 53 56 56 54 52 49 47 46 46 46 47 50 52 53 52 53 52 44 25 9 3 1 1 0 0 
17 17 17 17 17 17 17 17 17 17 17 17 17 17 16 16 16 16 16 16 16 16 16 17 17 17 17 17 18 17 16 16 22 24 19 27 40 36 28 19 8 2 1 0 0 0 0 0 0 0 0 0 0 1 1 0 0 0 0 0 0 0 0 0 0 0 0 0 0 0 0 1 1 1 1 1 1 1 1 1 1 1 1 1 10 40 72 77 100 110 87 65 51 50 48 46 50 51 53 53 52 51 47 44 43 43 45 49 52 53 53 53 51 47 46 45 44 44 45 47 50 52 51 50 52 44 24 7 3 1 1 1 1 
17 17 17 17 17 17 17 17 17 17 17 17 17 17 16 16 16 16 16 16 16 16 16 17 17 17 17 17 17 16 17 19 22 23 19 24 41 36 30 19 6 2 1 0 0 0 0 0 0 0 0 0 0 1 1 0 0 0 0 0 0 0 0 0 0 0 0 0 0 0 0 1 1 1 1 1 1 1 1 1 1 1 1 1 7 29 58 74 89 88 71 57 48 47 47 45 47 49 51 51 52 50 47 44 43 42 44 47 50 51 52 52 51 47 45 44 43 43 44 46 50 50 50 51 51 43 23 7 3 1 1 1 1 
17 17 17 17 17 17 17 17 17 17 17 17 17 17 16 16 16 16 16 16 16 16 16 17 17 17 17 16 16 16 16 18 20 22 18 19 33 36 31 18 6 3 1 0 0 0 0 0 0 0 0 0 0 0 0 0 0 0 0 0 0 0 0 0 0 0 0 0 0 0 0 0 0 0 0 0 0 0 1 1 1 1 0 0 5 23 50 66 72 68 61 52 46 46 44 44 46 47 50 50 51 50 47 45 43 43 44 45 49 50 52 53 51 49 45 44 43 42 44 47 50 50 50 50 50 42 24 9 3 1 1 1 1 
17 17 17 17 17 17 17 17 17 17 17 17 17 17 16 16 16 16 16 16 17 16 17 17 17 17 17 16 16 16 16 17 19 20 18 17 28 35 30 17 6 3 1 0 0 0 0 0 0 0 0 0 0 0 0 0 0 0 0 0 0 0 0 0 0 0 0 0 0 0 0 0 0 0 0 0 0 0 1 1 1 1 1 0 5 20 47 60 65 64 58 50 45 45 43 45 46 47 50 50 51 51 49 46 45 43 44 44 47 50 52 53 52 49 45 44 44 43 44 45 49 50 50 51 50 42 24 8 3 1 1 1 1 
17 17 17 17 17 17 17 17 17 17 17 17 17 17 16 16 16 16 16 16 16 16 16 17 17 17 17 17 17 16 16 16 18 19 17 18 25 30 26 12 5 2 0 0 0 0 0 0 0 0 0 0 0 0 0 0 0 0 0 0 0 0 0 0 0 0 0 0 0 0 0 0 0 0 0 0 0 0 1 1 1 1 1 1 4 22 48 62 67 62 58 49 46 44 43 44 45 47 50 50 51 51 49 47 44 44 44 44 46 50 51 52 52 49 46 45 44 43 44 45 49 50 50 51 50 40 23 8 3 1 1 1 1 
17 17 17 17 17 17 17 17 17 17 17 17 17 17 16 16 16 16 16 16 16 16 16 17 17 17 17 17 17 16 16 16 17 18 18 24 29 27 24 12 4 2 0 0 0 0 0 0 0 0 0 0 0 0 0 0 0 0 0 0 0 0 0 0 0 0 0 0 0 0 0 0 0 0 0 0 0 0 1 1 1 1 1 1 4 22 50 65 61 57 55 51 47 44 43 43 45 46 49 50 51 50 49 47 45 44 44 44 47 49 51 53 52 49 46 44 43 43 43 44 47 51 51 51 50 40 23 8 3 1 1 1 1 
17 17 17 17 17 17 17 17 17 17 17 17 17 17 16 16 16 16 16 16 16 16 16 17 17 17 17 17 17 17 17 18 18 18 18 21 26 25 24 14 4 1 0 0 0 0 0 0 0 0 0 0 0 0 0 0 0 0 0 0 0 0 0 0 0 0 0 0 0 0 0 0 0 0 0 0 0 0 1 1 1 1 1 1 4 19 50 72 69 66 59 52 47 45 44 43 44 46 47 49 50 50 49 49 46 44 44 45 47 49 51 53 51 49 47 45 43 42 43 44 47 51 51 52 51 41 23 6 2 1 1 1 1 
17 17 17 17 17 17 17 17 17 17 17 17 17 17 16 16 16 16 16 16 16 16 16 16 16 16 16 16 16 16 16 19 20 22 23 23 25 27 26 17 5 1 0 0 0 0 0 0 0 0 0 0 0 0 0 0 0 0 0 0 0 0 0 0 0 0 0 0 0 0 0 0 0 0 0 0 0 0 1 1 0 1 1 1 7 41 65 82 82 74 63 53 49 45 44 43 44 45 47 49 50 51 50 49 46 45 44 45 47 50 52 53 52 50 47 45 43 42 43 44 47 51 51 52 51 41 22 5 2 1 1 1 1 
17 17 17 17 17 17 17 17 17 17 17 17 17 17 16 16 16 16 16 16 16 16 16 16 16 16 16 16 16 16 16 17 24 33 34 33 33 33 32 21 7 2 0 0 0 0 0 0 0 1 1 1 0 0 0 0 0 0 0 0 0 0 0 0 0 0 0 0 0 0 0 0 0 0 0 0 1 2 2 1 0 1 0 1 17 80 108 89 78 70 60 53 50 46 43 42 43 45 47 49 50 50 50 49 46 45 45 45 47 50 52 53 53 50 47 45 44 44 44 45 49 51 51 52 51 43 23 6 2 1 1 1 1 
17 17 17 17 17 17 17 17 17 17 17 17 17 17 16 16 16 16 16 16 16 16 16 16 16 16 16 16 16 16 16 16 24 38 43 37 37 43 44 28 11 3 1 1 0 0 0 0 0 1 1 1 0 0 0 0 0 0 0 0 0 0 0 0 0 0 0 0 0 0 0 0 0 0 0 0 0 2 3 1 0 1 0 3 32 102 132 90 71 64 57 53 50 47 44 42 44 45 46 47 50 50 49 49 47 45 45 45 47 50 53 54 53 50 47 45 44 43 44 45 47 49 51 53 52 43 23 6 2 1 1 1 1 
17 17 17 17 17 17 17 17 17 17 17 17 17 17 17 17 17 17 17 17 17 16 16 16 16 16 16 16 16 16 16 17 19 26 31 30 33 45 51 35 16 6 1 1 0 0 0 0 0 1 1 1 0 0 0 0 0 0 0 0 0 0 0 0 0 0 0 0 0 0 0 0 0 0 0 1 1 1 1 2 2 2 2 10 45 111 128 81 62 57 53 52 51 48 45 42 44 45 46 47 49 50 49 49 46 45 44 45 47 51 53 55 54 52 50 46 44 43 44 45 47 49 51 52 52 42 21 5 2 1 1 1 1 
17 17 17 17 17 17 17 17 17 17 17 17 17 17 17 17 17 17 17 17 17 16 16 16 16 16 16 16 16 16 16 18 18 20 29 27 22 29 38 35 22 8 2 2 1 0 0 0 0 1 1 1 0 0 0 0 0 0 0 0 0 0 0 0 0 0 0 0 0 0 0 0 0 0 0 1 1 1 1 2 2 3 5 22 60 110 105 67 55 52 52 51 50 50 45 42 44 44 46 47 49 50 49 49 46 44 44 45 47 50 53 55 54 52 50 46 45 44 45 46 47 49 51 52 52 42 21 5 3 1 1 1 1 
17 17 17 17 17 17 17 17 17 17 17 17 17 17 17 17 17 17 17 17 17 16 16 16 16 16 16 16 16 15 15 16 15 17 29 46 40 33 30 44 36 10 1 1 1 1 0 0 0 0 0 0 0 0 0 0 0 0 0 0 0 0 0 0 0 0 0 0 0 0 0 0 0 0 0 1 1 1 2 2 6 15 19 35 78 115 85 53 49 51 51 50 47 46 44 42 43 44 46 48 51 50 50 49 45 44 44 45 46 49 52 54 54 52 50 46 45 44 44 45 47 47 50 53 52 40 19 5 3 1 1 1 1 
17 17 17 17 17 17 17 17 17 17 17 17 17 17 17 17 17 17 17 17 17 17 16 16 16 16 16 16 16 16 16 16 15 16 38 75 88 75 75 68 44 14 1 1 1 0 0 0 0 0 0 0 0 0 0 0 0 0 0 0 0 0 0 0 0 0 0 0 0 0 0 0 0 0 0 1 1 2 2 5 12 23 29 49 94 108 78 50 49 51 51 49 47 45 43 42 43 44 46 48 51 50 50 47 45 44 44 44 45 47 52 54 55 52 50 46 44 43 44 45 47 47 50 53 53 42 21 5 3 1 1 1 1 
17 17 17 17 17 17 17 17 17 17 17 17 17 17 17 17 17 17 17 17 17 17 16 16 17 17 17 16 16 16 16 16 14 15 32 73 101 90 84 80 50 17 5 2 2 1 1 0 0 0 0 0 0 0 0 0 0 0 0 0 0 0 0 0 0 0 0 0 0 0 0 0 0 1 1 2 4 4 5 8 14 22 31 52 88 90 65 49 50 51 51 50 47 46 43 42 43 44 46 48 50 51 50 47 45 44 44 44 45 46 51 55 55 53 51 46 44 43 44 45 47 47 50 53 53 42 21 6 4 2 1 1 1 
17 17 17 17 17 17 17 17 17 17 17 17 17 17 17 17 17 17 17 17 17 17 16 16 17 17 17 16 16 16 16 16 15 18 28 61 84 74 68 64 40 12 4 1 2 1 1 0 0 0 0 0 0 0 0 0 0 0 0 0 0 0 0 0 0 0 0 0 0 0 0 0 2 3 4 8 11 11 10 9 16 22 26 49 77 70 49 45 49 51 51 51 49 46 43 43 43 44 46 48 51 50 50 47 46 44 43 43 44 46 50 55 55 53 51 46 44 43 44 44 46 49 51 54 53 42 21 8 5 3 2 1 1 
17 17 17 17 17 17 17 17 17 17 17 17 17 17 17 17 17 17 17 17 17 17 16 16 17 17 17 16 16 16 16 16 17 21 26 45 50 43 53 54 33 17 10 6 5 2 1 0 0 0 0 0 0 0 0 0 0 0 0 0 0 0 0 0 0 0 0 0 0 0 0 1 4 8 12 15 18 17 15 8 18 24 23 50 68 49 42 44 47 51 52 51 50 46 43 43 43 44 46 48 51 51 50 50 46 44 43 45 44 46 50 53 54 54 51 47 45 45 44 44 46 47 50 52 52 42 21 7 5 2 1 1 1 
17 17 17 17 17 17 17 17 17 17 17 17 17 17 17 17 17 17 17 17 17 17 17 17 16 16 17 16 16 16 16 16 16 22 28 31 45 42 47 50 35 24 15 6 6 3 2 0 0 0 0 0 0 0 0 0 0 0 0 0 0 0 0 0 0 0 0 0 0 0 0 3 10 16 19 21 22 21 18 14 22 23 25 61 77 60 44 43 46 50 51 50 50 46 43 42 43 44 46 48 50 51 50 50 47 44 44 44 44 45 49 52 56 54 51 47 46 44 45 45 46 46 47 52 51 42 21 7 5 2 1 1 1 
17 17 17 17 17 17 17 17 17 17 17 17 17 17 17 17 17 17 17 17 17 17 17 17 16 16 16 16 16 16 16 16 14 17 23 35 56 57 57 57 35 23 20 12 11 4 3 0 0 0 0 0 0 0 0 0 0 0 0 0 0 0 0 0 0 0 0 0 0 2 4 12 18 23 25 24 23 22 21 19 26 26 37 85 104 73 45 39 44 50 50 51 49 45 44 42 43 45 46 48 51 51 50 49 45 44 43 44 44 44 47 52 56 56 51 47 46 44 44 44 45 45 47 50 50 42 21 7 5 2 1 1 1 
17 17 17 17 17 17 17 17 17 17 17 17 17 17 17 17 17 17 17 17 17 17 17 17 16 16 16 16 16 16 15 15 14 16 21 26 36 42 49 59 43 29 23 14 11 3 3 1 1 0 0 0 0 0 0 0 0 0 0 0 0 0 0 0 0 0 0 1 2 5 8 17 23 25 28 26 24 23 23 30 31 30 50 101 116 67 43 38 44 49 51 51 50 47 44 43 43 44 46 48 50 51 50 49 46 45 44 44 44 43 46 51 56 54 52 49 45 44 44 44 44 46 49 51 51 42 22 7 5 2 1 1 1 
17 17 17 17 17 17 17 17 17 17 17 17 17 17 17 17 17 17 17 17 17 17 17 17 15 15 16 16 16 15 16 16 14 16 22 27 24 24 32 57 53 33 26 20 15 6 6 2 2 0 0 0 1 0 0 0 0 0 0 0 0 0 0 0 0 0 1 3 5 7 9 19 24 26 29 28 25 25 24 27 32 32 51 95 101 59 40 37 40 46 50 51 50 47 44 43 44 44 45 47 48 50 50 49 46 44 43 43 44 43 46 51 53 54 52 49 45 43 44 44 45 45 47 51 51 40 21 6 4 1 1 1 1 
17 17 17 17 17 17 17 17 17 17 17 17 17 17 17 17 17 17 17 17 17 17 17 17 16 16 16 16 16 16 16 16 15 17 19 19 12 11 21 52 56 37 29 22 16 6 6 2 2 1 1 1 1 1 0 0 1 1 1 1 1 1 1 0 1 2 3 6 9 8 11 18 24 26 28 28 24 24 24 23 32 35 51 88 92 53 39 35 38 45 49 51 50 47 44 42 43 43 45 47 50 50 50 49 47 45 44 44 44 43 45 50 53 54 53 49 45 44 45 45 45 46 49 52 50 40 21 6 4 1 1 1 1 
17 17 17 17 17 17 17 17 17 17 17 17 17 16 16 17 17 17 17 17 17 17 17 17 17 17 17 17 17 16 16 16 16 17 18 17 17 19 23 42 57 43 24 26 20 10 10 4 4 1 2 1 1 1 1 1 1 1 1 3 4 4 4 3 3 4 5 7 9 10 12 17 23 26 26 28 24 22 23 24 33 37 50 85 83 53 41 36 39 46 50 51 50 48 46 43 43 44 44 47 50 51 51 51 50 45 44 44 44 42 44 49 53 54 52 49 45 45 45 46 46 46 49 51 50 40 21 6 4 1 1 1 1 
17 17 17 17 17 17 17 17 17 17 17 17 17 17 17 17 17 17 17 17 17 17 17 17 17 17 17 17 17 16 16 16 16 16 16 18 17 17 20 23 31 33 29 30 21 11 10 4 4 2 2 1 1 2 3 4 3 3 3 6 8 9 9 8 7 8 9 10 10 11 15 18 23 25 28 28 24 23 22 30 38 40 53 83 79 52 44 36 37 43 49 51 50 50 47 44 43 44 45 47 50 50 50 51 50 45 44 44 44 42 44 47 52 54 52 49 45 44 45 45 46 46 47 51 49 39 21 6 3 1 1 1 1 
17 17 17 17 17 17 17 17 17 17 17 17 17 17 17 17 17 17 17 17 17 16 17 18 18 18 18 18 18 15 16 16 16 16 16 16 16 16 19 15 15 26 36 35 24 12 9 3 3 2 2 2 3 3 4 6 6 8 6 9 10 11 12 12 12 12 12 12 14 15 17 19 23 26 28 28 24 23 24 32 40 44 56 79 71 49 45 37 37 43 47 51 51 50 47 45 44 44 46 48 50 51 51 51 50 46 44 43 43 43 45 46 52 53 52 49 45 44 44 43 45 45 47 51 51 40 21 6 3 1 1 1 1 
17 17 17 17 17 17 17 17 17 17 17 17 17 17 17 17 17 17 17 17 17 16 17 18 18 18 18 18 18 15 16 16 16 16 16 16 16 17 19 19 22 25 33 35 28 16 10 4 4 3 4 4 5 5 7 10 9 10 10 11 12 11 14 16 15 15 15 14 15 16 18 19 22 25 28 28 25 24 25 33 42 47 58 76 65 45 44 36 36 40 46 50 50 50 47 46 44 43 45 47 50 51 51 51 50 47 44 43 43 44 44 45 51 52 52 49 45 44 44 43 44 44 46 50 49 39 21 5 2 1 1 1 1 
17 17 17 17 17 17 17 17 17 17 17 17 17 17 17 17 17 17 17 17 17 16 17 18 18 18 18 18 18 16 16 16 16 16 16 16 16 17 17 17 16 18 26 30 24 14 5 3 3 5 8 8 10 9 11 12 11 12 12 13 15 15 17 18 17 17 17 16 17 16 18 21 23 25 28 29 29 31 37 40 45 49 65 77 59 42 39 33 34 39 45 50 50 50 47 45 43 42 44 46 49 50 51 51 50 48 45 43 42 42 43 45 50 51 51 49 45 44 43 42 43 44 46 50 49 40 22 6 3 1 1 1 1 
17 17 17 17 17 17 17 17 17 17 17 17 17 17 17 17 17 17 17 17 17 17 17 18 18 18 18 18 18 16 16 16 16 16 17 17 17 17 17 17 16 17 21 23 24 16 8 4 4 6 8 9 11 12 15 13 12 15 15 16 17 17 18 19 19 19 19 18 19 18 19 21 23 26 31 33 35 38 46 47 46 51 72 78 52 39 33 31 33 38 45 50 50 48 47 45 43 43 44 46 49 50 51 52 51 51 47 43 40 42 43 46 50 51 51 49 46 45 44 42 43 45 47 50 49 41 22 6 3 1 1 1 1 
17 17 17 17 17 17 17 17 17 17 17 17 17 16 16 16 16 16 17 17 17 17 17 18 18 18 18 18 18 18 17 16 16 17 17 17 17 17 17 17 17 16 17 15 25 22 11 4 4 6 8 10 12 13 17 15 13 14 14 17 18 17 18 19 18 19 19 19 19 21 22 23 25 28 32 36 39 45 50 53 51 60 81 81 52 39 29 26 30 38 46 50 50 49 46 45 43 43 43 45 47 51 52 52 52 50 46 44 42 40 43 45 49 51 51 49 46 45 44 42 42 44 46 50 50 40 23 6 3 1 1 1 1 
17 17 17 17 17 17 17 17 17 17 17 17 17 16 16 16 16 16 17 17 17 17 17 18 18 18 18 18 18 18 17 16 16 17 17 17 17 17 17 18 18 17 16 15 36 33 15 7 7 9 10 10 11 12 15 15 13 14 14 17 17 17 18 18 18 18 19 19 21 21 22 24 26 29 32 37 42 47 51 54 58 68 84 74 48 39 25 24 28 36 45 50 49 49 47 45 43 43 43 44 46 51 52 52 52 51 47 45 42 42 43 46 49 52 52 49 46 45 43 40 42 43 45 49 49 40 23 7 3 1 1 1 1 
17 17 17 17 17 17 17 17 17 17 17 17 17 16 16 16 16 16 16 16 16 17 17 17 17 17 17 17 17 17 17 17 17 17 17 17 17 17 18 19 18 17 17 17 25 46 22 10 7 9 9 10 10 12 13 15 13 15 16 17 17 18 20 19 19 19 20 21 21 22 23 24 28 31 33 37 43 47 51 54 64 77 84 66 47 37 23 23 28 34 44 51 50 49 49 46 44 44 43 43 45 51 53 53 52 51 50 45 43 42 44 46 49 53 53 50 47 45 43 40 42 42 45 50 50 41 23 7 3 1 1 0 0 
17 17 17 17 17 17 17 17 17 17 17 17 17 16 16 16 16 16 16 16 16 17 17 17 16 16 16 16 16 16 16 16 16 16 17 17 17 17 18 19 18 17 17 17 22 50 28 10 7 8 9 10 10 12 13 11 13 15 16 17 17 19 20 19 19 19 20 21 22 22 23 25 28 32 36 39 45 50 52 57 67 77 78 62 46 37 24 25 28 34 44 51 52 51 50 46 44 43 42 43 45 51 52 52 52 51 50 46 43 42 43 45 47 51 53 50 47 46 44 40 40 40 45 50 50 41 23 7 3 1 1 0 0 
17 17 17 17 17 17 17 17 17 17 17 17 17 16 16 16 16 16 16 16 16 17 17 17 16 16 16 16 16 16 16 16 16 16 16 16 16 16 17 18 18 18 17 17 28 54 30 12 5 8 10 8 9 11 12 13 13 12 15 16 16 18 18 18 19 19 22 22 23 22 24 26 29 33 38 42 49 53 56 61 72 76 72 58 47 37 25 25 29 35 44 50 50 51 50 46 43 43 43 43 47 51 52 51 51 51 50 46 44 43 43 45 47 50 53 52 50 47 44 40 40 40 44 49 49 40 22 7 3 1 1 0 0 
17 17 17 17 17 17 17 17 17 17 17 17 17 16 16 16 16 16 16 16 16 16 16 16 16 16 16 16 16 16 16 16 16 16 16 17 17 16 17 17 17 16 18 16 29 77 39 14 5 9 10 9 9 11 12 13 15 14 15 17 18 19 19 20 22 22 24 24 25 24 25 26 31 36 40 43 50 56 60 66 74 75 68 55 50 36 26 26 31 36 45 52 52 52 51 47 45 44 44 45 47 50 52 52 51 50 49 46 44 44 45 46 49 52 56 53 51 47 44 43 42 42 44 47 47 40 22 7 3 1 1 0 0 
17 17 17 17 17 17 17 17 17 17 17 17 17 16 16 16 16 16 16 16 16 16 16 16 16 16 16 16 16 16 17 17 16 15 16 17 17 16 16 16 15 15 22 18 29 95 50 15 12 11 9 9 9 12 14 15 16 17 18 17 18 20 20 22 24 23 23 24 24 25 25 29 32 37 42 46 52 58 64 67 73 71 65 54 51 38 29 30 33 37 47 57 54 54 53 49 47 45 45 47 49 52 52 54 53 51 50 49 46 47 50 51 53 56 58 56 54 53 51 49 47 46 49 49 50 43 23 5 2 1 1 0 0 
17 17 17 17 17 17 17 17 17 17 17 17 17 16 16 16 16 16 16 16 16 16 16 16 16 16 16 16 16 16 17 17 16 16 15 16 16 16 16 16 16 16 18 12 23 88 50 16 17 15 10 10 11 15 15 17 18 18 18 18 18 22 22 22 24 25 25 26 26 28 29 31 34 37 45 54 59 63 66 66 71 68 60 52 50 40 36 35 39 42 49 59 61 60 58 58 58 57 54 57 59 59 59 59 59 57 57 57 56 56 56 58 59 61 61 61 61 60 59 58 56 54 56 56 57 45 23 6 2 1 1 0 0 
17 17 17 17 17 17 17 17 17 17 17 17 17 16 16 16 16 16 16 16 16 16 16 16 16 16 16 16 16 16 16 16 16 16 16 16 16 15 16 16 16 17 17 17 16 60 38 16 15 16 16 15 15 17 17 18 18 19 19 21 22 23 23 23 24 26 28 30 31 31 33 35 36 38 47 59 65 67 68 65 65 63 56 50 47 44 42 40 43 53 60 64 67 65 64 65 65 63 63 65 67 68 68 66 66 66 65 65 65 66 66 66 67 68 68 68 68 68 67 66 63 63 63 65 64 47 23 6 2 1 1 0 0 
17 17 17 17 17 17 17 17 17 17 17 17 17 16 16 16 16 16 16 16 16 16 16 16 16 16 16 16 16 16 16 16 16 16 18 17 15 16 15 18 21 24 29 31 24 43 28 17 17 18 19 18 19 21 21 19 19 21 22 22 24 25 25 25 26 26 28 31 33 33 36 37 38 42 53 64 67 70 70 63 59 58 54 51 49 46 47 47 51 60 67 72 73 73 72 72 71 68 68 71 72 74 73 72 72 71 71 72 71 73 73 72 72 73 75 75 77 75 74 73 72 71 73 74 72 52 25 8 3 1 1 0 0 
17 17 17 17 17 17 17 17 17 17 17 17 17 16 16 16 16 16 16 16 16 16 16 16 16 16 16 16 16 16 16 17 16 17 18 17 15 11 22 43 49 38 33 29 18 30 22 18 15 18 21 20 22 22 22 19 19 22 22 22 24 26 25 25 26 25 26 30 33 32 35 37 42 46 54 63 67 68 63 53 53 57 54 49 49 49 51 52 54 65 70 73 75 76 76 75 74 74 73 75 78 78 78 78 78 77 75 75 75 75 77 77 77 79 79 80 81 81 81 81 81 79 80 82 79 57 26 9 5 2 1 1 1 
17 17 17 17 17 17 17 17 17 17 17 17 17 16 16 16 16 16 16 16 16 16 16 16 16 16 16 17 16 16 16 16 14 19 18 18 21 35 63 77 51 32 25 21 17 17 21 18 12 17 21 20 22 20 20 19 19 22 21 23 24 26 25 25 25 25 26 29 30 31 32 36 40 46 56 66 68 61 49 45 52 56 52 53 50 50 51 52 56 61 65 68 72 75 75 77 78 78 75 77 78 79 79 79 79 79 78 77 78 78 78 79 80 80 80 80 79 80 80 81 82 81 81 83 79 57 26 10 5 2 2 1 1 
17 17 17 17 17 17 17 17 17 17 17 17 17 16 16 16 16 16 16 16 16 16 16 16 16 16 16 17 18 16 17 18 19 22 18 26 58 99 102 67 29 21 19 18 18 17 16 16 16 17 19 19 19 19 19 19 19 19 21 23 23 24 24 24 25 25 25 26 28 30 32 33 36 39 50 58 57 51 43 44 51 56 51 53 49 47 50 51 52 57 60 64 68 67 68 73 75 73 72 72 73 73 72 72 71 73 74 75 75 75 74 72 74 77 77 75 75 75 77 79 78 78 79 79 74 53 26 10 5 2 2 1 1 
17 17 17 17 17 17 17 17 17 17 17 17 17 16 16 16 16 16 16 16 16 16 16 16 16 16 16 17 18 16 17 19 22 21 23 57 109 125 81 37 18 14 15 16 16 18 17 15 15 16 19 19 19 19 19 18 18 18 21 22 22 23 23 22 22 22 22 23 25 25 26 25 26 28 37 36 36 42 39 40 47 51 50 47 43 43 44 44 45 52 56 58 61 63 64 66 65 65 65 65 65 65 64 63 61 63 65 67 67 67 65 61 63 65 67 68 68 70 71 72 72 72 72 71 66 49 23 8 4 2 1 1 1 
17 17 17 17 17 17 17 17 17 17 17 17 17 16 16 16 16 16 16 16 16 16 16 16 16 16 16 17 17 16 17 18 12 17 38 81 102 74 31 19 17 15 15 15 16 17 17 15 15 16 17 19 19 19 18 18 18 18 19 19 20 19 19 18 18 17 17 17 17 17 17 16 16 18 25 26 25 31 35 39 46 45 42 45 43 46 38 37 39 43 45 50 53 56 56 54 54 56 54 53 53 53 52 52 52 52 53 58 57 56 54 54 54 54 55 57 59 58 59 62 62 62 61 60 57 41 19 6 3 1 1 1 1 
17 17 17 17 17 17 17 17 17 17 17 17 17 17 16 16 16 16 16 16 16 16 16 16 16 16 16 17 16 15 17 17 11 23 49 72 58 24 12 15 16 16 15 15 16 17 17 15 16 17 16 19 19 18 17 17 16 15 15 16 16 15 15 14 14 14 13 13 13 13 15 17 16 18 19 22 19 21 25 45 67 78 67 53 43 52 30 27 27 31 37 44 46 46 46 46 46 44 44 46 47 49 47 47 45 45 45 49 47 49 49 48 47 46 47 48 50 49 49 51 51 51 50 50 47 34 17 6 3 1 1 0 1 
17 17 17 17 17 17 17 17 17 17 17 17 17 17 17 17 17 17 17 16 16 16 16 16 16 16 16 16 15 16 18 17 18 32 52 52 28 18 17 17 15 15 15 14 15 17 16 16 16 16 15 17 18 18 17 17 16 14 15 15 15 14 14 14 13 13 14 15 15 22 24 23 26 23 24 26 29 31 32 43 78 137 149 109 101 57 42 33 36 42 44 46 48 51 51 50 51 50 50 49 47 46 46 44 43 42 42 42 44 45 44 44 43 43 43 44 44 45 45 46 46 45 44 43 39 30 15 5 3 1 1 0 1 
17 17 17 17 17 17 17 17 17 17 17 17 17 17 17 17 17 17 17 16 16 16 16 17 17 16 16 17 16 17 18 16 23 46 56 36 17 14 16 16 15 15 14 14 15 16 16 15 15 16 15 16 17 17 17 17 17 18 18 17 16 16 17 16 16 16 18 21 23 29 29 26 28 28 29 30 32 36 40 43 50 87 114 123 144 142 101 71 47 39 38 41 46 47 46 45 46 45 40 42 51 47 46 44 43 42 40 39 42 42 40 41 41 41 40 41 43 44 44 45 46 45 45 43 39 28 15 5 3 1 1 0 1 
17 17 17 17 17 17 17 17 17 17 17 17 17 17 17 17 17 17 17 17 17 18 18 18 21 17 17 17 17 19 18 16 36 58 51 22 14 12 14 15 15 14 14 14 14 15 15 16 16 16 16 17 17 16 16 16 17 18 19 18 21 22 21 19 22 22 22 23 26 27 27 28 28 26 26 30 31 33 38 39 39 41 55 95 120 165 155 143 117 94 71 52 46 44 45 46 47 46 43 44 49 49 46 44 42 40 39 40 42 40 40 39 39 39 40 43 44 45 45 46 46 45 46 46 40 30 14 5 3 1 1 0 1 
17 17 17 17 17 17 17 17 17 17 17 17 17 17 17 17 17 17 17 17 17 18 18 18 19 18 18 17 17 18 22 32 54 53 30 11 11 12 12 14 14 15 15 17 16 16 17 17 18 19 19 19 19 18 17 19 18 19 21 22 23 24 24 23 23 24 24 24 25 26 26 25 25 25 25 27 30 33 37 37 36 41 44 50 60 101 134 154 164 166 149 124 96 72 60 56 49 47 51 50 49 47 46 45 42 40 39 40 42 40 40 39 39 40 40 43 45 47 47 49 47 47 47 47 42 31 14 5 3 1 1 0 1 
17 17 17 17 17 17 17 17 17 17 17 17 17 17 17 17 17 18 18 17 17 16 16 18 19 18 17 18 17 23 42 52 46 28 14 12 14 14 15 16 16 18 19 23 22 21 22 23 24 23 23 23 22 22 22 22 22 22 23 23 23 22 22 23 23 23 24 24 23 25 25 25 26 26 28 29 29 31 33 35 33 35 33 33 33 48 68 86 109 143 163 166 155 144 125 103 82 67 60 63 51 47 45 40 42 40 40 40 42 40 40 39 39 39 40 44 47 50 53 52 50 50 49 48 43 31 12 5 3 1 1 1 1 
17 17 17 17 17 17 17 17 17 17 17 17 17 17 17 17 17 18 18 18 18 18 17 17 18 19 19 21 30 52 66 46 28 19 18 21 18 18 18 19 21 22 23 25 26 25 26 27 27 25 25 25 25 25 24 24 24 24 24 23 23 22 21 23 23 24 24 24 24 25 25 24 26 26 26 27 29 30 31 31 31 30 30 30 31 36 45 51 59 70 92 115 136 151 153 153 150 132 118 99 79 68 59 50 42 44 44 42 40 39 39 38 38 39 39 43 46 49 49 51 49 47 46 46 40 29 12 5 3 1 1 1 1 
17 17 17 17 17 17 17 17 17 17 17 17 18 17 17 17 18 18 18 18 18 18 18 19 23 23 21 25 54 78 68 37 23 23 24 23 23 23 23 23 24 24 25 26 28 28 26 26 25 25 25 25 25 25 25 26 26 25 25 25 23 23 22 23 23 23 23 23 23 23 23 23 24 24 25 26 25 28 28 28 29 29 28 29 30 31 35 39 44 42 46 58 68 87 104 115 132 153 162 152 150 144 116 100 66 50 50 45 39 38 38 38 38 39 39 42 43 44 44 45 43 43 43 43 39 29 12 4 2 1 1 1 1 
17 17 17 17 17 16 16 16 16 16 16 17 18 17 17 17 18 18 18 18 19 19 18 18 19 21 29 50 74 74 50 30 24 23 23 23 23 23 23 24 25 25 25 26 26 25 25 23 23 23 23 23 23 24 24 25 25 25 25 25 24 23 22 22 21 21 22 22 22 22 22 23 23 22 23 25 25 25 25 26 26 26 28 28 29 30 30 29 36 37 37 42 45 49 53 58 68 96 113 127 159 182 189 184 160 117 86 66 54 40 40 37 39 39 39 40 40 42 42 42 43 44 43 42 39 28 11 4 3 1 1 1 1 
17 17 17 17 17 17 17 17 17 17 17 17 17 17 18 18 18 19 18 18 20 18 13 12 19 36 61 81 77 51 29 24 25 23 22 22 22 23 23 22 23 24 24 24 24 24 23 22 22 22 22 23 23 23 23 23 23 23 23 23 23 21 21 22 21 22 22 23 23 22 22 22 21 23 23 23 24 24 25 26 25 26 26 26 29 31 32 32 32 32 30 33 39 39 39 43 47 47 46 53 84 103 151 189 212 209 174 132 92 67 54 41 40 40 40 39 39 39 40 42 43 43 43 42 39 25 11 4 3 1 1 1 1 
17 17 17 17 17 17 17 17 17 17 17 17 17 17 18 18 19 20 18 16 17 18 19 32 72 95 101 88 60 37 25 22 23 21 21 21 21 22 22 21 22 22 23 24 23 24 23 22 22 22 22 23 24 24 24 23 21 21 22 22 21 21 21 21 21 21 22 22 22 22 22 22 21 23 23 22 22 23 24 24 26 25 26 26 26 29 29 31 32 31 32 33 33 36 37 40 43 37 33 37 45 47 78 121 167 201 216 203 170 103 66 50 44 40 40 39 39 38 39 39 42 40 40 42 37 23 11 4 3 1 1 1 1 
17 17 17 17 17 17 17 18 17 16 17 17 18 19 21 23 23 20 16 16 26 46 66 98 142 131 90 56 29 21 18 15 18 18 18 19 19 18 19 21 21 21 22 23 23 23 23 22 21 22 22 23 24 24 24 22 21 22 22 22 21 21 19 19 21 19 21 21 21 21 21 21 21 22 22 23 23 23 23 23 24 24 24 25 25 26 26 28 29 29 31 32 32 33 34 35 36 35 35 32 30 36 38 56 80 118 163 195 215 188 135 75 46 43 43 40 39 37 38 39 39 39 40 42 37 24 10 3 2 1 1 1 1 
17 17 17 17 17 17 16 15 15 16 18 19 18 17 15 16 18 24 31 51 84 122 137 145 133 81 37 17 5 5 8 9 9 12 16 17 18 18 19 19 21 21 22 22 22 22 22 20 20 22 23 24 23 23 23 23 23 22 22 21 21 19 19 19 19 19 19 21 21 21 21 21 19 21 21 22 23 22 23 23 23 24 24 23 24 24 25 26 26 28 29 31 31 32 32 33 33 32 30 30 31 30 30 30 37 46 72 111 153 199 186 129 67 43 45 42 39 38 39 39 40 40 40 42 37 25 11 4 2 1 1 1 1 
17 17 17 17 18 17 16 17 17 19 16 10 17 24 38 53 67 85 89 97 121 131 130 106 66 31 22 18 8 4 6 7 5 7 11 12 18 19 18 19 19 21 22 22 22 21 21 20 20 22 23 24 24 23 23 23 23 23 22 21 19 19 19 20 20 19 19 19 19 21 21 21 21 19 19 19 21 21 21 22 22 22 23 23 23 24 24 24 25 25 26 29 30 30 31 31 32 31 32 31 30 29 29 28 26 28 32 49 74 119 144 148 115 68 40 38 39 40 39 39 40 40 42 43 38 25 11 5 3 1 1 1 1 
17 17 17 17 19 21 24 21 15 11 19 25 47 82 128 163 178 171 137 97 73 54 49 38 32 28 25 19 8 4 4 5 4 5 7 10 15 18 19 19 19 21 21 21 21 21 21 19 20 22 23 24 25 24 23 22 22 23 21 21 19 18 18 20 19 17 19 19 18 18 18 18 18 18 18 18 19 19 18 21 22 23 23 22 23 23 23 24 24 24 25 27 27 28 29 30 30 30 30 30 30 30 29 31 32 32 32 32 40 65 79 106 130 109 60 42 42 42 42 42 43 42 43 44 39 28 11 5 3 1 1 1 1 
17 17 17 17 17 22 11 4 17 30 50 77 123 142 169 182 188 171 118 66 36 23 25 24 24 24 19 16 9 7 6 5 4 4 5 6 10 16 17 18 19 21 21 21 21 19 19 18 18 21 23 24 24 24 23 23 22 22 21 19 18 18 18 19 19 18 19 18 18 18 18 18 18 17 18 18 19 19 19 21 22 22 22 22 22 24 24 23 23 24 24 24 25 26 28 29 29 30 30 31 31 31 30 31 31 30 30 29 32 36 46 63 97 116 96 67 49 42 42 43 43 42 43 44 40 29 11 4 2 1 1 0 1 
17 17 17 17 17 18 28 47 87 97 90 99 111 118 109 94 93 99 72 46 31 14 21 17 16 17 19 19 15 11 9 6 4 4 3 4 6 14 16 18 19 21 21 21 22 19 19 18 18 21 23 24 24 24 23 23 22 22 21 19 18 18 18 17 17 17 19 19 19 19 18 18 18 17 18 18 19 19 21 22 22 22 22 22 22 22 23 22 23 23 23 24 24 25 26 26 26 29 30 31 31 31 30 31 31 29 28 25 28 35 40 40 53 92 114 78 47 43 43 44 43 42 43 43 42 29 11 2 2 1 1 1 1 
17 17 21 17 19 47 94 137 144 117 88 64 46 44 39 31 36 40 38 36 24 18 17 16 15 17 18 21 18 15 11 6 5 4 3 5 8 11 14 17 19 19 19 21 21 19 18 18 18 18 21 22 24 24 23 23 22 21 19 20 19 18 17 17 17 18 20 20 20 18 18 18 18 18 19 18 19 19 22 22 22 22 21 21 21 19 21 21 22 22 22 23 23 24 24 25 26 26 29 30 31 30 30 30 29 28 26 24 24 31 39 38 39 53 102 99 64 39 39 43 44 43 44 44 43 26 10 2 2 1 1 0 0 
19 21 25 29 49 96 136 139 104 72 52 31 22 21 19 23 25 25 29 26 22 19 21 21 19 19 19 22 22 18 11 6 5 5 3 5 5 8 11 16 18 19 19 19 19 18 17 16 16 18 21 22 24 23 23 23 22 19 19 19 17 17 17 17 17 18 20 19 19 18 17 18 18 18 19 18 19 19 22 22 22 21 21 21 21 19 19 19 22 22 22 23 23 23 23 24 25 25 28 31 33 32 31 27 25 22 22 25 29 32 36 38 38 39 73 102 86 56 38 43 45 44 45 44 43 26 10 2 2 1 1 0 0 
21 22 28 44 81 115 107 73 51 40 30 24 25 23 22 22 19 21 22 20 19 18 18 17 17 17 19 24 24 24 18 10 6 6 4 4 4 4 10 15 18 18 19 18 18 18 16 15 15 18 20 21 22 22 21 21 19 19 19 18 17 17 16 17 17 19 20 19 19 18 18 17 17 17 18 19 19 21 22 22 21 21 21 19 19 19 19 19 21 21 21 22 22 22 22 23 24 25 29 29 30 34 26 25 38 57 64 52 38 29 33 36 37 39 49 85 111 78 52 47 47 46 46 45 44 25 10 2 2 1 1 0 0 
22 19 26 58 90 77 44 31 37 37 29 26 23 18 19 18 17 16 16 17 18 17 18 17 17 17 19 23 25 26 24 17 11 8 4 3 2 3 5 9 15 16 17 18 18 17 16 15 15 17 19 21 22 22 21 21 19 18 17 18 17 16 16 17 19 22 20 19 19 19 18 17 18 18 19 19 19 21 22 21 21 19 19 19 21 19 19 19 21 21 21 22 22 22 22 22 22 25 29 29 30 40 29 43 74 112 121 88 53 28 32 33 37 38 44 65 101 91 66 51 50 49 47 47 45 25 10 2 2 1 1 0 0 
21 19 31 57 67 39 30 36 32 32 33 30 24 23 22 19 18 16 16 16 16 16 16 16 16 17 19 23 24 25 26 23 18 11 7 4 3 3 4 5 9 14 16 17 18 16 15 14 13 16 18 22 23 22 19 18 17 18 17 15 15 14 16 18 20 22 20 18 18 17 17 16 17 18 19 19 19 22 22 21 19 19 18 18 18 20 20 22 22 21 22 22 22 22 22 22 23 24 26 30 30 39 28 43 74 111 118 87 52 24 31 33 37 36 45 50 66 87 76 58 51 50 50 47 46 24 10 2 2 1 1 0 0 
19 23 31 45 39 25 24 25 27 33 32 30 25 24 22 18 18 16 16 16 15 15 15 15 17 17 19 22 24 24 25 25 23 17 10 5 3 3 3 3 5 11 16 17 17 17 15 14 14 16 18 22 23 21 19 18 17 17 17 15 14 13 15 19 20 20 20 18 17 17 16 16 17 18 18 19 21 22 20 19 19 19 19 19 19 20 20 22 23 22 22 22 22 23 23 24 24 24 26 29 31 32 24 24 38 57 60 51 37 22 26 35 37 38 42 41 44 78 79 61 51 51 50 50 47 24 10 2 2 1 1 0 0 
19 24 37 47 33 17 13 13 22 31 29 30 28 25 23 22 20 18 17 17 17 17 16 15 15 17 19 22 23 25 25 25 24 21 16 10 5 4 4 3 3 7 11 17 17 17 15 14 14 15 18 21 22 23 22 20 18 16 17 16 14 13 15 18 18 19 19 17 15 15 15 16 16 17 18 19 19 19 21 21 19 18 19 19 19 19 19 21 22 22 22 22 22 23 23 23 24 24 25 28 31 32 31 26 22 21 21 21 22 21 22 32 35 38 39 38 41 53 71 61 52 49 49 49 49 25 10 2 2 1 1 0 0 
23 29 45 51 30 16 13 12 18 25 26 28 28 28 25 25 22 19 18 18 17 17 16 15 15 16 17 19 20 23 24 23 24 23 19 14 8 5 4 3 3 5 9 18 18 17 16 14 14 14 18 22 23 24 22 20 18 17 18 18 16 14 14 17 16 18 18 16 15 15 16 17 17 17 19 18 19 19 19 21 19 21 19 19 21 21 19 19 22 23 23 23 23 23 23 24 25 24 25 28 30 31 30 29 27 25 25 21 19 18 18 24 31 38 37 34 36 45 66 65 54 47 47 45 47 25 10 3 2 1 1 1 1 
24 35 43 39 24 14 13 13 15 18 22 24 26 27 26 26 24 21 19 18 17 16 16 16 16 16 16 16 17 18 21 21 22 22 21 18 11 8 5 3 3 3 8 17 20 18 16 15 15 15 18 23 24 23 22 18 17 18 19 19 17 15 15 18 17 18 19 17 16 15 16 17 17 18 19 19 19 19 19 20 20 21 19 19 19 19 19 19 21 21 23 23 23 23 22 22 24 24 24 25 28 28 28 28 29 28 25 21 18 18 17 21 30 35 35 33 32 37 58 70 54 45 43 39 38 22 9 2 2 1 1 1 1 
26 45 44 31 19 15 13 12 12 15 18 22 24 26 25 25 25 22 21 19 18 17 16 16 16 16 16 16 16 17 18 19 19 21 21 19 16 12 6 3 3 3 5 11 17 18 16 15 15 15 18 23 24 23 19 17 18 18 20 19 18 15 15 18 18 18 17 16 15 14 15 16 17 18 18 19 19 18 19 20 20 19 18 18 18 18 18 18 21 21 21 22 23 22 21 22 23 22 24 25 25 26 28 28 26 25 24 21 19 19 17 20 27 33 35 33 32 30 40 60 53 43 36 36 33 16 8 3 2 1 1 1 1 
37 53 36 24 18 15 14 12 11 11 15 18 22 23 23 23 23 22 22 21 20 20 19 17 16 16 16 16 16 16 18 19 19 21 21 22 20 17 12 6 4 3 3 5 10 17 17 17 17 16 19 24 24 21 18 19 19 19 19 18 17 16 15 18 18 17 17 16 16 14 15 15 16 16 17 16 17 17 17 18 18 18 18 17 18 18 18 18 21 21 21 21 21 19 19 20 22 21 23 24 25 25 26 28 25 24 23 22 21 20 18 17 24 32 34 31 29 28 32 53 53 39 30 28 29 14 5 1 1 1 1 1 1 
40 54 29 17 17 15 12 12 10 11 14 15 17 18 21 23 23 22 22 21 20 20 19 17 16 16 16 16 16 16 18 18 18 18 22 23 23 19 14 8 4 3 3 4 5 11 17 16 16 15 18 23 23 22 18 19 20 20 20 18 17 17 15 18 18 17 17 16 16 14 14 14 15 15 16 16 15 16 17 17 17 17 18 17 18 18 18 19 19 22 22 21 21 18 18 19 22 21 21 23 24 25 25 25 25 24 22 21 21 20 18 17 22 30 33 31 29 26 28 51 56 39 26 22 21 10 5 1 1 1 1 1 1 
32 39 26 17 15 14 12 12 10 9 11 11 12 16 18 21 21 22 22 21 21 20 19 18 18 17 17 16 16 17 17 17 17 18 23 23 24 23 21 15 9 4 3 3 4 7 12 15 15 16 18 21 22 24 19 18 19 21 22 20 19 18 16 17 16 17 17 15 15 15 15 15 16 17 17 17 16 17 18 17 18 17 17 18 19 19 19 19 19 22 22 22 19 18 18 18 18 21 22 23 24 25 25 25 23 24 22 21 21 19 17 17 21 29 32 30 29 28 28 45 50 37 21 16 14 9 4 1 1 1 1 1 1 
39 36 21 15 15 15 12 12 10 8 9 10 11 15 15 18 18 21 21 21 21 20 20 20 19 17 16 16 16 17 17 17 17 17 21 22 24 23 21 17 12 5 3 3 3 5 8 12 15 16 17 19 23 23 18 17 19 22 22 19 19 18 16 16 16 17 17 15 15 15 15 17 18 19 20 19 18 19 19 19 19 18 18 19 19 21 19 18 19 19 19 22 21 18 18 16 16 19 19 21 23 23 23 23 23 23 21 19 21 19 17 15 21 29 32 31 29 30 32 35 63 65 28 12 11 8 5 1 1 1 1 1 1 
44 29 16 14 14 14 11 12 10 9 9 8 8 10 11 14 16 18 19 19 19 19 19 19 18 16 16 16 16 17 17 17 17 18 19 19 22 23 22 18 15 6 4 3 3 5 8 10 12 12 15 17 19 16 12 14 16 19 19 18 17 17 15 16 17 17 17 16 16 17 18 19 20 19 21 22 22 20 22 22 22 21 21 19 22 23 23 23 23 23 23 22 21 18 18 18 18 19 21 21 22 22 23 23 22 22 21 18 19 18 16 16 20 28 32 32 29 30 29 26 73 93 52 16 9 6 4 1 1 1 1 1 1 
42 22 14 14 14 14 11 11 10 9 9 7 7 8 8 12 15 17 18 19 19 19 19 19 18 17 17 16 16 16 17 18 18 18 18 18 21 22 21 19 16 8 5 4 3 3 4 5 9 11 12 12 12 11 12 13 13 15 18 18 17 17 15 18 19 18 19 18 18 20 20 20 20 21 21 23 23 23 24 24 24 23 24 24 24 25 26 28 26 28 28 26 26 24 23 22 22 21 21 22 22 22 23 24 22 22 21 18 18 18 16 17 20 26 32 32 29 31 28 24 65 100 72 19 10 6 4 1 1 1 1 1 1 
50 33 14 14 14 12 12 11 10 9 8 6 7 7 7 11 12 16 18 19 19 19 19 19 19 18 18 18 18 18 18 18 18 19 18 18 19 18 19 19 16 10 8 5 4 3 3 3 4 10 11 11 12 14 15 14 14 16 19 19 19 18 17 19 19 19 19 19 19 19 21 21 19 22 23 23 23 23 25 24 24 23 24 25 25 28 29 28 29 28 28 28 29 26 24 23 23 22 22 22 22 22 22 23 22 22 19 18 18 17 15 16 19 26 31 33 29 30 28 24 38 94 109 60 16 7 5 1 1 1 1 1 1 
36 24 14 14 14 12 11 11 9 9 8 7 6 6 6 10 12 16 18 19 19 19 19 19 19 18 18 18 18 18 18 18 19 19 19 19 21 19 21 21 18 17 12 8 5 3 3 3 4 8 11 11 15 17 17 19 19 19 21 19 19 18 18 19 19 19 19 21 21 19 21 21 21 22 23 23 23 23 25 24 23 23 23 25 24 26 28 29 29 29 28 29 30 29 26 25 24 23 23 23 23 23 23 24 23 22 19 18 17 16 15 15 18 24 29 31 30 29 26 23 35 78 108 66 18 6 5 1 1 1 1 1 1 
32 17 14 12 12 12 11 11 9 9 9 7 6 5 5 6 11 16 19 19 19 19 19 19 19 18 18 18 19 18 19 19 21 22 22 21 22 22 22 23 23 22 22 18 10 5 3 3 3 4 9 11 15 16 18 21 22 22 21 19 19 18 19 19 19 19 19 19 21 21 21 21 22 22 22 23 23 23 24 24 23 23 23 24 24 25 25 26 28 26 26 29 30 29 28 26 25 24 24 24 24 25 24 24 25 23 19 19 17 15 13 15 17 22 28 29 30 28 25 22 28 58 89 64 23 6 5 1 1 1 0 0 1 
26 15 12 12 12 11 11 10 10 9 9 8 7 6 5 8 12 18 21 19 19 19 19 20 20 19 19 19 21 19 21 21 22 24 24 23 24 24 23 25 25 24 24 23 17 9 5 3 3 3 4 9 12 17 17 17 18 18 18 19 19 21 21 19 19 19 21 21 21 21 21 21 22 22 23 23 22 23 24 24 23 23 23 23 23 25 25 24 25 24 25 28 29 28 28 26 26 25 24 25 25 26 26 26 28 25 22 21 17 13 13 13 16 22 25 26 28 28 24 22 19 45 81 80 36 6 5 2 1 1 0 0 1 
17 15 12 11 11 10 10 11 10 9 8 9 6 6 6 8 15 19 21 21 21 21 21 21 21 21 21 22 23 23 23 24 25 25 25 24 25 25 26 26 28 27 27 25 19 12 7 3 3 3 3 8 11 16 16 16 17 17 18 19 19 19 21 19 19 19 21 21 21 21 19 19 21 21 22 22 23 23 23 23 23 23 23 23 23 24 25 24 24 24 24 26 28 28 28 28 28 25 25 25 25 25 26 29 29 28 24 24 18 13 13 14 15 17 20 24 29 24 23 22 19 35 64 74 45 6 4 2 1 1 0 0 1 
14 17 11 10 10 10 10 10 10 9 9 9 8 6 7 8 16 22 23 22 22 22 22 22 22 22 22 23 23 24 24 25 26 26 26 25 26 26 28 28 28 29 29 28 23 18 9 3 3 3 3 5 10 14 16 17 17 17 18 19 19 19 19 18 18 19 19 19 19 19 19 19 21 21 22 22 22 23 23 23 23 24 24 24 24 24 24 24 24 24 24 25 28 28 28 28 28 25 24 24 24 25 25 26 29 28 28 27 20 12 12 14 17 19 20 23 25 24 23 22 19 25 47 61 45 9 5 2 1 1 0 0 1 
14 15 10 10 10 10 10 10 9 9 8 9 9 7 6 10 17 23 24 23 22 22 22 23 23 22 22 23 23 24 24 25 25 25 26 25 26 26 28 29 29 29 28 29 27 23 14 4 4 3 3 3 8 9 14 16 17 17 17 19 22 19 19 18 18 18 19 19 19 19 19 19 21 21 22 22 22 23 23 23 23 24 24 24 24 24 24 23 24 24 24 25 26 28 28 26 26 25 24 23 23 24 24 25 26 28 28 27 24 13 12 15 18 21 18 20 25 23 21 18 17 22 37 45 43 14 4 1 1 1 0 0 1 
15 14 11 10 10 9 9 9 9 9 8 9 9 6 6 9 16 22 23 22 22 22 23 23 23 23 23 24 23 24 24 25 25 25 25 25 25 25 26 28 29 28 28 30 30 26 18 9 4 3 4 2 4 7 11 15 15 15 16 19 22 19 18 18 18 19 19 19 19 19 19 19 19 21 21 21 21 23 23 23 23 23 24 24 23 24 24 23 24 24 24 26 28 28 28 26 26 25 24 23 23 23 23 23 25 28 26 27 24 15 13 17 21 21 18 20 24 23 18 16 15 21 29 40 43 12 4 1 1 1 0 0 1 
15 14 11 10 10 10 10 10 9 9 9 9 9 6 7 10 16 21 23 23 23 23 23 24 24 23 23 23 24 23 24 24 25 24 24 24 24 25 25 26 28 28 28 29 30 30 24 16 7 4 4 2 2 5 10 12 15 15 16 19 20 19 18 18 18 19 19 19 19 19 19 19 19 21 21 21 21 23 23 23 23 23 24 24 24 24 25 24 24 24 25 25 26 26 26 26 26 25 24 22 23 23 22 23 25 26 25 24 19 13 14 16 21 22 20 21 22 21 18 16 14 18 24 36 41 10 5 2 2 1 0 0 1 
15 14 12 11 11 10 10 9 8 9 8 8 8 6 7 9 15 19 24 24 23 23 23 24 24 23 23 23 23 23 23 23 24 24 24 24 25 24 24 25 26 26 29 29 30 30 27 21 12 5 4 2 2 3 8 11 14 15 15 18 19 18 17 18 19 18 19 19 19 18 18 18 19 19 21 21 22 22 22 23 23 24 24 24 24 24 24 24 24 24 25 25 26 26 28 26 26 24 23 22 22 22 22 23 24 25 24 22 17 13 13 16 21 23 23 21 21 19 17 15 14 16 21 29 39 10 5 2 2 1 0 0 1 
14 14 12 11 11 10 9 8 8 8 7 7 7 5 5 8 12 17 23 24 23 23 24 25 25 24 23 23 22 23 24 24 25 24 23 24 24 23 24 25 25 28 28 29 29 29 28 24 18 12 6 3 3 2 5 9 12 12 14 16 17 16 17 17 17 18 19 19 18 19 19 19 19 19 21 21 21 22 22 22 22 23 24 24 24 24 23 24 24 24 25 25 26 26 28 28 26 24 22 22 22 22 22 22 23 25 24 22 17 13 13 17 23 24 24 21 21 18 16 14 14 15 17 24 35 11 5 2 2 2 1 0 1 
14 15 14 12 11 10 9 8 8 8 7 7 6 5 4 6 10 16 23 24 24 23 24 25 25 24 23 23 23 23 24 24 25 24 23 23 23 23 24 25 25 28 28 28 29 28 28 25 21 16 11 3 3 2 3 5 9 11 12 14 16 16 16 16 16 17 19 19 19 19 19 19 21 21 21 21 22 22 22 22 22 22 23 24 24 24 24 24 25 25 24 25 25 26 26 28 26 25 24 22 22 22 21 22 23 23 23 21 17 15 14 19 25 27 26 23 22 18 15 13 14 15 17 22 32 12 5 2 2 2 1 0 1 
14 14 12 11 11 9 9 8 7 8 8 6 6 6 4 5 10 16 22 23 24 23 24 25 25 24 23 24 24 24 24 24 25 24 24 24 24 24 24 25 25 28 28 28 28 29 27 25 22 19 14 5 4 3 3 3 5 9 11 14 15 16 16 16 16 17 18 19 19 19 19 19 21 21 19 21 21 21 22 22 22 22 23 23 23 23 24 24 25 25 25 25 25 25 26 25 26 24 24 23 22 22 21 21 23 24 24 22 19 16 16 22 26 26 25 23 21 19 16 14 16 15 18 24 34 9 4 2 2 2 1 0 1 
12 14 12 11 10 9 9 7 7 8 8 6 6 6 4 5 8 14 22 23 24 24 24 25 25 25 25 24 24 24 24 24 25 25 25 24 24 24 24 25 26 26 28 26 26 27 27 24 23 24 24 15 4 3 3 2 3 7 8 11 14 15 16 16 16 17 17 18 18 19 19 19 19 21 21 21 22 22 21 21 21 21 23 23 24 24 24 24 24 24 24 25 25 25 24 25 25 24 23 23 22 21 21 21 23 24 24 24 19 17 17 22 25 25 25 24 22 19 18 16 17 17 18 24 34 9 4 2 2 2 1 0 1 
12 12 11 11 10 8 7 6 6 8 8 7 7 7 5 5 7 12 21 23 24 24 24 25 25 25 25 24 24 24 24 24 25 25 25 24 24 24 25 26 26 26 28 26 26 26 25 25 25 24 24 19 7 3 3 2 4 4 6 9 13 15 15 17 16 16 17 18 18 18 18 19 19 21 21 21 22 22 21 21 21 22 22 23 24 24 24 24 24 24 24 24 25 25 24 25 25 24 24 23 23 21 21 22 23 24 24 23 19 17 17 19 22 23 23 22 22 21 19 17 17 16 17 23 33 14 4 2 1 1 1 0 1 
12 11 10 10 10 8 7 6 6 6 8 7 8 7 5 5 7 11 19 23 24 23 24 24 24 24 24 24 24 24 24 24 25 25 25 24 24 24 25 26 26 26 26 25 25 25 25 25 25 24 24 22 12 8 4 4 4 3 4 6 12 14 15 15 15 16 16 17 17 18 18 18 18 19 19 19 21 21 19 19 19 22 22 24 24 24 24 24 24 24 24 24 24 24 24 24 24 24 24 23 23 22 22 23 24 25 25 23 19 18 18 19 21 22 22 21 21 22 21 18 17 16 17 22 31 15 5 2 1 1 1 0 1 
11 11 10 9 8 7 7 6 6 7 8 8 8 8 6 6 6 12 18 22 23 23 23 24 24 24 24 23 23 23 23 24 24 24 24 24 24 24 25 26 26 26 26 25 25 25 25 24 24 24 24 23 17 11 6 4 4 3 4 5 9 11 12 12 14 14 14 17 18 19 19 17 18 18 19 19 21 21 19 19 19 22 22 24 24 24 24 24 24 24 24 24 24 24 24 24 24 24 24 23 23 22 22 23 24 25 25 23 22 20 20 21 21 19 19 22 24 23 22 19 18 17 17 19 19 15 6 2 2 1 1 1 1 
10 10 9 9 9 8 7 6 6 7 8 8 8 8 6 6 6 11 18 22 23 23 23 23 23 23 23 23 23 23 23 24 24 24 24 24 24 25 25 26 26 26 26 25 25 25 25 24 24 24 24 25 22 12 7 5 4 3 3 4 6 9 10 11 11 11 14 16 17 18 18 17 16 18 19 19 19 21 21 21 21 21 23 24 24 24 24 24 24 24 24 24 24 24 24 24 24 24 24 23 23 22 22 23 23 24 24 23 20 19 19 19 18 18 19 22 24 23 22 21 19 19 17 19 19 12 5 2 1 1 1 1 1 
10 10 9 9 8 9 8 7 7 8 8 8 8 8 6 6 6 11 17 21 22 23 23 23 23 23 23 22 23 23 23 24 24 24 24 24 24 25 25 26 26 26 26 25 25 25 25 24 24 24 24 25 21 17 11 6 5 4 4 4 5 7 9 11 12 12 14 15 17 17 15 15 17 17 19 20 20 21 21 22 22 21 23 24 24 24 24 24 24 24 24 24 24 24 24 24 24 24 24 23 23 22 23 23 23 23 23 22 19 18 19 18 17 17 18 21 24 24 23 22 21 21 18 18 18 11 5 2 2 1 1 1 1 
11 10 9 8 8 8 8 7 7 8 8 8 8 8 6 6 6 11 17 19 21 23 23 23 23 23 23 22 22 23 23 23 24 24 24 24 24 25 25 25 25 25 25 24 24 24 24 24 24 24 24 23 22 18 12 8 5 4 4 3 4 6 7 11 12 12 11 14 15 15 15 15 17 18 19 20 23 22 22 23 23 23 23 23 24 24 24 24 24 25 25 25 25 24 25 25 24 24 24 23 23 23 23 23 23 23 24 22 18 17 16 16 16 16 18 21 24 23 23 22 23 22 21 19 18 11 5 2 2 1 1 1 1 
11 11 9 8 8 8 8 7 7 7 8 8 8 8 6 6 6 11 17 19 21 23 23 23 23 23 23 22 23 22 23 23 24 24 24 24 24 25 25 25 25 25 25 24 24 24 24 24 24 25 25 24 23 18 15 14 10 6 4 2 3 3 5 9 10 12 12 12 15 16 15 15 15 16 18 20 22 22 22 22 22 23 23 23 24 24 25 25 25 25 25 25 25 25 25 25 25 24 24 23 22 22 22 22 22 22 24 22 17 15 15 14 15 15 16 22 23 23 23 24 24 24 24 22 18 10 4 2 2 1 1 1 1 
10 10 9 8 8 8 8 8 8 7 7 7 8 7 6 6 6 11 16 21 21 22 22 22 22 22 22 21 22 22 22 23 24 24 24 24 24 25 25 25 25 25 25 24 24 24 24 24 24 25 25 24 24 18 16 18 17 12 6 4 3 2 2 4 6 9 11 12 15 16 15 15 15 16 18 20 22 22 22 22 22 23 23 23 24 24 25 25 25 25 25 25 25 25 25 25 25 24 23 23 22 22 23 23 23 23 25 23 17 15 13 13 15 16 18 21 23 22 23 24 26 25 25 24 19 10 4 2 2 1 1 1 1 
10 9 9 9 9 8 8 8 8 7 8 8 8 7 6 5 6 11 16 21 21 22 22 22 23 23 23 22 22 22 22 23 24 24 24 24 24 25 24 24 24 24 24 23 23 23 23 24 24 24 23 22 21 17 17 21 22 16 8 4 2 1 1 3 4 7 9 11 15 15 15 15 14 16 17 19 20 22 22 23 23 23 23 23 24 24 25 25 25 25 25 25 25 25 25 25 24 23 23 22 22 22 23 23 23 23 26 25 18 12 11 12 15 16 18 22 23 24 24 24 26 25 24 23 18 12 6 3 3 2 2 1 1 
12 10 9 9 9 8 8 8 8 8 8 8 8 7 6 5 6 11 16 21 21 22 22 22 23 23 23 23 22 23 22 23 24 24 24 24 24 25 24 24 24 24 24 23 23 23 23 24 24 24 23 22 21 16 16 21 24 22 10 4 2 1 1 2 3 6 8 12 15 15 15 15 15 16 18 19 19 22 22 22 23 22 23 24 24 24 25 25 25 25 25 25 25 25 25 24 24 23 23 22 22 22 23 23 23 23 28 24 17 11 11 12 14 16 18 22 25 25 25 24 26 26 24 22 19 14 7 2 3 2 2 1 1 
12 11 10 9 9 8 8 8 8 8 9 9 8 7 6 6 8 11 16 21 21 19 21 22 23 23 23 22 22 22 23 24 24 24 24 24 25 25 25 24 24 24 24 23 23 23 23 24 24 24 23 22 19 15 16 21 25 23 15 8 4 2 2 2 2 4 9 15 15 14 16 16 16 16 17 17 18 19 21 22 22 22 23 23 24 24 24 25 25 25 25 25 25 25 25 25 25 24 23 23 22 22 23 24 24 24 29 23 15 9 9 12 15 17 19 23 25 24 24 24 25 26 24 22 22 15 25 48 61 46 16 2 2 
12 12 11 10 9 9 8 8 8 8 9 8 8 7 6 6 8 11 17 19 21 21 21 22 23 23 23 22 22 22 23 24 24 24 24 24 25 25 25 24 24 24 24 23 23 23 23 24 24 24 23 22 19 15 15 21 26 24 18 13 6 3 3 2 2 3 8 13 15 15 15 16 16 16 16 16 16 18 19 22 22 22 22 23 24 24 24 25 25 25 25 25 25 25 25 25 25 24 23 23 22 22 24 24 24 25 29 23 13 9 9 12 15 17 19 22 25 24 24 24 25 26 25 24 26 29 33 67 89 75 42 17 8 
14 14 12 11 10 10 9 9 9 9 9 8 8 7 7 6 9 14 17 18 21 21 21 22 23 23 23 22 22 22 23 24 24 24 24 24 25 25 25 24 24 24 24 23 23 23 23 24 24 23 23 21 18 13 14 21 25 23 21 16 10 6 5 3 3 3 4 9 12 12 14 14 15 16 16 16 16 18 18 19 22 22 22 22 24 24 24 25 25 25 25 25 25 25 25 25 25 24 23 23 22 22 24 24 24 25 27 22 13 10 10 12 15 17 19 23 26 25 24 24 25 26 26 26 31 37 40 74 103 90 50 18 10 
14 14 15 12 11 11 10 10 10 10 10 8 8 6 6 6 9 14 17 18 19 21 21 22 23 23 23 22 21 21 22 24 24 24 24 24 25 25 25 24 24 24 24 23 23 23 23 24 24 23 23 21 18 13 14 21 25 25 23 19 14 9 6 4 3 3 4 6 10 10 12 12 12 15 16 16 16 18 19 20 20 22 22 23 23 24 24 25 25 25 25 25 25 25 25 25 25 24 24 23 22 23 24 24 24 25 27 22 14 11 11 11 16 18 19 23 25 25 24 23 24 26 28 28 30 33 37 67 99 88 45 8 3 
14 15 15 14 14 12 11 11 11 12 11 9 9 6 6 6 10 14 17 18 19 21 21 22 23 23 22 21 19 21 22 23 23 24 24 24 25 25 25 24 24 23 23 22 23 23 23 24 24 23 23 23 19 13 15 22 25 25 25 22 18 15 8 5 4 4 4 6 11 11 11 12 12 15 16 16 16 18 18 19 21 22 23 22 23 23 24 24 24 24 25 25 25 25 25 25 25 24 24 24 23 23 24 24 24 23 24 23 15 11 11 12 16 17 18 21 24 25 24 22 24 28 28 28 31 32 36 61 93 87 45 6 3 
14 14 15 14 14 14 12 12 12 12 11 9 8 6 5 6 10 15 17 18 19 21 21 21 22 22 22 21 21 19 21 23 23 24 24 24 25 25 24 23 23 23 22 22 22 23 24 24 24 23 23 23 18 13 15 21 25 25 25 24 22 17 10 5 4 4 4 5 9 10 11 12 12 14 15 16 17 17 18 19 21 22 23 22 22 23 23 24 24 24 25 25 25 25 25 25 25 25 25 24 23 23 24 24 24 24 24 23 16 11 11 14 16 18 19 22 24 24 24 22 23 25 26 26 29 33 38 57 87 89 49 9 3 
12 14 14 14 14 14 14 14 14 13 12 10 9 6 5 6 10 14 17 18 19 22 22 21 22 22 22 22 22 21 22 23 24 24 24 24 25 25 24 23 23 23 22 22 22 23 24 24 24 23 23 23 18 13 15 18 24 25 25 26 25 21 14 8 4 3 3 4 5 8 10 11 11 11 14 15 17 17 17 19 19 22 22 22 24 23 23 23 24 24 24 25 25 25 25 25 25 25 25 24 23 23 23 23 24 25 25 23 17 12 11 12 16 17 19 21 23 24 24 23 24 25 26 24 25 32 32 45 73 82 51 11 4 
12 14 14 14 14 14 14 15 15 15 12 11 9 6 5 6 10 14 17 18 19 22 22 21 22 22 22 22 23 22 23 24 24 24 24 24 24 23 22 22 22 21 21 21 22 23 23 23 23 22 22 20 16 13 13 17 23 25 25 27 27 25 19 10 5 3 3 3 5 5 8 10 12 11 12 15 16 17 18 19 19 20 22 23 24 23 23 23 24 24 24 25 25 25 25 25 25 25 25 24 23 23 23 23 24 25 25 22 16 12 11 12 16 17 19 21 23 23 24 23 24 25 26 22 21 24 17 18 39 53 33 6 4 
12 12 12 12 14 14 15 15 15 14 12 11 9 7 5 5 8 14 16 17 19 20 20 21 21 23 23 23 23 23 24 25 24 23 23 23 22 21 19 20 20 19 19 21 22 22 23 23 23 22 19 19 15 12 13 16 21 24 26 28 29 28 25 19 13 6 4 3 3 4 5 8 10 13 13 14 16 15 17 18 18 19 19 22 23 23 23 23 23 23 23 24 25 24 24 24 24 24 24 23 22 22 23 24 24 24 23 19 15 12 11 12 15 17 18 19 21 22 22 24 25 25 25 22 18 19 10 6 5 3 3 2 2 
11 12 12 12 14 14 15 16 16 14 12 11 9 7 5 6 9 12 16 17 19 20 20 19 21 22 23 23 23 24 25 24 23 23 23 22 21 19 18 19 19 18 18 21 22 22 22 21 21 21 18 17 13 12 13 16 21 25 26 28 29 30 26 22 16 10 5 3 3 3 4 5 8 11 15 14 14 15 17 17 19 19 21 22 23 22 22 23 23 23 23 24 25 24 24 24 24 24 24 23 22 22 22 23 24 24 24 19 14 12 11 11 15 17 18 19 21 21 22 23 25 25 25 22 17 13 7 5 5 3 4 2 2 
11 11 12 12 14 14 15 17 17 15 12 11 10 8 6 8 9 12 16 17 18 20 20 19 19 22 23 24 24 24 24 24 23 23 23 22 19 19 18 18 18 19 19 21 22 22 22 22 22 20 19 16 12 12 13 15 19 25 28 29 30 29 26 23 21 12 8 5 4 2 2 3 5 7 9 12 15 14 16 17 18 18 19 21 22 23 23 24 24 23 23 24 25 24 24 24 24 24 24 23 22 22 22 23 24 25 24 18 14 11 10 11 15 17 18 19 21 21 22 24 27 25 24 23 15 10 5 3 2 1 2 1 1 
11 11 12 12 14 14 15 17 17 15 12 11 10 8 6 8 9 12 16 17 18 19 19 19 19 22 23 24 24 24 24 24 23 23 23 22 19 19 18 18 18 19 19 21 22 22 22 22 22 20 19 16 12 12 13 16 19 23 26 28 28 29 28 25 24 19 10 6 4 1 1 2 4 5 8 11 12 12 14 16 17 17 18 19 21 22 23 24 24 23 23 23 24 24 24 24 24 24 24 23 22 22 22 23 24 25 25 19 15 11 11 14 16 16 18 19 21 22 22 24 29 26 24 23 16 11 5 3 2 1 1 1 1 
11 11 12 12 14 14 15 17 17 15 12 11 10 8 8 8 10 14 16 17 18 20 20 19 19 21 23 24 24 24 24 24 23 23 22 21 19 18 17 17 17 19 19 21 22 22 22 22 22 20 19 16 12 12 13 16 19 23 26 26 28 28 26 27 26 20 13 9 3 3 2 2 2 3 7 10 11 11 11 14 16 17 16 18 21 21 22 24 24 23 23 23 23 24 24 24 24 23 23 23 23 22 23 23 23 25 25 21 16 12 11 14 18 17 18 19 21 22 23 25 29 28 25 24 18 9 4 2 2 1 1 1 1 
11 11 12 14 14 15 16 17 17 15 12 11 9 8 8 8 11 12 16 17 17 19 19 19 19 21 23 24 24 24 24 24 23 22 22 21 19 18 17 17 17 19 19 21 22 22 22 22 22 20 19 16 12 12 13 16 19 23 26 26 28 26 26 26 25 22 17 15 5 3 3 2 2 3 4 8 9 9 11 14 14 16 16 17 18 21 21 23 24 23 23 23 23 23 23 24 24 23 23 23 23 23 23 23 23 24 25 22 16 12 11 14 17 18 19 21 22 22 23 25 29 28 25 23 16 10 5 2 2 1 1 1 1 
11 12 14 14 14 15 16 17 17 16 14 11 10 8 8 9 11 12 16 17 17 18 18 19 19 22 23 23 23 24 24 24 23 22 21 21 19 18 17 17 17 19 19 21 22 22 22 22 22 20 19 16 12 12 13 15 18 22 25 25 26 26 25 25 23 22 19 19 11 5 3 4 3 3 4 5 8 10 12 14 15 15 16 17 18 21 21 22 23 24 24 23 23 23 23 24 24 23 23 23 23 23 23 23 23 23 24 23 16 12 11 12 16 18 19 21 22 24 25 25 28 28 25 24 17 10 4 2 2 1 1 1 1 
11 12 14 14 14 15 16 17 17 16 15 12 10 9 9 8 10 12 15 16 17 17 18 20 20 22 22 23 23 24 24 24 23 22 21 21 19 18 17 17 17 19 19 21 22 22 22 22 22 20 19 16 12 13 13 16 18 22 24 24 25 24 24 24 24 23 22 20 15 8 4 4 3 2 3 4 8 11 11 12 14 15 15 17 18 19 21 22 22 23 24 23 23 22 23 24 24 24 24 24 24 23 23 23 23 23 23 23 18 14 11 12 16 18 19 22 23 25 26 26 29 28 25 25 18 10 4 2 2 1 1 1 1 
11 12 14 14 14 15 16 17 18 17 15 12 11 9 9 9 11 14 15 16 18 19 19 20 20 22 23 23 23 23 23 23 22 22 21 19 18 18 18 16 16 18 18 19 21 21 21 19 19 20 19 16 13 13 14 16 18 22 24 24 25 24 24 24 24 23 23 22 16 11 7 4 3 2 3 4 7 8 10 10 12 12 14 15 16 18 19 21 22 22 22 23 24 24 25 24 25 24 24 24 24 23 23 24 24 23 23 23 18 12 11 12 15 18 19 21 22 24 25 25 28 27 27 25 18 9 4 2 1 1 1 1 1 
11 12 14 15 15 16 17 18 18 17 15 12 11 9 8 9 11 14 15 16 18 19 19 20 20 22 23 23 23 24 23 23 22 21 19 18 18 18 18 16 16 18 18 19 21 21 21 19 19 20 19 16 13 13 14 16 18 22 23 24 24 24 24 24 24 24 24 23 21 16 12 5 3 2 2 3 4 7 10 10 11 14 14 14 16 17 18 21 21 21 22 23 24 24 25 24 25 24 24 24 24 23 23 24 24 22 22 23 18 14 10 11 12 15 18 22 23 25 25 25 28 27 26 25 18 9 4 2 2 1 1 1 1 
11 12 14 15 15 16 17 19 19 18 16 14 11 9 9 10 12 14 15 16 18 19 19 20 20 22 23 23 23 24 23 23 22 21 19 18 17 18 17 16 16 18 18 19 21 21 21 19 19 20 19 16 13 13 15 16 18 22 23 24 24 25 24 24 24 24 24 25 24 21 16 9 4 3 3 3 3 3 8 10 11 13 15 14 15 16 17 19 19 21 21 21 22 24 25 25 25 25 25 24 24 24 23 24 24 22 22 21 17 14 10 9 11 14 16 22 23 24 24 25 28 26 25 27 19 9 4 2 1 1 1 1 1 
