45 45 46 46 46 46 45 45 45 45 45 45 45 45 44 44 44 44 44 44 44 44 44 43 43 43 44 44 44 44 46 46 46 46 46 46 47 46 45 44 44 45 46 47 45 43 43 41 42 40 41 40 38 38 38 39 39 39 39 38 37 38 37 34 33 31 29 28 26 25 25 25 25 24 24 25 25 24 24 23 23 23 22 21 21 21 21 21 21 21 22 22 22 21 21 22 23 23 24 24 24 23 23 23 23 23 24 24 24 24 25 25 23 24 24 24 24 23 22 16 10 4 2 2 1 1 2 2 2 2 3 3 3 3 3 3 2 
45 46 46 46 46 46 45 45 45 45 45 45 45 45 44 44 44 44 44 44 44 46 44 43 43 44 44 44 45 46 48 48 49 47 49 51 51 50 49 49 47 47 49 49 46 45 47 47 45 43 43 40 40 42 42 42 42 40 40 40 39 39 37 34 33 32 30 29 29 26 28 28 26 26 25 28 25 25 24 23 23 23 22 22 22 22 22 21 22 22 22 22 23 22 22 21 23 23 23 24 24 24 23 23 23 23 24 24 24 25 25 24 23 23 23 23 23 23 21 15 9 4 1 2 1 1 2 2 2 2 3 3 3 3 3 3 2 
46 46 46 45 45 45 45 45 45 45 45 45 45 45 44 44 44 44 44 44 45 45 44 43 43 44 45 45 46 51 55 57 57 61 65 65 61 61 59 58 58 60 61 59 56 54 55 53 47 46 42 42 43 43 44 46 50 46 43 39 39 40 37 35 32 31 30 29 30 29 28 28 28 28 28 28 26 25 24 24 24 23 22 22 22 22 22 22 22 22 22 22 22 22 21 21 21 21 22 23 24 24 23 23 23 23 24 24 25 25 24 24 24 24 23 23 22 22 22 17 8 3 2 2 1 1 2 2 2 2 2 2 2 2 2 2 1 
46 46 45 45 45 45 44 45 45 45 45 45 45 45 45 44 44 44 44 44 45 44 44 45 45 46 49 45 49 56 62 65 65 72 75 75 73 72 72 70 70 68 68 70 70 71 74 71 66 64 53 47 45 43 44 49 54 52 47 40 40 40 39 36 33 32 31 30 31 30 29 29 29 29 30 30 28 26 25 25 24 24 23 23 23 22 22 22 22 22 23 23 22 22 22 21 22 22 23 23 23 24 23 22 22 23 24 25 25 25 24 23 24 23 23 22 22 22 22 16 8 3 2 3 1 1 2 2 2 2 2 2 2 2 2 2 1 
46 45 45 44 44 45 45 46 46 46 46 46 46 45 45 44 44 44 43 46 48 46 53 56 54 51 56 51 63 71 85 90 97 110 117 121 118 113 109 106 102 100 103 108 110 108 108 101 92 84 76 68 53 45 44 52 59 57 56 46 45 45 42 38 35 33 31 31 31 30 31 31 30 31 31 31 30 28 26 26 26 25 25 24 23 22 22 22 22 23 23 23 23 23 23 23 22 23 23 23 23 24 23 22 23 23 24 25 25 25 24 23 24 23 22 22 22 22 22 17 8 3 1 2 1 1 2 2 2 2 2 2 2 2 2 2 1 
45 45 44 44 44 45 45 46 46 46 46 46 46 46 45 44 44 44 43 47 61 66 79 77 74 67 78 82 109 121 143 154 165 180 191 194 189 180 174 171 166 165 170 175 178 171 170 158 137 115 101 89 74 61 54 64 74 79 82 70 64 60 54 51 46 40 35 32 30 30 31 31 30 30 30 30 29 28 28 28 28 26 25 24 23 22 22 22 22 22 23 23 23 24 23 23 23 23 23 24 24 24 23 22 22 23 24 25 26 25 25 24 24 23 22 22 22 22 22 17 8 3 1 2 1 1 2 2 2 2 2 2 2 2 2 2 1 
44 44 44 44 44 45 45 46 46 46 46 46 46 46 45 45 45 45 46 53 72 82 100 104 106 113 130 151 181 196 214 222 230 237 242 242 238 236 233 229 224 223 227 228 226 221 221 210 194 170 145 126 103 99 107 103 108 111 116 103 93 83 73 64 55 44 36 32 31 31 32 31 31 31 31 31 30 30 30 29 28 26 25 24 24 22 22 22 22 23 23 24 23 24 23 24 25 26 26 25 25 25 23 23 24 25 25 26 26 26 25 24 24 23 22 22 23 23 24 17 8 3 1 2 1 1 2 2 2 2 2 2 2 2 2 2 1 
44 44 44 44 44 45 45 46 46 46 46 46 46 45 45 46 47 50 52 64 85 101 125 145 150 167 194 220 235 243 251 251 252 252 252 252 253 253 253 250 248 247 247 248 244 242 242 237 234 224 210 190 164 159 178 166 175 172 163 142 125 107 82 67 57 41 35 32 31 31 32 32 30 30 31 31 30 31 31 29 29 26 26 24 24 22 23 23 22 23 23 23 24 24 24 24 26 26 26 25 25 25 23 22 24 25 26 26 26 26 25 24 24 23 23 23 23 24 24 17 8 3 1 1 1 1 2 2 2 2 2 2 2 2 2 2 1 
45 45 45 45 45 45 44 44 45 45 45 45 45 45 44 45 47 48 52 64 85 114 155 184 200 217 240 253 252 252 252 252 252 251 250 251 252 252 252 252 251 252 252 252 250 248 248 248 247 248 247 236 224 220 220 230 242 235 216 181 151 124 86 67 56 38 36 35 32 33 32 31 31 29 30 30 30 30 31 31 31 29 28 25 24 24 24 23 23 23 24 24 25 25 25 26 26 26 25 24 24 24 24 24 25 26 26 28 28 26 25 23 22 22 23 23 24 25 25 18 8 3 1 1 1 1 2 2 2 2 2 2 2 2 2 2 1 
45 45 45 45 45 45 44 44 44 45 45 45 45 45 45 46 48 50 52 64 85 125 180 212 234 242 251 251 249 249 250 253 252 250 248 249 250 252 252 252 251 252 252 251 250 250 249 248 248 248 251 251 248 244 245 249 252 249 236 213 185 145 93 66 50 37 39 36 35 35 31 31 30 29 28 29 29 29 31 31 31 31 29 28 26 26 25 24 25 25 26 26 28 28 29 29 28 26 26 24 24 24 24 24 25 26 26 28 28 26 25 24 23 22 22 23 24 25 25 18 8 3 1 2 1 1 2 2 2 2 2 2 2 2 2 2 1 
45 45 45 45 45 44 44 43 43 44 44 44 44 44 45 45 45 45 49 72 104 153 206 235 251 250 249 249 248 251 252 249 246 242 243 244 243 241 240 237 236 238 240 242 243 247 245 245 245 246 247 247 248 246 245 247 252 249 246 238 209 164 101 60 43 32 40 39 36 37 37 33 30 28 28 29 29 30 31 31 31 31 31 30 29 27 27 26 27 29 29 31 31 31 30 29 26 26 25 24 23 23 23 23 26 27 28 28 28 26 26 25 23 22 21 22 23 25 24 15 5 2 1 2 1 1 1 1 1 1 1 1 1 1 1 1 1 
45 45 45 45 45 44 44 43 43 43 44 44 44 44 45 46 47 45 44 77 120 177 230 243 252 252 249 248 245 247 249 249 244 238 235 228 212 193 191 189 188 193 200 208 217 228 227 226 230 240 243 243 244 244 245 246 251 252 252 248 228 186 124 75 51 40 40 41 38 37 35 32 29 29 28 28 29 30 32 32 33 32 32 32 31 29 27 27 29 31 32 34 33 33 32 30 28 26 24 24 24 24 23 24 29 30 28 28 28 26 26 25 24 23 22 22 24 25 24 15 5 2 1 2 1 1 1 1 1 1 1 1 1 1 1 1 1 
45 45 44 44 44 44 44 44 44 44 44 44 44 44 46 47 51 50 50 88 137 195 251 252 252 251 248 247 245 243 251 248 243 234 212 180 149 128 127 127 124 127 137 151 167 182 187 191 198 209 222 234 241 242 245 247 248 249 251 247 240 210 157 100 65 54 49 45 42 35 31 31 30 28 28 26 30 32 33 33 34 34 34 33 32 31 29 29 30 32 35 36 36 34 32 31 29 26 25 24 24 24 24 26 29 30 30 30 29 27 25 24 25 23 22 23 24 25 24 15 5 2 1 2 1 1 1 1 1 1 1 1 1 1 1 1 1 
45 45 44 44 44 44 44 44 44 44 44 44 44 44 46 46 53 56 65 119 173 214 250 252 252 247 245 249 250 243 241 234 229 207 167 128 97 78 77 78 74 75 84 95 110 127 136 143 150 164 182 199 221 231 234 243 245 246 245 245 246 230 187 135 100 78 67 59 52 43 35 32 30 28 26 26 30 33 34 36 37 38 38 38 36 34 32 32 33 35 37 36 37 37 33 31 29 28 26 25 24 25 25 26 29 30 30 30 27 26 25 24 25 24 23 23 24 25 25 16 6 2 2 2 1 1 1 1 1 1 1 1 1 1 1 1 1 
45 45 44 44 44 44 44 44 44 44 44 44 44 44 46 47 49 56 80 140 199 230 246 251 250 247 239 231 217 206 202 194 182 153 115 82 61 50 47 47 45 46 53 64 77 88 92 95 103 121 142 157 181 199 201 222 230 236 235 240 244 239 219 191 164 136 121 107 87 67 49 40 37 30 28 29 31 32 36 37 39 40 40 40 38 37 35 35 36 37 37 38 38 36 34 32 29 28 26 25 24 24 24 25 26 28 28 28 26 26 26 25 25 25 23 24 25 26 26 17 6 2 2 2 1 1 1 1 1 1 1 1 1 1 1 1 1 
45 45 44 44 44 44 44 44 44 44 44 44 44 44 45 47 50 63 104 170 226 247 242 242 241 234 221 189 165 144 148 131 116 99 79 56 46 44 40 39 37 37 39 50 58 64 60 63 68 80 94 109 130 153 166 179 192 208 212 217 226 230 240 242 233 217 205 174 143 113 71 56 46 35 31 31 32 33 37 39 40 42 42 42 40 39 38 37 37 38 38 39 38 37 34 33 29 28 26 25 24 25 24 25 26 26 26 26 26 26 26 25 25 25 23 23 24 26 25 16 6 2 2 2 1 1 1 1 1 1 1 1 1 1 1 1 1 
45 45 44 44 44 44 44 44 44 44 44 44 44 44 45 47 61 88 141 200 241 247 228 216 206 182 160 130 116 100 89 78 72 67 62 50 44 43 40 39 37 37 37 40 45 47 45 47 50 57 64 77 93 110 129 143 159 172 175 185 197 215 241 251 250 246 240 219 191 148 95 72 59 46 37 33 36 36 38 40 41 43 43 44 42 40 40 39 39 40 39 38 36 35 34 32 30 29 28 26 25 25 24 26 26 26 26 26 26 26 24 24 25 24 22 23 24 26 25 16 5 1 1 1 2 2 1 1 1 1 1 1 1 1 1 1 1 
45 45 45 45 45 44 44 43 44 44 44 43 44 45 46 45 63 116 182 228 244 242 219 200 178 145 122 94 70 57 52 48 50 52 53 46 38 36 35 35 33 35 36 36 38 38 38 39 42 46 57 65 74 85 101 123 137 128 123 139 163 201 235 243 244 247 247 242 222 179 127 92 72 52 39 36 37 38 38 40 41 43 43 44 43 42 40 40 40 40 40 38 36 33 34 32 30 29 28 28 26 26 25 26 26 26 26 26 26 26 25 24 24 23 22 23 24 26 25 16 5 2 1 1 2 2 1 1 1 1 1 1 1 1 1 1 1 
44 44 44 44 44 44 44 44 44 44 44 44 45 47 50 55 81 150 212 241 235 224 200 166 131 101 81 63 45 37 35 35 35 37 40 38 35 35 35 35 35 33 33 35 33 32 33 33 34 38 50 52 60 74 85 93 96 87 84 96 123 167 210 231 236 245 248 246 236 202 138 100 68 46 37 36 37 38 37 38 41 41 42 42 42 42 40 40 40 40 40 38 36 33 33 32 30 29 29 28 28 26 25 26 26 26 26 26 26 28 26 25 23 22 23 23 25 26 25 16 5 2 1 1 2 2 2 2 2 2 2 2 2 2 2 2 2 
44 44 44 44 44 44 44 44 44 44 44 45 45 46 53 69 113 191 234 241 228 201 164 127 92 68 49 42 36 30 28 28 26 29 31 32 33 35 36 35 33 32 33 33 31 30 30 30 32 36 43 47 52 56 58 71 75 68 66 72 92 130 171 214 231 238 246 247 243 222 169 116 71 47 37 36 38 39 38 39 41 41 40 42 42 40 40 40 40 40 40 38 36 33 33 32 30 29 29 28 28 28 28 28 28 28 28 28 26 26 26 25 24 23 23 24 25 26 25 16 5 2 1 1 2 2 2 2 2 2 2 2 2 2 2 2 2 
44 44 44 44 44 44 44 44 44 44 45 46 47 50 52 87 134 189 229 221 202 173 128 94 63 49 38 32 26 20 18 19 19 24 29 31 34 36 35 33 32 32 33 33 30 29 30 30 30 32 33 37 41 39 39 52 53 47 45 47 63 92 129 184 216 233 243 246 242 228 186 129 78 51 37 36 38 39 41 41 40 40 40 40 40 40 40 40 40 40 40 38 36 35 33 32 31 30 29 29 29 28 28 28 28 28 28 28 26 26 26 25 24 23 24 25 26 28 25 16 5 2 1 1 2 2 2 2 2 2 2 2 2 2 2 2 2 
45 45 45 45 45 45 44 44 44 44 45 46 51 52 63 115 159 189 212 193 169 143 104 75 51 39 29 24 22 20 17 18 18 19 21 24 27 31 33 33 33 33 34 34 31 29 29 29 26 28 28 28 30 29 30 32 35 36 33 32 36 57 86 138 182 210 229 235 235 226 194 146 99 65 42 38 39 40 41 41 40 40 40 40 40 40 40 40 40 40 40 38 36 33 33 32 31 30 29 29 29 29 29 28 28 28 28 28 28 28 26 26 25 24 25 25 26 28 26 16 5 2 1 1 2 2 2 2 2 2 2 2 2 2 2 2 2 
45 45 45 45 45 45 44 44 45 45 47 45 52 65 102 146 182 195 195 175 141 113 88 65 53 43 31 28 25 24 23 19 17 17 18 20 24 26 30 31 32 33 33 32 29 28 27 26 25 25 25 25 23 23 24 24 28 29 30 31 35 45 59 95 136 166 192 213 220 217 203 167 123 80 50 43 43 43 42 42 40 40 39 40 40 40 40 40 40 40 39 37 36 33 32 31 29 28 28 29 29 29 29 28 28 28 28 28 28 28 27 27 25 25 25 25 26 28 26 18 7 2 1 1 2 2 2 2 2 2 2 2 2 2 2 2 2 
45 45 45 45 45 44 44 44 45 46 47 50 63 85 137 170 187 185 167 151 116 86 73 56 52 44 32 29 25 24 22 18 15 15 16 17 19 22 23 24 26 27 29 29 26 25 26 25 24 24 23 21 21 22 22 22 23 24 26 28 30 37 45 65 94 124 157 185 203 209 212 191 153 107 68 51 46 44 42 42 40 40 40 39 40 40 39 40 40 40 38 36 34 33 31 30 29 28 28 28 29 29 28 28 28 28 28 28 28 28 29 27 25 25 25 25 28 28 25 17 8 2 1 1 2 2 2 2 2 2 2 2 2 2 2 2 2 
45 45 45 45 45 44 44 45 46 46 48 52 73 108 157 172 171 163 141 115 88 65 60 49 45 37 33 30 25 23 21 17 14 14 13 13 16 16 17 20 22 24 25 25 24 23 23 22 20 22 22 19 18 18 19 19 19 22 24 24 25 32 38 49 68 94 122 148 173 195 210 206 177 131 85 57 50 45 43 42 40 40 41 40 40 40 39 40 39 38 38 35 33 31 30 29 26 26 26 26 26 26 28 28 28 28 28 28 28 28 28 26 26 25 26 25 28 28 27 18 7 2 1 1 2 2 2 2 2 2 2 2 2 2 2 2 2 
46 46 46 46 45 45 45 46 47 46 51 61 94 132 179 170 155 143 118 88 74 57 47 42 36 32 34 30 25 23 22 19 16 15 13 15 12 13 17 19 19 22 23 22 21 21 20 19 18 19 19 17 16 16 16 18 19 21 23 25 29 32 33 39 54 68 86 111 145 177 202 202 181 148 99 63 52 47 44 43 40 42 43 43 40 40 42 40 40 38 36 35 33 31 29 29 26 25 25 26 26 26 28 28 28 28 28 28 28 28 28 28 26 24 26 26 28 29 27 18 5 2 1 1 2 2 2 2 2 2 2 2 2 2 2 2 2 
46 46 46 46 45 45 45 46 46 46 51 73 120 169 198 175 146 119 87 62 52 45 36 38 32 32 33 31 25 22 19 17 15 14 13 15 13 13 16 16 17 19 19 19 19 21 20 20 19 19 19 17 16 15 14 16 18 19 22 24 27 30 31 32 38 49 70 93 117 144 178 191 184 159 114 77 56 45 44 42 40 42 43 43 40 42 43 41 38 37 36 33 31 31 28 28 26 26 26 26 26 26 26 26 26 26 26 28 28 28 26 26 26 25 26 27 28 29 26 17 4 2 1 1 2 2 2 3 3 3 3 3 3 3 2 2 2 
46 46 46 46 45 45 45 47 45 47 60 94 148 195 202 181 146 103 66 46 38 33 32 33 32 31 32 31 25 22 21 18 15 14 16 16 16 15 14 16 16 17 17 18 18 18 19 19 19 19 19 17 15 12 12 15 16 19 22 24 27 27 28 28 24 35 57 71 86 108 142 172 191 173 134 92 59 43 46 43 39 40 43 41 40 40 41 39 36 35 34 32 30 29 28 26 26 26 26 26 26 26 26 26 26 26 26 26 26 28 28 28 28 25 26 26 28 29 26 16 4 2 1 1 2 2 2 3 3 3 3 3 3 3 2 2 2 
46 46 46 46 45 44 45 47 47 54 74 115 171 207 202 179 141 95 59 44 36 32 32 32 30 29 29 29 26 25 23 22 18 17 17 17 17 15 14 15 17 17 17 17 17 18 17 18 19 19 18 16 15 13 12 15 16 18 22 25 26 26 24 23 24 36 49 56 66 86 115 152 185 184 151 110 70 43 46 45 40 41 43 43 42 40 41 38 35 33 33 31 29 28 28 26 26 26 26 26 26 26 26 26 26 25 26 26 26 26 28 28 28 25 26 27 28 29 25 14 3 2 1 1 2 2 2 3 3 3 3 3 3 3 2 2 2 
46 46 46 46 45 45 46 46 50 59 90 141 196 224 208 166 123 88 50 37 29 28 32 33 27 26 26 29 27 27 25 24 22 21 19 17 16 15 15 15 17 17 17 18 17 17 17 17 18 18 16 16 15 13 12 15 16 18 22 24 25 25 24 23 25 34 42 49 58 73 102 142 184 200 171 131 82 50 44 42 41 43 43 43 42 40 40 38 35 32 32 31 29 28 28 26 26 26 26 26 26 26 26 26 26 25 25 26 26 26 26 26 26 26 27 27 28 29 25 14 3 2 1 1 2 2 2 3 3 3 3 3 3 3 2 2 2 
46 47 46 46 46 46 46 47 51 71 109 162 208 223 202 157 109 76 44 35 29 26 26 29 26 24 25 29 28 26 25 24 24 22 20 19 18 17 17 17 17 17 15 15 16 15 16 16 17 17 16 16 13 13 12 14 16 19 21 24 25 25 24 23 24 29 36 43 51 60 94 135 184 209 189 151 102 66 43 40 42 42 42 40 40 40 40 37 35 33 33 31 30 29 28 26 26 26 26 26 26 26 25 25 25 25 25 26 26 26 26 28 28 28 29 27 28 29 25 15 4 2 1 1 2 2 2 3 3 3 3 3 3 3 2 2 2 
47 47 46 46 47 47 47 47 53 75 124 185 224 226 194 153 103 66 49 37 29 26 24 25 25 23 24 28 26 25 25 23 23 22 19 19 18 17 17 16 16 16 14 12 13 13 15 15 16 16 16 13 13 13 11 14 16 18 21 24 24 25 25 23 22 24 31 39 46 54 82 123 180 215 200 163 116 68 49 40 43 42 40 40 40 40 40 38 35 33 33 32 30 29 28 26 26 26 26 26 26 26 25 25 25 24 25 25 25 25 25 26 28 28 29 29 29 30 25 15 4 2 1 1 2 2 2 3 3 3 3 3 3 3 2 2 2 
47 47 47 47 47 46 50 52 58 86 139 202 230 223 187 141 89 52 37 26 25 24 22 22 22 21 23 25 23 24 24 23 20 20 18 17 16 15 15 14 14 14 12 11 11 11 11 12 14 14 12 12 12 11 13 15 16 19 21 23 25 25 25 24 23 24 28 32 41 50 67 111 175 214 209 181 134 88 53 44 45 43 40 40 40 42 41 39 36 33 33 32 30 29 29 27 26 26 26 26 25 25 25 24 24 24 25 25 25 25 26 26 28 29 29 29 31 32 26 15 3 2 1 1 1 2 2 3 3 3 3 3 3 3 2 2 2 
47 49 49 49 49 46 50 54 66 107 163 217 237 226 195 134 74 43 28 23 24 23 21 19 19 21 20 22 21 23 24 22 19 20 18 17 16 16 15 15 14 12 11 10 10 10 11 11 12 12 12 11 11 11 13 15 16 19 21 23 25 26 25 24 24 23 26 29 37 45 54 96 174 214 220 206 162 118 65 50 46 43 39 40 40 42 41 39 36 33 33 32 30 29 29 29 28 26 25 26 25 25 24 24 24 24 24 24 24 25 26 26 28 29 29 29 32 33 28 15 3 2 1 1 1 2 2 2 3 3 2 3 3 3 2 2 2 
47 49 49 47 49 49 50 56 80 129 189 226 238 226 174 108 57 38 25 21 19 19 19 19 18 19 21 19 18 18 19 17 16 16 16 14 14 14 14 12 12 11 10 9 9 9 10 10 9 11 11 10 10 10 12 12 15 19 22 23 24 26 25 25 24 24 26 29 36 41 49 80 146 200 224 210 170 121 72 54 45 42 39 39 41 43 40 38 37 34 34 31 30 29 28 26 26 25 25 25 25 24 24 24 23 23 23 23 24 25 25 28 29 30 30 30 31 33 28 14 3 2 1 1 1 1 1 1 1 1 2 2 2 2 3 3 3 
47 49 49 47 51 54 60 70 100 154 210 237 242 220 163 102 53 35 25 21 17 15 17 17 18 19 21 18 17 16 16 12 11 11 11 11 11 10 10 9 9 9 8 7 5 5 8 7 7 9 9 9 9 9 11 12 16 21 23 23 24 25 25 24 24 25 28 29 33 40 43 65 122 186 220 205 165 117 70 53 45 42 39 39 41 43 40 38 37 34 33 31 30 29 28 26 25 25 25 25 24 24 24 24 24 24 23 23 24 24 26 29 30 30 31 32 32 36 28 14 4 2 1 1 1 1 1 1 1 1 2 2 2 2 3 3 3 
47 49 50 48 53 64 78 97 136 191 231 243 239 207 142 82 44 30 24 19 15 14 16 17 17 17 16 16 14 14 11 9 8 8 8 8 8 7 7 4 7 7 5 3 2 1 3 3 7 10 10 10 10 9 11 12 16 21 23 23 24 24 25 24 24 25 28 29 30 35 36 52 101 165 199 185 151 109 67 52 45 42 40 40 40 42 40 38 36 33 32 30 30 29 26 26 25 25 25 24 24 24 24 24 23 23 23 23 24 26 28 30 31 31 31 33 35 37 29 12 3 1 1 1 1 1 1 1 1 1 2 2 2 2 3 3 3 
47 49 48 48 56 72 100 137 184 224 245 247 235 192 127 72 38 28 24 18 15 14 15 15 15 15 14 12 11 11 10 10 9 9 8 7 7 4 4 2 3 3 3 3 2 1 1 4 9 12 12 12 10 9 9 11 15 19 22 22 23 23 24 24 24 24 26 29 28 30 31 44 87 143 173 163 131 95 64 50 45 43 42 42 42 42 39 37 35 32 31 29 29 27 26 26 25 25 24 23 23 24 24 25 24 24 23 24 25 28 29 31 31 32 32 33 36 37 29 12 3 1 1 1 1 1 1 1 1 1 2 2 2 2 3 3 3 
47 47 46 46 57 82 127 180 229 248 246 241 221 171 108 66 38 24 19 15 12 12 12 15 16 15 12 11 11 11 11 10 9 9 8 7 7 5 4 2 2 4 4 4 3 3 2 7 11 15 15 15 10 9 9 11 14 18 19 19 21 22 22 23 24 23 25 28 28 26 29 40 74 120 148 142 110 79 61 49 45 44 44 44 42 42 39 37 36 33 32 30 29 27 26 25 25 24 23 23 24 24 25 25 25 24 23 23 24 26 28 30 32 33 33 35 36 37 29 12 3 1 1 1 1 1 1 1 1 1 2 2 2 2 3 3 3 
46 46 46 46 58 95 158 219 250 252 247 235 200 141 81 49 33 23 17 10 10 10 11 13 15 15 12 11 11 12 11 11 10 10 10 9 8 8 7 4 5 9 8 8 5 5 4 9 14 17 17 17 11 9 9 9 12 16 17 18 19 21 21 22 23 23 24 26 26 25 26 38 61 103 131 130 107 77 59 47 45 45 45 44 42 40 39 36 34 32 31 29 27 27 25 25 24 24 23 23 24 25 25 25 25 24 23 23 24 26 28 30 32 32 33 35 36 37 29 12 3 1 1 1 1 1 1 1 1 1 2 2 2 2 3 3 3 
47 47 48 50 61 107 182 236 249 248 243 223 171 108 60 35 28 26 19 9 9 10 10 11 12 13 12 12 11 12 11 11 11 11 10 10 10 9 9 8 10 11 11 10 10 10 8 11 16 18 18 17 14 11 10 9 10 14 16 16 17 18 18 19 21 22 22 23 24 24 27 32 50 87 111 115 101 73 57 46 45 45 45 44 43 41 40 36 33 32 29 28 26 25 25 24 24 23 23 23 24 26 26 26 25 23 22 22 23 25 28 30 31 32 33 33 35 36 28 11 4 2 1 1 1 1 1 1 1 1 2 2 2 2 3 3 3 
47 47 50 52 65 109 184 236 249 248 233 199 141 84 51 30 22 18 14 9 8 10 10 10 11 12 13 12 11 12 11 11 11 12 12 12 12 11 12 12 14 14 15 15 15 16 12 14 16 18 18 17 14 11 10 9 9 14 15 15 16 17 17 18 19 21 21 21 22 23 25 27 44 74 99 103 88 64 54 46 45 46 46 45 44 40 39 36 33 32 29 28 26 25 24 24 24 23 23 23 25 25 26 26 25 23 22 21 23 25 28 30 31 32 33 33 33 35 26 11 4 2 1 1 1 1 1 1 1 1 2 3 3 3 3 3 3 
47 47 51 54 68 114 184 231 242 236 205 160 104 60 38 25 21 15 14 11 10 10 10 10 11 11 12 12 12 13 13 13 12 12 15 15 15 14 15 15 17 17 17 17 18 18 17 17 18 18 18 17 12 10 11 9 10 13 16 16 16 17 17 17 18 19 18 18 19 22 21 24 44 69 93 96 79 59 52 46 46 47 46 44 43 39 36 35 33 31 29 26 26 25 24 24 24 23 23 25 25 26 26 25 24 22 21 21 23 25 28 30 31 32 32 32 31 32 26 12 4 2 1 1 1 1 1 1 1 1 1 2 3 3 2 2 3 
47 49 51 54 74 125 184 219 221 205 167 115 68 40 25 18 19 17 15 15 13 10 8 10 10 11 11 12 12 13 13 13 12 15 16 16 17 17 17 18 22 22 22 21 21 21 19 18 19 19 18 17 15 12 11 11 10 11 13 16 16 16 17 17 17 18 18 17 18 19 19 23 39 64 86 89 72 54 49 46 47 47 45 44 42 38 35 32 32 30 28 26 25 25 24 24 24 24 24 25 25 25 26 25 23 22 22 22 23 25 28 29 31 32 32 31 31 31 23 9 3 2 1 1 1 1 1 1 1 1 1 2 3 3 2 2 3 
47 50 52 54 78 129 177 200 198 171 123 77 45 29 22 18 16 15 15 13 11 9 8 8 9 10 10 10 12 15 13 13 12 14 16 17 18 17 21 22 23 23 23 22 21 21 21 19 19 19 20 19 16 13 13 13 12 11 13 15 15 16 16 16 16 17 17 15 16 17 18 21 35 57 79 82 69 54 46 46 47 46 44 43 40 37 35 31 31 29 26 25 25 24 24 24 24 24 24 25 25 25 26 26 23 22 22 23 24 25 28 29 32 32 32 31 29 28 19 8 3 3 1 1 1 1 1 1 1 1 1 2 3 3 3 3 4 
49 50 51 55 81 130 172 188 179 139 88 56 36 22 20 17 14 11 12 11 10 10 9 8 8 8 8 9 11 13 13 13 12 14 15 16 19 18 22 24 24 24 23 22 21 21 21 19 19 19 20 19 15 12 13 13 13 12 13 15 15 15 16 16 15 15 16 14 14 15 16 18 30 53 75 79 69 54 46 46 47 46 44 43 39 36 35 32 31 29 25 25 24 24 24 23 24 24 24 25 25 24 25 24 22 22 22 24 25 26 30 31 33 35 33 32 29 25 18 8 3 3 1 1 1 1 1 1 1 1 2 3 3 3 3 3 4 
49 49 50 53 79 128 166 171 151 114 73 49 31 19 19 17 15 12 11 11 11 11 10 11 8 8 9 9 10 11 10 10 12 13 15 17 18 19 22 25 25 25 25 23 22 22 22 22 20 22 20 19 17 15 13 13 13 12 13 13 13 15 15 15 16 15 15 14 14 14 14 16 27 52 73 78 69 54 45 46 46 44 44 42 38 36 33 32 30 29 25 24 24 24 23 23 23 24 24 24 24 23 23 22 22 22 22 24 25 28 31 33 36 36 36 33 31 26 18 8 3 3 1 1 1 1 1 1 1 1 2 2 2 2 2 2 3 
47 49 51 52 69 111 148 148 125 100 71 45 29 22 20 18 16 13 12 11 12 12 12 11 10 10 10 10 11 11 11 11 13 13 15 16 17 18 22 24 25 25 25 24 22 22 22 22 24 24 23 22 19 17 16 15 13 13 15 15 13 15 15 15 15 15 14 14 12 12 12 14 27 51 72 77 68 53 46 46 45 44 44 40 38 36 33 31 29 27 24 24 23 23 23 22 23 23 23 23 23 22 22 22 21 21 23 24 26 29 33 36 39 39 37 35 32 28 19 8 3 3 1 1 1 1 1 1 1 1 2 2 2 3 3 3 4 
47 49 50 52 63 96 135 141 125 107 77 46 33 28 25 21 16 14 12 11 11 11 11 10 10 10 10 10 10 11 12 12 13 13 15 15 16 18 22 24 26 26 26 25 24 23 22 23 25 25 23 22 19 17 17 17 16 17 17 17 16 16 15 15 13 13 15 13 13 13 13 15 26 51 72 77 66 52 49 45 44 44 43 40 38 36 33 30 26 25 24 23 22 22 22 22 22 22 23 22 22 21 21 21 19 21 23 25 29 32 37 40 42 42 40 37 32 29 19 8 3 3 1 1 1 1 1 1 1 1 2 2 2 3 3 3 3 
47 49 49 51 58 77 110 127 115 101 77 49 35 30 26 23 18 16 15 14 14 12 12 11 11 10 10 10 10 11 12 12 13 13 13 16 18 20 22 25 26 27 26 25 25 24 23 25 25 25 24 23 20 18 17 17 18 17 18 17 17 16 15 13 13 13 15 13 15 15 13 15 28 52 72 78 66 53 50 44 43 44 43 40 38 34 33 27 25 25 24 23 22 22 21 22 22 22 22 22 21 19 19 21 19 21 23 25 30 33 39 42 43 42 41 38 32 30 19 9 4 3 1 1 1 1 2 2 2 2 2 2 2 3 3 3 3 
47 47 47 49 52 63 90 105 107 101 88 67 49 35 31 25 22 19 17 16 14 12 12 11 11 11 11 11 11 11 11 11 11 11 11 12 18 22 23 26 27 29 29 27 26 26 25 26 26 29 29 26 24 22 19 20 20 20 19 18 17 17 15 16 13 13 13 13 12 14 12 12 25 51 72 77 66 53 51 45 42 42 41 40 37 33 30 26 25 25 23 23 22 21 21 21 22 22 22 21 21 19 19 19 19 22 23 26 31 36 40 43 43 43 40 39 33 30 21 9 3 3 1 1 1 2 2 2 1 1 1 1 2 2 2 2 3 
47 47 47 47 50 58 80 100 111 111 101 81 63 46 37 29 23 21 19 16 15 14 12 12 12 11 11 11 11 11 11 11 11 12 12 12 18 22 23 26 27 29 30 29 27 27 27 27 27 29 29 27 27 25 23 23 23 23 22 20 19 18 17 17 16 16 16 16 14 14 12 12 23 52 73 78 66 52 52 47 40 39 38 38 34 32 30 26 24 25 23 22 21 21 21 21 21 21 21 21 19 19 19 21 21 22 23 26 32 37 40 44 43 43 41 39 36 33 22 9 3 2 1 1 1 2 2 2 1 1 1 1 1 2 2 2 3 
47 47 47 47 50 52 70 89 104 111 108 94 77 57 44 33 25 22 19 16 15 14 14 12 12 11 11 11 11 11 11 11 12 12 12 15 18 22 23 26 28 29 29 29 28 28 26 28 29 30 30 30 29 25 24 24 23 23 22 22 20 18 16 16 15 15 15 15 16 16 15 14 28 57 85 91 74 58 53 50 40 36 33 35 31 30 30 27 25 26 24 23 21 21 21 19 19 21 21 19 19 21 22 22 23 23 24 28 33 38 41 44 44 43 45 42 41 38 23 10 3 2 1 1 1 2 2 2 1 1 1 1 1 1 1 1 2 
46 47 46 47 49 50 61 74 90 104 115 114 102 79 50 37 26 22 18 16 14 12 12 12 11 11 11 11 11 12 11 12 12 12 12 15 18 22 24 26 29 29 29 29 29 29 28 29 31 32 31 30 27 25 25 25 23 23 23 20 20 19 16 16 15 15 15 15 17 19 21 24 42 73 105 115 101 85 60 53 43 36 32 32 31 30 30 29 27 26 25 24 22 21 21 19 19 19 19 19 19 21 22 23 23 24 25 29 34 39 41 44 43 43 45 43 43 40 24 10 3 2 1 1 1 2 2 2 1 1 1 1 1 1 1 1 2 
47 47 47 46 49 50 54 64 80 107 131 143 137 113 65 39 28 21 19 17 14 14 12 12 11 11 11 11 11 12 11 12 12 12 14 16 19 22 24 26 28 29 29 29 29 29 28 30 31 32 32 31 29 26 25 25 24 24 23 22 22 20 17 16 16 16 16 16 17 21 23 28 56 99 142 151 139 128 74 64 49 40 37 35 32 31 30 28 27 26 26 24 22 21 21 19 19 19 18 19 21 22 24 24 24 24 25 29 34 39 39 43 45 44 45 42 41 40 24 11 4 3 1 2 1 1 1 1 2 2 2 2 2 2 1 1 1 
47 47 47 46 47 49 52 60 79 116 153 173 170 142 84 46 29 22 19 16 14 14 12 12 11 11 11 11 11 12 11 12 12 12 14 16 18 21 23 24 26 28 28 29 29 28 29 30 31 31 31 30 29 27 26 26 26 26 25 23 22 19 17 16 16 16 16 16 18 21 23 30 60 107 157 172 167 157 96 72 58 47 42 37 35 32 31 30 29 29 26 26 23 22 22 21 19 18 18 19 22 23 24 24 24 24 25 29 33 38 39 43 44 44 44 43 45 41 25 11 3 3 1 2 1 1 1 1 2 2 2 2 2 2 1 1 1 
47 47 47 46 47 47 51 57 77 117 161 185 181 156 102 59 35 22 18 17 15 14 14 12 11 11 11 12 12 12 12 12 12 12 14 16 18 21 22 23 25 26 28 29 29 29 29 29 30 30 30 29 29 29 28 28 28 25 23 23 21 19 17 17 17 17 17 17 19 23 26 35 50 80 121 150 162 157 108 84 67 52 45 38 33 32 34 33 30 28 26 25 23 23 21 19 18 18 19 21 23 23 24 24 24 24 24 28 32 37 40 43 44 44 44 44 45 40 25 11 3 2 1 2 1 1 2 2 2 2 2 2 2 2 1 1 1 
47 47 47 47 49 49 51 54 67 99 139 168 172 153 110 71 39 23 18 17 15 14 12 12 11 11 12 12 12 12 12 12 14 14 15 16 17 19 19 22 24 26 28 29 29 30 30 30 30 30 30 29 29 29 29 29 28 26 25 24 22 21 19 19 19 19 19 19 19 21 23 28 37 56 81 109 131 142 117 100 74 54 44 37 32 33 34 33 30 29 28 25 24 24 23 21 18 19 21 22 23 24 24 24 24 24 25 28 32 37 42 43 44 45 45 44 46 42 26 11 4 2 1 2 1 1 2 2 2 2 2 2 2 2 1 1 1 
47 46 47 46 47 49 51 54 61 79 107 136 151 146 118 81 45 24 18 17 15 14 12 11 12 12 12 14 14 14 14 14 15 15 16 16 18 21 21 23 24 25 26 28 29 29 30 30 30 29 29 30 30 30 30 30 30 30 28 26 25 23 22 19 21 21 21 21 18 18 21 22 26 38 47 67 96 121 121 102 77 54 43 36 35 35 34 34 32 31 31 30 28 26 25 24 23 22 23 23 25 26 26 25 25 26 27 30 31 37 40 44 44 45 44 44 46 41 25 11 4 3 1 2 1 1 2 2 2 2 2 2 2 2 2 2 1 
47 47 47 47 49 50 50 52 58 63 78 101 123 136 122 89 53 28 18 15 12 14 12 12 14 14 15 16 16 16 16 16 17 17 18 17 19 22 22 23 24 25 26 28 29 29 30 30 30 29 29 30 30 30 30 30 30 30 28 28 26 24 22 22 21 21 21 21 19 18 18 18 23 33 33 44 74 104 120 103 79 56 43 38 37 37 37 37 35 32 32 32 31 30 29 28 26 26 25 26 29 29 28 29 29 29 30 32 35 39 43 44 44 45 44 45 46 41 25 11 4 3 1 2 1 1 2 2 2 2 2 2 2 2 2 2 1 
47 47 47 47 47 47 49 50 52 53 61 77 95 114 113 88 56 31 18 12 12 14 14 14 15 15 16 16 16 17 17 17 18 18 18 19 21 23 23 23 25 25 25 26 28 29 30 29 28 29 29 30 30 31 31 30 30 30 28 28 26 24 22 22 22 22 22 22 22 21 21 19 24 36 38 43 65 95 118 105 82 58 45 41 40 38 39 38 36 36 35 32 31 31 32 31 29 29 29 30 31 32 32 32 32 33 33 36 38 43 44 44 45 45 44 45 45 40 26 11 4 3 1 2 1 1 2 2 2 2 2 2 2 2 2 2 1 
47 47 47 47 46 46 46 46 47 49 52 63 75 90 92 77 50 30 19 15 14 15 16 16 17 17 18 18 18 18 19 19 21 21 21 22 23 23 24 24 23 23 24 24 25 26 28 28 29 29 29 31 31 31 31 30 30 30 29 28 26 25 24 24 24 24 24 24 23 23 23 18 24 35 38 41 56 82 111 97 78 59 46 44 42 39 40 40 39 37 37 36 35 33 34 33 31 31 31 32 33 34 34 34 36 37 37 39 42 44 44 45 46 45 44 45 45 39 25 11 4 3 1 2 1 1 2 2 2 2 2 2 2 2 2 2 1 
47 47 47 47 47 47 46 46 46 46 51 57 60 68 73 62 44 28 19 16 15 16 16 16 17 18 18 18 19 21 21 21 22 22 22 22 24 23 23 23 23 22 23 23 23 26 25 28 29 29 29 31 31 31 30 30 31 31 30 30 28 26 26 25 25 26 26 26 26 25 24 22 26 33 38 41 51 78 97 85 69 57 47 45 43 42 40 43 43 40 40 39 37 36 36 35 36 36 36 36 35 35 35 36 38 38 40 43 45 45 46 46 46 45 44 45 45 39 25 11 4 2 1 2 1 1 1 1 2 2 2 2 2 2 2 2 1 
47 47 49 47 47 47 47 49 50 49 52 52 52 57 62 59 42 25 17 15 15 16 15 15 16 16 18 18 19 21 19 19 19 21 21 19 21 19 18 19 18 18 19 21 22 23 24 26 28 28 29 30 31 31 30 30 31 31 30 30 28 28 28 25 25 28 28 26 27 26 24 25 29 32 37 40 50 71 87 74 61 53 46 45 43 43 43 43 43 43 40 40 39 39 39 38 39 39 39 39 37 37 37 38 39 40 42 44 45 46 46 46 46 45 44 45 45 39 25 10 3 2 1 2 1 1 1 1 2 2 2 2 2 2 2 2 1 
49 50 50 50 49 47 47 50 53 53 51 51 50 54 61 59 44 25 17 13 14 16 15 14 15 16 17 18 18 19 19 18 18 18 18 17 17 16 15 16 16 16 17 18 21 22 23 25 26 28 29 29 31 31 30 30 31 31 30 30 28 28 28 26 26 28 28 26 23 22 21 24 28 29 35 40 47 64 79 66 52 50 45 45 45 44 44 44 44 43 40 40 40 40 40 40 40 43 42 40 40 39 38 39 40 42 43 45 46 47 47 47 46 46 45 45 45 40 25 10 3 2 1 2 1 1 2 2 2 2 2 2 2 2 2 2 1 
50 51 52 51 50 49 49 49 51 52 52 54 58 64 67 63 44 25 17 12 12 12 12 12 14 15 17 17 18 19 19 17 17 17 16 16 14 14 12 14 14 15 16 17 19 21 23 24 25 28 29 29 31 31 31 31 32 31 31 30 29 28 28 26 26 29 29 26 21 19 18 22 26 26 33 42 49 65 73 62 51 47 45 46 47 46 46 45 44 43 42 40 40 42 42 42 43 45 44 43 41 41 39 40 42 42 44 46 46 47 49 47 46 46 45 46 46 40 25 10 3 2 1 2 1 1 2 2 2 2 2 2 2 2 2 2 1 
51 52 52 52 50 49 47 49 50 51 52 55 60 65 70 66 46 26 19 12 10 12 10 11 12 14 15 16 17 18 18 17 17 17 16 15 14 12 12 11 12 14 15 16 18 21 22 24 25 28 29 29 30 31 32 32 32 31 31 31 29 28 28 28 28 29 28 25 21 17 17 22 24 25 33 44 59 74 74 64 52 47 46 46 47 46 46 45 45 44 43 43 43 43 42 43 45 46 45 43 43 42 42 42 42 43 45 46 47 50 50 49 47 46 45 45 45 40 24 10 3 2 1 2 1 1 2 2 2 2 2 2 2 2 1 1 1 
51 52 52 52 51 49 47 49 48 50 52 55 59 66 70 64 50 32 23 12 9 10 9 9 10 12 15 15 17 18 19 17 18 17 16 15 14 12 11 10 11 11 12 14 16 18 19 21 23 25 26 29 30 31 32 32 32 31 31 31 29 29 28 28 28 28 28 25 21 18 18 19 23 26 35 47 74 89 85 71 53 47 45 46 47 46 46 46 46 45 44 43 43 44 43 44 45 47 46 45 44 43 42 43 43 44 46 47 49 50 50 49 47 46 46 46 46 39 23 9 3 2 1 2 1 1 2 2 2 2 2 2 2 2 1 1 1 
51 53 53 53 52 50 49 49 47 48 50 54 57 65 66 66 57 39 25 11 7 7 7 8 8 10 12 15 17 18 19 18 19 18 17 15 14 11 10 9 9 9 9 11 12 16 17 18 22 24 25 29 30 31 32 32 33 32 32 31 30 30 29 29 28 28 26 24 22 18 17 19 24 26 33 54 92 107 96 75 57 48 45 46 47 47 47 47 48 47 46 44 43 44 44 45 47 49 47 47 46 44 43 43 44 45 47 49 51 51 50 49 47 47 47 47 47 40 23 9 3 2 1 1 1 1 2 2 2 2 2 2 2 2 1 1 1 
51 52 53 53 51 50 50 47 47 46 50 51 53 61 61 69 61 45 30 15 5 8 4 4 7 9 11 14 16 18 18 18 19 19 18 16 12 10 8 5 5 7 7 8 9 12 15 17 21 23 24 26 31 32 32 32 33 33 33 31 30 30 29 28 26 28 26 24 23 22 22 28 31 30 38 72 115 124 107 81 59 48 45 45 46 46 47 49 50 48 46 44 44 44 45 45 49 49 49 49 47 45 44 44 44 46 49 50 51 51 50 49 49 47 47 47 47 40 23 9 3 2 1 1 1 1 2 2 2 2 2 2 2 2 1 1 1 
49 51 52 52 51 50 50 46 47 45 50 50 52 57 58 66 62 48 33 18 7 4 3 4 3 5 9 11 14 17 18 19 19 19 18 16 14 10 8 7 7 7 8 8 10 11 12 15 19 23 25 28 31 32 33 33 34 34 32 33 32 31 30 29 28 28 26 25 24 23 25 33 33 35 49 85 122 124 111 84 59 48 45 44 45 46 46 49 47 46 45 44 43 44 45 46 49 50 50 50 47 47 46 45 44 46 47 50 51 52 51 50 49 49 49 47 47 40 23 8 2 1 1 1 2 2 2 2 2 2 2 2 2 2 1 1 1 
47 50 51 51 51 50 49 47 46 45 46 47 49 53 58 67 65 51 36 21 8 4 3 4 3 4 8 10 14 17 18 19 21 21 19 17 14 11 9 8 7 8 8 8 9 14 14 16 19 22 25 29 31 31 32 33 34 34 32 32 31 31 30 29 28 28 26 25 25 26 29 35 35 46 71 101 114 108 101 79 57 48 45 44 44 44 45 46 47 47 47 44 44 43 44 45 47 50 51 51 50 49 47 45 45 45 46 49 51 51 51 50 49 49 49 47 47 40 22 7 1 1 1 1 2 2 2 2 2 2 2 2 2 2 1 1 1 
45 47 50 50 50 50 47 47 45 45 45 45 47 51 54 63 63 51 37 23 9 5 4 4 3 4 7 9 12 17 19 21 22 22 21 18 16 14 12 11 10 10 10 10 11 15 15 17 21 24 26 29 31 32 35 33 36 34 34 32 31 31 29 30 30 29 28 25 28 29 30 33 38 60 88 105 100 92 89 68 50 46 46 44 43 42 44 46 47 47 49 45 44 43 43 45 46 49 50 50 50 49 47 45 44 44 45 49 50 49 50 49 50 50 47 46 47 40 22 7 1 1 1 1 2 2 2 2 2 2 2 2 2 2 1 1 1 
44 45 47 50 49 47 47 46 45 44 44 44 46 48 49 58 57 52 43 25 12 7 4 3 3 3 5 9 12 17 19 22 22 23 22 19 18 16 15 14 12 11 11 11 14 17 16 18 22 25 28 30 31 32 33 33 34 34 33 32 31 31 30 30 30 30 28 24 26 30 22 36 53 74 93 93 87 78 78 58 45 45 46 44 42 40 42 45 46 49 49 46 44 43 43 43 45 46 47 49 49 49 49 45 44 43 44 46 47 49 49 49 50 50 49 46 47 39 22 7 1 1 1 1 2 2 2 2 2 2 2 2 2 2 1 1 1 
43 44 46 47 47 47 46 46 43 42 42 42 45 48 52 63 57 47 36 22 14 8 5 4 3 4 5 10 14 17 19 22 24 24 22 21 21 19 18 16 14 14 12 14 15 18 18 21 24 25 28 31 32 32 32 33 34 33 32 31 30 31 30 30 29 29 26 24 28 33 38 58 74 89 91 85 74 64 59 49 43 44 45 43 40 39 40 43 45 47 47 46 45 43 42 42 42 43 44 45 47 49 47 45 44 42 43 44 45 47 49 49 50 49 47 46 47 38 19 6 1 1 1 1 2 2 2 2 2 2 2 2 2 2 1 1 1 
40 42 44 45 46 46 46 45 43 43 42 42 45 48 49 58 58 49 38 25 16 8 7 4 4 4 8 11 16 18 21 23 24 25 23 22 22 21 18 16 15 15 14 15 17 21 21 22 25 28 30 31 32 31 32 33 33 32 31 31 31 32 31 30 29 29 25 25 31 42 59 79 88 95 86 69 59 50 53 47 42 45 43 42 40 39 39 42 43 46 47 46 44 43 42 40 39 39 42 43 47 49 46 44 43 43 42 40 43 45 46 47 49 49 46 45 45 37 19 6 1 1 1 1 2 2 2 2 2 2 2 2 2 2 1 1 1 
38 40 43 44 46 46 46 45 43 43 40 40 44 46 46 52 52 47 40 26 17 11 9 7 5 8 9 12 16 19 21 22 23 24 23 23 22 21 19 17 16 16 17 18 20 23 23 25 26 28 31 32 31 31 32 32 31 32 31 31 31 31 32 31 29 30 28 29 39 54 85 103 103 96 78 60 54 51 47 45 43 44 42 40 38 38 38 40 44 46 46 45 44 43 42 39 37 38 39 44 46 46 45 43 43 43 39 38 40 44 45 46 47 47 46 45 43 35 18 6 1 1 2 2 2 2 2 2 2 2 2 2 2 2 1 1 1 
39 40 42 44 46 46 46 45 44 43 40 40 42 43 47 51 51 50 39 26 21 15 11 9 8 9 11 14 16 21 22 23 24 24 24 24 23 21 21 19 18 18 20 20 22 25 23 25 28 30 31 31 31 30 31 31 31 31 31 31 31 31 32 31 31 32 33 35 46 67 110 130 121 99 71 50 48 47 45 44 42 43 42 40 38 37 39 40 44 44 45 45 44 42 40 38 36 37 39 42 44 45 44 44 43 42 39 38 40 42 45 46 46 46 46 45 42 32 17 5 1 1 2 2 2 2 2 2 2 2 2 2 2 2 1 1 1 
39 40 42 44 46 47 47 46 44 42 39 39 43 46 49 53 52 46 37 30 23 15 12 9 9 10 12 15 17 21 22 22 23 24 23 24 24 22 19 19 19 19 19 19 23 25 25 26 28 30 31 31 30 30 31 31 31 31 31 31 31 31 32 32 32 33 33 35 47 73 123 143 128 96 67 44 43 44 44 43 43 44 42 39 38 37 38 40 43 44 45 44 43 43 40 38 36 37 38 40 43 44 45 45 43 42 39 38 40 40 43 44 46 46 45 44 42 32 17 5 1 1 2 2 2 2 2 2 2 2 2 2 2 2 1 1 1 
39 40 43 45 46 47 46 46 44 42 39 39 41 45 49 52 53 47 38 30 23 15 12 9 9 11 12 15 17 21 22 23 23 24 24 24 24 23 21 21 19 21 21 19 23 25 26 26 29 30 30 30 30 30 31 31 31 31 31 31 30 31 31 32 33 33 33 35 46 73 138 159 142 104 73 44 43 44 44 43 43 43 42 39 38 37 39 40 42 43 44 43 43 43 42 38 36 37 38 40 43 44 45 44 43 42 39 38 39 40 43 44 46 46 46 45 42 32 17 5 1 2 2 2 2 2 2 2 2 2 2 2 2 2 1 1 1 
41 43 43 45 46 47 46 45 44 40 38 39 42 45 47 51 52 50 43 36 25 17 15 11 9 11 12 15 18 22 22 22 23 24 25 25 24 23 22 21 21 21 21 21 23 25 26 28 29 30 30 30 31 32 32 31 31 31 31 31 30 31 31 32 34 34 34 37 46 75 144 169 156 117 84 47 41 45 46 44 42 43 42 39 38 38 39 40 42 43 44 43 43 43 42 39 37 37 38 39 42 43 44 43 43 42 40 40 40 41 43 44 45 46 46 45 44 33 16 5 1 2 2 1 2 2 2 2 2 2 2 2 2 2 1 1 1 
43 43 43 44 47 47 47 45 44 40 38 39 42 45 47 50 51 51 46 40 28 19 16 12 10 11 12 16 19 22 22 22 23 24 25 25 24 23 22 21 22 22 22 23 24 25 26 28 28 29 30 30 31 32 32 31 31 31 31 32 31 31 31 32 34 34 34 38 46 74 131 171 185 160 116 74 45 34 50 45 43 42 40 39 38 38 40 42 43 44 43 44 43 42 42 39 39 37 38 39 40 43 43 43 43 42 41 41 40 41 43 44 45 46 46 45 44 33 15 5 2 2 1 1 2 2 2 2 3 2 2 2 2 2 1 1 1 
40 43 43 45 46 46 46 45 43 40 38 39 43 46 47 49 50 51 46 42 31 22 18 15 11 11 12 15 17 19 22 21 22 24 25 26 24 23 23 22 22 22 22 23 25 28 28 28 28 30 31 31 32 32 32 31 31 31 30 31 31 31 31 31 32 32 33 38 45 74 132 182 202 192 164 125 90 64 51 47 47 46 43 39 38 39 41 43 44 45 44 44 44 43 42 40 39 38 37 39 40 42 42 42 42 42 40 40 41 41 42 43 45 45 45 45 44 33 15 5 3 3 2 1 1 1 2 2 1 1 1 1 1 1 1 1 1 
42 43 43 45 47 47 47 45 44 42 38 38 42 45 46 47 49 50 47 44 35 24 19 15 13 12 12 15 17 21 21 21 22 24 25 26 24 23 23 23 23 22 22 24 25 28 28 29 30 30 31 31 32 32 32 32 31 32 31 31 31 31 31 32 32 32 32 37 42 59 107 158 191 201 193 167 131 97 77 65 60 53 47 43 40 43 45 44 44 45 44 44 44 43 42 42 40 39 38 39 40 42 43 43 42 42 40 40 41 40 40 42 44 45 45 45 44 36 17 5 4 5 3 1 1 1 1 1 1 1 1 1 1 1 1 1 1 
42 43 43 45 49 49 49 46 45 43 39 37 42 44 45 46 49 50 50 46 39 29 23 18 15 12 12 15 17 21 21 21 23 25 26 26 24 24 24 24 24 23 23 25 28 29 30 30 31 31 31 31 31 31 31 31 31 31 31 31 31 31 32 32 32 32 32 36 38 49 81 122 162 185 198 191 164 137 118 99 89 81 66 55 51 51 49 45 44 45 46 45 44 44 43 43 43 40 38 39 40 42 43 43 42 42 42 40 40 40 40 42 44 44 44 46 45 39 26 16 22 20 9 1 1 1 1 1 1 1 1 1 1 1 1 1 1 
43 43 43 45 49 50 50 47 46 43 40 36 42 45 45 46 49 51 51 50 43 35 27 22 17 15 14 16 18 21 21 21 23 24 24 25 24 24 24 24 24 24 25 28 29 31 30 30 31 32 31 31 31 31 31 31 31 31 31 31 31 31 32 32 32 32 32 33 36 43 65 96 128 149 173 185 178 171 162 144 135 124 103 88 82 75 63 58 51 45 46 46 44 44 44 43 42 39 38 38 39 40 42 42 40 40 40 40 40 39 40 42 43 44 44 46 44 40 39 46 54 44 17 1 1 1 1 1 1 1 1 1 1 1 1 1 1 
44 43 42 44 49 50 49 47 45 44 40 39 42 44 44 46 49 52 52 51 46 39 31 24 19 17 16 16 17 18 21 21 23 23 23 23 25 24 24 25 25 25 26 29 30 31 31 31 32 32 31 31 31 31 31 31 31 31 31 31 31 31 32 32 32 32 32 33 35 38 51 72 94 109 134 157 172 187 192 188 181 164 148 131 122 120 102 85 71 57 53 49 46 45 44 44 40 38 38 38 39 40 40 40 40 40 40 40 40 39 40 42 44 44 44 47 45 42 49 63 68 51 18 1 1 1 1 1 1 1 1 1 1 1 1 1 1 
45 44 43 45 49 51 49 47 45 44 43 40 42 44 44 44 46 51 52 51 46 40 36 29 23 18 17 17 17 18 18 19 22 22 21 22 24 24 23 24 24 25 26 29 30 31 31 31 32 33 32 31 31 31 31 31 31 31 31 31 31 31 30 31 31 31 30 32 32 35 37 50 66 78 93 117 138 169 192 200 196 180 165 153 151 160 156 140 122 100 79 60 51 46 45 44 40 38 37 38 39 39 40 40 39 39 39 39 39 39 39 42 44 46 46 47 46 40 39 45 48 34 11 1 1 1 1 1 1 1 1 1 1 1 1 1 1 
47 46 45 45 47 49 47 47 45 44 43 42 43 45 44 44 44 47 51 52 46 44 36 29 24 19 17 16 17 17 18 18 18 18 19 22 23 23 23 23 24 25 25 29 30 31 31 31 33 33 32 31 31 31 31 31 31 31 31 31 31 31 30 30 30 30 29 31 32 32 33 43 50 57 66 75 93 124 156 173 171 158 145 139 151 174 181 180 170 143 110 81 65 56 46 44 40 38 38 37 38 38 40 40 39 39 39 38 38 37 38 42 44 47 49 50 49 42 42 45 41 22 5 1 1 1 2 1 1 1 1 1 1 1 1 1 1 
51 49 47 46 46 47 47 47 46 46 45 44 43 43 43 43 43 45 46 46 46 44 37 30 25 19 17 17 17 17 17 17 17 17 19 22 22 22 24 23 23 25 25 28 29 31 31 31 33 32 31 31 31 31 31 31 31 31 31 31 30 30 30 29 29 29 29 29 30 32 36 38 42 46 54 58 67 85 107 125 124 117 106 99 113 148 174 187 188 165 142 121 109 101 75 65 50 40 38 38 38 37 39 40 39 40 39 37 37 36 37 42 45 49 51 51 45 65 111 100 52 18 7 1 1 2 2 2 1 1 1 1 1 1 1 1 1 
44 43 42 42 42 43 44 45 45 45 46 45 43 40 40 39 39 42 42 42 42 39 38 33 28 21 20 19 17 17 17 17 17 17 19 22 22 23 23 22 23 25 26 28 29 31 31 31 31 31 31 31 31 30 30 30 30 30 30 30 30 30 29 29 28 28 28 30 31 33 36 38 41 43 45 50 54 59 67 78 81 77 68 63 70 100 138 163 172 165 167 174 175 172 136 111 80 56 46 43 41 43 42 40 42 42 39 37 38 38 37 40 45 50 53 63 60 115 160 121 41 13 8 3 3 3 1 1 1 1 1 1 1 1 1 1 1 
39 38 38 39 39 40 40 40 42 42 40 40 39 39 38 39 40 40 40 40 38 38 39 34 29 28 25 19 17 17 17 17 18 18 19 22 23 24 23 24 24 26 28 28 29 30 31 31 31 30 30 30 30 30 30 30 30 30 30 30 29 29 29 28 26 26 28 30 31 31 33 36 39 39 39 44 47 50 50 52 50 50 50 49 47 63 93 120 138 144 160 188 207 210 187 165 131 95 70 51 45 44 44 43 44 44 40 39 39 37 36 39 44 49 54 59 55 79 92 61 15 6 8 3 3 3 2 1 1 1 1 1 1 1 2 2 2 
38 38 38 38 38 39 38 38 39 39 38 38 38 38 37 38 39 39 39 39 39 39 38 35 32 33 30 22 17 17 15 16 18 19 19 22 23 23 23 23 24 25 25 26 28 29 30 30 30 30 30 30 30 30 30 30 30 30 30 29 28 28 28 26 26 26 26 29 30 30 32 34 37 37 38 40 43 43 43 42 40 40 41 41 40 48 64 84 102 116 136 172 206 221 214 201 179 145 110 79 61 54 49 47 44 42 39 40 39 36 35 36 43 49 52 51 46 30 14 9 6 5 4 3 3 3 2 1 1 1 1 1 1 1 2 2 2 
37 37 36 36 36 37 36 36 37 37 36 36 35 33 33 32 32 31 33 36 36 36 39 44 47 47 40 29 21 15 12 14 16 18 17 18 20 22 21 19 21 23 24 25 26 28 29 29 30 30 30 30 30 30 30 30 30 30 30 29 28 28 26 26 25 25 26 28 29 29 30 32 34 36 35 37 38 38 38 38 39 40 41 38 37 45 56 66 79 89 101 132 171 193 203 202 196 175 158 137 113 90 71 58 50 45 42 39 38 33 30 33 43 47 50 50 44 23 7 3 5 6 3 2 3 4 2 2 1 1 1 1 1 1 2 2 2 
36 36 35 33 33 33 35 35 35 35 35 35 33 32 33 31 29 31 33 36 40 45 56 66 73 71 59 45 28 14 8 8 6 6 8 10 10 12 11 14 16 17 22 24 26 28 29 29 29 30 30 30 30 30 30 30 30 29 29 29 28 28 26 25 24 24 25 26 27 27 28 30 33 33 36 38 38 37 36 37 38 39 40 37 36 43 54 63 71 78 82 99 118 134 156 164 173 174 174 172 157 139 124 107 97 87 75 64 52 46 38 39 47 49 48 48 39 21 14 4 4 5 3 2 3 4 3 2 1 1 1 1 1 1 2 2 2 
36 36 33 33 32 32 33 33 35 35 35 33 32 31 32 33 35 38 44 50 56 66 80 86 91 89 72 51 29 11 7 4 3 3 4 5 5 5 5 9 14 15 19 24 25 26 28 28 29 30 30 30 30 29 29 29 29 28 28 28 26 26 25 25 24 24 26 26 27 27 28 30 32 34 36 40 38 36 36 36 36 36 36 36 36 42 52 59 66 71 77 82 84 81 101 125 150 156 164 174 171 163 161 158 152 143 126 107 92 79 52 44 50 49 46 45 39 18 8 5 4 4 3 2 3 4 2 2 1 1 1 1 1 1 2 2 2 
34 34 34 34 33 33 34 36 37 37 37 36 37 39 42 43 52 59 64 67 79 88 90 89 89 78 52 34 17 5 5 4 4 4 4 5 5 5 7 9 12 15 18 23 25 26 26 28 29 29 29 29 29 29 29 28 28 28 26 26 25 25 25 25 24 24 26 26 26 26 26 29 31 33 35 37 36 36 36 35 36 34 32 33 35 40 51 58 60 63 67 72 68 57 54 68 89 100 116 144 160 168 174 185 189 186 169 153 139 113 89 68 67 58 51 52 45 22 3 4 4 3 3 2 3 4 2 1 1 1 1 1 1 1 1 1 1 
33 34 34 33 34 34 34 37 39 38 40 46 47 52 53 59 80 92 92 88 90 91 79 67 61 46 31 19 5 3 4 4 4 4 5 5 5 5 7 8 11 14 18 22 25 26 28 28 29 29 29 29 29 29 28 28 28 26 26 25 25 25 25 25 25 25 26 26 26 26 26 28 31 33 33 35 35 36 36 35 36 34 31 31 35 40 50 57 57 56 57 58 57 52 46 36 30 37 54 73 97 124 137 138 148 165 166 163 164 157 150 136 126 103 89 86 63 30 8 4 4 3 2 2 3 3 2 1 1 1 1 1 1 1 1 1 1 
32 32 33 33 33 33 34 38 38 39 45 56 60 61 74 93 108 106 92 73 59 51 39 30 23 14 7 4 4 4 3 3 4 4 5 5 5 5 8 9 11 15 18 23 25 28 28 28 28 28 29 29 28 28 28 28 28 26 25 25 25 25 25 25 25 25 26 26 26 26 27 27 29 31 33 33 33 35 36 35 34 33 31 30 33 39 47 54 54 52 52 52 52 52 47 36 22 10 15 22 33 49 70 80 96 116 126 138 150 154 157 158 162 155 142 118 92 66 35 17 11 6 3 3 3 4 3 2 1 1 2 2 2 2 2 2 1 
33 33 35 35 33 33 34 34 36 42 56 63 66 74 85 93 96 89 71 45 26 22 17 8 3 2 2 2 3 3 4 4 5 5 6 6 7 8 9 10 14 16 21 23 25 28 28 28 28 28 28 28 28 28 28 28 26 25 25 24 24 24 25 25 25 25 25 25 25 25 26 27 29 30 32 32 32 33 33 32 33 31 30 30 33 40 46 51 47 42 40 40 38 36 32 23 11 3 3 6 7 9 17 28 40 51 61 80 97 110 130 145 153 163 165 159 141 115 89 63 37 22 11 6 5 5 3 3 1 1 2 2 2 2 2 2 1 
36 34 36 36 35 33 32 31 36 47 59 66 69 72 68 66 61 52 40 24 12 7 3 2 2 2 2 2 3 4 4 5 8 9 10 10 9 10 11 12 16 18 22 24 26 28 28 28 28 28 28 28 28 26 26 26 26 25 25 24 24 24 25 25 25 25 25 25 25 25 25 26 29 30 29 30 32 33 32 32 31 30 29 30 36 43 47 47 39 30 26 25 25 23 18 15 8 2 1 2 1 0 0 5 11 15 19 29 41 53 75 97 116 132 149 162 157 145 137 116 87 54 29 16 8 5 4 4 3 2 1 1 1 1 1 1 1 
38 40 39 39 40 40 39 50 66 74 75 69 58 48 38 30 24 15 8 3 1 2 2 2 2 2 2 2 3 4 4 5 10 11 12 13 12 14 14 15 18 22 23 25 25 26 26 26 28 28 28 26 25 25 25 25 25 24 24 24 24 24 24 25 25 25 25 24 24 25 25 25 29 30 28 29 31 32 31 31 30 29 30 32 39 47 46 44 36 23 19 21 22 22 17 11 5 2 2 3 2 0 0 0 1 2 3 5 9 16 27 43 64 82 101 123 132 144 151 137 124 96 69 45 18 7 4 4 3 3 1 1 1 1 1 1 1 
39 40 43 49 61 74 88 108 117 113 95 64 35 24 18 5 4 2 2 2 2 4 3 2 2 2 1 1 2 2 3 5 9 12 14 15 17 17 17 18 22 23 23 25 25 26 26 26 26 26 25 24 24 24 23 23 23 23 23 23 24 24 24 24 24 24 24 24 24 24 24 25 27 29 26 28 28 29 29 30 29 29 30 36 44 50 46 42 32 23 22 22 22 21 15 5 2 2 3 3 1 1 0 0 0 1 1 1 3 5 5 8 18 30 46 68 83 108 127 125 130 123 114 93 55 26 7 3 3 3 2 3 1 1 1 1 1 
44 53 67 90 117 139 158 169 160 135 96 53 24 11 2 0 1 1 2 2 2 2 2 2 2 1 1 1 2 2 3 7 10 14 17 19 19 21 19 21 23 24 24 25 25 25 25 25 24 24 23 22 22 22 21 22 22 22 22 23 23 23 24 24 24 24 24 24 24 23 23 24 27 27 26 26 26 28 27 29 28 28 31 40 50 53 50 42 33 31 32 30 25 18 12 4 1 2 3 3 1 0 0 0 0 1 1 1 1 0 0 0 0 5 11 19 34 53 78 102 125 139 149 145 118 73 29 15 9 4 2 5 3 2 1 1 1 
67 95 129 159 181 195 198 191 165 123 77 39 15 2 4 5 4 1 1 1 1 1 1 1 1 1 0 1 1 1 3 8 12 16 21 23 22 21 22 23 25 26 25 24 24 24 24 24 22 22 19 19 20 20 19 19 21 21 21 22 22 23 23 23 24 24 23 24 24 23 23 24 24 26 25 25 25 26 26 27 26 26 33 43 52 57 57 51 44 43 44 40 29 19 11 4 1 2 3 3 1 0 0 0 0 0 1 1 1 1 0 0 0 3 4 4 9 16 35 67 104 139 166 178 166 132 84 46 17 4 3 6 3 2 1 1 1 
119 157 187 203 212 210 193 171 137 90 45 15 4 5 4 4 3 1 2 2 1 1 1 2 1 0 0 0 1 0 2 9 16 22 24 25 23 22 21 24 25 26 25 24 23 23 24 23 21 18 18 17 18 18 18 19 19 19 19 21 22 21 21 22 23 23 22 23 23 23 23 23 24 24 24 24 24 25 25 26 25 30 37 49 56 58 58 54 49 50 51 47 35 21 10 4 0 2 2 2 0 0 0 0 0 0 0 0 0 1 0 1 1 2 3 3 1 7 23 47 84 120 153 175 173 159 132 84 33 5 3 5 3 2 1 1 1 
173 192 201 200 195 179 151 121 86 47 17 4 3 2 2 3 3 2 2 2 2 2 1 1 2 1 1 1 1 1 1 6 16 23 28 28 25 24 22 22 23 24 24 23 23 23 22 20 19 18 17 17 17 17 16 17 18 18 19 19 21 19 19 19 21 21 21 22 23 22 23 23 24 24 23 23 22 22 23 24 28 36 45 53 59 59 57 53 52 52 51 46 35 21 9 4 0 0 2 2 0 0 0 0 0 0 0 0 0 0 0 0 1 2 1 1 1 8 24 49 78 105 132 157 165 156 130 93 47 12 4 5 3 2 1 1 1 
188 185 173 160 148 122 90 65 37 14 3 0 2 3 3 3 2 2 3 3 2 1 1 2 2 1 1 1 1 1 1 4 12 23 29 28 25 24 21 21 22 21 22 20 20 20 19 18 18 17 16 16 15 15 14 15 16 17 17 18 19 19 18 19 19 19 21 21 21 22 21 22 23 24 21 22 21 21 22 23 31 43 50 52 53 52 51 51 47 46 44 40 30 16 6 3 0 0 1 1 0 0 0 0 0 0 0 0 0 0 0 0 0 1 1 1 1 7 21 45 68 88 103 120 134 136 118 93 58 23 9 6 4 3 1 1 1 
171 152 131 113 94 70 45 30 16 3 0 0 1 2 2 1 1 2 3 2 2 2 2 2 2 2 1 1 1 1 1 3 9 18 26 26 22 19 19 19 21 19 19 17 18 18 16 16 16 15 14 14 12 12 12 12 14 15 16 17 18 18 18 18 19 19 19 19 19 19 21 21 21 22 22 22 23 23 22 26 37 47 50 49 45 41 42 40 38 39 37 33 24 14 4 2 0 0 0 0 0 0 0 0 0 0 0 0 0 0 0 0 0 0 1 1 2 9 23 42 61 77 82 81 88 101 101 92 68 37 17 9 6 3 2 2 2 
132 107 85 67 54 43 35 23 10 2 0 0 1 2 2 1 2 3 3 4 3 2 3 3 3 2 2 2 1 1 0 4 8 16 24 28 24 18 17 17 17 17 17 16 17 17 15 15 15 14 14 12 11 11 11 11 12 12 14 16 16 17 17 18 18 18 18 19 18 18 19 19 21 21 21 21 23 24 25 33 43 49 45 40 37 34 32 30 30 31 30 26 22 12 4 2 1 0 0 0 0 0 0 0 0 0 0 1 0 0 0 0 0 0 1 1 2 8 24 40 52 60 61 56 56 68 82 94 84 52 26 11 6 4 2 2 2 
97 71 54 47 45 45 43 30 14 4 0 0 1 1 2 2 3 4 4 3 3 3 2 2 3 2 1 1 1 1 2 5 9 15 25 33 31 24 19 18 15 14 14 15 14 14 15 14 14 12 12 11 12 12 11 11 11 11 12 14 15 16 16 17 17 18 18 18 18 18 20 20 20 20 20 20 21 23 31 42 49 49 44 37 31 29 26 24 25 26 25 23 18 10 5 3 1 0 0 0 1 1 1 0 0 0 1 1 1 1 0 0 0 0 0 1 2 9 24 34 39 44 46 43 43 56 80 109 114 86 46 18 8 5 3 3 3 
76 55 49 50 50 52 47 33 17 4 0 0 1 1 2 2 3 4 4 3 3 3 2 3 3 3 1 1 2 2 2 5 9 15 29 40 39 30 22 18 14 11 12 12 14 14 14 14 14 12 12 11 12 12 11 11 11 11 11 12 12 15 16 17 17 18 18 18 18 19 22 22 22 22 20 20 19 29 42 46 49 45 39 33 28 25 24 24 26 26 24 22 17 10 5 3 1 0 0 0 0 1 0 0 1 1 1 1 0 1 0 0 0 0 0 1 4 10 22 30 32 36 38 36 40 57 80 116 131 116 74 31 11 5 4 4 3 
60 53 52 54 54 54 49 31 14 3 0 0 1 1 1 1 3 4 4 3 3 3 3 3 3 3 2 1 1 1 1 4 9 17 29 39 42 37 26 22 19 15 12 12 14 14 14 14 15 15 13 13 13 12 11 11 11 11 10 11 12 14 15 16 17 18 18 19 19 21 22 23 22 22 22 22 23 35 42 47 46 43 36 29 26 23 25 29 31 32 28 24 17 8 3 2 1 0 0 0 1 1 1 0 1 1 1 1 1 1 1 1 0 0 0 1 5 14 23 29 30 31 34 36 42 56 82 116 142 138 99 51 18 5 3 3 3 
57 57 57 59 58 58 50 30 12 3 0 1 1 1 2 2 3 4 3 3 3 3 3 3 3 3 3 1 1 1 0 2 9 18 30 37 40 39 33 26 24 18 14 12 14 12 12 12 15 15 15 13 13 13 12 12 11 11 10 11 12 14 14 15 16 18 18 19 19 21 23 24 24 22 23 28 31 36 40 47 45 40 35 29 25 25 26 31 37 40 36 29 18 8 3 2 1 1 0 0 1 1 1 1 1 1 2 2 1 1 1 1 1 1 0 1 7 18 29 31 29 28 31 34 40 53 86 110 132 138 108 66 26 7 3 2 2 
54 56 60 58 58 61 51 31 10 3 1 1 1 2 3 3 3 4 4 3 3 3 3 3 2 3 3 2 1 1 0 1 8 18 28 35 38 39 38 32 26 22 16 15 14 14 14 14 15 15 15 15 14 12 12 12 12 11 10 11 12 14 14 14 18 19 19 21 22 23 22 23 24 23 26 35 46 46 46 50 45 42 36 28 24 26 30 35 40 44 45 33 22 10 3 1 1 0 1 1 1 1 2 2 2 2 2 2 2 2 1 1 1 0 1 2 9 25 35 33 29 26 28 33 44 60 86 102 120 128 110 76 31 7 3 2 3 
49 49 48 46 46 44 33 20 8 3 1 2 1 2 3 3 4 4 4 3 3 3 3 3 3 3 3 1 1 1 0 1 10 19 24 31 38 42 43 40 36 30 23 18 17 16 16 16 17 16 16 16 15 14 14 14 14 12 11 11 12 12 12 15 18 19 19 21 22 23 22 24 26 28 32 43 53 54 55 52 50 45 40 36 36 35 37 42 46 49 49 37 25 11 2 2 1 1 1 1 1 1 2 2 2 2 2 2 2 2 1 1 0 0 2 5 17 35 40 33 29 26 28 36 54 68 79 88 103 110 101 76 33 9 4 1 4 
39 35 34 34 32 26 19 11 5 3 1 2 2 3 3 4 5 5 5 4 4 4 3 2 3 3 3 1 1 1 0 3 12 24 31 33 38 45 45 44 40 37 30 24 22 19 19 19 18 17 16 16 16 16 16 15 15 14 14 12 12 12 11 14 16 20 22 22 22 22 23 25 30 36 45 54 57 57 57 54 52 47 44 42 40 39 40 42 44 47 45 38 25 9 2 1 1 1 1 1 2 2 2 3 3 3 3 2 2 2 1 1 1 1 2 9 22 37 43 35 29 26 28 42 63 71 65 66 81 90 88 76 38 12 6 2 5 
29 25 26 25 22 19 16 11 4 1 1 2 2 2 2 3 4 5 5 5 4 4 3 2 3 3 2 1 1 1 2 10 24 35 40 40 44 48 49 47 45 44 37 32 29 25 24 23 21 18 17 16 17 16 16 16 16 16 15 14 11 10 9 11 17 20 23 25 25 25 28 33 42 46 52 58 58 57 54 53 52 49 47 44 42 39 39 38 38 39 39 32 21 7 2 1 1 1 1 1 2 2 3 3 3 3 3 2 2 2 1 1 1 1 2 8 21 35 40 35 28 25 29 45 66 67 58 57 61 67 72 75 51 28 17 2 7 
21 17 18 18 18 19 18 10 3 0 1 1 1 1 2 3 4 5 5 4 3 3 2 2 3 3 2 1 1 1 3 14 29 39 43 45 48 51 51 49 50 47 42 38 35 30 29 26 23 21 19 19 18 17 16 16 16 17 17 16 15 12 14 18 22 25 28 30 31 32 39 44 49 52 56 56 54 54 54 53 52 49 45 40 39 39 37 32 31 31 30 25 14 5 1 1 1 1 2 2 2 3 3 3 2 2 2 2 2 2 1 1 1 1 2 7 19 28 30 28 23 25 33 46 60 63 54 47 44 49 63 77 71 57 35 6 7 
12 12 15 16 18 19 21 12 3 0 0 1 1 1 1 2 3 4 4 3 3 3 2 2 2 2 2 1 1 1 3 12 26 36 40 44 46 48 49 46 44 43 39 38 36 35 33 31 29 28 25 22 19 19 19 21 22 22 22 21 21 21 23 28 31 34 35 37 40 43 47 49 51 52 52 51 49 47 46 44 42 37 33 31 29 29 26 23 23 23 22 17 9 3 1 1 1 2 2 2 2 2 3 3 2 2 2 2 2 2 1 1 1 1 1 5 15 22 24 19 19 26 37 47 56 59 53 43 36 44 64 86 94 89 58 18 7 
14 15 15 16 22 30 32 17 4 1 0 1 1 1 1 2 2 3 3 3 3 3 2 2 2 2 1 1 1 1 2 9 22 31 35 37 39 40 40 38 33 34 35 35 36 37 37 37 37 36 33 30 25 26 26 28 29 29 29 28 30 32 35 38 40 40 42 43 44 45 45 46 46 44 42 40 38 36 32 28 23 21 22 22 21 21 21 19 19 19 17 10 4 3 1 1 1 1 2 2 2 2 2 2 2 2 2 2 2 2 1 1 1 1 2 5 11 16 18 17 18 28 40 47 52 52 51 39 33 43 61 89 116 120 84 42 17 
15 18 21 21 29 39 44 31 10 1 0 0 1 2 2 2 2 2 3 2 3 2 2 2 2 2 2 1 1 1 2 7 15 23 28 30 31 31 30 26 25 27 29 29 31 36 37 38 39 39 40 38 35 35 36 36 37 37 37 37 39 40 42 44 46 47 47 46 44 40 38 37 35 31 29 28 28 28 24 19 14 14 15 17 19 26 31 30 24 22 18 11 3 2 1 1 1 1 2 2 2 2 2 2 2 2 2 2 2 2 2 2 1 2 3 7 10 9 14 17 17 30 42 47 49 43 42 33 30 40 59 90 125 138 113 64 24 
23 29 33 36 43 50 49 35 14 2 0 1 1 2 2 2 2 1 1 1 1 1 2 2 2 2 1 1 1 1 1 5 11 12 14 16 16 16 16 15 15 18 18 18 21 25 30 33 36 38 40 41 40 40 40 41 42 40 40 42 42 42 42 43 44 44 43 40 38 33 31 29 29 25 22 22 19 19 18 16 15 12 12 18 28 35 39 39 36 31 24 15 5 2 1 1 1 1 2 2 2 2 1 2 1 1 2 2 1 2 2 2 1 3 9 11 10 10 14 18 23 31 42 47 44 33 36 29 31 43 61 89 124 144 129 81 30 
31 42 45 45 49 51 47 33 16 3 0 1 1 2 3 2 2 1 1 1 1 1 1 2 2 2 2 1 1 0 1 3 8 8 9 9 8 8 8 9 9 10 9 9 11 14 16 18 22 24 27 30 31 32 32 34 35 36 38 38 38 38 37 36 35 33 31 31 28 24 21 18 18 18 15 15 12 12 12 12 12 11 12 23 35 43 46 47 46 39 30 19 9 3 1 1 1 2 2 2 2 2 2 2 1 1 2 2 1 2 2 2 1 5 11 13 12 12 15 19 24 31 42 45 37 28 28 28 35 51 71 89 122 145 136 93 43 
36 47 50 50 47 45 40 26 10 2 1 2 2 3 3 2 2 2 1 1 1 1 2 2 2 3 2 2 2 1 2 4 10 12 10 9 8 7 8 8 9 10 10 9 9 10 10 11 12 15 18 21 23 23 22 24 28 28 29 29 29 29 26 26 25 25 23 20 19 17 15 14 15 16 16 15 15 15 15 15 15 14 18 30 39 47 54 56 54 50 40 26 15 5 1 2 2 2 2 2 2 2 2 2 2 2 2 2 1 2 1 1 2 5 10 12 12 12 17 22 26 36 42 38 31 24 24 29 38 53 71 85 106 129 122 91 52 
35 45 49 47 42 38 33 21 8 2 2 3 3 4 3 3 3 2 1 1 1 1 2 2 2 3 2 2 3 3 3 11 17 19 18 16 15 15 15 16 17 17 17 16 15 15 14 14 14 16 18 21 23 22 22 23 23 23 23 22 23 23 23 22 22 22 20 18 16 18 19 22 23 23 23 23 24 25 25 25 25 25 28 32 40 50 53 53 51 51 44 30 17 5 2 2 2 2 2 2 2 2 2 2 2 2 2 2 1 2 1 1 2 8 15 18 19 18 21 25 33 40 42 36 30 25 24 32 46 57 68 75 88 104 101 85 52 
32 40 44 39 35 31 24 15 7 1 2 4 4 5 4 4 3 1 2 2 1 1 2 2 3 3 3 3 3 3 8 19 26 30 30 28 26 26 26 28 29 29 29 28 26 25 23 23 23 24 26 28 28 28 29 26 26 26 25 25 25 25 25 26 28 28 26 25 25 27 30 31 32 33 33 33 35 35 33 35 35 35 32 32 39 43 45 47 51 51 45 33 22 9 3 3 1 1 2 2 2 2 2 2 2 2 2 2 2 1 1 2 3 9 21 28 28 29 29 32 37 39 38 35 31 29 31 40 56 65 70 70 68 75 77 71 46 
29 31 33 31 26 21 15 9 4 2 2 4 4 5 5 3 2 1 2 2 1 1 2 2 2 3 3 2 2 3 11 25 36 39 40 39 38 37 38 38 39 39 38 38 37 36 35 33 32 33 33 35 35 36 36 36 34 36 35 35 35 36 36 37 38 38 38 38 38 40 39 40 42 43 44 43 40 38 38 38 37 36 30 30 32 35 38 42 46 46 40 31 21 7 2 2 1 1 2 2 2 2 2 2 2 2 2 2 2 1 1 2 4 11 23 32 33 35 36 37 38 36 33 35 33 35 37 46 57 68 71 60 51 57 61 66 52 
26 24 23 21 15 10 9 5 2 2 2 3 3 4 4 2 1 1 1 2 1 1 2 2 2 2 2 2 2 4 12 29 40 45 47 46 45 44 44 44 44 46 45 44 43 42 42 40 40 40 40 41 40 42 42 43 43 43 44 44 45 45 46 46 47 46 47 47 44 45 45 46 46 46 46 44 42 39 38 36 31 28 24 24 24 26 31 35 37 37 34 27 17 5 1 1 1 1 2 2 2 2 2 2 1 1 1 1 1 1 2 2 3 10 21 30 35 37 37 37 37 33 32 35 37 40 44 47 54 64 61 49 40 38 50 61 60 
25 21 21 18 10 9 7 3 1 2 2 3 2 3 3 2 1 1 1 2 1 1 1 2 2 2 2 2 2 4 15 31 42 46 46 46 46 47 47 47 49 49 49 46 44 43 42 40 40 40 41 43 42 43 44 45 45 46 46 46 47 47 47 47 48 48 48 47 45 44 43 44 43 44 43 40 38 37 35 30 25 19 18 18 21 22 22 26 29 29 29 24 15 5 1 1 1 1 2 1 2 2 2 2 1 1 1 1 1 1 2 2 2 4 14 24 35 39 38 37 37 31 31 36 39 46 50 54 60 60 58 49 30 26 38 47 56 
24 21 19 16 9 8 7 4 2 2 2 2 1 2 2 1 1 1 1 1 1 1 2 2 2 1 2 2 2 5 14 25 33 38 40 42 43 43 43 44 46 46 45 44 42 39 38 37 36 35 36 36 37 38 38 38 38 39 40 40 40 42 42 43 44 44 44 43 40 39 38 38 37 36 36 36 32 31 30 26 22 18 19 19 21 22 23 25 25 25 26 23 14 5 3 2 1 1 1 1 1 1 1 1 1 1 1 1 1 1 1 1 2 5 14 25 36 38 37 37 36 29 31 36 40 46 51 54 54 54 54 44 32 33 40 50 66 
25 22 22 16 9 11 9 5 3 4 2 2 1 2 2 1 1 1 1 1 1 1 2 2 2 2 1 1 2 4 9 15 22 26 29 30 30 31 31 31 31 31 30 30 28 25 23 23 23 24 24 24 24 25 26 26 26 28 30 31 33 36 35 35 33 35 37 35 30 28 26 26 26 26 26 25 25 25 25 25 23 24 25 25 26 28 28 26 26 26 26 22 15 6 3 2 1 1 1 1 2 2 1 1 1 1 1 1 1 1 1 1 2 5 15 25 36 38 36 35 35 30 32 38 43 50 50 49 45 44 42 35 31 32 40 56 79 
30 32 30 23 19 19 18 16 14 8 2 2 1 1 1 1 1 1 1 1 1 2 3 3 3 2 1 1 2 4 4 8 14 17 18 18 18 18 18 17 16 16 16 16 15 12 11 11 11 12 12 14 14 15 15 15 16 17 19 22 23 24 24 23 23 24 24 22 18 17 16 16 17 19 21 21 22 23 24 26 29 31 33 37 37 36 35 35 33 33 35 30 17 6 4 2 1 1 2 2 3 3 2 2 3 2 3 3 1 1 1 1 3 6 14 28 36 35 35 33 32 30 35 40 45 50 47 42 37 35 33 30 31 35 45 66 88 
32 35 31 29 29 29 28 28 23 12 5 2 1 1 1 1 1 1 1 1 1 2 2 3 3 3 1 1 2 2 3 8 15 17 16 12 12 12 11 9 9 10 11 11 9 7 7 7 7 7 8 9 9 9 9 9 9 11 12 16 17 19 18 19 19 19 17 16 12 12 11 12 14 16 16 18 22 24 28 32 36 40 44 47 47 46 46 45 45 45 45 38 22 9 4 2 1 1 2 3 3 3 4 3 3 2 3 3 1 1 1 2 3 6 16 28 32 32 31 31 31 31 37 42 44 44 39 35 29 28 28 28 36 43 53 70 88 
28 31 31 33 35 37 39 38 29 16 7 2 1 0 1 1 1 1 1 2 1 2 2 2 3 2 1 2 3 3 4 10 16 17 16 15 12 12 11 9 10 11 13 13 11 8 4 4 5 7 8 9 10 10 10 10 9 10 12 15 17 19 21 19 19 18 16 16 14 12 11 14 16 16 16 18 24 28 30 38 47 52 56 56 57 58 57 57 57 56 52 44 29 11 4 3 0 1 2 3 3 3 4 4 2 2 2 2 1 1 1 1 4 9 17 26 28 29 26 30 33 36 40 40 39 37 31 26 23 24 28 33 46 53 61 72 84 
21 25 29 33 38 42 46 44 31 16 7 2 1 0 1 1 1 1 1 1 1 1 2 2 3 2 1 1 4 8 10 18 21 19 18 18 16 16 15 12 13 16 17 16 12 9 8 7 7 8 9 11 13 13 13 13 12 12 16 17 21 23 24 22 22 18 16 16 15 15 15 15 17 19 21 21 23 28 31 43 53 56 56 58 58 58 58 57 57 57 56 45 29 11 4 3 1 1 2 2 3 3 2 3 2 2 2 2 1 1 1 2 4 9 17 23 25 25 23 29 33 39 40 37 32 28 25 23 22 24 32 44 57 60 65 71 75 
17 19 23 30 36 40 45 44 30 16 7 4 2 1 1 1 1 1 0 0 1 1 1 1 1 1 1 1 4 8 20 29 30 26 23 21 19 18 18 17 16 18 20 19 12 10 10 9 8 9 11 13 15 15 15 15 15 16 18 22 24 28 28 28 28 24 22 22 19 19 18 19 19 21 21 21 22 23 29 40 47 46 49 50 51 51 49 47 48 50 49 42 24 10 5 3 1 1 2 3 3 3 2 2 2 2 2 2 1 1 1 2 5 10 16 20 23 24 23 29 36 40 38 31 26 24 22 21 22 30 40 52 61 61 63 64 63 
17 17 16 19 26 35 39 38 26 11 5 4 2 1 1 1 1 1 0 0 1 1 1 1 1 1 0 1 4 15 25 33 35 31 28 25 24 21 19 16 16 20 24 24 18 13 12 11 10 11 13 16 17 17 16 16 16 16 18 22 25 28 29 31 33 30 26 24 21 21 19 21 21 19 19 18 19 17 21 30 37 40 43 44 44 43 39 38 38 37 37 33 23 10 4 2 0 0 2 3 3 3 1 2 2 2 1 1 1 1 1 2 5 10 15 20 23 24 24 29 37 40 37 30 24 21 17 18 25 39 50 57 60 58 56 52 50 
19 17 13 13 19 26 32 32 21 8 3 3 1 0 0 1 2 1 0 1 1 1 1 1 1 1 0 0 5 16 24 31 35 32 28 24 22 18 17 16 17 21 26 28 24 17 12 12 12 12 14 17 22 21 17 15 15 16 18 21 23 24 24 26 32 30 25 20 16 16 16 16 18 18 17 17 17 16 19 24 29 33 36 37 35 32 32 31 29 27 28 26 21 11 4 3 1 1 1 2 2 2 1 1 1 1 1 1 1 1 1 2 3 7 14 18 23 24 24 30 37 37 32 28 23 19 21 26 39 53 59 59 57 51 46 38 35 
23 19 15 15 17 19 22 22 15 6 2 1 0 0 0 0 1 0 0 0 1 1 1 0 0 1 0 1 6 15 18 24 28 28 25 22 18 16 16 15 16 21 29 30 26 18 12 12 12 14 15 17 17 17 17 15 15 16 16 17 20 20 19 21 24 24 23 22 17 15 14 14 14 15 16 16 16 15 18 23 24 25 26 27 28 26 25 24 24 24 23 22 21 12 5 3 0 0 1 2 2 2 1 1 1 1 1 1 1 0 1 2 3 7 12 18 22 23 24 30 34 32 30 28 25 24 29 40 52 58 59 56 49 43 39 32 26 
24 22 19 17 17 16 14 14 8 4 3 1 0 0 0 0 0 0 0 0 0 0 0 0 0 0 1 4 7 11 16 20 23 24 23 21 18 15 16 14 16 22 28 28 23 16 12 11 12 14 15 15 15 16 16 15 14 15 15 16 19 22 21 18 18 18 18 17 15 13 12 12 12 14 15 15 14 13 15 17 20 24 24 25 25 24 23 23 22 22 22 22 22 15 5 3 0 1 2 2 1 1 1 1 1 0 0 1 1 1 1 1 2 7 12 18 23 24 23 26 27 27 25 25 24 26 36 46 53 54 52 46 42 35 31 25 22 
22 23 23 22 21 16 12 10 4 4 3 1 0 0 0 0 0 0 0 0 0 0 0 0 0 0 1 4 8 10 15 18 21 22 19 17 16 15 15 15 16 21 24 23 19 15 12 11 11 12 14 14 15 15 14 14 14 15 15 15 19 23 21 19 18 16 16 15 14 13 13 12 13 15 15 15 14 13 13 15 17 23 26 28 26 28 26 23 22 21 25 26 25 15 6 4 1 1 3 3 2 1 1 1 1 0 0 0 0 1 1 1 2 5 11 18 23 23 22 23 25 24 24 25 28 32 43 49 51 49 43 38 35 28 24 24 28 
21 24 26 23 24 22 15 10 4 3 3 1 0 0 0 0 1 1 0 0 0 0 0 0 0 0 1 2 6 10 13 16 18 19 17 16 16 15 14 15 17 19 19 18 16 14 11 11 11 11 11 14 14 12 12 12 14 15 15 16 21 25 29 26 22 17 16 16 16 16 15 15 15 18 19 21 17 15 13 14 15 22 28 30 32 33 30 24 21 21 26 29 28 16 6 4 1 1 2 3 2 1 1 1 1 1 1 1 0 1 2 1 2 5 11 17 20 22 22 22 24 26 29 32 35 42 44 47 46 42 33 30 29 24 23 28 33 
17 23 25 22 24 24 18 12 8 3 3 2 0 0 0 0 1 1 0 0 0 0 0 0 0 0 1 2 6 10 11 13 16 17 17 17 16 15 14 14 16 18 17 17 16 13 11 11 11 11 11 12 12 12 12 12 14 16 19 22 28 36 39 37 29 22 17 17 17 17 16 17 19 23 23 23 18 15 13 14 16 22 28 32 36 37 31 24 19 23 28 31 29 17 8 4 1 1 1 2 1 1 1 1 2 2 1 1 0 0 1 1 1 4 10 16 20 23 19 23 25 27 33 38 42 44 45 43 39 32 26 25 26 22 24 33 40 
12 17 19 19 22 23 24 17 9 4 3 2 1 0 0 0 0 0 0 0 0 0 0 0 0 0 1 2 7 10 11 12 16 17 17 17 16 13 14 14 16 16 15 15 14 12 13 12 11 11 11 12 12 12 12 14 15 18 24 27 32 40 42 42 37 31 24 21 19 18 17 19 24 29 30 27 22 17 16 15 14 19 28 37 40 37 31 26 24 26 31 36 33 21 10 5 2 1 1 1 2 2 2 3 2 2 1 1 1 1 1 1 0 2 9 15 18 21 21 23 29 34 38 40 43 44 43 38 33 29 25 26 28 24 31 43 52 
9 11 12 17 18 21 24 21 15 7 2 0 0 0 0 0 0 0 0 0 0 0 0 0 0 0 1 3 7 11 12 15 18 18 19 18 17 15 16 17 17 16 15 15 13 13 15 12 11 14 17 18 16 12 14 15 17 23 29 33 39 42 44 44 45 40 35 29 22 19 18 21 24 28 34 36 30 18 16 14 14 17 23 36 42 39 33 29 25 25 29 37 32 21 10 6 3 1 1 1 2 2 3 4 3 3 1 1 1 1 1 1 0 1 7 14 17 18 21 26 34 43 43 44 43 43 40 35 31 26 26 28 29 33 45 54 61 
10 8 9 11 14 15 19 23 19 12 5 1 0 0 0 0 0 0 0 0 0 0 0 0 0 1 3 5 10 12 15 19 24 25 27 24 19 17 21 19 19 19 19 17 17 19 19 13 12 17 23 29 23 16 16 17 22 29 33 38 42 45 45 46 46 44 40 32 24 20 20 23 23 29 36 37 28 19 17 13 14 17 23 30 36 35 31 28 26 26 30 32 30 20 12 8 3 2 1 1 2 2 2 3 3 3 2 1 1 1 1 1 0 0 5 11 17 22 23 28 36 44 46 45 42 39 35 31 28 26 28 31 35 46 59 65 68 
18 12 12 12 12 12 18 21 17 11 4 1 0 0 0 0 0 0 0 0 0 0 0 0 0 1 8 12 16 15 18 25 32 36 37 32 28 26 28 29 28 28 27 26 27 29 23 16 16 21 30 36 31 23 23 23 27 33 38 42 44 44 45 46 49 46 44 37 25 22 20 23 25 30 36 36 26 18 16 15 15 17 21 25 28 26 26 26 28 29 28 28 26 20 13 10 4 2 1 1 2 2 2 3 4 3 2 1 1 1 1 1 0 0 3 10 19 25 29 32 39 45 44 40 36 32 29 28 26 29 33 42 45 56 64 64 65 
28 24 23 21 17 16 17 17 15 10 4 1 0 0 0 0 0 0 0 1 0 0 0 0 0 3 12 18 18 16 23 31 39 44 43 39 37 35 33 35 36 36 36 35 36 32 24 17 16 22 32 39 36 30 29 29 31 33 38 43 44 44 44 46 46 44 42 35 26 22 19 22 27 31 33 31 25 19 16 15 16 18 19 21 23 23 23 24 24 25 23 24 24 19 14 11 6 3 1 1 2 2 3 4 7 4 3 3 1 1 1 1 0 0 3 11 21 28 32 37 40 42 38 31 25 24 28 30 31 38 45 54 58 63 64 58 54 
35 32 32 30 23 22 22 18 12 8 4 1 0 0 0 0 0 0 1 1 1 0 0 0 0 3 12 19 19 17 23 31 41 47 45 43 38 35 33 36 37 37 37 36 37 30 22 16 16 22 30 36 34 30 29 27 30 32 36 38 38 39 39 39 40 39 36 30 23 18 18 22 25 25 25 23 19 17 16 15 16 18 17 19 21 21 21 21 19 21 21 21 20 19 16 12 6 3 1 1 1 2 3 4 4 3 3 3 1 1 1 0 0 1 7 14 21 28 31 33 35 33 31 26 22 23 29 33 42 46 54 61 63 61 57 49 44 
38 38 39 35 30 31 25 22 15 11 5 2 0 0 0 1 2 0 1 2 1 1 1 1 1 4 11 17 19 18 21 28 37 42 40 38 36 31 28 30 31 31 31 31 32 26 19 15 15 18 24 29 30 29 25 24 25 29 28 29 29 29 29 30 30 30 27 23 17 16 17 19 20 20 18 17 17 16 15 15 16 18 18 19 20 22 19 19 18 19 18 21 20 19 16 12 6 4 2 1 2 3 3 5 5 3 3 3 1 1 0 0 0 1 7 12 19 24 26 28 28 26 24 22 21 24 33 43 51 53 59 63 61 53 43 38 33 
38 39 40 38 37 38 31 24 18 11 5 3 1 0 0 1 2 1 0 2 1 1 1 1 1 4 10 14 16 17 19 23 29 31 30 30 27 24 19 19 21 21 21 21 23 21 17 12 14 16 18 20 23 23 22 22 22 23 21 21 19 18 18 18 19 21 19 17 15 15 15 17 19 18 17 16 16 15 15 15 17 20 18 17 19 20 19 19 19 19 19 21 20 20 18 14 9 4 2 2 2 2 2 3 4 3 3 3 1 1 0 0 0 1 4 10 15 21 23 23 21 21 21 21 23 30 44 51 58 60 61 58 54 40 30 30 28 
