19 26 30 28 38 36 31 24 21 22 23 22 20 20 20 20 19 21 19 18 18 18 18 18 19 18 18 16 16 16 16 16 16 16 16 16 17 17 17 17 17 18 18 18 18 18 18 18 18 18 18 19 19 21 19 19 19 19 19 19 19 21 22 24 29 30 26 25 22 18 17 16 16 17 17 17 17 16 17 18 19 
6 8 10 14 32 45 51 46 37 37 37 33 30 30 30 31 27 24 23 22 21 22 22 20 20 19 19 18 18 17 17 17 16 16 16 16 16 16 16 17 17 18 18 18 18 18 18 18 18 18 18 19 19 21 21 21 19 19 19 19 19 22 22 23 24 26 25 24 20 17 17 16 16 17 16 17 17 17 17 19 21 
3 4 7 10 21 38 57 61 54 54 56 51 49 49 47 46 42 38 35 29 26 24 24 23 22 21 22 23 22 19 18 19 17 16 16 16 15 16 16 18 19 19 19 19 19 18 19 19 19 19 19 21 21 22 21 21 21 21 21 21 23 21 22 20 22 25 25 24 20 17 16 15 15 16 16 16 16 17 18 19 21 
3 3 4 6 12 18 42 65 73 74 73 72 72 72 73 67 61 60 59 52 46 42 36 31 30 30 28 27 26 23 21 19 18 17 17 16 16 16 16 18 19 19 19 20 20 18 19 19 19 19 19 19 19 21 19 19 19 19 21 19 19 18 18 19 23 25 25 23 19 16 16 15 16 16 16 17 17 18 18 19 19 
3 3 2 5 6 9 25 53 73 85 88 88 88 89 90 88 82 80 79 74 68 66 61 57 53 48 46 43 38 32 25 21 21 19 17 17 17 16 17 18 18 19 20 20 20 19 19 19 19 20 20 20 22 19 19 18 18 19 19 18 18 17 16 19 22 24 25 23 18 15 15 15 16 16 16 17 18 19 19 19 19 
2 3 2 3 4 6 9 30 60 85 94 94 94 95 96 97 96 96 94 90 88 86 82 79 78 75 73 67 61 52 43 35 26 22 19 18 18 18 18 17 17 19 20 20 19 18 17 18 18 20 20 19 19 18 17 16 16 17 16 16 16 15 17 19 22 26 28 23 16 15 15 15 15 16 17 17 18 19 19 18 19 
2 2 2 2 3 5 5 17 45 75 85 84 87 88 90 89 89 98 101 97 95 95 94 93 94 94 93 89 81 73 66 59 49 39 32 28 23 21 19 20 18 18 18 18 17 17 17 16 16 17 17 17 17 16 16 15 15 15 15 15 15 17 18 19 23 28 30 23 15 15 15 15 15 16 17 17 17 18 18 18 18 
2 2 2 2 3 5 5 11 26 46 67 73 72 72 74 78 77 81 89 89 90 90 94 97 102 102 101 100 96 94 89 81 72 61 51 46 35 26 24 23 20 19 18 19 19 17 17 15 15 15 15 15 15 15 14 14 14 15 15 15 15 17 18 21 24 30 32 23 15 15 15 15 15 16 17 17 17 18 19 21 18 
2 2 2 2 2 3 4 8 15 24 54 64 58 56 58 63 66 63 67 72 75 78 86 89 94 96 101 104 110 108 104 100 94 84 73 71 56 43 33 25 22 19 18 20 20 19 18 16 14 15 15 15 15 15 14 12 14 14 14 15 15 16 18 24 33 37 33 22 15 15 15 15 15 16 16 16 17 17 18 19 18 
2 2 2 2 2 3 3 8 10 22 43 49 53 53 51 52 54 50 50 58 61 65 71 75 78 82 90 95 102 107 108 108 107 102 97 95 80 66 53 42 30 23 19 18 19 18 17 15 15 15 15 15 15 15 14 12 12 12 12 13 13 15 19 27 36 39 35 22 13 14 14 14 15 16 17 16 16 17 18 18 18 
2 2 2 1 1 1 3 6 5 14 28 38 54 57 51 49 51 50 47 50 51 54 55 58 60 64 71 78 84 95 101 104 110 109 103 107 103 93 78 63 51 39 28 20 17 16 15 16 16 16 16 16 16 15 15 14 14 12 12 12 11 13 20 30 38 43 37 21 11 14 14 14 15 17 17 16 16 16 16 16 17 
2 2 2 1 1 1 2 4 3 5 15 35 54 58 54 51 52 52 50 50 50 51 51 50 51 53 54 59 66 75 82 93 104 106 107 113 110 106 99 87 74 61 49 36 26 22 18 16 16 17 17 16 16 16 15 15 15 15 15 15 15 12 22 31 40 45 38 21 12 14 14 14 14 17 17 17 17 16 16 15 15 
2 2 2 1 1 1 1 2 2 5 13 36 56 60 60 57 56 57 56 53 52 52 51 52 53 52 51 53 56 59 65 73 82 94 103 109 114 113 110 107 97 88 75 60 49 40 30 23 19 18 18 17 16 16 16 16 16 16 16 16 16 13 22 32 39 43 37 22 11 12 12 15 15 16 16 16 17 17 16 16 16 
2 2 2 1 1 1 1 2 2 6 11 32 53 61 63 60 58 59 59 57 56 56 56 57 57 53 53 51 49 48 51 52 61 73 84 91 107 111 113 116 111 105 97 85 73 64 51 38 29 23 18 16 15 15 15 15 16 16 16 17 18 12 22 31 37 40 35 22 12 12 14 15 16 16 17 17 17 17 17 17 16 
2 2 2 1 1 1 1 2 2 3 3 23 49 61 64 60 60 61 61 60 59 59 59 59 59 60 57 53 50 46 45 44 44 56 67 71 81 92 104 114 114 111 110 106 96 84 71 59 45 32 23 19 17 17 16 15 16 16 16 16 17 14 19 26 31 36 31 23 17 14 15 16 17 18 18 17 17 16 17 17 16 
3 3 2 1 1 1 1 2 2 3 3 19 43 63 66 60 60 60 60 60 60 61 60 60 61 62 59 56 51 45 43 40 37 43 52 58 70 73 84 97 105 109 113 113 109 101 89 79 69 54 38 28 25 19 18 15 15 16 16 16 16 15 18 23 26 31 29 25 20 17 16 16 16 18 19 17 17 16 17 17 16 
2 2 2 2 2 1 2 2 3 2 2 16 35 59 63 60 60 59 59 59 60 60 59 59 58 59 58 56 50 45 42 40 39 37 39 43 47 64 73 85 97 104 106 106 107 107 105 94 85 70 53 38 29 21 15 15 17 16 16 16 15 16 17 23 25 28 26 23 22 20 18 16 16 19 18 17 17 16 17 16 16 
2 2 2 2 2 1 2 3 3 2 2 12 28 51 60 60 57 54 54 54 54 56 56 56 56 54 54 53 50 44 40 39 39 38 36 35 37 49 57 66 79 88 90 94 97 102 103 94 86 74 61 50 36 26 25 26 23 19 18 18 18 18 19 22 23 22 23 22 23 20 18 16 16 18 18 17 17 16 17 16 16 
2 2 2 2 2 3 3 3 3 1 1 5 18 42 57 54 50 47 51 50 49 47 49 49 50 50 50 45 43 40 39 37 38 37 33 32 32 33 40 46 55 65 73 78 80 80 79 79 77 70 58 47 36 30 30 30 26 24 22 23 23 22 22 19 18 19 19 21 23 22 18 16 16 18 18 17 18 17 17 16 16 
2 2 2 2 2 3 3 3 4 1 0 3 15 32 47 47 43 40 43 45 40 39 42 43 43 43 43 38 35 33 33 32 33 33 32 31 30 30 33 38 41 49 57 58 58 56 57 57 58 57 50 44 36 33 32 31 31 31 30 27 24 24 22 18 15 18 18 19 22 21 19 17 17 17 17 17 18 17 16 16 16 
2 2 2 3 4 3 4 3 3 2 1 3 11 29 45 44 38 33 35 36 34 33 36 40 40 38 38 32 29 29 30 28 28 31 31 28 25 26 29 30 31 34 37 38 43 44 45 46 52 56 54 51 43 37 37 43 50 51 43 31 26 25 23 22 19 17 17 19 22 24 22 19 17 16 16 17 17 17 16 17 17 
2 2 2 3 4 4 3 2 2 2 2 4 10 25 38 42 40 36 33 36 37 36 38 43 38 36 32 28 25 25 24 24 22 25 26 23 22 21 24 26 26 25 21 24 30 39 38 43 53 63 66 60 51 45 45 54 66 66 57 47 37 29 23 22 19 17 18 19 22 23 22 21 18 16 16 17 17 16 17 17 17 
2 2 2 4 5 5 4 3 4 5 7 5 11 26 36 42 46 42 36 37 39 38 39 42 38 36 32 30 28 26 25 23 21 22 24 23 22 23 24 26 28 24 21 24 26 29 32 41 53 67 78 75 66 59 56 68 81 86 80 72 60 43 28 22 19 21 21 22 23 22 22 22 19 17 17 17 16 16 17 17 17 
2 2 2 4 5 6 6 8 10 12 12 14 24 38 45 50 50 45 37 37 38 37 39 42 40 38 35 31 30 28 25 23 21 22 24 24 24 25 26 28 29 25 25 25 26 25 30 40 51 63 78 80 72 68 65 78 95 103 101 96 85 64 39 25 21 22 22 23 23 23 22 22 18 17 18 18 17 17 17 18 18 
2 2 2 4 5 7 9 14 15 16 20 30 44 55 61 57 52 46 39 37 35 36 37 40 39 38 36 32 30 29 26 23 22 23 25 26 27 27 29 29 28 26 26 26 26 29 31 37 42 52 62 67 62 60 60 77 100 116 117 110 101 82 60 39 27 23 21 22 23 23 23 24 19 19 18 18 17 17 17 17 17 
2 3 2 4 5 10 18 23 23 25 32 44 59 67 68 57 52 46 39 37 35 36 37 38 37 36 33 31 30 29 26 24 23 24 26 27 29 29 30 29 29 28 26 28 28 29 31 35 36 41 48 55 57 53 56 74 97 116 119 114 108 95 78 54 34 26 24 24 24 23 24 25 20 21 21 19 17 17 18 18 18 
2 3 2 4 5 13 23 26 26 26 35 46 63 68 66 56 52 46 39 37 35 35 36 37 35 35 32 31 30 29 28 27 25 25 28 29 29 31 31 31 30 29 28 29 30 30 31 33 35 33 37 46 50 49 53 71 92 109 114 112 114 107 88 64 39 30 30 28 26 26 26 25 26 21 19 19 17 18 18 18 18 
2 2 2 5 9 15 24 29 29 29 36 46 61 67 64 56 51 45 40 38 36 37 38 40 37 37 38 36 32 31 29 27 25 24 26 28 29 31 30 30 30 29 29 30 30 30 31 32 32 30 32 40 44 45 52 70 90 104 110 115 119 115 97 72 46 33 32 29 28 26 26 26 25 22 19 17 18 19 18 18 18 
2 3 5 9 16 18 26 32 30 30 37 47 61 66 60 53 49 45 40 38 35 36 39 40 37 39 40 38 35 31 29 25 24 24 25 27 29 30 29 28 28 29 28 29 31 32 32 32 32 31 35 39 44 47 51 66 87 101 109 115 117 113 99 79 54 37 32 30 29 26 25 24 24 22 18 18 18 18 18 18 18 
2 3 4 11 17 21 29 32 31 30 33 45 57 65 60 52 46 43 40 37 33 32 35 36 37 38 38 36 33 31 26 24 22 24 24 26 26 27 27 26 25 26 26 29 32 32 32 32 31 31 36 42 46 49 51 60 78 94 103 105 111 106 93 78 57 39 32 31 30 29 25 23 24 22 18 18 18 18 17 17 18 
2 4 7 12 19 24 30 32 31 30 32 43 52 60 57 49 44 39 35 31 28 28 29 30 33 36 35 32 30 29 26 23 23 22 23 24 24 24 24 23 23 24 25 26 30 30 29 29 29 32 39 45 49 52 52 56 66 86 95 96 102 97 87 72 53 38 31 32 29 28 24 23 23 23 19 17 17 17 17 17 18 
3 4 9 15 20 25 31 32 32 31 31 39 50 56 52 44 40 37 32 29 25 24 24 25 26 26 25 26 26 25 24 23 23 21 22 23 23 22 22 21 21 22 24 26 28 29 28 25 28 32 44 49 51 53 53 53 60 75 85 87 92 90 80 70 52 37 31 28 24 24 23 22 22 22 19 17 17 17 17 18 18 
3 5 9 16 23 24 29 32 32 30 29 36 46 53 47 40 38 35 32 29 25 24 24 24 24 23 23 24 25 25 23 23 22 21 21 20 20 22 20 22 22 23 25 25 26 26 25 24 25 33 46 51 53 53 52 52 59 72 80 84 87 86 78 67 51 37 30 25 22 29 21 18 18 15 15 15 16 16 16 17 17 
3 5 10 16 23 24 30 32 32 30 28 35 39 42 42 38 36 33 31 28 25 24 25 25 25 23 23 26 28 25 23 23 23 21 19 20 20 20 22 23 23 23 24 24 25 24 24 24 25 33 46 54 56 54 51 51 59 73 80 81 82 84 75 65 51 38 31 25 21 25 14 13 13 8 8 9 12 15 14 16 16 
3 5 11 16 22 25 30 33 33 29 26 35 38 39 40 37 34 32 30 28 26 25 26 26 26 29 30 30 29 26 24 23 23 21 18 19 20 20 22 24 24 23 23 23 23 22 23 23 24 33 47 58 59 57 52 50 59 71 75 78 78 80 72 63 51 39 32 25 20 17 12 8 10 4 4 4 8 7 11 14 15 
3 7 11 17 23 25 30 33 33 30 28 36 40 43 41 37 34 31 30 29 28 28 30 33 35 35 36 36 35 31 28 25 25 23 21 22 22 22 24 26 26 24 24 24 23 23 25 24 24 36 52 64 61 58 52 50 57 68 78 78 78 79 70 61 51 37 27 22 18 18 11 6 2 2 2 2 2 3 5 10 12 
3 7 12 19 25 26 30 32 33 31 28 37 44 44 42 37 33 30 30 31 31 32 36 40 43 43 43 42 39 35 31 29 28 25 24 24 24 24 26 29 29 28 25 24 24 24 24 30 33 42 57 67 65 57 47 47 57 70 80 80 79 81 73 65 53 37 23 17 17 16 9 4 3 1 1 2 1 1 3 4 7 
4 8 12 19 26 28 30 32 33 31 28 37 46 47 45 39 36 31 32 35 35 36 39 44 46 46 46 46 43 37 33 31 29 26 26 28 29 29 30 32 32 30 28 28 28 26 25 31 38 47 63 70 67 58 46 44 57 68 78 80 82 81 77 67 54 37 22 18 16 13 7 3 3 1 1 1 1 1 1 2 2 
4 8 12 19 25 26 31 33 33 31 28 37 53 54 49 44 38 34 36 35 36 36 40 45 47 48 50 51 47 39 33 31 31 25 22 29 32 33 33 33 33 31 29 28 29 29 29 31 37 50 64 73 69 59 50 46 57 71 80 82 83 85 80 71 57 35 20 15 12 10 7 2 2 0 0 0 0 0 0 0 0 
5 9 14 20 25 28 30 32 32 31 29 39 61 60 52 49 43 39 38 36 37 37 39 42 47 50 50 52 51 40 33 30 31 30 25 30 36 37 36 36 37 33 28 28 30 33 40 45 49 57 68 75 69 61 51 47 59 74 84 85 82 86 82 73 59 35 20 15 12 10 6 2 1 0 0 0 0 0 0 0 0 
4 9 14 19 25 28 29 31 31 30 28 39 60 61 53 50 45 38 36 36 37 37 38 41 45 49 49 47 51 45 36 33 33 37 39 44 46 45 44 46 46 41 34 31 38 42 49 59 66 71 77 80 74 64 54 52 60 77 85 86 85 88 86 75 61 35 19 15 11 8 4 1 1 0 1 0 0 0 0 0 0 
5 9 14 20 25 26 28 30 30 29 26 39 58 63 57 54 52 47 45 42 39 39 43 48 52 54 54 52 54 51 40 34 37 45 51 54 59 59 58 59 58 51 44 40 47 54 60 70 79 84 86 88 82 70 57 54 63 78 89 93 93 95 93 81 64 37 20 15 11 8 4 1 1 0 1 0 0 0 0 0 0 
7 10 15 20 26 27 29 28 28 25 26 44 65 70 67 64 64 60 56 46 43 43 53 63 68 68 67 68 67 61 51 39 42 53 61 65 71 74 75 77 74 64 53 51 59 68 74 82 90 95 95 95 89 75 60 57 65 85 100 103 100 103 99 85 66 39 22 15 11 6 3 2 1 1 1 0 0 0 0 0 0 
7 10 16 22 25 27 27 28 25 24 30 51 72 78 75 71 72 68 63 54 50 49 61 74 81 84 82 84 82 74 60 49 50 65 77 81 87 89 89 92 87 75 63 58 65 77 89 97 101 106 103 97 89 80 66 60 67 88 104 107 106 108 102 88 68 39 20 14 10 6 3 1 1 0 0 0 0 0 0 0 0 
8 11 17 22 25 29 29 29 28 26 33 59 80 86 86 85 86 81 73 63 57 53 71 84 92 94 94 95 94 84 68 56 54 72 88 97 101 102 101 99 93 81 67 58 65 81 97 104 107 110 108 100 89 81 70 61 70 89 103 108 109 109 103 90 67 37 19 12 9 5 3 1 1 0 0 0 0 0 0 0 0 
8 12 17 22 25 29 29 29 29 28 38 71 93 94 95 94 93 88 80 70 64 58 73 87 95 97 97 99 95 86 71 58 54 68 89 101 103 104 103 100 94 84 68 59 67 85 97 103 107 110 107 102 94 84 70 61 70 87 101 107 108 108 102 92 68 35 19 12 10 5 2 0 0 0 0 0 0 0 0 0 0 
8 12 17 22 25 28 28 29 29 26 38 78 100 96 96 95 95 93 85 72 65 58 74 88 95 96 97 99 94 86 72 57 54 68 86 94 99 102 102 102 95 84 68 59 66 84 94 99 103 104 102 103 97 86 67 57 66 84 100 106 106 106 100 90 67 33 19 12 10 4 2 0 0 0 0 0 0 0 0 0 0 
9 12 17 22 24 26 26 28 28 26 32 72 99 97 99 97 97 95 86 74 66 58 75 89 96 95 96 99 94 87 74 57 54 68 85 92 95 97 99 100 95 82 67 57 64 81 90 95 100 100 96 99 93 81 61 53 63 80 94 99 101 100 97 88 61 32 18 11 9 4 2 1 0 0 0 0 0 0 0 0 0 
8 12 18 22 24 25 26 26 28 26 30 60 90 99 99 99 96 93 85 74 66 58 74 89 95 95 94 96 93 87 74 57 53 67 84 89 93 94 94 94 92 79 61 53 59 77 92 95 97 97 95 95 85 73 59 53 58 73 85 88 87 89 89 75 56 32 18 10 10 3 1 0 0 0 0 0 0 0 0 0 0 
8 12 17 20 23 24 25 26 26 25 28 50 85 100 99 96 95 90 82 74 66 57 72 88 94 93 92 93 92 87 73 56 52 61 74 86 89 88 88 89 87 78 61 52 54 67 81 88 88 88 87 88 82 73 59 52 51 60 73 82 82 82 80 68 53 33 19 10 9 2 1 1 0 0 0 0 0 0 0 0 0 
8 12 17 18 21 24 24 25 25 25 26 44 79 99 99 95 93 87 79 73 65 56 70 82 90 90 88 89 92 85 70 56 51 57 70 81 85 86 85 82 80 75 60 52 54 59 72 79 80 81 81 80 78 72 59 46 43 50 65 77 79 78 71 64 50 30 17 10 9 1 1 1 0 0 0 0 0 0 0 0 0 
8 12 17 18 21 24 24 24 25 25 25 38 67 93 97 95 92 84 75 71 64 53 64 77 85 87 87 87 87 79 68 56 49 56 68 77 80 81 80 74 71 67 57 50 51 57 68 77 77 76 78 75 69 66 56 45 42 49 63 72 73 71 65 56 39 23 15 9 7 1 1 1 0 0 0 0 0 0 0 0 0 
8 12 17 18 21 22 23 24 25 25 24 36 61 88 95 92 87 80 73 67 60 53 61 74 80 82 85 82 79 73 65 53 46 53 65 73 77 75 75 71 67 63 52 45 45 52 64 72 74 71 68 70 65 64 56 44 43 51 61 68 70 67 62 50 33 19 12 6 6 1 1 0 0 0 0 0 0 0 0 0 0 
8 12 17 18 21 22 23 24 26 26 24 34 59 86 93 86 84 77 68 63 54 51 60 72 78 80 80 77 74 71 60 51 44 49 61 70 71 72 71 68 66 59 50 44 42 47 60 67 68 66 63 63 60 61 54 44 42 50 60 67 67 65 61 46 29 18 11 6 6 2 1 0 0 0 0 0 0 0 0 0 0 
7 11 16 18 21 23 23 25 27 28 25 33 62 94 95 81 79 73 65 59 52 46 54 68 77 77 77 73 71 66 57 50 43 47 59 65 67 67 66 65 63 56 46 43 41 45 58 64 63 60 58 59 59 57 50 43 43 51 61 71 72 65 61 47 28 17 12 6 5 2 1 0 0 0 0 0 0 0 0 0 0 
7 11 16 18 21 23 23 26 29 29 25 33 62 100 100 78 72 66 61 56 49 44 49 60 66 67 67 67 65 61 54 47 43 44 52 60 63 63 63 61 60 53 45 41 41 43 52 58 56 53 56 57 56 54 47 44 43 53 67 74 74 68 62 49 30 19 12 6 5 1 1 0 0 0 0 0 0 0 0 0 0 
7 9 14 18 22 23 23 26 27 28 26 29 68 111 110 75 65 62 59 52 50 46 45 53 58 61 62 61 61 60 53 46 41 41 50 58 60 60 60 58 58 54 47 41 40 43 48 55 55 52 54 54 52 52 47 45 45 57 73 79 75 68 64 50 32 19 10 5 4 1 1 0 0 0 0 0 0 0 0 0 0 
5 8 12 18 22 23 24 26 27 29 28 28 72 130 129 77 60 59 58 51 49 46 45 51 58 59 59 59 60 59 52 44 40 41 48 57 58 59 59 58 58 54 47 41 40 41 47 53 55 54 56 54 52 51 49 46 46 59 75 81 76 71 64 49 32 18 9 4 3 1 0 0 0 0 0 0 0 0 0 0 0 
4 7 11 18 22 23 24 27 29 29 28 27 66 129 139 87 58 54 54 50 47 43 44 47 54 56 57 59 59 58 51 41 39 39 46 53 57 58 58 57 57 55 47 40 38 40 46 52 54 54 57 57 54 54 51 45 46 59 75 82 79 73 65 47 32 17 8 3 2 0 0 0 0 0 0 0 0 0 0 0 0 
4 7 11 17 22 22 24 29 29 29 28 27 55 120 145 96 59 54 53 50 44 43 44 45 52 56 58 59 58 58 51 40 37 39 45 52 56 57 58 58 57 55 47 39 37 39 44 51 53 52 55 58 55 54 51 45 46 59 76 88 80 75 68 47 32 17 7 3 2 0 0 0 0 0 0 0 0 0 0 0 0 
3 5 10 16 19 22 25 30 29 29 28 26 47 110 151 112 64 53 54 51 44 43 44 45 54 57 57 59 57 55 50 39 36 38 44 52 56 56 57 56 54 54 47 39 38 41 45 52 55 53 57 61 58 55 52 47 49 59 74 87 78 73 66 44 29 14 5 3 2 0 0 0 0 0 0 0 0 0 0 0 0 
2 5 10 16 20 22 25 30 30 29 29 27 40 96 146 122 69 53 52 50 46 44 44 47 55 57 57 57 54 55 50 39 36 38 45 53 56 56 56 54 52 52 47 39 39 43 46 53 58 57 59 62 60 57 53 47 50 59 73 85 79 72 64 42 26 12 5 2 2 0 0 0 0 0 0 0 0 0 0 0 0 
2 4 9 13 18 21 24 29 30 29 29 28 32 82 137 127 74 53 51 50 46 44 44 48 54 58 58 54 53 53 49 40 36 37 44 52 56 55 55 53 52 51 46 40 39 42 45 53 58 59 61 60 59 57 53 49 49 58 72 85 79 71 63 43 25 12 6 2 2 0 0 0 0 0 0 0 0 0 0 0 0 
3 4 8 12 16 19 24 29 30 29 29 29 30 67 127 131 84 53 50 50 45 41 44 50 53 57 57 53 53 53 49 42 36 37 43 50 54 55 55 53 52 50 46 42 39 42 45 53 58 58 60 60 59 57 53 49 47 54 68 81 77 67 59 40 24 12 6 2 2 0 0 0 0 0 0 0 0 0 0 0 0 
2 3 9 12 15 19 25 27 29 29 28 29 28 59 114 133 89 53 51 49 43 40 43 49 53 57 55 53 54 52 47 42 37 37 42 49 53 55 54 52 53 52 47 43 41 40 45 52 56 57 58 59 59 56 50 46 46 54 67 77 73 66 58 38 22 10 4 2 2 0 0 1 1 0 0 0 0 0 0 0 0 
2 3 11 14 15 19 24 27 30 29 29 29 28 57 114 133 89 52 52 49 43 40 43 49 53 57 54 53 54 51 47 40 37 37 40 49 52 54 53 51 53 53 47 43 40 39 45 52 58 58 56 58 59 58 51 46 45 53 62 72 71 62 54 35 21 8 3 2 2 0 0 1 1 0 0 0 0 0 0 0 0 
1 5 16 17 18 18 22 26 30 30 29 30 28 51 110 132 88 51 52 49 43 39 42 47 52 57 54 52 53 52 46 40 37 37 40 46 52 52 51 50 53 53 47 43 39 39 46 54 60 59 57 58 60 58 51 45 44 50 58 66 66 57 46 30 18 6 4 1 1 1 1 1 1 0 0 0 0 0 0 0 0 
1 10 19 21 21 19 22 27 30 30 30 31 29 45 100 129 88 49 49 46 42 38 40 45 51 55 55 53 53 51 45 39 36 36 39 45 51 53 51 50 53 52 47 43 38 38 45 53 60 60 59 58 59 58 50 45 43 45 52 60 61 51 43 26 17 6 3 1 1 1 1 1 1 0 0 0 0 0 0 0 0 
2 15 25 26 24 22 24 26 29 30 30 31 29 40 88 125 92 46 46 45 42 38 40 44 50 54 54 52 51 50 45 37 33 33 37 45 51 53 51 51 53 52 46 43 38 39 45 52 59 60 59 58 59 57 50 45 40 43 48 57 57 45 37 24 12 5 2 1 1 1 1 1 1 0 0 0 0 0 0 0 0 
3 15 27 32 36 24 24 25 29 30 30 30 28 39 81 118 90 47 45 46 42 37 39 44 50 53 52 51 49 47 44 38 32 32 38 44 51 52 51 51 53 52 46 42 38 39 45 52 59 60 59 59 60 60 53 45 40 40 45 51 50 40 30 19 12 4 2 1 1 1 1 1 1 0 0 0 0 0 0 0 0 
4 13 27 38 39 24 25 26 29 30 30 29 25 37 79 116 91 49 45 45 42 38 38 44 50 51 51 50 46 45 42 37 33 34 39 43 50 52 51 51 52 52 47 43 38 37 43 52 58 61 60 60 60 59 52 45 39 37 40 44 40 34 26 12 9 3 1 1 1 1 1 1 1 0 0 0 0 0 0 0 0 
4 13 30 38 43 24 29 28 29 30 29 29 24 35 78 116 97 50 45 45 42 40 42 43 50 52 51 50 46 44 40 37 36 37 39 43 47 50 50 51 51 50 47 41 38 38 42 51 55 58 59 57 57 54 51 45 38 36 38 39 33 27 19 10 7 2 1 1 1 1 1 1 1 0 0 0 0 0 0 0 0 
5 11 22 37 45 25 31 28 28 30 28 28 24 35 77 118 90 50 45 44 42 39 42 44 48 50 49 47 45 43 39 36 33 36 38 42 46 48 51 52 51 47 45 40 38 38 42 49 53 57 59 54 52 52 51 46 38 34 34 33 26 25 18 9 6 2 1 0 0 0 0 1 1 0 0 0 0 0 0 0 0 
6 6 13 32 45 26 30 26 28 29 28 29 24 33 77 110 80 46 44 44 42 39 42 45 46 47 47 47 45 43 39 36 33 36 38 42 44 46 47 50 48 45 43 40 38 38 40 45 51 53 55 51 47 48 48 44 39 34 34 31 24 26 17 10 6 2 1 0 0 0 0 1 1 0 0 0 0 0 0 0 0 
7 5 8 29 46 27 30 26 26 28 28 29 25 33 74 102 73 46 45 43 40 40 40 42 44 44 46 46 44 42 38 35 32 33 36 39 42 43 43 44 45 43 40 38 37 36 38 42 47 47 50 47 45 43 42 40 38 38 37 31 24 26 18 9 6 1 1 0 0 1 1 1 1 1 1 0 0 0 0 0 0 
22 18 19 31 46 29 38 33 28 29 29 30 28 33 72 99 71 44 41 40 39 38 39 40 42 44 44 43 40 39 37 33 31 31 33 37 40 40 40 42 43 43 40 37 35 33 37 39 43 44 44 44 42 39 38 36 36 35 32 29 25 22 16 8 5 2 1 1 0 1 1 1 1 1 1 0 0 0 0 0 0 
37 38 39 49 54 33 43 42 33 31 30 31 28 35 66 94 77 43 38 39 39 38 39 38 40 40 40 41 40 39 36 32 31 31 31 33 37 37 37 38 39 39 38 36 33 31 35 38 38 39 40 38 37 36 35 32 32 32 30 29 26 19 14 9 5 2 1 1 1 0 1 1 1 1 1 1 1 0 0 0 0 
35 39 54 75 81 43 50 47 37 33 31 31 29 36 64 88 73 40 34 41 39 38 39 39 38 38 38 38 37 36 33 31 30 29 29 31 33 35 35 36 37 36 36 33 31 30 31 33 36 35 36 35 33 32 31 30 31 32 30 29 26 19 14 8 4 1 1 0 1 1 1 1 1 1 1 1 1 0 0 0 0 
21 35 65 103 113 56 60 55 41 37 33 32 30 37 60 81 66 38 33 40 39 40 38 37 37 37 37 36 34 33 32 30 30 28 29 30 30 32 32 32 32 32 33 30 29 29 29 31 32 32 32 31 31 30 30 30 30 31 31 29 26 19 14 8 4 1 1 0 0 1 1 1 1 1 1 1 1 0 0 0 0 
19 37 70 122 130 71 65 59 51 43 37 33 31 39 57 70 58 38 36 40 40 45 40 37 36 36 34 33 34 32 31 30 29 28 29 29 28 30 30 29 29 29 28 28 28 28 28 29 30 30 29 29 29 30 30 30 30 31 31 30 26 19 14 8 4 1 1 0 0 1 1 1 1 1 1 1 1 0 0 0 0 
44 47 71 102 106 51 53 57 53 45 37 33 31 38 54 68 54 39 37 39 42 40 38 36 33 33 33 31 32 31 30 30 28 28 28 28 28 28 28 28 28 28 26 28 28 28 28 29 29 29 29 29 29 29 29 30 30 30 30 31 29 21 15 9 4 1 1 1 1 0 0 0 0 0 0 0 0 0 0 0 0 
52 51 70 90 94 51 53 58 58 46 37 33 32 37 49 62 52 40 38 38 39 38 37 36 33 33 33 31 31 30 28 29 28 26 26 26 28 28 28 28 28 28 28 28 28 28 28 29 29 29 28 28 29 29 29 29 30 30 30 27 23 18 16 10 3 1 1 0 0 0 0 0 0 0 0 0 0 0 0 0 0 
56 54 70 84 84 47 50 57 59 49 38 35 33 36 43 53 46 44 38 38 38 38 37 36 34 31 30 30 30 29 26 26 26 26 26 26 28 28 28 28 28 28 28 28 28 28 28 29 28 28 28 28 29 29 29 30 30 30 30 24 16 16 10 5 3 1 1 0 0 0 0 0 0 0 0 0 0 0 0 0 0 
59 58 67 78 75 44 46 56 59 51 39 36 35 37 40 45 46 44 36 37 37 37 36 36 33 31 30 29 29 28 26 26 26 25 26 26 28 28 28 28 28 28 28 28 28 28 28 28 28 28 28 28 28 29 29 30 30 30 29 23 17 15 9 4 3 1 1 0 0 0 0 0 0 0 0 0 0 0 0 0 0 
60 59 67 71 66 40 43 54 61 54 42 37 36 38 40 43 47 43 32 33 35 36 36 35 32 31 31 29 29 28 26 26 26 26 26 26 28 28 28 28 28 28 28 28 28 28 28 28 28 28 28 28 29 29 29 30 30 30 29 23 17 15 9 3 1 1 1 0 0 0 0 0 0 0 0 0 0 0 0 0 0 
59 59 67 70 61 38 42 54 60 56 45 38 36 37 40 44 47 43 32 32 32 34 34 33 31 31 31 30 28 28 28 26 26 26 26 26 28 28 28 28 28 28 28 28 28 28 28 28 28 28 28 28 29 29 29 30 30 30 29 23 17 14 9 3 1 1 1 0 0 0 0 0 0 0 0 0 0 0 0 0 0 
59 59 68 72 60 35 36 50 60 60 50 42 37 37 39 43 46 40 30 30 30 30 30 30 31 31 29 28 28 28 28 26 28 28 28 28 28 28 28 28 28 28 28 28 28 28 28 28 28 28 28 28 29 29 29 30 30 30 29 23 17 14 8 3 1 2 1 0 0 0 0 0 0 0 0 0 0 0 0 0 0 
60 59 70 75 60 29 31 49 63 66 58 45 37 37 39 43 45 39 30 29 29 29 29 30 30 29 29 29 26 26 26 26 28 28 28 29 28 28 28 28 28 28 28 28 28 28 28 28 28 28 28 28 29 29 29 30 31 30 30 24 18 14 8 3 1 2 1 0 0 0 0 0 0 0 0 0 0 0 0 0 0 
59 58 70 78 61 25 30 50 67 76 65 45 36 36 38 43 46 39 29 28 28 26 28 29 29 29 29 28 25 25 26 26 26 28 28 29 28 29 29 29 29 29 29 29 29 28 28 28 28 28 28 28 29 29 29 30 30 30 30 25 20 15 9 2 1 1 1 1 1 0 0 0 0 0 0 0 0 0 0 0 0 
59 57 68 80 60 25 29 49 71 80 67 45 35 36 38 43 45 37 29 26 26 26 26 28 29 29 28 28 25 25 26 26 26 26 28 28 28 29 29 29 29 29 29 29 29 29 29 28 28 28 28 28 29 29 29 30 30 30 30 25 20 15 8 2 1 1 1 1 1 0 0 0 0 0 0 0 0 0 0 0 0 
58 54 68 81 60 24 26 47 73 86 72 46 35 35 37 41 44 36 27 27 27 27 27 28 28 29 29 28 25 26 26 26 26 25 26 29 29 29 29 29 29 29 29 29 29 28 28 28 28 28 29 29 29 29 29 30 30 30 30 26 20 15 8 2 1 1 1 1 1 0 0 0 0 0 0 0 0 0 0 0 0 
59 54 68 81 60 26 23 44 73 91 75 46 36 35 36 39 43 36 27 26 26 26 26 26 28 29 28 26 26 25 26 26 25 26 26 27 29 29 29 29 29 29 29 29 29 28 28 28 28 29 29 29 30 30 30 32 32 31 30 27 22 15 9 2 1 1 1 1 1 0 0 0 0 0 0 0 0 0 0 0 0 
58 54 68 80 59 28 25 46 79 96 78 49 37 35 35 39 44 38 30 26 24 25 25 26 27 26 25 25 25 24 25 25 26 27 27 27 29 29 29 29 29 29 29 29 29 28 28 28 28 28 29 29 29 30 30 32 31 31 31 27 22 15 9 3 1 1 1 1 1 0 0 0 0 0 0 0 0 0 0 0 0 
58 56 68 80 60 28 29 60 88 96 78 49 38 32 33 37 43 41 33 26 25 26 25 25 26 25 25 25 25 24 25 25 25 27 27 27 29 29 29 29 29 29 29 29 29 28 28 28 28 28 28 29 29 30 30 31 31 31 31 27 22 16 10 3 1 1 1 1 1 0 0 0 0 0 0 0 0 0 0 0 0 
58 57 68 81 58 26 32 64 86 89 74 50 40 33 32 33 40 45 39 31 29 26 25 26 27 26 26 26 25 25 26 26 26 27 29 27 29 29 29 29 29 29 29 29 29 28 28 28 28 29 29 29 29 29 29 31 31 30 30 29 22 15 8 2 1 1 1 1 1 0 0 0 0 0 0 0 0 0 0 0 0 
58 57 70 80 58 26 35 68 85 81 68 52 42 36 33 33 39 47 41 33 31 28 28 27 29 27 27 25 25 26 26 26 26 29 29 29 29 29 29 29 29 29 29 29 29 28 28 28 28 29 28 28 29 29 29 31 31 30 30 29 22 13 8 2 1 1 1 1 1 0 0 0 0 0 0 0 0 0 0 0 0 
56 60 73 79 56 26 37 69 83 78 64 51 49 42 37 35 39 44 39 35 31 30 29 28 28 29 29 27 27 29 29 29 29 29 29 29 29 29 29 30 30 30 30 29 30 30 30 29 29 29 29 29 28 29 29 30 31 30 31 29 21 13 6 2 1 1 1 1 1 1 1 0 0 0 0 0 0 0 0 0 0 
56 61 75 72 51 26 37 67 79 71 54 46 45 42 38 35 37 36 37 33 31 30 29 28 28 29 29 27 29 30 29 29 29 30 29 29 29 30 30 30 30 30 30 30 30 30 30 29 29 29 29 29 30 30 30 31 31 31 32 30 19 11 5 1 1 1 1 1 1 1 1 0 0 0 0 0 0 0 0 0 0 
55 59 68 61 40 26 38 66 74 65 50 40 42 42 39 36 35 34 34 32 31 30 29 28 28 28 28 28 29 29 29 29 29 29 29 29 30 30 30 29 30 30 30 29 30 30 30 30 30 29 30 31 32 31 31 30 30 31 32 31 19 10 4 1 1 0 1 1 1 1 1 0 0 0 0 0 0 0 0 0 0 
54 57 61 47 31 28 36 62 71 63 51 42 40 39 38 36 33 33 33 31 31 30 30 29 29 29 29 29 30 29 30 30 30 31 30 30 31 31 32 30 30 31 31 31 30 31 31 31 31 31 31 32 32 33 32 32 32 33 35 31 22 12 4 1 1 0 1 1 1 1 1 0 0 0 0 0 0 0 0 0 0 
56 58 59 43 25 28 33 54 66 63 51 41 39 38 37 32 32 32 33 34 34 32 32 31 31 31 31 31 30 31 32 32 33 33 33 33 32 31 31 32 32 34 34 33 32 33 33 32 31 31 31 31 32 32 32 33 35 35 36 34 25 14 6 1 1 1 1 1 1 1 1 0 0 0 0 0 0 0 0 0 0 
57 62 61 46 30 29 31 51 62 61 52 40 37 39 37 32 32 32 36 36 36 33 33 32 32 32 32 32 32 33 34 34 34 33 34 34 34 33 33 33 35 36 37 36 35 36 36 33 32 32 32 32 32 33 33 33 36 36 36 36 26 16 8 2 1 1 1 1 1 1 1 0 0 0 0 0 0 0 0 0 0 
60 65 65 53 33 31 32 47 58 60 52 40 35 40 38 32 31 33 36 36 37 36 35 35 35 35 35 35 36 35 36 37 36 35 36 36 36 37 38 37 37 36 37 37 37 37 36 36 35 35 35 35 35 36 36 36 38 38 38 36 29 18 10 4 3 1 1 0 0 0 0 0 0 0 0 0 0 0 0 0 0 
65 68 64 50 34 33 32 45 56 59 52 40 32 40 37 31 31 32 36 37 38 37 37 37 37 37 37 36 37 36 36 38 38 37 37 38 38 38 38 39 39 38 38 38 38 39 39 38 38 38 38 38 38 38 38 38 38 39 39 39 35 24 10 4 3 1 1 0 0 0 0 0 0 0 0 0 0 0 0 0 0 
66 68 59 44 32 32 32 44 52 56 51 42 35 38 35 32 31 33 36 37 38 38 38 39 39 38 38 38 37 38 38 38 38 39 38 39 39 38 38 39 39 39 39 40 39 40 40 39 39 39 40 40 42 40 40 40 40 40 39 39 37 24 11 6 4 1 1 0 0 0 0 0 0 0 0 0 0 0 0 0 0 
67 64 50 39 32 33 33 42 47 52 52 46 40 38 33 33 32 34 38 39 40 38 38 39 39 39 38 38 39 38 39 39 39 39 39 39 39 39 39 39 40 40 40 40 40 40 40 39 39 40 42 42 43 43 42 42 42 42 40 39 35 22 11 6 4 1 1 0 0 0 0 0 0 0 0 0 0 0 0 0 0 
68 60 43 35 31 32 36 43 50 61 61 54 45 39 35 30 31 36 39 39 40 40 39 38 39 39 39 39 39 39 39 39 39 39 40 40 39 39 39 40 40 40 40 40 40 40 40 40 40 42 43 43 43 43 42 42 42 42 40 39 36 24 12 5 3 1 1 0 0 0 0 0 0 0 0 0 0 0 0 0 0 
69 58 40 32 31 33 38 46 56 71 73 59 45 37 32 28 33 44 42 38 39 39 39 39 39 40 39 39 39 39 39 39 39 40 40 40 39 39 39 40 40 40 40 40 40 40 40 40 40 40 43 42 42 42 42 43 43 42 40 39 38 25 14 6 3 1 1 0 0 0 0 0 0 0 0 0 0 0 0 0 0 
70 58 40 36 34 35 37 45 54 67 77 73 51 36 32 31 43 54 47 40 39 38 39 41 39 40 40 41 40 40 40 39 39 40 41 40 40 39 39 40 40 40 40 40 40 40 40 40 40 40 43 43 43 43 42 42 42 42 40 42 39 26 14 8 4 1 1 0 0 0 0 0 0 0 0 0 0 0 0 0 0 
67 55 40 38 36 35 35 40 49 59 71 77 64 45 39 42 46 43 46 48 38 40 38 39 40 40 40 41 40 40 40 39 39 41 41 40 40 40 39 40 40 40 40 40 40 40 40 40 40 40 42 42 43 43 42 42 42 42 40 42 39 29 16 8 4 1 1 1 1 0 0 0 0 0 0 0 0 0 0 0 0 
57 49 37 37 37 38 37 38 43 53 60 75 84 59 45 56 59 40 44 48 45 42 39 38 39 40 40 41 40 39 39 39 39 40 40 40 40 40 40 40 40 40 40 40 40 40 40 40 40 42 42 42 42 42 42 42 42 40 40 40 39 31 18 9 4 1 1 1 1 1 1 0 0 0 0 0 0 0 0 0 0 
46 39 36 37 38 42 38 37 42 53 63 95 114 73 57 87 118 103 73 46 38 42 40 42 39 40 40 41 41 40 40 39 39 40 40 40 40 40 40 40 40 40 40 40 40 40 40 40 40 40 42 42 42 42 42 42 42 42 40 40 38 31 19 9 4 1 1 0 1 1 1 0 0 0 0 0 0 0 0 0 0 
61 45 37 37 39 45 39 32 33 49 88 125 134 64 77 156 201 171 128 75 39 45 43 42 39 39 40 40 40 40 40 40 40 40 40 40 40 40 40 40 39 39 40 40 40 40 40 40 40 40 40 40 42 42 42 43 43 43 41 40 39 33 23 11 6 3 2 0 0 0 0 0 0 0 0 0 0 0 0 0 0 
57 43 37 39 43 45 40 32 31 61 97 132 135 71 92 189 252 247 203 138 84 52 44 42 39 39 39 41 41 40 40 40 40 40 40 40 40 40 40 40 40 39 40 40 40 40 40 40 40 40 40 40 40 40 40 43 43 43 43 40 40 35 23 12 6 3 2 0 0 0 0 0 0 0 0 0 0 0 0 0 0 
61 40 36 38 42 42 42 30 39 94 157 185 171 130 110 189 250 252 238 214 139 57 42 42 40 40 39 40 40 40 40 40 40 40 40 40 40 40 40 40 40 40 40 40 40 40 40 40 40 40 40 40 40 42 42 42 42 43 44 40 39 36 25 12 6 4 2 1 1 0 0 0 0 0 0 0 0 0 0 0 0 
59 37 33 37 39 39 40 36 66 137 213 240 215 169 131 185 251 251 248 247 173 72 42 43 40 40 40 40 40 40 40 40 40 40 40 40 40 40 40 40 40 40 40 40 40 40 40 40 40 40 40 40 40 40 40 42 42 43 43 39 39 38 25 12 8 4 2 1 1 0 0 0 0 0 0 0 0 0 0 0 0 
54 37 33 37 40 40 39 42 93 186 251 254 223 151 121 162 230 249 251 251 196 101 47 42 42 40 40 40 40 40 40 40 40 40 40 40 40 40 40 40 40 40 40 40 40 40 40 40 40 40 40 40 40 42 42 42 42 43 41 41 43 38 26 14 9 4 2 1 1 0 0 0 0 0 0 0 0 0 0 0 0 
53 38 36 37 39 40 38 44 103 202 253 250 211 135 118 152 202 237 250 250 212 123 58 42 42 42 40 40 40 40 40 40 40 40 40 40 40 40 40 40 40 40 40 40 40 40 40 40 40 40 40 40 40 40 40 42 42 41 41 41 43 39 30 16 9 4 2 1 1 0 0 0 0 0 0 0 0 0 0 0 0 
53 39 37 39 43 40 40 45 110 201 238 228 217 162 150 164 189 219 236 246 222 138 66 44 44 42 40 40 40 40 40 40 40 40 40 40 40 40 40 40 40 40 40 40 40 40 40 40 40 40 40 40 40 40 40 42 42 43 43 41 41 39 32 18 9 4 2 1 1 1 1 1 1 1 0 0 0 0 0 0 0 
53 39 37 40 44 41 45 45 108 193 214 220 228 196 181 172 188 198 209 231 214 146 68 43 44 42 40 40 40 40 40 40 40 40 40 40 40 40 40 40 40 40 40 40 40 40 40 40 40 40 40 40 40 40 40 42 43 43 43 41 41 38 31 19 10 4 3 1 1 1 1 1 1 1 0 0 0 0 0 0 0 
51 38 38 40 40 38 46 100 152 189 200 195 212 221 222 233 222 199 182 196 203 149 72 42 43 42 40 40 40 40 40 40 40 40 40 40 40 40 40 40 40 40 40 40 40 40 40 40 40 40 40 40 42 42 42 44 43 43 43 42 42 39 31 18 10 4 2 1 0 1 1 1 1 0 1 1 1 0 0 0 0 
50 39 38 39 38 39 43 93 153 188 192 206 238 246 245 246 236 213 186 190 190 152 77 40 43 42 40 42 42 40 40 40 40 40 40 40 40 40 40 40 40 40 40 40 40 40 40 40 40 40 40 40 42 42 42 44 44 43 43 42 42 39 31 18 9 3 2 0 0 1 1 1 1 1 1 1 1 0 0 0 0 
48 39 39 39 39 40 40 78 143 185 198 226 248 246 246 242 231 229 204 180 173 145 77 40 44 42 40 42 42 40 40 40 40 40 40 40 40 40 40 40 40 40 40 40 40 40 40 40 40 40 40 40 42 42 42 44 44 44 44 43 43 40 32 21 10 4 2 1 1 1 1 1 1 1 1 1 1 0 0 0 0 
45 39 39 39 40 40 41 71 132 172 189 219 242 246 246 238 231 230 209 185 164 134 72 40 42 40 40 42 42 40 40 40 40 40 40 40 40 40 40 40 40 40 40 40 40 40 40 40 40 40 40 40 42 42 42 44 44 44 44 43 44 40 35 24 11 4 2 1 1 1 1 1 1 1 1 1 1 0 0 0 0 
40 39 39 39 39 39 43 68 130 174 191 208 230 245 245 243 236 231 214 194 174 129 72 40 39 42 40 42 42 40 40 40 40 40 40 40 40 40 40 40 40 40 40 40 40 40 40 40 40 40 40 40 42 42 42 43 43 43 43 42 43 41 39 26 12 5 3 1 1 1 1 1 1 1 1 1 1 0 0 0 0 
40 39 39 39 39 40 45 71 139 194 203 202 220 242 245 241 234 223 212 200 166 115 66 44 39 42 40 42 42 40 40 40 40 40 40 40 40 40 40 40 40 40 40 40 40 40 40 40 40 40 40 40 42 42 42 43 43 44 44 43 44 43 40 30 15 6 4 1 1 1 1 1 1 1 1 1 1 0 0 0 0 
39 39 39 40 40 43 47 79 150 218 224 211 223 238 241 237 234 229 224 210 173 106 52 45 41 40 40 40 40 40 40 40 40 40 40 40 40 40 40 40 40 40 40 40 40 40 40 42 42 42 42 42 42 42 42 43 43 43 44 43 43 42 39 31 16 6 3 1 1 1 1 1 1 1 1 1 1 0 0 0 0 
39 39 40 40 44 47 51 81 144 204 220 216 224 224 224 227 235 241 240 222 175 99 52 46 43 40 40 40 40 40 40 40 40 40 40 40 40 40 40 40 40 40 40 40 42 42 42 42 42 42 42 42 42 43 43 43 44 43 44 43 43 42 39 30 15 6 3 1 1 1 1 1 1 1 1 1 1 0 0 0 0 
38 39 40 42 45 58 49 74 136 197 216 221 247 249 247 244 235 245 246 221 202 104 52 44 40 40 39 40 40 40 40 40 40 40 40 40 40 40 40 40 40 40 40 40 42 42 42 43 43 43 43 43 43 43 43 43 43 43 43 42 43 42 38 28 13 6 3 1 0 1 1 1 1 1 1 0 0 0 0 0 0 
38 39 39 43 46 46 43 73 141 195 213 223 248 248 241 234 238 243 231 213 187 73 33 45 40 40 39 39 39 39 39 39 39 39 39 39 40 40 40 40 40 40 40 40 42 42 42 43 43 43 43 43 43 43 43 43 43 42 43 43 43 42 39 29 12 5 3 1 1 1 1 1 1 1 1 1 0 0 0 0 0 
38 39 39 40 43 43 39 72 143 199 216 229 251 245 247 242 247 247 237 210 178 61 46 45 40 40 38 39 38 39 39 39 39 39 39 39 40 40 40 40 40 40 42 42 42 43 43 43 44 43 43 43 44 44 43 44 43 42 43 43 43 42 40 33 16 4 2 1 1 0 0 1 1 1 1 1 0 0 0 0 0 
38 38 39 42 44 44 39 78 155 220 242 221 248 243 249 246 248 244 236 216 164 52 44 44 40 40 38 39 38 39 39 39 39 39 39 39 40 40 40 40 40 40 40 40 42 42 42 43 42 42 42 42 43 43 42 43 43 40 40 42 43 43 42 38 26 13 6 2 1 0 0 1 1 1 1 1 0 0 0 0 0 
38 38 39 39 42 38 31 71 151 221 243 200 207 214 218 217 222 220 220 199 148 46 42 43 40 43 40 39 38 39 39 39 39 39 39 39 40 39 40 40 40 40 40 42 42 42 42 42 42 40 40 42 43 43 43 43 43 43 40 42 43 43 43 43 38 28 15 8 4 2 2 1 1 1 1 1 1 1 0 0 0 
38 38 39 39 42 36 27 60 130 181 198 156 156 149 159 166 173 185 203 186 129 46 40 40 40 44 40 38 37 38 38 38 38 38 38 38 39 39 39 39 40 39 39 40 40 40 40 40 42 40 40 42 43 43 44 45 45 45 44 43 40 42 43 45 49 44 32 18 6 8 4 1 1 1 1 1 1 1 1 0 0 
38 38 39 42 44 40 29 54 110 139 143 110 115 114 121 133 133 143 169 172 118 46 40 40 39 43 40 37 37 37 37 37 37 37 37 38 38 39 39 39 39 39 39 42 42 42 42 43 43 42 44 44 44 44 44 46 47 48 50 47 45 43 46 50 56 53 50 39 18 23 12 6 4 2 1 2 1 1 1 0 0 
39 40 40 43 45 47 39 56 114 128 122 110 114 111 131 137 124 125 151 155 111 46 39 38 36 39 38 37 37 37 37 37 37 37 37 37 38 38 38 38 39 39 39 39 42 42 42 42 42 42 44 45 45 46 51 65 78 82 80 71 59 72 64 59 54 53 60 54 33 42 25 17 11 5 2 1 1 1 0 0 1 
42 42 43 43 44 51 40 58 128 157 130 130 167 188 203 195 180 172 178 145 74 46 39 37 32 37 37 37 37 37 37 37 37 37 37 37 37 38 38 38 38 39 39 38 39 43 45 49 53 56 56 55 54 64 79 101 125 138 135 117 101 70 50 54 54 54 54 53 56 49 39 36 26 16 6 4 2 2 2 1 1 
42 43 43 43 46 49 49 60 123 165 153 160 196 217 235 228 195 177 198 172 87 45 39 36 33 36 36 37 37 37 37 37 37 37 37 37 37 37 37 37 37 39 39 43 50 59 71 84 94 100 96 86 85 104 130 150 165 172 168 150 137 124 104 89 71 63 56 54 56 53 50 45 39 31 19 10 5 3 3 1 1 
40 41 41 42 42 46 52 65 122 174 177 193 228 244 248 246 231 222 231 188 97 41 37 37 34 35 36 38 38 36 36 36 36 36 36 37 38 38 37 36 38 42 52 68 85 101 117 136 150 155 146 131 132 150 163 163 160 159 159 157 155 155 157 137 106 87 82 80 82 75 61 54 53 49 38 24 13 6 4 2 2 
38 39 39 38 39 39 38 46 102 171 206 235 248 244 248 248 247 246 245 205 109 36 34 36 36 35 35 36 36 35 35 35 35 35 35 37 37 38 38 39 45 59 82 108 129 148 160 174 188 191 180 169 167 169 165 151 137 130 131 136 141 144 157 157 141 127 127 124 129 120 100 79 68 58 44 25 13 4 4 3 2 
33 35 35 33 32 31 28 45 109 186 226 248 250 245 247 248 248 249 248 208 118 32 32 33 35 35 33 33 33 33 33 33 33 33 33 36 37 36 38 43 54 81 114 137 155 166 170 173 178 180 173 163 155 149 136 121 104 96 97 103 103 114 134 150 155 162 164 167 171 156 134 111 93 72 51 29 14 4 4 4 4 
35 32 32 33 35 36 39 60 122 192 223 243 248 247 247 248 249 250 244 193 116 32 32 33 33 32 32 32 32 32 32 32 32 32 32 34 36 35 37 44 68 102 130 144 149 149 146 144 142 137 131 127 117 111 106 95 85 82 85 85 81 88 107 127 146 170 179 192 200 178 157 134 115 93 66 38 19 5 4 4 3 
33 31 31 32 32 34 36 57 113 174 209 235 248 246 245 245 248 249 237 173 99 31 31 31 32 31 31 31 31 31 31 31 31 31 31 32 33 35 37 47 80 115 135 138 131 123 123 124 116 100 91 92 86 85 86 84 81 79 79 77 75 75 82 95 117 144 162 181 194 178 160 138 120 100 80 54 37 9 4 3 3 
32 32 31 30 28 24 25 47 93 144 192 222 236 248 243 236 245 237 206 144 92 31 31 30 31 31 31 30 30 30 30 30 30 30 31 31 32 35 37 49 85 125 139 132 125 121 117 116 106 87 74 71 70 71 72 74 73 70 67 67 66 68 68 71 85 106 124 146 160 155 142 123 107 94 89 75 53 10 4 4 3 
32 31 30 30 31 30 30 37 61 107 145 190 214 229 231 241 241 214 174 111 67 30 30 30 30 29 29 30 30 30 29 29 29 29 30 31 33 33 37 62 108 135 138 128 122 118 111 103 89 73 61 57 57 58 59 61 63 62 57 53 56 54 57 60 66 79 94 109 128 109 106 93 90 89 85 80 50 18 4 3 3 
42 43 45 42 39 39 39 41 52 86 129 168 189 217 219 217 215 170 125 69 44 26 28 30 29 26 28 30 31 31 31 30 31 30 30 33 34 32 40 75 123 142 135 118 104 95 89 77 64 54 46 44 43 44 46 50 53 53 50 47 49 45 50 54 57 63 73 85 97 88 88 87 85 84 81 81 53 17 4 3 3 
64 71 75 71 65 64 64 59 55 72 104 134 156 177 182 174 150 104 73 43 32 30 32 34 32 30 31 33 36 36 36 36 37 38 39 43 44 44 58 97 135 141 121 99 80 71 61 47 39 34 31 31 32 35 38 44 47 51 49 46 45 44 46 50 51 54 61 73 78 80 80 81 78 81 79 75 46 11 4 3 3 
73 80 81 77 73 72 70 64 60 61 77 92 109 116 125 118 93 64 59 61 64 65 65 65 62 59 60 59 58 58 58 59 63 66 67 68 68 79 104 139 156 143 116 96 82 71 58 43 37 33 31 31 33 37 42 46 50 52 49 45 44 44 46 51 52 53 57 65 71 72 72 72 70 74 76 73 47 15 4 3 3 
66 68 68 67 62 61 63 59 57 57 58 59 66 59 68 73 65 64 75 100 111 118 124 126 122 113 104 101 103 104 106 107 109 112 111 108 112 132 157 174 170 153 137 126 112 94 72 60 56 50 44 44 44 45 47 51 54 54 50 44 37 42 47 51 54 56 57 60 64 65 65 64 63 67 69 67 45 17 5 3 4 
51 52 51 48 47 46 47 46 46 50 50 51 52 54 60 68 77 92 106 120 132 163 174 174 164 146 130 128 135 139 139 138 138 139 133 130 139 156 172 175 160 150 150 147 132 109 88 78 71 61 54 53 53 52 52 53 54 53 49 44 42 43 45 51 54 57 57 58 59 59 59 58 58 64 64 59 40 17 6 2 3 
41 40 39 39 39 39 38 42 42 42 42 42 44 44 54 66 78 94 104 118 129 147 157 156 145 129 116 114 122 128 123 119 119 117 112 111 121 122 131 136 128 120 120 122 117 99 82 75 68 61 58 57 56 54 54 54 54 52 49 46 46 45 45 51 54 57 58 58 58 60 59 59 59 60 59 52 36 17 6 4 5 
40 38 37 38 39 38 38 38 39 38 38 38 35 25 36 50 64 75 82 94 97 101 101 100 93 86 80 81 88 88 77 74 73 71 71 73 77 71 72 79 78 72 71 75 74 66 58 52 51 52 51 51 51 50 50 51 52 51 49 50 51 46 46 50 52 54 58 57 58 59 59 59 58 60 58 47 33 18 6 4 5 
38 38 37 37 38 38 38 38 39 38 38 38 42 42 42 42 47 53 54 54 56 58 59 56 51 52 54 54 56 50 44 44 44 46 47 47 49 45 44 44 43 40 40 44 41 37 36 31 33 37 37 39 42 42 43 44 45 46 45 44 44 45 45 47 47 50 53 52 52 52 52 53 53 57 57 45 32 19 7 3 5 
38 37 38 37 37 37 37 37 39 38 38 39 40 43 43 42 43 45 44 43 44 44 43 43 42 45 47 43 42 42 42 40 40 42 40 40 42 40 38 36 35 36 33 33 33 33 32 30 31 32 33 35 36 36 36 37 38 39 39 39 40 40 40 40 41 44 46 45 45 45 46 46 47 50 50 43 33 21 8 3 5 
38 37 37 37 37 36 36 37 39 40 40 43 43 44 44 45 45 44 43 43 43 40 42 42 42 43 43 40 40 40 40 42 42 39 38 39 39 38 38 37 35 36 35 33 32 33 33 35 33 34 36 35 36 36 35 35 36 36 36 36 37 37 37 36 36 37 39 39 40 42 42 43 44 45 45 44 33 21 12 8 5 
37 37 37 37 38 37 37 38 39 41 43 43 45 45 44 46 45 43 43 43 43 42 40 40 40 40 40 39 39 39 40 42 42 39 38 38 38 38 38 37 35 35 36 36 33 33 33 33 33 32 33 32 33 32 33 33 33 35 35 35 35 34 34 33 33 33 36 36 37 37 37 39 40 40 41 38 31 24 15 10 6 
37 37 38 37 38 38 38 38 39 41 43 43 46 48 51 51 48 45 43 43 43 40 39 38 38 39 39 38 38 38 39 39 39 39 37 38 38 38 37 37 35 35 36 36 33 33 33 34 34 33 33 34 34 32 33 34 34 34 34 34 34 32 32 31 31 32 32 33 34 33 35 37 37 38 38 37 34 27 18 11 7 
37 37 37 36 37 37 37 37 38 40 40 42 47 52 67 73 61 49 39 40 38 37 38 38 37 37 37 37 38 38 38 38 38 37 37 37 37 36 35 33 35 35 33 33 32 32 33 34 34 33 33 34 34 33 33 34 34 34 34 34 34 32 31 30 30 30 30 32 32 32 32 34 36 37 37 36 34 29 20 12 9 
37 37 37 37 37 37 37 38 39 38 38 42 45 61 101 113 86 58 43 42 39 39 39 38 37 38 38 37 38 38 37 37 37 37 37 36 36 36 35 35 33 33 32 33 33 32 33 33 33 33 33 34 34 33 33 34 34 34 34 33 34 31 30 29 30 30 29 31 32 32 32 33 34 36 37 37 36 29 21 14 9 
37 37 37 37 37 37 37 38 38 37 37 39 53 84 138 155 118 66 43 42 40 41 40 38 38 39 39 38 38 38 37 37 37 37 37 36 36 36 35 35 33 33 32 33 33 32 33 33 33 33 33 34 34 33 33 34 34 34 33 33 33 31 30 29 30 30 29 31 32 32 32 33 33 36 37 38 36 30 22 14 9 
36 36 36 36 36 37 37 38 39 38 38 50 80 129 176 176 131 77 49 43 40 40 39 37 38 39 39 38 37 37 37 36 36 36 36 36 36 35 33 32 32 32 32 32 33 33 33 33 33 33 33 33 32 32 32 32 32 32 32 31 32 30 30 30 30 30 30 30 30 32 32 31 32 35 36 36 36 32 24 15 9 
36 36 36 36 37 37 37 39 39 38 40 59 100 152 189 183 143 90 58 44 39 39 39 37 37 38 39 38 37 37 36 36 36 36 36 35 35 33 33 33 32 32 32 32 32 32 32 33 33 33 33 33 33 32 32 32 32 32 32 31 32 30 30 30 30 30 30 31 31 32 32 31 32 33 35 36 35 36 29 16 9 
37 36 36 36 36 36 37 39 39 39 49 73 114 165 198 185 150 103 67 46 38 37 38 36 37 38 39 38 36 36 36 35 35 35 35 33 33 33 33 33 32 31 31 32 32 32 32 33 33 33 33 33 33 32 32 32 31 31 31 31 31 30 30 30 30 30 30 30 30 31 31 31 33 34 34 35 35 36 26 15 9 
37 36 37 37 35 33 36 38 36 37 54 87 128 171 194 182 157 117 77 52 42 36 37 36 38 39 39 37 36 36 35 35 35 35 35 33 33 33 32 32 31 31 31 31 32 32 32 32 32 32 32 32 32 31 31 31 31 31 31 30 30 30 30 30 30 30 30 30 30 31 31 31 31 33 34 35 36 36 31 21 10 
37 36 37 37 33 33 35 36 36 42 60 97 146 179 184 174 156 125 89 61 44 37 37 36 37 39 39 37 35 33 33 33 33 33 33 32 32 32 31 31 31 30 31 31 31 31 32 32 32 32 32 32 32 31 31 31 31 31 30 30 30 30 30 30 30 30 30 30 30 31 31 31 30 32 32 34 37 37 36 24 10 
37 36 37 36 35 35 36 37 40 53 77 110 152 177 174 166 150 128 99 68 47 38 38 36 37 39 39 37 33 33 33 33 33 33 33 33 33 32 32 32 31 31 31 31 31 31 31 31 31 31 31 32 32 31 31 31 30 30 30 30 30 30 30 30 30 30 30 30 30 31 31 31 30 31 32 34 38 37 37 26 11 
37 37 37 37 38 38 40 43 49 64 94 129 153 162 162 156 142 124 102 76 53 40 38 36 38 40 40 37 34 33 33 33 33 32 32 32 33 32 32 32 32 31 31 31 31 31 30 31 31 31 31 31 31 31 31 31 30 30 30 30 30 30 30 30 30 30 30 30 30 31 31 31 30 31 31 32 35 36 38 32 15 
37 37 37 38 39 39 41 46 56 72 102 136 152 152 150 143 132 123 109 86 62 45 37 36 38 40 39 37 36 35 33 33 33 33 32 32 32 31 31 31 31 30 30 30 30 30 30 31 31 31 31 31 31 31 31 31 30 30 30 30 30 30 30 30 30 30 30 30 30 31 31 30 30 31 32 32 35 36 37 32 17 
35 36 37 38 39 40 43 46 57 82 111 132 139 139 136 125 118 115 106 86 64 47 37 36 37 40 40 37 36 35 33 32 33 32 32 32 32 31 31 31 30 30 30 30 29 29 30 30 31 31 31 31 31 30 30 30 30 30 30 30 30 29 30 30 30 30 30 30 30 30 30 30 30 30 31 31 33 37 37 31 18 
36 37 37 38 39 39 42 51 70 96 117 122 116 114 111 107 104 103 97 84 65 51 43 38 37 38 39 39 37 35 33 32 32 32 32 32 32 31 31 31 30 30 30 29 30 30 29 30 30 30 30 31 31 30 30 30 29 29 29 29 29 29 29 29 29 30 30 30 30 30 30 30 30 31 31 31 32 36 37 32 19 
36 36 35 36 36 38 40 59 82 101 111 111 104 101 99 94 92 92 90 82 68 57 47 40 37 35 35 37 36 35 35 35 33 32 32 31 31 31 31 31 31 31 30 30 30 30 29 30 30 30 30 30 30 30 30 30 29 29 29 29 29 28 29 29 29 30 30 30 30 30 30 30 30 31 31 31 32 33 36 33 22 
36 36 35 35 37 37 50 71 89 100 104 103 100 96 93 87 80 79 79 78 71 59 47 40 36 32 33 35 35 35 35 33 33 32 32 31 31 31 31 31 31 31 30 30 30 30 29 30 30 30 30 30 30 30 30 29 29 29 28 28 28 28 28 29 29 29 29 30 30 30 30 30 30 30 30 30 31 31 32 36 27 
36 36 35 38 37 47 65 82 96 101 101 99 95 92 88 82 78 75 75 74 68 63 54 50 45 38 36 36 36 36 35 35 33 32 32 31 30 31 31 31 31 31 30 30 30 30 29 30 30 30 30 30 29 29 29 29 28 28 28 28 28 28 28 28 28 29 29 29 29 30 30 29 29 30 30 29 30 30 32 36 31 
36 35 35 39 45 64 77 92 103 103 99 96 93 89 84 80 81 81 80 75 71 71 70 66 59 46 38 37 38 37 37 36 33 32 31 31 31 31 31 31 31 31 30 30 30 30 29 30 30 30 30 29 29 29 29 28 28 28 28 28 28 28 28 28 28 28 28 29 29 29 29 28 28 29 29 29 29 30 32 36 33 
36 36 37 44 59 80 94 104 109 106 100 98 98 96 94 92 90 89 89 88 86 84 85 84 75 59 44 38 37 39 39 36 33 32 32 31 31 31 31 31 31 31 30 30 30 29 29 29 29 29 29 29 28 28 28 28 28 28 28 28 28 28 28 28 28 28 28 28 28 28 28 28 28 27 27 29 29 29 31 34 34 
38 42 46 59 78 99 113 116 115 114 111 110 110 111 113 113 107 103 103 104 104 103 104 107 99 82 64 47 38 40 39 37 33 32 32 31 31 30 31 31 31 31 30 30 30 29 29 29 29 29 29 29 28 28 28 28 28 28 28 28 28 28 28 28 28 28 28 28 28 28 28 28 28 27 27 29 29 29 31 33 34 
44 42 47 72 96 112 119 121 118 120 122 124 123 124 127 130 125 121 118 118 118 116 121 125 120 107 87 66 51 43 40 37 33 32 33 31 31 31 30 30 30 30 30 30 29 29 29 28 28 28 28 28 28 26 28 28 28 26 26 26 28 28 26 26 26 26 26 26 28 26 26 26 28 27 27 27 29 28 30 33 34 
49 49 59 82 106 119 118 115 117 118 120 122 122 123 124 125 124 122 120 118 115 115 122 127 128 117 96 77 60 52 45 39 35 33 33 32 31 30 30 30 29 29 29 29 28 28 28 26 28 28 26 26 26 26 28 28 28 26 26 26 28 28 26 26 26 26 26 26 28 26 26 26 26 27 27 27 27 28 29 33 36 
56 67 78 94 110 115 111 109 108 111 111 110 111 111 113 115 115 113 110 110 108 109 114 118 122 118 104 86 68 59 50 43 37 35 35 33 31 30 30 30 29 29 28 28 28 26 26 25 26 26 26 26 26 26 26 26 26 26 26 26 26 26 26 26 26 26 26 26 26 25 26 26 26 26 26 26 26 29 30 33 37 
65 79 92 102 107 108 104 101 99 101 102 102 103 106 106 108 109 107 106 105 105 107 107 108 108 108 104 96 81 72 60 50 44 42 37 33 33 32 31 29 29 29 28 28 26 26 26 25 25 25 26 26 25 25 25 25 25 25 25 25 25 25 25 25 25 25 25 25 25 25 25 25 26 25 25 25 25 27 30 32 33 
