14 19 42 40 24 9 3 3 1 0 0 2 2 3 3 4 8 12 16 24 54 99 135 144 150 136 132 131 128 125 124 114 101 109 108 85 75 54 35 23 15 8 9 11 10 9 7 7 4 3 1 2 2 2 2 1 1 2 2 3 5 8 10 11 15 19 15 3 1 1 0 1 1 1 1 1 1 1 1 1 1 1 1 1 1 1 1 1 1 1 1 1 1 2 16 26 16 11 10 10 12 10 8 8 8 7 7 8 8 8 10 11 12 13 15 15 10 5 2 1 1 1 1 1 1 1 1 1 1 1 1 1 1 1 1 1 1 1 1 1 2 2 2 2 3 10 22 29 26 23 23 24 24 24 25 23 26 33 31 19 7 4 4 5 4 4 4 4 3 4 4 4 4 4 4 4 4 4 4 5 5 5 5 7 7 
7 8 17 23 19 11 8 4 1 3 2 2 3 2 3 3 9 18 26 50 103 176 231 243 241 231 231 236 236 234 233 219 218 220 218 209 196 174 139 102 58 32 21 15 10 10 8 7 4 3 2 2 2 2 1 2 2 4 4 5 5 8 11 15 17 23 16 4 1 1 0 1 1 1 1 1 1 1 1 1 1 1 1 1 1 1 1 1 1 1 1 1 1 4 17 29 22 14 11 11 12 10 8 10 8 7 5 7 8 8 10 11 11 11 13 13 12 8 3 1 1 1 1 1 1 1 1 1 1 1 1 1 1 1 1 1 1 1 1 1 1 2 2 3 4 12 23 26 25 23 24 25 25 25 23 22 26 31 28 17 7 4 4 5 4 4 3 4 3 4 4 3 4 4 4 4 4 4 4 5 5 5 5 5 5 
7 3 1 1 2 4 3 2 1 2 2 2 3 2 3 4 7 11 15 30 60 115 165 192 198 205 214 220 230 237 249 241 250 248 250 255 252 242 221 179 102 61 36 19 10 11 9 8 5 3 1 1 1 1 2 2 3 4 5 5 5 8 12 16 19 18 10 3 2 1 1 1 1 1 1 1 1 1 1 1 1 1 1 1 1 1 1 1 1 1 1 1 1 7 23 29 24 14 8 8 8 5 9 14 11 7 4 7 8 9 11 11 11 11 12 12 12 11 5 3 1 1 1 1 1 1 1 1 1 1 1 1 1 1 1 1 1 1 1 1 1 2 2 3 7 14 22 26 25 23 26 27 27 29 22 22 26 29 25 16 8 4 4 4 4 4 3 3 3 4 4 3 4 4 4 4 4 4 4 5 5 5 5 5 5 
1 1 1 1 1 1 1 1 1 1 1 1 1 1 1 2 1 1 1 1 1 17 45 74 78 87 101 111 128 145 165 176 179 191 193 194 199 185 163 132 73 51 33 19 16 17 13 12 9 9 8 8 4 4 5 7 5 8 8 9 8 9 12 16 32 21 5 2 2 1 1 1 1 1 1 1 1 1 1 1 1 1 1 1 1 1 1 1 1 1 2 2 1 1 18 20 16 11 5 4 4 2 8 16 23 17 7 7 9 9 9 10 11 11 11 11 12 12 10 5 1 1 1 1 1 1 1 1 1 1 1 1 1 1 1 1 1 1 1 1 2 2 2 2 7 21 28 24 24 25 25 26 28 30 21 22 28 31 25 14 8 4 3 3 3 3 3 3 3 4 4 3 4 4 4 4 4 4 4 5 5 5 5 5 5 
0 0 0 0 0 0 0 0 1 1 1 1 1 1 1 1 1 1 0 0 0 0 3 11 9 12 16 21 33 46 59 71 80 94 94 94 94 80 57 37 28 29 25 19 20 20 17 15 11 12 12 12 10 8 10 11 12 12 14 14 14 15 17 23 35 23 5 2 2 1 1 1 1 1 1 1 1 1 1 1 1 1 1 1 1 1 1 1 1 1 2 2 1 1 16 20 12 8 3 4 3 3 8 16 46 35 14 10 9 9 9 10 11 11 11 11 12 13 12 7 2 1 1 1 1 1 1 1 1 1 1 1 1 1 1 1 1 1 1 1 1 2 2 1 7 29 36 24 22 26 26 26 28 29 23 23 30 37 28 12 8 4 4 3 3 3 3 3 3 4 4 3 4 4 4 4 4 4 4 5 5 5 5 5 5 
1 1 1 1 1 1 1 1 1 1 1 1 1 1 1 1 1 1 1 2 3 4 4 2 1 0 0 0 2 6 10 15 22 26 25 25 25 19 6 0 3 5 11 21 22 18 15 12 12 11 11 11 11 9 12 15 18 22 24 23 21 22 27 32 41 24 4 2 2 1 1 1 1 1 1 1 1 1 1 1 1 1 1 1 1 1 1 1 1 1 2 2 1 3 15 19 10 6 3 3 2 4 8 15 61 42 21 14 10 9 9 10 11 11 11 11 13 13 15 8 2 2 1 1 1 1 1 1 1 1 1 1 1 1 1 1 1 1 2 2 2 2 2 4 12 39 47 28 19 28 26 25 25 25 23 24 32 37 28 12 8 4 4 3 3 3 3 3 3 4 4 3 4 4 4 4 4 4 4 5 5 5 5 5 5 
2 2 2 2 2 2 2 2 1 0 1 1 1 1 1 1 1 1 1 2 1 1 3 2 1 1 2 2 2 3 5 7 9 9 7 7 8 10 6 0 2 2 8 23 30 22 21 29 15 17 21 22 30 36 39 41 46 57 60 62 64 67 76 81 64 29 6 3 2 1 1 1 1 1 1 1 1 1 1 1 1 1 1 1 1 1 1 1 1 1 2 2 1 5 16 19 10 6 3 4 3 4 5 12 51 44 18 12 10 9 9 10 11 11 11 11 13 15 16 10 3 2 1 1 1 1 1 1 1 1 1 1 1 1 1 1 1 1 2 2 3 3 2 4 17 44 53 33 18 26 24 22 21 22 22 25 35 37 28 11 8 4 3 3 3 3 3 3 3 4 4 3 4 4 4 4 4 4 4 5 5 5 5 5 5 
1 1 1 1 1 1 1 1 1 0 0 0 0 0 0 0 1 1 1 2 1 1 1 1 1 1 2 2 2 3 3 4 4 4 5 6 6 6 4 4 4 3 8 31 53 63 72 81 75 82 90 93 104 110 116 121 124 130 136 143 151 152 158 163 128 45 8 5 1 1 1 1 1 1 1 1 1 1 1 1 1 1 1 1 1 1 1 1 1 1 1 1 1 9 18 19 7 4 2 3 3 4 5 10 39 49 24 10 9 9 9 9 11 11 11 11 13 15 19 15 4 2 1 1 1 1 1 1 1 1 1 1 1 1 1 1 1 1 1 2 2 2 2 4 16 44 52 32 16 19 21 22 22 22 22 28 37 39 29 12 5 4 3 3 3 3 3 3 3 4 4 4 4 4 4 4 4 4 4 5 5 5 5 5 5 
1 1 1 1 1 1 1 1 1 1 1 1 1 1 1 1 1 1 1 1 1 1 1 1 1 1 1 2 1 2 2 2 2 2 3 4 4 3 3 3 4 3 10 53 111 146 163 170 172 176 184 187 193 196 200 202 206 208 212 214 214 215 216 219 168 58 2 4 1 1 1 1 1 1 1 1 1 1 1 1 1 1 1 1 1 1 1 1 1 1 1 1 1 10 16 18 7 4 2 2 2 2 5 9 40 52 29 10 9 10 10 10 11 11 11 12 15 15 26 20 9 3 1 1 1 1 1 1 1 1 1 1 1 1 1 1 1 1 1 2 2 2 2 4 17 43 51 32 16 18 21 23 23 23 24 30 39 42 29 12 5 4 3 3 3 3 3 3 3 3 3 4 4 4 4 4 4 4 4 5 5 5 5 5 5 
1 1 1 1 1 1 1 1 1 1 1 1 1 1 1 1 1 1 1 1 1 1 1 1 1 0 1 1 1 1 1 1 1 1 1 3 2 2 2 2 3 2 16 85 172 214 221 222 221 220 219 220 223 223 221 220 221 222 223 223 222 219 216 215 157 53 2 3 1 1 1 1 1 1 1 1 1 1 1 1 1 1 1 1 1 1 1 1 1 1 1 1 3 12 13 13 10 6 4 3 2 2 4 9 38 52 30 7 9 10 11 11 11 11 11 12 15 16 24 19 10 5 1 1 1 1 1 1 1 1 1 1 1 1 1 1 1 1 1 2 1 1 1 3 14 37 46 32 22 21 21 23 23 24 24 30 39 42 30 14 4 4 3 3 3 3 3 3 3 3 3 4 4 4 4 4 4 4 4 5 5 5 5 5 5 
1 1 1 1 1 1 1 1 1 1 1 1 1 1 1 1 1 1 1 1 1 1 1 1 1 0 1 1 1 1 1 1 1 2 2 1 2 2 2 2 3 2 28 108 191 221 222 224 224 226 227 226 224 217 215 214 214 214 215 214 210 208 206 205 150 47 2 2 1 2 2 1 1 1 1 1 1 1 1 1 1 1 1 1 1 1 1 1 1 1 1 2 5 13 15 15 10 6 4 4 2 2 3 8 28 53 23 3 10 10 11 12 12 12 12 12 15 17 19 16 9 5 2 2 1 1 1 1 1 1 1 1 1 1 1 1 1 1 2 2 1 1 1 2 9 31 38 32 24 22 21 24 24 25 25 30 39 42 30 15 4 4 4 4 4 4 4 4 4 4 4 5 5 5 5 5 5 5 5 7 7 7 7 7 7 
1 1 1 1 1 1 1 1 1 1 1 1 1 1 1 1 1 1 1 1 1 1 1 1 0 0 1 1 1 1 1 1 1 1 1 1 1 1 2 2 2 10 63 144 193 207 209 210 209 210 211 210 207 206 205 201 199 199 193 185 179 178 175 171 101 18 2 2 0 1 1 1 1 1 1 1 1 1 1 1 1 1 1 1 1 1 1 1 1 1 1 1 4 15 18 17 10 7 4 2 2 2 4 5 23 53 32 3 10 9 10 12 11 11 13 12 15 17 18 15 5 6 2 1 1 1 1 1 1 1 1 1 1 1 2 2 2 2 2 2 2 2 1 1 7 33 43 32 22 18 19 24 24 26 25 30 39 43 31 15 4 4 4 4 4 4 4 4 4 4 4 4 5 5 5 5 5 5 5 5 5 5 5 7 7 
1 1 1 1 1 1 1 1 1 1 1 1 1 1 1 1 1 1 1 1 1 1 1 1 0 0 1 1 1 1 1 1 1 1 1 1 1 1 4 2 4 35 107 170 186 187 181 177 173 167 165 161 160 160 155 150 142 132 122 115 110 105 102 93 71 11 1 2 1 1 1 1 1 1 1 1 1 1 1 1 1 1 1 1 1 1 1 1 1 1 1 1 5 18 22 16 10 5 3 2 2 3 4 5 24 52 35 9 9 9 9 10 11 11 12 13 16 16 16 11 2 10 3 1 1 1 1 1 1 1 1 1 1 1 2 2 2 2 2 2 2 2 1 1 4 24 35 32 22 16 18 25 25 26 26 31 39 42 31 15 4 4 4 4 4 4 4 4 4 4 4 4 5 5 5 5 5 5 5 5 5 5 5 7 7 
1 1 1 1 1 1 1 1 1 1 1 1 1 1 1 1 1 1 1 1 1 1 1 1 0 0 0 0 1 1 1 1 1 1 1 1 1 1 4 1 8 39 88 114 111 107 100 92 86 82 79 77 79 76 72 68 59 47 38 38 31 28 30 25 24 4 0 2 1 1 1 1 1 1 1 1 1 1 1 1 1 1 1 1 1 1 1 1 1 1 1 1 7 12 14 11 8 5 3 2 3 3 4 4 25 49 36 8 9 9 9 10 10 10 11 15 17 14 12 9 4 17 5 2 1 1 1 1 1 1 1 1 1 1 2 2 2 2 2 2 2 2 2 2 1 14 32 32 23 25 25 25 26 26 29 32 40 40 32 16 4 4 4 4 4 4 4 4 4 4 4 4 5 5 5 5 5 5 5 5 5 5 5 7 7 
1 1 1 1 1 1 1 1 1 1 1 1 1 1 1 1 1 1 1 1 1 1 1 1 0 0 0 0 1 1 1 1 1 1 1 1 1 1 2 2 4 14 26 30 25 24 21 19 17 16 15 15 16 15 15 16 16 9 7 5 1 2 6 9 7 1 0 1 1 1 1 1 1 1 1 1 1 1 1 1 1 1 1 1 1 1 1 1 1 1 1 2 5 11 11 9 8 5 3 2 2 2 3 4 26 46 35 4 9 9 9 10 10 10 12 15 15 14 15 14 9 16 8 2 1 1 1 1 1 1 1 1 1 1 2 2 2 2 2 2 2 2 2 3 5 18 32 29 23 28 28 26 26 28 29 33 42 42 30 16 4 4 4 4 4 4 4 4 4 4 4 4 5 5 5 5 5 5 5 5 5 5 5 7 7 
1 1 1 1 1 1 1 1 1 1 1 1 1 1 1 1 1 1 1 1 1 1 1 1 1 1 1 1 1 1 1 1 1 1 1 1 1 1 1 2 2 0 1 2 1 2 2 2 1 2 2 2 1 2 5 8 8 11 14 11 12 19 24 22 11 1 2 2 1 1 1 1 2 2 2 2 1 2 1 1 1 1 1 1 1 1 1 1 1 1 1 3 5 11 17 11 8 5 3 2 2 2 3 3 23 40 35 8 8 8 9 10 10 10 12 13 12 16 19 25 36 23 9 3 1 1 1 1 1 1 1 1 1 1 2 2 2 2 2 2 2 2 2 3 12 25 31 24 21 25 26 25 26 28 30 33 43 42 28 14 4 4 4 4 4 4 4 4 4 4 4 4 5 5 5 5 5 5 5 5 5 5 5 7 7 
1 1 1 1 1 1 1 1 1 1 1 1 1 1 1 1 1 1 1 1 1 1 1 1 1 1 1 1 1 1 1 1 1 1 1 1 1 1 1 1 1 0 2 3 2 2 2 2 1 2 2 2 1 1 1 0 17 44 53 53 54 59 59 46 18 8 2 4 2 1 1 1 2 2 2 2 1 2 1 1 1 1 1 1 1 1 1 1 1 1 2 2 3 19 29 11 5 4 3 3 3 2 2 2 11 35 35 18 7 8 9 11 11 11 12 13 11 14 18 35 54 31 10 2 1 1 1 1 1 1 1 1 1 1 2 2 2 2 2 2 2 2 2 4 16 29 32 22 18 23 24 23 25 26 30 35 43 42 28 14 4 4 4 4 4 4 4 4 4 4 4 4 5 5 5 5 5 5 5 5 5 5 5 7 7 
1 1 1 1 1 1 1 1 1 1 1 1 1 1 1 1 1 1 1 1 1 1 1 1 1 1 1 1 1 1 1 1 1 1 1 1 1 1 1 0 0 0 1 2 2 1 1 1 0 0 0 0 0 0 0 8 53 97 109 102 101 110 113 96 21 8 2 3 2 1 1 1 1 1 1 1 1 1 1 1 1 1 1 1 1 1 1 2 1 1 2 2 5 26 38 15 6 5 4 4 3 1 2 1 7 28 33 24 8 8 8 9 10 10 11 13 10 12 18 33 59 34 10 1 1 1 1 1 1 1 1 1 1 1 2 2 2 2 2 2 2 3 2 5 24 39 38 25 18 21 23 23 23 26 29 35 43 39 25 11 4 4 4 4 4 4 4 4 4 4 4 4 5 5 5 5 5 5 5 5 5 5 5 7 7 
1 1 1 1 1 1 1 1 1 1 1 1 1 1 1 1 1 1 1 2 2 2 2 2 1 1 1 1 1 1 1 1 1 1 1 1 1 1 1 1 0 0 1 1 1 1 1 0 0 0 0 2 4 2 12 39 87 130 145 136 137 160 167 131 30 8 2 3 2 1 1 1 1 1 1 1 1 1 1 1 1 1 1 1 1 1 1 2 1 1 3 1 9 51 79 40 13 5 5 4 3 2 2 1 3 23 33 30 9 8 8 9 9 9 11 12 10 12 16 29 44 15 3 1 1 1 1 1 1 1 1 1 1 1 2 2 2 2 2 2 2 3 2 5 32 50 45 30 19 21 23 24 23 26 29 35 43 39 25 11 4 4 4 4 4 4 4 4 4 4 4 4 5 5 5 5 5 5 5 5 5 5 5 7 7 
1 1 1 1 1 1 1 1 1 1 1 1 1 1 1 1 1 1 1 1 1 1 1 1 1 1 1 1 1 1 1 1 1 1 1 1 1 1 1 1 0 0 1 1 2 1 1 1 0 0 0 10 16 14 35 72 132 167 171 164 167 196 202 149 74 7 3 3 1 1 1 1 1 1 1 1 1 1 1 1 1 1 1 1 1 1 1 1 1 1 3 2 9 60 93 56 24 4 6 5 3 2 2 1 0 15 31 36 10 8 8 9 9 9 11 13 10 12 16 25 25 12 3 1 1 1 1 1 1 1 1 1 1 1 1 1 2 1 2 2 2 2 1 3 25 43 44 31 19 21 23 24 23 24 29 35 42 39 25 11 4 4 4 4 4 4 4 4 4 4 4 4 5 5 5 5 5 5 5 5 5 5 5 7 7 
1 1 1 1 1 1 1 1 1 1 1 1 1 1 1 1 1 1 1 2 1 1 1 2 2 2 1 1 1 1 1 1 1 1 1 1 1 1 1 1 0 0 1 1 3 2 3 3 1 1 11 26 30 31 49 96 171 196 185 184 203 229 227 177 78 4 3 3 1 1 1 1 1 1 1 1 1 1 1 1 1 1 1 1 1 1 1 1 1 1 3 3 8 61 113 84 31 5 6 5 3 2 2 1 1 12 28 37 12 8 8 9 9 9 11 13 10 11 15 20 22 10 3 2 1 1 1 1 1 1 1 1 1 1 1 1 2 2 2 2 2 2 1 3 21 39 40 29 19 19 22 22 23 24 28 33 42 38 24 11 4 4 4 4 4 4 4 4 4 4 4 4 5 5 5 5 5 5 5 5 5 5 5 7 7 
1 1 1 1 1 1 1 1 1 1 1 1 1 1 1 1 1 1 3 3 7 8 8 8 4 3 1 1 1 1 1 1 2 2 2 2 1 1 1 1 1 1 2 3 4 3 5 5 5 10 31 56 61 50 51 101 169 188 182 193 228 248 236 196 92 4 4 3 1 1 1 1 1 1 1 1 1 1 1 1 1 1 1 1 1 1 1 1 1 2 3 5 8 63 142 121 41 6 8 5 3 3 3 2 1 10 25 38 15 9 10 10 9 10 12 13 10 11 13 18 22 9 3 4 1 1 1 1 1 1 1 1 1 1 1 2 2 2 2 2 2 3 2 3 17 37 33 23 18 17 19 22 21 24 28 33 42 38 22 9 4 4 4 4 4 4 4 4 4 4 4 4 5 5 5 5 5 5 5 5 5 5 5 7 7 
1 1 1 1 1 1 1 1 1 1 1 1 1 1 1 1 2 2 3 1 25 25 25 25 12 3 2 1 1 1 1 1 1 1 1 1 1 1 1 1 1 1 2 4 4 4 4 5 16 26 50 88 96 68 56 84 121 138 157 187 226 249 243 207 102 2 3 3 1 1 1 1 1 1 1 1 1 1 1 1 1 1 1 1 1 1 1 1 1 2 4 7 5 68 169 148 51 6 9 5 4 3 3 3 1 8 22 50 29 11 11 11 10 10 11 12 10 10 16 24 25 9 3 2 1 1 1 1 1 1 1 1 1 1 1 2 2 2 2 2 2 2 2 4 15 31 28 21 15 16 18 19 21 23 26 32 40 37 21 9 4 4 4 4 4 4 4 4 4 4 4 4 5 5 5 5 5 5 5 5 5 5 5 7 7 
1 1 1 1 1 1 1 1 1 1 1 1 1 1 1 2 2 4 9 28 47 45 39 36 17 5 2 1 1 1 1 1 1 1 1 1 1 1 1 1 1 1 2 4 4 4 3 5 22 36 65 103 108 78 60 73 72 85 116 164 219 242 247 214 124 13 2 3 2 1 1 1 1 1 1 1 1 1 2 2 1 1 1 1 1 1 1 1 1 2 4 7 11 85 194 184 59 5 9 6 4 3 4 4 1 9 18 46 33 15 13 12 12 12 11 11 9 12 18 29 30 9 1 1 1 1 1 1 1 1 1 1 1 1 1 2 2 2 2 2 2 2 3 4 12 29 22 18 14 17 18 19 21 23 26 33 40 35 18 7 4 4 4 4 4 4 4 4 4 4 4 4 5 5 5 5 5 5 5 5 5 5 5 7 7 
1 1 1 1 1 1 1 1 1 1 1 1 1 1 1 2 3 4 19 35 54 52 46 43 24 12 4 1 1 1 1 1 1 1 1 1 1 1 1 1 1 1 2 2 3 3 4 5 17 37 71 102 107 86 78 88 92 107 130 162 209 241 249 223 179 46 0 3 2 2 1 1 1 1 1 1 1 1 2 2 1 1 1 1 1 1 1 1 1 2 4 5 17 100 210 208 83 13 9 6 5 4 4 4 3 8 15 40 36 16 13 13 13 13 11 11 9 13 20 33 37 11 1 1 1 1 1 1 1 1 1 1 1 1 1 2 2 2 2 2 2 3 3 6 14 25 21 17 15 18 18 18 19 23 25 33 39 33 18 7 4 4 4 4 4 4 4 4 4 4 4 4 5 5 5 5 5 5 5 5 5 5 5 7 7 
1 1 1 1 1 1 1 1 1 1 1 1 1 1 1 2 3 7 25 40 60 58 52 49 35 18 7 2 1 1 1 1 1 1 1 1 1 1 1 1 1 1 1 1 3 4 4 7 12 29 59 89 108 101 94 106 131 157 174 187 215 237 252 245 184 51 1 4 2 2 2 1 1 1 1 1 1 1 1 1 1 1 2 1 1 1 1 1 1 2 4 4 21 109 222 224 112 33 6 6 6 5 4 4 5 5 11 31 37 18 12 11 12 12 11 11 10 13 22 37 36 8 1 1 1 1 1 1 1 1 1 1 1 1 1 1 1 2 2 2 2 3 3 6 17 25 21 17 15 18 19 19 21 23 26 33 39 33 17 5 4 4 4 4 4 4 4 4 4 4 4 4 5 5 5 5 5 5 5 5 5 5 5 7 7 
1 1 1 1 1 1 1 1 1 1 1 1 1 1 1 1 3 8 32 40 60 58 52 49 43 24 7 1 1 1 1 1 1 1 1 1 1 2 1 2 1 1 1 1 3 4 5 7 9 17 33 63 99 107 100 114 141 170 195 214 217 230 251 206 191 75 8 5 3 2 2 1 1 1 1 1 1 1 1 1 1 1 2 1 1 1 1 1 1 2 4 3 23 116 227 236 126 38 10 8 6 5 5 5 5 4 8 25 38 22 11 11 12 12 11 11 10 13 22 34 37 7 1 1 2 1 1 1 1 1 1 1 1 1 1 1 1 2 2 2 2 3 3 6 18 25 19 15 16 18 19 22 22 24 28 35 39 35 16 4 5 5 5 5 5 5 5 5 5 5 5 5 5 5 5 7 5 5 5 5 5 5 5 7 7 
1 1 1 1 1 1 1 1 1 1 1 1 1 1 1 2 4 5 5 5 37 37 37 37 1 1 2 2 1 1 1 1 1 2 1 1 1 2 1 2 2 1 1 1 3 4 5 8 8 10 16 35 64 83 90 104 135 167 186 200 212 224 249 251 192 56 2 7 3 2 2 1 1 1 1 1 1 1 1 1 2 2 1 1 1 1 1 1 2 3 4 4 25 114 228 255 141 47 8 8 6 5 5 6 4 4 8 23 38 30 14 10 10 11 11 11 10 14 19 28 18 5 1 1 2 1 1 1 1 1 1 1 1 1 1 1 1 2 2 2 2 3 3 6 16 28 24 16 15 17 21 22 23 23 26 33 40 38 19 4 5 5 5 5 5 5 5 5 5 5 5 5 5 5 5 5 5 5 5 7 7 7 7 7 7 
1 1 1 1 1 1 1 1 1 1 1 1 1 1 1 2 3 4 6 9 17 19 20 20 1 1 1 1 1 1 1 1 1 2 1 1 2 3 2 4 3 2 3 2 3 4 5 6 7 8 9 17 32 46 61 80 107 139 160 174 191 220 247 249 189 61 3 4 3 2 1 1 1 1 1 1 1 1 1 1 2 2 1 1 1 1 1 1 2 3 4 3 25 120 230 255 158 52 12 8 8 4 5 5 4 3 4 19 37 36 18 10 11 10 11 11 10 12 16 19 8 4 1 1 1 1 1 1 1 1 1 1 1 1 1 1 1 2 2 2 2 3 3 5 16 30 25 16 16 18 19 21 22 23 26 33 42 39 19 4 5 5 5 5 5 5 5 5 5 5 5 5 5 5 5 5 5 5 5 7 7 7 7 7 7 
1 1 1 1 1 1 1 1 1 1 1 1 1 1 1 2 2 3 4 5 4 4 3 3 1 1 0 1 0 0 0 1 2 2 2 1 2 5 7 5 3 3 5 4 4 4 5 5 5 5 7 10 14 22 38 52 63 99 131 159 188 219 242 248 185 72 4 3 3 3 2 2 1 1 1 1 1 1 1 1 1 1 1 1 1 1 1 1 3 3 3 3 28 131 231 255 179 56 17 9 9 4 5 5 3 2 2 16 36 38 23 15 14 10 12 12 11 11 14 21 9 3 2 1 1 1 1 1 1 1 1 1 1 1 1 1 1 2 2 2 2 3 3 5 16 31 28 17 16 18 19 19 22 22 24 35 42 37 18 4 5 5 5 5 5 5 5 5 5 5 5 5 5 5 5 5 5 5 5 7 7 7 7 7 7 
1 1 1 1 1 1 1 1 1 1 1 1 1 1 1 2 2 3 3 4 3 3 2 2 1 1 0 0 0 0 0 0 1 2 1 0 11 24 23 9 5 7 8 6 6 6 5 4 3 4 7 8 10 16 26 36 40 77 114 155 198 228 242 247 180 70 3 3 3 3 3 2 1 1 1 1 1 1 1 1 1 1 1 1 1 1 1 1 2 3 3 2 30 144 238 255 198 79 25 13 0 4 5 4 3 3 3 13 34 39 24 12 14 10 12 12 11 11 15 19 7 2 2 1 1 1 1 1 1 1 1 1 1 1 1 1 1 2 2 2 2 3 3 5 16 32 31 22 19 21 21 19 21 23 25 37 46 33 15 4 5 5 5 5 5 5 5 5 5 5 5 5 5 5 5 5 5 5 5 5 5 5 5 5 5 
1 1 1 1 1 1 1 1 1 1 1 1 1 1 1 1 2 2 2 2 1 1 1 1 0 1 1 1 0 1 1 1 1 3 0 0 23 40 33 16 8 8 7 7 8 6 4 4 4 4 4 7 8 14 23 39 67 108 148 185 219 240 249 249 178 67 4 3 4 3 3 3 1 1 1 1 1 1 1 1 1 1 2 2 2 2 2 2 2 3 3 2 38 149 238 255 202 110 27 5 0 4 4 4 3 3 3 12 33 39 24 12 12 10 11 11 11 12 16 20 4 1 1 1 1 1 1 1 1 1 1 1 1 1 1 1 1 2 2 2 2 3 3 5 18 36 38 30 29 29 28 25 26 28 31 46 57 39 15 5 5 5 5 5 5 5 5 5 5 5 5 5 5 5 5 5 5 5 5 5 5 5 5 5 5 
1 1 1 1 1 1 1 1 1 1 1 1 1 1 1 1 1 2 2 2 1 1 1 1 0 0 0 0 0 0 1 0 3 3 1 2 22 33 28 11 7 8 8 8 9 6 5 5 5 3 2 3 7 12 23 45 104 166 208 229 241 250 251 251 179 71 7 3 3 3 3 3 1 1 1 1 1 1 1 1 1 1 2 2 2 2 2 2 3 3 4 5 46 157 243 255 206 128 26 0 1 4 4 5 3 3 3 11 32 39 25 11 12 9 11 11 11 12 15 20 5 2 1 1 1 1 1 1 1 1 1 1 1 1 1 1 1 2 2 2 2 3 3 5 21 44 44 36 33 37 36 36 37 37 42 60 75 57 22 5 5 5 5 5 5 5 5 5 5 5 5 5 5 5 5 5 5 5 5 5 5 5 5 5 7 
1 1 1 1 1 1 1 1 1 1 1 1 1 1 1 1 1 1 1 1 0 0 0 0 0 1 1 1 2 1 2 2 2 3 4 5 14 22 22 14 18 18 16 16 16 15 11 8 8 5 2 2 5 11 19 43 113 184 227 245 248 250 251 249 179 75 9 3 3 3 3 3 1 1 1 1 1 1 1 1 1 1 2 2 2 2 2 2 2 4 4 8 54 162 246 255 211 130 32 4 6 4 3 4 3 3 3 10 32 39 26 10 10 10 11 11 11 12 16 22 5 2 1 1 1 1 1 1 1 1 1 1 1 1 1 1 1 2 2 2 2 3 3 5 17 44 49 39 32 38 43 42 44 43 52 73 92 73 30 7 5 5 5 5 5 5 5 5 5 5 5 5 5 5 5 5 5 5 5 5 5 5 5 7 7 
1 1 1 1 1 1 1 1 1 1 1 1 1 1 1 1 0 0 0 0 0 0 0 0 0 1 1 2 2 1 1 2 1 3 7 14 22 40 60 68 62 48 46 46 44 40 29 11 8 5 2 2 5 10 16 39 111 173 209 233 249 251 251 248 191 81 9 3 3 3 3 3 1 1 1 1 1 1 1 1 1 1 2 2 2 2 2 2 2 4 5 9 53 159 248 255 228 142 39 3 10 4 4 4 3 3 3 5 24 39 26 10 10 10 11 10 11 10 17 22 5 2 1 1 1 1 1 1 1 1 1 1 1 1 1 1 1 2 2 2 2 3 3 5 17 38 45 37 31 36 44 43 45 44 53 75 96 80 33 7 5 5 5 5 5 5 5 5 5 5 5 5 5 5 5 5 5 5 5 5 5 5 7 7 7 
0 0 0 0 0 0 0 0 0 0 0 0 0 0 0 0 0 0 0 0 0 0 0 0 0 0 1 1 1 1 1 2 1 3 10 24 51 99 149 169 153 137 132 128 117 101 70 32 15 7 5 5 7 11 18 42 107 160 198 228 248 251 251 220 215 94 11 3 3 3 3 3 1 1 1 1 1 1 1 1 1 1 2 2 2 2 2 2 3 6 5 5 60 166 247 252 249 165 60 11 10 4 3 3 3 3 2 3 15 38 29 10 10 11 11 10 10 11 17 23 7 1 1 1 1 1 1 1 1 1 1 1 1 1 1 1 2 3 3 3 3 4 4 6 17 31 33 28 26 28 30 35 36 36 39 59 85 77 37 8 5 5 5 5 5 5 5 5 5 5 5 5 5 5 5 5 5 7 7 7 7 7 7 8 7 
0 0 0 0 0 0 0 0 0 0 0 0 0 0 0 0 0 0 0 0 0 0 0 0 0 0 1 1 1 2 4 5 7 9 15 31 74 143 205 226 223 220 215 205 187 158 116 68 37 12 9 11 11 16 22 51 120 170 205 229 246 251 252 224 224 110 22 3 3 3 3 3 1 1 1 1 1 1 1 1 1 1 2 2 2 2 2 2 3 6 7 3 60 170 245 251 250 184 97 29 15 4 2 2 3 2 2 1 9 39 38 15 14 11 10 10 11 11 17 23 7 1 1 1 1 1 1 1 1 1 1 1 1 1 1 1 2 3 3 3 3 4 4 6 19 26 22 16 18 19 18 19 21 22 26 42 59 52 26 7 5 5 5 5 5 5 5 5 5 5 5 5 5 5 5 5 5 7 7 7 7 7 7 8 7 
0 0 0 0 0 0 0 0 0 0 0 0 0 0 0 0 0 0 0 0 0 0 0 0 0 1 1 2 2 4 6 9 9 14 18 36 85 153 210 235 244 248 247 240 219 188 145 95 57 23 16 19 23 23 24 56 141 203 235 247 249 251 252 236 235 118 31 3 3 3 3 3 1 1 1 1 1 1 1 1 1 1 2 2 2 2 2 2 2 6 8 1 57 172 246 252 251 208 129 36 8 4 2 2 3 3 0 0 7 40 44 18 18 10 10 11 11 11 18 23 5 1 1 1 1 1 1 1 1 1 1 1 1 1 1 1 2 3 3 3 3 3 4 6 21 22 10 7 10 10 9 8 9 11 15 21 23 21 12 7 5 5 5 5 5 5 5 5 5 5 5 5 5 5 5 5 5 7 7 7 7 7 7 8 9 
0 0 0 0 0 0 0 0 0 0 0 0 0 0 0 0 0 0 0 0 0 0 0 0 1 1 2 3 4 6 5 9 10 16 19 32 70 124 175 208 224 233 238 230 203 171 135 94 64 31 22 31 36 29 23 46 125 196 238 250 250 251 252 234 237 139 38 2 3 2 3 3 1 1 1 1 1 1 1 1 1 1 2 2 2 2 2 2 2 6 9 1 53 173 246 251 252 225 158 55 10 4 3 3 3 4 0 0 12 38 45 21 21 10 10 11 11 11 17 23 7 1 1 1 1 1 1 1 1 1 1 1 1 1 1 1 2 3 3 3 3 3 4 6 19 19 9 3 3 5 5 4 4 5 5 5 6 6 6 6 4 5 5 5 5 5 5 5 5 5 5 5 5 5 5 5 5 7 7 7 7 7 7 8 9 
0 0 0 0 0 0 0 0 0 0 0 0 0 0 0 0 0 0 0 0 0 0 0 1 0 1 2 7 9 8 12 16 18 23 24 29 47 86 124 156 185 205 207 189 157 125 101 84 66 30 22 36 40 31 22 30 82 151 209 240 249 251 252 234 237 162 46 2 3 2 2 2 1 1 1 1 1 1 1 1 1 1 2 2 2 2 2 2 2 5 10 1 51 173 246 251 252 231 172 71 16 4 3 4 3 4 0 0 9 25 32 22 22 9 9 10 11 10 15 22 7 1 1 1 1 1 1 1 1 1 1 1 1 1 1 1 2 3 3 3 3 3 4 6 22 17 8 4 3 4 4 5 5 4 5 5 4 4 4 5 4 5 5 5 5 5 5 5 5 5 5 5 5 5 5 5 5 7 7 7 7 7 7 7 8 
0 0 0 0 0 0 0 0 0 0 0 0 0 0 0 0 0 0 0 0 0 0 0 0 0 0 4 11 10 4 16 24 52 58 50 43 53 81 107 135 172 192 181 151 117 93 81 79 70 33 17 26 38 35 25 22 49 108 180 221 237 249 249 233 235 160 50 4 3 3 2 2 1 1 1 1 1 1 1 1 1 1 2 2 2 2 2 2 1 5 10 1 46 167 244 252 252 238 193 92 24 4 3 4 3 3 1 2 2 9 23 22 22 11 9 10 11 9 17 22 4 1 1 1 1 1 1 1 1 1 1 1 1 1 1 1 2 3 3 3 3 3 3 5 21 17 7 4 4 5 5 4 4 4 5 5 5 4 4 5 5 5 5 5 5 5 5 5 5 5 5 5 5 5 5 5 5 7 7 7 7 7 7 7 7 
0 0 0 0 0 0 0 0 0 0 0 0 0 0 0 0 1 1 1 0 0 0 1 1 2 7 12 18 16 19 35 57 107 111 92 80 92 111 136 166 195 202 178 138 100 84 85 87 85 60 32 23 29 30 29 27 36 88 165 212 228 242 245 231 230 172 57 8 4 3 1 1 1 1 1 1 1 1 1 1 1 1 2 2 1 1 1 1 1 2 8 1 40 157 238 252 250 240 209 106 28 6 5 5 2 4 11 8 2 8 23 25 24 14 9 9 11 11 17 21 4 1 1 1 1 1 1 1 1 1 1 1 1 1 1 1 2 3 3 3 3 3 3 6 18 16 7 4 4 4 4 4 4 4 4 4 4 4 4 4 5 5 5 5 5 5 5 5 5 5 5 5 5 5 5 5 5 5 7 7 7 7 7 7 7 
0 0 0 0 0 0 0 0 0 0 0 0 0 0 0 0 1 0 0 0 0 0 1 4 11 9 19 24 23 31 71 110 137 135 118 110 114 129 157 185 207 205 175 134 99 88 99 111 114 101 70 42 31 30 36 46 63 96 158 214 237 245 244 231 237 177 65 10 5 4 2 1 1 1 1 1 1 1 1 1 1 1 2 2 1 1 1 1 1 1 7 1 33 145 235 253 250 243 215 136 38 9 6 6 3 3 4 4 3 11 28 38 36 11 8 9 11 12 17 18 4 2 1 1 1 1 1 1 1 2 1 1 1 1 1 1 2 3 3 3 3 2 4 8 17 15 8 4 4 4 4 4 4 4 4 4 4 4 4 4 4 5 5 5 5 5 5 5 5 5 5 5 5 5 5 5 5 5 7 7 7 5 8 7 7 
0 0 0 0 0 0 0 0 0 0 0 0 0 0 1 1 1 1 1 0 0 0 4 9 15 18 29 33 38 52 80 110 118 118 109 107 107 124 145 171 189 187 167 135 112 98 108 128 137 129 97 62 47 42 42 60 85 100 143 201 238 244 243 229 237 175 68 11 5 3 3 2 1 1 1 1 1 1 1 1 1 1 2 2 1 1 1 1 1 1 5 1 29 128 231 253 249 244 217 146 57 10 8 5 4 5 4 5 5 8 25 39 23 11 9 8 10 14 15 16 4 1 1 1 1 1 1 1 1 1 2 2 2 2 2 2 2 2 2 2 2 2 2 7 16 15 7 4 5 5 4 4 4 3 4 4 4 4 4 4 4 4 4 4 4 4 4 4 4 4 4 4 4 4 4 4 4 4 5 5 5 7 8 7 9 
0 0 0 0 0 0 0 0 0 0 0 0 0 0 1 1 1 1 1 1 1 2 7 14 18 21 32 44 52 58 74 92 100 100 85 76 85 102 120 141 153 160 151 131 112 101 97 111 136 137 101 69 61 56 54 72 93 99 131 182 222 238 235 223 224 172 68 11 3 3 3 2 1 1 1 1 1 1 1 1 1 1 2 2 1 1 1 1 1 1 3 0 21 122 228 252 249 241 216 162 78 9 6 5 4 4 3 4 4 3 21 35 25 12 9 8 10 14 15 14 3 1 1 1 1 1 1 1 1 1 2 2 2 2 2 2 2 2 1 2 2 2 2 9 17 12 7 4 5 5 4 4 4 4 4 4 4 4 4 4 4 4 4 4 4 4 4 4 4 4 4 4 4 4 4 4 4 4 5 7 7 7 8 9 11 
0 0 0 0 0 0 0 0 0 0 0 0 0 1 1 1 1 1 0 2 4 9 11 16 18 21 34 50 60 70 86 100 101 92 70 54 61 75 88 103 116 124 123 111 99 90 87 100 120 121 89 61 53 52 60 78 95 99 118 158 193 213 206 202 201 160 50 12 4 4 3 3 1 1 1 1 1 1 1 1 1 1 2 2 1 1 1 1 1 1 2 0 15 116 223 250 246 234 214 162 79 10 6 4 2 3 3 4 4 2 16 32 23 14 10 8 10 14 17 14 3 1 1 1 1 1 1 1 1 1 2 2 2 3 3 2 2 2 1 2 2 2 3 11 17 11 5 4 4 4 4 3 4 4 4 4 4 4 4 4 4 4 4 4 4 4 4 4 4 4 4 4 4 4 4 4 4 4 4 7 7 8 8 9 11 
1 1 1 1 1 1 1 1 1 1 1 1 2 2 1 1 1 1 1 5 11 17 18 17 18 24 33 45 57 79 101 114 107 89 65 51 57 71 78 85 92 94 92 88 92 93 95 103 104 100 78 54 44 47 63 84 95 93 104 134 164 179 172 173 173 136 39 9 4 4 3 3 1 1 1 1 1 1 1 1 1 1 1 2 1 1 1 1 1 1 1 0 10 95 203 237 223 215 194 146 75 13 8 3 2 2 3 3 3 2 9 18 22 14 10 8 10 16 19 15 3 1 2 2 1 1 1 1 2 1 1 1 2 3 3 2 2 2 1 2 2 1 4 14 16 9 4 4 4 4 4 3 4 4 4 5 4 4 4 4 4 4 4 4 4 4 4 4 4 4 4 4 4 4 4 4 4 4 4 7 7 7 7 8 9 
1 1 1 1 1 1 1 1 1 1 1 1 1 1 1 1 1 2 2 8 18 25 24 22 18 22 23 29 40 61 82 96 95 79 60 53 66 81 86 87 87 83 79 80 96 104 102 96 92 85 72 51 41 45 61 86 99 94 102 127 149 156 151 151 153 122 46 6 0 3 2 2 1 1 1 1 1 1 1 1 1 1 2 2 1 1 2 3 3 3 3 1 9 73 169 202 187 177 170 139 70 22 5 3 1 2 2 3 3 2 7 10 16 12 10 8 10 17 22 16 2 1 2 2 1 1 1 1 2 1 1 1 2 3 3 3 3 2 1 2 2 2 5 15 16 8 4 4 3 4 4 3 3 4 5 5 4 4 4 4 4 4 4 4 4 4 4 4 4 4 4 4 4 4 4 4 4 4 4 5 7 7 8 9 9 
1 1 1 1 1 1 1 1 1 1 1 1 1 1 1 1 1 2 3 11 19 26 26 24 18 17 15 19 29 40 57 73 78 68 60 60 71 81 88 94 96 94 94 100 111 116 110 95 88 89 77 54 45 46 63 86 106 104 113 134 145 148 148 148 150 118 51 9 0 4 2 2 1 1 1 1 1 1 1 1 2 1 2 2 1 1 3 3 5 4 3 1 11 74 143 169 159 159 161 140 81 36 7 4 2 3 2 2 2 2 4 8 12 15 10 9 10 17 23 15 1 1 2 2 1 1 1 1 2 1 1 1 2 3 2 3 3 2 1 2 2 2 8 15 15 7 4 4 3 4 4 3 3 4 5 5 4 4 4 4 4 4 4 4 4 4 4 4 4 4 4 4 4 4 4 4 4 4 4 5 7 7 9 10 9 
1 1 1 1 1 1 1 1 1 1 1 1 1 1 1 1 1 4 8 15 19 24 32 36 26 25 23 24 26 31 49 68 78 73 71 72 73 79 88 101 109 115 122 129 136 136 124 111 109 114 94 72 60 60 76 93 106 113 127 141 142 144 149 148 151 118 57 14 1 3 2 3 1 1 1 1 1 1 1 1 2 1 2 2 1 1 3 4 4 3 3 1 11 72 135 162 169 175 167 147 94 46 10 5 4 4 3 3 2 2 3 7 11 18 10 9 10 16 23 15 1 2 3 2 2 2 1 1 2 1 1 2 2 2 2 3 2 2 1 2 2 2 9 16 15 5 4 4 3 4 4 3 3 3 5 5 4 4 4 4 4 4 4 4 4 4 4 4 4 4 4 4 4 4 4 4 4 3 3 5 7 7 8 9 9 
1 1 1 1 1 1 1 1 1 1 1 1 1 1 2 2 3 10 14 16 22 31 45 51 46 43 37 31 26 29 47 70 82 84 82 82 85 87 93 104 124 138 145 147 150 146 136 130 130 129 113 96 85 84 101 115 120 123 137 143 137 142 145 158 151 128 54 14 1 3 3 3 1 1 2 1 1 1 1 1 1 1 2 2 1 1 3 3 4 3 3 1 11 77 151 175 171 172 171 160 124 61 23 6 5 4 3 3 2 2 2 3 9 22 15 10 10 16 23 17 3 2 2 2 2 2 1 1 2 1 1 2 2 2 2 2 2 1 1 2 2 3 10 17 14 7 4 4 3 4 3 3 3 3 4 4 4 4 4 4 4 4 4 4 4 4 4 4 4 4 4 4 4 4 4 4 4 3 3 5 7 7 8 9 9 
1 1 1 1 1 1 1 1 1 1 1 1 2 1 2 4 4 15 17 18 29 48 66 68 64 54 44 38 33 33 46 67 80 84 88 95 102 105 106 116 137 156 162 157 154 147 142 135 131 131 128 116 107 108 120 137 144 142 145 145 137 136 146 166 152 124 54 13 1 2 2 1 2 1 1 1 1 1 1 2 2 1 2 2 1 1 2 2 3 2 2 1 10 61 135 165 172 173 174 166 143 82 38 8 3 3 3 3 2 2 2 3 12 30 21 10 9 15 21 12 3 2 1 1 2 1 1 1 1 1 1 2 2 2 2 2 2 1 1 1 2 3 9 16 14 7 4 4 3 2 3 3 3 3 4 4 4 4 4 4 4 4 4 4 4 4 4 4 5 5 5 5 5 5 5 5 5 4 4 7 8 7 8 8 10 
1 1 1 1 1 1 1 1 1 1 1 1 1 1 2 4 7 17 23 24 37 62 80 86 73 61 49 45 44 40 47 65 79 79 89 105 118 123 124 135 151 166 173 170 163 152 145 136 130 136 141 134 125 123 130 146 161 159 155 148 142 145 151 164 153 121 56 14 4 3 2 1 1 1 1 1 1 1 1 1 2 1 2 2 1 1 1 2 3 2 2 1 12 67 142 169 177 177 178 174 160 115 47 8 0 3 3 3 2 2 2 3 23 42 25 10 7 12 17 10 4 2 0 0 0 1 1 1 1 1 1 2 2 2 2 2 1 1 1 1 1 2 9 16 14 5 3 4 3 2 3 3 3 3 4 4 4 4 4 4 4 4 4 4 4 4 4 4 5 5 5 5 5 5 5 5 4 5 7 7 9 8 6 11 32 
1 1 1 1 1 1 1 1 1 1 1 1 0 1 2 4 8 18 26 32 50 72 85 90 81 66 53 48 52 55 69 79 85 77 90 111 129 137 143 152 162 177 186 181 169 158 151 142 131 138 150 150 143 138 141 152 163 165 160 152 153 164 164 163 155 125 68 22 9 5 2 1 1 1 1 1 1 1 1 1 1 1 2 2 1 1 1 2 1 1 1 1 15 72 148 172 185 184 185 182 167 137 64 20 2 3 2 2 2 2 2 3 21 44 28 10 7 14 17 10 5 2 1 1 1 1 1 1 1 1 1 2 2 2 2 2 1 1 1 1 1 3 10 17 14 5 3 4 4 3 3 2 3 3 3 3 3 3 3 3 4 4 4 4 4 4 4 4 5 5 5 5 5 5 5 5 5 5 7 7 9 8 5 18 69 
1 1 1 1 1 1 1 1 1 1 1 1 0 0 2 8 11 19 29 45 71 89 94 93 89 74 58 55 62 80 105 109 95 82 100 122 135 142 151 160 167 182 192 185 172 163 157 144 135 139 151 158 156 151 151 155 159 162 160 157 160 170 169 163 157 135 74 19 4 5 3 1 1 1 1 1 1 1 1 1 1 1 2 2 1 1 1 1 1 1 1 1 15 70 146 173 191 199 202 195 180 147 85 27 7 3 2 2 2 2 2 3 14 35 29 11 7 12 17 11 5 4 2 1 1 1 1 1 1 1 1 2 2 2 2 2 2 1 1 1 1 4 12 17 11 4 3 4 4 3 3 3 3 4 4 4 4 4 4 3 4 4 4 4 4 4 4 4 5 5 5 5 5 5 5 5 7 7 8 8 7 7 5 24 83 
1 1 1 1 1 1 1 1 1 1 1 2 1 0 2 9 14 23 33 58 94 116 115 107 104 94 75 72 80 104 131 131 107 92 109 128 138 138 141 153 166 179 184 178 171 165 156 145 139 139 149 159 163 162 157 153 153 152 153 159 160 161 159 159 158 140 82 17 0 5 1 1 1 1 1 1 1 1 1 1 1 1 1 1 1 1 1 1 1 1 1 1 12 64 142 174 178 181 181 174 167 152 94 34 16 4 2 2 2 2 2 2 10 28 28 14 8 12 17 12 7 5 2 1 1 1 1 1 1 1 1 2 2 2 2 2 2 2 1 2 2 5 14 17 10 3 3 4 4 3 3 3 3 4 4 4 4 4 4 4 4 4 4 4 4 4 4 4 5 5 5 5 5 5 5 5 7 7 8 8 7 4 13 33 68 
1 1 1 1 1 1 1 1 1 0 1 1 1 1 2 12 23 31 43 66 102 129 136 130 129 125 104 96 101 121 142 137 115 100 108 123 130 126 122 139 158 170 172 169 167 164 155 146 143 142 144 153 162 165 162 159 152 143 146 158 159 154 152 155 154 144 90 24 6 7 1 1 1 1 1 1 1 1 1 1 2 1 1 1 1 1 1 1 1 1 1 1 11 61 138 171 170 170 169 163 157 147 99 40 12 4 2 2 2 2 2 2 9 26 29 19 9 10 15 11 10 8 2 1 1 2 1 1 1 1 1 2 2 2 2 2 2 2 1 2 3 8 15 16 10 3 3 4 4 3 3 3 4 4 4 4 4 4 4 4 4 4 4 4 4 4 4 4 5 5 5 5 5 5 5 5 5 5 5 7 8 8 22 44 82 
1 1 1 1 1 1 1 1 1 0 1 2 1 1 5 19 30 45 60 75 101 126 139 144 144 141 126 115 114 126 134 124 108 92 93 109 114 107 103 125 145 158 163 164 164 160 153 146 143 142 141 142 151 159 163 165 160 153 155 160 158 153 150 153 153 145 81 28 13 5 1 1 1 1 1 1 1 1 1 2 2 1 1 1 1 1 1 1 1 2 3 2 11 61 138 169 167 167 165 159 156 153 113 54 22 5 3 3 2 2 2 2 5 22 26 23 11 8 12 10 14 8 3 1 1 1 1 1 1 1 2 2 2 2 2 2 2 2 1 2 4 10 15 15 9 4 3 3 3 4 5 4 4 5 4 4 4 4 4 4 4 4 4 4 4 4 4 4 5 5 5 5 5 5 5 5 5 5 7 7 10 18 26 77 153 
1 1 1 1 1 1 1 1 1 1 2 3 3 5 12 24 39 56 68 80 97 116 131 142 144 143 135 123 124 124 113 94 81 66 69 91 99 94 100 118 132 151 157 162 163 159 155 148 144 142 138 138 139 150 164 167 173 173 166 163 159 153 148 153 154 147 82 33 11 3 1 1 1 1 1 1 1 1 1 2 2 2 1 2 2 2 2 2 1 3 5 3 11 66 138 166 165 165 163 157 157 151 130 73 28 13 4 3 2 2 2 2 3 11 22 18 15 8 12 14 17 8 3 2 1 1 1 1 1 1 2 2 2 2 2 2 2 2 2 3 4 11 16 12 9 7 3 3 3 5 8 5 5 5 5 5 5 5 5 5 4 4 4 4 4 4 4 4 5 5 5 5 5 5 5 5 7 7 7 7 12 23 60 156 228 
1 1 1 1 1 1 1 1 1 1 1 3 8 19 28 37 49 60 70 78 94 110 129 138 146 149 142 135 131 120 99 80 59 53 59 77 89 96 109 122 129 145 153 157 159 157 152 148 144 142 138 137 139 151 162 169 174 172 166 164 160 154 149 150 148 146 121 50 12 5 1 1 1 1 1 1 1 1 1 2 1 1 2 1 2 2 2 1 1 3 8 3 10 68 139 166 164 164 162 160 155 149 132 82 31 18 7 3 2 2 3 2 2 5 17 31 15 9 10 14 19 8 1 1 1 1 1 1 1 1 1 2 2 2 2 2 2 2 3 3 5 14 14 10 9 7 4 3 3 5 9 5 5 7 5 4 4 5 5 4 4 4 4 4 4 4 4 4 4 4 4 4 4 4 5 5 5 7 9 8 10 26 90 198 250 
1 1 1 1 1 1 1 1 1 1 4 9 18 30 40 51 60 72 80 87 99 120 137 144 151 152 151 150 138 116 94 78 58 53 54 71 93 108 118 124 127 141 148 151 152 152 150 149 146 145 143 141 141 145 153 158 160 160 160 160 157 152 147 146 143 141 121 56 13 5 1 2 1 1 1 1 1 1 1 1 1 1 1 1 2 2 2 1 1 3 5 2 12 71 141 170 165 160 158 150 149 145 141 108 50 23 10 5 2 2 3 2 2 7 16 17 12 9 8 11 19 7 1 1 1 1 1 1 1 1 1 2 2 2 2 2 2 2 3 4 8 15 14 11 9 8 5 4 4 5 10 5 5 5 5 4 5 5 5 5 4 4 5 5 5 5 5 5 5 5 5 5 5 5 5 5 5 7 9 6 10 42 131 226 244 
1 1 1 1 1 1 1 1 2 3 9 17 28 38 49 65 75 85 95 105 117 138 151 152 152 153 157 163 152 127 102 84 66 65 68 85 106 123 130 131 132 142 147 150 146 148 149 151 150 150 150 145 138 139 149 155 155 155 155 156 153 149 145 144 145 147 120 58 11 4 3 4 2 2 1 1 1 1 1 1 1 1 1 1 1 2 2 1 2 3 3 0 14 75 142 174 167 167 166 167 171 173 175 159 96 33 15 7 3 2 3 3 3 8 12 14 10 8 7 10 10 5 1 1 1 1 1 1 1 1 1 2 2 2 2 2 2 3 4 4 10 16 14 12 11 10 8 6 7 7 5 7 5 5 7 4 7 7 7 5 5 4 7 7 7 7 7 7 7 5 5 5 5 5 5 5 5 7 9 6 11 57 145 223 241 
1 1 1 1 1 1 1 1 2 3 11 18 30 47 65 81 88 99 109 118 130 144 151 151 155 159 167 171 165 145 120 99 84 87 97 111 124 137 143 139 139 147 151 151 145 146 150 152 153 153 154 149 139 140 151 158 160 158 157 157 155 151 149 149 151 152 134 73 14 3 5 5 2 2 1 1 1 1 1 1 1 1 1 1 1 1 1 1 1 3 1 0 18 96 165 186 191 195 193 203 214 213 213 204 150 64 21 7 3 2 3 3 7 9 16 17 11 11 10 11 9 5 1 1 1 1 1 1 1 1 2 3 3 3 3 2 2 4 5 5 12 14 11 9 9 8 6 5 7 8 5 5 5 7 5 7 7 7 8 8 8 7 9 9 9 9 9 9 9 8 8 8 8 8 8 8 8 9 10 9 13 48 114 187 229 
1 1 1 1 1 1 2 2 2 4 9 14 32 57 78 88 96 109 120 127 132 133 136 146 157 163 170 173 170 157 135 114 102 110 123 135 143 149 152 149 145 153 155 151 146 149 150 151 151 155 159 159 155 153 158 160 164 164 160 155 150 146 147 147 149 139 134 85 24 5 4 3 2 2 1 1 1 1 1 1 1 1 1 1 1 1 1 2 2 2 3 2 26 113 186 196 213 216 215 216 215 214 214 209 159 73 28 7 2 4 4 5 12 5 3 11 2 8 18 14 10 5 1 1 1 1 1 1 1 1 2 2 2 2 1 1 1 4 4 15 19 12 10 9 8 8 8 8 7 8 9 7 7 9 8 9 8 9 10 10 10 11 11 12 12 12 12 12 12 12 11 11 11 11 11 11 12 11 12 13 15 30 70 127 162 
1 1 1 1 1 1 3 3 4 9 11 16 29 52 71 81 88 101 115 125 124 115 116 138 155 157 163 171 167 158 138 117 121 134 142 151 157 158 159 156 152 156 157 151 146 148 150 149 148 153 165 171 171 164 154 149 148 150 148 143 134 127 126 128 124 121 114 85 33 6 1 1 2 2 1 1 1 1 1 1 1 1 1 1 1 1 2 2 2 2 3 3 23 95 161 176 178 192 195 185 166 160 169 166 122 47 21 9 4 9 10 14 19 24 26 36 35 47 44 25 5 2 1 1 1 1 1 1 1 1 2 2 2 2 2 1 1 4 4 33 26 10 9 8 9 9 9 6 7 10 10 9 9 12 12 10 10 14 14 12 14 14 14 15 17 16 17 16 15 16 15 15 15 15 16 18 18 17 18 17 18 22 39 63 75 
1 1 1 1 1 1 2 4 11 19 22 19 22 37 58 74 82 90 103 115 110 99 104 125 136 138 143 153 155 149 132 118 130 146 156 158 156 153 154 153 153 155 158 156 151 150 153 156 158 162 166 167 160 145 128 115 115 119 121 115 101 89 87 85 86 90 86 65 31 9 0 0 3 1 1 1 1 1 1 1 1 1 1 1 1 1 1 1 2 2 2 3 19 66 107 115 107 128 132 121 101 90 97 95 67 22 10 11 8 10 14 15 45 57 68 87 93 78 47 24 2 1 1 1 1 1 1 1 1 1 1 1 1 1 1 1 2 4 11 49 51 31 4 14 11 12 11 8 11 16 12 11 10 11 8 4 9 12 12 13 18 18 18 16 18 18 17 17 18 18 20 20 20 22 23 24 24 24 23 22 22 24 30 32 36 
1 1 1 1 1 1 2 9 26 40 44 35 24 34 60 85 93 94 99 104 100 89 86 96 100 107 115 128 141 139 130 128 139 153 162 159 157 157 160 163 159 159 169 170 164 167 179 185 184 169 144 127 110 90 73 68 74 91 102 92 72 56 44 45 42 51 47 40 29 10 1 0 2 1 1 1 1 1 1 1 2 2 1 1 1 1 1 1 2 2 1 3 15 40 53 51 50 47 50 46 43 38 35 33 26 17 14 14 10 10 18 35 72 88 95 117 108 57 26 8 1 1 1 1 1 1 1 1 1 1 1 1 1 1 1 2 3 4 15 54 81 59 7 11 17 19 17 18 18 17 15 11 11 16 22 29 32 33 34 36 37 36 30 24 22 19 23 32 36 32 34 33 30 29 27 26 27 29 29 28 25 27 30 33 30 
1 1 0 0 2 2 3 17 45 64 67 55 40 45 66 85 94 94 93 95 92 78 75 93 104 111 124 146 163 163 163 172 175 182 189 188 191 195 199 198 194 193 192 185 174 180 193 195 184 152 102 71 53 37 32 33 39 61 75 76 59 39 23 22 21 21 19 26 28 16 2 0 1 1 0 0 1 1 1 1 1 1 1 1 1 1 1 1 1 1 1 2 17 42 58 60 33 28 14 7 11 17 17 17 16 18 16 15 14 12 14 23 44 49 52 42 32 8 4 1 1 1 1 1 1 1 1 1 1 1 1 1 1 1 1 2 4 7 39 88 145 138 73 24 28 30 22 21 25 24 25 24 39 77 106 123 122 120 119 116 111 106 96 81 73 69 79 93 102 101 101 97 89 83 75 73 73 71 67 63 61 63 67 71 74 
1 1 0 0 1 1 7 26 56 71 75 78 78 81 80 81 97 103 104 111 117 120 130 151 159 163 176 194 208 210 213 215 215 217 224 224 227 229 226 216 209 200 191 173 155 156 166 164 145 110 65 39 31 23 23 22 22 33 45 47 40 38 38 42 37 42 60 46 31 22 3 0 1 0 0 0 1 2 1 1 1 1 1 1 1 1 1 1 1 1 1 2 8 10 21 30 21 22 16 15 19 24 26 25 24 23 21 21 19 19 22 28 46 8 4 0 2 3 1 1 1 1 1 1 1 1 1 1 1 1 1 1 1 1 1 1 30 45 110 155 201 193 120 53 51 43 30 28 36 37 40 52 101 164 201 213 214 209 211 208 203 201 192 173 167 165 173 183 190 194 195 194 188 185 172 167 164 158 150 144 144 148 153 158 164 
1 1 0 0 0 4 16 39 66 78 86 99 114 117 110 100 111 125 134 148 164 179 193 207 215 216 220 226 231 233 230 228 227 227 227 211 198 191 180 163 151 137 129 112 99 101 111 113 97 72 43 26 22 18 15 12 23 40 53 60 67 80 97 116 129 141 149 114 75 51 12 0 1 1 2 2 1 1 1 1 1 1 1 1 1 1 1 1 1 1 1 3 3 7 11 19 35 50 54 51 41 36 32 29 30 33 36 36 34 34 33 35 23 0 0 0 3 2 1 1 1 1 1 1 1 1 1 1 1 1 1 1 1 1 1 1 37 68 135 144 160 167 144 109 74 67 50 45 42 46 53 74 137 202 237 243 241 238 250 251 244 245 242 234 230 234 235 237 238 238 240 242 242 241 228 223 222 220 216 214 216 219 224 228 231 
1 1 0 0 3 15 32 59 80 90 96 104 116 124 126 122 132 149 164 180 196 209 220 224 227 231 229 228 229 228 220 215 209 198 173 138 111 102 93 81 73 60 60 57 60 78 92 94 87 70 46 26 21 19 17 18 31 52 74 87 101 120 145 165 189 200 207 166 98 46 9 0 1 1 2 2 1 1 1 1 1 1 1 1 1 1 1 1 1 2 3 2 3 1 0 12 61 95 129 137 124 97 64 40 43 49 50 46 45 40 38 36 25 0 0 1 2 2 1 1 1 1 1 1 1 1 1 1 1 1 1 1 1 1 1 1 18 50 71 63 58 71 102 111 59 71 66 56 49 64 75 90 132 187 224 238 241 240 249 252 247 248 247 247 245 245 245 245 245 244 244 244 243 241 237 236 236 237 240 238 240 241 244 247 249 
2 1 1 0 8 28 59 88 99 104 109 107 104 115 128 145 173 185 196 210 221 227 233 233 234 238 237 233 226 219 205 182 165 142 105 68 46 40 39 38 37 35 36 52 78 104 121 118 110 97 78 51 32 23 19 25 32 49 73 88 108 126 150 165 175 187 188 136 64 9 0 0 0 0 1 1 1 1 1 1 1 1 1 1 1 1 1 1 1 2 3 2 2 0 0 9 64 117 189 207 181 153 118 81 78 73 67 58 56 49 47 40 49 7 1 2 5 3 2 1 1 1 1 1 1 1 1 1 1 1 1 1 1 1 2 1 9 19 11 17 15 9 37 54 30 45 52 51 58 83 109 135 157 181 212 238 248 244 245 249 249 249 249 249 250 250 250 249 249 248 247 244 244 245 244 244 244 244 245 245 245 247 248 248 250 
3 4 3 3 15 52 101 130 137 142 142 136 134 145 163 187 215 222 229 237 241 244 243 241 238 232 221 208 191 174 151 121 102 84 62 45 33 31 31 32 31 31 31 54 101 140 160 159 158 156 140 108 74 53 52 63 75 90 107 123 143 158 172 173 173 164 132 71 20 2 5 6 4 3 1 1 1 1 1 1 1 1 1 1 1 1 1 1 1 2 3 2 2 0 0 5 23 86 178 213 199 188 174 146 144 134 125 114 110 106 99 87 84 21 3 9 8 5 3 2 1 1 1 1 1 1 1 1 1 1 1 1 1 1 1 1 14 5 9 1 7 18 23 17 16 20 26 31 39 75 133 186 208 216 223 238 247 247 247 245 247 248 250 250 251 251 250 250 249 249 248 245 247 247 247 245 247 247 248 248 249 249 250 250 251 
9 8 5 4 35 97 154 180 186 188 189 193 195 201 210 223 236 240 238 233 229 230 221 206 194 174 151 131 111 96 81 61 49 43 38 35 31 31 31 31 31 31 31 51 96 145 177 191 219 222 203 173 144 134 144 158 165 172 178 187 202 210 210 193 202 169 99 21 3 2 2 8 4 2 1 1 1 1 1 1 2 2 1 1 1 1 1 1 1 1 1 1 1 1 3 4 0 54 155 213 220 216 221 209 207 199 194 193 191 188 182 162 141 39 5 14 5 4 3 2 1 1 1 1 1 1 1 1 1 1 1 1 1 1 1 1 11 4 8 0 3 10 18 15 8 7 8 11 15 44 122 201 237 248 239 238 240 244 245 247 248 249 250 250 251 250 250 250 249 249 250 250 249 249 248 248 248 248 248 248 249 249 250 250 250 
4 5 5 17 84 166 214 222 219 219 227 234 235 234 233 233 226 217 200 178 163 153 138 130 121 101 81 68 63 58 52 49 46 45 44 44 45 49 52 52 54 60 77 94 114 145 181 206 240 241 229 216 208 210 219 219 219 215 212 221 231 229 216 201 191 136 67 21 4 3 1 0 1 1 1 1 1 1 1 1 2 2 1 1 1 1 1 1 1 1 1 2 1 1 8 3 0 38 135 212 242 244 242 239 236 237 237 238 238 241 241 223 187 89 28 14 5 2 2 2 2 2 1 1 1 1 1 1 1 1 1 1 1 1 1 1 1 4 10 11 4 4 9 10 7 4 3 6 10 19 79 157 217 250 250 249 245 247 247 247 248 249 250 250 251 250 249 249 249 250 251 251 251 250 249 249 249 249 249 249 249 249 250 250 250 
3 4 3 47 150 234 251 244 243 245 247 245 240 226 212 196 187 164 142 120 97 81 71 71 72 85 93 89 91 95 99 103 106 109 113 115 117 118 121 122 123 134 153 170 178 182 195 220 224 226 226 222 221 223 222 216 213 210 209 212 221 221 219 215 195 164 79 13 3 3 1 2 1 1 2 2 2 2 2 2 1 1 1 1 1 1 1 1 1 1 1 2 3 2 5 3 0 36 140 224 247 249 249 249 247 247 247 247 247 247 250 227 199 110 40 28 8 2 2 1 1 2 1 1 2 3 1 1 1 1 1 1 1 1 1 2 2 4 5 4 4 3 4 7 7 5 5 5 7 7 22 62 129 191 222 234 241 243 249 251 251 251 251 251 252 251 250 250 249 250 251 251 251 249 249 249 249 249 249 249 249 249 249 250 250 
12 0 9 101 206 253 246 243 243 238 224 212 188 158 134 115 110 93 79 75 65 50 47 59 71 101 124 136 147 153 159 169 177 181 185 186 184 175 169 164 165 172 184 199 205 201 202 212 210 208 208 208 213 216 215 209 207 208 208 210 228 232 237 238 201 158 63 5 3 4 2 2 1 2 2 3 2 2 2 2 1 1 1 1 1 1 1 1 1 1 1 2 3 3 5 4 2 24 124 222 245 247 248 248 247 247 247 247 247 247 252 250 217 145 53 33 12 1 2 1 1 2 1 1 2 3 1 1 1 1 1 1 1 1 2 3 3 4 3 4 4 4 4 4 4 5 8 5 6 5 6 13 42 87 125 156 188 209 224 235 239 245 245 248 251 252 251 251 248 249 251 251 250 247 244 248 249 249 249 249 249 249 250 250 249 
9 0 24 125 208 230 221 214 198 185 167 149 117 90 75 68 72 74 82 102 100 88 91 101 109 129 156 177 184 182 191 202 213 215 216 216 208 191 177 171 173 180 189 202 209 207 203 202 202 202 201 207 214 220 221 219 216 216 217 220 230 236 242 245 220 169 77 12 4 4 4 3 2 3 3 4 3 3 2 2 2 1 1 1 1 1 1 1 1 1 3 3 3 4 5 4 4 22 116 226 250 249 249 249 248 248 248 248 248 248 252 244 207 134 56 35 11 0 3 3 1 2 1 1 2 2 1 1 1 1 1 2 1 1 3 4 5 8 1 4 4 4 4 4 4 5 7 7 6 4 5 5 9 17 35 52 86 115 131 145 166 184 188 195 206 220 242 252 250 250 250 249 249 245 248 249 250 249 249 249 250 250 250 251 250 
0 0 27 115 186 196 187 175 162 153 151 141 124 117 116 118 124 133 150 179 182 173 179 183 186 189 203 209 195 187 196 209 222 221 221 221 214 201 191 185 189 199 206 215 220 216 212 209 209 213 215 220 223 227 229 228 227 228 229 229 230 233 238 242 227 189 87 15 7 5 4 3 2 3 3 4 4 4 3 2 2 1 1 1 1 1 1 1 1 1 2 3 3 4 5 3 8 43 130 214 250 250 248 248 248 248 248 248 248 248 252 224 187 107 43 25 5 1 5 3 2 3 2 1 1 1 1 1 2 2 2 1 1 2 3 3 9 21 8 4 4 4 4 4 4 4 7 9 8 5 6 8 8 6 9 9 20 36 44 46 66 80 88 95 109 135 172 214 246 250 250 250 248 248 249 251 250 250 249 249 249 249 249 250 249 
0 7 60 148 198 195 192 194 195 200 206 206 206 204 205 208 209 213 221 237 244 238 241 247 244 241 241 233 211 199 209 228 233 234 236 237 234 230 223 220 222 226 230 233 234 231 231 230 229 232 235 235 233 233 234 234 234 236 237 238 237 235 242 240 228 208 123 37 4 5 3 3 2 2 4 4 4 4 3 2 2 1 1 1 1 1 1 1 1 1 2 2 3 3 4 2 3 56 162 220 248 251 249 249 248 249 248 248 248 248 248 200 125 67 27 5 5 8 5 3 2 3 2 1 2 2 1 1 1 1 2 2 2 3 3 3 12 30 18 10 5 4 4 4 4 4 7 9 8 7 8 8 9 11 12 8 6 8 13 15 14 18 23 23 31 53 81 134 206 240 251 250 245 250 252 251 250 251 251 251 250 249 249 250 249 
12 38 123 209 237 235 239 245 248 249 249 249 250 249 245 248 247 244 247 249 251 249 249 251 250 249 247 241 229 218 228 242 244 246 245 247 246 246 244 243 244 243 243 243 242 242 243 243 243 243 244 242 240 239 239 237 238 240 242 243 242 242 246 237 238 234 184 88 16 4 3 3 2 3 4 4 4 4 3 2 2 1 1 1 1 1 1 2 1 1 1 2 3 3 5 3 22 96 207 244 248 251 251 250 248 249 248 248 249 249 230 155 82 38 22 1 0 1 4 3 2 3 2 1 2 2 1 1 2 1 2 3 3 3 4 4 17 26 15 10 8 7 5 4 4 4 5 8 7 4 6 7 9 11 11 8 8 10 11 13 8 12 14 9 12 22 30 63 153 228 252 248 244 250 250 250 250 250 251 250 249 248 248 248 248 
25 70 168 238 251 252 252 251 243 232 229 230 241 245 239 239 242 244 247 249 249 248 248 248 248 245 247 245 243 240 243 247 247 248 249 249 250 250 249 248 249 249 249 249 249 249 249 250 250 248 247 247 246 246 244 244 245 246 248 250 250 250 249 231 244 248 223 152 66 22 3 3 3 3 2 3 3 3 2 2 3 2 2 2 1 1 1 2 1 1 1 2 2 3 4 2 61 145 229 250 249 251 250 250 248 249 248 247 250 249 213 120 52 22 19 10 8 4 3 3 3 3 2 2 3 3 3 4 4 3 4 4 3 4 5 8 16 16 5 3 7 9 7 7 4 4 4 5 8 5 6 8 9 11 9 8 5 5 10 12 7 14 15 10 12 18 18 30 125 221 252 250 248 248 249 251 250 250 250 249 248 245 244 241 241 
16 74 193 249 247 249 245 213 175 146 147 170 209 238 238 239 242 245 248 248 247 247 247 247 247 245 245 247 247 250 249 247 247 247 248 248 250 250 247 244 247 248 249 249 249 250 250 249 249 248 247 248 247 247 247 248 249 249 250 250 250 251 251 236 248 250 237 203 129 56 15 7 4 3 2 3 2 2 2 2 3 3 2 2 1 2 1 2 2 2 2 2 3 3 3 17 141 206 237 251 250 250 250 250 249 249 248 247 250 241 173 92 29 9 16 14 9 6 2 3 4 3 2 2 7 9 7 8 10 9 7 4 3 5 5 5 16 15 8 4 7 8 7 5 4 4 4 5 8 6 8 9 10 10 9 6 5 5 8 9 4 10 12 11 15 19 18 26 120 222 252 251 249 248 250 251 249 249 248 248 248 245 243 238 237 
12 71 184 242 240 237 217 162 95 52 61 102 173 234 246 246 244 246 247 247 247 247 245 247 245 245 244 245 248 245 249 249 248 246 244 248 250 250 246 242 240 243 247 249 250 251 251 250 249 249 249 248 248 247 248 250 251 251 251 249 249 251 251 250 249 249 251 251 227 150 64 39 18 8 1 2 3 3 3 4 3 2 2 2 2 2 2 1 1 2 2 2 3 3 3 8 116 201 253 251 251 250 249 249 249 249 248 247 250 224 139 71 17 12 21 18 10 5 2 3 3 3 2 4 7 7 9 9 14 12 10 9 7 7 5 5 15 17 10 4 5 7 5 4 4 4 6 8 8 8 8 8 7 7 7 7 7 7 4 4 5 7 12 16 18 19 25 56 137 226 251 249 249 250 250 250 249 248 248 249 249 249 248 248 248 
6 53 144 203 217 215 187 135 93 73 81 116 177 230 246 249 249 249 245 245 245 245 245 247 245 245 245 247 245 243 244 247 248 246 245 248 249 249 244 238 236 240 244 248 250 251 251 250 249 248 247 248 248 248 250 250 250 250 250 249 250 251 249 248 247 248 249 247 238 219 173 115 104 54 11 2 4 4 4 4 4 3 2 2 2 2 2 2 2 2 2 2 3 5 3 11 144 229 253 251 250 249 249 249 249 249 248 247 248 210 121 54 9 4 16 25 10 6 3 3 4 4 4 11 19 18 12 11 14 14 15 14 12 9 8 10 14 18 11 4 4 7 7 7 5 5 6 8 8 8 6 6 7 8 8 9 8 8 9 9 9 10 13 17 25 44 71 120 192 242 252 247 248 251 251 250 249 249 249 250 250 250 249 250 250 
8 39 103 147 156 151 146 130 123 129 141 165 194 220 231 238 232 239 240 240 242 243 245 247 245 247 248 248 249 249 250 250 250 250 250 250 250 249 245 244 245 246 250 250 251 252 251 250 249 249 248 250 250 250 251 250 250 251 251 251 251 251 250 249 247 249 250 250 244 243 245 212 202 103 23 3 5 5 5 5 5 4 3 3 3 3 2 2 2 2 2 2 3 3 9 53 178 245 252 252 250 249 249 249 249 249 248 248 250 234 163 101 52 43 38 30 13 8 4 4 4 5 8 19 27 24 18 14 15 15 16 15 15 11 11 10 12 21 14 7 8 11 10 9 9 8 8 10 11 8 7 7 8 11 12 11 9 8 5 7 10 16 23 38 71 116 163 202 233 250 252 245 245 251 250 249 249 249 249 247 244 243 244 247 249 
12 32 60 75 81 72 82 88 92 97 113 130 143 149 157 170 157 170 177 180 185 192 201 205 206 210 214 222 227 230 235 239 241 245 249 250 250 250 250 250 250 251 251 251 251 251 251 251 251 250 251 249 251 252 251 250 250 251 251 250 250 250 251 251 252 252 252 251 249 247 247 243 212 106 22 5 8 7 5 5 4 4 3 3 3 3 2 2 2 2 2 3 2 5 37 116 212 247 250 252 250 249 249 249 249 249 248 247 251 251 228 195 158 135 101 57 10 4 4 3 4 5 9 16 20 19 16 14 13 13 13 15 14 11 9 12 16 18 14 7 5 8 8 7 7 7 8 14 11 8 7 6 5 8 14 19 24 26 30 46 61 81 96 125 165 205 238 249 249 250 251 248 247 249 249 249 248 247 245 241 238 238 242 247 249 
7 18 24 26 30 22 28 35 33 33 39 47 54 60 66 71 67 72 75 82 88 93 101 110 114 116 121 137 143 151 163 166 177 188 195 201 205 210 216 223 231 234 230 226 223 233 241 245 247 250 251 248 248 253 253 251 250 251 250 250 250 250 252 252 252 252 252 252 252 250 247 242 181 80 11 8 7 8 7 5 5 4 3 3 3 3 2 2 2 2 3 3 18 3 50 152 247 248 251 251 250 249 249 249 249 249 249 248 249 249 251 245 228 194 130 52 7 1 3 3 3 4 7 10 12 13 12 12 12 12 10 11 12 10 5 16 14 14 10 7 10 15 14 14 14 15 17 15 14 21 21 15 9 15 36 60 88 115 131 153 172 187 201 222 240 252 253 252 251 251 250 250 250 248 248 248 248 245 244 243 242 243 245 248 249 
4 8 12 10 10 8 11 17 14 14 14 15 15 17 18 21 21 23 25 26 29 32 34 37 40 41 43 50 54 60 67 72 81 90 97 103 108 115 124 137 158 162 156 149 150 164 181 195 207 219 224 222 219 216 222 236 249 251 252 252 252 250 251 251 251 250 249 251 252 252 250 245 169 65 3 8 7 7 7 5 5 4 3 3 3 3 2 2 2 2 3 3 7 14 104 200 255 254 252 251 250 248 248 248 249 249 250 250 251 252 252 229 208 166 102 37 7 2 3 3 3 3 4 7 8 10 10 10 11 10 9 9 10 8 4 25 26 50 67 71 80 89 87 86 86 77 79 79 84 92 94 92 85 93 110 133 172 206 221 235 242 241 244 250 251 251 250 249 250 250 249 250 250 250 250 250 249 250 251 249 248 248 248 247 247 
6 8 12 10 9 8 10 14 11 12 12 14 15 16 17 17 17 16 16 16 16 17 19 19 19 22 22 20 22 23 25 27 29 31 37 40 41 45 49 57 70 73 70 65 66 77 93 107 116 118 135 137 134 136 149 169 199 229 243 245 249 251 252 253 253 253 251 253 253 253 251 241 139 55 4 6 5 5 5 4 4 3 3 3 3 3 3 3 3 3 8 5 0 27 129 229 255 252 250 250 250 249 250 251 250 248 244 241 236 233 212 186 152 111 65 24 9 4 3 3 2 2 3 4 4 7 8 8 8 7 7 8 8 8 7 18 75 153 182 181 195 202 202 193 194 176 185 193 196 195 199 200 195 198 198 202 217 236 248 245 248 243 245 246 245 247 247 247 248 249 250 249 248 250 250 250 249 250 250 249 248 248 248 248 248 
13 13 12 10 8 6 8 10 10 10 11 12 15 15 13 13 13 12 12 13 14 15 17 17 17 18 17 17 18 18 20 22 21 21 23 23 23 25 26 28 28 29 30 28 28 31 39 42 42 39 51 54 54 61 72 79 113 158 178 182 192 206 215 226 231 234 237 241 243 240 222 207 71 20 1 6 4 4 4 4 4 3 3 3 3 4 3 4 5 5 12 12 12 55 155 240 247 254 250 247 245 242 238 236 213 195 182 158 146 137 118 104 86 66 36 15 10 4 3 2 1 1 2 2 4 5 7 5 5 5 5 7 7 8 10 11 109 215 248 247 249 249 249 248 246 244 241 245 249 250 248 248 247 245 243 241 241 243 243 242 247 245 248 246 247 248 248 248 249 249 250 250 250 250 250 250 249 250 250 249 249 249 249 249 248 
14 12 11 11 10 10 10 11 11 12 11 12 14 14 13 13 12 12 12 12 15 17 17 18 18 17 16 16 17 18 18 19 20 18 17 17 18 19 22 24 26 26 28 26 30 30 31 33 34 33 31 32 30 31 37 43 57 72 78 82 90 103 115 127 145 143 150 155 151 137 114 101 5 5 1 5 4 4 4 4 3 3 3 3 3 3 4 5 7 8 12 12 8 38 106 184 205 192 182 172 167 169 165 153 137 117 109 93 89 84 73 67 59 49 39 15 10 8 4 2 1 1 1 3 2 3 4 5 5 4 5 6 5 9 10 31 97 200 237 242 244 244 245 247 248 249 249 251 249 252 249 250 250 250 251 251 251 250 249 248 248 248 249 248 248 248 248 249 249 249 250 250 250 249 249 250 249 250 250 249 249 249 249 249 249 
10 10 12 15 16 16 13 15 15 15 15 17 18 17 17 17 15 15 15 15 17 19 19 24 25 19 18 19 21 22 23 23 24 24 24 24 24 25 28 29 29 29 30 31 33 33 35 36 37 36 33 33 32 31 35 37 37 35 33 37 42 47 52 54 52 53 63 71 61 50 31 22 5 5 3 5 4 4 4 4 3 3 3 3 3 3 4 7 9 10 11 5 11 21 51 134 113 101 103 106 110 124 123 113 96 94 102 114 121 122 129 130 148 143 109 44 8 7 4 2 1 1 1 2 2 3 4 5 4 4 5 6 7 10 10 23 86 189 233 244 247 245 245 245 245 245 245 250 251 252 251 251 250 250 251 250 251 251 251 251 249 250 249 249 249 248 249 250 250 249 250 250 250 249 249 250 249 249 249 249 249 249 249 249 249 
11 11 14 16 18 17 17 17 19 20 21 22 22 22 19 17 17 17 18 18 19 21 21 26 29 21 18 21 25 26 26 26 25 24 24 24 23 23 24 24 23 23 24 25 26 26 26 26 26 25 26 26 27 27 29 31 32 31 31 36 38 39 42 43 44 43 40 25 24 22 11 5 5 5 4 4 3 3 4 5 3 3 4 4 2 3 4 8 11 14 9 4 18 16 23 87 84 101 117 136 149 167 167 163 160 163 175 192 201 206 212 215 216 217 164 73 3 1 3 4 2 1 1 1 2 3 3 4 4 4 5 6 7 12 11 25 84 182 228 243 251 249 247 242 220 213 217 233 247 250 251 250 250 250 251 251 251 251 251 251 249 251 249 249 249 248 249 249 249 250 250 249 249 249 249 249 249 249 249 249 249 249 249 249 249 
24 22 18 15 14 15 21 22 20 20 21 21 19 19 18 17 17 18 19 19 19 21 22 26 28 22 18 19 24 27 30 31 31 31 30 31 32 32 32 32 32 32 32 30 32 32 33 35 33 33 33 33 33 34 32 31 31 31 31 33 37 40 43 44 45 49 33 14 5 3 2 2 1 3 4 4 3 3 3 4 3 3 4 4 2 3 4 8 14 17 14 7 25 15 30 110 137 163 182 203 214 219 219 220 222 224 229 231 234 237 237 238 238 237 187 84 3 1 3 5 4 3 2 3 3 3 3 4 4 4 5 6 7 14 11 22 81 189 235 241 242 242 240 230 208 196 202 222 238 249 249 247 250 250 251 251 251 251 251 251 250 250 249 249 248 248 249 249 250 251 250 250 249 249 249 249 249 249 249 249 249 249 249 249 249 
39 38 35 32 36 39 43 45 47 49 52 56 58 59 59 59 60 60 60 60 60 61 62 65 66 61 57 56 57 63 73 83 93 96 97 98 99 99 100 101 101 101 101 99 100 101 102 102 101 99 97 97 96 93 89 87 87 85 85 85 87 90 94 96 96 47 11 7 3 3 3 3 3 3 4 4 3 3 3 4 3 3 3 3 2 3 4 7 26 35 28 15 4 9 54 150 214 226 230 234 235 236 236 236 237 240 244 245 247 247 247 247 245 241 181 72 9 5 5 5 4 4 3 4 3 4 4 4 3 4 5 5 7 12 12 26 104 205 242 243 248 248 240 221 234 226 227 234 243 249 249 248 249 249 250 251 251 252 252 252 250 249 249 249 248 249 249 249 250 250 249 249 249 249 249 249 249 249 249 249 249 249 249 249 249 
65 67 71 79 96 108 111 118 128 135 139 148 157 155 156 156 158 158 158 159 160 160 161 161 163 161 155 148 145 152 171 183 198 199 201 201 199 199 198 199 199 200 201 201 201 202 201 200 198 195 193 193 193 189 188 187 189 190 193 193 192 190 194 196 192 113 24 5 3 3 4 3 4 3 4 4 3 3 3 4 3 3 3 3 2 3 4 3 42 56 44 26 16 36 89 185 244 245 249 248 245 243 243 244 244 246 248 251 252 252 252 252 252 247 186 75 15 10 8 5 4 4 4 4 4 4 4 4 3 3 4 5 7 11 14 28 107 214 253 251 252 250 247 235 250 249 248 247 249 249 249 249 248 249 249 250 251 252 251 252 249 248 247 245 248 249 249 249 249 249 249 249 249 249 249 249 249 249 249 249 249 249 249 249 249 
82 88 97 111 129 143 159 173 177 185 192 201 213 210 210 214 216 218 221 224 226 226 229 231 237 240 231 226 223 229 241 245 249 251 253 253 252 252 251 250 249 249 249 249 250 250 250 249 248 247 244 244 245 245 245 245 247 249 252 252 251 249 249 250 240 151 30 3 5 4 4 4 3 3 3 3 2 2 2 3 2 2 2 3 3 4 5 5 44 60 60 52 41 58 109 203 250 248 250 249 247 248 248 249 248 250 252 252 252 252 252 252 252 249 186 79 18 14 9 6 5 5 5 4 5 4 3 3 3 3 4 4 7 12 12 20 106 217 253 252 252 251 249 249 250 250 249 250 249 248 247 248 249 251 250 249 249 249 248 249 248 248 245 244 247 248 248 248 248 249 249 248 249 249 249 249 249 249 249 249 249 249 249 249 249 
78 80 87 90 95 104 124 130 128 131 131 137 146 149 151 158 163 168 174 179 179 181 186 189 202 208 207 210 212 215 216 217 219 222 229 233 236 238 243 244 244 243 243 245 248 249 250 250 250 250 250 248 248 247 247 248 247 247 250 251 248 245 247 247 213 120 24 1 5 5 4 4 4 3 3 3 2 2 2 3 2 2 2 3 3 4 5 6 33 53 62 64 57 64 117 207 251 251 251 250 249 250 250 250 250 251 252 252 252 252 252 252 252 248 179 72 26 15 6 6 5 5 5 5 5 3 3 3 3 3 4 4 7 12 13 22 88 195 243 250 251 251 249 249 250 249 249 250 249 248 248 248 249 251 250 248 248 251 251 249 249 248 248 245 247 248 248 248 248 248 248 248 249 249 249 249 249 249 249 249 249 249 249 249 249 
57 57 58 59 56 56 63 58 58 59 58 62 66 67 71 74 79 84 88 89 91 93 95 95 101 108 114 121 125 125 131 138 143 149 158 166 173 180 189 198 205 212 219 224 229 233 236 240 242 243 247 244 243 242 242 244 245 247 247 247 247 242 231 226 174 85 18 3 4 4 4 4 4 4 3 3 2 2 3 2 3 3 3 4 4 4 5 5 11 14 15 16 18 38 131 213 251 250 250 249 249 250 250 250 252 252 252 252 252 252 252 250 252 208 121 63 31 2 5 4 6 5 4 5 4 3 3 4 3 4 4 4 7 11 14 18 78 181 245 249 252 251 250 249 249 249 250 249 250 250 248 248 249 250 250 250 249 251 247 241 240 240 241 243 247 248 249 249 247 247 248 248 247 247 248 248 249 249 249 249 249 249 249 249 249 
43 44 44 44 42 39 38 37 39 39 41 46 46 50 54 58 58 58 58 58 57 55 57 59 58 61 67 73 79 81 88 96 102 111 123 131 142 153 163 171 188 196 203 208 213 219 222 224 226 224 236 244 245 243 243 244 245 247 247 247 245 240 229 223 115 57 9 4 4 5 4 4 4 4 3 3 2 2 3 2 3 3 3 4 4 4 5 5 9 10 10 14 12 26 129 222 251 250 251 251 249 250 250 250 251 252 252 252 252 252 251 251 252 206 101 24 35 11 7 5 6 5 4 4 4 3 3 4 3 3 3 4 5 10 11 15 63 152 224 248 250 251 250 250 249 250 250 249 250 251 249 249 249 250 248 250 249 248 233 220 222 230 235 241 247 248 249 249 248 249 250 249 248 248 248 249 249 249 249 249 249 249 249 249 249 
53 53 53 54 54 56 54 58 63 66 71 75 75 79 86 92 93 95 95 95 95 95 97 100 103 109 118 122 127 130 137 144 149 156 166 173 183 194 200 202 207 212 215 217 221 222 223 223 224 223 226 231 241 241 241 242 241 242 242 243 244 238 230 224 74 35 8 9 5 4 4 4 4 4 3 3 2 2 3 3 3 3 2 3 4 4 5 7 8 7 6 8 8 28 135 234 251 251 251 251 251 251 251 251 251 252 252 250 249 250 250 251 224 172 79 22 30 12 9 7 6 5 4 4 4 4 4 4 3 4 5 4 5 11 6 10 44 131 208 245 248 249 250 251 250 250 250 249 249 251 249 249 249 250 248 248 248 240 221 209 220 235 238 244 246 247 248 248 248 249 249 249 249 249 249 249 249 249 249 249 249 249 249 249 249 
102 102 104 109 114 117 120 127 130 135 136 137 138 139 145 150 153 157 155 158 159 160 167 173 178 185 193 195 199 202 209 216 217 220 222 227 232 235 237 235 233 233 233 234 235 236 235 235 236 235 233 233 237 238 240 241 241 241 241 242 243 240 234 230 50 28 10 9 5 5 4 4 4 4 3 3 2 2 3 3 3 3 3 3 4 5 5 7 5 5 4 7 7 30 135 237 251 251 252 251 251 251 251 251 252 251 249 246 249 249 250 251 230 170 81 38 19 15 10 8 6 6 4 4 4 4 4 4 4 4 5 5 5 10 9 22 41 115 193 249 251 250 250 251 251 251 251 250 250 251 249 248 251 249 247 247 248 238 223 217 233 242 242 244 244 245 245 245 245 245 245 247 247 248 248 249 249 249 249 249 249 249 249 249 249 
160 163 165 169 175 181 186 192 192 194 193 193 192 192 193 194 194 193 191 192 193 196 205 210 214 219 223 226 229 231 237 242 242 240 238 238 239 239 240 241 242 243 244 245 247 245 244 244 244 244 244 245 245 245 247 249 251 251 251 251 243 254 238 174 37 25 13 9 5 5 5 5 4 3 3 3 2 2 3 3 3 3 3 3 4 5 8 9 7 6 5 8 8 31 134 236 249 249 251 251 251 250 251 251 251 252 252 251 250 250 250 250 251 201 114 45 12 15 11 8 8 6 4 4 4 3 3 4 4 4 5 5 7 11 16 36 73 122 188 240 250 249 250 251 251 251 251 250 250 251 248 248 251 251 249 249 250 247 238 235 243 244 243 242 242 243 242 243 243 243 243 244 244 245 247 248 249 249 249 249 249 249 249 249 249 
185 187 191 193 197 201 202 205 198 198 196 198 196 194 192 188 186 181 178 175 174 173 174 178 180 184 186 188 191 191 192 194 193 191 187 186 187 188 189 193 198 201 205 209 213 214 215 222 227 229 229 231 230 231 231 234 236 236 237 241 240 251 195 128 37 28 13 8 5 5 5 5 4 3 3 3 3 3 3 3 4 3 2 4 4 5 9 11 10 8 6 11 17 31 117 233 250 249 250 250 249 250 251 251 252 252 252 252 252 252 252 251 243 222 158 72 25 11 10 7 8 6 3 4 4 3 3 3 3 4 5 5 8 11 14 29 50 79 143 212 240 252 252 251 251 251 250 249 249 250 249 249 250 249 249 250 251 251 248 245 247 247 247 248 246 245 245 245 247 248 247 247 248 247 247 248 249 249 249 249 249 249 249 249 249 
164 167 170 171 169 165 162 160 153 151 149 148 145 139 133 126 121 116 110 106 103 100 97 96 99 103 108 111 110 108 108 108 108 106 103 102 102 104 107 108 109 113 116 120 124 125 130 138 148 158 156 158 159 163 165 165 165 163 165 169 170 166 110 63 37 29 15 8 6 8 4 4 5 4 4 4 4 5 5 7 4 4 3 4 4 5 7 14 14 9 6 16 10 28 104 202 234 233 234 237 240 243 245 248 249 247 244 238 238 244 248 245 237 230 208 144 71 28 13 10 8 6 3 3 3 3 3 3 3 4 5 7 9 11 11 17 22 33 79 148 203 243 253 251 252 251 249 249 248 249 249 250 249 248 249 249 249 249 249 249 248 247 248 250 249 248 249 249 249 249 249 249 249 249 249 249 249 249 249 249 249 249 249 249 249 
101 101 102 99 95 90 87 84 82 80 78 75 74 71 65 60 56 51 46 46 46 49 47 46 49 51 56 58 58 57 57 57 57 56 56 54 54 57 57 57 57 56 57 59 59 60 64 67 70 72 75 78 82 85 86 86 84 82 84 86 94 93 56 25 37 29 15 6 5 8 3 3 5 5 5 5 5 6 8 9 7 4 3 4 4 5 7 10 12 9 8 16 0 9 71 150 155 151 165 172 193 199 209 208 195 185 174 163 157 170 189 193 216 185 172 151 81 46 23 13 8 6 3 3 3 3 4 4 3 5 5 8 10 11 9 9 16 19 37 86 153 210 234 248 249 250 249 249 248 247 249 251 250 250 249 248 247 249 248 247 247 247 247 249 249 249 249 248 249 249 249 249 249 249 249 249 249 249 249 249 249 249 249 249 249 
47 47 46 46 46 46 45 43 43 42 42 40 40 40 40 39 38 37 38 40 42 43 43 43 45 44 42 40 40 40 41 43 44 45 46 46 47 49 50 51 51 48 46 45 47 47 51 54 57 58 62 64 63 59 58 57 58 58 57 59 65 68 67 67 45 39 32 19 9 16 12 0 7 7 5 4 3 5 5 7 5 4 4 4 5 6 6 7 5 8 10 16 8 10 37 87 96 99 106 114 130 144 141 139 136 131 124 118 115 118 132 134 123 127 124 110 113 77 40 29 7 4 3 2 3 3 3 4 4 4 5 7 9 10 9 8 11 8 4 17 106 182 210 222 229 229 232 232 232 231 234 235 235 236 237 236 241 244 243 243 244 245 247 248 249 248 249 249 249 249 249 249 249 249 249 249 249 249 249 249 249 249 249 249 249 
42 44 44 45 47 47 47 46 46 46 46 46 47 47 50 51 51 50 51 51 50 49 49 49 48 50 49 49 49 49 50 48 47 47 49 49 50 51 52 52 52 51 50 48 48 48 52 55 56 58 61 65 66 66 65 64 66 65 61 63 68 73 73 72 61 57 49 32 16 24 30 5 8 8 4 3 2 2 3 5 4 3 4 4 5 6 7 8 8 9 11 13 9 14 43 95 137 145 150 158 164 172 170 170 170 171 172 170 165 163 165 169 167 169 171 158 146 95 52 33 4 4 2 2 3 3 2 3 3 3 3 5 8 9 8 9 11 12 17 21 90 170 198 201 205 207 211 213 214 214 214 214 215 216 218 221 225 231 233 234 237 239 242 241 242 241 243 247 249 250 249 249 249 249 249 249 249 249 249 249 249 249 249 249 249 
64 64 63 63 60 58 57 54 54 53 52 52 54 53 52 52 50 48 48 50 51 52 53 53 55 58 61 59 57 55 54 51 47 45 45 47 50 50 48 48 49 49 46 44 43 39 40 40 42 45 49 53 58 62 65 68 70 68 65 66 70 74 78 78 74 67 59 51 57 39 35 30 14 9 3 1 0 0 1 2 3 3 4 4 5 6 7 8 8 9 10 11 11 18 44 110 167 181 187 198 202 203 207 209 211 214 216 216 214 210 211 211 210 212 226 206 182 117 57 29 3 3 2 1 2 2 2 3 2 2 2 4 5 7 9 10 11 19 26 50 125 201 214 212 214 222 227 224 223 223 221 219 220 221 223 223 223 226 228 230 231 234 236 235 233 234 237 241 247 250 249 249 249 249 249 249 249 249 249 249 249 249 249 249 249 
73 71 68 66 61 58 54 52 53 53 52 52 54 54 51 50 47 46 46 48 53 54 57 59 59 60 61 58 58 55 53 48 45 41 42 43 45 45 45 47 47 49 46 45 46 45 46 47 50 52 54 56 57 57 60 64 64 63 60 60 64 68 68 68 64 59 50 45 57 49 36 32 21 12 7 2 0 1 2 3 3 3 4 4 5 6 7 8 5 5 5 7 10 22 51 111 138 144 148 160 171 174 182 188 192 196 201 207 209 210 209 208 207 209 228 213 181 118 49 4 7 4 3 3 2 2 3 4 4 3 2 3 3 5 8 9 9 16 27 61 159 240 249 236 243 235 235 230 223 228 224 226 231 238 240 240 240 240 238 238 239 241 241 240 238 238 242 247 249 249 249 249 249 249 249 249 249 249 249 249 249 249 249 249 249 
78 75 75 74 73 72 71 70 68 71 71 71 76 80 81 85 86 87 88 93 95 95 96 97 92 86 80 78 77 75 73 70 69 67 66 62 64 64 64 66 70 71 74 78 82 84 88 99 103 103 102 100 97 96 95 93 92 92 87 81 81 86 82 77 84 81 72 66 74 72 64 49 26 21 16 7 4 4 2 3 3 3 4 4 5 7 7 7 5 7 7 11 17 29 50 97 128 124 128 139 150 159 167 175 178 182 188 194 199 201 204 207 207 206 205 174 118 67 28 17 11 9 4 3 1 2 2 2 1 2 2 3 4 7 9 9 12 22 36 60 149 231 242 223 215 187 195 193 188 195 202 214 227 235 241 243 245 247 248 248 249 249 250 250 250 249 250 251 251 249 249 249 249 249 249 249 249 249 249 249 249 249 249 249 249 
96 96 97 101 104 105 106 107 108 111 114 120 126 131 137 143 146 153 157 162 162 162 160 159 151 141 132 131 130 129 127 124 125 125 124 121 116 112 111 110 110 111 116 123 129 130 137 146 152 152 153 156 158 160 162 162 163 165 160 158 157 158 151 142 160 156 148 144 148 153 163 134 90 53 25 14 6 6 5 5 4 4 4 4 6 7 8 9 9 11 15 17 16 26 58 113 174 179 181 188 195 200 206 211 213 214 214 213 214 220 222 222 233 222 215 186 108 38 2 5 7 5 4 3 3 3 3 3 3 3 3 3 3 3 5 7 10 15 22 51 118 199 220 212 191 175 180 182 186 200 206 219 233 228 240 240 243 243 245 247 249 249 251 251 250 250 249 249 249 249 249 249 249 249 249 249 249 249 249 249 249 249 249 249 249 
128 130 132 132 137 139 142 145 151 155 157 162 167 170 174 180 179 185 191 194 194 192 189 191 193 189 185 184 181 180 177 175 176 175 174 174 170 161 158 154 150 149 150 153 158 156 155 155 153 153 157 165 177 186 192 199 205 207 214 220 217 222 219 207 233 228 223 221 224 225 238 235 188 109 43 15 5 6 3 2 3 1 3 3 4 4 7 9 8 14 23 33 23 22 58 141 224 240 236 241 241 236 239 244 243 241 240 238 241 247 243 234 244 229 210 191 107 30 0 0 4 4 4 4 5 7 7 8 8 8 4 4 3 6 7 8 15 23 31 61 132 208 241 230 226 223 220 222 227 236 236 241 244 240 243 243 243 242 244 247 248 248 249 249 249 247 245 247 247 248 249 249 249 249 249 249 249 249 249 249 249 249 249 249 250 
142 142 144 145 150 155 158 160 159 163 166 169 173 177 181 180 163 164 175 181 182 180 179 182 194 195 195 193 191 191 191 192 188 187 183 185 187 187 186 185 177 172 166 164 165 162 162 162 163 162 162 164 173 186 193 202 210 209 220 221 215 224 227 223 237 240 240 238 240 241 243 246 250 199 114 68 30 12 10 8 8 0 1 1 3 3 5 8 8 12 21 35 35 36 74 170 233 245 248 246 245 245 245 245 245 247 250 252 252 252 241 210 240 212 177 157 100 29 5 10 10 9 7 7 7 8 9 10 11 12 10 12 13 29 51 80 97 114 136 149 196 235 251 247 246 247 248 247 246 245 246 246 246 247 244 245 244 244 245 245 247 248 250 250 248 245 245 247 247 248 248 249 248 248 248 248 249 249 249 249 249 249 250 250 250 
109 110 111 114 115 116 117 120 122 123 123 123 127 129 134 129 110 115 125 130 130 129 131 134 136 136 137 137 137 138 142 146 139 146 151 157 166 173 174 173 171 166 161 161 166 168 174 180 185 192 199 193 186 185 186 191 195 200 192 195 198 195 191 191 199 203 206 207 210 213 213 213 237 227 188 137 86 31 12 13 9 0 0 0 3 3 4 1 9 11 17 22 23 57 103 180 234 248 249 249 248 247 247 247 247 250 252 252 252 249 240 215 193 142 99 60 37 25 13 13 11 11 12 12 12 15 17 17 17 18 24 40 70 102 139 174 208 224 233 237 242 247 248 249 249 248 248 248 247 247 247 248 248 248 247 247 247 247 247 247 248 249 249 250 250 249 249 249 247 247 248 245 247 247 247 247 247 247 247 249 249 248 249 250 249 
61 63 64 65 67 67 67 71 74 73 73 73 73 73 77 79 75 84 88 90 89 89 90 92 92 90 89 88 87 86 88 93 96 100 111 124 138 152 163 169 173 174 176 180 190 199 202 206 207 206 205 205 209 209 205 214 209 204 208 208 205 196 169 134 115 117 118 118 122 123 127 128 134 136 127 99 65 30 9 8 8 0 3 4 5 2 15 15 16 24 28 36 64 127 184 219 244 247 250 250 249 247 247 247 248 249 252 252 252 247 241 234 216 150 89 52 21 21 20 20 19 21 22 21 21 22 24 25 26 27 36 46 66 99 136 181 244 252 251 248 247 248 248 249 249 248 248 248 248 248 248 248 248 248 248 248 248 249 249 249 249 249 250 251 251 251 251 250 249 248 247 245 245 244 245 245 247 247 247 248 248 248 248 249 249 
64 64 66 67 68 70 73 80 94 97 101 106 110 111 113 115 123 131 136 138 138 138 141 142 142 142 139 134 124 117 116 120 121 125 135 144 159 175 189 196 200 200 202 208 210 214 214 214 213 210 207 203 209 216 220 215 207 191 180 170 164 153 124 92 33 36 37 38 40 43 45 49 49 47 37 25 18 15 12 10 8 11 14 11 18 39 74 98 79 90 90 94 136 189 225 236 247 244 245 252 251 245 249 250 251 251 252 252 252 245 241 234 205 141 94 59 25 24 25 27 26 25 24 25 27 27 28 29 30 31 39 42 57 76 93 118 214 231 242 249 249 249 249 249 249 249 251 250 251 251 250 251 250 248 248 248 249 250 249 249 250 250 251 251 251 251 251 251 251 250 250 249 249 248 248 248 249 249 249 249 249 249 249 249 249 
96 97 99 100 103 111 118 128 145 151 156 162 167 172 173 177 187 189 188 185 182 182 184 186 188 189 192 184 174 166 166 169 170 172 177 177 181 189 197 202 206 208 209 212 208 207 202 199 200 203 199 191 187 189 182 152 139 109 88 81 80 71 56 42 18 19 19 19 21 21 21 22 22 19 18 18 18 21 21 21 21 19 33 58 91 137 176 206 186 193 196 205 221 233 238 244 245 244 245 248 245 238 235 231 229 227 214 216 217 201 189 173 130 87 69 50 25 26 30 31 30 30 29 30 32 33 33 35 35 37 40 44 48 57 65 79 180 213 242 251 247 249 250 252 251 251 251 251 251 251 251 251 250 250 248 248 249 249 249 249 249 249 249 248 248 250 250 251 250 250 250 250 250 250 250 250 250 250 251 251 251 251 251 251 250 
109 109 110 114 118 127 135 141 146 149 151 157 159 160 162 169 182 173 163 153 144 139 142 144 146 149 153 158 160 166 171 177 180 179 178 177 178 179 181 188 198 202 206 206 207 207 202 200 199 199 192 185 169 149 124 87 66 37 22 23 33 36 28 24 23 23 23 23 23 22 20 20 20 22 23 24 26 29 31 34 23 33 71 134 188 231 252 250 238 244 241 246 247 245 247 247 248 246 244 239 233 222 212 185 165 155 131 122 128 113 97 85 68 50 37 36 32 33 33 33 32 32 32 32 33 35 36 36 37 39 42 44 48 55 71 100 202 227 247 249 249 251 250 250 249 249 247 247 249 250 249 249 249 250 249 248 249 248 247 247 248 247 247 247 249 250 251 250 251 250 250 250 250 250 249 249 250 250 251 251 251 251 251 251 251 
89 90 92 94 97 102 106 107 107 107 107 109 109 108 107 111 122 111 100 90 82 75 73 73 72 74 80 93 106 121 135 146 160 159 158 157 158 157 162 169 171 170 174 175 179 183 186 193 177 158 150 136 110 82 64 49 34 22 17 17 22 23 23 24 24 23 23 23 23 23 23 23 22 22 22 25 25 29 31 37 22 37 81 155 208 236 242 236 234 235 234 234 238 241 238 238 235 227 209 195 182 164 145 113 82 70 59 56 56 51 47 45 43 39 36 36 36 36 35 35 35 35 35 36 37 36 38 39 40 44 47 51 64 74 99 134 202 220 234 242 246 248 252 250 249 236 236 240 241 241 243 245 248 248 246 244 238 235 237 241 241 241 241 242 244 245 247 247 247 245 245 245 245 245 245 245 247 247 248 248 248 248 248 248 248 
60 61 64 65 66 68 68 71 73 74 75 74 72 69 66 64 65 60 57 57 54 50 44 33 32 28 29 38 50 64 77 90 104 103 102 100 94 90 94 101 94 93 96 97 96 96 97 102 90 74 71 60 45 30 25 22 21 22 22 19 19 16 19 24 23 22 22 22 22 22 22 22 22 22 23 25 25 28 30 33 25 38 63 110 149 169 189 206 202 194 188 187 189 189 180 178 151 145 129 114 104 89 72 56 39 36 36 39 39 38 41 43 42 39 38 38 37 37 37 37 37 38 38 39 40 40 38 52 39 52 68 81 102 116 140 161 208 233 233 230 231 240 243 243 245 233 232 239 234 233 236 241 243 243 238 236 230 227 230 235 235 233 230 229 233 234 234 234 233 231 231 231 231 231 233 233 234 235 236 237 237 237 240 241 240 
42 42 43 44 45 46 51 54 57 59 61 62 60 60 56 53 52 55 56 58 60 58 56 51 47 44 39 40 45 49 54 64 68 68 66 61 61 59 53 46 45 44 45 45 43 37 33 30 29 26 24 22 24 25 23 23 22 22 23 21 22 22 22 24 23 22 22 22 23 23 23 23 23 24 25 26 26 26 29 32 37 40 46 63 85 104 124 135 131 123 113 110 109 108 101 88 71 67 64 57 54 50 43 38 37 37 37 37 38 37 39 40 39 39 39 39 39 40 39 38 38 39 39 40 43 46 51 65 52 68 98 128 142 163 189 210 228 234 227 216 216 221 223 227 226 226 227 230 228 228 228 230 233 235 234 234 230 229 233 236 235 234 231 231 233 231 230 230 230 229 229 233 233 233 234 234 234 234 234 235 237 241 243 245 243 
33 33 32 33 33 35 40 45 46 49 53 54 56 59 59 60 60 58 59 60 61 62 63 71 74 75 71 71 72 71 75 82 84 84 85 84 73 73 74 74 71 65 60 58 53 49 42 36 33 32 30 28 27 23 24 25 24 24 23 22 23 24 24 23 23 22 21 22 22 22 23 22 24 24 24 25 28 28 30 32 33 39 43 45 49 51 52 61 60 52 52 53 53 52 51 51 51 48 49 47 46 44 41 39 36 38 38 38 37 38 38 38 38 38 39 40 40 40 41 40 39 40 40 43 46 50 54 60 78 101 125 146 180 196 199 206 208 214 209 202 201 208 209 210 210 210 212 214 214 214 212 210 210 213 214 216 216 219 222 226 227 233 236 238 242 244 244 246 247 248 247 244 244 244 244 244 244 244 246 248 248 247 244 244 244 
29 29 29 30 32 32 35 36 37 37 39 43 43 46 49 51 51 53 56 56 60 61 59 57 59 64 70 71 73 67 67 71 72 71 72 71 65 63 61 63 60 57 53 51 47 44 39 35 33 30 26 24 24 25 25 26 25 26 25 24 24 24 24 24 24 22 22 23 23 23 23 23 24 25 24 25 26 28 29 30 30 31 32 33 37 40 40 43 45 44 43 42 40 40 39 38 39 39 39 38 40 41 41 40 39 39 40 40 40 40 40 40 40 40 40 42 42 42 43 41 41 44 45 46 49 52 59 65 85 111 137 153 170 180 187 194 205 208 200 198 200 199 202 202 200 195 191 192 189 191 191 191 188 187 187 188 191 195 202 209 208 215 220 220 214 214 218 223 224 228 232 238 243 244 244 244 242 240 237 237 236 232 229 229 231 
31 30 29 30 33 36 37 37 37 36 36 37 39 44 40 40 39 38 36 36 40 42 40 39 38 40 42 44 47 45 44 43 43 43 43 41 39 39 40 40 41 40 39 39 39 37 36 34 33 31 27 26 25 26 27 27 26 28 28 28 26 26 25 25 25 23 23 24 25 25 25 26 24 24 24 24 27 30 30 30 29 28 30 31 32 33 36 37 37 36 35 35 33 35 35 35 36 37 39 37 36 37 39 40 42 42 43 43 43 43 43 43 43 43 44 44 44 44 43 43 45 47 47 49 52 57 61 68 89 113 136 155 171 192 201 202 205 202 195 202 205 193 194 188 182 173 173 171 171 171 170 170 170 165 163 162 162 165 172 172 160 157 158 153 134 130 136 141 145 151 157 162 167 177 184 191 199 202 202 207 212 216 219 221 226 
51 50 49 50 50 49 51 52 53 53 54 57 59 60 56 53 46 40 36 35 35 37 39 41 39 36 30 31 31 27 29 29 30 30 31 30 29 29 30 31 31 31 31 31 31 30 30 29 29 29 30 31 30 31 33 33 30 29 28 26 28 28 26 28 28 28 28 29 31 31 31 31 29 30 29 30 32 33 34 34 33 33 33 35 36 36 36 37 37 36 35 35 35 36 36 36 37 38 38 36 37 38 42 44 44 43 42 42 42 42 40 40 40 40 43 43 45 45 44 44 45 45 44 49 52 54 59 64 78 93 108 125 139 148 153 158 169 167 167 172 174 165 159 150 143 139 142 142 144 143 142 141 143 139 132 130 125 125 122 117 113 106 103 101 94 93 95 97 106 107 108 108 101 111 127 141 170 179 185 193 200 209 215 221 226 
97 96 95 96 95 94 93 90 90 88 86 86 87 85 79 77 73 66 60 57 51 50 52 54 52 40 39 40 44 39 39 38 39 40 41 43 41 41 40 40 40 39 39 38 38 37 36 34 35 35 36 37 36 36 35 33 35 33 31 30 28 26 30 32 33 33 31 31 31 30 30 29 28 29 31 33 38 38 36 36 38 39 38 39 38 36 36 35 35 37 43 45 43 45 46 44 46 48 45 40 37 36 38 40 43 44 44 44 44 44 46 47 50 54 58 58 61 63 61 61 60 60 60 60 63 65 66 67 70 72 78 86 92 90 96 109 141 148 151 152 152 155 149 144 143 144 145 145 148 152 157 160 163 159 151 149 145 143 141 141 150 151 151 153 160 165 166 166 165 164 163 163 162 171 181 191 198 203 209 214 216 222 226 228 231 
136 136 134 134 136 136 132 128 124 118 111 107 105 104 102 102 102 98 95 93 86 85 86 88 85 84 81 85 91 91 89 87 87 87 88 89 91 93 94 95 94 93 91 91 90 86 83 81 79 74 70 67 66 60 53 47 56 53 49 45 40 38 38 39 41 39 36 35 32 30 29 28 29 29 30 31 37 39 36 33 36 38 39 42 44 44 46 52 59 61 74 80 75 80 78 80 76 72 68 65 66 68 75 82 84 85 87 88 88 88 88 87 106 116 117 117 116 115 116 116 116 117 117 121 123 124 127 130 130 132 136 145 151 157 163 173 189 198 199 200 202 208 207 207 207 208 207 205 203 207 214 220 217 215 214 214 215 215 216 220 224 227 229 233 238 242 243 243 241 240 238 237 236 241 243 243 242 241 240 242 242 242 242 242 245 
134 134 134 135 136 136 131 129 127 123 116 111 111 114 116 118 118 117 113 107 100 99 108 115 118 125 132 137 143 146 146 148 148 150 155 159 164 170 173 177 177 174 173 173 173 169 162 157 153 148 143 138 132 117 111 104 108 108 103 97 96 93 80 78 80 75 74 73 72 71 67 68 66 66 64 61 65 70 68 67 72 76 79 82 87 94 101 115 127 131 139 143 144 148 143 151 144 134 136 135 139 145 152 162 159 157 158 159 159 159 159 157 173 185 193 196 196 196 195 195 195 196 196 202 203 207 213 216 220 224 230 237 233 236 242 243 242 243 244 246 247 248 245 240 236 236 235 236 238 240 242 244 244 246 247 247 251 252 250 250 249 247 246 247 249 250 250 250 250 249 247 245 247 247 248 249 249 249 250 251 251 251 250 250 250 
143 144 148 148 145 143 141 138 138 136 134 132 130 130 131 134 134 132 122 108 94 86 97 120 146 163 174 180 182 189 196 196 194 196 200 203 212 216 219 220 220 219 219 220 220 220 219 210 206 205 201 200 195 187 181 177 173 175 178 178 179 178 170 166 164 157 156 154 157 157 150 139 136 129 122 120 121 127 130 136 147 154 156 157 160 169 178 187 198 205 208 207 208 208 205 206 208 208 209 212 212 210 210 212 214 214 215 215 215 215 215 216 220 226 233 237 240 242 242 242 242 241 242 242 242 243 246 247 248 249 251 251 247 247 247 248 247 246 247 246 243 245 240 234 209 217 226 231 237 241 244 246 247 247 249 249 248 248 248 247 247 245 244 245 245 247 247 247 244 243 243 245 244 245 247 247 248 248 249 249 249 250 249 247 247 
198 201 203 200 198 194 191 189 189 189 188 187 185 184 180 178 175 172 167 158 139 129 135 160 186 202 210 213 212 219 224 229 228 227 227 227 228 229 230 230 230 229 229 228 228 228 226 224 222 219 214 213 215 219 220 217 216 216 215 214 210 209 211 211 209 208 206 207 210 213 202 178 170 159 145 144 145 153 164 173 179 181 185 187 188 192 200 205 208 217 223 228 228 228 228 229 231 230 229 230 230 230 230 231 231 231 231 231 231 233 233 233 234 234 235 236 237 240 242 242 241 241 241 240 240 240 237 236 234 230 228 228 230 233 236 240 242 243 244 244 241 241 237 233 221 229 234 235 236 238 243 244 244 244 247 248 247 247 245 244 245 245 245 245 245 247 247 247 243 244 245 247 247 247 247 248 248 247 247 248 249 249 247 245 248 
220 222 226 227 226 224 219 215 214 213 212 210 214 216 212 207 206 207 207 206 198 191 189 202 214 222 228 229 229 235 239 243 243 243 244 244 242 241 241 241 242 241 240 237 236 236 233 230 229 226 222 220 219 220 223 229 230 228 222 213 203 200 200 201 199 201 203 203 207 210 203 192 181 173 165 165 169 174 182 186 186 185 188 192 193 196 200 203 205 207 213 219 223 227 229 230 234 236 235 234 233 231 231 230 228 228 228 227 227 228 228 229 230 230 231 231 231 233 233 230 228 227 228 229 231 233 230 228 223 215 209 206 207 210 217 224 230 234 235 236 235 236 235 234 235 235 236 237 238 242 241 242 242 241 243 244 246 247 246 246 245 245 244 243 243 244 244 244 243 244 245 247 247 245 244 244 243 243 243 247 248 249 248 245 241 
202 203 208 214 217 217 212 205 202 199 195 195 202 207 207 207 207 208 212 212 212 209 209 212 215 219 224 227 228 233 235 236 238 238 238 242 242 242 242 242 242 243 243 243 242 241 240 238 238 237 236 235 233 231 230 229 229 225 222 217 213 209 208 208 208 208 209 209 213 217 220 218 219 220 220 221 222 223 223 222 221 219 220 221 223 224 223 223 222 220 220 222 226 228 230 235 238 242 242 240 238 237 234 233 230 229 228 228 228 229 230 230 231 231 233 231 230 229 228 226 223 222 222 222 222 222 220 219 216 216 215 215 215 216 217 221 224 226 229 231 231 233 234 235 237 237 238 240 242 242 242 242 242 242 242 243 244 245 245 244 245 244 245 244 244 244 244 244 244 245 245 245 243 242 238 237 237 236 236 240 244 248 248 244 231 
208 210 216 217 217 217 216 216 214 212 209 208 207 212 214 214 214 215 217 219 216 213 213 213 215 220 226 229 229 230 231 233 234 234 233 236 238 238 240 240 241 242 243 243 243 242 241 241 241 240 240 240 238 236 231 228 228 225 223 227 230 230 229 229 229 227 224 226 229 234 239 241 242 244 246 248 247 246 245 245 245 245 245 245 246 246 246 245 245 245 243 243 245 245 245 246 247 247 248 247 247 246 244 242 241 238 238 238 238 238 238 240 240 242 243 242 241 241 240 238 237 236 233 231 228 223 221 219 219 224 231 236 238 237 233 229 227 227 228 229 231 233 234 237 238 241 242 242 244 243 243 243 243 243 242 243 244 245 245 244 245 245 246 246 246 246 246 245 246 246 244 242 239 238 236 236 235 235 235 237 242 245 244 245 233 
237 238 243 243 240 240 240 240 241 241 242 240 234 234 237 236 235 236 238 240 237 233 233 231 233 236 241 244 243 241 240 241 240 240 239 241 243 244 245 245 245 245 246 246 246 246 246 246 246 246 246 244 244 243 240 234 231 230 230 235 242 244 240 237 236 235 235 237 241 245 247 249 249 249 250 250 249 249 249 249 249 250 250 250 251 251 251 250 250 251 251 251 251 251 250 249 250 251 250 250 250 250 249 248 248 248 248 248 248 248 248 248 248 248 249 249 249 248 248 248 248 247 246 244 241 237 234 229 231 236 242 245 246 246 244 238 231 229 230 231 230 234 235 236 238 241 244 246 245 245 245 245 245 245 245 246 246 246 247 247 247 247 248 248 248 248 248 248 248 248 246 245 243 242 241 242 241 242 242 241 242 243 242 243 236 
250 250 250 250 247 247 246 246 246 246 244 242 235 228 230 239 243 245 246 243 242 242 243 243 243 242 242 242 241 241 241 243 243 242 243 245 246 247 247 248 247 248 248 248 249 250 249 249 249 247 247 246 245 245 245 243 241 238 234 236 243 247 246 243 242 242 241 243 247 247 248 248 249 248 248 249 249 249 249 248 248 248 248 248 250 251 250 249 249 249 250 250 249 249 249 249 250 249 249 249 249 250 250 249 249 249 249 249 250 250 249 249 249 249 249 249 249 248 248 248 248 249 249 248 248 245 243 242 242 244 244 247 246 246 246 244 241 240 238 238 237 238 240 241 240 241 243 246 245 245 247 247 247 247 247 248 248 248 248 248 248 248 249 250 250 249 249 249 249 250 249 250 250 250 248 247 245 245 245 244 243 243 243 243 242 
251 251 252 252 251 250 249 249 249 248 247 241 230 222 222 236 248 253 252 248 244 242 238 237 233 224 209 200 201 210 220 227 233 237 244 245 245 245 244 244 245 247 245 243 241 241 241 239 237 236 235 233 232 232 234 236 236 229 224 227 236 244 246 245 244 245 246 246 244 244 245 247 247 248 249 249 251 251 250 249 249 249 249 249 249 249 249 249 248 248 249 249 249 249 250 250 250 250 249 249 249 250 249 248 249 249 249 249 247 248 248 248 249 249 249 249 249 248 248 248 249 250 251 251 250 248 245 243 242 245 248 248 248 248 249 249 249 248 248 247 247 245 245 247 247 247 248 248 248 248 248 248 248 248 248 248 248 248 248 248 248 248 249 249 250 250 250 250 250 250 249 250 250 250 249 247 245 245 244 244 245 247 248 251 248 
222 224 228 231 232 230 227 224 223 221 217 214 208 209 214 221 220 228 235 231 224 219 209 203 202 188 160 141 144 159 170 179 191 208 216 215 210 207 203 203 203 202 205 203 198 191 187 182 180 180 179 180 181 179 175 174 172 169 170 173 178 185 186 188 198 207 217 220 217 219 226 233 236 241 245 247 248 248 247 247 247 247 247 247 244 244 243 245 245 245 248 248 248 249 250 250 250 249 248 248 248 249 248 247 245 248 249 249 249 249 249 249 249 249 249 249 249 248 248 248 250 251 251 251 250 248 248 245 243 247 248 249 248 248 250 250 250 251 251 251 250 250 249 249 249 250 250 249 249 249 248 249 248 248 248 249 249 249 248 248 244 244 244 245 247 247 246 246 245 246 244 244 243 244 242 247 247 245 244 245 247 249 250 251 249 
137 143 148 150 153 151 148 144 143 139 136 135 136 142 149 149 143 143 145 145 143 136 128 125 125 121 102 88 89 97 103 109 123 127 127 118 115 116 117 115 129 143 144 142 136 130 125 122 115 110 108 109 109 107 101 96 94 95 96 103 104 106 110 113 131 144 156 163 162 166 179 189 200 207 216 226 229 230 235 236 239 242 243 243 237 235 235 235 237 242 246 248 250 250 250 250 251 251 251 251 251 250 250 249 247 247 248 250 250 247 247 247 245 245 245 245 245 246 248 248 249 249 250 250 250 248 247 245 248 248 248 249 248 247 248 249 249 250 251 251 251 251 249 250 249 249 249 249 248 248 248 248 248 249 249 250 249 249 247 244 242 240 237 236 241 239 239 237 239 241 241 235 230 227 231 245 248 247 247 247 248 249 248 248 249 
64 68 70 70 73 71 71 71 70 68 66 65 67 73 74 75 74 73 72 71 68 67 67 67 67 65 64 61 60 58 59 64 70 75 79 77 75 78 79 80 80 83 88 92 90 92 94 95 95 96 97 97 97 96 99 102 102 104 108 113 114 114 115 115 117 121 127 129 124 128 141 149 159 167 177 187 194 199 208 219 222 221 223 222 214 206 205 206 212 217 224 228 230 231 234 234 235 234 234 231 230 230 228 227 227 228 229 228 222 219 220 222 215 213 207 203 203 208 214 216 220 224 231 235 236 237 238 242 245 246 246 246 244 244 244 245 244 244 245 248 248 249 249 249 247 247 248 247 247 245 244 245 245 247 247 248 248 248 245 243 237 233 230 231 234 230 230 230 232 235 236 234 229 227 230 244 249 248 249 249 249 249 249 249 249 
44 49 49 47 51 53 56 59 62 62 62 60 57 58 59 61 61 61 60 61 59 57 56 54 54 54 54 52 50 51 57 59 62 62 65 61 58 59 60 60 61 66 73 75 75 79 81 84 86 89 95 94 96 97 102 109 114 116 122 124 125 124 121 120 120 118 119 117 114 115 120 123 124 128 134 138 143 143 152 165 162 158 162 163 159 153 151 151 156 162 169 173 177 180 181 180 174 169 167 166 166 167 169 169 171 170 170 171 171 167 166 172 169 167 157 144 135 135 139 146 159 172 188 198 205 207 210 219 226 233 236 236 235 235 234 234 234 233 233 235 240 243 244 244 245 245 245 245 245 243 243 243 244 244 247 247 247 245 244 242 241 241 240 242 242 241 241 242 242 243 244 243 242 243 247 248 249 250 251 251 251 250 249 249 249 
51 53 52 54 58 63 67 73 74 74 75 72 68 68 69 71 71 72 72 73 70 64 60 58 56 54 53 52 54 59 62 66 66 64 62 57 51 50 50 51 54 64 68 68 70 71 72 75 81 84 89 91 90 88 92 94 95 96 106 111 112 108 100 99 100 97 97 97 96 96 94 93 90 89 92 95 96 96 100 103 99 96 100 101 103 104 103 103 102 103 106 109 113 115 115 115 111 107 107 113 122 129 131 134 135 134 135 139 143 137 135 142 156 163 155 139 125 117 116 123 137 155 172 186 196 202 206 212 217 227 233 233 230 228 227 227 228 229 231 236 242 244 245 244 244 244 245 245 244 244 243 243 243 244 245 245 245 247 248 249 249 249 249 250 249 249 250 250 251 250 250 249 249 249 250 250 249 250 250 251 249 249 249 249 247 
57 55 53 54 60 65 68 71 72 72 72 73 74 78 77 77 75 74 74 74 71 66 63 60 60 61 64 65 68 68 68 69 69 69 68 65 61 59 58 57 60 71 77 79 81 81 86 89 91 95 99 100 100 96 96 95 96 96 107 118 118 111 104 106 106 104 103 106 107 107 107 107 107 108 110 113 113 111 110 108 108 108 109 110 111 111 111 110 110 108 107 108 108 107 108 108 109 109 116 128 141 149 150 152 153 155 156 160 165 166 169 181 199 208 210 203 191 180 174 177 181 192 205 216 226 230 233 233 234 235 237 236 233 229 229 230 231 235 240 243 248 249 248 247 246 246 246 246 247 246 246 245 246 246 247 247 247 248 248 249 249 248 248 246 247 247 246 247 247 246 244 246 247 247 246 246 247 247 247 247 247 247 247 247 247 
52 46 43 41 46 51 52 54 57 58 59 60 63 67 67 68 66 64 63 64 61 59 60 63 61 63 64 66 67 65 65 65 67 69 70 66 67 67 67 66 68 75 81 85 85 88 91 94 95 96 97 100 102 101 103 105 108 115 121 129 132 128 127 132 135 134 135 136 138 142 146 149 151 155 158 160 162 165 166 167 170 172 177 180 181 181 180 177 172 167 164 163 162 159 160 159 157 156 160 167 172 175 175 172 169 170 171 177 189 201 213 221 220 224 228 227 222 215 210 210 215 222 228 233 236 236 237 236 235 234 233 234 234 235 235 238 240 241 242 245 246 244 244 242 243 245 247 247 248 246 244 242 241 241 241 239 238 238 238 238 235 232 230 229 228 228 230 232 232 234 234 236 241 243 242 242 242 238 235 234 238 247 247 244 243 
37 32 30 31 36 38 39 40 40 40 42 40 39 42 45 50 49 45 47 47 47 49 51 54 53 50 49 50 50 52 54 56 57 57 58 57 59 60 62 65 64 65 67 68 68 71 74 76 77 78 81 86 88 91 94 97 98 101 105 111 117 116 118 127 132 135 138 139 141 145 149 151 152 153 152 156 162 165 167 173 175 179 189 196 200 201 202 201 199 194 191 188 187 186 182 180 177 174 169 163 160 158 150 136 128 125 127 135 149 164 178 177 164 164 163 165 166 169 171 173 175 179 184 185 184 182 181 187 191 195 200 204 210 215 218 221 222 222 222 222 222 220 220 220 227 233 238 241 235 224 220 216 215 214 215 217 217 217 219 220 219 219 214 210 207 207 206 205 203 206 212 217 227 236 236 236 237 236 229 229 236 243 245 243 243 
43 39 39 36 35 36 38 40 42 43 45 43 40 38 37 37 38 38 38 38 40 42 43 45 45 45 47 49 49 50 51 52 54 56 58 58 58 57 58 58 58 58 59 56 59 61 65 66 67 67 71 72 74 76 75 78 75 72 72 76 80 84 87 94 99 102 107 107 107 108 111 115 117 118 116 117 131 137 132 128 120 124 136 143 148 150 151 152 152 151 146 146 146 146 145 144 143 141 134 125 121 114 100 82 78 78 78 82 90 102 111 114 111 109 108 110 115 121 128 131 131 130 130 131 130 129 128 137 148 158 165 174 180 182 181 179 179 181 185 188 193 195 198 199 198 201 205 201 188 178 171 167 167 172 177 182 186 191 200 208 209 208 207 206 206 207 203 195 185 193 201 212 223 229 233 235 236 238 240 241 242 244 244 243 242 
71 65 60 53 47 49 53 55 59 64 66 67 65 59 51 47 47 49 50 52 56 58 62 66 68 69 73 74 72 68 69 71 74 75 80 85 84 80 77 72 71 71 71 68 66 67 70 72 73 74 74 71 67 66 67 65 65 64 62 65 68 71 70 70 74 78 78 78 78 78 82 85 87 89 92 94 102 110 107 96 86 88 93 95 96 96 95 96 94 91 89 89 90 90 92 94 97 100 97 90 88 86 81 80 81 81 80 84 92 100 107 108 107 104 102 102 107 110 117 130 138 141 141 139 137 136 136 147 158 163 169 175 179 178 173 166 164 160 159 162 168 175 179 178 167 160 156 151 149 146 140 140 142 153 159 166 173 180 192 206 207 206 209 215 220 222 217 214 210 214 222 229 237 237 235 236 238 240 244 245 245 245 242 238 234 
92 87 81 79 77 78 85 89 91 94 92 92 89 88 87 86 87 89 93 96 101 108 114 118 118 119 121 122 121 121 123 125 127 128 131 135 134 130 125 120 116 113 110 107 102 101 102 103 103 104 106 102 99 96 95 94 94 91 89 91 95 94 89 89 86 87 86 86 87 88 90 91 90 90 94 96 94 99 101 99 100 102 103 103 103 102 100 99 96 94 91 91 93 94 93 94 96 96 96 94 90 97 107 111 116 113 109 111 117 122 122 122 121 118 116 115 120 123 130 141 148 150 148 143 139 137 140 147 152 158 160 162 160 159 156 150 144 138 132 131 137 144 150 150 138 127 121 124 132 141 146 151 157 171 177 184 187 187 194 203 206 208 214 220 227 228 229 231 231 231 234 239 244 244 242 241 243 243 245 245 245 243 242 238 236 
104 106 104 107 109 114 120 125 124 122 118 113 114 118 122 125 125 125 127 128 132 138 144 152 156 158 162 164 165 169 171 172 173 172 173 176 179 179 177 170 167 164 162 158 155 152 152 153 156 158 162 164 166 167 168 167 164 160 154 153 154 154 153 153 143 143 144 144 145 144 143 142 140 139 137 137 135 139 144 139 141 144 144 143 142 139 136 136 135 134 132 132 131 131 135 135 135 138 142 142 143 153 163 164 165 164 159 157 158 156 153 151 151 150 146 145 148 151 154 158 158 156 151 146 143 142 143 143 144 144 146 145 142 139 138 137 136 134 131 128 129 132 136 136 136 132 130 131 141 153 163 169 175 184 187 189 189 185 184 193 199 208 213 216 219 221 227 226 221 214 215 224 235 237 235 234 237 240 240 241 240 236 235 230 228 
104 107 109 114 116 123 127 127 127 127 125 121 121 128 130 134 132 130 128 128 130 135 142 150 152 152 153 153 153 152 156 164 169 171 176 183 187 188 188 186 185 186 186 185 184 182 184 184 186 188 193 198 202 203 203 206 207 206 206 207 208 209 210 211 203 203 206 204 204 202 199 196 195 194 192 191 188 189 193 190 187 187 187 186 184 181 180 180 180 181 181 179 174 174 178 179 180 185 191 194 198 205 207 209 210 210 208 206 202 201 201 202 202 202 202 201 200 201 203 204 206 203 201 199 196 196 196 195 193 192 191 189 188 188 188 191 192 191 191 191 191 189 189 188 187 186 186 182 188 196 202 203 207 206 206 203 200 192 188 195 203 214 217 217 220 222 222 217 202 193 192 201 213 216 213 210 207 207 212 215 214 210 205 196 185 
124 122 120 117 114 115 117 120 128 134 137 136 132 136 139 143 142 142 142 144 146 150 153 157 158 155 151 146 139 136 144 155 163 167 175 182 185 187 188 189 191 192 196 198 198 198 199 200 201 203 207 206 202 194 189 195 202 207 214 217 220 220 221 222 224 226 227 227 227 224 222 221 223 224 223 222 222 222 222 223 222 222 222 221 219 219 219 219 219 220 220 217 215 216 216 219 222 224 227 230 233 234 235 235 236 236 236 236 235 235 237 240 241 240 240 240 241 242 242 242 243 242 242 243 244 245 244 243 242 241 238 238 239 239 240 241 242 242 243 244 246 246 243 241 238 237 235 236 239 241 240 239 238 238 235 233 228 223 220 220 227 230 231 233 234 234 231 226 220 213 208 214 220 220 213 206 194 191 198 203 206 202 194 185 177 
184 179 170 162 150 144 150 157 171 180 184 186 182 184 186 188 188 187 192 196 200 205 206 207 207 205 203 199 193 191 196 200 203 207 210 213 213 215 215 216 216 217 220 222 223 224 226 227 227 227 228 225 217 208 205 209 214 219 227 228 226 224 226 226 226 227 228 229 230 229 227 227 229 230 231 231 231 233 236 237 236 236 235 234 233 233 234 234 234 234 235 235 236 238 239 239 243 245 247 247 244 243 243 243 242 244 247 248 246 245 245 246 246 245 245 246 248 249 248 247 248 248 247 248 250 249 248 247 245 243 241 242 242 244 246 247 246 246 249 249 251 249 248 247 245 245 245 246 246 246 247 246 246 247 246 245 245 245 245 245 246 246 245 246 246 247 245 243 242 242 241 243 244 242 238 231 223 224 226 230 234 233 228 221 224 
230 231 227 219 208 203 211 215 217 224 230 235 236 234 230 228 228 228 229 231 236 238 239 241 241 241 242 242 243 242 242 242 243 242 242 243 243 242 242 241 241 241 243 244 246 246 245 246 244 242 240 238 235 231 229 234 235 235 239 240 239 237 236 236 236 236 235 238 238 238 237 237 238 238 240 238 238 238 240 241 241 242 242 242 241 241 240 240 240 241 242 243 244 244 246 246 247 247 246 244 244 244 245 245 247 250 251 251 250 250 249 249 249 248 247 247 249 250 249 249 249 248 248 249 249 249 249 248 247 245 243 243 246 248 249 250 250 250 250 250 250 249 247 245 247 247 247 245 245 245 247 247 248 248 248 247 247 247 249 249 250 250 251 249 249 251 251 248 245 248 249 251 252 252 252 249 246 249 248 247 247 247 246 246 246 
222 226 226 223 223 225 229 230 230 231 237 237 235 235 233 231 231 230 230 228 223 217 216 215 216 220 224 229 230 228 228 229 233 234 234 235 235 235 234 233 233 234 234 234 235 235 233 230 229 227 226 226 224 219 214 214 210 208 214 220 224 229 230 231 232 230 229 233 235 236 236 237 237 236 236 236 235 235 234 234 234 234 236 236 235 235 234 234 234 233 235 236 236 237 237 240 241 242 242 241 241 243 246 247 248 249 249 248 249 251 250 249 249 249 249 249 249 248 249 249 249 249 249 250 249 248 249 248 247 248 247 247 249 250 251 251 251 250 251 250 250 249 248 247 247 247 245 242 243 244 247 247 248 248 248 248 248 248 249 249 250 249 250 249 249 250 251 249 244 247 248 249 249 249 250 250 248 249 248 247 246 244 244 244 244 
191 191 189 194 201 207 212 214 217 217 220 215 210 209 212 215 213 209 206 199 184 170 158 159 162 165 172 175 175 174 174 179 179 178 177 178 179 179 177 172 174 175 175 171 169 170 170 170 167 167 166 172 179 173 169 167 167 171 179 187 205 219 222 224 227 228 230 233 237 239 239 239 240 240 238 238 236 235 233 234 235 236 238 240 240 241 241 238 238 238 238 238 240 241 241 242 242 241 242 242 242 242 242 243 243 243 241 241 240 240 240 238 241 248 248 245 243 243 247 249 248 247 250 249 248 249 248 249 248 249 249 249 247 249 249 249 249 248 247 247 247 247 247 247 247 247 247 242 241 243 245 247 248 249 248 249 249 249 250 250 251 250 249 249 249 250 250 249 248 249 251 250 250 250 249 248 249 249 249 249 248 245 245 245 244 
155 152 150 153 158 162 167 177 181 188 192 192 189 184 184 185 182 180 177 173 165 151 141 138 136 142 146 148 146 145 141 136 130 127 124 125 127 129 129 128 127 129 130 129 124 125 128 129 128 122 122 132 145 149 149 152 160 169 177 184 194 201 206 212 215 219 223 229 233 235 236 236 237 237 237 236 231 228 228 229 235 240 242 242 244 244 244 244 244 246 244 244 246 247 246 246 247 247 246 244 243 242 240 240 238 237 237 233 228 223 219 221 225 243 243 236 231 230 233 237 237 238 243 242 241 243 243 244 244 245 247 247 245 248 247 244 245 244 243 245 247 248 249 249 248 247 247 243 241 242 243 247 248 248 248 249 249 249 249 250 249 249 249 249 249 249 250 249 250 249 249 247 245 249 251 251 249 249 249 248 249 248 248 248 245 
128 128 130 136 143 149 155 162 164 166 170 171 172 172 172 173 173 174 174 175 174 172 169 166 166 169 171 170 169 172 164 151 137 134 134 136 139 144 145 146 148 150 152 152 150 151 153 156 156 153 156 164 167 169 172 174 179 182 185 184 184 185 188 194 199 203 208 210 216 222 227 228 228 229 229 227 223 222 224 224 231 237 241 242 241 241 242 242 243 244 244 244 242 242 243 244 243 244 243 241 238 236 233 230 229 229 230 224 218 213 206 206 214 229 229 220 216 215 216 220 220 221 224 226 226 226 227 227 226 224 223 227 231 235 235 235 235 234 235 238 243 244 247 249 249 248 247 244 243 241 242 247 248 248 248 249 249 249 249 249 249 249 249 249 250 249 249 249 245 241 236 235 237 244 249 250 250 250 250 250 250 249 250 250 249 
