3 5 14 18 17 11 8 3 2 1 2 2 2 2 2 2 2 5 9 16 67 141 195 229 245 244 229 207 139 65 5 1 0 1 1 1 1 1 1 1 1 1 1 1 1 1 1 1 1 1 1 2 2 2 1 2 3 3 4 1 2 8 12 15 14 14 14 16 17 19 21 19 21 21 22 22 19 14 5 1 1 1 1 1 1 1 1 0 0 0 0 0 1 1 1 1 1 1 1 1 1 1 2 2 1 2 4 7 9 10 10 10 10 10 12 12 12 14 14 15 16 17 17 19 19 21 22 24 26 27 30 30 22 14 19 31 31 24 21 17 17 19 21 18 19 19 19 20 20 22 23 24 23 22 23 23 22 23 23 18 8 7 5 5 5 4 4 4 4 4 5 6 5 4 4 4 4 4 4 4 4 4 4 5 
3 1 2 5 7 4 3 3 1 1 2 2 1 1 1 2 1 3 7 9 46 102 138 167 182 201 215 196 123 43 1 1 0 1 1 1 1 1 1 1 1 1 1 1 1 1 1 1 1 1 1 1 1 5 5 2 1 1 2 1 1 7 15 18 19 22 29 33 44 53 60 59 45 30 26 28 19 15 5 1 0 1 2 1 1 1 1 0 0 0 0 0 0 0 1 1 1 1 1 2 2 2 1 1 1 3 4 8 9 10 11 11 11 11 12 12 13 13 14 15 16 17 18 19 19 22 24 25 25 26 38 47 33 14 20 32 29 24 19 16 17 19 19 18 18 18 23 23 22 22 22 23 23 23 24 24 24 29 26 16 8 7 5 4 4 4 4 4 4 4 4 5 5 4 4 4 4 4 4 4 4 4 4 4 
3 3 2 2 1 2 2 2 1 1 1 1 1 1 1 2 1 2 4 4 8 11 22 41 66 83 92 88 53 12 0 1 1 1 1 1 1 1 1 1 1 1 1 1 1 1 1 1 1 1 1 1 2 7 8 2 2 3 1 5 10 8 10 22 33 44 54 60 82 95 107 104 70 40 28 26 19 11 5 0 0 0 1 1 1 1 1 0 0 0 0 0 0 0 1 1 1 1 1 2 2 2 1 1 2 3 4 8 8 10 11 11 11 11 12 12 12 12 14 15 16 17 18 19 21 22 23 24 23 25 51 72 45 14 18 30 30 23 19 17 18 18 18 17 18 20 26 26 24 24 23 22 22 23 25 25 25 30 28 15 7 4 4 4 4 4 4 4 4 4 4 4 4 4 4 4 4 5 5 4 4 4 5 5 
0 0 0 0 0 0 0 0 0 1 1 1 1 1 1 1 1 1 2 3 7 4 2 0 5 15 16 12 9 1 1 1 1 1 1 1 1 1 1 1 1 1 1 1 1 1 1 1 1 1 1 2 2 3 7 9 8 9 7 11 18 16 11 26 45 56 63 67 82 90 95 88 77 49 33 32 26 15 8 2 1 1 1 1 1 1 1 0 0 0 0 0 0 0 1 1 1 1 1 2 2 2 2 2 1 3 5 8 8 10 11 11 11 11 12 12 12 12 14 15 16 17 18 19 23 23 23 23 23 27 56 79 53 17 15 29 30 23 18 17 18 18 18 19 19 22 25 26 24 24 24 23 22 23 26 26 29 33 28 15 7 5 4 4 4 4 4 4 4 4 4 4 4 5 5 5 4 5 5 5 4 4 5 5 
0 0 0 0 0 0 0 0 1 1 1 1 1 1 1 1 1 1 2 3 7 9 8 7 6 8 3 1 1 3 2 1 1 1 1 1 1 1 1 1 1 1 1 1 1 1 1 1 1 1 1 2 1 4 10 12 14 15 19 16 17 24 24 31 39 46 52 54 57 59 56 52 58 50 45 44 38 29 23 9 1 2 1 1 1 1 1 0 0 0 0 0 0 0 1 1 1 1 1 2 2 2 2 2 1 3 5 8 8 10 11 11 11 11 12 12 12 12 14 15 17 18 18 19 23 23 22 23 24 29 60 86 59 21 15 28 30 23 21 18 17 19 21 19 18 18 22 23 23 24 24 25 23 24 27 29 32 37 29 15 5 4 4 4 4 4 5 4 4 4 4 4 5 5 5 5 5 7 5 7 5 5 5 7 
0 0 0 0 0 0 0 0 1 0 0 0 0 1 1 1 1 1 2 3 2 1 2 5 4 3 3 8 7 1 1 1 1 1 1 1 1 1 1 1 1 1 1 1 1 1 1 1 1 1 2 1 2 12 27 34 39 50 54 58 53 58 66 69 71 74 80 82 84 84 81 79 61 53 51 54 51 58 51 15 1 1 1 1 0 1 1 0 0 0 0 0 0 0 1 1 1 1 1 2 2 2 2 2 1 3 5 9 9 10 11 11 11 11 12 12 12 12 14 15 17 18 18 19 23 23 23 24 23 27 58 87 59 18 15 28 31 24 21 19 18 21 21 21 19 20 23 23 24 25 25 25 24 26 29 31 33 37 30 16 5 4 5 4 4 4 5 5 5 4 4 5 5 5 5 5 7 7 7 7 7 5 7 7 
0 0 0 0 0 0 0 0 0 1 1 1 1 1 1 1 1 1 1 2 2 2 3 3 3 2 1 3 3 1 1 1 1 1 1 1 1 1 1 1 1 1 1 1 1 1 1 1 1 2 3 2 2 26 76 104 111 131 129 142 137 137 150 158 159 160 163 163 163 160 159 153 117 79 62 68 83 108 95 32 0 1 1 0 1 1 1 0 0 0 0 0 0 0 1 1 1 1 1 2 2 2 2 2 1 3 5 9 10 10 11 12 11 11 12 12 12 13 15 15 17 18 18 19 23 24 23 24 25 29 58 87 58 18 17 29 30 24 21 18 19 19 19 19 20 22 25 26 25 25 25 25 24 26 30 32 35 38 30 16 4 5 5 5 5 5 5 5 5 5 4 5 5 5 5 5 7 7 7 7 5 5 7 7 
0 0 0 0 0 0 0 0 0 1 1 1 1 1 1 1 1 1 1 1 1 1 2 2 3 2 1 1 1 1 1 1 0 1 1 1 1 1 1 1 1 1 1 1 1 1 1 1 1 2 3 1 2 54 138 182 196 205 206 208 208 208 214 214 214 212 210 205 202 198 196 192 160 135 125 124 162 184 159 77 1 1 1 0 1 1 1 0 0 0 0 0 0 0 1 1 1 1 1 2 2 2 1 1 1 3 5 9 9 10 11 11 12 12 13 13 13 13 15 15 17 18 18 19 23 24 24 25 25 27 59 88 56 16 18 29 28 23 19 18 18 19 19 19 20 23 25 25 24 25 25 25 24 26 31 33 37 40 31 15 4 5 5 4 5 5 5 5 5 5 4 5 5 5 5 5 7 7 7 7 7 5 7 7 
0 0 0 0 0 0 0 0 1 1 1 1 1 1 1 1 1 1 1 1 1 1 2 2 2 2 1 1 1 1 1 1 1 1 1 1 1 1 1 1 1 1 1 1 1 1 1 2 1 2 3 1 5 67 163 217 226 221 221 215 214 210 208 207 207 209 205 195 198 194 190 186 178 201 210 207 231 243 208 101 6 1 1 0 1 1 1 0 0 0 0 0 0 0 1 1 1 1 1 2 2 2 1 1 2 4 7 9 9 10 11 11 12 12 13 15 15 15 15 16 17 18 19 21 24 24 24 25 25 27 58 88 56 15 18 29 25 22 18 18 18 19 19 19 20 20 23 24 24 25 25 25 24 26 31 33 38 40 31 15 4 4 4 5 5 5 5 5 5 5 4 5 5 5 5 5 7 7 7 7 5 7 7 7 
1 1 1 1 1 1 1 1 1 1 1 1 1 1 1 1 1 1 1 2 2 1 1 2 2 1 1 1 1 1 1 1 1 1 1 1 1 1 1 1 1 1 1 1 1 1 1 2 2 2 3 0 19 93 188 225 212 216 209 213 205 191 186 193 192 196 192 189 192 188 181 175 213 244 245 241 247 248 180 63 5 1 2 1 0 1 1 1 1 1 1 1 1 1 1 1 1 1 1 2 1 1 1 1 2 3 7 9 10 11 11 11 12 13 13 15 15 16 16 16 17 18 19 21 22 23 24 25 25 25 57 86 53 14 17 26 24 21 19 17 17 18 18 19 19 19 21 23 23 23 24 24 24 26 30 33 38 40 29 11 4 4 4 5 5 5 5 5 5 5 4 5 5 5 5 7 7 7 7 7 5 7 7 8 
1 1 1 1 1 1 1 1 1 1 1 1 1 1 1 1 1 1 1 1 1 1 1 1 1 1 1 1 1 1 1 1 1 1 1 1 1 1 1 1 1 1 1 1 1 1 1 2 2 3 4 0 30 105 181 203 182 194 195 197 191 182 175 169 165 166 166 172 177 182 178 185 233 249 247 241 245 224 145 45 4 1 2 1 1 1 1 1 1 1 1 1 1 1 1 1 1 1 1 2 1 1 1 1 2 3 5 8 10 11 11 11 12 13 13 15 15 16 16 16 17 18 19 21 22 23 24 24 25 25 57 83 52 14 17 24 22 21 18 17 18 18 18 18 19 19 21 21 22 23 23 24 24 26 30 33 38 39 28 10 4 4 4 4 4 4 5 5 5 5 4 5 5 5 5 7 7 7 7 7 7 7 7 8 
1 1 1 1 1 1 1 1 1 1 1 1 1 1 1 1 1 1 1 1 1 1 1 1 1 1 1 1 1 1 1 1 1 1 1 1 1 1 1 1 1 1 1 1 1 1 1 2 2 3 3 2 22 75 137 146 121 130 128 124 118 110 107 100 90 95 103 129 162 180 186 200 230 245 244 245 249 212 117 33 10 3 2 2 1 1 1 1 1 1 1 1 1 1 1 1 1 1 1 1 1 1 1 1 1 3 5 8 10 11 11 11 12 13 13 15 16 17 16 16 17 18 21 22 22 23 24 25 25 25 56 80 50 14 15 21 19 19 17 17 18 17 17 18 18 18 19 19 19 22 23 24 25 26 29 32 38 40 26 10 4 4 4 4 4 4 4 5 5 5 4 5 5 5 5 7 7 7 7 8 7 7 8 8 
1 1 1 1 1 1 1 1 1 1 1 1 1 1 1 1 1 1 1 1 1 1 1 1 1 1 1 1 1 1 1 1 1 1 1 1 1 1 1 1 1 1 1 1 1 1 1 2 2 2 2 2 8 31 79 79 58 59 52 47 39 35 36 33 33 42 66 115 175 205 214 221 226 237 242 245 250 217 122 35 9 5 3 2 1 1 1 1 1 1 1 1 1 1 1 1 1 1 1 1 1 1 1 1 1 3 5 9 10 11 11 11 12 13 13 15 16 17 16 16 17 18 21 22 22 22 23 24 25 24 54 82 51 14 14 21 19 19 18 18 18 18 17 17 17 17 18 18 19 22 23 24 24 28 28 30 38 40 25 9 4 4 4 4 4 4 4 5 5 5 4 5 5 5 5 7 7 7 8 8 7 7 8 8 
1 1 1 1 1 1 1 1 1 1 1 1 1 1 1 1 1 1 1 1 1 1 1 1 1 1 1 1 1 1 1 1 1 1 1 1 1 1 1 1 1 1 1 1 1 1 1 2 2 2 2 2 9 19 28 19 8 8 8 9 8 11 19 28 28 35 61 122 197 228 227 229 235 238 244 242 245 231 159 60 9 4 4 3 2 2 2 1 1 1 1 1 1 1 1 1 1 1 1 1 1 1 1 1 1 3 5 9 10 11 11 11 12 13 13 15 16 17 16 16 17 18 21 22 22 22 23 24 24 25 54 82 54 16 14 21 19 18 18 18 19 18 17 16 17 17 18 18 18 21 23 23 26 29 29 32 40 39 25 9 4 4 4 4 4 4 5 5 5 5 4 5 5 5 5 7 7 7 7 7 7 7 7 8 
1 1 1 1 1 1 1 1 1 1 1 1 1 1 1 1 1 1 1 1 1 1 1 1 1 1 1 1 1 1 1 1 1 1 1 1 1 1 1 1 1 1 1 1 1 1 1 2 2 2 2 4 8 10 0 2 3 5 9 18 24 26 25 30 32 33 52 118 201 232 234 240 241 244 247 245 247 242 196 103 33 4 4 4 3 3 2 2 1 1 1 1 1 1 1 1 1 1 1 1 1 1 1 1 1 3 5 9 11 11 11 11 12 13 13 15 16 17 16 16 17 18 21 22 22 23 24 24 25 25 54 84 57 16 14 21 19 18 18 19 19 17 17 16 17 17 18 18 18 21 22 22 25 29 29 35 43 40 25 9 4 4 4 3 3 4 5 5 5 5 4 5 5 5 5 5 5 7 7 7 5 5 7 8 
1 1 1 1 1 1 1 1 1 1 1 1 1 1 1 1 1 1 1 1 1 1 1 1 1 1 2 2 2 2 1 1 1 1 1 1 1 1 1 1 1 1 1 1 1 1 1 2 1 1 1 3 3 4 4 15 29 30 38 50 59 65 55 51 49 45 64 136 212 247 249 249 245 249 251 250 248 249 227 152 78 11 3 3 3 2 1 1 1 1 1 1 1 1 1 1 1 1 1 2 1 1 1 1 2 4 8 11 12 12 12 12 12 12 12 13 15 16 16 16 17 18 19 21 22 23 24 25 24 24 54 87 60 17 14 21 19 18 18 18 18 18 17 16 16 16 17 17 17 19 19 19 23 28 31 37 44 40 24 9 4 4 4 3 3 4 5 5 5 5 4 5 5 5 5 5 5 5 5 5 5 7 7 7 
1 1 1 1 1 1 1 1 1 1 1 1 1 1 1 1 1 1 1 1 1 1 1 1 1 1 2 2 2 2 2 2 1 1 1 1 1 1 1 1 1 1 1 1 1 1 1 1 1 1 1 1 2 8 11 12 54 80 100 104 104 109 97 85 84 74 94 159 229 252 251 247 248 250 251 251 248 250 245 175 104 19 2 3 2 2 1 1 1 1 1 1 1 1 1 1 1 1 1 2 1 1 1 2 2 4 10 12 13 12 12 12 11 12 12 13 15 16 16 16 17 17 19 21 22 23 23 24 24 24 54 89 63 17 12 22 21 19 18 18 18 18 17 16 16 16 17 17 17 17 18 21 23 29 32 39 46 42 24 9 4 4 4 4 4 4 5 5 5 5 4 5 5 5 5 5 5 5 5 5 5 5 7 7 
1 1 1 1 1 1 1 1 1 1 1 1 1 1 1 1 1 1 1 1 1 1 1 1 2 2 2 2 2 2 2 2 1 1 1 1 1 1 1 1 1 1 1 1 1 1 1 1 1 1 1 2 3 11 18 17 76 128 153 141 132 155 170 159 148 124 135 193 245 245 243 248 249 251 251 251 247 252 248 169 88 16 2 2 2 2 1 1 0 1 1 1 1 1 1 1 1 1 1 1 1 1 2 2 2 7 16 18 16 11 10 10 12 12 12 13 15 16 15 16 17 17 18 21 22 22 23 24 25 24 54 90 66 19 12 22 21 19 19 18 18 18 17 16 16 16 17 17 17 18 18 18 22 28 31 38 46 40 22 9 4 4 4 4 4 4 5 5 5 5 5 5 5 5 5 5 5 5 5 5 5 7 7 5 
1 1 1 1 1 1 1 1 1 1 1 1 1 1 1 1 1 1 1 1 1 1 1 1 1 2 3 3 3 3 2 2 1 1 1 1 1 1 1 1 1 1 1 1 1 1 1 1 1 2 3 3 4 15 23 32 122 147 162 156 166 195 213 207 194 177 182 222 248 248 248 250 249 251 250 250 247 244 217 142 74 14 2 2 1 2 0 1 1 1 1 1 1 1 1 1 1 1 1 1 1 1 2 2 1 7 22 24 18 11 10 10 12 12 12 13 13 15 15 16 16 16 18 19 21 23 23 24 24 23 52 93 72 22 14 22 19 18 18 17 17 17 16 16 16 16 16 16 17 18 18 18 21 26 30 37 45 38 21 8 4 4 4 4 4 4 4 4 5 5 5 5 5 5 5 5 5 5 5 5 5 7 7 7 
1 1 1 1 1 1 1 1 1 1 1 1 1 1 1 1 2 2 2 2 2 2 2 2 1 2 2 2 2 2 2 1 1 1 1 1 1 1 1 1 1 1 1 1 1 1 1 2 1 3 4 5 6 17 44 64 151 177 173 179 206 229 242 234 229 222 229 245 249 249 249 250 251 251 249 247 249 240 185 94 36 7 3 2 1 2 0 0 1 1 1 1 1 1 1 1 1 1 1 1 1 1 2 2 2 11 25 30 22 12 11 11 12 11 12 12 12 13 15 15 16 16 17 18 21 23 24 25 25 23 51 95 80 27 15 22 21 19 18 18 17 17 16 16 16 16 16 16 17 18 19 19 19 24 28 37 44 37 18 7 4 4 4 4 4 4 4 4 5 5 5 5 5 5 5 7 7 7 7 7 7 7 7 7 
1 1 1 1 1 1 1 1 1 1 1 1 1 1 1 1 2 2 2 2 2 2 2 2 1 2 2 2 2 1 1 1 1 1 1 1 1 1 1 1 1 1 1 1 1 1 1 2 2 3 4 5 5 16 43 67 135 150 164 182 217 245 245 245 244 241 243 249 250 249 250 251 251 250 249 247 251 243 177 68 15 4 4 2 2 1 0 0 0 1 1 1 1 1 1 1 1 1 1 1 1 1 2 2 3 15 31 35 25 14 12 11 12 11 12 12 12 13 14 15 16 16 17 18 21 23 24 25 25 22 46 95 87 33 15 19 19 18 18 18 17 17 16 15 15 15 16 16 17 17 17 17 19 23 28 37 44 36 17 5 4 4 4 4 4 4 4 4 5 5 5 5 5 5 5 7 7 7 7 7 7 7 7 7 
1 1 1 1 1 1 1 1 1 1 1 1 1 1 1 1 2 2 2 2 2 2 2 2 1 1 1 1 1 1 1 1 1 1 1 1 1 1 1 1 1 1 1 1 1 1 1 2 2 3 4 5 5 17 42 71 89 92 128 164 213 251 251 242 238 248 249 248 250 251 252 252 252 252 250 249 251 241 164 58 11 5 4 2 2 1 1 0 1 1 1 1 1 1 1 1 1 1 1 1 1 1 3 3 4 17 32 38 28 14 10 10 11 11 11 11 12 13 14 15 15 15 17 18 21 23 24 25 24 21 43 87 88 39 15 19 19 18 18 17 17 17 16 16 16 16 16 16 16 17 17 17 19 23 28 36 43 35 16 5 4 4 4 4 4 4 4 4 5 5 5 5 5 5 5 7 7 7 7 7 7 7 7 7 
1 1 1 1 1 1 1 1 1 1 1 1 1 1 1 1 2 2 2 2 2 2 2 2 1 1 1 1 1 1 1 1 1 1 1 1 1 1 1 1 1 1 1 1 1 1 1 2 2 3 4 5 5 18 43 73 68 67 101 157 209 248 251 247 243 249 249 248 250 251 252 252 252 252 250 249 250 235 156 56 14 7 3 2 2 1 1 0 1 1 1 1 1 1 1 1 1 1 1 1 1 2 3 4 5 15 31 39 30 16 11 11 11 11 10 11 13 15 14 14 15 16 17 18 21 22 23 24 23 21 39 83 90 45 16 17 19 18 18 17 17 17 16 16 16 16 16 16 16 18 17 17 18 23 29 37 42 33 16 5 4 4 4 4 4 4 4 4 5 5 5 5 5 5 5 7 7 7 7 7 7 7 7 7 
1 1 1 1 1 1 1 1 1 1 1 1 1 1 1 1 1 1 1 1 1 1 1 2 1 1 1 1 1 1 1 2 1 1 1 1 1 1 1 1 1 1 1 1 1 1 2 3 2 2 4 5 4 18 40 85 89 96 132 177 212 238 249 250 248 249 249 248 250 251 251 250 252 252 250 249 250 234 153 53 12 7 4 2 1 1 1 1 1 1 1 1 1 1 1 1 1 1 1 1 1 2 3 5 5 12 26 36 32 18 12 11 11 11 11 12 15 15 14 14 15 16 17 18 21 22 23 23 23 23 38 84 96 46 15 17 21 18 18 17 17 17 16 16 15 15 15 15 15 17 18 18 19 23 28 37 42 33 16 5 5 4 4 4 4 4 4 4 5 5 5 5 5 5 5 7 7 7 7 7 7 7 7 7 
1 1 1 1 1 1 1 1 1 1 1 1 1 1 1 1 1 1 1 1 1 1 1 2 1 1 1 1 1 1 1 2 1 1 1 1 1 1 1 1 1 1 1 1 1 1 2 3 2 1 3 4 2 18 41 72 121 150 192 209 220 235 245 248 249 249 249 249 250 251 251 250 252 252 249 248 251 233 145 45 11 7 4 2 1 1 1 1 1 1 1 1 1 1 1 1 1 1 1 1 2 2 3 7 7 10 19 32 36 21 12 11 11 12 11 14 15 15 14 14 15 16 18 19 22 23 23 23 24 24 38 85 103 53 14 18 21 18 18 18 17 17 16 16 15 15 15 14 15 16 19 19 21 23 26 37 42 32 16 5 5 4 4 5 5 5 5 5 5 5 7 7 5 7 7 7 7 7 7 7 7 7 7 7 
1 1 1 1 1 1 1 1 0 0 1 1 2 1 1 1 1 1 1 1 1 1 1 1 1 1 1 1 1 1 1 1 0 0 0 0 1 1 1 1 1 1 1 1 1 2 2 3 1 1 3 2 0 19 58 96 137 163 205 219 224 232 244 250 249 249 249 249 250 251 251 250 251 251 250 250 250 231 128 38 9 5 4 1 1 1 2 1 0 0 1 1 1 1 1 1 1 1 1 1 1 2 3 5 7 9 15 29 38 23 14 11 10 11 12 13 13 13 14 14 14 16 16 18 21 23 23 23 23 24 37 82 104 57 12 18 22 18 18 17 18 18 17 17 16 16 15 15 15 17 19 20 23 24 27 37 44 34 16 8 4 5 5 5 5 5 5 5 5 5 5 5 7 7 7 7 5 7 7 7 7 7 7 7 
1 1 1 1 1 1 1 1 0 0 1 2 2 1 1 1 1 1 1 1 1 1 1 1 1 1 1 1 1 1 1 1 0 0 0 0 1 1 1 1 1 1 1 1 1 2 2 3 1 1 4 4 1 25 63 100 129 157 188 202 215 229 244 250 249 250 249 249 250 251 250 249 250 251 250 252 245 194 94 17 5 4 3 2 1 1 2 1 0 0 1 1 1 1 1 1 1 1 1 1 1 1 3 7 8 9 11 21 38 33 16 11 9 11 13 13 13 15 14 14 14 16 16 18 21 23 22 22 23 23 33 73 95 55 14 17 22 18 18 18 18 18 17 17 16 16 15 16 15 16 19 22 25 24 26 37 44 34 16 8 5 5 5 5 5 5 5 5 5 5 5 5 7 7 5 5 5 5 7 7 7 7 7 7 
1 1 1 1 1 1 1 1 1 1 2 2 2 1 1 1 1 1 1 1 1 1 1 1 1 1 1 1 1 1 1 1 0 0 0 0 1 1 1 1 1 1 1 1 1 1 1 2 2 2 6 8 3 18 47 75 99 127 159 178 195 222 242 249 250 250 250 250 251 251 250 248 249 250 250 253 228 148 53 5 5 3 2 2 1 1 2 1 0 0 0 0 1 1 1 1 1 1 1 1 1 1 3 7 9 8 9 17 38 39 19 11 11 12 13 13 12 14 15 15 15 16 16 18 21 22 22 22 22 24 31 67 94 60 18 17 22 19 18 18 18 18 18 18 17 16 15 17 15 15 18 23 25 24 26 36 44 36 16 8 5 5 5 5 5 5 5 5 5 5 5 5 7 7 5 5 5 5 7 7 7 7 7 7 
1 1 1 1 1 1 1 1 1 2 2 2 2 1 1 1 1 1 1 1 1 1 1 1 1 1 1 1 1 1 1 1 0 0 0 0 1 1 1 1 1 1 1 1 1 1 1 2 1 2 6 9 5 7 22 37 57 84 123 153 182 217 242 249 251 250 250 250 251 250 250 249 248 248 245 248 203 106 26 5 6 3 1 2 1 1 2 1 0 0 0 0 1 1 1 1 1 1 1 1 1 2 3 7 9 8 5 17 37 40 21 10 12 12 13 13 12 12 13 13 15 16 16 18 21 22 22 22 22 23 26 62 96 68 24 18 23 21 21 19 20 18 18 19 19 18 17 18 16 16 18 20 22 23 25 34 43 33 15 9 5 7 5 5 5 5 5 5 5 5 5 5 7 7 5 5 5 5 7 7 7 7 7 7 
1 1 1 1 1 1 1 1 2 2 2 2 2 1 1 1 1 1 1 1 1 1 1 1 1 1 1 1 1 1 1 1 0 0 0 0 1 1 1 1 1 1 1 1 1 1 1 2 1 2 5 9 8 4 12 23 42 68 111 150 182 220 244 250 251 251 251 251 251 251 251 250 249 251 248 238 170 58 14 7 4 4 3 3 2 2 1 1 0 0 0 0 1 1 1 1 1 1 1 1 1 2 4 5 8 7 3 10 31 45 28 10 12 11 13 13 11 12 13 13 14 16 16 18 21 22 23 23 23 23 25 59 100 78 30 23 30 28 28 26 25 23 23 22 23 22 20 22 23 20 20 20 23 25 29 43 47 32 15 9 7 7 5 5 5 5 5 5 5 5 5 5 7 7 5 5 5 5 7 7 7 7 7 7 
1 1 1 1 1 1 1 1 1 1 1 1 1 1 1 1 1 1 1 1 1 1 1 1 1 1 1 1 1 1 1 1 0 0 0 0 1 1 1 1 1 1 1 1 1 1 1 2 1 1 4 8 5 4 13 31 61 106 149 184 208 231 248 250 251 251 251 251 251 251 251 250 251 252 249 227 131 25 5 2 2 3 3 3 1 1 2 1 0 0 0 0 1 1 1 1 1 1 1 1 1 2 4 5 8 5 1 8 36 49 30 10 12 11 12 12 11 12 13 13 14 16 17 18 21 22 23 23 23 23 25 55 100 82 35 30 39 37 37 36 34 31 30 27 29 29 29 30 30 29 27 27 29 33 41 57 64 46 19 8 7 5 5 5 5 5 5 5 5 5 5 5 7 7 5 5 5 5 7 7 7 7 7 8 
1 1 1 1 1 1 1 1 1 1 1 1 1 1 1 1 1 1 1 1 1 1 1 1 1 1 1 1 1 1 1 1 0 0 0 0 1 1 1 1 1 1 1 1 1 1 1 2 1 1 4 5 3 4 15 37 78 155 201 222 236 243 249 250 251 251 251 251 251 251 250 249 251 251 249 213 108 18 3 2 2 2 3 3 2 2 1 1 0 0 0 0 1 1 1 1 1 1 1 1 1 2 5 5 8 4 1 8 33 45 30 12 11 12 12 12 11 11 12 12 14 16 17 18 21 23 24 24 22 22 21 52 97 84 37 31 40 40 40 40 40 37 36 33 33 35 37 39 36 32 36 36 37 44 54 71 81 63 25 7 7 5 5 5 5 5 5 5 5 5 5 5 7 7 5 5 5 5 7 7 7 7 7 8 
1 1 1 1 1 1 1 1 0 0 0 0 1 1 1 1 1 1 1 1 1 1 1 1 1 1 1 1 1 1 1 1 0 0 0 0 1 1 1 1 1 1 1 1 1 1 1 2 2 1 4 4 2 3 15 41 86 159 213 234 246 248 250 250 251 251 251 251 251 251 249 250 251 252 250 200 97 19 3 3 2 2 3 3 2 2 1 0 0 0 0 0 1 1 1 1 1 1 1 1 1 2 5 5 7 4 3 7 23 40 30 14 12 12 12 12 11 12 13 13 15 17 17 18 21 22 23 23 23 21 19 49 93 78 38 32 38 38 40 42 41 39 38 37 36 33 33 38 40 39 39 40 39 45 58 79 90 70 28 7 5 5 5 5 5 5 5 5 5 5 5 5 7 7 7 7 5 7 7 7 7 7 8 8 
1 1 1 1 1 1 1 1 1 1 1 1 1 1 1 1 1 1 1 1 1 1 1 1 1 1 1 1 1 1 1 1 0 0 0 0 1 1 1 1 1 1 1 1 1 1 1 2 1 1 2 3 3 5 15 16 90 160 202 224 235 247 249 250 250 250 250 250 251 251 249 249 252 252 252 187 85 17 5 3 2 2 2 2 2 1 1 1 0 0 0 0 1 1 1 1 1 1 1 1 1 3 5 5 4 4 4 5 17 39 31 10 11 12 12 12 10 11 13 15 16 18 18 18 18 21 21 22 22 23 25 47 85 66 38 36 37 35 36 36 35 33 32 32 32 29 26 29 37 39 38 39 38 38 53 82 94 68 28 5 5 5 4 4 5 5 5 5 5 5 5 5 5 5 5 5 5 5 7 7 7 7 7 7 
1 1 1 1 1 1 1 1 1 1 1 1 1 1 1 1 1 1 1 1 1 1 1 1 1 1 1 1 1 1 1 1 0 0 0 0 1 1 1 1 1 1 1 1 1 1 1 2 1 1 3 3 3 4 12 19 91 156 195 214 224 238 245 249 250 250 250 250 251 251 249 248 250 250 249 199 96 22 4 3 3 2 2 2 2 1 1 1 0 0 1 1 1 1 1 1 1 1 1 1 1 3 7 7 4 4 4 3 18 43 42 15 9 11 11 11 10 10 13 15 17 19 18 18 17 18 19 19 21 23 25 45 82 67 33 26 25 24 23 22 22 23 24 25 24 24 23 23 27 30 30 32 32 35 47 73 85 60 23 4 5 5 4 4 5 5 5 5 5 5 5 5 5 5 5 5 5 5 5 5 5 5 7 7 
1 1 1 1 1 1 1 1 1 1 1 1 1 1 1 1 1 1 1 1 1 1 1 2 2 2 2 1 1 2 2 2 0 0 0 0 1 1 1 1 1 1 1 1 1 1 1 2 1 2 3 3 4 4 11 16 114 166 205 222 230 238 243 248 250 250 250 250 250 250 248 249 250 250 248 213 110 23 4 2 3 2 2 2 2 1 1 1 0 0 1 1 1 1 1 1 1 1 1 1 1 3 7 7 3 3 4 3 21 47 46 18 9 12 12 10 10 10 12 15 17 19 19 18 17 17 19 20 21 19 19 45 88 75 29 10 13 13 12 11 11 12 12 14 14 15 16 15 14 15 16 17 18 22 31 44 50 37 15 4 4 4 4 4 5 5 5 5 5 5 5 5 5 5 5 5 5 5 5 5 5 7 7 7 
1 1 1 1 1 1 1 1 1 1 1 1 1 1 1 1 1 1 1 1 1 1 1 2 2 2 2 2 2 2 2 2 0 0 0 0 1 1 1 1 1 1 1 1 1 2 2 3 1 2 3 3 4 6 12 19 124 186 222 238 244 247 249 250 250 250 250 250 250 250 249 249 251 250 251 220 110 21 5 3 2 2 2 2 1 1 1 1 0 0 1 1 1 1 1 1 1 1 1 1 2 4 7 7 5 4 3 2 19 47 47 22 9 12 12 11 11 12 12 15 18 20 19 19 18 17 19 19 19 19 20 47 90 86 33 4 9 9 7 7 7 7 7 7 7 7 8 8 7 5 5 7 7 7 10 15 15 12 8 4 3 4 4 4 5 5 5 5 5 5 5 5 5 5 5 5 5 5 7 7 7 7 7 7 
1 1 1 1 1 1 1 1 1 1 1 1 1 1 1 1 1 1 1 1 1 1 1 1 1 1 1 2 2 1 1 1 0 0 0 0 1 1 1 1 1 1 1 1 1 1 1 2 1 1 2 2 2 8 19 31 106 188 229 245 250 250 250 250 250 250 251 251 251 251 249 248 250 250 251 214 102 18 3 2 3 2 2 2 1 1 1 1 0 0 1 1 1 1 1 1 1 1 1 1 2 4 8 9 8 4 3 1 14 32 38 23 10 10 11 10 13 13 12 14 17 20 21 21 19 18 19 19 18 18 19 39 84 92 36 2 5 5 4 4 4 4 4 5 5 4 4 4 4 4 4 4 3 3 4 4 4 5 4 3 4 4 4 4 5 5 5 5 5 5 5 5 5 5 5 5 5 5 7 7 7 7 7 7 
1 1 1 1 1 1 1 1 1 1 1 1 1 1 1 1 1 1 1 1 1 1 1 1 0 1 1 2 2 1 1 0 0 0 0 0 1 1 1 1 1 1 1 1 1 1 1 2 1 1 2 2 2 6 21 33 74 155 205 229 243 249 250 249 248 248 249 249 250 250 248 249 249 249 247 182 77 14 3 2 3 2 2 1 1 1 2 2 1 1 1 1 1 1 1 1 1 1 1 1 2 5 8 9 7 4 2 1 7 16 23 21 15 9 10 10 12 13 12 14 17 20 21 22 21 18 19 18 18 18 17 32 79 84 34 3 3 4 3 4 4 4 5 7 5 5 4 4 4 4 4 4 4 3 3 4 5 7 5 5 4 5 5 4 5 5 5 5 5 5 5 5 5 5 5 5 5 5 7 7 7 7 7 7 
1 1 1 1 1 1 1 1 1 1 1 1 1 1 1 1 1 1 1 1 1 1 2 2 1 3 5 5 4 3 1 1 0 0 0 0 1 1 1 1 1 1 1 1 1 1 1 2 1 1 1 2 1 4 16 21 53 115 173 206 229 243 244 244 244 243 245 245 246 246 245 244 245 247 243 163 60 9 4 3 2 2 1 1 1 1 2 2 1 1 1 1 1 1 1 1 1 1 1 2 3 5 8 8 7 3 2 1 5 9 16 19 17 10 8 10 11 13 12 14 16 18 21 22 18 18 19 19 17 19 17 33 78 77 36 8 3 4 3 4 4 4 5 5 4 4 4 4 4 4 4 4 4 3 3 3 4 5 4 5 4 5 5 4 5 5 5 5 5 5 5 5 5 5 5 5 5 5 7 7 7 7 7 7 
1 1 1 1 1 1 1 1 1 1 1 1 1 1 1 1 1 1 2 2 2 2 3 4 3 5 9 9 5 4 2 1 0 0 0 0 1 1 1 1 1 1 1 1 1 1 1 2 1 1 1 2 1 3 12 22 46 88 152 193 215 234 240 242 241 240 243 244 244 242 235 236 242 244 225 143 42 6 4 3 2 2 1 1 1 1 2 2 1 1 1 1 1 1 1 1 1 1 1 2 3 7 8 8 5 3 1 1 3 8 17 23 21 12 8 11 11 12 12 15 16 18 18 18 18 17 17 17 16 18 16 34 78 77 37 5 2 4 4 5 5 5 5 5 4 4 4 4 4 4 4 4 4 4 3 3 4 4 4 5 5 5 5 5 5 5 5 5 5 5 5 5 5 5 5 5 5 5 7 7 7 7 7 7 
0 0 0 0 0 0 0 0 0 0 0 0 1 1 1 1 1 1 1 1 1 1 3 3 5 8 11 9 4 1 1 1 1 0 0 0 1 1 0 0 0 1 1 1 1 1 1 1 2 2 2 2 1 2 10 23 52 82 146 190 210 231 237 240 240 238 241 241 241 239 233 234 243 245 210 121 24 6 4 3 2 2 1 1 1 1 1 2 1 1 1 1 1 1 1 2 1 1 1 3 4 7 8 7 6 5 4 2 2 11 36 44 23 11 10 11 10 10 15 15 15 16 18 18 16 16 18 17 16 16 16 34 70 68 25 4 3 3 4 4 5 5 5 5 4 4 4 4 4 4 4 4 4 4 3 3 3 4 4 4 5 5 5 5 5 5 5 5 5 5 5 5 5 5 5 5 5 5 7 7 7 7 7 7 
0 0 0 0 0 0 0 0 0 0 0 0 1 1 1 1 1 1 1 1 1 1 4 7 7 10 14 11 3 0 0 0 1 0 0 0 1 1 1 1 0 0 1 1 1 1 1 1 2 2 2 3 1 2 9 30 67 93 139 188 218 227 231 237 237 236 236 237 237 238 238 237 243 244 192 92 10 6 3 3 1 1 1 1 1 1 1 2 1 1 1 1 1 1 1 2 1 1 2 4 7 8 7 7 5 5 4 2 1 10 35 44 26 11 10 11 9 10 13 15 13 15 16 15 14 16 16 16 15 16 17 32 49 42 14 3 3 3 4 4 4 4 5 5 4 4 4 4 4 4 4 4 4 4 3 3 4 4 4 4 5 5 5 5 5 5 5 5 5 5 5 5 5 5 5 5 5 5 5 7 7 7 8 8 
0 0 0 0 0 0 0 0 0 0 0 0 0 0 1 1 1 1 1 1 1 2 7 11 8 12 18 14 2 0 0 0 1 0 0 0 1 1 1 1 0 0 1 1 1 1 1 1 2 2 2 3 2 2 21 50 80 100 131 179 220 220 221 227 230 229 231 232 232 232 231 230 235 231 165 64 3 6 4 4 1 1 1 1 1 1 1 2 1 1 1 1 1 1 1 1 1 1 2 5 9 9 7 4 4 3 2 1 2 9 29 40 26 14 10 9 9 9 12 12 12 13 13 13 13 15 16 16 14 15 17 31 43 30 7 3 4 4 4 4 4 4 6 6 4 4 4 4 4 4 4 4 4 4 4 4 4 4 4 4 5 5 5 5 5 5 5 5 5 5 5 5 5 5 5 5 5 5 5 8 8 8 9 9 
0 0 0 0 0 0 0 0 0 0 0 0 0 0 1 1 1 1 1 1 3 5 9 14 10 15 23 16 2 0 0 0 1 0 0 0 1 1 1 1 0 0 1 1 1 1 1 1 2 2 2 3 4 1 25 66 89 106 129 160 187 194 201 207 209 208 210 211 210 210 207 202 200 191 131 43 4 4 4 4 1 1 1 1 1 1 1 2 1 1 1 1 1 1 1 1 1 1 2 7 11 10 5 4 4 3 2 2 3 7 18 30 25 17 11 9 9 8 10 9 10 12 12 12 12 13 15 15 15 12 16 38 60 43 11 4 3 4 4 4 4 4 6 6 4 4 4 4 4 4 4 4 4 4 4 4 4 4 4 4 5 5 5 5 5 5 5 5 5 5 5 5 5 5 5 5 5 5 5 7 8 8 9 9 
0 0 0 0 0 0 0 0 0 0 0 0 0 0 1 1 1 1 1 2 8 12 14 15 16 18 19 14 4 0 0 0 1 0 0 0 1 1 1 1 0 0 1 1 1 1 1 1 2 2 2 3 4 12 49 84 94 105 118 134 149 162 170 177 179 179 178 177 175 174 174 172 177 166 101 31 4 3 3 3 1 1 1 1 1 1 1 2 1 1 1 1 1 1 1 1 1 1 2 7 11 10 5 3 3 3 1 1 3 4 9 16 21 18 11 8 7 7 6 6 9 11 11 12 13 15 15 15 14 12 12 38 75 64 22 4 3 4 4 4 4 4 6 6 4 4 4 4 4 4 4 4 4 4 4 4 4 4 4 4 5 5 5 5 5 5 5 5 5 5 5 5 5 5 5 5 5 5 5 7 8 8 9 9 
0 0 0 0 0 0 0 0 0 0 0 0 0 0 1 1 1 1 2 7 14 22 21 21 20 22 19 12 3 0 0 0 1 0 0 0 1 1 1 1 0 0 0 1 1 1 1 2 1 2 2 4 4 28 70 96 91 101 113 125 139 146 150 153 154 154 153 152 151 150 150 153 163 142 82 26 3 3 3 2 1 1 1 1 1 1 1 2 1 1 1 1 1 1 1 1 1 1 2 5 14 12 5 4 3 3 1 1 2 3 7 10 12 17 12 7 8 7 8 9 9 10 11 13 15 15 15 15 16 15 15 33 67 69 30 4 2 4 4 4 4 4 6 6 5 4 4 4 4 4 4 4 4 4 4 4 4 4 4 4 5 5 5 5 5 5 5 5 5 5 5 5 5 5 5 7 5 5 5 5 8 8 9 9 
0 0 0 0 0 0 0 0 0 0 0 0 0 0 1 1 1 2 3 10 21 26 25 24 24 24 21 10 3 0 0 0 1 0 0 0 1 1 1 1 0 0 0 1 1 1 1 2 1 3 1 2 5 25 64 94 100 107 123 140 145 148 150 152 153 153 153 153 151 150 149 154 163 128 61 12 3 2 1 1 1 1 1 1 1 1 1 2 1 1 1 1 1 1 1 1 1 2 3 10 23 18 7 5 3 3 1 2 3 3 4 8 12 19 15 7 8 8 10 10 11 11 11 11 13 16 16 17 17 18 17 26 57 67 34 5 2 4 5 6 6 6 5 5 4 4 4 4 4 4 4 4 4 4 4 4 4 4 4 4 5 5 5 5 5 5 5 5 5 5 5 5 5 5 5 7 5 5 4 5 8 8 10 10 
0 0 0 0 0 0 0 0 0 0 0 0 0 0 1 1 2 4 8 14 21 26 29 30 31 29 25 10 3 0 0 0 0 0 0 0 1 1 1 1 0 0 0 1 1 1 1 2 2 4 2 1 6 27 67 92 115 121 132 142 146 150 151 152 152 152 151 151 149 149 149 151 149 114 45 6 3 1 1 1 1 1 1 1 1 1 1 2 1 1 1 1 1 1 1 1 2 3 5 21 46 38 14 8 3 3 1 1 3 3 3 7 11 19 15 8 8 10 12 12 12 12 12 12 13 16 17 17 18 19 19 25 57 74 41 8 3 4 5 6 6 6 5 5 4 4 4 4 4 4 4 4 4 4 4 4 4 4 4 4 5 5 5 5 5 5 5 5 5 5 5 5 5 5 5 5 5 4 3 4 7 8 9 11 
0 0 0 0 0 0 1 1 1 1 1 1 1 1 1 1 2 9 15 17 21 35 47 54 44 26 25 19 10 0 0 0 0 0 0 0 1 1 1 1 1 1 1 1 2 2 2 2 2 5 3 2 9 32 74 106 128 132 137 138 145 150 151 152 152 152 152 152 150 149 148 149 146 108 38 9 1 1 1 1 1 1 1 1 1 1 1 1 2 2 1 1 2 2 2 2 2 3 8 40 80 67 30 9 2 2 1 1 2 3 3 5 11 21 18 8 5 9 15 13 12 12 12 12 13 16 16 17 17 19 19 24 54 88 61 13 2 4 5 5 5 5 5 5 5 4 4 4 4 4 4 4 4 4 4 4 4 4 4 4 5 5 5 5 5 5 5 5 5 5 5 5 5 5 5 5 5 4 5 5 7 7 8 10 
0 0 0 0 0 0 0 0 0 0 1 1 1 1 2 2 4 17 25 22 26 50 71 74 65 52 47 32 16 0 0 0 0 0 0 0 1 1 1 1 1 1 1 1 2 2 2 2 2 5 2 5 36 64 92 128 144 145 146 146 149 149 150 152 152 152 153 155 153 152 151 152 145 97 32 9 1 1 1 1 1 1 1 1 1 1 1 1 2 2 1 1 2 2 2 4 4 2 10 61 117 95 39 11 2 2 1 1 1 3 2 5 15 28 26 11 4 8 12 11 12 12 11 11 13 16 16 16 17 18 18 22 50 86 62 16 2 4 5 5 7 5 5 5 4 4 4 4 4 4 4 4 4 4 4 4 4 4 4 4 5 5 5 5 5 5 5 5 5 5 5 5 5 5 5 5 4 5 5 7 7 8 8 8 
0 0 0 0 0 0 0 0 0 0 0 0 1 1 1 2 8 19 29 28 37 64 85 88 83 73 61 35 15 0 0 0 0 0 0 0 1 1 1 1 1 1 1 1 2 2 2 2 2 5 1 24 51 94 113 146 153 155 160 156 150 149 151 153 155 153 155 157 158 157 159 158 142 86 24 9 1 1 1 1 1 1 1 1 1 1 1 1 2 2 1 1 2 2 1 3 9 2 14 80 146 128 58 16 3 2 2 3 2 2 2 3 21 44 38 15 5 10 11 11 10 10 10 10 12 15 16 16 16 17 17 19 41 61 40 10 3 4 5 7 7 7 5 5 4 4 4 4 4 4 4 4 4 4 4 4 4 4 4 4 5 5 5 5 5 5 5 5 5 5 5 5 5 5 5 5 5 5 7 7 8 9 6 11 
0 0 0 0 0 0 0 0 0 0 0 0 1 2 3 4 9 17 26 35 50 73 87 93 88 79 68 30 11 0 0 0 0 0 0 0 1 1 1 1 1 1 1 1 1 2 2 2 2 4 1 26 71 113 130 156 162 160 163 159 150 150 153 156 156 155 157 159 162 162 164 163 140 76 16 8 1 1 1 1 1 1 1 1 1 1 1 1 2 2 1 1 2 2 3 8 8 4 25 102 170 151 82 25 2 2 3 3 3 2 1 2 19 42 35 11 7 10 11 11 11 10 10 10 11 13 15 16 16 17 15 18 38 48 30 8 3 4 4 7 7 7 7 5 5 4 4 4 4 4 4 4 4 4 4 4 4 4 4 4 5 5 5 5 5 5 5 5 5 5 5 5 5 5 5 5 7 7 8 7 8 8 5 17 
0 0 0 0 0 0 0 0 0 0 0 0 1 2 4 9 11 17 26 45 72 95 97 97 95 78 70 45 25 9 0 0 0 0 0 0 1 1 1 1 1 1 1 1 1 2 2 1 2 3 3 32 108 144 145 157 159 159 159 158 152 152 156 157 157 156 158 160 162 162 165 163 134 69 12 8 2 1 1 1 1 1 1 1 1 1 1 1 2 2 1 1 2 2 4 8 9 8 35 114 177 155 88 32 2 2 4 4 3 2 2 1 12 29 28 12 8 10 11 11 11 10 10 10 11 13 16 17 16 16 14 21 43 54 32 8 2 4 4 7 7 8 8 7 5 5 4 4 4 4 4 4 4 4 4 4 4 4 4 4 5 5 5 5 5 5 5 5 5 5 5 5 5 5 5 5 7 7 8 7 8 9 7 27 
0 0 0 0 0 0 0 0 0 0 0 1 2 3 5 11 16 24 36 59 94 122 123 115 117 90 79 58 40 24 1 0 0 0 0 0 1 1 1 1 1 1 1 1 1 2 1 1 1 3 9 52 137 161 159 159 158 157 157 157 155 155 157 157 157 157 158 158 159 159 164 159 123 62 9 9 2 1 1 1 1 1 1 1 1 1 1 1 2 2 1 1 2 2 4 5 7 7 49 128 174 160 102 38 5 3 3 4 3 3 3 1 9 26 29 15 9 9 10 10 10 10 9 9 11 13 15 16 15 15 14 21 46 59 38 10 2 4 5 7 7 8 8 7 5 5 4 4 4 4 4 4 4 4 4 4 4 4 4 5 5 5 5 5 5 5 5 5 5 5 5 5 5 5 5 5 7 7 8 8 9 8 12 33 
0 0 0 0 1 1 1 1 0 0 1 1 3 4 7 11 23 37 53 72 96 129 139 135 144 114 104 84 73 57 21 2 0 0 0 0 1 1 1 1 1 1 1 1 1 2 1 1 1 2 11 73 147 168 163 163 160 158 157 158 160 158 157 157 158 158 157 157 157 156 157 151 109 53 7 7 2 1 1 1 1 1 1 1 1 1 1 1 2 2 1 1 2 2 3 5 8 18 67 132 163 158 121 53 12 7 3 2 2 4 4 1 7 28 33 19 10 9 9 9 9 9 10 10 9 11 13 15 15 16 16 19 43 59 40 13 4 4 5 7 8 9 9 7 5 5 4 4 4 4 4 4 4 4 4 4 4 4 4 4 5 5 5 5 5 5 5 5 5 5 5 5 5 5 5 7 7 8 10 10 11 11 19 44 
0 0 0 0 1 1 1 1 0 1 1 1 3 4 8 14 28 49 70 79 94 118 132 138 153 130 131 114 95 78 33 9 0 0 0 0 1 1 1 1 1 1 1 1 1 1 1 1 1 1 16 72 151 175 166 166 167 169 166 165 165 162 159 157 157 157 155 155 153 153 155 146 107 50 7 7 2 2 2 2 1 1 1 1 1 1 1 1 2 2 2 2 2 3 3 4 8 33 93 145 166 158 130 78 22 7 4 2 2 3 5 4 5 22 31 23 12 9 9 9 9 9 10 10 9 11 13 13 13 15 17 17 33 51 40 16 5 4 5 7 9 10 9 7 4 5 4 4 4 5 4 4 4 4 4 4 4 4 4 4 5 5 5 5 5 5 5 5 5 5 5 5 5 5 7 7 8 8 10 11 12 16 33 86 
1 1 1 1 1 1 1 1 1 1 1 2 5 12 21 28 37 58 74 82 94 111 130 137 137 149 147 124 99 86 75 46 0 0 0 1 1 0 0 0 1 1 1 2 2 2 1 1 1 2 14 68 131 155 169 167 169 169 170 167 163 159 157 155 155 152 151 150 150 151 151 151 107 47 7 6 3 2 2 2 1 1 1 1 1 1 1 1 1 1 1 1 2 2 2 3 9 36 97 150 166 157 132 84 29 10 4 2 3 3 6 5 4 17 29 25 12 8 8 9 9 8 8 9 8 10 11 12 13 16 17 16 22 38 36 18 7 5 5 5 8 10 10 8 5 4 3 3 4 5 5 4 4 4 4 4 5 5 5 5 5 5 5 5 5 5 5 5 5 5 5 5 5 7 7 7 8 9 11 11 10 19 63 141 
1 1 1 1 1 1 1 1 1 2 3 5 10 22 31 40 52 68 76 86 101 118 132 139 145 150 152 142 129 99 73 50 0 0 0 1 1 0 0 0 1 1 1 2 2 2 1 1 1 2 7 40 99 142 170 166 167 166 164 163 159 156 153 152 151 149 147 146 146 147 148 148 104 44 4 5 2 2 2 2 2 1 1 1 1 1 1 1 1 1 1 1 2 2 2 3 10 42 106 158 160 147 137 92 40 17 5 2 2 2 2 2 4 13 24 23 12 8 8 9 9 8 9 9 9 10 11 11 13 16 17 18 24 30 32 22 11 8 7 7 8 9 9 8 5 5 4 3 4 7 5 4 4 4 5 5 5 5 5 5 4 4 5 5 5 5 5 5 5 5 5 5 4 7 7 7 9 10 11 11 8 30 99 182 
1 1 1 1 1 1 1 1 1 3 7 9 16 26 36 49 61 74 80 92 113 136 147 149 150 153 156 160 142 102 71 45 0 0 0 1 1 0 0 0 1 1 1 2 2 2 1 1 1 2 5 18 66 127 156 162 164 159 158 156 153 151 148 145 145 144 145 146 146 147 145 145 101 39 1 3 3 3 2 3 2 1 1 1 1 1 1 1 1 1 1 1 2 2 2 3 11 57 129 159 143 142 143 113 68 27 9 7 2 2 3 3 4 8 18 22 15 8 7 9 9 7 9 9 9 9 10 11 12 15 16 16 21 26 30 26 21 16 9 7 8 9 9 8 7 5 4 3 4 8 5 4 4 4 5 5 5 5 5 5 4 4 5 5 5 5 5 5 5 5 5 4 4 5 5 7 7 9 11 9 9 46 135 216 
1 1 1 1 1 1 1 1 1 3 8 14 19 32 44 60 74 85 93 103 127 151 153 151 149 147 156 163 145 116 74 33 0 0 0 1 1 0 0 0 1 1 1 2 2 2 1 1 1 1 4 9 40 100 143 155 165 155 156 153 151 150 145 142 140 142 143 146 150 150 148 148 100 35 0 2 3 3 2 3 2 1 1 1 1 1 1 1 1 1 1 1 2 2 2 4 28 93 162 181 177 184 188 170 115 47 14 10 7 7 7 5 5 5 15 18 12 8 9 9 7 5 9 9 8 9 10 11 12 12 14 16 17 18 22 24 25 19 12 10 9 10 9 7 5 4 3 3 4 7 5 4 4 4 5 5 5 5 5 5 7 8 9 8 8 8 8 8 8 8 8 7 7 7 8 8 9 11 14 10 10 54 139 216 
1 1 1 1 1 1 1 2 2 3 9 14 25 44 63 79 89 102 112 119 132 142 151 156 170 165 167 182 143 82 28 7 2 0 1 1 0 0 0 0 1 1 1 2 2 2 1 1 1 1 3 5 23 58 108 131 169 162 164 162 158 156 152 147 143 142 142 149 156 154 153 152 99 33 0 1 2 2 3 3 2 1 1 1 1 1 1 1 1 1 1 1 1 2 1 8 56 145 203 213 217 225 226 213 157 77 21 8 8 4 4 4 3 4 9 10 12 10 10 11 8 7 8 8 9 9 10 11 12 12 12 12 9 7 9 14 18 16 9 8 11 10 9 7 5 4 4 4 4 4 5 4 5 6 7 7 8 8 8 8 9 10 11 10 10 10 10 11 11 10 9 10 10 10 10 10 10 11 14 11 14 47 115 187 
1 1 1 1 1 1 2 3 3 5 10 14 28 52 73 86 93 109 122 129 130 129 135 145 153 154 146 127 68 41 19 2 1 0 1 1 0 0 0 0 1 1 1 1 1 2 1 1 1 1 2 4 6 20 60 93 163 162 160 156 152 150 149 147 146 144 143 149 152 149 136 130 85 33 1 1 2 2 3 3 2 1 1 1 1 1 1 1 1 1 1 1 1 2 1 11 84 184 227 216 213 222 222 210 153 73 19 7 5 1 2 3 2 3 5 5 8 9 10 11 8 7 8 9 9 9 10 11 11 11 10 8 3 1 3 4 15 19 12 7 7 8 9 8 5 5 5 6 7 5 6 6 6 8 9 9 10 10 11 11 12 12 12 12 12 12 12 14 14 12 12 12 12 12 12 14 12 14 14 14 16 33 75 129 
1 1 1 1 1 1 2 4 5 10 15 15 23 44 63 77 87 102 116 125 121 110 117 135 149 152 117 58 5 13 11 0 0 0 0 0 1 1 0 0 1 1 1 1 1 2 1 1 1 1 1 2 2 3 20 56 146 152 142 134 131 128 124 123 121 122 128 139 131 120 94 80 57 21 1 1 2 2 2 3 2 1 1 1 1 1 1 1 1 1 1 1 2 2 1 16 97 180 205 179 159 160 172 164 109 43 12 11 8 2 3 3 4 4 8 9 8 9 9 9 8 7 8 9 8 8 9 10 10 10 7 4 3 1 3 3 16 32 35 23 11 9 10 10 9 5 6 9 10 10 9 10 11 11 10 10 12 14 14 15 15 16 17 18 18 19 18 17 18 19 20 19 17 18 19 21 22 20 18 18 17 25 44 68 
1 1 1 1 1 2 2 5 16 24 28 25 21 31 56 78 89 96 106 115 110 99 103 120 151 134 82 46 5 8 5 0 0 0 0 0 1 1 0 0 1 1 1 1 1 2 1 1 1 1 1 1 2 0 7 45 121 124 125 116 104 93 86 78 74 74 89 103 89 74 49 38 31 11 1 1 3 2 2 3 1 1 1 1 1 1 1 1 1 1 1 2 2 2 0 21 79 117 127 107 84 78 88 91 58 19 10 15 11 7 8 19 37 29 16 12 9 8 8 8 8 7 7 8 7 8 7 9 9 5 3 2 2 2 3 2 10 37 54 47 37 28 14 11 14 9 8 10 11 11 10 9 12 12 9 8 10 14 15 16 16 16 17 18 21 21 19 19 20 20 23 23 21 22 22 21 23 24 25 24 22 28 33 40 
1 1 1 1 2 3 2 8 32 47 52 44 29 35 60 85 90 95 92 99 101 87 82 89 111 65 25 20 11 2 2 1 0 1 0 0 0 0 0 0 0 0 0 0 1 1 1 1 2 1 1 1 3 0 4 2 43 66 101 104 88 68 47 37 36 37 42 43 43 29 29 22 14 4 1 1 1 1 1 2 1 1 1 1 1 1 1 1 1 1 2 3 2 1 2 17 28 36 38 38 31 24 25 28 23 15 13 15 15 12 16 44 71 60 29 10 4 3 8 9 8 5 7 5 5 5 5 7 7 3 2 2 2 2 2 2 3 17 35 44 51 47 25 14 18 18 11 11 12 11 14 12 8 22 32 37 39 38 42 42 41 37 31 25 22 21 25 32 36 34 33 33 31 29 26 24 25 30 35 36 33 32 31 32 
1 1 1 1 2 2 3 14 40 61 67 59 47 49 63 81 89 97 92 90 96 89 85 97 130 74 19 4 1 2 2 1 1 1 1 1 0 0 0 0 0 0 0 0 1 1 1 2 2 1 1 1 3 2 2 1 15 33 68 74 64 52 35 23 18 15 19 22 22 18 28 21 4 3 1 1 1 0 1 1 1 1 1 1 1 1 1 1 1 1 4 7 1 2 12 15 16 15 15 16 16 14 15 15 16 15 16 16 15 18 23 40 59 53 26 3 3 3 5 9 5 5 5 5 5 4 4 4 3 3 3 2 2 1 2 2 3 5 10 21 36 43 38 28 24 24 15 17 21 21 26 35 35 72 115 136 130 122 121 118 115 108 97 84 70 67 76 90 98 97 96 96 90 84 79 72 71 69 67 65 61 59 60 64 
1 1 1 1 1 3 8 24 49 70 77 80 82 81 78 81 89 104 111 115 123 131 139 157 152 96 30 7 3 3 3 3 2 3 2 1 0 0 0 0 0 0 0 0 1 1 1 2 2 2 2 2 2 1 1 1 0 10 36 46 46 46 44 45 43 42 48 52 49 38 24 13 2 1 0 1 1 0 1 1 1 1 1 1 1 1 1 1 1 1 5 5 1 7 18 22 23 22 21 19 22 26 23 19 19 24 24 24 21 22 29 40 50 44 23 3 3 3 5 6 5 3 3 4 4 3 3 3 3 2 2 2 2 2 2 2 2 4 5 8 14 25 41 50 47 40 26 26 31 32 40 61 99 162 210 225 217 219 214 209 206 201 192 175 164 163 170 180 187 189 191 191 187 181 173 162 151 149 144 141 139 141 142 150 
2 2 2 1 3 4 16 37 61 80 85 96 113 118 111 102 103 120 138 153 169 186 201 210 171 120 44 14 3 3 3 3 2 3 3 2 0 0 0 0 0 0 0 0 1 1 1 2 2 2 2 2 2 15 2 1 3 12 30 46 58 75 99 117 127 131 136 130 81 47 13 3 1 1 0 1 1 0 1 1 1 1 1 1 1 1 1 1 2 2 2 2 4 17 31 40 48 57 63 60 58 49 33 31 36 37 38 38 31 28 37 47 47 36 21 7 3 3 5 5 4 2 2 3 3 2 2 2 2 2 1 1 2 1 2 2 2 3 5 5 5 11 31 54 68 66 54 44 42 43 50 77 132 201 239 244 241 247 247 248 248 245 243 236 233 234 236 238 240 241 242 243 243 241 231 221 216 216 215 214 215 217 219 224 
3 3 2 0 3 14 30 54 78 89 94 103 113 122 128 127 132 149 166 184 195 208 219 222 200 158 67 16 3 3 3 3 2 2 2 1 0 0 0 0 0 0 0 0 1 1 1 1 2 2 2 4 3 9 1 18 19 31 58 79 86 114 145 171 192 208 198 156 76 33 4 3 1 1 0 1 0 0 1 1 1 1 1 1 1 1 1 1 4 5 3 4 17 49 76 100 126 140 153 152 124 87 55 45 52 49 46 37 32 36 41 41 31 18 8 3 4 3 3 3 2 2 2 2 2 2 2 2 2 1 1 1 2 2 2 2 3 3 3 5 5 5 18 38 55 69 70 58 54 61 71 89 132 181 219 234 240 243 245 248 249 248 248 249 249 249 249 248 248 245 247 247 245 244 240 236 237 239 243 244 244 244 245 246 
3 3 2 2 7 28 56 81 97 103 109 107 104 115 136 152 171 189 200 210 216 221 226 231 230 199 116 52 3 3 3 3 1 1 0 0 0 0 0 0 0 0 0 0 1 1 1 1 2 2 2 5 1 11 2 37 29 42 70 97 104 130 156 175 173 181 151 97 32 6 3 3 1 1 0 1 0 0 1 1 1 1 1 1 1 1 1 3 12 9 4 23 67 120 151 173 194 206 214 208 175 138 102 83 80 74 74 65 58 58 55 45 31 16 4 3 3 3 3 2 1 2 2 2 2 2 1 1 1 1 1 1 2 2 2 2 3 3 3 4 5 5 10 17 23 40 49 47 53 77 107 131 156 185 214 236 245 248 248 249 248 248 248 249 249 248 248 248 247 245 245 244 243 242 243 243 245 246 248 247 246 247 248 248 
2 3 3 2 10 45 93 121 134 138 142 139 138 148 170 192 214 227 234 237 241 244 245 241 233 217 139 66 3 2 2 2 1 1 0 0 0 0 0 0 0 0 0 0 1 1 1 1 2 2 1 6 2 19 46 106 71 92 115 142 146 160 178 182 165 131 72 31 9 3 3 2 1 1 0 1 0 0 1 1 0 0 1 1 1 1 1 7 12 2 15 71 145 193 206 213 219 222 220 212 206 193 170 157 151 148 148 143 131 121 115 103 74 32 10 6 4 3 3 2 2 3 1 1 1 1 1 1 2 1 1 1 2 2 2 2 3 3 3 3 3 4 6 6 4 11 18 22 33 69 131 182 208 217 224 240 245 248 250 247 248 248 250 250 250 249 249 249 248 248 249 248 248 247 247 247 249 249 250 250 250 250 249 250 
2 4 4 2 24 81 142 173 187 199 200 201 200 203 216 230 239 239 236 231 227 224 213 194 192 192 130 66 11 2 1 1 0 0 0 0 0 0 0 0 0 0 0 0 1 1 1 1 3 3 2 8 4 30 114 187 150 178 189 203 202 207 213 192 155 88 29 10 7 4 3 2 1 1 0 1 0 0 1 1 1 1 1 1 1 1 2 4 2 8 60 151 215 223 226 230 234 233 231 227 230 233 223 220 219 216 214 213 209 202 203 195 155 72 19 10 7 3 3 3 3 3 1 1 1 1 2 2 2 2 2 1 2 2 2 2 3 3 3 3 3 4 5 5 5 5 6 6 13 45 110 186 240 247 237 242 245 248 244 242 245 248 251 251 251 251 250 250 250 251 251 251 251 250 249 249 249 250 250 250 250 250 251 251 
1 4 3 15 64 139 199 219 222 226 229 235 235 235 236 236 226 214 200 185 167 157 143 131 106 97 80 53 39 42 37 26 16 5 1 1 0 0 0 0 0 0 0 0 1 1 2 3 1 2 5 19 58 114 198 250 216 215 214 214 216 230 223 172 80 21 9 5 5 4 2 1 1 1 1 1 1 1 1 1 1 1 1 1 1 1 2 1 14 86 171 227 238 238 241 242 244 244 243 244 244 247 247 244 246 245 244 244 245 246 245 242 200 100 19 9 7 3 2 2 2 2 1 1 1 1 1 1 1 1 2 2 2 2 3 3 2 3 3 3 3 3 4 4 4 4 5 5 11 32 80 163 231 245 245 243 246 250 243 243 244 249 251 250 250 250 250 250 250 250 251 251 251 250 249 249 249 249 249 249 250 250 250 250 
1 1 1 32 124 203 236 241 244 244 245 247 245 234 215 198 167 146 125 106 79 67 65 73 74 90 92 79 80 90 99 96 84 17 0 2 0 0 0 0 0 0 0 0 1 1 1 1 1 1 0 4 30 90 174 231 228 224 230 221 220 232 195 115 37 10 8 4 3 3 1 1 1 1 1 1 1 1 1 1 1 1 1 1 1 2 2 2 22 121 213 251 244 249 249 249 248 248 246 246 247 247 247 247 248 248 247 248 247 247 247 246 220 123 30 5 7 4 3 2 1 1 1 1 1 1 1 1 2 2 2 2 2 2 3 3 2 2 2 2 3 3 3 3 4 4 5 6 9 13 35 86 146 196 228 242 246 251 249 248 247 249 251 250 250 250 251 250 248 250 250 250 250 250 249 249 249 249 249 249 250 250 250 250 
8 4 9 75 192 247 245 246 249 240 228 215 193 164 135 117 94 78 70 64 52 43 50 63 74 109 130 135 149 162 170 171 149 64 10 0 0 0 0 0 0 0 0 0 1 1 1 1 1 1 3 10 9 30 79 156 230 201 227 209 217 234 173 82 11 4 4 2 1 2 1 1 0 0 1 1 1 1 1 1 1 1 1 1 1 3 3 1 25 107 197 246 247 252 251 250 249 249 248 248 249 248 248 248 247 247 247 248 247 247 245 251 222 125 31 4 7 5 5 4 1 1 2 2 1 1 1 1 2 2 2 2 2 2 2 2 2 2 2 2 2 2 2 2 2 3 5 5 6 8 13 26 46 86 134 170 193 210 217 227 233 244 248 248 250 250 252 250 245 249 251 251 249 249 249 249 249 249 249 249 250 250 250 250 
4 1 12 87 189 224 216 208 202 180 165 146 118 89 72 68 64 68 85 96 96 89 97 101 109 137 163 174 182 192 195 191 120 50 14 0 0 0 0 0 0 0 0 0 1 1 1 1 1 6 13 9 0 10 31 103 229 203 230 213 231 237 162 61 5 5 4 2 2 2 1 1 0 0 1 1 1 1 1 1 1 1 1 1 2 2 2 5 23 54 114 193 248 253 251 249 248 249 249 248 249 249 248 248 247 247 249 249 248 249 249 252 217 123 30 4 8 5 4 5 2 1 2 2 2 2 2 1 2 2 2 2 2 2 2 2 2 2 2 2 2 2 2 3 3 4 5 5 5 5 6 6 5 12 38 68 92 117 129 144 163 180 187 196 207 224 244 250 249 250 251 250 250 249 249 249 249 249 249 249 250 250 250 250 
2 2 21 84 156 186 182 170 158 147 141 131 123 113 111 118 126 139 165 181 179 175 178 179 184 195 203 203 193 192 184 172 61 12 3 1 0 0 1 1 0 0 0 0 1 1 1 1 1 1 3 3 0 31 56 106 231 228 233 223 235 227 149 46 4 4 3 2 2 2 1 1 0 0 1 1 1 1 1 1 1 1 1 2 1 3 3 5 9 8 25 101 189 231 248 249 248 249 249 249 249 248 248 248 248 248 249 249 249 250 249 238 185 96 28 8 8 4 4 5 2 1 2 2 2 2 2 2 2 2 3 2 2 2 2 2 2 2 2 2 2 3 3 3 4 4 5 8 9 8 10 11 8 7 11 15 19 37 46 51 59 72 81 93 107 132 167 208 242 250 250 250 250 249 249 249 249 249 249 249 249 249 249 249 
1 7 53 130 182 199 195 193 194 197 199 200 201 203 205 209 214 220 230 243 240 238 241 243 243 243 238 226 199 194 181 172 28 4 2 2 1 1 1 1 1 1 1 1 1 1 1 1 1 2 1 13 37 89 139 170 229 232 242 231 237 228 163 67 4 5 3 2 1 1 2 1 0 0 1 1 1 1 1 1 1 1 2 2 2 2 3 3 2 1 4 47 99 174 227 247 244 245 248 249 250 249 249 249 248 249 250 250 248 250 247 213 124 43 11 8 4 3 5 5 2 3 2 2 2 2 2 2 2 2 3 2 3 2 2 2 2 2 2 2 2 2 2 2 3 4 7 8 9 8 9 11 8 9 10 5 5 11 11 11 11 15 19 23 36 50 77 130 202 244 250 250 249 249 249 249 249 249 249 249 249 249 249 249 
4 21 104 203 231 236 241 244 249 250 251 250 249 245 244 244 245 247 248 249 248 247 250 251 251 251 247 240 224 218 200 185 17 3 1 1 2 2 2 2 2 2 2 2 2 2 4 5 4 11 30 78 143 190 222 247 233 235 249 237 243 238 196 104 12 5 4 0 1 2 3 2 1 1 1 1 1 1 1 1 1 1 1 1 2 3 3 3 4 3 8 17 35 118 193 237 244 245 248 250 250 249 249 249 248 249 250 250 249 250 234 169 75 18 9 9 6 6 5 4 4 3 1 1 2 1 1 2 2 3 4 4 3 2 3 2 2 2 2 3 3 2 2 2 3 3 5 6 8 6 7 8 5 7 13 9 5 9 10 10 11 11 12 14 18 23 29 63 143 227 251 249 249 250 249 249 249 249 249 249 249 249 250 250 
9 42 148 243 250 249 251 251 246 242 240 242 247 245 244 243 244 247 249 248 245 244 247 249 249 249 247 245 247 248 224 199 22 17 12 4 2 3 3 3 4 4 4 4 3 3 4 3 9 8 51 115 202 231 235 249 238 231 252 245 248 246 221 158 45 4 3 0 1 2 3 3 1 1 1 1 1 1 1 1 1 1 1 1 2 3 3 3 5 7 9 9 25 107 198 243 244 245 249 250 250 249 250 250 250 250 249 249 249 250 215 123 42 15 12 8 5 6 4 4 4 4 2 2 2 1 2 3 3 3 4 4 3 4 3 2 2 3 2 3 3 2 2 3 3 3 3 5 6 6 5 5 5 7 12 10 7 8 9 10 10 10 10 11 14 17 19 37 103 213 251 249 250 250 249 249 249 249 249 249 249 249 248 248 
5 47 159 244 251 249 245 223 174 145 144 166 207 239 243 244 243 247 249 248 245 244 245 247 248 248 248 248 241 240 238 237 186 104 37 9 2 2 3 4 5 5 5 5 5 4 3 2 11 2 55 133 208 253 242 251 229 241 252 248 247 247 249 215 100 22 5 3 2 4 2 1 1 1 1 1 1 1 1 1 1 1 2 2 3 4 3 3 5 5 10 15 39 137 231 252 245 247 249 249 250 249 250 250 250 250 249 249 249 248 194 89 22 13 10 7 4 4 4 4 3 3 3 3 3 3 3 3 4 4 5 5 5 4 4 3 4 4 4 4 4 4 3 2 2 3 4 5 6 5 5 5 5 7 9 8 6 8 7 8 9 9 9 10 15 21 21 30 89 207 252 249 249 249 250 250 249 249 249 249 248 247 244 242 
3 41 144 233 250 248 228 172 101 52 51 88 156 224 247 245 244 247 250 249 248 250 249 251 250 249 246 246 243 244 243 244 187 102 44 17 3 3 4 5 5 5 5 4 4 4 2 1 10 1 37 108 183 244 249 252 251 252 252 251 249 247 245 243 185 99 37 10 4 4 1 0 0 1 1 1 1 1 1 1 1 1 2 2 2 5 7 7 8 7 11 15 56 171 240 251 248 249 249 249 249 249 249 249 249 249 249 250 252 234 157 61 15 13 10 10 7 3 4 5 3 3 4 3 3 4 4 4 4 5 7 7 5 4 4 4 4 4 4 4 4 4 3 3 3 3 4 4 5 6 5 5 5 7 8 5 8 10 9 9 10 11 11 11 17 24 24 35 106 213 252 249 245 248 250 250 249 249 249 249 249 248 247 245 
5 33 119 200 216 218 193 144 103 75 78 108 160 220 248 252 252 252 252 252 252 252 252 251 250 249 244 244 241 241 238 240 192 89 18 10 5 4 4 4 3 3 3 3 4 4 1 1 7 0 12 45 135 224 242 253 252 252 251 251 250 249 247 245 241 175 70 15 5 5 1 0 1 1 1 1 1 1 1 1 2 2 3 3 2 5 8 5 8 4 8 32 105 209 245 250 250 250 250 250 249 249 249 249 249 249 249 249 251 221 138 49 9 5 3 8 9 3 7 7 4 4 4 4 2 4 4 4 4 4 5 5 4 5 7 7 5 4 5 5 7 5 4 3 4 3 3 4 5 5 5 5 4 5 9 10 9 11 13 16 14 12 11 10 16 31 54 92 170 236 252 248 243 248 251 251 249 249 249 249 251 250 250 250 
8 28 85 138 144 147 139 125 123 124 137 156 184 212 230 241 249 251 251 251 251 252 251 250 249 248 245 245 243 242 241 241 162 58 0 1 2 2 3 3 2 2 2 2 2 2 2 3 3 2 4 23 116 211 240 247 249 250 251 251 249 250 249 243 230 165 64 14 8 5 2 1 1 1 1 1 1 2 2 1 2 2 3 3 3 4 2 1 8 9 35 97 183 243 251 251 250 250 250 250 249 249 249 249 248 249 249 250 245 233 171 95 52 35 19 10 11 8 8 8 5 5 5 4 3 4 4 4 4 5 8 8 8 9 9 9 9 10 10 10 9 9 9 10 8 5 4 5 9 9 8 5 8 11 17 13 10 8 10 11 10 12 16 29 59 97 145 186 223 244 252 250 245 248 251 251 249 249 249 249 249 249 250 251 
9 22 43 65 70 68 71 79 81 85 97 113 136 143 150 160 178 184 187 188 188 189 195 200 205 212 217 223 220 219 222 227 100 33 3 3 3 3 2 2 2 2 2 2 2 2 1 1 2 1 1 7 82 186 235 236 247 249 251 251 251 251 250 236 178 89 28 8 9 5 3 2 2 2 1 1 1 1 1 1 3 3 4 4 3 1 2 21 45 73 125 190 244 252 251 251 251 250 250 250 249 249 249 249 250 249 249 250 250 248 227 202 160 128 84 46 29 19 12 5 4 4 4 3 4 4 5 5 7 7 7 8 8 8 7 5 8 8 9 9 9 9 10 9 8 5 3 4 8 8 8 8 8 10 12 16 21 25 29 39 51 68 85 114 153 193 228 243 247 248 252 250 249 250 249 249 249 249 248 247 242 241 244 250 
8 15 19 22 21 19 21 25 26 26 29 37 49 52 56 66 77 77 79 82 82 84 89 99 104 115 121 130 131 134 138 145 30 9 1 2 3 2 2 2 2 2 2 2 2 2 1 1 1 2 6 7 73 172 227 231 244 244 250 251 251 250 244 203 117 28 2 4 8 5 3 4 3 3 3 2 1 1 1 2 3 3 4 7 1 3 42 99 143 187 221 248 253 252 252 251 251 251 250 250 249 249 249 249 248 248 248 249 250 250 250 251 229 191 134 81 48 30 14 5 8 9 8 9 12 12 10 9 5 3 3 5 7 7 8 9 12 11 12 13 15 17 15 15 12 14 14 14 11 12 17 21 19 18 28 51 79 102 121 139 155 178 194 213 234 245 250 250 250 250 250 249 251 250 249 249 249 249 248 247 241 238 243 250 
8 11 10 10 9 9 9 10 10 8 8 9 11 12 16 18 21 21 22 24 26 28 30 31 32 32 33 38 40 44 49 56 8 1 0 1 2 1 2 2 2 2 2 2 2 2 1 1 1 3 9 6 43 132 214 228 238 253 252 253 252 252 250 190 87 17 4 3 6 5 3 5 9 8 10 9 5 5 5 5 4 4 5 7 2 21 99 182 227 252 249 253 252 251 250 250 249 248 249 249 247 248 249 250 250 251 251 252 252 252 248 240 213 166 112 64 39 29 17 14 18 17 16 16 16 16 15 14 22 33 44 51 53 55 59 67 74 75 79 81 80 85 88 89 88 85 79 80 82 85 93 95 96 96 109 131 159 192 217 230 235 245 248 249 248 245 247 249 250 251 250 250 250 249 249 249 249 249 248 247 245 245 248 250 
8 9 10 10 10 11 11 11 11 11 12 12 14 14 14 12 14 15 16 18 21 22 22 22 21 18 16 17 15 15 16 18 5 0 0 1 1 1 2 2 2 2 2 2 2 2 1 1 0 3 14 5 6 55 145 166 202 237 237 237 236 240 244 223 124 44 5 3 5 5 3 7 12 15 15 12 11 9 9 9 7 5 5 9 8 36 123 213 248 253 242 248 250 250 250 251 251 250 251 251 251 252 252 252 251 248 243 238 230 221 213 194 151 107 68 45 36 31 29 29 29 28 27 26 24 30 33 50 93 129 149 159 161 159 164 173 182 188 195 195 191 196 200 203 202 196 187 194 199 200 202 202 203 203 202 206 213 228 242 245 248 248 250 245 242 243 247 248 249 250 250 250 250 250 250 249 249 249 249 248 250 251 251 249 
8 6 6 9 10 10 10 10 11 12 11 12 12 12 12 12 12 14 16 16 19 20 19 19 17 17 17 18 19 19 32 22 0 0 1 1 1 1 1 1 1 1 1 1 1 1 2 3 3 5 12 8 8 18 36 54 92 95 127 159 181 188 186 194 122 37 8 4 4 3 3 5 16 18 15 12 14 12 10 10 9 8 8 15 6 23 95 191 240 251 250 251 252 252 252 253 251 249 243 236 232 234 230 227 216 199 180 164 150 138 129 116 71 58 50 47 38 32 35 36 35 38 45 58 85 109 125 157 205 226 239 246 245 245 245 248 253 253 253 253 252 252 252 252 251 249 245 248 251 251 251 250 249 248 244 242 242 242 242 244 243 245 248 248 247 248 247 248 249 250 250 250 249 250 250 249 248 249 249 249 249 249 249 249 
9 8 7 8 8 9 10 10 10 14 15 14 14 14 14 12 15 16 17 16 18 20 22 23 21 21 21 19 18 17 14 12 3 1 1 1 1 1 1 1 1 1 1 1 1 1 2 3 4 6 11 14 12 10 21 33 49 50 59 67 79 81 81 89 72 24 10 3 4 3 2 4 16 16 15 11 12 15 17 14 11 6 5 10 2 12 66 145 196 210 216 221 222 221 216 212 203 192 184 172 163 164 159 150 137 122 100 86 80 73 67 63 61 60 59 52 45 43 46 52 51 54 65 101 164 202 219 231 244 244 248 248 248 249 249 250 250 250 250 250 251 251 250 249 249 250 252 252 250 251 251 251 249 251 251 252 252 252 252 250 248 250 251 250 248 248 249 250 249 250 249 250 250 249 249 249 249 249 249 249 249 249 249 249 
14 12 14 12 11 12 15 15 15 18 22 21 21 21 18 18 18 18 18 17 19 21 24 25 26 29 29 24 22 19 19 21 2 1 1 1 1 1 1 1 1 1 1 1 1 1 2 4 5 8 10 19 17 11 25 37 24 27 38 30 34 38 40 40 36 16 3 1 5 3 2 3 11 16 16 11 13 17 17 15 10 7 4 3 4 10 36 77 104 118 122 125 128 123 121 120 117 110 107 104 110 121 120 106 96 100 102 107 114 116 121 124 125 127 127 115 108 110 114 121 122 122 125 151 195 216 219 220 221 224 228 230 233 235 236 237 238 240 242 245 247 247 244 243 242 243 244 251 250 249 251 250 249 249 249 249 250 251 251 250 250 250 250 249 250 250 249 250 250 250 250 251 250 250 250 249 249 249 249 249 249 249 249 249 
21 18 17 18 17 17 19 19 18 21 22 21 21 19 19 17 16 17 21 21 22 23 24 24 25 27 25 23 21 19 19 19 1 1 1 1 1 1 1 1 1 1 1 1 1 1 2 4 5 8 11 13 7 8 22 29 17 23 25 27 36 38 45 46 30 11 2 3 3 3 3 4 5 10 10 6 8 9 9 9 7 7 5 8 9 6 15 35 52 63 67 71 70 67 73 79 79 84 96 109 134 155 156 144 141 156 173 187 194 201 207 212 213 214 215 208 200 203 207 212 214 212 213 215 219 220 219 217 220 223 227 229 229 231 233 233 235 237 238 240 240 240 235 224 213 209 214 230 243 248 250 251 250 250 250 251 251 251 251 250 249 249 250 249 250 250 249 250 250 250 251 251 250 250 250 249 249 249 249 249 249 249 249 249 
22 17 12 12 15 17 17 19 22 22 20 18 17 17 16 15 14 14 23 26 25 25 29 30 32 32 30 30 29 29 24 17 2 2 2 2 1 2 1 1 1 1 1 1 1 1 3 4 7 9 12 10 4 15 36 42 19 35 31 29 38 38 37 39 28 8 1 2 3 3 2 2 2 1 2 3 3 3 3 3 4 5 7 7 15 41 74 97 108 106 114 122 113 115 124 127 127 128 151 167 187 201 202 196 195 210 221 227 227 231 238 242 243 243 243 244 247 249 249 249 250 249 249 249 249 247 244 243 243 243 244 244 244 243 243 242 243 244 245 245 244 243 240 224 203 196 204 218 237 249 249 248 249 250 250 251 251 251 251 251 251 250 250 249 250 249 249 249 250 251 251 251 250 250 250 249 249 249 249 249 249 249 249 249 
47 43 49 51 53 60 66 70 71 73 73 71 69 68 66 66 67 68 74 78 78 79 81 82 83 81 74 72 79 82 82 45 3 2 2 2 2 2 1 1 1 1 1 1 1 1 3 4 7 10 13 18 44 95 139 142 122 128 127 108 106 115 104 96 54 12 1 4 4 4 2 2 2 2 2 2 2 3 3 3 3 4 6 6 36 110 175 200 202 199 202 207 199 202 202 201 200 202 209 216 223 224 223 224 223 230 237 238 240 242 243 244 245 245 245 247 248 248 247 247 247 249 249 249 251 252 250 249 249 249 250 250 250 250 249 249 249 249 250 250 249 248 245 238 233 229 230 236 244 249 251 249 249 248 249 250 251 251 251 251 251 250 250 249 248 249 249 249 250 251 250 251 250 249 249 249 249 249 249 249 249 249 249 249 
96 93 115 135 145 158 170 173 173 179 181 180 179 177 175 173 174 177 179 181 182 184 185 187 185 181 178 166 177 191 185 100 3 3 1 2 1 2 1 1 1 1 1 1 1 1 3 4 7 9 10 22 91 173 234 250 228 233 239 220 207 226 213 193 93 18 5 5 6 6 3 3 2 2 2 2 2 2 3 4 6 6 8 8 51 149 230 250 247 247 248 249 248 248 247 245 245 244 243 241 240 238 240 243 245 247 248 249 249 247 248 248 249 249 250 249 249 249 249 249 249 248 247 249 250 249 249 248 249 249 249 249 249 250 249 249 249 250 251 251 250 250 249 249 249 249 249 249 249 249 250 250 250 249 249 249 250 250 250 249 249 248 248 247 248 249 249 249 249 249 249 249 249 249 249 249 249 249 249 249 249 249 249 249 
103 101 121 152 172 179 184 188 197 206 212 213 212 214 215 222 227 230 235 238 239 239 243 246 248 247 248 236 233 247 206 115 2 3 2 2 2 2 1 1 1 1 1 1 1 1 3 4 7 9 9 18 81 175 240 253 244 253 254 232 229 254 242 222 106 18 5 7 6 4 3 2 2 2 2 2 2 2 3 4 6 9 12 10 45 148 238 253 248 250 252 252 252 252 252 252 252 251 249 247 244 244 245 247 248 248 248 249 249 249 248 248 249 250 251 250 251 251 250 250 249 249 248 248 248 248 249 249 250 250 250 250 250 250 249 249 249 250 250 250 249 249 249 249 249 249 250 251 250 248 248 249 250 250 250 250 248 249 249 249 249 249 249 245 247 248 248 249 249 249 248 248 249 249 249 249 249 249 249 249 249 249 249 249 
68 72 78 90 102 104 106 110 118 122 128 130 131 136 138 156 163 162 171 174 175 180 182 187 206 210 203 194 201 188 136 67 2 2 3 3 1 2 1 1 1 1 1 1 2 2 3 4 5 8 8 14 59 167 239 243 241 245 244 219 228 251 236 226 95 15 5 9 8 4 4 4 1 1 2 2 2 3 4 5 6 9 12 12 40 142 231 251 245 245 246 246 245 245 248 249 250 249 249 248 245 247 248 249 249 249 249 249 250 250 250 249 250 250 251 250 250 251 249 249 249 250 250 249 251 250 249 250 250 250 250 250 250 250 250 249 249 249 249 249 249 249 249 249 248 248 248 249 249 248 247 247 249 251 251 250 248 250 251 251 251 250 249 247 247 248 249 248 249 248 247 248 248 248 248 249 249 249 249 249 249 249 249 249 
44 40 43 46 49 51 52 54 53 51 53 56 60 64 67 73 75 78 81 85 88 90 92 94 111 122 124 127 132 116 79 40 1 2 2 3 2 3 2 1 1 1 1 1 2 2 3 3 5 8 8 12 68 182 243 243 241 243 245 247 250 249 236 226 89 24 8 9 6 5 4 3 1 1 2 2 2 3 3 3 4 5 8 11 38 139 226 249 247 244 248 249 247 248 249 249 250 249 249 249 248 248 248 249 249 249 249 249 251 251 251 251 250 250 250 249 249 249 250 250 250 250 250 250 251 251 249 249 249 249 250 250 250 250 249 249 250 250 250 250 250 250 249 248 248 248 249 249 250 250 247 249 249 250 250 251 250 250 248 243 238 237 238 242 244 249 249 249 249 247 247 247 247 247 248 248 248 248 249 249 249 249 249 250 
47 47 47 47 50 53 54 54 52 51 52 53 54 57 61 66 68 66 67 67 67 70 80 81 79 96 110 101 92 54 26 12 1 2 2 2 2 2 3 1 1 1 1 1 1 2 3 3 4 7 7 10 75 196 250 240 238 238 245 251 251 250 237 231 102 25 8 8 6 5 4 3 1 1 2 2 2 4 4 4 5 7 13 16 45 149 231 249 249 247 248 249 249 249 250 250 251 250 250 249 250 250 250 249 249 249 250 250 248 248 249 250 250 250 250 248 248 250 250 250 250 249 249 250 250 250 249 248 249 249 250 250 250 250 250 250 250 250 250 250 251 251 251 251 249 249 249 249 250 250 249 249 250 251 251 251 250 249 235 215 212 221 229 235 240 245 248 249 248 249 250 250 249 247 248 249 249 250 250 249 249 249 249 250 
88 92 94 95 98 105 108 108 107 107 108 109 110 114 120 122 123 124 126 128 129 137 144 147 148 153 170 150 113 44 11 5 2 2 2 3 3 2 2 1 1 1 1 1 2 2 3 3 4 7 4 15 85 202 254 250 241 240 250 251 249 249 237 231 116 26 9 8 5 5 4 3 2 1 2 2 2 4 4 4 7 10 19 19 55 158 234 249 250 248 250 251 250 249 250 250 251 250 250 250 251 251 251 250 250 249 250 249 247 248 249 250 251 250 249 249 250 250 250 250 249 249 248 249 249 249 249 250 249 250 250 250 250 250 250 250 250 250 250 250 251 251 251 251 249 250 250 249 250 250 249 250 249 251 251 249 249 242 221 200 208 227 236 242 243 243 248 249 248 250 251 251 249 248 248 249 249 250 250 249 249 249 249 249 
146 152 160 165 172 178 177 174 175 180 185 187 189 193 193 194 196 199 200 199 199 202 209 214 220 216 214 199 129 29 7 5 5 4 3 2 2 2 2 1 1 1 1 1 1 2 2 2 3 7 4 15 88 201 253 252 250 249 252 252 248 245 236 232 118 27 10 5 1 3 3 3 3 2 2 2 2 3 3 3 4 9 15 15 53 154 235 248 248 249 251 251 251 250 250 250 249 250 250 251 251 251 251 250 250 248 244 242 243 248 250 251 251 251 250 250 250 250 250 251 250 249 248 249 249 250 250 250 250 250 250 250 249 250 250 250 250 250 250 250 251 251 251 251 250 250 251 251 252 252 249 250 250 251 250 250 247 237 221 212 224 238 242 242 241 240 242 244 245 244 245 245 244 247 248 248 249 249 249 249 249 248 248 248 
163 169 179 188 193 197 199 198 196 199 202 203 204 206 205 205 207 208 209 210 210 212 215 219 228 237 225 190 123 28 7 7 4 4 3 2 2 1 1 1 1 1 1 2 1 1 1 2 2 4 4 10 71 180 244 250 251 252 252 252 252 251 245 244 116 30 11 4 1 3 3 3 2 2 2 2 3 3 4 4 6 10 14 14 54 161 233 242 249 250 249 249 249 248 248 249 248 248 248 249 250 250 250 249 248 248 245 243 243 244 248 251 251 249 248 248 248 249 249 251 249 248 248 248 248 249 249 249 249 249 249 249 249 249 250 250 250 250 250 250 250 251 251 251 251 250 251 251 252 252 249 248 250 251 250 250 248 243 236 236 240 243 242 240 238 238 238 241 241 241 242 243 244 245 248 248 247 247 247 247 248 248 248 248 
143 149 159 163 157 155 156 156 154 152 150 150 151 150 149 148 146 145 143 143 144 148 152 156 165 180 166 130 68 16 4 4 1 1 1 1 1 1 1 1 2 2 2 3 2 2 2 3 3 5 5 9 64 162 219 224 227 224 222 222 221 217 214 215 87 21 9 4 2 3 2 2 2 2 2 2 3 3 4 4 8 9 12 18 52 140 213 245 252 250 247 244 243 245 248 250 250 250 249 249 250 250 249 251 251 249 250 249 249 249 250 250 251 251 251 251 251 251 250 251 251 250 250 250 251 251 250 250 250 250 250 251 249 249 249 250 250 251 251 250 250 250 250 250 251 250 251 251 251 251 251 251 250 249 249 249 249 250 248 247 245 245 245 247 244 244 244 244 245 247 245 245 245 247 248 248 248 248 248 248 248 248 248 248 
114 115 122 117 108 102 97 98 100 95 89 88 86 85 82 82 80 77 72 71 71 74 78 79 82 87 80 58 19 2 1 0 1 1 1 1 1 2 2 2 3 2 3 2 3 2 3 3 3 7 3 15 42 90 136 142 139 139 139 134 128 124 120 115 38 11 7 5 4 3 2 2 2 2 3 2 3 3 3 4 4 8 12 23 44 114 191 223 202 193 193 194 193 198 204 209 215 222 226 231 238 245 247 242 241 238 233 227 224 227 234 236 238 238 238 241 247 249 250 251 251 252 252 252 251 251 251 251 250 250 250 249 248 249 251 251 250 250 250 251 251 251 251 251 251 250 251 251 250 251 251 251 250 249 249 248 249 249 248 247 247 247 248 249 249 248 248 249 249 249 248 248 248 249 249 248 249 249 249 249 249 249 249 249 
73 71 68 67 63 60 56 53 54 56 55 54 53 52 51 51 50 47 47 47 46 45 42 40 50 45 33 24 12 2 1 1 1 1 1 1 2 2 2 2 2 2 2 2 2 3 3 4 4 8 21 19 51 71 73 80 61 65 72 70 66 65 66 51 15 9 6 5 4 3 2 2 2 2 3 3 3 4 4 4 7 8 12 19 36 92 149 166 130 117 115 114 114 118 120 122 129 138 146 155 167 181 186 182 177 169 156 139 131 144 163 172 177 169 166 179 192 201 208 210 213 219 223 226 223 224 228 230 233 234 236 238 240 243 249 248 242 243 244 247 248 248 249 249 248 248 248 247 247 247 247 247 247 245 245 245 245 244 246 247 248 248 249 249 250 249 249 249 250 249 249 248 248 249 249 249 249 249 249 249 249 249 249 249 
35 35 37 38 40 40 43 44 44 44 45 45 46 47 46 46 45 45 45 46 46 45 42 39 39 38 33 21 12 6 1 1 1 1 1 2 2 3 3 3 2 3 3 2 2 2 2 2 4 5 10 15 45 64 64 68 61 64 71 70 69 67 68 60 25 8 6 3 3 3 1 1 2 2 3 3 3 4 4 4 5 7 10 11 21 46 75 109 118 121 123 125 122 120 118 118 118 122 125 129 137 143 143 144 141 136 127 116 115 127 135 141 139 124 121 130 139 148 153 159 164 167 175 182 187 189 193 198 201 205 207 210 215 220 221 222 224 228 230 227 223 222 223 224 226 231 236 235 235 235 237 238 236 237 237 237 237 237 239 242 245 247 248 248 249 248 248 248 249 248 248 248 248 248 248 249 248 248 249 249 249 249 249 249 
37 37 39 43 46 47 50 53 52 52 51 52 52 53 53 53 53 52 52 52 49 47 47 47 48 45 38 28 19 4 3 2 2 2 3 4 3 4 4 4 3 4 4 3 2 2 2 3 5 4 4 9 33 53 64 68 71 74 83 86 86 85 87 75 25 3 4 1 2 2 2 2 2 2 2 2 3 4 5 4 5 6 7 8 11 22 33 58 93 138 179 193 187 189 188 188 188 189 191 189 191 189 188 191 189 188 187 185 182 184 185 185 177 165 159 163 165 166 170 175 179 180 185 188 192 192 189 194 196 196 189 187 193 203 206 209 219 221 221 214 208 203 199 201 208 216 222 224 222 222 223 226 226 226 227 228 227 227 226 229 240 241 240 238 240 244 247 248 248 247 247 248 248 248 248 249 248 248 249 249 249 249 249 249 
76 74 73 74 69 68 66 65 66 66 65 64 61 59 58 57 56 53 52 50 47 49 47 50 60 47 40 32 17 4 4 4 3 3 3 5 5 5 4 4 3 4 5 2 2 1 1 4 8 8 8 14 29 55 75 79 80 85 90 94 96 95 100 86 29 2 2 1 2 2 2 2 2 2 2 2 4 4 4 4 6 6 7 9 10 10 12 19 38 99 170 198 201 204 203 203 205 206 215 216 216 216 217 217 216 219 220 219 216 215 215 216 214 205 202 207 208 208 210 213 214 215 217 216 216 215 206 205 212 209 199 193 199 214 219 224 235 235 233 228 225 225 223 223 224 227 228 233 231 229 226 224 223 223 224 224 223 223 224 228 233 233 230 230 228 236 242 244 245 247 247 248 248 248 249 249 249 249 250 250 250 250 250 250 
97 95 93 90 84 81 79 73 70 68 67 66 63 58 57 57 53 50 50 51 51 52 50 50 57 39 30 19 12 5 3 2 2 2 1 1 1 2 2 2 2 2 3 3 4 2 6 9 12 13 16 22 32 64 65 66 66 67 68 70 68 70 72 64 36 11 3 4 3 1 1 1 2 2 2 2 3 4 3 3 6 8 8 9 9 8 4 8 16 52 107 149 164 169 166 162 157 152 163 170 174 182 188 191 189 198 206 208 208 209 213 221 226 222 221 226 227 226 227 228 228 230 229 223 220 216 209 208 209 212 208 202 207 219 224 230 237 237 234 234 240 244 242 238 237 236 233 233 236 229 220 216 220 222 227 229 230 233 240 242 236 235 235 235 236 241 243 245 247 248 249 249 249 249 249 249 249 249 250 250 250 250 250 250 
81 80 80 79 78 78 78 75 73 74 75 75 75 74 78 80 80 85 89 93 96 96 93 92 84 70 44 21 4 1 2 3 2 1 1 0 0 1 1 1 1 1 1 1 1 1 4 7 10 15 21 37 62 90 88 87 86 86 84 84 82 80 80 75 48 19 9 8 3 2 1 1 1 2 2 2 2 3 3 3 6 8 7 8 8 8 9 8 12 32 72 118 148 156 155 148 142 138 141 146 157 167 177 182 185 192 198 201 206 210 216 226 228 224 222 223 226 224 224 223 220 224 223 220 214 208 206 203 202 205 203 200 201 208 213 214 217 222 223 226 231 233 224 213 205 196 186 187 189 187 182 187 206 210 220 227 235 240 243 247 249 249 248 248 249 249 248 248 248 249 249 249 249 249 249 249 248 249 249 249 249 249 249 249 
75 74 77 79 81 84 87 89 92 95 100 103 112 117 123 130 136 145 152 159 164 164 163 163 153 139 106 87 57 43 52 52 48 41 37 30 29 24 25 27 25 23 22 12 5 9 8 7 7 10 36 66 109 155 169 166 166 165 166 166 164 162 166 155 88 31 11 8 6 3 1 1 1 1 2 2 1 1 1 2 6 6 6 8 9 9 9 10 19 60 123 167 188 196 193 191 189 189 190 196 203 207 214 214 213 212 212 213 217 222 224 228 224 216 212 213 212 212 214 215 216 215 216 219 217 214 214 213 211 210 208 208 210 213 215 214 216 221 222 220 223 221 213 196 180 164 155 159 169 173 179 191 207 212 217 223 229 235 242 245 250 250 250 249 250 250 249 249 249 248 249 249 249 249 249 249 248 248 248 248 248 248 248 249 
116 115 117 118 122 125 129 130 124 127 135 139 146 150 155 162 165 167 172 181 185 185 186 191 201 180 157 145 129 131 139 139 136 128 122 111 111 107 108 105 108 107 101 80 65 57 47 46 42 52 89 124 170 207 215 216 217 219 222 224 226 228 230 207 117 35 5 6 6 2 2 1 1 1 2 1 1 1 1 2 5 6 6 6 8 9 9 10 32 111 196 228 232 238 236 235 235 237 241 243 241 242 244 242 240 237 236 237 237 234 234 235 234 230 227 226 223 223 227 228 228 228 228 231 234 233 232 232 231 231 230 231 234 235 235 235 237 238 236 233 234 236 231 226 219 207 202 208 212 216 223 228 230 231 232 232 231 237 243 245 248 248 248 247 247 248 248 248 249 249 247 247 248 248 247 248 248 247 248 248 248 248 248 249 
151 150 150 151 150 153 156 157 146 148 156 159 162 162 153 150 147 144 142 151 157 158 163 170 172 173 177 182 186 192 193 193 196 199 202 203 205 207 200 188 202 196 182 174 165 155 141 131 129 132 150 166 185 198 212 215 215 216 219 223 228 229 216 185 100 24 8 8 5 3 2 2 1 1 1 1 1 1 0 1 5 6 5 5 7 10 10 15 53 146 226 248 247 252 251 245 243 243 244 242 242 243 244 247 247 248 249 250 247 245 247 247 247 247 248 247 245 245 245 244 244 245 247 248 248 248 248 248 247 247 247 247 247 247 248 249 249 249 249 249 250 250 249 249 249 249 249 249 249 249 248 247 245 245 245 245 244 244 245 245 245 247 247 248 249 248 247 247 247 247 245 247 249 248 245 247 245 247 247 247 247 248 247 248 
108 109 109 109 107 106 108 109 113 113 117 122 125 129 118 109 101 94 94 99 102 104 107 112 122 124 130 135 136 137 139 143 152 162 172 179 185 189 188 187 187 185 184 179 175 172 171 171 172 173 175 182 192 200 206 212 214 215 219 220 221 219 207 174 81 17 7 8 6 4 2 2 1 1 1 1 1 1 1 2 6 7 5 5 8 10 8 13 40 115 200 244 250 250 248 245 245 243 241 240 241 242 244 247 247 248 248 248 248 249 249 249 249 249 249 249 249 247 247 247 247 248 249 250 250 250 250 249 249 249 249 249 249 249 250 250 250 251 250 250 251 251 250 250 250 250 250 250 250 250 249 249 249 249 249 249 249 249 249 248 248 248 248 249 250 249 249 249 249 248 248 247 247 243 242 243 244 245 247 247 247 247 248 248 
66 65 65 65 65 63 64 65 65 67 70 71 73 75 74 73 74 77 79 80 85 86 86 88 88 87 87 94 90 90 95 101 104 114 128 142 151 162 165 167 167 170 172 174 178 180 187 192 205 206 206 206 207 209 212 214 215 217 220 221 229 228 216 177 75 19 7 3 5 4 3 3 1 1 1 1 1 3 4 5 7 7 8 8 6 8 5 5 4 61 166 238 249 245 247 249 249 249 249 248 247 245 247 248 249 249 248 248 250 250 250 249 248 248 247 248 248 245 245 247 247 248 249 248 249 249 250 250 251 251 251 251 251 251 250 250 251 250 250 250 250 250 250 250 250 250 250 250 251 251 250 250 250 250 250 250 250 250 250 251 251 250 249 249 250 251 251 251 251 251 251 249 245 242 242 244 244 247 247 248 248 247 248 249 
72 71 73 77 81 84 86 89 89 96 103 106 105 108 111 117 124 132 138 143 147 151 152 158 148 137 131 135 135 136 141 144 132 138 152 163 172 181 186 188 191 193 198 200 205 206 210 214 216 214 209 207 214 218 216 215 215 212 209 208 208 200 181 137 65 24 10 4 6 4 4 4 3 3 3 3 5 7 5 5 6 7 8 9 16 27 43 59 61 102 179 233 245 244 247 248 249 250 250 250 248 247 248 249 249 249 249 249 250 250 250 250 249 250 249 249 250 249 249 249 250 250 250 249 249 250 250 250 251 251 251 251 251 251 250 250 250 249 249 249 249 249 249 250 251 251 250 250 250 250 250 250 250 250 250 250 250 250 251 251 251 251 250 249 249 250 251 251 251 250 250 250 248 245 247 248 249 249 249 249 249 249 248 249 
101 103 109 117 127 135 139 145 150 159 166 170 169 173 177 187 191 194 194 194 193 194 193 195 203 181 158 144 137 134 130 131 122 123 129 135 138 143 145 148 151 154 157 159 163 165 165 165 163 156 149 167 203 221 216 210 208 203 198 189 166 143 107 72 40 17 15 6 5 6 9 9 8 8 7 7 8 9 8 7 9 11 15 21 45 76 112 142 166 193 226 245 249 248 247 247 245 247 249 248 244 244 245 247 247 245 248 247 248 249 248 247 247 249 250 250 250 250 250 249 251 251 250 249 250 250 250 250 251 250 250 250 250 250 249 250 249 248 248 248 248 248 249 250 251 251 249 250 251 251 251 251 251 251 251 251 251 251 250 250 251 250 248 248 249 249 249 250 250 249 248 249 248 248 250 251 251 251 249 249 249 249 249 249 
104 108 117 125 137 143 146 150 152 156 162 162 163 162 170 179 182 178 166 153 149 144 141 141 158 142 118 101 66 39 43 46 46 47 49 49 46 46 47 49 51 53 54 57 59 61 65 68 71 79 121 166 209 226 220 216 213 209 205 193 165 142 117 102 67 37 19 12 8 12 15 15 15 14 14 12 13 18 17 17 18 21 26 36 53 79 108 132 170 207 235 250 250 245 250 251 250 250 251 251 247 245 247 247 247 248 249 250 251 250 250 249 249 250 250 250 250 250 251 251 251 251 251 251 251 251 251 251 251 251 251 251 251 251 250 250 250 249 249 248 248 248 248 250 250 250 248 249 250 250 250 251 250 250 250 250 251 250 249 249 251 250 250 250 250 250 251 251 251 251 250 249 249 249 251 251 251 250 249 249 249 249 250 250 
67 72 83 90 96 97 96 97 97 97 97 100 102 100 104 114 110 103 95 82 74 67 65 64 64 65 51 46 26 3 10 15 18 18 18 16 11 8 8 8 10 10 12 14 15 17 21 23 35 53 108 148 174 193 192 188 189 187 178 173 172 162 163 158 124 81 49 36 23 18 18 21 21 19 21 19 23 25 26 27 25 28 29 35 43 51 64 77 101 129 150 182 206 215 230 242 252 251 250 249 248 247 246 248 248 249 249 251 250 248 249 249 251 250 249 247 247 244 242 241 242 247 248 249 250 249 249 249 249 249 249 249 250 250 250 251 249 249 250 250 251 251 251 251 251 249 245 243 242 241 241 242 242 242 241 242 242 241 242 243 245 245 244 243 244 246 247 248 248 247 244 242 242 241 244 244 243 243 244 244 244 247 247 248 
37 40 47 51 51 48 47 46 47 50 51 53 59 57 53 52 49 46 43 39 37 33 29 24 21 19 17 16 20 20 23 25 23 22 22 20 17 17 18 17 18 21 23 24 25 26 22 28 36 47 74 89 95 104 102 97 105 102 100 108 117 120 128 122 108 81 60 45 33 25 24 24 23 23 23 24 29 29 29 29 29 29 31 33 35 38 43 43 46 55 65 92 121 144 170 189 216 224 229 230 223 223 223 224 227 227 227 227 223 222 222 222 222 220 219 216 213 208 202 199 203 210 215 221 226 230 233 235 236 238 241 242 241 240 242 242 242 243 243 243 242 241 242 242 242 242 242 238 234 234 234 233 231 233 234 234 234 234 234 235 236 236 230 224 229 231 231 233 235 232 229 227 224 222 225 228 226 227 231 234 235 237 240 242 
39 38 36 33 32 33 33 35 39 44 48 50 47 43 37 32 31 27 25 22 20 22 22 22 22 24 24 24 18 19 19 19 22 22 22 22 19 22 21 21 21 22 31 38 51 58 64 59 54 53 57 64 71 72 69 74 78 82 89 85 74 75 65 61 59 53 53 45 36 31 27 25 24 24 25 28 29 30 30 30 30 30 31 32 35 37 38 39 38 38 43 49 58 72 92 117 146 177 191 189 185 186 186 186 182 180 179 182 182 181 180 180 180 180 180 178 173 169 164 163 167 177 187 200 206 205 206 207 209 212 217 219 217 217 224 226 227 227 227 224 220 215 215 216 217 223 229 231 229 231 229 228 227 228 233 233 234 235 236 237 237 234 230 227 226 228 231 231 232 230 229 225 223 223 225 228 229 231 236 238 240 242 241 240 
39 39 37 36 36 37 39 42 43 42 45 45 40 31 29 27 26 25 24 22 20 19 17 17 18 18 20 22 19 19 18 18 21 21 20 20 19 20 19 19 21 23 28 36 46 52 60 64 65 67 75 87 96 96 98 110 115 109 104 93 77 65 57 49 47 45 43 40 36 32 29 27 25 25 28 30 30 31 31 32 32 32 33 33 36 37 38 42 44 46 47 47 48 50 52 66 87 120 139 155 165 170 174 175 175 174 175 179 179 177 175 175 174 174 174 175 174 172 167 164 162 163 164 171 175 177 177 178 178 179 181 185 185 185 195 202 206 207 209 209 207 203 200 201 203 203 203 206 208 208 205 203 203 203 202 200 203 209 217 227 231 231 233 235 235 238 243 246 246 245 246 246 246 247 248 248 247 247 246 246 246 246 244 241 
30 29 30 30 30 32 36 38 40 39 38 38 32 25 26 24 23 20 19 18 18 18 18 19 18 19 19 19 19 18 18 19 19 19 19 19 19 19 19 21 24 24 24 29 31 35 45 52 56 60 70 80 87 92 96 97 97 87 73 63 51 40 37 36 35 35 33 32 32 31 28 26 25 26 29 30 31 31 32 33 33 33 35 35 36 37 37 37 39 41 43 45 46 46 49 56 66 89 118 145 163 171 185 190 194 195 196 196 198 198 199 200 199 199 199 198 193 189 182 177 173 170 165 164 166 167 167 167 167 169 171 175 178 177 182 191 194 200 202 203 205 203 201 200 194 188 179 175 175 172 170 169 169 167 164 156 156 165 179 194 201 203 209 213 217 221 226 231 235 236 237 240 240 238 243 247 246 244 240 238 237 235 234 231 
32 30 31 31 29 29 29 30 30 31 30 28 24 21 23 22 20 20 19 19 19 18 18 19 19 19 19 19 19 19 19 19 19 19 19 19 19 19 21 22 24 24 23 25 25 28 32 37 37 42 50 56 57 57 56 52 49 44 38 35 31 29 30 31 32 32 32 31 31 29 26 26 26 28 29 30 30 31 33 33 33 33 36 37 37 37 37 36 36 34 33 36 37 38 45 57 77 99 127 150 170 180 192 196 200 203 205 205 206 208 212 217 220 223 223 221 217 213 208 205 203 203 203 202 202 200 200 196 193 193 195 198 200 200 201 201 203 206 209 210 208 207 205 202 185 177 167 163 162 160 162 162 159 157 153 149 149 155 166 175 178 178 180 185 186 187 189 193 193 194 193 193 192 192 195 207 216 222 219 220 217 216 217 223 
44 43 42 44 43 40 38 37 36 33 31 26 23 21 22 22 23 20 20 19 20 19 18 19 20 20 20 20 21 21 21 22 23 23 23 23 24 24 24 24 25 25 26 27 28 28 29 29 26 29 33 37 37 36 34 33 29 26 26 25 28 30 30 30 32 31 31 31 30 29 29 29 29 29 30 31 31 33 34 34 35 36 39 40 43 43 42 40 40 39 39 42 42 44 51 65 89 120 145 159 175 187 186 186 187 192 194 194 196 201 206 213 217 223 226 229 230 229 229 229 230 233 235 233 235 235 236 236 235 232 229 229 226 223 217 215 214 219 223 223 219 214 213 208 187 185 189 192 189 191 195 194 193 189 186 184 185 187 186 186 184 182 181 185 186 184 182 182 181 178 173 167 164 161 165 179 200 207 205 207 201 205 213 220 
63 61 59 61 61 59 56 52 47 42 37 32 26 24 23 23 24 23 22 22 22 22 21 22 23 23 23 23 23 23 23 24 25 25 26 27 27 27 27 27 27 29 30 31 31 30 30 31 29 28 28 26 27 29 30 31 29 28 26 28 30 32 33 32 33 33 31 30 30 31 32 32 31 31 31 32 34 34 36 37 36 36 37 39 40 40 39 39 40 40 42 43 44 47 57 71 94 124 146 163 184 198 201 199 199 201 205 206 208 214 219 222 225 228 230 234 234 231 231 229 233 231 226 220 217 219 217 216 215 213 209 209 208 213 219 223 227 231 236 238 238 235 234 230 215 216 229 236 237 237 236 236 234 231 230 229 228 226 221 219 216 215 215 216 217 219 219 217 216 215 210 206 203 199 201 211 227 228 226 223 224 227 233 236 
72 69 67 67 66 62 59 57 49 40 37 34 31 29 29 27 26 25 25 26 28 28 28 28 28 28 28 28 29 29 30 31 30 30 30 31 31 31 32 32 32 32 33 34 36 34 34 36 34 33 33 31 29 28 29 32 33 33 32 33 34 37 36 35 34 33 31 29 31 32 33 33 31 31 32 35 37 37 36 36 39 41 43 44 44 45 45 45 43 43 44 44 44 45 49 58 76 98 116 135 156 177 187 191 194 198 202 205 207 214 217 220 220 220 219 216 210 206 201 191 195 181 169 162 152 150 149 148 146 149 153 159 166 179 200 214 241 245 250 251 251 250 247 243 242 246 251 251 250 251 251 250 251 251 250 250 250 248 248 248 247 247 245 244 244 247 247 246 245 246 246 246 246 245 247 248 248 248 249 248 248 250 247 245 
61 61 62 62 60 57 54 56 51 45 43 40 40 41 43 40 38 37 35 32 29 29 30 32 33 33 33 33 33 33 32 31 30 30 31 32 33 34 34 36 36 36 37 38 38 38 38 39 39 39 40 38 35 35 33 33 36 36 38 38 37 37 35 35 34 34 32 32 33 33 36 35 38 37 35 36 40 39 39 46 52 54 57 61 61 60 60 61 59 59 65 66 65 65 66 70 76 90 100 106 109 122 131 136 146 148 151 153 157 160 164 167 180 182 181 177 170 166 158 156 137 124 110 102 100 106 111 116 132 142 155 164 180 193 211 216 244 247 250 251 251 248 243 233 229 238 247 247 247 248 250 250 250 250 250 250 250 250 250 250 250 249 248 248 248 249 249 248 248 248 246 248 248 249 250 249 249 249 250 251 251 251 248 248 
92 94 97 99 97 92 89 88 86 84 81 80 79 78 76 74 74 71 63 53 40 35 36 37 38 38 37 36 35 35 31 28 28 30 32 33 34 34 36 37 38 38 39 40 40 40 40 41 39 40 42 42 43 46 47 48 45 45 48 52 50 50 50 51 50 47 47 51 54 57 57 61 66 54 40 42 47 50 60 73 81 87 88 94 95 88 87 89 90 95 108 115 118 122 128 131 136 143 145 148 148 146 145 150 159 158 162 166 170 170 171 175 187 189 188 186 186 185 180 177 172 167 162 163 167 177 185 194 205 209 220 227 241 244 248 250 249 248 251 251 251 247 239 220 212 224 235 242 244 246 249 249 249 248 249 249 247 248 248 248 247 247 245 244 247 249 249 249 250 250 248 247 247 249 249 250 251 250 249 250 251 251 249 249 
182 184 184 182 179 174 170 164 160 159 158 153 149 141 135 129 121 115 93 79 57 50 47 44 40 39 39 39 37 35 35 35 36 37 37 38 38 36 37 37 36 37 38 38 38 38 38 39 38 42 44 52 60 70 80 94 94 99 103 101 97 97 101 101 100 97 96 101 107 110 113 116 110 97 87 89 96 102 111 122 132 139 142 143 141 135 135 137 139 145 158 167 174 178 179 182 185 186 191 199 203 206 207 210 213 214 216 220 221 221 221 223 224 226 228 230 233 233 233 231 230 230 231 236 240 241 241 242 242 240 233 230 232 232 234 242 245 248 249 250 249 244 237 225 222 231 240 244 244 246 247 247 247 247 247 247 245 245 245 245 244 245 245 244 247 248 249 248 249 249 248 247 248 249 249 250 250 250 250 251 251 251 249 249 
220 221 222 221 217 214 211 207 201 201 198 189 178 167 153 137 117 108 81 68 45 38 35 33 32 32 33 31 30 30 32 35 35 35 35 33 30 29 30 30 31 31 32 33 33 33 35 33 37 45 53 64 73 88 105 128 143 157 164 160 158 160 166 170 170 171 171 173 177 178 181 182 177 167 163 169 177 184 191 192 191 194 193 193 188 184 184 186 187 189 196 202 203 203 204 204 203 202 207 213 216 217 216 215 215 215 215 219 220 219 221 222 224 228 230 233 235 236 238 238 238 240 243 243 242 241 236 231 224 220 213 207 205 203 212 227 236 239 238 238 236 235 234 235 236 239 242 243 243 242 241 240 237 237 238 240 243 244 244 245 244 244 243 244 247 247 247 248 247 247 247 245 247 247 245 244 243 243 244 248 251 251 249 247 
194 199 202 206 203 199 195 190 184 175 167 159 150 142 128 114 94 84 70 63 53 49 46 47 47 47 45 42 39 40 44 47 49 46 45 43 42 42 42 42 42 43 45 47 50 52 54 57 64 77 86 95 104 116 130 146 163 174 184 192 200 206 209 214 217 220 220 222 223 224 226 227 228 224 223 227 230 233 236 236 233 233 231 231 230 228 229 229 230 230 233 233 229 226 225 224 225 229 234 237 236 234 231 230 230 229 229 231 233 231 230 229 228 227 224 223 222 221 223 224 224 227 228 226 222 219 214 213 213 213 213 209 205 205 213 223 230 234 229 227 227 229 234 238 239 241 241 242 242 240 236 235 234 233 233 236 240 243 243 243 242 242 242 243 244 244 244 245 245 244 244 244 244 243 240 236 233 229 233 241 249 252 250 247 
203 206 208 209 210 207 203 200 195 186 179 175 170 166 164 164 151 142 137 135 130 128 127 128 128 128 127 121 120 120 122 124 123 120 117 116 116 116 117 117 118 121 123 128 131 137 143 150 153 162 166 173 178 179 183 188 192 201 208 220 231 236 236 236 236 235 236 237 238 241 243 245 247 247 249 249 250 249 248 248 248 248 248 248 249 249 250 250 249 248 248 248 247 245 244 244 245 247 247 248 247 245 244 244 245 245 245 245 245 245 244 244 243 242 241 237 236 235 232 231 229 227 224 221 215 210 209 210 210 214 219 223 221 224 228 227 227 226 224 221 223 227 230 234 237 238 240 241 242 242 240 240 240 240 241 242 244 245 244 244 243 244 244 244 243 244 243 244 244 243 242 242 241 238 235 230 228 224 230 239 247 248 248 247 
241 242 241 239 238 238 238 237 236 236 236 232 229 229 234 236 224 224 226 226 222 220 219 220 221 222 222 217 214 216 216 217 217 214 210 208 208 208 209 212 212 214 217 220 223 227 231 235 236 238 241 242 240 236 237 236 236 237 240 242 243 243 242 238 237 236 237 237 241 244 247 248 248 249 249 251 251 251 250 250 249 249 249 250 249 249 250 250 249 249 249 249 250 250 250 249 248 248 248 248 247 247 247 247 248 248 248 248 248 248 248 248 248 248 248 249 249 248 246 245 242 237 231 227 221 219 220 222 223 227 230 234 238 239 237 230 222 219 219 217 217 221 223 226 232 236 238 241 244 244 244 245 245 247 247 247 248 248 248 248 247 247 245 245 245 247 245 245 245 244 243 240 237 237 238 241 241 241 243 245 242 242 240 242 
