10 9 9 14 22 19 15 14 12 9 9 9 9 8 3 3 4 10 15 18 24 33 60 66 60 39 31 24 12 17 18 19 18 18 18 19 19 21 21 21 19 21 21 21 21 21 21 21 22 22 22 22 22 22 22 22 22 22 22 22 21 21 21 21 19 19 19 19 19 18 19 22 23 24 23 21 21 21 21 21 21 21 21 21 21 21 21 21 19 19 19 19 19 19 21 19 21 24 29 38 65 109 181 234 244 235 191 132 97 100 80 59 52 59 64 62 52 29 36 34 36 35 33 32 31 33 39 77 127 203 235 
10 9 9 14 22 26 24 22 21 18 19 17 15 10 9 9 11 16 20 23 29 46 91 126 128 64 29 26 10 18 19 22 21 21 19 19 18 19 19 21 21 21 21 21 21 21 21 21 21 22 22 22 22 22 22 22 22 22 22 22 22 22 22 22 22 21 21 21 19 18 19 22 23 24 23 21 21 21 21 21 21 21 21 21 21 21 21 21 21 19 19 19 19 19 21 19 22 23 28 38 59 121 189 234 247 229 177 121 92 99 84 64 52 61 66 62 53 41 37 34 36 32 31 33 32 29 44 94 164 238 251 
10 9 9 14 22 31 36 32 31 31 32 31 29 22 23 23 25 29 35 33 33 47 97 165 200 127 60 36 16 23 23 23 22 21 22 21 19 18 19 21 21 21 21 21 21 21 21 21 21 22 22 22 22 22 22 22 22 22 22 22 22 22 22 22 22 22 21 21 21 21 21 21 22 24 23 22 22 21 21 21 21 21 21 21 21 21 21 21 21 21 21 19 21 21 22 22 22 23 25 43 75 135 202 241 249 222 167 116 87 94 85 65 57 66 72 67 56 45 37 36 33 33 33 32 33 33 48 97 177 248 252 
10 9 9 14 22 33 45 42 39 40 42 42 40 40 39 39 42 45 49 43 46 54 87 161 242 227 159 100 54 36 26 22 21 21 22 21 19 19 19 21 21 21 21 21 21 21 21 21 21 22 22 22 22 21 22 22 22 22 22 22 22 21 21 21 21 21 21 19 19 21 21 21 23 23 23 22 22 21 21 21 21 21 21 21 21 21 21 21 21 21 21 19 21 21 22 22 22 23 24 44 87 139 207 244 244 213 160 113 88 87 86 67 65 78 81 73 59 44 35 36 34 34 33 32 33 37 47 88 155 221 237 
10 9 10 16 24 33 47 45 45 47 48 50 51 52 51 51 51 52 52 49 53 57 74 123 200 235 219 182 151 106 58 36 23 24 21 19 19 19 19 19 19 19 21 21 21 21 21 21 21 22 22 21 21 21 21 21 21 21 21 21 21 21 21 21 21 21 21 21 21 21 21 22 22 23 23 22 22 21 21 21 21 21 21 21 21 21 21 21 21 21 21 19 19 21 21 21 21 23 25 40 64 116 188 231 228 201 152 108 86 81 84 65 67 84 84 73 58 40 35 33 32 32 31 31 32 36 44 65 102 156 181 
10 9 10 16 24 31 45 45 45 48 50 53 56 58 57 57 56 56 54 53 56 58 68 87 118 148 170 191 221 206 148 94 52 35 23 21 19 19 18 19 19 19 21 21 21 21 21 21 22 22 22 21 21 22 21 21 21 21 21 21 21 21 21 21 21 21 21 21 21 21 21 22 22 23 23 22 22 22 22 21 21 21 21 21 21 21 21 21 21 21 21 21 19 21 21 19 21 23 26 32 37 90 158 213 215 195 145 106 84 75 84 67 79 94 95 72 58 37 35 33 32 31 30 31 32 35 42 47 65 96 124 
10 9 10 15 23 31 43 47 51 53 56 56 58 57 57 58 58 58 58 59 60 60 66 67 76 80 97 133 176 227 230 188 113 45 24 23 19 19 19 19 19 19 21 21 21 21 21 21 22 22 21 21 21 21 21 22 21 21 19 19 21 21 21 21 21 21 19 19 19 21 21 22 22 22 22 22 22 21 21 21 21 21 21 21 21 21 19 19 19 19 19 19 19 19 19 19 21 22 25 31 64 100 156 202 213 193 159 122 85 71 84 86 86 75 66 68 58 36 33 34 33 32 31 31 33 37 43 40 46 57 88 
10 9 11 16 24 36 46 53 54 57 58 58 58 58 59 59 58 58 59 59 60 60 62 60 64 64 57 72 93 137 175 202 173 86 37 26 18 19 19 18 18 18 19 19 19 19 19 21 21 21 22 22 21 22 22 22 22 22 21 21 21 21 21 21 21 21 19 19 19 21 21 22 22 22 22 22 22 21 21 21 21 21 21 21 21 21 19 19 19 19 19 19 19 19 19 18 19 22 26 33 68 105 157 206 214 194 153 108 86 61 80 87 84 68 64 60 52 35 35 34 33 32 31 32 33 34 45 39 44 50 65 
10 9 11 17 24 43 53 59 60 60 59 59 59 58 59 59 59 59 58 59 60 61 58 53 61 66 64 60 57 87 97 137 186 141 73 35 24 19 21 18 18 18 19 19 19 19 19 21 21 21 22 22 22 22 22 22 22 22 21 21 21 21 21 21 21 21 19 19 19 21 21 22 22 22 22 22 22 21 21 21 21 21 21 21 21 21 19 19 19 19 19 19 19 19 19 18 19 23 28 35 64 88 140 185 209 196 150 103 77 52 78 99 89 71 63 57 46 33 35 36 34 33 32 32 33 33 34 36 37 41 46 
10 9 12 18 25 47 57 60 61 60 60 59 58 58 58 59 59 59 59 60 61 64 57 48 51 58 59 63 65 78 78 86 144 164 130 82 71 49 31 19 18 18 19 19 19 19 19 21 21 21 22 22 22 22 22 22 22 22 21 21 21 21 21 21 21 21 19 19 19 21 21 22 22 22 22 22 22 21 21 21 21 21 21 21 21 21 21 21 21 19 19 19 19 19 21 19 21 23 26 33 54 67 125 157 179 176 138 87 56 45 71 97 90 75 58 52 40 36 36 36 34 33 32 32 33 33 36 37 38 40 37 
10 9 12 18 25 50 57 60 60 58 60 59 58 58 58 59 59 59 59 59 60 64 60 53 52 56 56 58 58 59 58 64 106 167 185 178 170 123 75 26 16 18 18 19 19 19 19 21 21 21 22 22 22 22 22 22 22 22 21 21 21 21 21 21 21 21 19 19 19 21 21 22 22 22 22 22 22 21 21 21 21 21 21 21 21 21 21 21 21 19 19 19 19 19 21 21 21 23 25 35 57 53 86 99 116 133 122 70 37 47 65 84 78 63 45 40 37 35 35 34 33 32 32 32 33 32 35 37 39 40 34 
10 9 12 19 24 50 57 59 59 58 60 59 59 58 58 58 59 59 59 59 59 61 60 58 58 57 57 58 58 58 58 61 85 138 186 227 241 201 138 57 24 21 18 18 19 19 19 21 21 21 22 22 22 22 22 22 22 22 21 21 21 21 21 21 21 21 19 19 19 21 21 22 22 22 22 22 22 21 21 21 21 21 21 21 21 21 21 21 21 21 21 19 19 21 21 22 22 23 23 35 73 45 45 57 79 97 94 64 40 49 58 66 60 49 39 38 38 36 35 34 33 32 31 31 32 31 33 37 39 39 33 
10 9 12 19 25 50 58 58 58 58 59 59 59 58 58 58 59 59 59 59 59 59 58 58 57 57 57 57 57 58 58 60 71 103 143 187 234 240 185 87 36 23 18 19 19 22 22 21 21 21 22 22 22 22 22 22 22 22 21 21 21 21 21 21 21 21 19 19 19 21 21 22 22 22 22 22 22 21 21 21 21 21 21 21 21 21 21 21 21 21 21 19 19 21 21 22 22 23 22 37 72 31 28 34 46 57 57 51 43 45 53 63 54 44 35 36 38 39 36 32 33 32 31 31 32 32 34 36 37 36 32 
10 9 12 19 25 50 58 58 58 58 59 58 58 58 58 58 58 58 58 58 57 57 57 57 56 57 57 57 57 58 58 60 65 79 93 121 186 231 189 80 32 23 19 19 19 22 22 21 22 22 22 22 22 22 22 22 22 22 21 21 21 21 21 21 21 21 19 19 19 21 21 22 22 22 22 22 22 21 21 21 21 21 21 21 21 21 21 21 21 21 21 21 19 21 21 21 23 23 22 34 45 12 14 18 25 29 31 33 35 37 44 51 49 39 32 35 38 39 36 31 34 34 32 32 33 33 33 35 36 35 32 
10 10 12 19 26 49 57 58 57 57 58 58 58 57 58 58 58 58 57 58 58 57 57 57 56 56 56 56 56 57 58 59 60 61 61 82 160 214 181 72 29 23 19 19 19 22 22 21 22 22 22 22 22 22 22 22 22 21 21 21 21 21 21 21 21 21 19 19 19 21 21 22 22 22 22 22 22 21 21 21 21 21 21 21 21 21 21 21 21 21 21 21 21 21 21 22 23 22 22 16 16 19 20 19 19 17 19 24 26 23 37 40 46 39 33 35 35 25 23 31 34 33 32 32 32 32 33 35 36 33 32 
10 10 12 18 25 49 57 58 57 57 58 57 57 56 57 57 57 57 56 57 57 56 56 56 56 56 56 56 56 56 57 56 57 57 58 92 177 221 184 73 29 23 19 19 19 22 22 21 21 21 21 21 21 22 22 22 22 21 21 21 21 21 21 21 21 21 19 19 19 21 21 22 22 22 22 22 22 21 21 21 21 21 21 21 21 21 21 21 21 21 21 21 21 21 21 22 23 21 19 16 17 19 20 19 17 16 16 17 17 19 38 42 49 44 39 37 37 36 36 37 36 30 31 32 32 31 32 33 35 33 30 
10 11 13 18 24 47 57 58 57 57 57 56 56 56 56 57 57 57 56 57 57 56 56 56 56 56 56 56 56 57 55 54 56 57 60 111 205 227 167 66 26 22 19 19 19 20 20 21 21 21 21 21 21 22 22 22 22 21 21 21 21 21 21 21 21 21 19 19 19 21 21 22 22 22 22 22 22 21 21 21 21 21 21 21 21 21 21 21 21 21 21 21 21 22 22 23 22 18 17 17 18 22 23 26 27 30 33 36 37 39 41 44 50 49 46 45 37 31 30 38 37 31 32 32 32 32 33 33 33 32 31 
10 11 12 18 28 47 57 58 57 57 57 56 56 56 56 57 57 57 57 58 57 56 56 56 56 56 56 56 56 57 55 53 56 57 68 131 219 229 138 43 20 21 18 19 19 22 22 21 21 21 21 21 21 22 22 22 22 21 21 21 21 21 21 21 21 21 19 19 19 21 21 22 22 22 22 22 22 21 21 21 21 21 21 21 21 21 21 21 21 21 21 21 21 22 22 23 22 17 15 14 15 23 30 41 60 80 91 108 113 128 138 142 149 146 130 109 80 56 36 31 37 39 37 34 32 31 33 33 35 35 36 
10 11 12 19 29 47 57 58 57 57 57 56 56 57 57 58 58 58 58 58 58 57 57 57 56 56 56 56 56 56 56 57 58 61 89 160 223 215 116 32 18 21 21 19 19 22 22 21 21 21 21 21 21 22 22 22 22 21 21 21 21 21 21 21 21 21 19 19 19 21 21 22 22 22 22 22 22 21 21 21 21 21 21 21 21 21 21 21 21 21 21 21 21 22 23 24 21 16 14 15 16 27 40 71 123 160 179 193 199 220 230 236 243 241 221 201 172 141 103 74 55 41 37 34 33 33 33 33 35 37 37 
10 11 12 19 29 47 57 58 57 57 57 57 57 57 58 58 58 58 58 58 58 57 57 57 56 56 56 57 56 56 58 61 61 72 113 184 219 188 81 21 19 21 21 22 19 20 20 21 21 21 21 21 21 22 22 22 22 21 21 21 21 21 21 21 21 21 19 19 19 21 21 22 22 22 22 22 22 21 21 21 21 21 21 21 21 21 21 21 21 21 21 21 21 22 24 25 21 16 14 18 25 81 137 173 196 221 235 248 244 241 232 236 241 244 245 244 238 226 194 158 108 59 44 40 37 33 32 32 33 35 35 
10 10 11 18 29 49 56 57 56 57 57 57 56 57 57 57 57 58 58 59 58 57 57 57 56 56 56 57 58 57 60 66 66 78 118 193 216 162 54 20 23 19 19 22 21 21 21 21 21 21 21 21 21 22 22 22 22 21 21 21 21 21 21 21 21 21 19 19 19 21 21 22 22 22 22 22 22 21 21 21 21 21 22 22 22 21 21 21 21 21 21 21 21 22 24 26 23 16 16 30 48 163 206 238 247 240 231 223 215 192 170 177 182 187 199 216 240 250 244 222 189 130 59 40 39 37 34 36 35 33 30 
10 9 11 18 29 50 56 56 56 56 57 57 56 57 57 57 57 58 58 60 59 57 58 57 57 56 56 58 58 60 65 71 71 80 116 189 213 153 51 25 24 18 22 21 21 21 21 21 21 21 21 21 21 22 22 22 22 21 21 21 21 21 21 21 22 21 21 21 21 21 22 22 23 22 22 22 22 21 21 21 21 21 22 22 22 21 21 21 21 22 22 22 22 22 23 26 25 18 20 46 98 228 248 247 248 236 217 183 147 106 86 80 75 87 114 134 173 202 238 252 243 203 129 52 37 44 43 43 38 35 29 
9 7 10 16 28 52 56 57 57 58 58 57 57 55 57 57 57 57 58 58 59 58 57 57 57 56 57 58 59 63 68 72 73 80 111 181 199 125 38 26 23 18 22 22 21 21 21 21 21 21 21 21 22 22 22 22 22 22 21 21 21 21 21 21 21 21 21 21 19 21 21 22 23 23 22 22 22 21 21 21 22 22 23 23 23 22 22 22 21 22 22 23 23 23 23 24 25 20 23 49 142 226 255 252 233 198 150 107 72 51 43 38 33 31 42 54 80 120 173 227 252 247 188 88 33 38 32 31 36 35 26 
9 8 9 15 28 53 56 57 57 58 58 57 55 55 55 57 57 57 58 58 59 57 57 57 56 56 57 59 63 68 71 72 74 77 99 161 174 101 36 26 22 21 22 21 21 21 21 21 21 21 21 21 22 22 22 22 22 22 21 21 21 21 21 21 21 21 21 21 19 21 21 22 23 23 22 22 22 21 21 22 22 22 22 22 23 22 22 21 21 22 22 23 23 22 22 22 23 19 27 82 188 250 254 236 192 141 89 55 38 27 26 28 31 32 31 32 42 53 97 161 234 250 214 158 78 43 38 36 31 29 23 
9 8 9 16 29 57 57 58 58 58 59 57 55 55 55 57 57 56 57 57 58 57 56 54 54 54 56 59 64 67 67 68 67 68 86 132 136 78 34 24 22 21 19 21 21 21 21 21 21 21 21 21 22 22 22 22 22 22 21 21 21 21 21 21 21 21 21 21 19 21 21 22 24 24 23 23 23 22 22 23 23 22 22 22 23 23 23 21 21 22 22 22 22 22 20 21 22 20 36 108 210 251 235 186 127 81 50 33 25 22 20 19 21 22 23 25 28 33 52 100 163 213 238 207 121 54 66 51 31 14 9 
10 11 16 25 36 58 59 59 59 59 59 57 55 55 55 57 57 56 57 57 58 57 56 54 52 53 53 54 57 58 55 52 50 50 64 102 104 64 31 24 22 21 21 21 21 21 21 21 19 21 21 21 21 22 22 22 22 22 21 21 21 21 21 21 21 21 19 19 19 21 21 22 23 23 23 23 23 22 21 22 22 22 22 22 23 23 23 21 21 22 22 22 23 23 22 21 22 19 40 129 223 234 181 114 66 43 29 24 20 19 18 16 16 16 17 22 25 28 33 57 103 164 224 224 151 95 71 40 19 12 7 
8 15 28 45 53 60 60 60 60 59 58 55 54 54 54 54 54 56 56 57 58 57 54 52 50 46 45 47 47 46 42 36 32 32 52 85 85 54 29 24 23 21 21 21 21 21 21 21 19 21 21 21 21 22 22 22 22 22 21 21 21 21 21 21 21 21 19 19 21 21 21 22 22 22 22 22 22 22 22 22 22 22 22 22 23 23 22 19 19 21 22 23 23 22 21 19 22 19 45 139 220 192 114 59 36 25 19 18 18 16 15 15 17 17 17 19 22 24 28 33 59 100 159 216 191 141 61 26 11 7 2 
8 17 33 49 59 63 63 60 60 60 58 55 54 54 54 54 56 56 57 57 59 57 53 49 44 39 38 40 38 35 32 31 30 32 53 74 72 50 27 22 20 19 19 19 19 19 19 19 19 19 21 21 21 22 22 22 22 22 21 21 21 21 21 21 21 21 19 19 21 21 21 22 22 23 23 23 23 23 22 22 22 22 22 22 23 23 22 22 19 21 23 22 22 22 19 19 20 18 57 151 195 140 71 40 24 17 16 16 17 16 14 13 13 14 14 16 18 19 23 26 35 53 102 182 205 145 53 14 7 5 3 
9 17 39 54 62 64 63 61 61 59 57 54 53 52 53 54 56 57 58 57 58 56 51 47 41 37 35 33 32 33 32 32 32 37 55 71 67 50 27 20 20 20 20 19 19 19 19 19 19 19 21 21 22 21 22 22 22 22 21 21 21 21 21 21 21 21 19 19 21 21 21 22 23 23 23 23 23 22 22 22 22 22 23 23 23 23 22 22 21 21 23 23 23 23 19 18 22 16 55 142 169 106 50 33 22 17 16 15 16 15 14 12 11 11 12 14 15 17 19 22 24 42 71 124 164 117 33 5 5 4 3 
9 13 27 44 60 66 63 63 63 60 58 56 53 52 53 54 56 57 58 57 57 54 49 45 38 33 32 32 30 31 31 32 32 38 54 71 70 50 26 20 20 20 19 19 19 19 19 19 19 19 21 21 21 21 21 22 22 22 21 21 21 21 21 21 21 21 19 19 21 21 22 23 23 23 23 23 23 22 22 22 22 22 23 23 23 22 22 21 21 23 23 23 24 23 18 17 23 16 62 138 150 94 45 27 20 18 17 16 16 15 14 12 13 12 12 12 12 15 17 20 20 32 58 99 123 77 19 3 5 4 3 
9 9 16 25 40 54 60 61 61 59 57 56 54 54 54 56 56 56 57 57 57 53 47 39 36 33 31 31 29 28 30 31 32 38 53 72 70 49 23 19 19 20 20 19 19 19 19 19 19 19 21 21 21 19 21 21 21 21 21 21 21 21 21 21 21 21 19 19 21 21 21 22 23 23 23 22 22 22 19 21 22 23 23 23 23 23 23 22 22 23 23 24 28 24 17 16 22 11 52 130 134 78 34 23 21 18 17 16 15 15 14 14 14 15 15 15 15 15 16 19 19 26 37 44 58 42 17 6 4 4 4 
9 8 10 18 32 54 59 61 61 59 57 56 54 54 54 56 56 56 56 56 54 51 44 36 33 31 31 30 29 29 31 31 32 38 53 71 67 47 23 18 18 20 20 19 19 19 18 18 18 18 19 19 19 19 19 19 19 19 21 21 21 21 19 21 21 21 19 19 21 21 21 22 24 24 23 22 22 21 21 21 22 23 23 23 23 23 23 23 24 24 25 28 35 26 18 16 19 15 65 129 117 61 30 22 19 19 18 16 15 15 15 15 14 16 16 16 16 15 16 19 19 22 19 30 36 17 10 5 4 4 4 
8 8 8 16 31 54 58 60 61 59 57 56 54 54 54 57 57 56 56 57 54 46 39 33 31 31 31 29 29 28 30 32 33 39 52 68 66 45 23 17 19 21 21 21 21 21 19 19 18 19 19 19 19 18 19 19 19 19 21 21 21 21 19 21 21 21 19 19 21 19 21 22 24 24 23 22 22 22 22 21 22 22 23 23 23 23 25 25 28 28 29 31 38 33 24 15 16 17 70 128 111 54 31 24 19 19 19 17 15 14 15 15 14 15 15 15 16 16 16 17 17 16 15 21 25 17 11 5 4 3 4 
8 8 8 16 30 54 58 60 61 60 58 56 54 54 54 57 57 56 56 55 53 44 37 32 30 31 30 29 28 28 31 33 35 39 52 67 64 44 21 18 21 22 22 22 22 21 19 19 19 19 19 19 19 19 19 19 19 19 21 21 21 21 19 21 21 21 21 21 21 21 21 22 23 23 23 22 22 22 22 22 23 23 23 24 25 26 28 28 30 30 31 33 36 35 28 15 16 28 85 131 104 51 33 24 21 19 19 17 15 15 15 15 16 17 16 16 16 17 17 17 16 17 16 22 25 7 7 6 4 3 3 
8 8 8 16 29 53 57 59 60 59 57 54 53 53 53 55 55 54 54 53 50 40 33 31 31 31 30 29 28 28 31 33 35 38 52 67 62 44 21 18 21 22 22 22 22 21 21 21 19 19 19 19 19 19 19 19 19 19 21 21 21 21 21 21 22 21 21 21 22 22 22 22 23 23 22 22 22 22 22 23 23 22 23 24 29 29 28 28 30 30 35 35 33 35 25 17 26 51 108 131 90 45 31 23 19 18 17 16 16 16 16 16 16 18 19 18 18 17 17 17 16 17 17 19 14 0 3 6 3 3 3 
8 8 8 15 29 53 57 59 60 59 57 54 53 53 53 55 55 54 54 52 47 38 32 30 30 30 30 30 29 29 31 33 35 39 53 68 62 42 21 17 19 21 21 21 21 21 21 21 19 19 19 19 19 19 19 19 19 19 21 21 21 21 21 21 22 22 21 21 22 22 22 22 23 23 23 22 22 22 23 23 23 24 25 29 30 30 30 29 29 31 31 32 33 32 25 18 37 75 129 132 81 41 29 22 19 17 17 16 16 16 16 16 16 18 19 19 19 18 17 17 16 17 16 15 4 0 3 6 3 3 3 
8 8 8 15 30 54 57 59 59 58 56 54 53 54 54 53 53 54 53 50 44 36 31 29 29 31 32 30 30 29 31 33 36 40 56 72 62 40 22 19 21 22 21 21 21 21 21 21 21 19 19 19 21 21 19 19 21 21 21 21 21 21 21 22 22 22 21 21 22 22 22 23 24 24 24 22 22 23 24 26 26 28 30 34 33 30 30 29 29 30 30 30 31 30 25 24 52 102 144 122 67 37 25 21 18 16 16 16 16 16 16 16 17 19 19 19 19 17 16 17 16 17 15 13 13 9 7 3 2 1 2 
8 8 9 16 31 56 57 59 59 58 56 54 53 54 54 53 53 53 51 50 42 31 29 30 31 32 32 30 30 30 32 33 38 43 59 74 62 37 24 23 22 22 21 21 21 21 21 21 21 21 21 21 21 21 19 21 21 21 22 22 21 21 21 23 24 24 23 23 23 23 23 25 25 26 26 24 24 25 26 29 29 29 31 33 33 31 30 29 30 30 30 28 30 27 24 37 74 118 129 90 50 33 23 19 17 16 16 16 16 16 16 17 17 18 20 19 19 17 16 16 16 16 13 12 11 8 7 4 2 3 2 
9 8 12 21 35 57 57 59 59 58 56 54 53 52 52 53 54 52 49 35 29 29 30 31 32 32 31 31 30 30 32 36 40 49 66 78 58 37 25 25 24 23 21 22 22 22 22 22 22 21 21 21 22 21 21 21 22 22 22 22 22 21 22 24 25 24 23 24 25 24 25 25 26 26 26 26 27 27 27 29 30 29 31 30 30 30 29 29 29 29 29 28 29 25 22 36 67 100 103 78 46 30 22 18 17 15 16 15 15 15 15 18 18 18 19 18 18 17 15 14 14 14 10 10 11 13 12 10 9 8 5 
9 10 12 21 35 58 57 58 58 57 56 54 52 52 52 53 54 51 45 33 28 29 29 31 32 31 31 31 29 29 31 35 40 47 65 80 65 37 25 26 24 23 22 22 22 22 22 22 22 22 22 22 22 21 21 22 22 22 23 22 22 22 22 26 27 25 25 26 26 25 26 27 27 26 26 27 29 27 27 27 29 29 29 29 29 29 29 28 28 28 28 26 26 24 21 27 59 88 86 61 42 28 18 16 15 15 14 14 14 14 14 17 17 18 19 18 18 16 16 15 14 14 11 14 21 27 26 25 24 19 15 
9 9 13 22 35 58 58 58 58 56 56 54 52 51 51 52 53 51 44 32 28 28 31 33 33 31 30 30 29 29 32 35 38 46 64 78 63 36 25 25 24 24 23 23 23 23 23 22 23 22 22 22 22 22 22 22 22 23 23 23 24 24 24 26 29 27 26 26 26 26 26 26 26 26 26 27 29 28 26 28 28 28 29 28 28 28 28 28 26 26 26 25 24 23 18 23 51 80 87 64 42 25 14 12 14 14 12 13 13 13 15 17 17 19 19 18 18 16 16 15 14 12 12 23 31 33 35 37 36 31 26 
9 9 13 22 35 58 58 58 58 56 56 54 52 51 51 52 52 51 43 30 26 29 31 33 33 31 29 29 29 28 31 33 37 45 64 77 60 34 24 24 24 23 23 23 23 23 23 22 23 22 23 23 22 22 22 23 23 22 24 24 24 25 25 26 29 27 25 25 25 25 26 28 28 28 29 30 29 28 26 26 26 26 28 26 26 26 26 26 26 25 25 24 24 23 18 23 41 67 90 80 57 23 15 14 15 15 14 13 13 13 15 17 17 18 20 18 18 18 17 16 16 16 18 29 34 39 39 37 37 36 32 
9 9 13 22 35 58 58 58 58 56 56 54 52 51 51 53 53 49 42 29 25 30 31 33 33 30 29 29 29 29 29 31 36 45 65 79 60 32 23 22 22 22 22 22 22 22 22 22 22 22 22 22 23 22 22 22 23 24 25 26 26 25 26 25 25 25 25 25 25 24 26 29 30 30 30 30 29 28 26 26 26 26 26 27 27 26 26 25 25 25 24 24 24 23 19 22 36 61 94 95 66 25 18 16 16 16 15 15 15 15 16 16 17 19 19 20 20 18 19 19 21 23 26 32 39 43 40 33 36 37 32 
9 9 13 22 35 58 58 58 58 56 56 54 52 51 51 52 52 49 39 28 25 30 31 33 33 31 30 29 29 28 25 29 35 44 65 79 58 31 22 22 22 22 22 22 22 22 22 22 22 22 21 22 22 22 22 21 23 25 25 26 26 26 26 25 25 23 23 24 26 25 28 30 31 31 31 29 28 28 26 25 25 25 25 26 26 26 26 25 25 24 24 23 22 22 21 22 26 53 95 103 73 35 28 22 19 17 17 17 17 17 18 21 21 19 22 22 22 21 22 23 26 30 32 37 40 42 40 36 38 37 33 
9 9 13 22 35 58 58 58 58 56 56 54 52 51 51 51 51 47 37 25 25 30 31 33 33 30 30 28 29 28 26 29 33 45 66 79 55 30 20 22 22 21 21 21 22 22 21 21 21 21 22 23 22 22 21 24 25 25 27 26 25 25 25 25 25 24 23 23 24 25 29 31 31 32 31 30 28 26 26 25 25 25 25 25 25 25 25 23 24 24 23 22 22 22 19 20 19 46 85 101 82 44 36 30 22 17 17 17 18 17 19 19 22 23 24 26 31 31 31 33 39 46 45 43 40 40 40 39 38 37 35 
9 9 13 22 35 59 58 58 58 56 56 54 52 51 51 52 51 45 36 24 24 30 31 33 33 30 29 29 28 28 28 26 29 41 64 75 52 27 20 21 21 21 21 21 21 19 19 19 21 22 22 22 21 22 23 24 24 25 27 25 26 26 25 24 24 26 25 26 29 30 30 31 32 32 31 30 28 26 25 25 24 24 23 23 24 24 24 23 24 24 23 22 22 21 19 19 15 36 65 87 81 53 38 32 25 22 22 21 22 21 19 21 22 25 27 31 35 36 39 44 52 58 53 45 38 38 42 42 39 37 36 
9 10 13 22 36 59 59 58 58 57 56 54 52 51 51 51 49 44 36 23 23 29 31 30 30 30 28 28 28 28 29 24 28 43 66 67 39 26 19 21 21 21 21 21 21 21 21 19 21 22 22 22 22 22 22 24 25 25 27 26 26 28 28 32 32 31 31 29 28 29 30 32 32 31 30 28 25 25 25 24 23 23 23 23 24 23 23 22 23 23 22 22 22 22 19 18 13 11 25 51 73 70 43 36 28 27 27 26 25 27 29 30 30 31 33 37 40 50 58 66 74 70 56 47 38 36 42 42 39 37 36 
9 10 13 22 36 60 59 59 58 58 57 54 52 52 51 51 49 43 33 22 23 29 31 30 30 29 28 28 28 28 28 25 24 39 65 67 38 25 19 19 19 21 21 21 21 21 21 21 22 23 23 23 22 23 24 25 25 25 27 30 31 33 42 47 52 54 52 42 32 31 31 31 31 29 28 25 25 24 24 24 23 23 22 22 23 23 22 22 23 23 22 23 24 23 22 19 15 10 10 33 69 78 54 40 36 36 36 35 33 36 37 37 37 38 42 44 50 60 68 77 81 72 56 47 38 36 39 39 39 37 35 
9 10 13 22 36 60 59 58 58 58 57 54 52 51 51 51 47 41 32 23 21 26 30 30 29 28 29 28 28 28 25 25 23 33 57 61 37 25 19 19 21 21 21 21 21 21 21 21 22 23 23 23 22 24 25 25 25 24 26 31 37 45 56 68 73 73 69 54 39 32 32 31 29 28 26 25 25 25 25 24 23 23 22 23 24 23 22 22 22 22 22 23 25 25 25 20 16 12 11 36 81 97 63 47 45 42 40 39 39 39 40 42 43 43 45 52 59 71 81 90 89 73 56 46 38 36 38 38 39 37 35 
9 10 13 22 36 60 60 58 58 58 57 54 52 51 51 51 47 39 31 23 19 24 27 29 29 29 29 28 28 26 28 26 22 31 51 56 37 26 20 21 21 21 21 21 21 21 21 21 22 23 23 23 23 23 24 24 25 24 28 35 43 54 70 81 83 79 71 53 35 31 31 29 28 26 25 24 25 25 24 23 23 23 22 23 23 22 22 22 22 22 22 24 25 28 25 20 15 9 14 50 89 103 66 48 46 44 44 44 45 45 46 49 49 49 51 58 70 73 85 97 92 68 53 43 35 35 38 38 38 37 36 
9 10 13 22 37 60 59 58 58 58 57 54 52 51 51 51 47 39 31 24 21 23 27 29 28 29 28 28 28 28 28 26 23 32 49 54 37 26 22 22 21 22 21 21 21 21 21 21 22 22 22 24 24 22 22 23 25 24 28 36 47 63 74 81 77 68 62 44 26 29 29 28 26 25 25 24 24 23 23 23 22 22 22 23 23 22 22 22 21 21 22 25 26 31 28 17 11 6 11 53 98 107 68 45 44 45 46 47 50 50 51 53 53 52 53 61 73 81 95 99 87 59 44 36 35 35 36 38 39 37 35 
9 10 13 22 37 59 59 58 58 58 57 54 52 51 51 51 46 39 32 25 22 24 27 28 28 29 28 28 28 28 28 28 25 32 44 46 35 25 23 22 21 22 21 21 21 21 21 21 21 22 22 24 23 22 22 23 25 24 28 37 50 63 72 75 61 50 48 37 24 28 26 26 26 25 25 24 24 23 22 22 22 22 22 23 22 22 22 22 21 23 23 25 26 30 28 18 11 9 13 52 95 108 67 47 50 50 47 49 51 51 52 53 53 53 56 61 71 90 106 102 80 50 36 32 35 36 36 37 38 36 35 
9 10 13 22 38 59 59 58 58 58 57 54 52 51 51 51 45 37 31 26 24 24 26 26 28 28 28 26 28 28 28 28 25 31 38 36 30 24 22 21 21 21 21 21 21 21 21 21 21 22 22 23 22 22 22 22 23 24 26 36 46 57 66 63 52 42 33 30 25 26 28 29 25 25 25 24 23 22 22 22 22 22 22 22 21 22 21 22 22 22 22 25 27 33 30 18 11 10 17 45 86 100 64 52 60 50 49 50 51 51 51 52 52 54 59 66 79 94 107 95 70 45 35 31 37 38 37 37 38 36 35 
9 11 16 24 39 59 59 58 58 57 56 54 53 51 51 50 44 36 30 26 24 24 26 26 28 26 26 26 28 28 28 28 26 30 29 28 25 23 22 21 21 21 21 21 21 22 21 22 22 22 22 23 23 22 22 23 23 25 26 31 42 53 50 44 42 36 29 28 26 26 29 31 26 26 25 24 22 22 21 21 22 23 22 22 22 22 21 21 22 21 21 24 29 34 31 18 12 11 23 39 80 91 61 52 50 50 49 49 50 49 50 51 51 56 63 71 81 99 97 75 52 36 33 35 38 39 38 37 38 36 33 
8 10 16 23 37 59 59 60 59 57 55 54 53 53 52 45 39 32 28 26 25 24 26 26 26 28 28 26 28 28 26 27 27 31 52 60 48 21 21 19 22 21 21 21 21 21 21 21 21 21 22 22 22 21 22 23 23 25 26 29 37 42 35 30 31 28 24 26 26 26 29 31 29 25 25 23 22 22 23 23 23 22 22 21 21 21 21 21 22 22 19 23 31 35 29 17 11 12 22 51 79 76 59 49 50 49 47 46 46 46 47 47 50 56 63 73 97 103 82 44 35 32 35 38 40 41 39 37 37 35 31 
8 9 15 23 37 58 59 60 59 57 55 54 54 53 52 43 37 31 26 26 25 23 24 26 28 28 28 28 28 28 28 27 26 31 50 60 48 21 21 21 22 21 21 21 21 22 21 21 21 21 22 22 22 21 21 22 23 25 26 28 31 30 28 26 26 24 23 28 26 26 26 26 22 21 23 23 22 23 24 24 23 21 19 19 21 22 21 21 23 23 22 25 33 36 30 17 14 14 33 71 74 61 51 47 50 47 45 44 44 43 43 44 46 56 63 74 75 69 48 15 16 25 35 40 39 39 39 37 37 35 31 
8 9 15 23 37 58 59 60 59 57 55 54 54 53 52 41 36 31 30 27 25 23 23 26 29 29 29 29 28 28 28 26 25 31 51 60 48 19 21 21 22 22 22 22 22 22 21 21 21 21 22 21 21 21 21 21 23 24 25 28 28 26 26 25 25 24 24 29 28 26 25 24 23 21 23 23 23 23 24 26 23 19 19 21 21 22 21 22 25 25 22 26 36 37 31 19 16 17 40 76 62 52 46 45 46 45 42 41 40 39 38 39 41 50 57 72 57 48 36 16 19 25 31 34 37 38 39 38 37 33 30 
8 9 15 23 38 58 59 60 59 57 55 54 54 53 50 41 36 32 32 31 25 23 23 26 26 26 28 26 26 28 28 26 25 31 50 61 51 21 21 22 22 22 22 22 21 22 22 21 21 21 21 21 22 22 22 22 22 23 25 25 26 26 26 24 23 25 25 25 25 25 25 25 25 24 25 29 29 28 28 29 25 22 21 23 24 25 28 25 31 32 30 36 45 40 35 22 18 35 61 64 51 45 44 43 43 42 39 39 39 39 38 39 39 38 45 56 37 25 23 25 26 32 35 36 36 38 39 38 38 33 29 
8 9 15 23 38 58 59 59 59 57 57 55 54 52 50 40 36 32 32 30 28 24 22 25 28 26 25 25 25 26 26 25 25 29 46 58 58 21 21 22 22 22 22 22 22 23 23 22 22 24 23 23 23 23 23 22 22 22 24 25 26 29 29 27 25 29 31 26 24 25 26 28 26 26 24 31 35 35 32 31 30 29 27 28 28 30 35 29 37 38 36 37 38 41 52 66 76 70 68 54 46 43 42 42 42 40 39 39 40 39 39 38 38 40 45 50 37 34 43 53 58 56 50 42 38 38 38 39 38 33 29 
8 9 13 23 38 58 59 59 59 57 57 55 55 52 50 40 36 32 32 30 28 26 24 25 26 25 23 24 25 26 26 26 26 26 40 52 50 22 22 23 23 23 23 23 23 25 26 25 28 29 27 25 24 24 24 23 22 21 23 28 30 33 37 39 39 39 37 35 30 26 31 36 39 39 38 39 40 40 39 38 36 37 39 38 39 42 44 40 44 45 43 49 64 118 135 156 161 123 73 51 46 44 44 44 43 42 42 42 42 42 40 40 42 45 49 53 54 51 60 71 74 65 53 40 39 38 39 39 38 32 28 
8 9 13 24 39 58 58 59 58 57 57 55 55 52 48 40 36 33 32 30 29 26 25 24 24 23 23 24 25 25 26 26 26 24 33 40 33 25 23 23 24 25 24 24 26 29 32 35 37 38 33 28 24 24 23 24 23 22 25 30 36 42 49 54 57 55 46 43 36 30 35 44 51 54 56 52 50 49 46 43 37 38 45 49 52 54 55 53 57 59 73 107 158 210 201 193 175 121 65 47 45 44 44 44 43 44 43 43 43 43 43 42 43 45 50 52 53 51 60 71 70 56 44 36 38 38 39 39 38 32 28 
8 9 13 24 40 58 58 58 58 58 58 55 55 52 47 40 37 33 33 30 29 26 25 24 23 23 22 23 24 26 26 26 25 23 31 33 30 25 25 25 25 27 31 33 35 36 40 42 43 40 35 29 25 24 24 25 23 23 26 33 44 50 54 59 63 62 53 46 39 33 38 47 54 59 61 58 57 56 53 46 43 49 54 53 52 55 59 70 95 115 145 174 203 216 180 144 112 79 56 46 45 45 44 44 43 44 44 44 43 44 44 43 44 46 47 50 49 41 52 60 58 47 40 38 40 40 39 39 38 32 28 
9 10 12 25 41 59 59 58 58 58 58 55 55 52 46 40 37 35 33 31 30 28 26 25 24 22 22 22 24 26 26 26 25 24 32 31 30 28 28 29 31 33 39 42 43 45 50 50 50 46 38 31 26 24 24 25 23 22 26 35 50 57 58 61 64 63 53 49 42 35 43 53 59 64 66 63 61 59 57 51 51 52 59 66 77 82 110 130 166 189 193 179 146 145 110 74 56 57 52 46 46 45 45 45 44 45 44 43 42 42 42 42 44 45 46 46 45 46 45 44 43 42 40 41 41 40 40 42 39 32 28 
9 10 13 25 43 59 59 58 58 58 57 55 55 52 46 39 37 35 35 33 32 31 28 25 23 21 21 22 24 25 25 25 24 25 31 31 32 31 31 32 33 36 44 50 51 54 58 59 57 51 44 37 28 23 25 26 24 23 28 37 52 60 63 66 66 64 56 51 45 38 45 57 61 66 67 65 65 63 59 54 57 56 63 86 125 160 201 200 195 180 145 114 84 80 63 49 47 49 47 46 45 45 44 44 44 45 44 43 42 43 43 43 43 44 45 45 45 46 45 44 43 43 40 41 41 40 42 42 39 32 28 
9 10 13 25 44 59 59 58 58 58 57 55 55 52 46 39 37 37 37 37 34 37 30 27 22 20 22 24 26 28 28 25 24 24 30 29 32 33 35 36 36 38 47 55 57 58 60 59 57 52 45 39 29 24 25 25 24 23 29 39 50 57 60 66 66 63 57 53 46 42 45 56 63 67 68 68 68 67 64 58 59 61 90 135 191 222 230 207 156 110 78 67 60 56 52 49 46 47 46 45 44 44 43 43 44 44 43 44 44 44 44 44 44 44 45 45 45 44 43 43 43 43 42 43 43 42 42 42 39 32 28 
9 10 13 25 44 59 59 59 58 58 55 54 55 53 46 39 37 37 38 38 38 38 31 29 23 20 22 25 26 28 28 25 23 23 29 26 33 45 45 43 38 40 50 58 60 58 59 60 57 52 45 39 30 26 26 25 24 24 30 38 45 54 63 67 66 60 54 52 46 43 46 56 64 68 69 71 72 71 66 60 64 80 136 189 200 196 165 129 94 66 52 56 53 50 49 47 46 46 45 44 44 44 44 44 44 44 43 44 44 44 44 44 45 45 45 45 45 43 43 42 42 43 43 44 44 40 40 40 39 31 28 
9 10 13 24 44 59 60 59 59 57 55 54 55 53 47 39 37 37 38 38 38 37 33 29 25 23 24 24 26 28 28 28 24 24 30 29 34 55 53 46 39 44 51 58 64 63 64 67 63 53 45 39 31 28 28 26 25 24 30 36 43 57 67 71 69 65 58 55 47 44 49 58 67 71 71 73 77 75 70 60 68 111 170 184 145 120 82 68 60 54 51 50 49 46 46 47 46 45 45 44 44 44 44 44 44 44 43 44 43 44 44 44 45 44 44 43 43 43 43 41 41 43 44 43 43 40 40 41 39 31 26 
9 10 16 26 45 59 60 59 59 57 54 54 55 53 47 39 38 38 38 38 39 37 35 29 26 26 26 26 26 30 30 29 24 24 29 27 32 62 57 45 39 43 51 61 68 68 70 71 65 54 45 39 31 29 29 26 24 23 30 37 45 58 68 72 71 70 65 60 50 44 51 59 68 75 77 78 79 77 73 69 91 148 172 132 86 66 50 53 60 57 50 47 46 46 45 46 46 45 45 44 44 43 44 44 44 44 44 44 43 44 44 44 45 43 44 43 42 41 41 40 41 43 43 43 42 40 39 39 36 31 26 
9 10 16 26 45 59 60 59 59 57 53 53 55 53 48 39 39 39 39 39 40 38 35 31 29 29 27 28 28 30 30 29 25 25 28 27 33 63 53 45 39 42 51 63 68 71 72 71 65 57 46 40 33 29 29 25 23 22 29 39 48 61 71 73 73 73 71 64 51 45 52 65 74 82 84 82 84 80 74 65 111 170 159 94 60 53 53 54 51 49 46 45 45 45 44 44 44 45 45 44 44 43 44 44 44 44 44 44 43 43 42 42 43 43 43 43 42 39 39 38 39 41 43 44 43 39 38 36 33 30 25 
9 10 16 26 46 59 60 59 59 57 53 53 55 53 50 39 39 41 43 41 41 40 37 35 31 30 29 28 30 30 31 30 28 28 28 27 34 64 54 47 42 43 53 63 68 72 72 70 64 55 46 39 33 30 29 25 22 22 28 40 53 64 72 73 77 79 77 67 52 46 53 66 77 80 81 80 81 81 73 84 155 181 125 73 54 51 50 50 50 46 45 45 45 45 44 44 44 45 45 44 43 44 44 44 45 45 44 44 43 43 42 42 43 43 43 43 42 39 38 37 38 40 41 41 41 38 37 35 32 30 25 
9 11 17 26 45 58 58 58 58 57 56 56 54 54 50 39 39 44 44 43 44 43 40 37 33 31 30 30 30 30 30 30 28 29 27 26 36 67 61 52 44 43 49 59 67 70 71 70 67 59 50 42 33 30 28 25 21 21 28 38 54 68 77 79 80 81 79 68 53 50 53 63 73 78 81 80 81 82 75 95 163 158 100 54 47 46 47 49 46 46 45 45 45 44 44 45 44 44 44 43 44 44 44 45 45 45 44 43 42 42 42 42 43 43 42 40 39 38 37 37 37 38 38 40 39 37 37 35 31 29 25 
9 11 17 28 45 58 58 58 58 57 57 56 54 54 50 39 39 47 47 44 46 46 43 39 36 31 30 30 30 30 30 30 29 29 27 26 36 70 63 53 45 44 50 60 66 68 70 70 66 59 50 40 35 31 29 25 22 22 28 38 58 75 85 86 84 82 81 71 54 50 53 63 73 77 81 80 80 82 81 117 180 135 74 57 46 46 46 46 46 45 45 45 45 44 44 45 44 44 44 43 43 44 44 45 45 44 43 43 42 42 42 42 42 42 42 40 40 38 37 36 37 37 36 38 37 35 35 33 31 29 24 
9 12 18 29 46 58 58 57 57 58 57 56 54 53 50 39 40 47 47 45 46 50 45 40 37 32 30 30 30 31 31 30 30 28 25 26 36 70 64 53 46 45 52 63 68 71 72 72 71 65 54 43 36 32 30 25 23 22 29 38 58 73 86 88 86 85 82 74 57 50 53 62 73 77 80 81 81 83 87 115 151 102 58 51 47 46 46 47 46 46 46 46 46 45 46 44 43 43 43 43 43 44 44 45 45 44 43 43 42 42 42 42 42 42 42 40 40 38 37 36 37 36 33 33 33 32 32 33 31 29 25 
9 12 18 29 47 58 58 57 57 58 57 56 54 53 50 39 40 46 47 45 47 51 47 42 37 32 30 30 30 31 31 30 30 28 25 28 35 72 64 54 47 45 52 65 72 74 75 77 75 69 59 45 38 35 32 28 25 23 29 40 56 71 84 87 86 85 82 75 59 51 54 64 74 78 81 81 81 85 90 111 120 82 58 53 49 47 47 47 46 46 46 46 46 45 46 45 43 43 42 43 43 44 44 45 44 44 43 42 42 40 40 42 42 42 42 40 40 38 37 37 34 32 32 32 32 30 30 29 26 25 24 
9 12 18 29 47 58 58 57 57 58 57 56 54 53 50 40 40 45 46 46 47 50 50 42 37 32 30 30 30 31 31 30 30 28 25 28 35 73 66 56 49 47 54 66 77 79 78 81 80 73 64 50 39 35 33 30 25 23 29 40 54 71 86 88 85 86 82 75 61 54 57 66 76 81 84 87 87 88 101 112 100 81 67 63 51 46 45 45 45 46 46 46 46 44 45 45 43 43 42 42 43 43 43 44 44 43 42 40 42 42 42 42 42 42 42 42 40 38 37 36 33 31 31 32 32 30 28 30 31 31 28 
9 12 18 29 47 58 58 57 57 58 57 56 54 53 50 42 39 44 46 46 47 50 51 44 38 33 31 30 32 32 32 31 30 28 25 26 37 75 66 54 47 47 54 66 77 81 84 86 85 79 67 52 40 37 36 31 25 22 29 40 57 73 89 89 87 88 85 78 64 58 61 71 81 87 90 94 94 104 129 129 101 81 72 67 52 45 45 45 45 46 46 47 46 45 45 44 43 43 42 42 43 43 43 44 43 42 40 40 40 40 40 40 43 43 42 42 39 38 37 35 32 30 30 31 33 30 30 36 40 39 29 
9 12 18 29 47 58 58 57 57 58 57 56 54 53 50 44 40 43 45 47 47 48 50 49 40 36 33 32 32 32 32 31 30 29 26 28 38 77 65 53 45 45 54 66 78 82 87 90 88 80 67 52 42 39 38 33 26 24 28 43 59 75 90 90 90 92 89 80 67 60 64 73 86 92 94 96 96 111 131 128 95 81 76 70 53 45 45 45 45 45 45 46 45 45 45 45 43 43 42 42 42 43 43 43 42 40 40 40 40 39 40 42 43 43 43 43 40 38 36 35 31 29 30 29 32 38 41 46 43 37 29 
9 13 19 30 47 58 58 57 57 58 57 56 54 53 50 45 40 43 45 47 47 48 48 49 42 37 34 33 32 32 32 31 30 29 28 28 38 78 65 52 45 45 53 66 75 82 87 92 92 81 67 52 43 42 40 35 29 24 28 43 60 77 92 92 94 97 93 82 71 64 66 75 89 97 100 103 110 122 129 116 87 81 79 71 53 46 44 45 45 45 45 45 45 45 45 45 44 43 43 43 43 43 43 43 42 39 39 39 39 40 40 42 42 43 43 42 40 38 37 36 32 30 29 29 32 45 51 50 44 38 31 
9 13 19 31 50 58 58 58 57 58 57 55 55 53 51 46 42 42 45 46 47 48 48 50 44 37 33 32 32 32 32 31 30 29 29 28 33 75 60 50 43 43 50 64 74 81 86 90 92 81 67 52 42 42 40 35 29 23 26 44 61 78 94 94 96 101 95 84 72 64 66 77 89 100 103 111 126 130 127 110 86 80 79 72 56 49 44 44 45 45 45 45 45 45 45 45 44 43 43 43 43 43 43 43 40 39 39 39 39 40 40 40 43 43 43 42 39 38 37 36 33 31 29 29 32 45 52 53 46 42 33 
9 13 19 31 50 58 58 58 57 58 57 55 55 53 51 45 42 43 46 47 47 48 47 47 43 36 33 32 32 32 32 31 29 29 28 28 36 74 56 46 39 39 46 59 73 79 86 89 88 80 66 52 43 42 40 35 28 23 26 43 61 80 96 102 103 103 99 87 73 64 66 75 89 101 109 125 145 145 120 97 86 79 78 72 58 49 44 44 45 45 45 45 45 45 44 44 43 43 43 43 43 43 42 42 40 39 39 39 39 39 40 40 43 43 43 42 38 37 37 37 35 32 26 27 33 43 53 57 53 49 38 
9 13 19 31 50 58 58 58 57 58 57 55 55 53 50 45 42 44 49 50 49 46 46 47 43 36 33 31 31 32 32 31 29 29 28 28 37 72 52 43 36 36 43 56 68 76 83 85 84 75 64 51 42 42 40 35 28 22 26 42 60 80 96 103 104 103 99 88 74 65 66 75 88 100 116 142 162 144 105 81 79 75 77 72 60 49 43 44 45 45 45 45 45 44 43 43 43 42 42 42 43 43 42 42 40 39 39 39 40 39 40 42 43 44 44 42 38 36 37 37 35 32 29 29 33 50 59 59 54 47 35 
9 13 19 31 50 58 58 58 57 58 57 55 55 53 50 44 40 45 50 51 49 47 47 47 43 37 33 31 31 32 32 31 30 29 28 28 37 65 50 40 32 35 40 53 66 73 78 79 78 68 57 45 39 38 36 33 26 22 24 39 57 75 88 95 95 94 89 82 71 61 65 74 84 96 118 144 163 126 83 69 71 67 67 66 59 47 43 43 45 45 45 45 45 44 43 43 43 43 43 43 43 43 42 40 40 39 39 39 40 39 40 42 43 44 44 42 39 38 38 37 35 32 29 26 35 57 61 55 50 40 29 
9 13 19 31 51 58 58 58 57 58 57 55 55 53 50 44 42 47 51 51 47 45 45 46 41 35 32 30 30 31 32 31 29 29 28 28 37 60 49 40 33 33 40 53 64 67 70 72 71 63 52 42 37 36 34 32 26 22 24 37 54 71 80 86 81 80 77 73 64 53 60 72 75 89 117 139 148 106 68 60 63 61 61 61 57 46 43 44 44 45 45 45 45 45 44 43 43 42 42 42 42 42 40 40 40 39 39 39 40 40 40 42 43 43 43 40 39 38 38 37 33 31 25 23 34 54 52 43 37 28 22 
9 13 19 31 51 58 58 58 57 58 57 55 55 53 50 45 43 47 49 49 46 44 43 43 38 31 29 29 28 31 32 31 29 29 28 28 38 53 50 42 35 36 42 53 60 65 66 66 64 57 47 40 37 36 34 31 26 22 23 33 49 59 68 72 68 65 63 63 59 45 56 63 71 85 108 120 120 82 67 60 59 52 49 47 47 44 40 41 43 44 45 45 45 45 43 43 43 42 42 42 42 42 40 40 40 39 39 39 40 40 42 43 43 43 43 42 39 38 38 37 33 31 25 24 34 43 39 36 31 26 22 
8 13 19 32 50 57 57 57 57 57 55 53 53 51 48 45 44 47 47 47 47 46 46 46 41 36 33 30 30 31 31 31 29 30 29 28 38 46 45 41 38 35 40 47 53 58 58 54 51 45 40 36 32 31 30 28 25 22 22 28 35 44 53 60 58 56 53 54 52 36 50 53 65 78 95 93 87 71 61 58 54 50 47 43 42 40 38 38 40 43 44 45 46 45 43 43 42 42 42 42 42 40 39 39 39 39 39 40 40 40 42 43 43 43 42 40 38 38 38 37 33 31 25 25 28 31 33 37 36 29 21 
8 13 19 33 49 57 57 57 57 55 54 53 51 50 48 46 45 47 47 49 49 49 49 51 46 43 40 36 33 32 31 31 30 30 29 29 33 39 40 40 39 35 37 44 49 50 46 44 39 36 33 30 29 26 26 25 24 22 21 24 25 36 44 49 47 46 45 45 43 25 38 43 52 63 73 72 71 68 59 53 51 47 46 44 40 39 38 38 39 42 44 45 46 45 43 43 42 42 42 42 42 40 39 38 38 39 39 40 40 42 43 43 44 43 42 39 38 38 37 36 32 30 25 24 31 35 36 37 32 25 21 
7 11 18 33 47 58 57 57 57 54 53 50 49 46 46 46 46 46 47 49 51 51 51 50 47 46 43 39 37 34 33 32 31 30 29 29 31 36 38 38 31 32 33 33 33 38 33 31 29 28 28 26 25 24 24 24 23 21 21 23 27 32 36 35 35 35 33 33 32 33 33 38 45 53 61 66 70 73 72 60 51 46 44 42 40 38 37 37 40 41 44 45 45 44 43 42 40 40 40 40 40 40 39 38 38 38 39 42 42 42 42 43 44 43 40 39 38 37 36 36 31 30 25 25 32 36 37 36 29 24 19 
6 11 18 33 46 57 57 57 55 53 52 49 46 45 46 46 46 47 49 51 52 52 53 51 46 46 43 39 37 34 33 32 31 30 30 29 28 31 32 31 24 25 28 28 29 29 26 24 23 22 22 22 22 23 23 23 22 21 19 22 24 23 23 24 24 24 25 25 25 25 26 31 40 50 58 63 68 72 67 58 51 46 44 42 39 37 35 36 40 41 44 45 45 44 43 42 40 40 40 40 40 39 38 37 37 39 39 42 42 42 43 43 44 42 40 38 37 36 36 35 29 27 24 25 31 37 38 37 29 23 18 
6 11 18 35 45 57 57 57 55 52 50 47 45 44 45 46 46 47 51 52 54 54 54 52 46 45 44 40 37 36 34 32 31 30 31 29 21 31 30 24 17 19 25 25 24 25 24 22 21 20 22 21 21 21 21 22 22 21 19 20 22 19 18 18 19 20 22 19 21 22 21 26 36 45 56 61 68 71 61 53 49 47 45 40 38 35 29 32 39 40 42 45 45 43 43 40 40 40 40 39 39 39 38 37 37 39 40 42 43 43 43 43 44 42 39 38 37 36 35 32 26 25 24 24 32 38 39 38 28 19 17 
7 11 18 35 46 57 55 54 53 52 50 46 44 43 45 46 46 47 52 53 53 54 54 54 49 45 44 42 38 36 34 32 31 30 30 29 19 30 29 21 15 16 22 23 23 23 22 19 18 20 22 22 22 23 22 22 22 21 19 19 20 18 17 15 17 19 19 18 21 21 23 29 38 49 59 65 72 72 58 52 50 48 45 40 39 37 36 35 37 43 42 45 46 44 43 40 40 40 39 39 39 38 38 38 38 40 42 43 43 43 43 43 44 42 39 38 37 36 35 32 25 24 20 21 35 40 40 39 29 22 18 
7 11 18 36 47 57 54 53 53 51 48 45 43 43 44 46 49 50 53 54 56 54 54 54 51 44 44 42 39 36 34 32 31 30 30 30 23 33 30 19 14 15 21 21 22 21 19 18 17 19 21 22 23 22 22 22 21 21 18 18 17 17 17 16 16 18 18 19 21 24 30 36 44 52 61 68 75 73 53 51 50 46 45 42 39 37 37 40 45 44 41 44 45 45 44 40 40 41 41 40 40 39 38 38 40 42 44 44 44 43 43 43 44 42 39 38 37 35 33 31 25 21 18 19 36 45 44 39 30 24 19 
7 11 18 36 46 55 53 52 50 50 48 44 42 43 45 49 50 52 56 54 54 53 53 52 51 47 43 42 40 37 34 32 31 30 29 30 31 32 32 23 17 16 21 21 21 19 18 17 16 18 21 21 21 22 22 22 21 21 19 18 17 17 16 15 17 19 19 21 21 24 33 39 46 54 61 67 73 72 52 51 49 46 44 40 37 37 39 60 63 46 40 44 44 44 44 42 40 41 41 40 40 38 38 38 40 42 45 45 44 44 43 43 44 42 39 38 37 36 35 31 28 23 21 22 37 46 45 38 31 25 21 
7 10 18 37 47 54 52 51 50 49 47 43 43 44 47 50 50 53 57 56 54 53 52 51 51 47 43 42 40 39 37 33 32 30 29 31 32 33 36 31 23 22 22 21 21 19 17 16 17 19 19 21 21 22 22 22 21 21 21 19 18 17 17 17 18 21 21 23 23 24 31 38 46 52 58 63 68 68 53 52 50 46 44 43 40 36 52 87 84 55 46 45 44 44 43 44 43 43 41 40 40 38 39 39 42 44 46 46 45 44 43 43 43 40 39 38 37 36 33 32 27 23 23 26 39 44 43 39 32 29 26 
7 11 21 36 47 53 52 51 50 49 47 43 43 46 49 50 50 53 57 56 54 53 51 49 50 47 43 40 38 39 37 33 32 31 29 32 35 36 36 31 25 24 23 21 19 18 18 18 19 19 19 19 21 21 21 22 22 21 21 19 18 17 17 17 19 21 22 24 26 26 30 37 43 47 52 58 65 66 54 52 50 46 43 43 41 38 57 96 94 67 52 45 44 44 43 44 44 43 41 40 40 39 39 40 43 46 47 46 45 44 43 43 43 40 39 38 37 36 33 32 25 23 25 30 39 43 43 40 33 30 29 
8 14 22 37 49 52 51 50 49 49 46 44 45 46 49 49 50 52 56 54 54 52 51 49 49 46 42 40 38 37 36 33 32 30 29 31 32 34 34 32 27 24 23 21 21 21 21 19 19 21 21 21 22 22 22 22 22 21 22 19 18 17 17 18 19 21 23 25 28 28 30 33 37 39 43 54 64 64 53 51 49 46 43 42 40 44 73 92 90 72 53 45 44 45 44 45 45 44 41 41 41 38 39 42 44 46 47 47 46 45 44 43 43 40 39 38 37 35 32 30 25 23 25 30 37 42 42 38 32 30 28 
14 21 30 42 49 52 51 49 49 47 46 44 45 46 49 50 49 52 56 54 54 52 51 49 49 45 42 40 38 37 36 33 32 30 29 30 31 33 33 31 26 24 23 21 21 21 21 19 21 21 21 22 22 23 23 23 22 21 22 21 21 19 19 21 21 22 25 28 29 28 30 31 32 32 37 51 65 64 52 51 49 46 44 42 39 44 60 81 90 78 61 51 47 45 44 45 45 44 41 41 41 39 40 43 45 47 47 47 45 44 43 42 40 39 38 37 36 35 31 29 24 23 28 32 38 40 42 39 33 30 30 
24 33 40 47 50 52 51 49 50 47 46 44 45 47 50 50 49 51 54 54 54 52 50 47 47 45 42 40 38 37 36 33 32 30 29 30 31 32 32 29 25 24 24 22 22 22 21 21 21 21 22 22 22 23 23 23 22 22 22 21 21 21 21 21 23 24 25 28 29 30 30 30 30 30 36 52 64 61 52 50 47 46 43 42 39 47 54 75 100 89 71 60 51 46 45 44 44 44 41 41 41 40 42 44 47 49 46 45 45 44 43 40 39 38 38 37 36 33 30 26 24 23 28 32 38 38 40 40 36 32 33 
26 39 46 49 51 52 51 50 50 47 45 43 44 49 50 50 49 51 54 54 54 52 50 47 47 45 42 40 38 37 36 33 32 30 29 30 30 32 32 29 25 24 24 22 22 21 21 21 22 22 22 22 22 22 22 22 22 22 22 22 21 21 22 23 23 24 25 26 28 27 27 28 30 30 38 54 61 55 52 50 47 45 43 42 40 49 61 86 110 105 75 59 52 50 47 45 43 43 43 41 41 40 43 45 47 47 46 45 44 43 42 39 39 38 38 37 36 33 30 26 24 23 28 32 37 37 39 40 38 37 36 
28 38 44 50 51 51 51 50 51 49 45 44 47 47 49 50 49 51 54 54 54 52 50 47 47 45 42 40 38 37 36 33 32 30 29 30 31 32 32 29 25 24 24 22 22 21 22 22 22 23 23 23 23 24 24 24 24 23 23 23 23 22 23 23 23 25 26 25 25 26 25 23 28 32 42 58 60 51 50 49 47 45 43 42 42 50 64 92 123 116 78 58 53 51 47 45 44 43 43 41 43 42 44 46 46 45 44 44 43 42 40 39 39 38 37 37 35 32 30 26 24 23 26 31 35 37 38 40 39 38 37 
21 30 37 47 50 52 52 51 51 49 45 44 47 49 50 50 49 51 54 54 53 52 51 49 47 45 43 42 39 38 36 33 32 30 29 30 31 33 32 29 25 24 24 22 22 22 22 22 22 23 23 23 24 24 24 24 24 23 24 24 24 23 23 23 24 25 25 24 24 25 24 21 23 31 43 58 59 50 47 47 47 45 42 43 45 48 50 75 127 121 87 67 56 49 46 45 44 43 41 41 44 43 45 46 45 44 43 42 42 40 40 39 39 38 37 37 35 32 29 26 24 23 25 31 35 35 39 39 39 39 38 
14 18 25 42 49 52 52 52 51 47 45 44 49 49 50 50 49 51 53 52 52 51 50 49 47 45 43 42 39 38 36 33 32 30 29 30 31 32 31 29 25 24 24 23 23 22 22 22 22 23 23 23 24 24 24 24 24 24 24 24 24 23 23 24 24 25 25 25 25 24 23 21 21 30 43 54 57 50 49 47 47 45 42 43 44 45 43 66 116 113 87 72 57 49 46 46 45 42 40 40 43 43 45 45 44 43 42 42 40 40 40 39 39 38 37 37 35 33 30 26 23 23 24 30 33 34 38 37 38 38 37 
9 15 21 39 47 51 52 52 51 47 45 44 50 50 50 50 50 51 52 51 51 51 50 49 47 46 43 42 39 38 36 35 32 31 29 30 31 32 31 28 25 25 24 24 24 22 22 22 22 23 23 23 24 24 24 24 24 24 24 25 25 24 24 24 24 25 26 26 25 24 23 19 19 29 43 53 56 51 50 49 47 45 43 43 43 44 40 61 101 101 81 67 56 49 46 46 45 42 42 42 42 44 46 45 44 43 42 42 40 40 40 39 39 38 37 37 35 33 31 26 24 22 24 30 33 34 36 36 37 37 36 
10 14 19 35 43 51 51 51 49 45 44 45 51 49 49 49 49 50 51 51 51 50 49 47 47 45 43 40 39 38 37 35 33 31 30 29 29 30 28 26 24 24 24 23 23 23 23 24 24 23 23 23 24 24 24 24 24 24 24 25 25 25 25 25 25 25 26 26 25 24 24 21 19 27 40 52 56 51 50 49 46 44 42 43 43 43 40 56 97 109 88 63 56 49 46 45 44 43 42 42 43 44 45 44 43 43 42 40 40 40 40 40 40 39 38 36 36 36 32 28 24 23 24 30 33 33 35 35 35 37 35 
10 12 19 33 45 51 50 50 47 45 45 46 53 49 49 49 49 50 51 50 50 50 49 47 46 46 43 42 39 38 37 35 33 31 30 29 29 30 28 26 24 25 24 23 23 23 23 24 24 23 23 23 24 24 24 24 24 24 24 24 25 26 26 26 26 26 26 26 25 24 25 22 21 27 40 51 54 51 50 49 46 44 42 41 43 42 40 53 84 97 80 58 56 50 46 44 44 42 42 42 43 43 44 43 42 42 40 42 40 40 40 40 40 39 38 36 36 36 32 28 24 23 23 29 35 36 36 36 33 37 36 
9 12 19 33 46 51 50 49 46 44 46 49 56 47 49 49 49 49 50 50 50 49 49 47 46 46 44 42 39 39 37 36 33 32 30 29 29 29 26 26 25 24 24 24 24 23 23 23 23 23 24 24 24 25 25 25 25 25 25 25 25 26 26 26 26 26 26 25 25 24 28 24 22 27 40 50 53 52 51 49 47 44 40 40 41 41 43 49 72 88 76 58 57 52 47 44 44 42 42 43 43 43 43 42 40 42 40 42 42 40 40 40 40 40 38 36 36 36 33 29 26 23 23 28 35 38 37 37 36 37 36 
8 12 18 33 46 51 49 47 45 45 50 52 53 49 50 49 49 49 49 49 49 47 47 46 46 46 45 42 40 38 37 36 33 32 30 29 29 29 28 27 26 25 24 24 24 24 24 24 24 24 24 24 25 25 25 25 25 25 25 26 26 26 26 26 26 26 26 25 25 26 28 26 24 27 40 49 52 52 51 50 47 45 40 40 43 44 44 49 81 96 78 58 56 52 47 44 43 42 43 43 43 43 42 40 40 40 40 42 40 40 40 40 40 39 38 36 36 36 33 29 26 23 24 26 35 42 39 41 43 40 43 
9 12 17 33 45 51 49 46 45 47 51 53 58 47 49 49 49 49 49 49 49 47 47 46 46 46 44 42 40 38 37 36 33 32 30 29 29 29 28 27 26 25 24 24 24 24 24 24 24 25 25 25 25 26 26 26 26 26 26 26 26 26 26 26 26 26 26 26 26 26 28 26 26 26 39 46 52 52 51 50 47 45 43 42 45 48 45 51 90 103 79 53 53 50 45 43 43 42 42 43 42 42 40 40 39 40 39 39 40 39 39 39 39 38 36 36 35 33 32 29 25 23 23 29 34 38 39 43 44 42 42 
9 11 17 32 46 50 49 47 45 49 53 53 53 52 51 49 49 49 49 47 47 47 46 46 45 44 43 40 38 38 37 36 33 32 30 29 29 29 28 29 27 26 25 25 25 25 25 25 25 25 25 25 25 26 26 26 26 26 26 26 26 25 26 26 26 26 26 26 26 26 29 29 28 27 38 45 52 54 53 50 47 46 43 45 51 53 53 80 124 124 81 47 51 49 43 44 43 42 42 42 40 40 40 39 39 38 38 38 38 37 37 37 38 36 35 35 33 32 32 30 26 24 24 29 34 38 38 42 43 37 35 
8 10 17 32 47 50 49 49 47 50 54 53 54 53 51 49 47 49 50 49 49 47 46 46 45 43 42 39 37 38 37 36 33 32 30 29 29 29 28 29 27 26 26 27 26 26 25 25 26 26 26 25 26 26 26 26 26 26 26 26 26 27 26 27 27 27 27 27 29 29 29 29 28 27 37 45 53 58 54 51 47 46 43 47 56 54 64 104 146 135 77 43 51 45 43 42 43 42 42 42 40 39 39 38 38 38 37 37 37 36 35 36 35 33 33 32 31 32 32 31 28 26 27 31 43 53 44 41 36 27 29 
7 10 17 33 50 50 50 51 49 51 54 54 54 54 53 49 47 49 49 49 49 47 47 46 45 43 42 39 37 37 36 35 32 32 30 29 29 28 26 27 29 28 28 27 27 26 25 25 26 26 26 26 28 26 26 27 26 26 26 26 26 27 27 29 29 27 29 30 30 29 28 29 28 27 36 44 53 54 53 51 47 45 43 47 56 57 64 100 150 134 67 42 49 43 40 38 39 40 39 39 39 38 38 37 38 37 37 37 36 35 33 33 32 32 31 31 32 32 33 32 30 30 31 38 54 72 65 39 16 16 25 
7 9 17 33 51 50 50 50 50 51 56 54 56 54 53 47 46 46 49 47 47 47 46 45 44 42 40 38 36 36 35 33 31 30 29 28 26 28 26 27 29 29 27 27 27 26 26 26 26 26 27 28 28 26 26 27 26 26 27 27 26 28 28 29 29 29 29 29 29 30 29 28 26 26 33 43 52 54 52 50 47 46 45 47 53 59 84 143 146 80 43 47 42 41 38 38 40 38 38 38 38 38 39 37 37 37 36 36 35 35 35 32 32 31 32 31 33 33 35 35 35 33 37 43 66 102 94 40 7 5 24 
7 9 17 33 52 50 50 50 51 52 56 54 56 54 51 46 44 45 47 47 47 47 46 45 44 43 40 38 36 35 33 32 29 30 29 26 25 25 24 25 25 25 26 26 26 27 26 26 26 26 27 28 28 28 26 27 27 27 27 27 29 28 29 29 29 29 29 29 29 29 29 26 26 26 31 40 52 59 52 51 49 46 45 46 47 53 81 127 120 71 41 38 39 40 40 39 38 38 38 38 38 38 38 37 37 37 36 36 35 35 35 33 32 32 32 32 35 36 36 37 37 37 40 49 77 115 101 45 7 7 26 
7 9 17 33 51 50 50 50 52 54 57 56 56 54 51 45 43 44 46 47 47 47 46 45 44 43 40 37 35 33 31 29 29 29 29 26 25 24 24 24 24 24 24 24 24 26 26 26 26 26 27 28 28 29 29 29 29 29 29 29 30 30 31 29 29 28 28 28 28 28 26 29 27 26 30 39 52 60 52 51 49 47 45 45 44 45 77 94 75 47 39 38 42 41 40 39 38 38 38 38 37 37 37 36 36 36 35 36 36 35 36 35 33 33 33 33 35 36 37 37 37 38 43 50 77 120 101 45 4 8 30 
6 9 17 35 51 50 50 51 53 56 57 56 56 54 51 45 43 44 46 46 47 46 45 44 43 42 40 37 35 32 30 28 28 27 26 24 24 24 23 24 24 23 23 22 23 25 26 26 26 27 29 28 29 29 30 31 31 31 31 31 31 31 32 30 30 29 28 28 28 28 26 29 29 28 30 38 51 60 52 52 49 47 46 44 44 45 60 71 63 46 40 44 43 43 39 38 38 38 38 38 37 37 37 37 36 36 36 37 37 37 37 36 36 35 35 35 37 37 37 37 38 39 44 52 74 113 97 45 3 5 29 
6 11 18 33 51 50 51 52 54 57 57 56 56 54 51 46 44 45 47 47 49 49 47 46 45 44 43 40 36 32 30 27 27 25 24 25 25 24 23 24 24 24 24 23 23 24 25 26 27 27 30 29 30 30 31 32 32 32 32 32 32 32 33 32 30 29 28 28 28 28 26 29 29 30 31 35 46 59 53 52 50 48 47 46 45 43 45 54 59 54 42 40 42 42 40 39 38 38 39 38 38 38 38 38 38 38 37 38 38 38 39 39 38 38 37 37 37 37 37 38 38 39 44 52 75 109 95 46 5 11 30 
6 11 18 33 51 51 51 53 56 57 57 56 56 54 52 49 46 47 49 49 50 49 47 45 43 42 39 36 32 30 28 27 26 25 25 25 24 23 23 24 24 24 24 23 23 25 25 25 26 27 30 30 30 31 31 32 32 32 32 32 32 33 33 32 30 29 28 28 28 28 25 27 27 27 30 31 42 54 53 52 52 51 48 47 46 43 45 54 55 46 44 43 43 43 43 42 40 40 42 39 40 40 42 40 40 40 40 40 40 40 40 40 39 38 38 38 38 38 38 38 39 40 43 49 74 109 91 40 4 10 30 
7 11 18 35 51 51 52 53 56 57 57 57 57 55 54 50 49 49 50 51 51 49 47 44 40 37 35 32 29 25 25 25 24 23 23 25 25 26 25 24 24 24 24 25 25 25 25 25 25 26 29 30 30 30 30 31 31 31 31 31 31 31 32 32 31 29 28 28 28 26 25 25 25 27 29 31 37 46 50 50 52 52 49 49 47 45 47 49 50 46 45 46 45 45 44 43 43 43 43 43 43 44 44 44 44 43 43 43 41 40 40 43 41 40 40 39 39 40 40 39 39 40 43 46 71 107 86 38 5 8 28 
7 11 19 36 51 51 52 54 57 57 57 57 57 55 54 52 51 51 51 52 51 50 49 44 39 35 30 27 25 22 23 24 24 23 24 26 29 27 27 24 25 25 25 26 26 25 26 26 26 28 29 29 29 31 30 30 30 31 31 31 31 31 31 31 31 29 29 29 28 26 25 25 25 26 29 31 35 38 43 49 52 56 52 54 54 49 49 47 44 45 46 46 45 45 46 45 45 45 45 45 45 45 46 46 45 45 44 43 43 42 42 43 43 41 40 39 39 41 41 39 39 40 44 46 70 106 85 32 4 7 25 
7 14 23 42 52 51 53 54 56 56 56 56 56 54 54 53 53 52 52 52 52 51 50 45 39 33 29 25 22 20 22 21 23 24 24 25 29 48 27 25 25 26 26 27 29 26 26 26 26 28 29 29 29 30 30 31 31 31 31 31 31 31 31 31 31 30 29 28 26 26 25 25 24 26 28 32 36 36 40 47 53 57 57 57 58 58 54 50 47 46 47 47 47 47 47 46 46 46 45 46 47 46 46 47 46 45 44 44 43 43 43 44 44 43 41 41 41 40 40 40 40 40 42 45 70 106 81 36 5 9 24 
7 14 25 43 52 51 52 54 56 56 56 56 56 54 54 54 54 52 53 52 52 51 51 47 39 32 29 24 21 20 20 22 22 23 24 26 32 50 27 25 25 26 26 27 29 26 26 26 28 28 28 28 29 29 29 30 31 30 30 30 30 30 30 31 30 30 29 28 28 26 25 24 24 25 28 32 36 36 40 45 52 57 61 60 59 58 54 51 47 49 50 50 50 50 50 49 49 47 47 47 49 47 47 48 46 45 45 44 44 43 44 45 44 43 43 41 41 41 40 39 39 39 38 44 70 103 90 46 8 9 15 
7 14 25 43 52 51 52 57 57 57 57 56 56 54 56 57 55 53 54 53 52 51 51 51 40 30 29 23 19 20 22 22 23 22 23 27 34 47 28 25 26 26 28 28 28 28 26 26 28 28 28 28 29 29 29 29 29 30 29 29 29 29 29 29 29 29 28 26 26 26 25 24 24 25 28 32 35 37 39 42 46 54 57 58 59 63 53 47 48 51 52 52 52 50 50 49 49 48 48 50 50 50 49 50 47 46 46 44 44 43 44 44 44 43 43 42 40 41 40 39 39 38 37 43 66 102 102 52 10 8 11 
7 14 25 43 52 51 52 57 57 57 57 56 54 56 57 59 57 54 54 53 53 51 51 51 40 29 29 22 18 20 22 22 23 22 23 29 37 47 30 26 26 26 26 26 26 26 25 25 26 26 26 26 28 28 28 28 28 28 29 29 29 29 29 29 28 28 26 25 25 24 24 23 24 25 28 32 36 37 37 38 42 47 48 52 59 64 58 52 52 51 52 52 52 50 50 49 49 48 48 48 50 49 49 50 48 47 46 44 44 43 43 43 42 42 42 40 40 40 39 38 38 40 40 39 53 92 114 65 12 8 17 
7 14 26 43 53 51 52 57 57 57 57 56 54 56 57 60 59 57 57 55 54 52 51 50 42 32 27 23 21 22 22 21 23 23 24 31 39 47 30 25 25 25 25 25 26 25 25 25 25 25 25 25 26 26 26 26 26 26 26 26 26 26 26 26 26 26 25 24 24 24 23 23 24 25 28 32 36 37 37 38 40 41 44 50 57 65 67 61 56 52 52 53 51 49 49 49 47 48 47 48 50 49 49 50 48 47 46 44 43 43 42 42 42 42 42 40 40 39 38 37 37 39 38 35 45 82 109 73 12 4 15 
7 14 26 43 53 51 52 57 57 57 57 56 54 56 57 60 59 58 55 54 54 53 54 56 45 32 31 25 23 24 25 24 25 25 30 36 44 46 29 24 24 24 25 25 25 24 25 25 25 25 25 25 26 26 25 25 25 25 25 25 25 25 25 25 25 25 24 24 23 23 23 23 24 25 28 32 36 36 36 37 37 40 41 45 53 59 59 59 57 54 54 53 51 49 47 47 47 47 47 47 47 47 47 50 48 47 46 44 43 42 42 42 42 40 40 39 39 39 38 37 37 36 37 33 38 66 100 80 21 7 17 
7 14 26 43 53 51 52 56 56 57 57 56 56 56 57 58 59 58 57 56 54 54 54 52 47 40 37 32 29 30 32 32 32 31 36 44 51 45 27 23 23 23 24 24 24 25 25 25 25 25 25 25 26 26 26 26 25 25 25 25 25 26 26 26 26 25 24 23 23 23 23 23 23 25 28 31 33 36 34 33 36 36 37 40 47 54 63 64 58 54 56 53 50 49 47 47 46 47 47 46 45 46 46 46 46 47 46 42 39 40 39 39 39 38 39 38 38 37 36 35 35 35 36 33 33 46 75 78 32 9 15 
8 14 26 43 53 51 53 56 57 58 57 56 56 56 57 58 59 59 59 57 56 55 54 51 50 46 40 36 33 36 39 37 38 38 43 47 55 46 29 22 22 23 24 24 24 25 25 26 26 26 25 26 26 28 28 28 28 26 26 26 26 26 26 26 26 26 25 24 23 23 22 22 23 25 26 31 32 33 33 32 33 36 35 36 44 54 65 59 56 56 57 53 49 46 46 46 46 47 45 44 44 43 44 44 44 44 43 38 37 38 37 36 36 38 38 37 37 37 36 35 36 36 35 35 31 31 57 74 40 11 11 
8 15 26 42 52 53 54 57 57 57 57 57 57 56 57 58 60 60 59 57 57 54 54 53 52 50 47 43 40 40 46 58 61 47 31 40 58 48 30 24 24 24 25 26 27 27 27 27 27 27 27 29 29 29 29 30 30 29 29 29 29 29 28 28 28 29 28 26 25 25 26 26 26 26 27 30 32 33 32 33 35 36 35 35 44 63 68 58 54 54 57 52 45 45 45 44 44 43 42 39 38 38 38 38 36 33 31 33 33 32 31 30 31 33 35 35 35 33 33 33 33 33 35 36 33 32 62 85 48 10 7 
8 15 26 42 52 53 54 57 57 57 57 57 57 56 57 58 60 60 59 57 57 54 54 54 54 53 51 49 46 47 50 60 61 49 32 40 60 51 33 28 28 29 29 30 30 30 30 30 30 30 30 31 31 31 31 32 32 31 31 31 31 31 31 31 30 31 31 30 30 30 31 32 32 31 32 34 37 36 36 36 37 38 36 35 46 71 74 59 52 52 54 45 40 38 38 37 37 35 32 30 29 29 26 25 24 23 23 25 26 26 24 24 26 29 29 28 28 28 28 28 28 29 31 32 31 32 61 76 45 7 5 
9 15 26 40 51 54 55 58 59 58 58 57 57 57 58 59 61 61 61 59 58 57 54 53 54 54 53 51 49 49 52 60 61 45 29 39 61 53 36 31 31 32 32 33 33 33 33 33 33 33 33 33 33 34 34 35 36 35 35 35 35 33 33 33 32 33 35 35 35 36 36 36 36 36 36 37 37 38 38 38 39 40 38 35 49 77 77 59 49 49 46 38 33 31 30 28 25 25 23 22 22 22 19 18 18 18 18 18 19 19 19 22 23 23 23 23 23 22 22 21 21 22 21 22 24 36 60 65 40 7 4 
9 15 26 40 51 54 55 58 59 58 58 57 57 57 58 59 61 61 61 58 58 56 56 54 54 54 52 51 50 50 52 58 59 44 29 38 60 54 39 35 36 36 36 37 37 37 37 37 37 37 37 37 37 36 37 37 37 37 37 37 37 37 36 36 36 36 36 36 37 38 38 37 37 38 37 38 38 39 39 40 42 40 38 38 53 86 82 57 44 42 36 32 25 24 23 22 21 21 19 19 19 18 17 16 16 16 16 16 16 16 18 19 19 18 18 18 18 19 19 19 21 21 21 22 24 34 53 60 42 12 1 
9 15 26 40 51 55 55 58 59 58 58 57 57 57 58 59 61 61 61 59 58 57 56 54 54 54 54 53 52 51 52 57 57 40 26 38 60 54 39 36 36 37 38 38 38 37 37 37 37 37 37 37 37 37 37 37 38 38 38 38 38 38 37 37 38 38 38 38 38 37 38 38 38 39 38 38 39 39 40 42 42 43 40 40 56 96 86 52 36 35 30 25 17 19 19 19 18 18 17 18 18 17 17 16 17 17 17 17 17 17 18 18 17 17 17 17 18 18 18 19 19 21 21 22 24 32 47 60 42 14 2 
9 15 26 40 50 55 55 58 59 58 58 57 57 57 58 59 61 61 61 59 59 58 57 56 56 54 54 53 52 52 53 56 54 39 24 37 60 53 39 36 36 37 38 38 38 37 37 37 37 37 37 37 37 37 37 37 38 38 38 38 38 38 38 38 38 38 38 38 38 38 38 39 39 39 39 38 38 38 39 40 39 40 38 39 54 102 85 46 29 28 29 24 18 16 17 18 18 19 19 21 19 18 17 17 17 17 17 17 17 18 18 17 17 17 17 17 17 18 18 19 19 19 19 22 24 30 42 57 47 22 5 
9 16 28 43 51 54 55 57 58 57 57 57 57 57 58 58 59 59 59 59 59 57 57 56 56 56 54 54 53 53 53 54 51 38 24 33 57 53 39 36 37 35 37 37 37 37 37 37 37 37 37 38 38 37 37 37 37 38 38 38 38 38 38 38 38 38 38 38 38 38 38 38 38 38 38 37 37 37 38 39 38 41 41 37 52 95 77 43 29 26 24 22 18 16 17 18 18 19 21 21 19 19 18 18 18 18 18 18 18 18 18 18 18 18 18 18 18 18 18 18 18 19 19 21 23 29 39 54 51 23 7 
9 17 29 44 53 53 55 57 58 57 57 58 58 58 58 58 58 59 59 59 60 58 58 57 56 56 56 56 54 54 54 53 50 36 24 32 54 52 39 36 36 36 36 37 37 37 37 37 37 37 37 38 38 37 37 37 37 38 38 38 38 38 38 38 38 38 38 38 38 37 38 38 38 38 38 37 37 37 37 39 38 41 40 37 49 63 58 37 29 24 22 19 18 17 17 17 19 19 22 21 21 19 19 19 19 19 19 19 19 18 18 19 19 19 19 19 19 18 18 18 18 19 21 21 22 28 39 49 44 22 9 
10 18 30 45 53 52 53 57 55 56 57 57 58 59 59 59 58 57 57 56 56 56 56 54 54 56 54 54 53 53 53 53 46 33 24 31 53 54 40 36 36 36 36 36 37 37 37 37 37 37 37 37 37 37 37 37 37 37 37 37 37 38 38 38 38 38 38 38 38 38 38 38 38 38 38 37 37 37 38 39 38 40 59 97 145 102 92 49 29 22 19 18 17 17 17 18 19 19 21 21 21 21 19 19 21 19 21 19 19 18 19 19 19 21 21 19 19 18 18 18 18 19 19 21 22 26 38 49 53 32 12 
10 19 31 43 52 52 53 55 55 53 54 57 58 59 59 59 58 57 56 54 54 52 52 51 51 52 52 51 50 50 51 48 41 30 23 31 52 52 39 36 36 36 36 36 37 37 37 37 37 37 37 37 37 37 37 37 37 37 37 37 37 38 38 38 38 38 38 38 38 38 38 38 38 38 38 37 37 36 38 40 38 43 63 103 144 108 90 49 29 21 21 19 18 17 17 18 19 19 22 22 22 21 21 21 21 21 21 21 21 19 19 19 19 21 21 19 19 18 18 18 18 18 19 19 21 22 31 50 68 58 23 
10 18 29 39 46 51 53 53 53 51 52 56 58 60 60 60 58 56 53 51 51 49 49 47 47 49 46 46 44 45 45 42 36 26 20 30 49 51 38 36 38 34 36 38 37 37 37 37 37 37 37 37 37 37 37 37 37 37 37 37 37 37 37 37 38 38 38 38 38 39 39 39 39 38 38 37 37 36 38 40 38 35 36 52 72 105 81 43 29 21 21 21 18 18 18 18 19 22 23 22 22 22 22 22 22 22 22 22 22 21 19 19 21 21 21 19 19 18 18 18 18 18 18 18 19 19 29 50 77 77 35 
10 17 27 37 44 43 47 52 53 53 53 57 59 60 61 60 56 51 49 46 45 43 40 38 36 36 36 38 38 39 39 36 30 23 19 33 50 47 37 37 39 36 34 38 37 37 37 37 37 37 37 37 37 37 37 37 37 37 37 37 37 38 38 38 38 38 38 38 38 39 39 39 39 38 38 37 37 36 37 38 36 25 18 27 33 103 78 40 27 22 21 21 18 18 18 17 18 22 23 22 23 22 22 22 22 23 22 22 22 22 21 19 21 21 19 18 18 18 18 18 18 18 18 18 19 19 29 51 75 81 46 
10 18 27 33 36 38 44 51 54 57 58 58 58 58 59 56 50 44 42 38 37 35 31 28 24 23 24 29 31 31 30 29 25 20 17 35 50 45 35 36 40 37 34 38 37 37 37 37 37 37 37 37 37 37 37 37 37 37 37 37 37 38 38 38 38 38 38 38 38 39 39 39 39 39 39 38 37 37 38 40 33 19 13 11 14 101 79 38 26 23 22 22 20 18 18 17 18 18 19 22 23 24 24 24 24 23 23 22 22 22 21 19 21 21 21 19 19 18 18 18 18 18 18 18 19 19 30 51 72 78 50 
11 18 27 32 35 36 44 50 54 59 60 59 59 57 53 47 40 32 30 28 25 24 22 18 16 16 17 22 24 22 22 22 22 22 20 37 50 44 35 36 40 37 36 39 37 37 37 37 37 37 37 37 37 37 37 37 37 37 37 37 37 38 38 38 38 38 38 38 38 39 39 39 39 39 39 38 38 37 39 42 31 19 13 15 22 98 68 37 29 24 23 22 20 19 17 17 18 18 19 22 24 25 26 26 26 24 23 22 22 23 23 21 21 21 19 18 18 18 18 18 18 18 18 19 19 21 30 50 70 74 49 
11 19 27 36 37 34 44 50 53 57 60 63 61 52 49 42 32 28 25 23 21 19 18 17 16 17 18 19 20 19 19 19 21 23 25 38 50 43 35 36 40 39 37 38 38 38 38 38 38 38 38 38 38 37 37 37 37 37 37 37 38 38 38 38 38 38 38 38 38 38 38 39 39 39 39 38 38 37 39 40 30 19 13 15 21 94 59 35 28 25 23 21 19 18 17 17 17 18 19 22 24 26 28 28 26 25 23 22 22 23 23 22 21 21 19 18 18 18 18 18 18 18 19 19 21 22 30 51 69 68 44 
11 20 31 38 36 32 40 47 50 50 53 60 60 50 53 38 26 24 22 21 19 18 17 16 15 17 18 18 19 18 17 18 19 23 26 39 50 43 33 35 38 39 39 38 38 38 38 38 38 38 38 38 38 38 38 38 38 38 38 38 38 38 38 38 38 38 38 38 38 38 38 38 39 39 38 37 37 37 39 40 30 19 13 15 21 93 60 35 26 25 21 19 18 18 18 17 17 17 18 22 24 25 26 26 25 24 23 22 21 22 21 23 22 22 21 19 19 18 18 18 18 18 19 19 21 22 31 51 68 67 46 
10 20 32 38 33 31 38 44 45 42 45 51 54 53 58 39 24 23 22 19 19 19 18 17 16 18 18 18 18 17 17 18 20 22 24 38 50 43 35 32 36 38 38 38 38 38 38 38 38 38 38 38 38 38 38 38 38 38 38 38 38 38 38 38 38 38 38 38 39 38 38 38 39 39 39 38 37 37 38 40 29 17 13 14 19 85 59 33 26 26 22 18 18 18 18 17 17 17 18 22 24 25 26 28 25 24 22 22 21 22 24 24 25 24 22 21 21 21 19 19 21 21 21 22 23 24 31 51 67 70 49 
10 19 31 37 30 30 37 40 40 39 39 40 47 60 66 46 26 22 22 21 21 19 18 17 16 18 18 18 19 18 17 18 20 21 24 37 49 44 36 32 36 38 38 38 38 38 38 38 38 38 38 38 38 38 38 38 38 38 38 38 38 38 38 38 38 38 38 38 38 38 38 38 39 39 39 38 38 37 39 40 29 17 13 14 21 77 56 33 29 28 24 19 18 18 19 18 18 21 19 22 23 25 26 26 25 24 22 22 23 24 26 29 30 29 28 26 25 24 24 23 23 24 24 25 26 25 31 51 68 73 54 
10 20 31 35 25 31 37 39 39 39 38 35 43 63 67 50 30 25 24 23 23 21 19 18 17 18 18 19 19 18 17 18 20 21 24 35 47 45 38 37 40 43 40 39 39 38 38 38 38 38 38 38 38 38 38 38 38 38 38 38 38 38 38 38 38 38 38 38 38 38 38 38 39 39 39 38 38 37 39 42 30 20 13 13 21 64 55 37 33 33 31 26 24 24 23 22 21 23 23 24 25 25 25 25 26 25 22 24 24 26 31 36 37 36 34 32 31 30 29 29 28 29 29 29 29 29 32 51 71 74 56 
10 20 31 32 25 32 38 40 39 39 39 36 43 59 66 50 33 30 26 25 24 22 21 18 17 18 18 19 19 18 17 18 20 21 24 29 42 44 38 38 40 41 40 39 39 38 38 38 38 38 38 38 38 38 38 38 38 38 38 38 38 38 38 38 38 38 38 38 38 38 38 38 39 39 40 39 39 39 39 40 31 20 13 12 21 55 57 44 38 39 37 36 37 33 30 28 24 23 24 24 25 25 25 25 25 25 24 24 23 28 36 40 39 40 39 38 37 36 35 33 31 31 31 30 30 30 32 51 70 72 53 
11 22 31 30 29 30 37 40 39 39 39 36 44 58 66 51 36 30 26 25 25 23 22 18 17 18 18 19 19 18 17 18 20 21 24 24 38 40 36 36 39 41 39 38 38 38 38 38 38 38 38 38 38 38 38 38 38 38 38 38 38 38 38 38 38 38 38 38 39 38 38 38 38 38 39 39 39 39 39 41 33 23 12 12 23 64 60 50 42 39 38 39 39 39 36 31 28 25 24 25 25 26 25 25 26 27 31 32 29 31 40 42 42 42 40 39 38 37 36 35 33 33 31 30 30 30 33 53 70 68 49 
11 22 31 30 28 30 37 40 39 39 39 36 45 54 67 58 40 29 25 25 24 23 22 18 17 18 18 19 19 18 17 18 20 21 24 35 47 50 43 39 40 41 39 38 38 38 38 38 38 38 38 38 38 38 38 38 38 38 38 38 38 38 38 38 38 38 38 38 39 38 38 37 38 38 39 39 39 40 40 40 34 24 11 11 24 66 67 53 43 37 38 38 38 38 35 31 29 28 25 25 25 25 24 23 26 34 44 44 33 36 43 44 43 43 42 39 39 37 36 35 33 32 31 30 30 30 38 57 68 64 39 
11 21 30 30 29 31 37 40 39 40 40 37 46 54 70 61 40 28 25 23 22 22 21 19 18 19 19 19 19 18 17 18 19 22 25 48 61 61 52 45 43 40 39 38 38 38 38 38 38 38 38 38 38 37 38 38 38 38 38 38 39 38 38 38 38 39 38 38 38 38 38 36 37 39 40 40 40 42 40 38 35 23 9 12 27 69 69 54 44 36 35 36 35 35 33 31 29 28 25 25 25 25 25 24 26 42 54 49 35 35 42 45 44 45 44 40 40 37 36 33 32 31 30 29 30 33 44 61 67 59 36 
11 21 30 32 31 33 38 40 39 40 43 40 44 57 73 63 39 26 26 23 22 22 21 19 19 20 20 20 19 18 18 18 19 22 25 43 119 117 63 45 44 40 40 39 39 38 38 39 38 38 38 38 38 37 37 38 38 38 39 39 39 39 39 38 39 39 38 38 38 38 37 37 38 39 40 42 42 42 42 38 36 21 8 12 31 73 71 54 43 35 36 32 32 32 32 31 30 29 26 25 25 25 25 25 26 38 61 57 39 36 43 45 45 46 45 42 40 38 36 33 31 30 29 29 30 36 51 68 67 54 33 
11 21 30 36 40 37 38 39 40 42 45 42 37 67 79 61 38 26 25 23 21 21 21 21 19 19 19 19 19 19 19 19 19 19 25 74 145 164 108 43 45 42 42 39 39 38 38 38 37 38 38 38 37 37 38 39 39 38 39 39 40 39 39 39 39 40 39 39 37 39 38 38 39 40 42 42 42 43 42 38 35 20 8 12 32 72 71 56 43 36 31 34 33 33 33 33 31 30 27 25 25 27 27 28 28 36 64 65 43 35 43 46 45 45 44 42 39 37 36 33 31 30 29 29 30 39 52 60 68 45 31 
11 21 30 38 47 38 40 40 42 42 46 44 33 68 80 59 38 26 25 23 22 22 21 21 19 21 21 19 19 19 20 19 21 21 32 88 147 165 115 47 45 43 43 40 39 39 38 39 37 38 38 38 38 37 38 40 40 39 40 40 40 40 39 39 39 40 40 39 38 38 38 40 42 43 43 42 43 43 42 38 33 19 8 13 31 63 71 56 43 37 38 38 36 34 34 33 31 31 29 28 26 27 30 30 31 43 63 61 43 35 43 45 45 44 44 42 39 38 36 32 30 29 28 29 31 45 59 71 68 42 30 
12 21 31 39 42 40 40 40 43 42 46 44 31 66 78 57 37 26 25 24 23 22 22 21 19 22 22 21 19 20 22 22 22 22 39 114 170 155 103 56 46 45 44 42 40 41 40 40 38 39 39 38 38 38 39 40 40 40 42 42 42 42 40 40 39 42 43 40 39 38 39 42 44 45 44 43 43 43 42 39 32 19 9 10 23 65 71 57 43 38 40 39 38 37 35 32 31 31 30 29 29 28 31 33 35 46 63 61 44 33 43 44 45 44 44 43 40 38 36 32 30 28 28 29 32 47 66 82 68 39 29 
14 21 30 39 40 39 39 39 42 40 44 42 32 64 75 54 36 25 25 23 22 22 22 22 21 19 21 21 21 20 22 22 23 19 46 143 204 174 109 64 49 46 43 43 43 44 43 40 38 38 39 38 38 39 38 40 40 40 40 40 42 42 40 40 42 42 40 39 39 39 42 44 45 45 43 43 43 43 42 40 29 16 7 8 26 68 71 58 43 40 45 44 45 43 40 38 36 32 32 31 31 30 32 35 42 53 61 61 46 33 42 44 44 44 44 43 42 38 36 32 30 29 30 30 36 51 70 78 62 35 29 
14 22 31 36 38 38 38 39 39 38 42 42 32 58 72 50 31 24 24 23 23 22 22 21 21 21 22 21 21 19 21 21 21 21 40 115 189 203 170 122 84 64 47 44 43 42 42 43 43 41 41 40 40 39 39 39 39 38 37 37 38 38 37 39 40 40 38 38 39 39 40 43 44 44 43 43 43 42 40 38 29 15 7 10 28 64 70 57 45 44 44 45 46 46 44 43 40 37 33 33 32 33 36 38 45 58 63 60 46 33 40 43 43 44 43 42 40 39 36 32 30 30 30 31 39 50 70 73 54 29 28 
14 22 31 35 36 36 36 36 37 36 39 40 33 57 71 47 30 23 24 24 23 23 22 22 21 22 22 21 21 19 19 18 19 22 33 78 152 221 230 195 138 97 77 59 44 52 44 43 40 41 41 40 39 37 38 39 39 37 35 35 35 35 35 37 38 38 36 36 36 37 39 42 42 42 40 39 38 37 35 32 24 16 11 15 25 59 64 54 43 43 45 46 46 47 46 46 44 40 38 36 35 35 37 40 49 61 66 58 43 33 40 40 43 43 44 43 40 39 36 32 32 31 32 33 40 51 72 71 49 28 26 
15 22 31 37 36 32 33 33 36 33 38 44 36 50 65 45 29 25 26 24 23 22 21 21 21 21 21 19 21 19 19 18 19 21 28 54 114 191 231 227 185 143 125 106 87 87 68 51 36 32 32 31 31 33 33 37 38 35 33 33 33 34 34 34 36 36 36 34 34 32 36 37 36 36 35 33 33 32 31 29 24 15 12 12 23 53 61 54 45 45 46 46 46 46 46 46 45 44 39 38 37 37 38 40 49 66 70 57 39 32 39 40 42 43 43 42 42 40 37 33 33 33 33 35 42 50 72 71 46 26 25 
14 21 28 31 31 30 31 32 33 31 37 45 38 59 70 45 21 15 21 21 22 22 21 21 21 19 19 19 21 19 19 19 19 21 25 47 99 166 196 207 192 171 171 153 149 139 118 103 79 58 48 44 43 50 47 43 38 32 31 30 30 31 32 33 30 30 30 30 29 29 32 31 31 32 31 30 31 29 28 25 24 15 12 11 19 50 61 54 47 47 46 46 45 44 45 44 44 42 40 39 38 38 39 40 50 70 72 57 37 32 38 39 40 43 43 42 42 40 38 36 35 35 35 36 40 47 72 69 44 25 25 
12 17 23 25 28 29 30 31 32 31 39 51 58 109 102 55 23 11 15 18 21 21 21 21 19 19 19 19 19 19 18 18 18 19 24 31 54 121 136 156 156 155 155 156 165 167 166 165 144 118 108 106 104 102 97 85 72 61 47 44 43 44 46 50 45 37 28 21 21 28 30 30 31 32 31 30 29 27 27 28 24 16 12 10 16 46 58 56 49 47 47 46 44 45 45 44 43 42 42 40 40 40 40 41 48 72 74 57 35 31 38 39 39 40 42 42 42 41 40 37 35 35 35 35 42 46 71 68 44 25 25 
11 17 25 28 31 30 31 30 30 32 41 57 74 156 143 82 46 25 24 22 19 21 19 19 19 18 19 19 19 19 18 18 18 19 23 23 35 87 99 115 121 121 118 127 155 171 181 189 184 167 152 153 159 162 164 151 136 124 109 100 99 101 104 104 95 78 60 47 38 32 29 28 29 31 30 25 22 15 27 33 26 24 15 10 16 29 51 56 49 46 46 45 45 44 44 44 43 42 40 39 39 38 39 39 45 70 80 61 35 31 37 38 39 39 42 40 40 41 39 37 36 36 36 36 42 45 71 71 44 28 28 
12 17 29 32 32 31 31 32 31 31 49 75 96 166 155 113 49 31 23 21 19 19 19 20 20 18 19 19 19 19 18 17 18 19 21 24 26 70 71 79 92 92 101 121 152 170 184 200 202 186 160 148 155 175 187 186 179 173 169 168 166 167 171 172 162 142 123 110 84 57 39 33 30 31 33 30 28 28 31 46 40 37 18 15 20 23 48 57 50 46 45 44 44 45 44 42 42 40 39 38 37 37 38 38 43 66 85 65 35 30 36 38 38 38 40 39 39 39 38 37 36 37 36 37 42 47 71 71 44 30 30 
12 21 29 30 31 31 31 32 31 35 59 91 105 141 137 111 46 36 31 21 21 21 19 20 20 18 19 19 19 19 18 17 18 19 21 26 38 59 60 72 88 92 114 137 163 173 192 198 194 167 135 120 118 129 152 171 177 178 181 189 196 201 204 209 210 199 186 178 152 113 79 67 58 57 70 72 73 74 79 84 71 49 30 23 19 18 41 52 47 40 40 43 45 45 44 42 42 39 38 37 36 36 37 38 40 53 72 64 37 30 37 40 38 38 39 39 39 39 38 37 36 37 37 37 40 53 73 68 43 29 30 
15 26 36 38 41 41 40 37 30 37 64 95 104 110 113 92 43 37 33 24 22 22 21 21 21 19 21 21 19 19 18 17 17 19 19 32 51 54 58 73 95 120 148 167 173 184 196 195 177 137 102 86 82 81 102 125 137 145 152 163 174 184 180 186 202 212 210 206 198 167 134 125 123 122 124 125 124 126 132 137 122 73 41 19 14 16 33 47 47 39 38 43 45 45 44 42 39 37 36 36 36 36 37 37 42 52 64 59 43 33 35 38 37 38 38 38 38 38 37 37 37 37 37 38 42 58 74 69 44 33 32 
19 38 58 73 74 73 67 60 52 60 80 102 100 97 96 96 50 42 16 25 23 22 22 21 21 19 21 21 19 19 17 17 17 19 19 30 54 51 61 82 114 145 169 181 181 186 187 180 156 115 94 78 67 62 74 90 100 101 105 117 129 134 127 132 156 179 193 202 207 193 171 169 174 178 175 178 178 185 182 183 171 103 38 11 15 16 24 43 50 39 35 39 43 45 43 40 38 37 36 36 36 37 37 36 45 61 58 54 50 43 30 29 35 37 38 38 38 37 37 37 37 38 38 39 45 59 73 68 45 36 35 
25 53 84 111 113 94 95 99 94 94 103 110 110 110 113 116 79 57 16 28 25 22 22 22 22 21 21 21 21 19 18 18 18 19 19 29 49 46 59 88 128 163 179 175 169 170 174 157 137 109 91 78 61 52 61 73 78 74 71 79 89 95 92 96 111 129 149 172 188 178 166 169 167 171 178 184 188 192 196 189 164 93 32 9 14 16 20 38 49 38 32 37 39 39 37 36 36 36 35 36 36 35 35 35 44 65 51 49 53 51 33 26 31 35 35 35 36 35 35 36 36 38 39 42 50 61 72 66 46 40 39 
49 77 113 142 141 108 118 125 120 117 122 135 132 130 129 119 95 71 30 31 30 25 24 22 22 22 21 22 22 21 19 19 19 21 19 31 58 58 74 108 146 174 179 162 146 144 142 129 120 105 90 71 56 50 51 58 59 56 53 58 67 72 75 82 86 87 96 110 122 128 131 132 130 136 145 156 169 173 189 193 156 86 28 6 15 15 19 33 43 32 32 30 31 30 30 30 30 32 33 33 34 43 50 54 79 92 73 58 57 57 37 26 29 31 31 32 33 33 33 35 36 38 40 44 53 64 72 66 49 44 43 
58 77 97 107 110 80 93 101 101 102 104 108 108 104 113 114 108 88 50 33 33 31 25 23 23 22 22 21 21 21 19 19 21 19 21 40 68 73 93 128 160 177 166 143 123 111 109 108 103 97 86 67 54 47 49 50 49 47 49 53 60 63 68 76 76 74 74 77 81 91 100 100 101 110 122 141 164 145 169 184 155 81 27 8 16 12 19 29 24 29 30 25 23 24 25 26 30 31 31 33 39 44 45 45 80 129 129 109 102 73 39 26 28 28 29 30 32 33 33 33 35 37 40 45 54 65 72 65 50 47 47 
53 67 71 68 66 66 67 70 67 67 72 72 70 70 74 77 86 85 54 33 33 31 27 24 23 23 22 21 21 21 19 19 18 19 23 49 90 90 102 131 155 156 137 116 102 97 103 103 96 90 82 68 56 47 44 44 42 42 45 50 58 66 75 78 73 71 70 66 74 79 87 87 88 97 118 139 156 149 162 169 144 77 28 9 15 10 21 36 37 32 29 18 22 24 24 26 28 30 30 31 40 52 53 60 106 164 173 159 146 85 40 28 25 28 28 30 31 32 32 33 33 37 39 46 52 66 73 65 51 48 48 
32 42 46 52 57 57 54 54 53 51 52 53 50 48 51 52 73 81 51 33 34 32 27 25 25 23 22 21 21 22 20 19 17 17 19 43 81 79 88 107 116 111 99 89 90 94 97 97 90 85 78 67 57 49 45 44 44 45 52 60 71 86 94 88 81 79 76 75 84 88 95 97 97 111 132 144 155 144 152 160 137 74 26 11 15 7 21 45 54 46 32 23 24 25 25 25 28 29 30 31 39 54 57 71 115 165 183 177 155 86 40 29 24 25 25 28 30 31 31 32 32 36 39 46 49 66 73 66 53 49 49 
17 29 44 53 52 50 49 46 49 49 47 49 46 46 44 49 75 84 54 33 36 33 29 26 26 24 23 22 22 22 20 18 18 15 18 35 56 53 58 64 66 65 63 64 65 68 69 71 71 65 59 54 53 50 46 44 45 49 58 67 78 88 92 88 82 79 80 87 93 102 103 106 106 120 132 145 156 143 159 155 120 68 28 13 15 7 31 65 70 53 37 27 26 26 25 24 25 28 29 35 40 43 49 74 120 156 157 150 142 87 40 29 23 25 25 26 29 29 29 30 30 32 36 43 46 65 71 65 52 49 49 
12 27 46 54 51 46 44 43 47 47 45 45 45 46 47 47 61 64 49 36 34 33 29 26 26 24 23 22 22 23 22 19 18 16 18 32 40 39 40 43 43 41 40 41 44 43 45 46 46 45 44 43 44 42 40 38 39 42 50 59 65 68 70 71 68 61 64 76 83 87 87 88 89 97 113 134 138 123 131 130 102 59 33 18 12 10 39 77 75 52 33 25 24 24 23 21 22 24 26 28 42 38 52 92 136 158 137 111 115 81 43 28 23 25 24 25 26 26 26 28 28 29 35 39 44 63 70 64 51 47 47 
14 27 43 47 51 50 46 43 47 47 45 45 46 47 48 50 58 52 38 37 34 33 30 27 27 25 24 23 23 23 22 19 18 16 19 32 38 37 38 40 39 37 34 36 37 37 37 36 37 38 38 37 37 36 36 35 35 33 38 44 46 46 46 48 47 43 44 53 59 61 61 63 64 71 84 93 93 90 89 93 75 39 28 17 12 16 42 78 70 43 26 23 22 20 20 18 19 19 22 24 39 47 68 104 138 151 129 111 115 78 44 28 23 24 24 25 26 26 26 26 26 28 32 36 40 61 68 64 51 47 47 
16 29 43 47 51 51 47 44 46 47 45 45 46 45 46 49 61 57 38 36 33 32 29 26 26 25 24 23 23 22 22 21 19 17 21 31 38 37 37 37 36 33 33 33 33 36 34 33 33 36 36 36 37 36 36 34 34 34 34 37 40 39 36 35 37 37 38 39 42 43 41 41 44 43 52 60 60 59 59 59 43 22 18 15 12 17 40 66 58 33 25 22 19 19 19 19 22 21 22 22 39 51 73 111 144 144 115 104 123 77 44 28 23 24 24 24 25 25 25 25 25 25 29 33 39 60 68 61 50 47 49 
16 29 43 48 48 47 45 43 45 46 44 44 45 44 43 42 59 63 44 34 33 32 29 26 26 25 24 23 23 22 22 21 21 19 22 31 39 37 37 36 35 33 33 33 33 34 34 33 33 34 34 34 36 36 34 34 34 34 33 35 38 38 36 33 35 36 37 36 35 36 34 33 34 32 38 38 38 38 37 36 31 24 18 12 11 17 36 52 44 29 25 23 21 21 21 21 23 24 24 29 39 51 71 111 137 124 91 80 107 74 44 29 24 25 24 24 24 25 24 24 23 23 26 31 37 59 66 60 49 46 49 
14 28 42 46 48 47 46 44 45 45 45 43 44 43 40 38 58 78 52 33 31 31 29 26 26 24 24 23 23 24 24 22 21 19 22 32 39 38 38 35 35 33 32 32 33 33 33 33 33 33 33 34 36 34 34 36 34 33 33 32 36 36 35 33 32 33 35 33 33 33 32 32 32 33 33 33 33 32 32 31 29 27 20 15 13 15 32 47 42 28 26 24 22 22 23 23 25 28 28 30 39 60 72 73 75 67 60 71 82 71 44 28 24 25 24 25 25 25 25 24 23 21 24 29 36 52 64 59 47 45 49 
15 29 42 46 48 47 47 46 46 45 45 43 44 43 40 37 58 75 50 33 30 30 27 25 25 24 23 23 22 24 24 22 21 21 22 32 39 38 37 35 35 33 32 32 32 32 32 32 32 32 33 34 34 34 34 36 33 33 33 32 33 33 32 32 32 32 32 32 33 32 32 32 32 32 32 32 33 32 32 31 29 26 19 15 13 16 47 57 39 28 30 24 23 24 25 28 30 32 35 38 43 67 77 78 72 54 43 56 75 68 44 28 24 25 24 25 25 24 24 24 23 21 24 29 37 53 64 58 47 45 49 
15 30 43 46 49 48 47 46 47 47 46 46 46 45 40 39 58 65 44 35 30 27 26 25 25 23 23 23 22 24 24 22 22 22 23 32 40 38 37 35 33 33 33 32 32 32 32 32 32 32 32 32 33 32 33 33 32 32 32 32 32 32 32 32 32 32 32 32 32 32 31 31 31 31 31 31 32 31 31 31 29 26 20 16 15 30 78 74 46 26 29 22 25 28 29 32 37 39 40 46 54 75 87 82 70 53 42 52 73 67 44 28 25 25 25 25 25 25 25 24 23 22 25 30 38 57 65 59 47 46 50 
15 30 40 43 47 50 47 45 47 47 46 46 47 47 43 44 58 60 42 33 30 27 26 24 24 23 23 23 22 24 24 23 23 23 24 31 39 37 37 35 33 33 33 32 32 32 32 32 32 32 32 32 33 32 32 32 32 31 32 32 32 32 32 32 32 32 32 32 32 31 31 31 31 31 31 31 31 31 31 31 29 26 20 16 15 38 77 78 57 39 38 31 28 28 30 33 39 42 44 44 58 78 88 80 67 51 42 51 72 68 46 29 26 25 26 26 25 25 25 24 23 22 25 31 39 57 63 55 45 44 50 
12 28 43 46 48 49 46 46 46 45 45 45 46 46 44 43 58 63 42 36 30 29 26 24 24 23 23 23 22 24 24 23 23 23 25 31 33 35 35 35 33 33 33 32 32 32 32 32 31 31 31 31 32 31 32 32 31 31 32 32 31 32 32 32 32 32 32 31 31 31 31 31 31 31 31 31 30 31 31 31 29 26 20 17 16 31 60 65 52 39 39 31 24 30 33 37 44 45 46 47 72 70 80 75 59 45 39 46 71 70 47 30 26 26 26 26 26 25 25 25 24 22 25 31 39 57 61 53 43 45 51 
12 30 51 58 52 49 46 45 45 45 44 45 46 46 41 42 56 63 43 36 30 29 26 24 24 23 23 23 22 24 24 23 23 23 25 31 33 35 35 35 33 32 32 32 32 32 32 32 31 31 31 31 32 31 31 31 31 31 30 30 31 31 31 31 31 31 31 31 31 31 31 31 31 31 31 30 30 30 30 31 30 26 20 17 16 18 40 46 42 33 34 28 26 30 35 40 46 49 47 49 70 64 79 73 52 40 37 43 66 70 50 30 26 28 26 26 26 25 25 25 24 22 25 31 39 58 60 53 45 47 53 
12 36 65 73 59 47 47 45 45 44 44 44 45 44 41 40 54 60 44 36 31 29 26 24 24 24 24 22 22 23 23 23 23 23 24 31 35 35 35 33 32 31 31 31 31 30 30 30 30 30 30 30 31 31 31 31 31 30 30 30 31 31 31 32 32 32 32 31 31 31 31 31 31 31 31 30 30 30 31 31 30 26 21 18 16 19 38 47 42 34 39 30 29 32 37 42 47 51 52 52 63 67 82 75 50 39 35 40 63 71 50 31 26 28 28 26 26 26 26 25 24 23 25 31 40 59 61 54 47 54 59 
14 39 72 81 60 47 46 45 44 44 44 44 44 43 41 40 52 58 45 36 31 29 26 24 25 24 23 22 22 23 23 23 23 23 24 31 38 35 35 33 32 31 31 30 30 29 29 29 30 30 30 30 30 30 30 30 30 30 30 30 31 31 31 32 32 32 32 31 31 31 31 31 31 31 31 31 31 30 31 31 31 29 25 22 17 24 42 49 43 36 36 33 33 35 39 43 47 51 54 54 66 74 86 77 50 38 35 40 60 74 54 33 28 28 28 28 28 26 26 26 25 24 25 31 41 58 60 56 50 57 64 
15 43 78 83 62 50 47 44 44 44 44 43 43 40 40 40 49 57 47 33 30 27 26 23 23 24 24 23 23 23 22 22 22 22 24 31 40 37 36 33 32 30 30 30 29 29 29 29 30 30 30 30 30 30 30 30 30 30 30 31 31 32 32 32 32 32 32 32 32 31 32 31 31 31 31 31 31 31 31 31 32 32 29 22 16 31 45 47 38 36 33 33 35 35 39 43 47 51 52 56 66 77 88 75 45 38 36 40 59 78 55 35 26 28 28 28 28 28 28 26 25 23 24 31 44 54 58 56 51 57 67 
17 51 88 94 74 58 48 45 45 44 44 43 41 40 40 39 46 58 49 33 29 27 25 23 23 24 24 23 23 23 23 23 22 23 23 30 43 37 34 32 31 30 30 29 30 29 29 30 30 30 30 30 30 30 30 30 30 30 30 31 31 31 31 32 32 32 32 32 32 32 32 31 31 31 31 31 30 31 30 30 32 35 31 24 18 31 44 45 36 34 34 35 35 36 39 43 47 51 54 56 65 78 88 72 44 38 38 40 58 81 58 37 28 28 28 28 28 28 28 26 25 23 24 33 47 52 56 54 49 54 67 
19 62 107 114 99 73 50 47 46 44 44 42 38 39 40 38 46 58 50 32 29 25 24 24 24 24 24 23 23 24 24 23 22 23 23 30 43 37 34 31 30 29 29 29 30 30 30 31 31 31 31 30 30 30 30 30 30 30 30 31 31 31 31 31 31 31 31 31 30 32 32 31 31 31 31 31 30 30 30 30 32 37 36 29 19 33 44 46 37 33 35 36 36 37 40 44 47 52 56 56 65 81 89 68 43 37 38 39 56 82 60 37 28 29 28 28 28 28 28 28 26 24 25 37 57 60 58 53 47 52 68 
23 79 136 150 136 111 70 52 47 46 44 42 38 38 39 37 46 59 49 33 29 26 24 24 24 24 24 23 23 24 24 23 22 23 23 29 42 37 33 31 29 28 29 29 30 30 30 30 31 32 31 31 31 30 30 30 30 30 30 31 31 31 32 31 31 31 31 31 31 31 32 31 31 31 31 31 30 30 30 29 33 38 38 30 22 31 43 47 40 33 32 35 36 38 43 45 47 52 58 60 70 80 88 68 43 37 37 39 56 83 61 38 28 29 29 28 28 28 28 28 26 25 26 40 62 71 60 51 46 50 66 
25 92 162 184 174 145 94 61 50 50 45 42 38 38 39 37 45 58 47 33 29 25 24 24 24 24 24 23 23 24 24 23 22 23 23 29 42 36 33 31 29 28 29 29 30 30 30 30 31 31 31 30 30 30 30 30 30 30 30 31 31 31 32 31 31 31 31 31 31 32 31 30 30 30 31 31 30 30 30 30 33 38 40 32 25 29 43 49 40 32 31 35 36 38 44 46 47 53 58 63 74 80 87 67 43 37 37 38 57 86 62 39 29 30 29 29 29 29 29 29 26 26 29 40 66 81 63 51 49 50 64 
30 103 177 201 192 173 122 74 57 50 47 44 40 40 39 39 46 54 47 33 29 25 24 24 24 24 24 23 23 24 24 23 22 23 23 29 40 37 33 31 29 28 28 28 29 29 29 29 30 30 29 29 30 30 30 30 30 30 30 31 31 32 32 31 32 32 31 31 31 32 31 30 30 30 31 31 31 31 31 30 35 40 42 35 29 25 42 49 42 32 30 33 36 38 43 46 47 53 59 61 74 80 86 67 43 36 37 40 61 87 62 40 30 30 29 29 29 29 29 29 29 29 30 42 72 84 64 52 49 47 61 
29 103 178 206 199 195 159 95 65 52 50 46 40 40 38 39 45 52 46 35 28 26 23 24 24 24 24 23 23 24 24 23 22 23 23 29 39 34 31 30 29 28 28 28 28 29 29 29 29 29 29 29 29 29 29 29 29 29 29 30 31 31 31 31 31 31 31 31 31 32 31 30 30 30 31 31 31 31 31 31 35 40 43 39 30 25 42 49 42 32 31 33 35 37 42 46 47 53 59 61 74 81 85 66 42 35 37 47 73 86 58 40 33 31 30 29 29 29 29 29 29 29 30 43 59 75 59 49 46 49 63 
30 101 178 205 192 193 179 126 79 57 51 46 43 40 39 39 45 51 46 35 29 26 24 24 24 24 24 23 23 24 24 23 23 24 24 29 38 33 30 29 28 28 29 29 28 29 29 29 29 29 29 29 29 29 29 29 29 29 29 30 31 31 31 31 31 31 31 31 31 31 32 31 31 31 31 31 30 31 32 31 33 43 46 46 33 24 42 50 42 32 31 33 35 37 42 46 49 53 59 63 75 82 84 65 40 31 37 52 81 85 57 42 36 32 31 30 29 29 29 29 29 29 30 43 51 73 54 47 45 51 64 
25 93 170 202 194 187 181 148 97 64 53 50 46 42 39 40 47 52 46 36 29 27 24 24 24 24 24 23 23 23 23 22 22 23 23 28 37 31 30 29 29 28 28 28 28 28 29 28 28 29 28 29 28 29 29 29 29 29 29 30 30 31 31 30 30 30 30 30 30 31 31 32 32 32 31 31 31 32 32 26 32 45 50 50 38 25 43 50 43 33 32 33 35 35 40 45 49 53 58 61 75 82 84 64 39 26 23 47 82 84 54 42 36 33 31 30 30 29 30 31 30 30 31 41 57 59 60 44 43 52 65 
25 93 163 189 188 187 178 158 114 77 58 52 46 43 42 40 50 54 47 36 29 27 24 24 24 24 24 23 23 23 23 22 22 23 23 29 37 31 30 29 29 28 28 28 28 28 28 28 28 28 28 28 28 28 28 28 28 28 28 29 30 30 30 30 30 30 30 30 30 30 31 31 31 31 30 30 30 31 31 22 29 45 54 53 42 29 44 52 43 33 32 32 32 35 40 45 49 53 59 61 75 84 82 63 38 25 33 58 87 82 52 40 36 35 32 30 29 29 30 31 30 30 32 41 55 58 51 40 44 59 67 
25 87 152 174 180 182 176 160 135 97 65 54 48 44 43 44 50 54 47 36 30 27 25 24 24 24 24 23 23 23 23 22 22 22 23 29 37 30 30 29 29 28 28 28 28 28 28 28 28 28 28 28 26 26 26 26 26 26 26 29 29 29 29 29 29 29 29 29 29 30 30 30 31 31 30 31 31 30 30 22 30 43 56 60 46 37 52 54 44 36 34 32 31 33 39 44 49 53 59 61 75 85 82 61 37 26 46 65 78 78 51 39 37 36 32 31 30 30 30 31 31 30 33 39 53 56 50 39 47 64 67 
24 80 139 160 161 165 167 155 150 117 71 58 51 45 45 45 51 54 49 37 30 27 24 24 24 24 24 23 23 23 23 22 22 22 23 29 37 30 30 28 28 26 28 28 28 28 28 28 28 28 28 28 26 26 26 26 26 26 26 29 29 29 29 29 29 29 29 29 29 29 30 30 30 30 30 30 30 30 30 22 29 40 56 74 57 45 64 58 43 33 33 32 31 32 39 44 49 54 59 61 75 85 82 60 37 34 48 53 59 73 50 38 37 37 35 31 30 30 30 31 31 30 33 39 53 57 53 46 58 71 66 
22 73 128 148 146 146 145 139 139 121 85 65 57 46 46 46 51 54 49 39 31 27 24 23 23 24 24 23 23 23 23 22 22 22 23 29 37 30 30 28 28 26 26 28 26 26 26 26 26 26 26 26 26 26 26 26 26 26 26 27 29 29 29 28 28 28 28 29 29 29 29 30 30 30 29 29 29 29 29 25 30 37 56 73 63 53 71 63 44 33 31 30 29 31 38 43 49 53 60 63 74 86 81 58 33 38 51 49 56 72 49 38 37 36 33 31 31 30 30 31 31 30 33 39 53 57 57 51 66 78 67 
21 68 114 127 131 132 130 129 127 123 103 80 70 43 49 47 53 53 47 38 31 27 25 24 23 25 25 24 23 23 23 22 22 22 23 29 36 29 29 28 28 26 26 26 26 26 26 26 26 26 26 26 25 25 25 25 25 25 25 27 27 27 27 28 28 28 28 29 29 27 29 29 29 29 29 29 29 28 28 25 30 35 54 80 72 55 74 65 45 33 30 30 29 31 38 43 49 53 60 64 74 86 82 58 35 40 45 46 56 71 47 38 37 36 33 31 31 30 30 31 31 30 33 39 53 58 57 57 79 90 77 
23 66 104 112 117 116 114 114 114 116 110 95 81 40 46 46 50 53 46 37 31 26 25 25 25 25 25 24 23 23 23 22 22 22 23 29 36 29 29 28 28 26 26 26 26 26 26 26 26 26 26 26 25 25 25 25 25 25 25 27 27 27 27 26 26 26 26 26 28 25 26 26 26 26 26 26 26 27 27 24 28 32 49 88 87 60 76 67 46 32 29 31 31 32 37 43 49 53 60 64 77 86 80 57 34 36 41 47 58 70 47 38 37 36 33 31 31 30 30 30 30 31 33 39 52 60 60 64 89 104 86 
24 64 94 100 100 101 103 94 94 99 100 95 80 67 58 51 50 49 43 36 29 26 25 26 26 25 25 24 24 23 23 22 22 22 23 29 36 29 30 28 28 28 28 26 26 28 28 26 26 26 26 26 26 25 25 25 25 25 25 26 27 27 27 26 26 26 26 26 26 25 26 26 26 26 26 26 26 27 27 25 28 30 39 78 92 62 78 70 45 31 29 31 31 32 37 43 49 53 60 64 77 83 78 54 38 32 38 49 59 72 50 39 38 37 33 31 31 30 30 30 31 31 33 39 52 61 64 71 107 117 95 
26 66 93 100 94 112 102 102 104 104 97 91 100 85 71 64 57 46 39 31 28 26 26 26 26 25 25 25 24 24 24 21 21 21 22 28 32 29 28 28 28 26 26 26 26 26 26 26 26 26 26 26 26 25 25 25 25 25 25 25 25 25 26 26 25 25 25 25 25 25 25 25 26 26 25 25 25 26 27 25 26 29 32 68 95 79 78 72 43 31 29 30 31 34 38 44 51 53 60 64 79 82 70 53 39 29 35 54 65 75 57 38 38 37 35 32 31 30 30 32 32 31 33 40 52 61 64 74 117 121 97 
29 71 104 115 121 124 124 125 126 128 122 116 121 105 94 85 71 56 42 32 28 25 23 23 26 25 25 24 24 24 24 22 22 21 22 28 33 29 28 26 26 26 26 25 25 25 26 25 25 25 25 25 25 24 25 25 24 25 25 25 25 25 26 26 25 25 25 25 25 24 25 25 25 25 25 25 24 25 26 24 25 26 29 66 101 88 79 64 42 31 29 31 32 34 38 44 51 53 60 64 79 84 71 51 39 25 33 61 75 78 59 38 37 36 35 32 31 31 31 33 34 35 38 45 58 64 61 78 115 123 104 
33 81 122 132 138 141 141 143 145 146 142 136 144 129 117 107 86 67 46 31 26 24 24 23 24 25 24 24 24 24 24 22 22 21 21 26 33 29 28 26 26 25 25 25 24 24 25 25 25 25 25 25 25 24 24 24 24 24 24 24 25 25 24 24 24 24 24 24 25 24 24 24 25 24 24 24 23 24 25 24 24 24 25 44 93 118 96 70 54 28 28 30 32 32 36 42 49 54 61 64 79 87 74 47 33 23 36 74 95 80 60 38 37 36 35 33 31 32 33 36 38 39 44 50 63 63 57 80 118 124 104 
39 99 148 155 160 160 160 162 162 164 159 157 160 148 138 134 109 79 47 32 28 25 23 19 22 25 25 24 24 24 24 23 23 23 22 25 32 29 28 26 25 25 25 25 24 25 25 25 25 25 25 25 25 24 24 24 24 24 24 24 24 24 24 24 24 24 24 24 24 24 24 24 24 24 24 24 23 24 25 24 23 24 25 37 71 139 123 86 64 26 28 30 33 33 36 42 49 54 61 64 79 87 74 45 33 28 45 88 110 80 60 38 37 36 35 33 31 32 33 36 38 39 44 49 63 58 51 80 126 124 97 
48 122 173 177 180 181 180 179 179 181 179 178 174 170 164 159 138 93 51 34 30 28 25 22 24 24 23 24 24 24 24 23 23 23 21 25 32 28 25 24 25 25 24 24 25 25 25 25 25 25 25 25 25 24 24 23 23 23 23 23 24 24 24 24 24 24 24 23 23 23 23 23 23 23 23 23 22 23 24 23 23 24 25 31 49 128 117 88 47 24 26 30 31 31 33 39 47 53 61 64 79 79 65 42 32 31 51 93 116 75 59 38 37 36 35 33 31 32 33 35 37 38 43 49 63 56 49 78 124 122 99 
55 136 191 195 199 200 199 198 198 199 198 196 194 188 184 181 163 111 60 37 30 35 31 19 22 25 23 24 24 24 24 23 23 23 21 24 31 28 25 24 24 23 24 24 25 24 23 23 23 23 23 23 23 23 22 22 22 23 23 23 23 23 23 23 23 23 23 23 23 23 23 23 23 22 22 22 22 23 24 23 23 24 25 29 37 78 92 81 43 26 28 29 30 30 33 39 47 53 61 64 79 76 61 45 42 39 57 89 108 71 60 37 37 36 35 33 31 32 33 35 37 38 43 51 63 53 46 73 109 124 113 
64 151 209 214 220 220 219 217 215 215 216 214 212 207 202 196 185 137 74 38 28 37 34 17 19 25 23 24 24 24 24 23 23 23 21 24 31 29 26 24 23 23 23 23 23 23 23 23 23 23 23 22 22 22 21 21 22 22 22 23 22 23 23 23 22 22 22 22 23 22 22 22 22 22 22 22 22 22 22 22 22 23 24 26 30 49 70 74 45 28 28 29 29 30 32 38 46 51 59 65 80 81 72 67 68 60 70 87 96 79 62 39 39 37 36 33 32 31 33 35 37 38 43 53 64 52 46 67 97 130 123 
74 169 227 229 228 227 229 230 229 229 230 230 229 227 220 216 207 155 81 40 28 39 31 15 19 26 23 24 24 24 24 23 23 23 21 25 31 29 26 24 23 23 23 23 23 23 23 23 23 23 23 22 22 21 21 21 21 21 21 22 22 22 23 22 22 22 22 22 22 22 22 22 22 22 22 22 22 22 22 22 22 23 23 24 24 44 59 61 46 29 29 29 28 29 32 38 45 51 59 65 81 95 100 95 98 87 90 99 104 79 65 42 40 38 37 35 32 32 33 35 36 37 43 55 62 52 46 65 77 111 122 
87 188 244 242 235 237 237 241 241 242 243 243 243 240 234 234 220 160 87 44 29 38 27 15 20 25 23 23 23 23 23 24 24 23 22 25 31 29 26 23 22 22 22 23 23 22 23 23 22 22 22 21 21 21 21 21 21 21 21 22 22 22 22 22 22 22 22 22 22 22 22 22 22 21 21 21 21 21 22 22 22 22 23 23 22 40 52 60 47 29 29 29 29 29 30 36 43 51 60 67 83 86 136 155 153 151 158 155 145 79 67 44 43 39 37 35 32 32 32 33 35 36 43 57 61 51 44 59 64 82 108 
96 199 250 247 244 243 243 243 244 245 246 246 244 243 241 243 235 179 95 43 29 36 26 16 23 25 23 23 23 23 23 24 24 23 22 25 31 29 25 21 19 19 19 22 21 22 23 22 22 22 22 21 21 21 19 19 21 19 21 21 21 21 21 21 21 21 21 21 21 21 21 21 21 21 21 21 21 21 21 21 21 22 22 23 22 39 52 60 47 29 29 29 27 27 30 36 41 51 59 67 85 149 197 222 215 208 210 199 182 85 70 46 44 40 38 35 33 31 32 32 33 36 43 59 65 47 38 50 63 67 92 
96 198 244 241 238 236 237 238 240 242 243 242 242 242 241 245 237 180 97 45 27 32 29 23 24 26 25 23 23 23 23 24 24 23 23 26 32 28 24 22 19 19 19 19 21 21 21 21 21 21 21 21 21 19 21 21 19 19 19 21 21 21 21 21 21 21 21 21 21 19 19 19 19 19 19 19 19 19 19 21 21 21 22 22 22 37 52 59 47 30 28 26 25 25 28 33 39 47 57 65 82 175 227 253 249 243 244 226 206 84 72 50 47 42 39 36 33 33 33 31 33 34 43 60 65 46 36 46 59 52 64 
