87 68 58 59 58 54 56 57 57 57 57 57 57 57 56 58 57 53 50 44 42 42 42 40 40 40 40 39 40 39 42 46 47 45 46 43 40 40 39 38 36 33 32 31 30 31 28 25 24 24 22 21 21 19 19 21 21 19 18 15 14 17 17 16 16 17 17 17 17 17 16 16 16 16 16 17 17 18 18 18 19 22 22 24 28 24 25 25 23 18 15 15 16 16 17 17 16 17 17 18 18 17 17 18 19 
40 29 33 53 65 65 61 57 57 57 54 54 56 57 56 58 57 53 50 44 42 42 42 40 40 40 39 38 39 44 52 61 64 64 64 60 59 60 59 58 57 54 53 52 52 50 45 42 39 37 35 33 30 26 25 25 24 22 19 18 17 17 18 16 16 17 17 17 17 17 17 16 16 16 16 17 17 18 18 18 18 21 21 21 22 22 24 26 25 21 16 16 17 17 17 17 16 17 17 17 18 17 17 18 18 
5 4 9 32 66 79 64 58 58 57 57 56 57 56 56 58 57 53 50 44 42 42 40 40 42 40 39 38 39 50 61 72 80 82 81 81 82 82 82 83 82 82 80 79 79 75 71 67 64 60 59 57 52 46 43 37 33 28 25 22 21 20 22 18 17 17 18 18 17 17 17 17 17 17 17 17 17 18 18 19 19 21 22 22 23 21 24 27 27 24 19 17 17 16 16 16 16 17 17 17 17 17 17 18 18 
6 7 11 19 45 71 68 63 59 58 58 58 57 56 56 58 57 53 50 44 42 42 40 40 40 39 39 38 43 51 65 80 89 94 93 93 94 94 95 97 97 97 95 93 93 93 91 91 90 88 85 81 79 75 71 63 56 51 49 40 33 33 30 23 18 18 19 19 19 19 18 18 18 17 17 17 19 19 19 21 21 21 21 22 21 19 21 26 26 24 22 18 16 15 16 16 16 17 17 17 18 17 17 18 18 
5 4 2 9 26 47 61 65 60 57 58 58 56 56 56 58 57 53 50 44 42 42 42 40 39 40 40 40 44 52 66 81 88 92 93 95 96 95 95 96 97 96 97 96 96 96 97 97 96 97 96 95 94 93 90 88 82 77 73 68 61 53 47 39 30 24 23 22 22 23 22 21 21 19 17 18 19 19 19 19 19 18 18 18 17 17 18 22 23 22 21 17 16 16 16 17 16 16 16 16 17 17 17 18 18 
3 3 1 2 5 19 38 59 59 54 56 57 56 56 56 58 57 53 50 44 42 42 40 40 39 40 40 42 46 51 59 69 75 79 80 83 82 81 82 82 84 86 87 88 89 88 90 93 93 94 96 96 97 96 96 97 98 96 93 92 89 78 68 61 53 44 36 30 28 29 24 21 19 19 19 18 17 18 18 18 17 17 17 16 16 15 16 19 20 19 21 18 16 15 17 18 17 17 16 16 17 17 18 18 19 
3 2 2 2 1 5 18 44 56 54 54 56 56 54 56 58 57 53 50 45 43 43 42 40 39 40 42 43 44 46 52 57 59 63 63 63 63 64 64 63 64 66 70 71 71 71 73 75 75 77 80 84 88 93 96 97 101 103 106 103 103 97 90 84 77 70 60 47 37 33 29 23 21 20 20 19 17 17 17 14 14 14 12 12 12 12 15 17 19 19 21 20 19 19 20 18 17 15 16 16 17 17 18 18 19 
2 4 3 3 2 5 11 28 50 55 53 54 56 54 56 58 57 53 51 45 43 42 40 39 39 40 42 42 40 42 45 47 47 50 49 47 49 48 48 49 50 51 51 50 52 53 54 54 56 58 63 66 70 78 81 84 88 95 97 100 102 102 101 100 94 89 85 75 56 45 36 29 24 23 23 22 19 16 14 13 13 11 11 12 12 14 15 17 19 21 22 24 24 23 22 18 17 16 16 16 16 17 18 18 18 
2 2 2 2 2 5 9 19 39 50 52 53 54 56 56 57 57 54 51 46 44 42 40 39 39 39 40 40 42 40 42 44 44 44 44 45 45 45 45 45 45 45 45 45 46 46 47 46 45 47 49 50 52 47 52 57 63 70 74 79 82 90 100 108 111 109 103 95 90 76 64 51 39 30 23 17 13 15 15 13 13 12 12 12 11 12 15 16 19 22 24 26 26 25 23 18 17 16 16 16 17 17 17 18 18 
3 1 2 2 2 5 6 17 30 45 53 54 54 56 56 57 57 54 51 46 44 42 40 39 39 39 40 39 42 40 44 46 47 47 47 49 50 50 50 50 50 50 50 50 50 50 50 47 47 46 46 45 46 40 44 46 50 54 58 60 66 84 93 100 103 107 107 109 109 98 86 75 65 47 35 29 23 17 17 17 16 15 14 12 12 14 14 15 18 22 24 26 27 27 23 17 16 16 16 16 16 17 18 18 18 
3 3 3 3 3 5 6 10 23 40 52 58 58 56 56 57 57 54 52 47 45 43 42 40 39 41 41 38 40 42 45 50 52 51 52 54 54 53 53 53 54 54 54 54 54 53 53 53 52 51 49 49 49 47 46 45 47 50 52 50 52 61 71 81 85 93 100 108 114 111 104 95 85 72 64 51 39 29 22 17 16 15 15 12 12 12 14 15 17 22 24 25 26 26 23 18 16 16 17 17 17 18 18 18 18 
4 3 3 3 3 5 5 8 18 33 50 58 58 57 57 57 57 54 52 47 45 43 42 40 40 41 41 39 40 43 45 50 51 51 52 54 56 54 54 54 54 54 54 54 56 56 56 54 54 54 53 53 53 52 50 50 50 49 47 47 47 44 50 60 67 81 87 94 101 107 108 109 102 96 87 77 67 50 36 26 19 13 12 12 14 14 14 15 17 20 22 23 24 24 23 19 17 17 17 18 17 17 18 18 18 
3 4 4 4 4 4 4 8 11 26 47 61 61 58 56 57 57 54 52 47 45 43 43 42 40 41 41 40 41 42 45 46 47 51 53 54 56 54 54 56 56 56 56 57 58 58 57 57 57 57 57 56 56 56 54 53 51 49 47 47 46 43 40 45 53 66 72 80 85 94 102 108 110 111 107 99 88 74 61 47 33 23 18 16 15 16 15 16 17 18 21 23 23 22 23 22 18 18 18 18 18 17 17 17 18 
3 4 4 4 4 4 4 6 8 22 44 60 60 58 57 57 57 54 52 47 45 43 43 42 40 41 41 40 41 40 43 45 46 50 52 54 54 54 54 56 56 56 56 57 57 57 56 56 57 57 57 56 56 54 54 54 54 53 53 51 51 47 44 42 44 51 57 65 71 78 87 97 107 113 111 109 102 96 86 72 59 45 35 29 23 22 18 17 17 18 19 22 23 23 22 22 19 19 19 17 17 17 17 17 18 
3 3 3 3 3 3 3 7 8 17 38 56 61 59 57 58 58 57 54 50 46 43 43 42 40 40 40 39 40 40 42 43 44 49 52 53 54 54 54 56 56 56 56 57 56 54 54 54 56 57 56 57 57 56 54 54 54 54 54 53 54 52 47 39 37 37 43 49 56 60 70 82 93 103 110 110 110 104 97 90 81 67 54 40 28 24 22 19 18 19 19 21 22 22 22 23 22 19 18 18 18 16 16 16 17 
4 3 3 4 3 4 4 7 7 14 36 52 57 60 57 58 59 58 54 50 46 43 43 42 40 40 40 40 42 39 40 43 44 47 51 53 53 53 53 54 56 56 54 56 56 54 53 54 56 58 58 58 61 57 56 56 56 57 56 53 54 59 53 44 38 37 40 40 44 46 54 67 78 89 97 102 108 102 97 98 94 84 70 54 39 29 24 23 23 24 24 23 23 22 22 23 22 19 18 18 17 16 15 15 16 
3 4 4 4 4 4 4 5 6 10 31 52 60 60 57 58 58 58 56 51 45 43 42 40 39 39 39 40 40 40 40 40 42 45 47 51 53 50 51 50 50 51 53 52 53 52 52 52 52 51 50 52 53 54 54 56 56 53 53 53 53 51 46 42 39 39 39 38 37 36 39 51 63 73 82 87 94 96 90 92 89 85 74 52 36 28 24 21 19 21 21 23 23 23 23 22 22 19 17 16 16 15 16 16 16 
3 3 3 3 4 4 3 5 5 8 22 45 60 59 58 58 59 58 57 52 45 43 42 40 40 39 39 40 40 39 39 39 40 42 43 45 45 44 45 45 45 46 46 47 47 49 49 49 47 46 45 45 46 49 49 51 51 49 47 47 47 46 43 39 38 39 39 37 38 30 35 39 44 51 59 67 77 80 77 78 77 73 66 51 40 31 28 28 29 30 30 25 24 24 23 23 23 18 16 15 14 14 12 12 14 
3 3 3 3 4 5 4 3 4 6 18 37 52 59 59 59 59 59 58 53 45 44 43 40 40 40 40 40 40 39 38 37 37 39 39 39 39 37 37 37 38 39 39 40 40 42 42 40 40 37 37 37 37 40 42 43 43 43 40 39 39 39 36 33 35 35 35 33 35 26 29 32 36 37 38 44 53 52 51 55 57 57 57 47 42 36 35 36 40 43 42 32 26 25 22 23 23 22 17 14 11 10 9 8 8 
3 3 3 3 4 5 5 4 3 5 11 26 46 58 58 60 60 59 58 53 45 44 43 40 40 40 40 39 39 39 37 35 35 37 37 36 36 32 33 33 32 33 35 36 36 36 36 36 36 32 31 30 30 32 33 36 36 35 32 30 30 30 29 26 28 29 29 28 28 28 28 29 30 31 32 32 32 34 34 40 46 53 57 53 47 46 45 49 56 60 60 47 39 31 23 22 22 22 18 10 9 8 5 4 4 
3 3 3 3 3 4 4 3 3 4 4 14 40 58 58 58 59 60 59 53 46 43 42 40 40 40 40 40 40 38 36 33 32 33 33 33 33 33 33 32 31 32 33 37 37 37 37 37 36 33 31 30 30 30 32 35 35 33 31 29 28 28 25 23 23 24 24 24 25 25 26 28 29 30 29 29 27 28 28 31 39 57 67 71 66 60 58 65 74 85 85 73 61 45 32 25 22 18 16 10 7 5 4 3 1 
3 3 3 3 3 4 4 3 3 4 3 10 33 53 58 58 60 61 59 53 46 43 43 40 40 40 40 40 40 38 36 32 32 33 34 36 36 37 36 34 33 33 36 39 41 41 43 43 42 39 37 36 36 33 36 38 38 37 35 31 30 30 26 23 22 23 23 24 24 23 24 25 28 29 29 27 27 26 28 30 38 59 72 78 73 68 64 71 82 96 100 89 79 62 47 33 24 16 12 8 4 3 2 1 0 
3 3 3 4 4 3 3 3 3 3 3 11 31 50 58 58 59 59 57 52 45 43 42 40 40 40 40 40 39 37 35 32 33 36 38 41 43 43 39 36 35 35 38 44 47 51 52 51 50 46 43 39 38 36 37 39 39 38 36 32 31 31 29 23 22 23 23 25 26 26 27 27 30 29 29 29 29 30 29 29 35 54 68 78 74 66 61 66 81 100 107 100 90 74 63 48 33 16 10 4 2 2 1 0 0 
3 3 3 4 4 3 3 3 4 4 2 6 23 47 59 59 59 59 56 51 45 43 42 40 40 40 40 40 39 37 35 32 33 39 42 47 47 47 46 40 37 37 40 48 53 54 55 54 53 49 44 39 37 37 38 39 39 38 37 33 31 31 30 24 23 23 25 29 30 29 29 30 31 30 30 29 29 29 30 25 29 45 58 70 68 62 58 64 79 101 111 109 97 92 84 60 32 15 9 1 1 0 0 0 0 
2 3 3 3 3 3 3 3 4 4 4 10 22 50 60 59 59 58 56 51 45 42 42 40 39 39 39 39 39 37 33 32 33 37 43 48 51 52 50 44 38 38 41 50 57 54 56 56 53 49 43 41 39 36 37 38 38 37 36 33 31 31 29 24 23 24 25 28 29 29 29 30 30 29 28 28 28 28 28 29 26 23 29 45 61 57 54 59 74 101 115 116 106 96 89 61 28 11 9 3 0 2 1 0 0 
3 4 4 3 3 3 4 7 9 9 15 39 47 54 60 58 57 57 54 51 45 42 42 39 39 39 39 40 39 37 33 31 31 36 39 46 50 50 48 43 38 38 41 50 57 54 56 56 52 47 43 38 37 35 36 38 38 36 36 35 36 33 30 25 23 23 25 26 29 29 29 29 29 28 28 28 28 28 29 30 28 23 23 39 58 51 51 54 66 90 110 115 109 102 89 59 25 9 7 4 3 1 1 0 0 
3 3 4 4 4 8 11 15 16 19 38 68 64 59 60 58 57 54 53 50 45 43 42 39 39 39 39 40 39 37 33 30 29 33 38 45 46 45 45 42 38 38 41 50 57 54 54 56 53 47 43 37 34 33 35 37 38 39 39 38 38 36 31 26 24 23 25 26 29 29 29 29 29 28 28 28 28 29 30 32 32 29 26 34 53 46 49 49 59 82 103 114 113 111 92 58 25 8 6 3 2 2 1 0 0 
3 3 3 7 10 13 18 22 24 30 57 80 70 61 63 60 55 54 53 50 45 43 42 39 39 39 39 40 39 37 35 30 30 31 37 41 45 44 43 42 38 38 41 48 54 54 53 53 51 47 43 37 33 32 35 37 39 42 42 40 40 37 32 26 24 23 25 26 29 29 29 29 29 29 29 29 29 29 30 32 33 31 28 32 43 43 47 47 56 75 94 106 108 114 87 52 22 6 5 2 2 0 0 0 0 
3 3 4 6 16 20 25 27 29 33 63 82 71 60 68 64 55 54 53 49 45 44 43 40 39 39 39 40 39 36 32 29 28 30 35 39 41 41 41 40 38 37 39 45 50 52 51 52 50 45 40 33 30 29 30 33 37 39 39 39 39 37 32 28 25 23 24 25 26 26 26 26 26 26 26 28 29 29 30 30 31 31 30 34 40 44 47 49 53 71 87 99 103 108 80 45 18 5 3 1 1 0 0 0 0 
3 4 4 8 17 24 26 30 31 36 60 78 67 60 65 62 59 56 52 47 45 43 42 40 39 39 39 40 39 35 32 29 28 31 33 37 38 39 39 38 37 36 38 40 46 50 47 47 46 41 38 32 29 26 28 29 31 33 33 33 33 33 31 26 24 23 24 25 25 26 25 25 24 25 25 28 28 29 29 29 29 29 29 34 40 47 47 49 57 70 81 89 94 88 63 32 14 4 3 1 1 0 0 0 0 
4 5 5 11 19 24 26 29 31 38 61 79 67 61 54 53 63 56 52 47 45 43 42 40 39 39 39 40 39 35 31 28 28 31 33 33 35 37 38 37 36 33 35 38 43 47 45 43 39 37 33 29 26 25 25 26 28 29 29 30 31 30 29 25 24 23 23 24 23 24 23 23 23 24 24 25 25 26 26 26 26 29 31 38 45 54 50 47 59 68 79 82 84 73 47 23 11 3 3 1 1 0 0 0 0 
5 7 8 13 20 25 27 30 31 40 62 75 65 64 57 43 63 57 53 47 45 43 42 40 39 39 38 39 38 36 31 28 29 31 33 35 36 38 38 37 36 33 33 36 39 43 39 39 37 35 32 28 25 25 24 25 25 25 26 29 29 29 28 25 24 24 23 23 22 23 22 22 23 23 24 24 24 25 25 25 25 29 32 43 52 58 50 47 56 67 77 79 78 54 35 18 9 3 3 1 1 0 0 0 0 
5 8 9 15 23 24 26 30 31 40 62 71 61 64 58 60 61 57 52 50 46 43 42 40 40 39 39 39 37 37 31 28 29 32 35 36 36 37 37 37 36 33 33 33 33 34 34 33 34 33 31 26 25 24 24 25 26 26 27 29 30 29 28 25 24 23 23 23 23 22 22 22 23 24 24 24 25 25 25 25 25 29 33 45 56 58 50 46 54 68 75 74 66 48 27 13 8 2 2 1 1 0 0 0 0 
5 8 10 16 23 25 26 30 30 40 64 71 63 61 59 60 60 57 52 50 47 43 42 40 40 39 39 38 36 37 31 28 30 32 35 37 37 37 37 37 36 34 33 31 31 32 32 31 31 31 29 26 25 25 24 25 26 26 26 29 30 29 29 25 24 23 23 23 23 23 23 24 25 25 24 25 25 25 25 25 25 29 36 47 60 58 49 44 52 67 73 72 60 44 24 11 7 2 1 0 0 0 0 0 0 
5 8 10 15 23 26 28 30 30 39 64 71 64 60 59 58 58 57 52 51 48 44 42 40 40 39 38 38 36 35 31 29 30 32 36 38 38 38 38 38 37 36 34 31 30 31 31 31 31 32 30 28 26 26 26 29 31 31 33 36 37 38 33 27 26 24 24 23 23 24 25 26 29 28 25 25 25 25 25 25 26 30 38 52 64 57 50 45 51 66 71 67 56 36 20 8 5 1 1 0 0 0 0 0 0 
5 8 10 16 24 26 28 30 30 39 64 71 64 60 59 58 57 57 53 51 48 44 42 40 40 39 38 38 36 35 31 30 31 32 36 38 39 39 40 39 38 37 36 32 31 32 32 32 33 33 32 30 29 29 29 32 36 39 40 43 44 47 40 32 27 24 24 24 24 25 29 31 33 31 28 26 25 25 26 27 34 38 45 60 68 63 53 47 53 66 69 67 53 30 18 7 4 0 0 0 0 0 0 0 0 
5 9 11 16 24 26 28 30 30 39 64 71 64 59 59 58 57 57 53 51 48 44 42 40 40 39 38 37 37 33 32 31 31 33 37 39 40 40 40 40 39 38 36 36 39 40 38 36 34 33 33 30 29 25 30 35 39 52 51 49 47 45 39 33 27 24 24 25 26 29 32 33 35 36 31 29 26 26 31 36 44 51 58 66 74 64 53 47 52 65 69 66 53 26 15 5 3 1 1 0 0 0 0 0 0 
5 9 11 16 24 26 28 30 30 39 64 71 64 59 59 57 56 56 53 51 48 44 42 40 40 39 38 37 36 35 33 31 31 33 37 39 40 40 40 40 39 38 37 40 45 47 44 40 38 36 34 31 31 29 33 38 40 51 50 47 46 45 39 33 27 26 26 26 28 30 30 32 32 33 33 32 27 30 38 45 53 59 64 70 80 64 54 47 52 65 69 66 52 24 15 5 4 1 1 0 0 0 0 0 0 
5 9 11 16 24 26 28 30 30 39 64 72 64 59 58 56 56 56 53 51 48 44 42 39 39 38 37 36 36 35 33 31 32 35 38 39 39 42 42 40 38 38 37 43 49 52 50 47 44 39 36 32 32 31 35 41 44 51 50 48 47 46 40 33 30 31 31 32 35 39 42 44 44 42 38 36 29 35 46 53 60 65 68 75 85 64 54 49 53 66 71 69 53 22 12 4 3 1 0 0 0 0 0 0 0 
7 9 12 17 24 26 28 30 30 39 65 75 66 58 57 56 56 56 53 51 48 44 42 39 39 38 37 36 36 36 33 31 32 35 38 39 39 42 43 40 37 38 38 44 50 54 53 52 50 44 39 35 35 36 36 43 46 48 47 48 47 47 43 35 31 33 33 35 37 59 63 64 64 64 54 44 38 45 58 65 73 78 82 88 93 67 57 50 53 65 71 71 52 19 11 5 3 1 0 0 0 0 0 0 0 
7 10 14 20 27 28 29 30 30 39 66 78 66 57 56 56 54 54 53 50 47 43 40 39 38 38 37 37 37 36 35 31 30 31 32 36 39 44 45 40 36 36 37 45 53 54 54 56 56 52 46 36 31 32 38 44 47 49 50 50 53 52 45 36 35 43 50 56 58 66 69 75 74 64 64 67 64 70 107 166 195 197 173 125 94 87 80 70 68 73 68 59 40 22 9 4 3 0 0 0 0 0 0 0 0 
7 11 14 19 25 28 28 29 30 39 66 80 67 57 56 54 54 54 53 50 47 44 42 40 39 38 37 37 37 37 36 36 36 37 38 42 44 47 50 44 37 36 37 46 54 58 58 58 58 59 54 47 42 41 44 50 54 57 58 58 61 57 46 39 42 61 80 94 99 121 121 116 106 86 85 93 96 116 159 210 241 239 223 178 134 104 96 85 85 90 88 73 50 13 5 3 3 0 0 0 0 0 0 0 0 
8 13 16 19 25 26 28 29 30 39 66 80 68 57 56 54 54 53 53 50 47 45 44 42 39 39 38 38 37 39 40 43 47 50 51 55 57 56 56 52 46 40 42 51 59 67 67 67 67 70 65 57 52 50 53 59 64 65 67 68 67 53 44 51 65 110 145 159 168 198 193 178 159 129 128 131 132 157 189 224 245 234 219 188 156 123 115 108 105 108 106 93 65 8 3 3 2 0 0 0 0 0 0 0 0 
8 13 16 19 25 26 28 29 30 39 66 81 68 58 57 54 54 53 53 50 47 45 44 42 39 39 38 38 38 39 41 47 53 59 61 64 66 65 65 63 56 47 49 58 66 77 77 77 77 81 74 65 59 59 61 71 75 75 79 81 77 71 74 93 109 164 204 218 228 247 241 223 201 172 170 165 163 187 206 223 233 217 207 185 161 125 118 114 108 103 97 85 58 6 1 2 2 0 0 0 0 0 0 0 0 
8 13 16 19 25 26 28 29 30 39 66 81 69 58 57 56 53 53 52 50 47 45 45 43 40 39 39 39 38 36 42 56 64 74 78 80 81 81 81 71 59 47 42 61 85 93 93 92 92 86 82 70 60 57 64 77 81 87 94 100 103 100 124 138 156 201 233 247 252 252 249 233 217 192 185 184 187 194 207 210 209 193 182 167 152 128 122 116 116 109 93 73 46 6 3 2 2 0 0 0 0 0 0 0 0 
8 13 16 20 24 26 28 29 30 40 66 81 69 59 58 56 53 52 52 50 47 45 45 43 40 40 39 39 39 36 43 57 67 81 84 86 87 89 89 77 61 50 46 62 85 93 93 92 92 88 84 74 64 60 71 90 95 106 116 122 137 145 169 173 187 220 240 248 248 244 241 229 222 206 199 199 203 206 208 203 194 181 172 158 146 133 128 124 121 110 95 68 27 8 5 0 2 0 0 0 0 0 0 0 0 
9 12 15 20 24 25 26 29 30 40 66 81 69 58 58 56 53 51 51 49 47 44 43 43 40 40 39 40 39 37 45 60 71 87 90 90 90 92 93 86 68 54 53 66 83 93 93 92 92 95 85 78 67 75 90 113 124 141 151 158 168 188 194 194 199 226 240 238 236 236 235 226 221 212 206 209 220 225 227 219 209 198 192 184 174 166 158 150 143 130 111 74 23 7 4 1 1 0 0 0 0 0 0 0 0 
9 12 16 20 24 24 26 29 31 40 66 81 71 58 58 56 53 51 51 49 47 44 43 41 40 40 39 40 39 38 45 60 74 90 90 90 90 89 94 86 73 60 56 68 82 93 93 90 90 99 85 79 72 107 121 139 152 170 175 182 189 203 202 202 214 236 242 242 236 249 250 242 234 222 217 221 230 252 252 243 236 228 223 216 212 196 186 178 170 156 131 86 35 8 6 1 0 0 0 0 0 0 0 0 0 
10 14 16 19 23 25 26 30 35 52 77 79 62 57 57 54 52 51 51 47 45 44 42 40 39 38 38 37 36 37 44 58 72 90 90 89 90 87 94 81 73 63 65 74 80 79 82 94 114 124 141 151 158 153 168 177 184 194 196 202 206 224 228 241 247 247 245 247 244 237 235 237 240 244 247 247 249 247 248 248 248 249 247 245 244 242 237 228 233 237 205 131 56 7 4 1 0 0 0 0 0 0 0 0 0 
10 14 16 19 23 24 26 30 35 53 79 80 62 56 57 54 52 50 50 46 45 43 42 39 38 38 37 37 36 37 43 56 68 87 88 87 88 85 90 79 72 65 67 77 81 92 104 122 150 153 163 170 174 179 188 194 199 206 208 213 213 224 229 241 248 248 248 248 247 247 245 245 245 247 248 249 249 250 251 252 252 253 253 253 252 251 246 240 242 235 205 134 59 4 4 1 0 0 0 0 0 0 0 0 0 
11 15 17 19 22 24 26 29 36 53 85 87 64 54 56 54 52 50 50 46 44 43 42 39 38 37 37 36 36 36 42 56 68 86 86 85 84 82 85 77 72 70 73 79 82 100 115 132 146 150 158 163 165 172 179 186 192 199 202 207 206 224 233 241 247 250 250 250 251 251 251 250 250 250 250 250 250 250 250 250 250 252 252 252 252 252 252 252 251 229 198 129 58 4 4 0 0 0 0 0 0 0 0 0 0 
11 16 18 19 22 24 25 29 36 53 94 97 67 53 56 54 52 50 50 46 44 42 40 39 38 37 37 36 36 36 40 56 67 82 82 80 79 77 79 72 68 66 72 78 84 95 106 112 114 122 129 130 130 132 137 144 151 162 167 174 178 198 217 236 246 250 250 251 251 252 252 252 252 252 252 252 252 252 252 250 248 245 249 251 252 252 252 244 234 202 151 68 19 2 1 0 0 0 0 0 0 0 0 0 0 
12 17 18 21 23 24 25 28 36 58 99 102 69 53 56 54 52 50 50 46 43 42 40 39 38 37 37 37 36 37 39 52 63 79 79 78 75 63 63 58 54 56 59 66 68 70 70 70 72 79 81 86 86 86 86 88 93 96 102 109 113 144 179 212 231 253 254 251 244 235 230 235 240 248 250 251 253 252 250 241 235 230 231 233 231 228 224 214 202 164 103 39 6 2 1 1 1 0 0 1 1 0 0 0 0 
14 18 19 21 23 24 25 26 35 65 103 103 72 53 56 54 52 50 49 46 43 42 40 39 38 37 37 37 37 37 38 46 56 72 74 71 72 54 54 49 44 44 45 49 52 52 50 47 45 46 47 49 50 50 48 47 50 53 57 60 63 71 102 141 177 202 196 180 165 165 169 175 181 192 198 205 212 220 217 205 199 193 194 199 196 189 186 175 166 128 59 15 2 0 0 0 1 0 0 1 1 0 0 0 0 
15 18 21 23 24 25 25 26 36 66 103 102 72 55 58 54 52 50 49 45 42 42 40 39 38 37 37 37 37 37 36 38 47 65 68 66 67 53 53 46 43 42 40 44 47 46 44 38 35 32 32 36 38 38 37 38 39 42 45 46 46 50 57 73 109 109 99 95 95 96 97 102 109 118 123 132 137 149 149 138 134 135 139 151 152 150 150 144 134 93 43 14 6 1 0 0 1 0 0 0 0 0 0 0 0 
15 19 21 23 25 25 25 26 37 70 106 104 72 58 58 56 52 50 49 45 42 42 40 39 38 37 37 38 38 37 33 35 43 60 63 63 63 63 63 54 46 46 49 52 53 53 52 45 40 38 38 39 40 40 39 39 40 43 44 46 47 50 50 51 56 49 47 49 50 53 56 59 64 70 73 79 84 88 89 81 79 86 95 110 115 116 120 125 108 67 31 16 9 2 1 0 1 0 0 0 0 0 0 0 0 
15 18 23 24 25 25 26 29 40 71 104 100 72 57 58 56 53 51 49 45 43 40 40 39 38 37 37 37 38 37 32 26 33 51 60 68 74 73 68 58 51 61 70 70 68 65 59 54 52 52 51 50 48 48 46 45 44 44 43 44 44 46 48 46 46 47 51 52 52 51 51 50 50 50 50 52 54 56 57 58 57 54 52 51 54 63 65 64 57 44 24 12 5 1 1 0 0 0 0 0 0 1 0 0 0 
15 19 24 25 28 26 26 31 47 77 99 86 66 57 57 56 53 51 49 45 43 40 40 39 38 37 37 37 37 36 36 35 43 60 68 74 77 88 80 79 79 89 96 95 94 92 86 81 79 78 75 73 71 67 65 61 59 58 57 57 58 58 55 52 51 51 53 53 53 52 52 51 51 51 51 51 51 51 50 49 47 44 43 43 44 44 45 43 37 28 12 4 3 1 1 0 0 0 0 0 0 1 0 0 0 
14 19 26 28 29 29 29 36 53 82 92 74 63 59 58 57 53 52 51 46 43 40 40 39 38 37 37 36 36 36 38 50 63 80 82 82 82 99 86 97 107 115 122 122 120 118 111 106 103 103 100 96 90 87 86 82 80 78 75 73 72 71 68 66 64 64 61 58 57 54 53 51 50 50 50 49 49 49 46 45 44 40 40 40 40 42 42 37 28 16 6 2 2 1 1 0 0 1 1 0 0 0 0 0 0 
12 21 29 30 31 31 32 40 58 89 85 65 59 59 59 57 53 53 51 46 43 40 40 39 38 37 37 36 36 36 42 60 74 90 91 88 87 96 87 102 115 125 131 130 128 126 119 114 111 110 108 103 100 97 97 94 92 89 86 84 81 79 77 75 74 75 75 73 70 62 59 58 58 58 58 57 56 54 52 50 49 45 45 45 45 47 49 38 25 12 6 3 2 2 1 0 1 1 1 0 0 0 0 0 0 
11 19 29 32 33 32 32 43 64 89 78 61 59 58 58 57 54 54 51 46 43 40 40 39 38 37 37 37 37 44 54 74 89 102 101 95 92 92 94 114 122 129 132 130 127 122 115 111 108 108 105 104 106 104 103 100 97 96 94 88 85 84 81 79 79 79 80 80 78 72 68 68 68 68 68 66 66 64 61 59 58 54 52 50 47 44 42 36 26 19 11 5 1 1 1 1 1 1 1 0 0 1 0 0 0 
10 18 30 33 36 36 33 45 72 81 72 59 58 59 58 57 54 54 51 46 43 40 40 39 38 37 37 37 37 52 63 80 92 102 100 97 100 97 113 124 128 134 132 128 124 120 115 111 109 108 107 104 104 104 103 100 99 95 95 89 88 86 84 80 79 81 82 82 81 80 79 78 77 77 77 75 75 73 72 70 68 65 64 63 61 58 54 44 35 19 7 3 1 1 1 1 1 1 1 0 0 1 0 0 0 
10 18 30 36 38 37 38 57 78 74 67 60 58 58 58 56 54 54 51 46 43 42 42 39 37 36 37 37 37 67 74 86 90 96 97 100 106 114 125 125 129 134 132 127 122 118 114 110 108 107 105 105 105 103 102 99 97 95 95 92 90 90 87 82 81 79 81 84 84 84 84 84 82 82 82 82 82 82 81 80 79 75 74 73 72 71 68 57 38 18 6 2 1 1 1 1 1 1 1 1 1 1 0 0 0 
9 18 32 39 42 42 47 66 81 73 61 59 58 58 58 56 54 54 51 46 43 44 43 39 36 35 37 36 36 74 81 88 90 93 96 101 109 116 127 128 130 131 129 123 120 116 113 109 108 107 105 104 104 102 101 99 97 96 95 94 93 90 87 81 81 77 74 82 85 84 85 85 85 85 85 85 85 84 84 82 81 79 78 78 79 79 78 66 43 21 6 1 0 0 1 1 1 1 1 1 1 1 0 0 0 
9 17 30 42 44 39 57 67 65 63 59 59 58 57 56 56 53 52 50 46 43 49 44 38 33 33 39 50 71 79 97 101 89 92 96 113 124 124 130 125 130 128 124 118 117 114 110 108 107 104 103 101 101 101 100 97 97 96 95 94 93 93 87 82 80 80 73 78 86 80 85 85 86 87 86 86 86 85 85 84 84 82 81 82 82 64 70 57 44 23 7 1 1 0 0 0 0 1 1 0 0 0 0 0 0 
8 11 26 44 47 47 63 65 64 61 59 59 58 57 56 54 53 52 50 45 43 47 42 38 32 33 42 59 80 84 92 92 89 94 102 117 130 132 131 121 127 123 118 115 114 111 108 107 106 103 102 100 99 99 99 97 96 95 94 93 92 90 86 81 79 79 73 78 85 79 85 86 87 87 87 86 86 86 85 85 84 84 82 82 81 74 73 61 42 22 7 1 1 0 0 0 0 1 1 0 0 0 0 0 0 
8 9 22 49 53 56 70 68 65 60 58 57 57 57 56 54 53 51 50 45 43 45 40 38 26 35 46 65 84 82 84 85 87 98 109 123 134 132 132 119 125 118 115 113 113 109 106 104 103 102 101 99 97 97 96 96 96 95 94 92 90 88 84 80 78 78 77 81 84 84 86 87 87 87 86 85 85 85 84 85 84 84 84 84 82 75 73 61 40 19 8 3 2 1 1 0 0 0 0 0 0 0 0 0 0 
10 18 30 49 58 60 65 67 64 59 58 57 57 57 54 53 52 51 50 45 43 40 39 37 30 40 56 74 87 79 79 80 88 102 115 128 132 132 129 119 123 116 114 113 111 108 103 102 102 102 100 99 97 97 97 97 96 95 94 92 89 87 82 81 81 82 85 86 88 88 88 88 88 86 86 85 84 85 84 84 84 85 86 85 85 77 77 60 38 18 7 3 2 1 1 0 1 1 0 0 0 0 0 0 0 
9 19 34 52 61 65 66 66 62 60 58 57 57 56 54 53 52 50 49 44 43 40 39 37 32 46 63 80 86 80 78 80 95 109 122 131 132 131 127 118 118 115 113 113 109 106 103 102 101 101 99 97 97 97 97 97 96 95 93 92 89 87 82 80 81 84 87 88 89 90 89 89 88 88 86 85 84 84 84 85 85 85 86 86 84 79 77 59 38 20 9 3 3 1 1 0 1 1 0 0 0 0 0 0 0 
6 11 26 51 60 67 64 62 61 59 58 57 57 56 54 53 52 50 49 44 42 42 39 37 38 58 74 87 86 77 75 85 106 117 127 130 130 127 123 118 116 114 111 110 108 104 102 102 100 100 99 99 99 97 97 97 96 96 94 93 90 88 84 82 85 87 88 88 88 89 89 89 88 87 85 85 84 85 84 85 85 85 86 85 84 81 75 64 43 20 9 3 3 1 1 0 1 1 0 0 0 0 0 0 0 
3 6 18 45 53 64 60 59 58 56 54 54 54 53 53 52 50 47 46 44 42 43 44 39 44 67 85 87 84 79 85 95 114 124 128 128 127 125 121 117 115 114 111 109 107 103 102 101 100 100 99 99 99 99 97 97 96 92 95 93 90 88 85 84 86 87 87 87 87 87 87 87 88 87 85 85 85 85 85 85 85 85 86 86 85 81 75 61 40 18 7 3 2 0 0 0 1 1 0 0 0 0 0 0 0 
3 6 13 30 47 57 56 57 57 56 54 53 53 53 53 51 49 46 44 43 43 43 46 43 56 79 87 88 82 79 94 108 121 129 130 128 128 124 120 116 114 113 110 108 106 103 102 102 100 100 99 97 96 96 95 93 90 89 87 86 85 85 86 87 89 90 90 90 90 90 90 90 87 86 85 84 84 84 84 84 84 84 84 83 85 82 75 60 38 17 7 3 2 0 0 0 1 1 0 0 0 0 0 0 0 
3 6 13 25 44 50 51 52 52 52 52 52 51 51 51 50 46 43 42 43 43 44 50 53 64 77 87 88 82 79 99 120 123 129 130 128 125 121 120 117 115 113 110 108 107 106 103 102 102 101 99 96 92 95 92 88 85 82 81 80 79 78 79 81 82 84 85 85 85 86 86 87 87 86 85 85 85 85 85 85 85 85 85 85 85 82 74 59 36 15 6 2 1 0 0 1 0 1 1 1 1 0 0 0 0 
3 8 12 22 40 47 47 46 46 46 46 46 47 49 49 47 43 39 38 40 42 46 57 60 72 81 86 85 79 81 101 123 127 129 129 126 122 118 117 117 115 113 109 108 107 106 104 103 102 101 99 95 87 95 87 84 79 78 78 75 74 73 73 74 74 75 77 78 79 79 80 82 85 86 86 87 86 86 86 86 86 86 86 86 86 84 74 56 33 15 6 2 1 0 0 1 1 1 1 1 1 0 0 0 0 
5 7 11 18 37 44 44 44 44 44 44 44 45 45 45 44 39 35 35 39 42 49 63 72 88 91 86 82 77 82 107 128 130 130 128 125 119 116 117 119 117 113 109 109 108 106 104 103 102 102 100 95 88 94 87 85 81 81 79 77 74 73 72 73 73 74 75 77 79 78 80 82 85 86 86 87 86 86 86 86 86 86 86 86 86 85 75 57 35 14 4 1 1 0 0 1 1 1 1 1 1 0 0 0 0 
3 2 4 17 37 44 45 45 45 45 45 45 46 45 44 43 38 33 35 40 43 49 66 76 96 96 86 81 75 84 109 128 130 129 127 125 118 116 117 119 117 113 109 109 108 106 104 103 102 102 100 97 96 94 93 90 89 87 86 82 80 79 78 78 79 79 80 81 81 82 84 85 87 87 87 87 86 86 86 86 86 86 86 86 86 84 74 58 35 11 4 1 1 0 0 1 1 1 1 1 1 0 0 0 0 
6 4 5 17 37 58 53 53 53 53 53 52 52 52 49 45 40 39 42 51 54 74 92 94 96 96 80 77 74 86 109 129 131 128 127 123 120 117 117 116 115 113 109 108 107 106 104 103 102 101 100 99 97 97 96 95 93 90 89 86 85 84 84 85 85 85 86 86 86 87 87 88 88 88 88 87 86 86 86 86 86 86 86 86 86 84 71 52 29 9 3 1 0 0 0 1 1 1 1 1 1 0 0 0 0 
19 18 16 17 37 58 57 57 57 57 57 56 56 56 53 50 44 45 49 59 65 88 113 108 99 92 77 75 75 87 109 127 130 128 125 121 118 120 117 115 114 111 109 108 107 106 104 103 102 101 100 99 97 97 97 96 94 91 89 87 86 86 87 88 89 89 89 89 88 89 89 90 89 89 88 88 87 87 87 87 87 87 87 87 86 82 67 46 23 8 3 1 0 0 0 1 1 1 1 1 1 0 0 0 0 
30 30 23 15 37 59 58 58 57 57 58 57 57 56 56 56 51 56 60 75 81 120 123 109 88 82 71 72 75 88 107 124 130 127 123 121 118 120 117 114 114 111 109 108 106 104 103 102 102 102 100 98 97 95 95 94 92 89 88 86 86 86 88 89 89 89 89 89 89 89 89 90 89 89 88 88 87 87 87 87 87 87 87 86 86 79 63 41 20 5 3 1 0 0 0 1 1 1 1 1 1 0 0 0 0 
38 47 49 33 43 60 59 59 58 58 59 59 58 57 56 58 54 60 66 82 90 143 123 102 83 78 67 71 77 88 108 124 128 124 122 121 118 120 117 114 114 113 110 108 106 104 103 102 102 102 100 97 97 95 94 92 90 89 88 86 86 87 88 89 90 90 90 90 90 90 90 90 89 89 89 88 88 88 88 87 87 87 87 86 86 75 59 38 19 4 3 1 0 0 0 1 1 1 1 1 1 0 0 0 0 
33 44 57 56 61 62 64 59 57 57 58 58 58 56 57 56 59 60 100 134 156 169 143 118 98 88 79 71 73 80 96 114 118 118 121 120 120 120 117 113 113 113 109 108 106 104 103 102 101 101 98 96 96 94 91 89 87 86 86 86 86 87 89 90 90 90 90 90 89 89 89 89 89 88 88 88 88 88 88 88 88 87 87 86 86 74 59 38 16 3 3 0 0 0 0 1 1 0 0 0 0 0 0 0 0 
42 46 56 65 74 65 66 59 57 56 57 57 56 53 59 72 84 94 131 157 169 175 159 139 142 130 109 96 87 85 90 97 103 108 110 114 116 117 114 111 113 111 108 106 104 102 101 101 100 100 97 94 93 91 88 85 85 85 86 85 85 87 88 89 89 89 89 90 90 89 89 89 89 89 89 88 88 88 88 88 87 87 87 86 86 75 59 37 15 3 2 0 0 0 0 1 1 0 0 0 0 0 0 0 0 
52 53 61 74 82 67 67 60 57 54 56 57 56 66 82 102 121 135 163 171 171 180 171 166 174 169 149 134 122 114 109 102 96 96 97 100 104 110 111 110 110 110 107 103 102 101 100 101 98 96 94 90 88 87 84 81 81 84 85 85 85 87 87 89 89 89 89 90 90 89 89 89 89 89 89 89 89 88 88 88 87 87 87 86 86 74 57 35 14 2 2 0 0 0 0 0 0 0 0 0 0 0 0 0 0 
56 59 65 79 88 77 70 61 57 56 57 61 58 90 114 138 158 165 184 182 181 186 184 185 186 182 178 171 164 146 136 124 107 99 92 92 93 95 97 99 97 96 91 89 90 92 92 94 94 92 89 86 84 81 81 80 80 80 81 81 81 84 86 86 88 88 88 88 88 88 88 89 89 89 89 88 88 88 88 87 87 87 87 86 87 73 56 33 14 3 2 0 0 0 0 0 0 0 0 0 0 0 0 0 0 
60 64 67 80 91 73 68 59 53 51 53 80 109 106 137 162 177 185 192 190 189 188 190 192 188 187 193 195 194 174 162 151 129 114 104 96 92 89 90 90 89 86 81 80 80 81 84 85 87 87 84 80 79 77 77 75 75 75 75 77 77 78 81 85 85 85 85 85 85 87 87 87 88 88 88 88 88 88 88 87 87 87 87 87 87 72 55 31 13 3 1 0 0 0 0 1 1 1 1 0 0 0 0 0 0 
63 65 66 80 93 78 70 57 53 52 57 89 115 134 160 177 192 187 186 185 183 183 183 184 182 184 189 193 196 189 181 175 156 141 129 117 104 102 94 92 88 86 81 78 75 77 78 78 80 81 77 74 72 71 71 70 70 70 71 71 71 73 77 79 80 80 80 81 81 82 85 86 87 87 88 88 88 90 90 93 93 93 93 92 88 71 54 29 12 3 2 1 0 0 0 1 1 1 1 0 0 0 0 0 0 
61 64 66 77 92 85 73 58 52 60 64 95 122 147 167 166 166 167 170 171 171 170 170 170 170 169 175 179 184 185 184 183 175 166 158 146 134 121 107 101 99 95 90 85 81 80 79 79 78 79 75 71 68 68 68 68 68 69 68 68 68 71 73 75 76 76 76 78 78 79 82 85 86 86 86 88 88 90 93 93 95 97 97 94 89 66 50 26 11 2 2 1 0 0 0 1 1 1 1 0 0 0 0 0 0 
61 64 66 77 90 89 75 55 51 61 67 98 122 145 156 148 138 150 159 160 158 157 157 159 160 159 162 166 170 172 172 174 173 170 167 162 153 148 138 131 118 111 103 100 96 94 90 87 82 80 78 74 72 68 66 63 61 62 66 67 67 67 66 66 67 67 67 69 69 71 71 71 72 72 72 72 74 80 86 90 90 90 90 89 85 64 46 24 11 3 2 1 0 0 0 1 1 1 1 0 0 0 0 0 0 
61 64 66 74 89 89 77 54 45 57 68 97 115 138 131 129 131 134 136 137 139 136 136 138 141 144 144 144 145 145 148 150 152 152 153 152 152 151 147 143 137 127 118 111 111 110 107 103 99 96 95 94 90 88 82 77 72 67 65 64 65 65 64 64 64 63 63 64 64 64 64 65 65 65 65 66 67 71 77 81 85 85 84 81 78 60 45 23 10 2 2 0 1 0 0 1 1 1 1 0 0 0 0 0 0 
61 63 65 71 85 90 78 52 39 53 66 95 111 135 128 124 123 125 125 127 129 128 129 128 125 125 125 127 127 128 129 130 131 131 131 132 134 133 132 129 129 129 127 122 122 121 117 115 111 109 107 104 101 96 93 87 85 81 75 71 68 68 68 67 67 66 65 64 63 63 61 61 61 61 61 63 64 65 68 72 75 74 73 71 70 56 44 22 10 1 2 1 1 0 0 1 1 1 1 0 0 0 0 0 0 
61 61 64 66 79 92 78 47 32 50 65 93 108 131 124 122 120 122 122 124 125 124 125 125 118 114 114 114 115 115 115 115 114 114 113 115 117 117 116 116 116 118 118 122 122 120 116 114 113 111 109 106 103 101 96 92 92 93 88 84 79 79 79 79 78 74 72 71 71 70 70 68 68 68 68 68 68 67 67 67 67 67 67 66 64 60 45 22 10 1 1 1 1 0 1 1 1 1 1 1 1 0 0 0 0 
60 61 63 63 73 92 77 44 26 49 65 89 105 120 111 114 114 117 118 121 122 120 121 121 116 111 110 110 110 111 110 110 110 110 110 112 114 111 109 107 103 102 104 102 102 103 103 103 104 104 103 103 103 103 102 102 102 100 97 95 93 86 82 80 79 79 78 74 73 74 74 75 75 75 75 75 75 74 74 74 73 72 71 70 67 69 50 25 11 1 1 1 1 1 1 1 1 1 1 1 1 0 0 0 0 
60 61 62 61 68 95 92 46 15 51 64 85 94 103 101 106 108 109 111 113 114 113 113 113 111 111 110 110 110 109 108 106 103 102 100 102 103 102 100 97 95 94 94 94 94 94 95 96 96 97 99 99 99 97 97 96 96 95 94 93 93 90 88 86 82 81 80 80 79 80 80 81 81 81 81 81 81 80 80 80 80 78 78 75 73 72 54 30 14 1 2 1 1 1 1 0 0 0 0 0 0 0 0 0 0 
60 61 62 61 65 102 101 61 26 49 61 79 86 88 86 95 102 102 103 104 107 104 106 106 106 106 106 107 107 105 104 102 101 99 96 95 95 93 90 88 87 86 86 86 86 86 87 88 88 89 90 92 93 92 92 92 93 93 92 92 92 92 90 90 89 86 84 82 81 82 82 84 84 84 84 84 82 84 82 83 83 82 82 80 79 78 60 34 15 2 2 1 1 1 1 0 0 0 0 0 0 0 0 0 0 
59 61 62 60 61 93 101 70 36 47 59 73 80 77 78 90 89 89 90 93 95 94 95 97 97 99 99 99 100 100 100 100 100 97 95 90 88 87 85 82 82 81 81 80 80 81 82 85 86 86 88 88 89 91 91 91 93 93 93 93 93 93 90 90 90 88 87 85 85 87 86 87 87 87 87 87 88 87 86 86 86 85 85 82 82 80 63 38 18 5 4 1 1 1 1 1 1 1 1 1 1 0 0 0 0 
58 60 61 59 61 75 93 66 36 49 57 70 77 73 74 82 80 81 81 84 86 82 85 86 89 92 93 92 90 90 90 90 88 88 87 81 75 72 66 65 65 65 66 68 70 73 74 75 78 78 80 80 81 83 87 90 89 85 87 90 91 91 89 89 89 88 88 87 88 88 88 87 88 88 90 91 93 90 89 88 89 92 87 85 82 80 64 40 20 7 4 1 1 1 1 1 1 1 1 1 1 0 0 0 0 
58 60 60 60 66 72 78 63 38 50 57 66 69 67 66 67 71 71 70 71 71 71 71 75 81 85 87 87 86 88 89 88 87 92 89 78 66 67 61 53 51 51 52 56 58 59 61 65 66 68 70 71 72 74 74 77 81 85 82 79 84 86 88 87 87 87 87 87 87 87 87 87 87 88 89 90 92 93 92 89 89 92 89 86 82 79 65 41 23 7 4 0 0 1 1 0 0 1 1 1 1 0 0 0 0 
58 59 60 60 66 69 74 56 37 49 54 62 66 65 66 67 68 68 67 67 67 67 68 70 71 73 73 77 81 85 87 88 89 89 84 70 57 58 48 39 37 37 38 40 43 45 46 50 50 52 53 53 57 58 59 61 66 68 68 67 71 75 78 78 79 80 81 85 88 89 89 89 89 90 92 94 95 94 93 92 92 97 90 86 82 79 65 44 24 9 4 1 1 1 1 0 0 1 1 1 1 0 0 0 0 
58 57 58 59 63 66 67 51 31 46 53 59 63 65 66 66 67 66 66 66 66 66 66 66 66 66 65 67 71 78 84 87 89 89 78 64 51 51 37 26 24 27 30 31 35 35 37 39 39 40 40 40 43 45 47 50 54 57 58 57 59 64 67 68 71 73 74 78 83 89 92 93 93 93 94 96 96 96 96 95 94 99 93 87 84 79 66 47 26 9 4 1 1 0 0 0 0 0 0 1 1 0 0 0 0 
58 57 58 58 61 66 61 46 31 45 51 57 60 62 62 63 65 64 64 64 64 64 64 64 64 64 65 66 67 72 77 82 86 84 73 61 53 52 39 25 23 27 32 33 36 38 38 39 38 39 39 37 36 37 37 37 38 40 41 42 47 57 65 71 68 68 71 73 79 84 89 93 95 94 94 94 94 94 94 94 94 96 89 82 79 78 66 47 26 9 5 2 1 1 0 0 0 0 0 1 1 0 0 0 0 
58 57 57 58 63 66 56 44 38 45 52 56 59 61 61 61 63 61 61 61 61 61 61 61 61 63 65 68 70 72 74 77 78 75 71 63 60 59 44 29 26 32 36 39 42 44 44 46 45 45 45 43 42 39 39 38 37 36 37 35 37 50 63 71 68 65 67 70 72 80 86 90 90 90 88 87 86 86 87 88 88 90 85 79 78 77 64 45 24 9 4 2 1 1 0 1 1 0 0 1 1 0 0 0 0 
59 57 58 59 65 67 53 42 39 46 53 57 59 61 60 59 61 61 60 60 60 60 60 60 60 61 65 67 70 71 71 71 70 70 67 65 66 61 46 32 32 37 40 45 50 52 53 57 57 56 56 54 53 52 51 51 50 50 49 40 35 44 60 67 67 66 66 67 70 73 79 85 85 85 82 80 79 79 80 81 82 82 79 76 76 70 59 43 23 8 3 1 0 0 0 1 1 0 0 1 1 0 0 0 0 
59 57 58 60 70 66 51 42 39 49 56 57 58 57 57 59 59 59 59 60 60 59 58 58 57 57 60 63 66 67 64 63 64 64 65 66 70 58 43 31 33 39 43 46 51 53 59 61 63 65 65 64 63 61 61 60 60 61 61 53 47 49 54 64 65 66 66 67 68 70 73 78 81 79 77 74 73 73 75 77 77 75 75 73 73 66 56 42 23 8 3 1 1 0 0 1 1 0 0 1 1 0 0 0 0 
59 58 58 63 73 66 49 40 40 47 54 54 56 54 57 58 58 58 58 59 59 58 58 57 54 56 58 60 61 60 59 59 59 60 64 67 70 54 38 29 28 37 44 45 51 54 60 63 64 66 67 66 66 65 61 58 58 56 61 58 49 49 53 60 64 65 66 67 67 68 71 73 74 73 72 70 68 68 70 72 72 72 72 72 72 63 54 40 22 8 3 0 1 0 0 1 1 0 0 1 1 0 0 0 0 
58 59 58 61 72 64 49 42 42 46 50 51 53 53 54 58 58 57 57 57 57 57 57 57 54 56 58 58 59 59 58 58 57 58 61 66 68 57 41 34 34 41 46 50 53 57 61 64 65 66 67 67 67 66 64 59 58 55 62 59 47 47 52 59 64 65 65 65 66 67 67 67 67 68 68 67 66 66 67 68 68 67 67 67 67 63 54 40 21 8 4 1 1 1 1 0 0 1 1 0 1 1 1 1 1 
58 60 61 65 74 63 46 40 40 44 46 49 50 52 53 58 58 57 57 57 57 57 57 57 56 56 57 57 58 57 58 58 57 57 59 63 67 59 48 41 44 50 53 57 60 63 64 65 66 67 68 68 68 67 65 62 61 60 64 58 47 47 50 54 62 65 64 64 65 65 66 66 66 66 65 64 65 65 64 65 65 64 64 64 64 64 56 43 24 9 4 1 1 1 1 0 0 1 1 0 1 1 1 1 1 
59 59 61 68 78 60 44 41 41 45 46 47 50 51 53 56 56 56 56 56 56 57 57 57 57 57 57 57 57 57 58 58 57 57 58 62 67 59 52 49 52 57 59 63 65 65 65 66 67 71 72 71 71 69 67 65 65 65 66 57 46 46 47 52 59 62 62 63 63 64 64 65 65 63 63 61 61 61 61 61 61 62 62 62 62 66 58 44 28 14 5 1 0 0 0 0 0 0 0 1 1 1 1 1 1 
60 60 61 68 79 58 42 39 41 45 46 47 49 51 52 54 54 54 54 54 54 55 55 55 55 55 55 55 55 55 55 55 57 55 57 61 64 60 57 56 58 62 66 67 67 66 65 65 66 69 71 71 71 68 67 66 67 68 66 55 46 45 47 53 57 61 60 57 58 60 60 61 63 61 61 60 60 60 60 60 60 61 61 61 61 66 59 45 30 16 6 1 0 1 1 1 0 0 0 1 1 1 1 1 1 
58 59 60 71 77 54 40 39 41 44 45 46 49 50 51 53 53 53 53 53 53 54 54 54 54 54 54 54 54 54 54 55 55 55 57 59 61 60 61 64 66 67 68 68 66 64 61 63 64 66 67 67 68 67 67 66 69 71 67 53 45 44 47 53 57 61 59 53 56 57 57 58 58 58 58 58 58 58 58 58 58 58 58 58 58 67 58 46 30 16 8 1 1 1 1 1 0 0 0 0 1 1 1 1 1 
58 58 63 72 75 45 39 39 41 44 46 46 46 49 50 52 53 53 53 53 53 54 54 54 54 54 53 53 53 54 54 54 54 54 57 58 59 59 61 68 71 71 69 65 63 60 58 58 59 61 62 62 64 62 64 65 71 75 67 52 44 44 47 55 58 60 57 53 53 54 54 56 56 56 56 56 56 56 56 56 56 56 56 56 56 66 58 45 31 17 8 1 1 1 1 1 0 0 0 0 1 1 1 1 1 
59 61 67 77 72 38 37 38 42 43 44 46 46 49 50 53 53 52 52 52 52 53 53 52 52 52 52 52 52 53 53 53 53 53 55 57 58 58 61 69 72 71 68 64 61 59 58 58 58 59 60 60 61 60 61 65 71 75 67 51 44 43 47 54 57 56 53 52 53 53 53 54 54 54 54 54 54 54 54 54 54 54 54 54 56 63 58 46 31 17 8 2 1 1 1 1 1 1 1 1 1 1 1 1 1 
59 64 73 80 72 35 36 38 40 42 44 46 46 47 49 52 53 52 52 52 52 53 53 52 52 52 51 51 51 52 53 53 53 53 54 55 57 56 60 69 72 69 67 64 60 58 57 57 57 58 59 59 59 58 60 64 71 76 67 51 43 43 46 50 52 52 52 52 52 52 52 53 53 53 53 53 53 53 53 54 54 54 54 54 56 60 58 46 32 17 8 2 1 1 1 1 1 1 1 1 1 1 1 1 1 
60 67 75 79 56 33 35 37 38 40 43 46 47 47 47 51 52 51 51 51 52 52 51 52 52 52 52 52 52 52 52 52 53 53 54 54 54 57 62 69 71 68 66 62 59 57 54 55 55 55 58 57 57 56 57 64 72 74 61 45 42 42 44 46 47 49 51 51 51 51 51 52 53 52 52 52 53 53 53 53 53 53 53 54 57 58 56 48 33 18 8 1 1 1 1 0 0 0 0 0 1 1 1 1 1 
60 67 76 73 47 35 35 37 37 39 43 46 47 47 47 51 52 51 51 51 52 52 52 53 53 52 52 51 51 51 52 52 52 52 52 53 53 54 61 69 71 66 65 61 58 55 54 54 54 54 55 54 56 56 57 64 72 74 59 43 39 40 44 45 46 47 50 50 50 50 50 51 51 51 51 51 51 51 51 52 52 52 52 53 54 56 54 47 34 19 8 1 1 1 1 1 0 0 0 0 1 1 1 1 1 
60 67 75 70 45 35 35 36 36 38 42 47 47 47 47 48 51 51 51 51 52 52 51 52 53 52 52 52 52 51 51 51 51 51 51 51 50 51 55 61 61 60 59 57 54 54 54 54 53 53 53 52 52 53 56 64 72 75 58 42 38 40 44 45 46 47 47 49 49 49 49 49 49 49 49 49 50 50 50 51 51 51 51 52 52 54 53 47 36 23 10 2 1 1 1 1 0 0 0 0 1 1 1 1 1 
60 67 74 65 44 35 35 36 36 37 40 46 47 46 48 48 51 51 51 52 54 54 56 58 59 59 59 58 58 57 57 55 54 52 51 48 46 45 47 48 48 48 48 48 47 47 48 48 48 48 48 49 49 51 53 57 61 67 53 39 38 40 43 44 45 46 46 47 47 47 47 47 47 47 47 47 49 49 49 50 50 50 50 51 51 53 53 46 39 25 10 2 1 1 1 1 0 0 0 1 1 1 1 2 2 
60 67 74 65 43 35 35 35 35 36 39 45 46 50 58 68 76 79 78 77 75 75 74 75 75 74 74 73 73 72 71 69 66 60 57 52 45 43 40 39 37 37 37 38 39 39 39 39 39 39 39 39 40 42 45 49 47 45 44 38 38 42 44 45 45 45 46 47 47 46 46 46 46 46 46 46 47 47 47 49 49 49 49 49 50 51 51 46 38 24 10 3 2 0 0 0 0 0 0 1 1 2 2 3 3 
61 68 73 65 43 35 35 35 35 36 39 44 45 58 67 78 87 89 88 88 88 88 88 89 89 89 88 87 87 86 85 83 78 72 67 60 52 45 39 37 34 33 34 34 36 36 36 37 37 37 37 37 37 38 37 37 37 37 37 36 38 43 44 45 45 45 46 47 47 46 46 46 46 46 46 46 47 47 47 47 49 49 49 49 50 51 48 45 39 26 11 3 2 1 0 0 0 0 1 1 2 2 2 3 3 
63 69 74 65 44 35 35 35 35 36 39 42 44 56 66 77 87 90 89 90 93 95 97 96 95 95 94 93 93 90 88 86 82 82 80 74 66 57 48 44 40 41 41 40 39 39 38 38 38 38 38 37 37 36 35 33 31 30 32 36 38 43 44 44 45 45 45 47 47 46 46 46 46 46 46 46 47 47 47 47 49 47 47 49 50 50 47 44 39 28 12 3 2 2 1 0 0 0 1 1 1 2 3 3 3 
63 69 72 60 43 33 35 33 33 36 38 42 44 49 57 67 79 80 79 81 84 86 88 89 90 90 90 90 90 90 88 87 86 89 90 88 82 72 64 58 55 54 53 52 51 48 46 45 44 43 41 39 38 36 35 33 32 30 31 33 38 43 45 46 47 47 47 48 48 47 47 46 46 45 45 45 45 45 46 47 47 46 46 47 49 52 49 44 39 29 12 4 2 1 1 0 0 0 1 1 2 3 3 4 4 
64 68 66 53 42 35 33 35 35 36 39 43 44 46 47 52 55 54 57 59 61 61 65 68 71 73 74 77 78 81 86 88 90 90 89 86 84 81 80 79 77 75 74 74 73 72 71 68 66 63 61 61 59 56 53 51 50 47 47 51 57 58 57 57 57 57 58 58 58 57 57 57 57 56 54 53 52 51 51 50 49 49 49 49 49 60 52 45 43 30 12 5 3 2 2 0 0 1 1 1 2 2 3 4 4 
64 67 60 45 39 35 35 35 35 37 39 43 45 44 41 39 37 37 38 40 42 43 44 45 46 47 50 51 52 56 59 61 64 67 68 70 71 71 72 73 72 72 72 73 73 73 73 73 73 72 72 72 69 67 66 66 65 62 64 67 72 73 69 67 66 67 67 68 68 67 68 68 68 68 67 65 63 60 59 58 57 56 56 56 54 66 58 48 46 32 14 5 3 1 1 0 0 1 1 1 2 3 3 4 4 
65 66 58 40 37 36 36 36 36 37 40 44 46 44 39 31 29 27 27 29 29 29 29 31 32 31 32 34 34 37 38 39 41 45 46 50 54 56 57 59 59 59 59 59 59 59 61 64 64 65 67 67 67 68 68 69 69 69 71 74 79 80 79 79 76 75 75 75 75 75 77 77 78 78 78 77 75 73 72 71 68 67 66 65 65 67 64 54 52 38 17 5 2 0 1 1 1 2 2 2 3 3 3 4 4 
66 65 57 39 37 37 36 37 37 38 42 45 53 57 51 37 31 29 29 30 31 30 29 30 30 29 28 30 30 29 29 29 31 31 31 34 38 39 40 43 43 43 44 44 44 45 47 50 50 52 54 54 56 57 58 60 62 65 65 67 69 72 74 78 79 78 79 79 80 80 81 82 84 84 85 85 84 82 82 81 80 79 77 73 72 70 66 61 56 40 28 9 1 1 1 1 1 2 2 2 3 3 3 4 4 
64 64 54 39 39 37 37 37 37 38 42 46 54 65 57 38 26 29 29 30 31 31 30 29 29 29 29 29 27 27 26 26 26 29 29 29 30 29 30 32 33 33 35 35 35 37 37 39 40 40 42 43 44 44 45 47 50 52 52 54 55 57 58 59 61 63 66 70 71 71 72 74 75 77 78 79 79 79 79 79 79 78 78 75 73 70 68 65 60 47 37 19 3 1 1 2 2 2 2 2 3 3 3 4 4 
65 60 51 37 37 37 37 37 37 37 40 46 53 65 61 46 35 33 31 32 32 33 32 31 31 31 30 27 27 30 29 27 27 30 31 30 29 28 28 29 29 30 29 29 29 31 31 32 32 31 32 32 32 33 33 36 36 37 37 38 39 39 39 39 40 42 45 49 50 50 52 54 56 58 59 60 61 64 65 67 68 70 70 68 66 64 60 59 58 51 44 30 12 5 1 2 2 3 3 2 3 3 3 4 4 
68 58 47 37 37 37 38 38 38 38 39 45 52 66 68 59 44 42 38 36 35 36 36 36 35 35 32 29 29 29 29 28 28 29 29 28 28 25 26 27 29 29 29 29 29 29 29 28 28 29 29 29 29 29 29 29 29 30 29 29 30 29 29 28 28 29 29 30 31 32 34 37 39 42 43 44 46 49 51 54 57 58 59 59 58 54 51 50 53 51 52 38 23 17 6 4 5 3 3 4 4 4 4 4 4 
56 49 40 38 37 37 38 40 40 38 39 43 49 63 64 60 53 51 46 43 42 43 43 43 43 40 37 33 31 30 29 30 29 29 29 28 28 25 26 26 26 27 29 27 27 27 26 25 25 26 28 26 26 28 28 28 28 28 26 26 22 22 26 26 28 28 29 29 30 31 32 31 32 31 32 32 32 32 33 33 33 33 36 39 42 44 43 45 49 51 53 51 44 29 18 11 5 5 4 4 5 4 4 4 4 
51 45 35 37 37 38 39 40 39 39 38 40 42 44 47 51 53 63 70 78 77 84 72 64 63 66 62 53 47 45 45 41 39 36 32 30 30 30 28 28 26 26 26 26 25 26 24 24 25 26 25 25 25 26 26 26 26 26 25 25 25 25 25 25 26 27 29 29 29 31 30 30 30 32 31 30 31 30 30 30 30 29 28 26 25 25 30 35 38 46 44 35 33 32 27 18 9 5 5 7 7 6 6 5 4 
53 42 33 37 38 39 40 40 38 39 39 39 39 39 43 46 50 57 66 73 77 88 89 88 87 86 79 69 62 59 57 52 48 45 39 33 32 37 33 32 29 29 29 28 26 26 25 25 25 25 25 25 25 26 26 26 26 25 25 25 25 25 25 25 26 27 27 29 29 29 29 29 29 31 30 29 29 30 29 30 29 28 28 26 25 25 28 31 35 36 40 40 42 41 36 26 17 19 18 14 11 10 9 7 5 
58 45 39 40 42 44 43 41 39 43 41 39 39 38 42 45 48 52 56 63 70 93 90 88 88 82 74 67 62 60 59 57 52 49 43 38 35 46 40 37 33 31 31 30 29 26 26 25 26 25 25 25 25 25 25 25 25 25 25 25 25 25 25 25 25 25 25 26 26 26 26 27 27 27 26 25 26 26 25 25 24 25 27 25 25 26 27 29 30 32 36 39 54 48 41 37 33 32 30 24 18 18 15 7 6 
57 47 45 44 44 43 41 39 41 46 44 43 43 42 44 47 48 49 49 56 61 77 75 75 77 73 69 65 61 61 60 58 54 51 45 40 37 50 45 40 37 35 33 32 31 30 29 28 28 26 25 24 24 24 24 24 24 24 24 24 24 24 24 24 24 24 24 25 25 25 25 25 25 25 25 24 24 24 23 22 23 24 25 24 24 24 26 26 28 27 29 30 50 50 44 47 48 46 43 38 31 33 20 11 4 
51 46 44 42 40 39 37 33 33 35 37 39 42 40 38 40 37 32 33 38 42 44 43 43 45 50 52 54 56 53 53 54 52 49 44 43 40 48 46 42 39 38 35 32 31 30 29 26 25 25 24 23 23 23 23 23 23 23 23 23 23 23 23 23 23 23 23 23 23 22 22 21 21 20 20 19 21 21 21 22 22 23 23 19 18 18 18 19 19 29 29 28 44 38 40 40 43 43 40 38 33 42 28 15 5 
54 52 46 44 43 42 42 43 42 45 51 53 51 45 39 37 30 29 29 33 38 40 39 40 40 44 43 45 45 45 45 46 45 44 40 41 43 43 43 42 38 37 33 31 29 26 25 24 23 23 22 21 21 19 19 19 19 19 19 19 19 19 19 19 19 19 19 19 19 18 18 18 18 19 19 19 19 21 19 19 19 22 20 18 17 17 17 19 25 34 34 33 35 35 39 41 44 44 43 43 38 42 24 14 7 
64 67 64 65 71 72 81 93 96 100 108 107 96 85 75 64 49 43 39 38 38 38 38 38 38 39 38 39 42 42 42 42 42 42 40 40 39 40 39 40 38 37 33 31 29 27 25 23 20 18 17 16 16 17 17 17 17 17 17 17 17 17 17 17 17 17 17 18 18 17 17 17 17 18 21 19 19 19 18 17 16 16 17 17 17 17 19 33 49 65 72 68 59 47 43 39 37 37 39 40 36 42 23 15 8 
87 96 100 102 110 120 129 144 156 166 173 166 156 148 131 116 94 78 61 50 38 38 38 37 37 37 37 38 40 40 42 43 43 42 40 40 40 39 38 39 37 37 34 32 32 30 29 26 24 21 18 16 16 16 16 16 16 16 16 16 16 16 16 16 16 16 17 18 18 17 17 17 17 17 19 21 21 23 25 29 31 33 33 30 30 29 45 72 102 125 137 132 121 79 66 53 42 26 29 37 37 40 23 15 8 
106 117 127 130 134 150 162 175 189 194 186 181 177 162 158 160 159 140 123 106 94 87 87 78 68 57 45 43 44 42 42 43 42 42 39 39 39 38 38 37 36 35 35 33 32 30 29 28 28 26 22 18 17 16 16 16 16 16 16 16 16 16 16 16 16 16 16 16 15 16 16 16 16 19 21 27 32 43 53 63 80 94 95 80 73 87 103 129 146 166 169 159 142 127 113 96 77 53 41 47 56 44 25 14 8 
106 115 123 129 135 145 152 160 166 162 150 150 146 142 156 175 189 183 179 164 159 157 151 139 126 103 79 60 52 45 42 40 38 39 37 37 37 37 36 36 35 35 35 33 33 32 31 31 32 32 26 22 22 21 21 19 19 19 19 18 18 17 16 16 16 16 16 16 15 15 15 15 16 26 32 45 62 90 109 121 141 157 158 143 131 136 144 158 160 165 163 158 155 151 146 137 115 88 68 63 68 51 28 17 10 
97 97 101 107 111 111 108 108 114 115 111 106 99 104 128 152 175 187 195 199 203 198 187 177 164 142 120 96 77 58 40 35 35 33 32 32 32 33 34 35 35 35 36 35 35 32 32 31 31 31 27 24 23 22 22 22 22 22 22 21 21 18 17 16 16 16 16 16 15 14 13 13 15 39 58 81 109 139 156 165 182 192 189 176 171 166 162 155 139 124 117 118 125 136 143 151 139 136 120 111 111 91 52 25 14 
80 80 85 89 88 85 73 72 76 82 83 80 77 80 100 111 128 149 177 196 207 210 198 184 167 157 152 135 109 77 46 32 30 30 28 29 29 31 31 31 31 31 32 31 31 29 29 28 28 29 26 21 22 23 23 24 24 24 24 23 23 21 17 16 16 16 16 15 15 15 16 19 25 59 93 120 145 159 165 166 172 175 171 164 159 150 139 123 107 90 82 84 90 106 117 135 144 162 162 162 156 131 83 36 15 
68 71 80 81 77 72 62 58 62 65 65 71 72 61 61 73 92 115 143 164 179 191 189 181 169 164 158 143 122 95 64 37 30 30 29 30 30 30 30 29 29 29 30 29 29 26 26 26 26 26 26 26 26 26 26 26 26 26 26 26 26 22 17 16 16 16 16 15 15 15 15 23 31 72 114 136 141 142 142 143 137 139 136 131 127 112 101 90 84 77 73 75 79 84 93 109 126 150 163 171 166 145 99 40 16 
67 68 77 79 74 69 60 55 58 58 55 55 54 50 50 61 79 99 116 131 142 155 170 175 177 175 159 138 124 109 74 44 35 32 32 32 31 30 30 28 28 29 29 28 28 28 26 26 26 27 26 28 29 29 30 29 29 29 29 29 29 24 19 16 16 16 16 15 15 15 15 19 28 76 119 136 131 128 128 125 123 111 100 95 92 89 87 82 82 84 82 78 75 75 78 85 101 124 143 158 163 142 102 45 17 
64 64 69 74 76 78 67 64 59 53 46 44 43 44 53 64 78 88 97 108 118 128 150 166 180 179 160 139 125 109 80 49 35 33 31 30 30 29 29 29 29 29 30 29 29 26 26 25 25 25 25 24 29 26 26 26 26 26 26 26 26 26 22 17 16 16 16 16 16 16 17 25 36 80 122 136 132 131 126 118 111 99 85 79 73 71 72 74 74 76 75 68 65 66 66 65 75 93 113 127 135 118 80 39 17 
67 64 69 73 78 86 72 68 64 53 46 44 46 50 52 59 73 86 94 100 104 111 136 150 162 164 155 141 125 107 80 51 38 36 33 32 31 31 30 30 30 30 31 30 30 28 28 26 26 26 28 29 33 26 26 26 26 26 26 26 28 26 24 19 16 16 16 16 16 16 16 26 52 99 136 137 129 125 118 107 93 82 72 63 57 53 53 53 54 55 55 53 52 53 59 60 66 70 82 100 102 97 67 43 19 
72 67 70 72 80 88 79 73 70 65 57 49 49 54 53 62 71 83 94 94 95 107 118 129 136 144 146 141 125 105 79 59 52 53 59 59 54 54 52 49 51 47 47 49 49 50 51 50 42 33 27 25 22 19 16 22 24 24 22 22 22 19 19 18 18 16 17 18 21 22 18 31 77 127 149 137 113 96 88 80 68 58 51 45 42 40 43 45 49 50 46 44 45 51 53 56 54 56 59 68 81 81 67 43 21 
84 80 81 81 89 87 81 78 73 72 61 50 52 57 54 60 68 76 83 84 89 97 106 109 109 110 115 118 113 94 72 65 66 74 85 87 80 77 71 68 68 66 68 70 71 73 74 75 65 51 41 37 33 31 31 42 44 38 35 33 33 33 35 37 37 36 37 39 39 39 38 66 115 149 145 116 90 79 69 58 48 40 37 33 31 31 33 43 50 53 52 43 40 44 47 50 50 49 52 60 70 67 60 40 16 
85 81 80 80 82 80 75 72 68 64 58 51 52 52 54 57 60 64 65 67 71 72 78 80 82 79 82 82 82 74 66 64 65 73 82 82 78 73 68 65 67 66 70 73 73 74 74 75 73 68 68 72 82 76 85 93 95 87 78 72 72 72 75 78 77 77 79 82 84 77 88 123 157 162 137 111 98 92 72 57 50 43 38 35 31 31 37 46 54 58 54 46 39 39 44 47 47 47 50 56 60 58 51 33 12 
77 67 63 61 61 60 57 56 53 50 47 44 43 43 44 46 47 47 49 51 51 50 52 56 59 58 57 54 53 53 55 57 54 54 57 56 57 55 53 52 52 54 56 59 59 57 59 61 68 77 96 120 142 145 154 160 159 147 129 121 126 129 131 130 128 127 127 128 129 123 142 170 182 166 142 125 124 116 92 76 67 58 51 45 43 43 47 53 59 61 57 47 40 42 46 50 50 50 52 58 61 54 47 31 11 
72 53 44 42 40 40 40 40 40 38 37 36 36 36 36 38 39 40 40 39 40 40 40 43 45 46 45 43 42 42 44 46 45 43 42 44 44 40 42 40 42 42 42 46 47 42 45 52 60 71 102 135 159 165 174 180 175 162 139 132 139 143 141 140 137 131 130 129 130 132 149 171 173 153 135 130 132 123 101 87 78 68 60 58 55 53 56 58 60 59 54 49 45 50 52 53 52 51 53 60 63 57 48 32 14 
68 46 36 33 33 33 33 33 33 35 36 33 33 33 35 37 38 38 37 36 37 36 36 36 38 39 39 40 40 40 40 42 43 40 39 40 40 42 40 42 42 42 42 45 46 44 44 46 50 61 85 107 118 130 135 141 137 124 107 108 111 111 106 103 98 94 93 94 93 97 105 119 119 109 103 106 108 100 85 75 71 65 58 57 54 52 53 54 55 56 53 49 47 53 54 56 54 52 54 60 61 58 50 35 16 
62 41 32 33 34 33 32 32 32 33 32 32 33 34 34 36 37 37 37 36 35 37 36 34 37 37 38 40 40 39 40 41 41 41 40 42 43 42 42 42 43 44 43 45 46 45 45 42 45 50 59 68 68 71 74 77 74 68 64 65 67 66 61 59 58 55 55 57 57 58 60 61 61 58 59 63 65 62 55 54 53 50 45 45 44 46 46 47 48 50 49 48 46 48 53 56 54 54 54 57 59 57 48 35 21 
55 37 31 32 34 34 32 32 33 32 31 31 33 34 34 34 37 38 38 36 36 37 37 36 37 38 37 39 39 38 39 41 41 41 40 42 42 39 40 40 42 43 43 44 45 45 44 39 43 44 46 49 46 46 47 46 45 44 45 44 44 43 42 40 39 40 40 40 40 39 39 38 36 35 37 38 37 37 38 39 38 36 36 37 39 40 40 40 40 42 40 43 41 40 46 49 47 46 47 52 53 53 45 35 23 
53 34 31 31 32 33 32 31 32 32 31 30 32 32 32 35 37 37 37 38 37 36 36 35 36 37 37 38 38 39 39 41 41 39 39 40 40 39 40 40 42 42 42 43 44 43 42 40 44 43 41 44 45 44 44 43 45 45 44 43 42 39 39 37 37 37 39 39 38 38 37 38 36 36 37 37 36 35 36 36 35 32 35 35 36 36 36 36 36 37 36 37 38 36 37 37 37 37 38 40 43 43 43 35 24 
51 34 30 30 31 33 32 31 32 32 32 31 32 33 33 36 38 38 38 39 38 37 36 36 35 36 37 37 37 39 39 39 40 39 37 38 39 39 39 39 40 40 42 44 43 42 43 43 44 44 44 44 45 45 44 43 44 45 44 43 42 42 39 39 40 38 38 38 38 38 37 37 37 36 36 36 37 37 37 36 35 33 33 33 33 33 33 35 35 35 35 36 36 35 35 36 36 33 33 36 37 38 38 33 21 
52 35 30 30 31 32 32 31 31 33 33 32 32 34 34 36 38 38 38 38 37 37 36 36 35 36 37 39 37 37 37 37 38 38 37 37 38 38 38 40 39 39 40 44 45 45 47 45 45 44 45 46 46 44 43 42 42 40 40 40 39 40 39 40 40 39 39 39 38 38 37 37 36 35 35 36 36 36 36 35 35 35 32 32 33 32 33 33 33 33 33 33 33 33 33 35 33 32 32 34 34 34 36 31 18 
