17 21 21 19 19 16 16 15 12 16 19 21 22 22 22 21 22 24 26 26 26 28 29 29 29 31 32 35 40 53 89 136 89 49 45 36 37 38 42 43 45 46 45 46 45 44 43 42 40 39 39 38 38 38 38 38 40 40 39 40 42 39 34 30 19 11 10 10 11 12 12 12 13 15 15 15 15 15 16 16 16 16 16 16 16 16 15 15 15 15 15 15 15 15 15 15 15 15 15 15 15 15 16 16 16 16 16 16 16 16 16 16 16 16 15 15 15 15 15 15 15 15 15 15 16 16 16 16 16 16 
18 19 19 18 19 17 16 14 11 15 18 19 19 21 22 22 22 24 25 26 26 28 29 29 28 29 30 30 31 38 66 129 111 70 47 33 38 42 43 44 44 44 44 44 42 42 39 38 38 38 37 39 40 40 42 44 48 50 49 47 51 47 39 34 25 14 10 10 11 12 12 12 13 15 15 15 15 15 16 16 16 16 16 16 16 16 15 15 15 15 15 15 15 15 15 15 15 15 15 15 15 15 16 16 16 16 16 16 16 16 16 16 16 16 15 15 15 15 15 15 15 15 15 15 16 16 16 16 16 16 
18 19 19 18 19 18 16 12 11 13 16 17 18 21 21 22 22 24 24 25 25 25 26 26 26 26 30 33 36 37 47 93 127 100 52 31 33 42 38 38 36 35 35 35 34 34 32 32 32 31 30 31 32 35 40 45 50 53 51 53 52 49 40 36 30 18 12 10 10 11 11 11 13 15 15 15 15 15 16 16 16 16 16 16 16 16 15 15 15 15 15 15 15 15 15 15 15 15 15 15 15 15 16 16 16 16 16 16 16 16 16 16 16 16 15 15 15 15 15 15 15 15 15 15 16 16 16 16 16 16 
18 18 18 18 19 18 16 12 11 12 14 17 18 19 21 22 22 24 24 24 24 24 24 24 23 24 27 34 38 37 36 79 127 120 70 31 30 30 30 27 25 25 26 26 27 29 26 26 26 25 24 24 25 26 32 38 41 50 52 53 52 51 45 42 36 24 15 11 11 11 11 11 13 15 15 15 15 15 16 16 16 16 16 16 16 16 15 15 15 15 15 15 15 15 15 15 15 15 15 15 15 15 16 16 16 16 16 16 16 16 16 16 16 16 15 15 15 15 15 15 15 15 15 15 16 16 16 16 16 16 
17 18 18 19 18 17 15 12 10 11 15 16 18 19 21 21 22 23 24 24 24 24 23 23 22 22 25 30 36 36 29 65 110 135 92 39 30 29 22 21 22 22 23 25 25 25 24 24 24 24 23 22 24 25 26 30 31 40 50 52 52 53 51 48 40 25 16 14 12 12 11 12 13 15 15 15 15 15 16 16 16 16 16 16 16 16 15 15 15 15 15 15 15 15 15 15 15 15 15 15 15 15 16 16 16 16 16 16 16 16 16 16 16 16 15 15 15 15 15 15 15 15 15 15 16 16 16 16 16 16 
17 17 17 18 17 16 15 12 11 11 14 15 17 18 18 19 22 22 23 23 23 23 24 22 21 21 24 29 34 31 31 46 85 126 113 57 33 30 19 19 19 21 23 23 24 24 24 23 23 24 23 24 26 26 27 27 29 34 42 49 51 54 52 51 44 30 19 16 14 12 11 12 13 15 15 15 15 15 16 16 16 16 16 16 16 16 15 15 15 15 15 15 15 15 15 15 15 15 15 15 15 15 16 16 16 16 16 16 16 16 16 16 16 16 15 15 15 15 15 15 15 15 15 15 16 16 16 16 16 16 
17 17 17 17 17 16 15 12 11 12 14 14 16 17 17 18 19 21 22 22 22 22 24 23 19 21 24 27 30 29 30 42 60 103 119 85 40 32 17 18 20 20 23 24 25 26 25 24 24 25 26 28 29 29 28 29 30 31 38 44 47 54 52 52 47 36 25 19 14 12 11 12 12 12 12 12 14 14 15 16 16 16 16 16 15 15 15 15 15 15 15 15 15 15 15 15 15 15 15 15 15 15 16 16 16 16 16 16 16 16 16 16 16 16 15 15 15 15 16 16 16 16 16 16 16 16 16 16 16 16 
19 18 18 17 17 15 14 12 12 12 15 15 15 16 17 17 17 19 22 23 24 24 24 23 21 21 24 26 28 29 29 35 50 80 115 117 61 29 16 18 19 20 23 25 26 28 28 26 26 26 29 31 32 31 30 30 30 30 34 40 45 53 53 52 47 37 27 20 14 12 12 12 12 12 12 12 14 14 15 16 16 16 16 16 15 15 15 15 15 15 15 15 15 15 15 15 15 15 15 15 15 15 15 15 15 15 16 16 16 16 16 16 16 16 15 15 15 15 16 16 16 16 16 16 16 16 16 16 16 16 
21 19 18 18 17 15 15 12 11 14 16 15 15 16 17 17 17 18 21 23 23 24 25 24 22 22 23 25 26 28 29 29 35 49 81 111 104 52 22 18 19 19 24 27 28 29 28 26 26 26 31 33 32 32 31 31 30 30 32 38 45 52 53 54 51 39 29 20 14 12 11 11 12 12 12 12 12 12 14 14 14 14 14 14 14 14 15 15 15 15 15 15 15 15 15 15 15 15 15 15 15 15 15 15 15 15 15 15 14 14 14 14 14 14 15 15 16 16 15 15 15 15 15 15 15 15 15 15 15 15 
19 18 17 16 16 14 12 12 11 14 16 16 14 15 16 16 16 18 21 22 24 25 25 24 23 23 23 25 26 28 28 30 30 37 60 106 129 81 30 19 19 19 24 26 29 31 29 28 28 28 31 32 32 32 32 31 31 30 32 36 43 50 54 57 57 44 32 25 16 12 11 11 12 12 12 12 14 14 14 15 14 14 14 14 14 14 15 15 15 15 15 15 15 15 15 15 15 15 15 15 15 15 15 15 15 15 15 15 14 14 14 14 14 14 15 15 16 16 15 15 15 15 15 15 15 15 15 15 15 15 
19 17 16 16 16 15 11 10 11 14 17 17 14 14 14 15 16 18 21 22 23 25 25 25 24 24 24 25 26 28 28 28 29 29 45 88 125 107 51 22 21 19 23 25 30 32 30 30 31 31 33 33 32 32 32 31 31 30 31 33 39 47 53 56 57 49 37 28 18 13 11 11 12 12 13 13 15 15 15 15 14 14 14 14 14 14 15 15 15 15 15 15 15 15 15 15 15 15 15 15 15 15 13 13 13 15 15 15 14 14 14 14 14 14 15 15 16 16 14 12 12 12 14 14 15 15 15 15 15 15 
19 18 17 16 16 15 12 10 11 14 18 15 14 14 12 15 16 18 21 23 24 25 26 25 24 24 23 24 25 28 26 26 26 28 37 64 96 124 88 39 21 19 22 24 29 31 31 30 31 31 32 32 31 32 32 31 31 30 28 29 35 45 51 54 57 51 39 30 18 13 11 11 12 12 13 13 15 15 15 15 14 14 14 14 14 14 13 15 15 15 15 15 15 15 15 15 15 15 15 15 15 15 13 13 13 15 15 15 14 14 14 14 14 14 15 15 16 16 14 12 12 12 14 14 15 15 15 15 15 15 
21 19 16 16 17 15 14 11 10 11 17 15 14 14 14 15 16 18 19 22 23 24 25 24 23 22 23 23 25 28 28 29 29 28 30 51 84 122 112 67 26 18 22 23 28 30 31 29 29 30 30 31 30 30 31 30 30 26 24 23 31 43 50 54 57 51 40 30 19 15 12 11 12 12 13 13 15 15 15 15 14 14 14 14 14 14 13 15 15 15 15 15 15 15 15 15 15 15 15 15 15 15 13 13 13 15 15 15 14 14 14 14 14 14 15 15 16 16 14 12 12 12 14 14 15 15 15 15 15 15 
21 19 16 16 16 15 14 11 10 12 17 14 12 14 14 15 16 18 19 22 23 24 25 24 23 23 22 23 25 26 29 29 28 25 24 35 67 106 122 95 43 21 22 23 25 29 28 26 27 27 26 27 26 28 28 28 25 23 21 21 26 39 47 54 58 52 42 32 22 16 11 11 12 12 13 13 15 15 15 15 14 14 14 14 14 14 13 15 15 15 15 15 15 15 15 15 15 15 15 15 15 15 13 13 13 15 15 15 14 14 14 14 14 14 15 15 16 16 14 12 12 12 14 14 15 15 15 15 15 15 
21 22 18 18 15 14 12 10 11 13 16 14 14 14 14 16 17 19 21 22 24 25 25 24 23 23 23 23 25 26 29 29 29 26 24 24 47 82 113 118 68 26 22 24 24 26 25 23 23 22 22 22 24 24 24 24 24 22 21 18 23 35 45 54 60 56 45 36 23 16 11 11 12 12 13 13 15 15 15 15 14 14 14 14 14 14 13 15 15 15 15 15 15 15 15 15 15 15 15 15 15 15 13 13 13 15 15 15 14 14 14 14 14 14 15 15 16 16 14 12 12 12 14 14 15 15 15 15 15 15 
22 23 19 19 15 12 11 10 11 13 16 15 14 15 15 16 16 18 19 22 24 25 25 24 23 23 23 23 25 28 29 29 29 28 24 26 38 65 88 117 94 44 25 24 24 24 23 22 19 18 19 19 20 20 20 20 22 20 18 18 22 32 44 54 63 59 47 38 25 16 12 12 13 12 13 13 15 15 15 15 14 14 14 14 14 14 15 15 15 15 15 15 15 15 15 15 15 15 15 15 15 15 13 13 13 15 15 15 14 14 14 14 14 14 15 15 16 16 14 12 12 12 14 14 15 15 15 15 15 15 
21 23 21 21 16 14 12 11 11 13 15 15 14 14 15 16 17 18 19 22 24 25 25 25 24 24 23 23 25 28 29 29 30 29 26 29 33 45 67 109 116 70 31 26 23 24 23 19 18 17 17 17 18 18 17 17 17 17 18 19 21 30 44 53 61 60 50 39 28 17 12 12 12 13 12 14 14 14 15 15 14 14 14 14 15 15 15 15 15 15 15 15 15 15 15 15 15 15 15 15 15 15 13 13 13 15 15 15 15 15 14 14 14 14 15 15 16 15 15 13 12 12 14 14 15 15 15 15 15 15 
19 22 22 22 17 14 12 11 11 13 16 16 14 14 14 14 16 18 19 21 23 25 25 25 24 24 25 23 24 26 28 29 30 29 29 31 31 32 45 82 120 100 50 30 25 24 22 19 17 16 16 16 17 17 15 15 15 15 16 17 18 28 40 51 60 60 52 43 30 18 12 12 12 13 12 14 14 14 15 15 14 14 14 14 15 15 15 15 15 15 15 15 15 15 15 15 15 15 15 15 15 15 13 13 13 15 15 15 15 15 14 14 14 14 15 15 16 15 15 13 12 12 14 14 15 15 15 15 15 15 
17 19 19 23 21 16 13 11 9 11 16 16 14 14 14 14 16 17 18 19 23 24 26 25 24 24 24 24 24 26 28 29 30 30 31 31 29 26 31 61 110 128 82 40 27 25 22 18 16 15 16 16 14 12 15 15 16 15 14 16 17 24 39 48 58 61 56 45 33 21 12 12 12 13 12 14 14 14 15 15 14 14 14 14 15 15 15 15 15 15 15 15 15 15 15 15 15 15 15 15 15 15 13 13 13 15 15 15 15 15 14 14 14 14 15 15 16 15 15 13 12 12 14 14 15 15 15 15 15 15 
12 16 17 22 21 18 15 12 9 10 15 16 14 15 15 15 16 17 18 19 22 25 27 26 24 24 24 24 24 25 28 28 30 30 31 29 26 24 25 46 91 124 108 59 30 24 21 17 15 15 15 15 12 12 13 13 13 13 14 14 15 22 34 46 57 60 57 46 35 23 14 12 12 13 12 14 14 14 15 15 14 14 14 14 15 15 13 15 15 15 15 15 15 15 15 15 15 15 15 15 15 15 13 13 13 15 15 15 15 15 14 14 14 14 15 15 16 15 15 13 12 12 14 14 15 15 15 15 15 15 
11 12 16 18 19 17 14 10 7 9 14 14 14 14 14 15 16 17 18 19 23 24 25 24 24 23 24 23 24 25 26 28 29 29 30 28 25 25 22 37 60 100 117 83 37 26 17 14 12 12 13 13 12 14 13 13 12 12 15 15 14 21 31 44 56 60 57 46 38 28 14 12 12 13 12 14 14 14 15 15 15 15 14 14 15 15 13 15 15 15 15 15 15 15 15 15 15 15 15 15 15 15 13 13 13 15 15 15 15 15 14 14 14 14 15 15 16 15 15 13 12 12 14 14 15 15 15 15 15 15 
11 12 14 15 15 15 12 10 8 9 14 14 14 14 14 15 15 17 18 19 23 25 25 24 24 24 23 23 24 24 26 28 28 29 29 26 24 24 22 30 35 80 112 97 51 26 15 12 11 11 12 12 12 14 15 15 15 14 15 16 14 18 30 42 53 59 57 49 42 30 16 12 12 13 12 14 14 14 15 15 15 15 14 14 15 15 13 15 15 15 15 15 15 15 15 15 15 15 15 15 15 15 13 13 13 15 15 15 15 15 14 14 14 14 15 15 16 15 15 13 12 12 14 14 15 15 15 15 15 15 
10 10 11 8 11 12 12 10 9 11 14 14 14 14 14 15 15 16 17 18 22 25 25 24 25 25 23 22 23 23 25 26 26 26 28 26 25 25 25 26 31 59 92 104 82 45 15 14 12 12 13 13 12 14 16 16 15 16 16 16 16 18 29 40 51 57 57 52 44 31 16 12 11 11 13 15 14 14 14 15 14 14 14 14 15 15 13 15 15 15 15 15 15 15 15 15 15 15 15 15 15 15 13 13 13 15 15 15 15 15 14 14 14 14 15 15 16 15 15 13 12 12 14 14 15 15 15 15 15 15 
8 9 8 7 7 9 9 10 10 13 15 15 14 14 12 15 15 16 17 19 21 25 26 25 26 25 23 22 23 23 24 25 26 25 26 26 25 26 29 25 28 38 78 115 122 78 15 14 14 17 15 16 14 15 17 17 17 17 18 17 17 18 27 39 50 56 57 53 45 32 17 12 11 11 12 15 12 14 14 15 14 14 14 14 15 15 13 15 15 15 15 15 15 15 15 15 15 15 15 15 15 15 13 13 13 13 15 15 15 15 14 14 14 14 14 14 15 15 15 15 14 14 14 14 15 15 15 15 15 15 
12 10 8 6 5 5 4 6 9 12 15 15 14 14 12 15 15 16 17 18 21 24 25 25 25 24 22 22 23 23 24 25 24 25 25 26 26 26 29 22 26 36 58 93 136 128 71 42 38 21 14 14 15 16 16 16 17 17 17 17 16 17 25 36 47 54 56 52 46 35 17 12 10 11 12 12 14 15 16 16 15 14 15 15 15 15 15 15 15 15 15 15 15 13 13 13 13 15 15 15 15 15 15 15 15 15 15 13 13 13 13 13 13 15 14 14 14 14 15 15 15 15 15 16 13 15 15 15 15 13 
15 10 8 6 4 4 3 5 8 11 13 13 12 14 14 14 14 15 16 18 21 23 25 24 25 24 23 22 22 22 23 24 24 24 25 26 26 26 29 22 23 32 46 74 106 135 97 42 29 24 15 15 15 13 15 15 15 15 15 15 14 15 23 32 45 53 57 53 47 37 18 12 11 10 11 12 12 14 15 15 14 14 15 15 15 15 15 15 15 15 15 15 15 13 13 13 13 15 15 15 15 15 15 15 15 15 15 13 13 13 13 13 13 13 14 14 14 14 16 16 16 16 16 16 15 15 15 15 15 15 
18 14 12 9 6 4 4 5 7 9 11 12 11 12 12 14 15 16 16 17 19 22 24 24 26 24 23 22 21 21 22 23 23 23 24 26 28 29 28 28 26 30 32 60 88 123 123 65 24 25 15 14 13 13 13 13 14 14 15 15 14 12 19 29 43 53 58 54 51 41 21 13 11 11 12 13 12 14 15 15 14 14 15 15 15 15 15 15 15 15 15 15 15 13 13 13 13 15 15 15 15 15 15 15 15 15 15 13 13 13 13 13 13 13 12 14 14 14 16 16 16 16 16 16 15 15 15 15 15 15 
22 17 15 11 8 6 4 5 7 8 10 11 11 12 12 14 15 16 15 17 19 21 23 24 25 24 23 22 21 21 21 22 22 23 25 26 28 29 28 28 26 28 26 41 67 101 142 108 43 28 14 14 13 12 13 13 14 14 15 15 14 12 17 26 40 51 57 57 51 41 25 15 11 11 12 12 12 14 15 15 14 14 15 15 15 15 15 15 15 15 15 15 15 13 13 13 13 15 15 15 15 15 15 15 15 15 15 13 13 13 13 13 13 13 12 14 14 14 15 15 16 16 16 16 15 15 15 15 15 15 
24 20 17 14 10 6 4 5 6 9 10 11 10 11 12 12 14 15 16 17 19 22 23 23 24 24 23 22 21 21 21 22 22 23 25 26 28 29 30 28 26 26 25 32 53 86 128 148 81 17 12 11 12 12 12 12 14 14 13 15 14 12 17 25 38 49 57 59 52 41 28 18 15 11 12 13 12 14 15 15 14 14 15 15 15 15 15 15 15 15 15 15 15 13 13 13 13 15 15 15 15 15 15 15 15 15 15 13 13 13 13 13 13 13 12 14 14 14 15 15 16 16 16 16 15 15 15 15 15 15 
24 22 19 14 10 8 5 5 6 8 9 10 10 12 12 12 12 14 15 16 18 21 21 22 24 24 23 23 22 22 21 22 22 24 26 28 29 30 29 29 29 28 25 29 40 62 103 141 111 45 14 10 11 11 11 11 11 12 12 13 12 12 17 24 36 47 54 58 53 44 30 21 15 12 12 13 12 14 15 15 14 14 15 15 15 15 15 15 15 15 15 15 15 13 13 13 13 15 15 15 15 15 15 15 15 15 15 13 13 13 13 13 13 13 12 14 14 14 15 15 16 16 16 16 15 15 15 15 15 15 
25 23 22 16 10 8 6 6 6 6 9 9 11 13 12 12 12 14 16 17 17 19 19 21 23 23 23 23 23 23 22 23 23 25 26 28 29 30 30 29 29 29 29 30 31 39 82 119 130 86 33 12 10 10 10 10 11 12 12 12 12 12 16 22 33 44 53 59 54 45 32 19 14 11 12 12 12 12 15 15 14 14 15 15 15 15 15 15 15 15 15 15 15 13 13 13 13 15 15 15 15 15 15 15 15 15 15 13 13 13 13 13 13 13 12 14 14 14 15 15 16 16 16 16 15 15 15 15 15 15 
25 24 23 18 11 10 7 6 6 8 10 11 12 13 12 12 14 14 15 16 16 18 18 19 22 23 24 24 24 24 23 24 24 25 26 28 29 30 30 29 29 30 31 32 31 31 66 94 124 115 53 19 9 9 10 10 11 12 12 12 12 12 15 21 32 43 53 59 56 47 33 19 12 11 13 12 12 12 15 15 14 14 15 15 15 15 15 15 15 15 15 15 15 13 13 13 13 15 15 15 15 15 15 15 15 15 15 13 13 13 13 13 13 13 12 14 14 14 15 15 16 16 16 16 15 15 15 15 15 15 
25 24 24 19 14 11 8 6 6 8 9 11 12 12 12 12 12 12 13 13 15 16 18 18 21 22 24 25 26 25 23 24 24 25 26 28 29 29 31 31 31 31 33 31 28 26 31 57 106 136 108 53 16 10 9 10 11 11 12 11 12 12 15 19 29 40 51 58 57 50 36 19 11 11 12 11 12 13 12 12 14 14 14 14 15 15 15 15 15 13 13 13 12 12 13 13 13 13 13 13 13 15 15 15 15 13 13 13 13 13 12 12 12 12 12 12 13 15 15 15 15 15 15 15 15 15 14 14 14 14 
25 23 22 19 17 12 10 8 8 8 9 9 11 12 12 12 12 12 12 12 14 15 16 18 21 22 24 25 25 25 24 25 25 26 25 26 28 29 30 30 31 31 32 30 25 23 25 44 79 117 124 80 26 8 11 11 11 11 11 11 11 12 15 17 26 38 49 57 59 52 39 24 14 11 12 12 12 12 12 12 14 14 14 14 15 15 15 15 15 13 13 13 12 12 13 13 13 13 13 13 13 15 15 15 15 13 13 13 13 13 12 12 12 12 12 12 13 15 15 15 15 15 15 15 15 15 14 14 14 14 
26 24 23 21 19 15 11 9 8 8 9 9 10 12 11 11 11 11 12 11 12 14 15 17 19 22 23 24 25 25 25 25 25 25 25 25 26 28 29 29 30 29 29 27 24 22 21 37 47 75 111 109 59 17 11 11 11 11 11 11 11 12 12 17 26 37 47 58 60 53 42 26 17 13 11 11 12 12 12 12 14 14 14 14 15 15 15 15 15 13 13 13 12 12 13 13 13 13 13 13 13 15 15 15 15 13 13 13 13 13 12 12 12 12 12 12 13 15 15 15 15 15 15 15 15 15 14 14 14 14 
25 25 24 22 18 15 11 9 8 8 9 9 10 11 11 11 11 11 11 11 11 12 14 18 19 21 22 24 25 25 25 25 25 25 24 24 25 26 28 28 29 29 29 27 23 22 21 28 31 56 93 110 72 18 10 10 10 11 11 10 11 11 12 17 25 35 46 57 60 54 43 29 19 15 11 11 13 13 12 12 14 14 14 14 15 15 15 15 15 13 13 13 12 12 13 13 13 13 13 13 13 15 15 15 15 13 13 13 13 13 12 12 12 12 12 12 13 15 15 15 15 15 15 15 15 15 14 14 14 14 
25 25 24 21 16 14 12 10 7 8 9 9 9 10 10 10 10 10 10 10 11 12 14 16 18 21 22 23 24 24 24 24 24 24 24 24 25 25 26 26 28 26 26 26 24 22 19 24 25 29 43 60 53 18 10 10 10 10 10 10 11 11 12 17 24 32 44 56 60 56 43 30 19 15 12 11 12 12 12 12 14 14 15 15 15 15 15 15 15 13 13 13 13 13 13 13 13 13 13 13 13 15 15 15 15 13 13 13 13 13 12 12 12 12 12 12 13 13 15 15 15 15 15 15 15 15 14 14 14 14 
25 26 25 21 16 14 11 9 8 8 9 10 9 10 10 10 10 10 10 10 11 12 15 16 18 19 22 23 23 24 24 24 24 24 23 24 24 25 25 26 28 26 26 26 23 22 21 21 28 24 23 22 24 17 12 11 10 10 10 10 10 11 12 16 23 31 44 56 60 56 45 32 22 17 15 12 12 12 12 12 12 12 13 13 13 15 15 15 15 13 13 13 13 13 13 13 13 13 13 13 13 15 15 15 15 13 13 13 13 13 12 12 12 12 12 12 13 13 15 15 15 15 15 15 15 15 14 14 14 14 
25 26 25 21 16 13 11 9 9 9 10 11 10 10 10 10 10 10 11 12 12 12 14 15 17 18 19 21 22 23 23 23 23 23 23 24 24 25 24 25 26 26 26 29 28 23 23 24 23 27 19 9 9 11 11 11 10 10 10 11 12 11 12 15 21 31 43 54 60 58 46 35 24 17 15 12 12 12 12 12 12 12 13 13 13 15 15 15 15 13 13 13 13 13 13 13 13 13 13 13 13 15 15 15 15 13 13 13 13 13 12 12 12 12 12 12 13 13 15 15 15 15 15 15 14 14 14 14 14 14 
25 26 26 21 16 12 10 9 9 9 10 11 11 11 11 11 11 11 12 12 12 14 14 15 17 17 19 19 21 22 23 23 23 23 23 24 24 25 24 25 25 26 29 33 40 42 32 26 20 11 8 9 12 15 12 12 10 10 10 11 12 12 12 15 22 31 42 54 60 58 49 37 25 17 14 12 12 12 12 12 12 12 13 13 13 15 15 15 15 13 13 13 13 13 13 13 13 13 13 13 13 15 15 15 15 13 13 13 13 13 12 12 12 12 12 12 13 13 15 15 15 15 15 15 14 14 14 14 14 14 
24 26 25 21 14 11 10 9 9 9 11 12 11 11 13 12 11 11 12 12 12 12 14 14 15 17 17 18 19 21 21 22 22 23 23 25 25 25 23 24 25 29 33 36 36 35 31 25 18 17 16 12 13 13 11 11 10 10 10 10 11 12 12 17 22 30 42 53 60 57 49 38 26 17 16 15 11 11 11 12 13 13 13 15 13 13 12 12 12 12 12 12 12 12 13 13 13 13 13 13 13 13 13 13 13 13 13 13 13 13 13 13 13 13 13 13 13 13 13 13 13 13 13 13 13 13 15 15 15 15 
23 25 24 22 16 12 11 10 9 9 12 13 12 12 13 13 11 11 12 12 12 12 14 14 15 16 17 18 19 19 21 22 22 22 23 25 24 24 24 24 25 35 46 59 68 60 31 23 18 16 15 12 13 13 11 11 10 10 10 10 11 11 11 14 19 29 40 51 59 57 50 39 28 18 16 15 12 12 12 12 13 13 13 15 13 13 12 12 12 12 12 12 12 12 13 13 13 13 13 13 13 13 13 13 13 13 13 13 13 13 13 13 13 13 13 13 13 13 13 13 13 13 13 13 13 13 15 15 15 15 
22 23 23 23 19 19 17 12 10 12 14 16 16 16 15 15 13 12 12 12 12 12 14 14 15 15 16 17 18 18 19 21 21 22 23 25 25 25 25 25 26 39 56 74 98 96 33 23 17 15 15 14 12 12 11 11 10 11 11 11 12 11 11 14 18 28 39 51 59 58 52 42 30 19 17 15 12 12 12 12 12 12 13 15 13 13 12 12 12 12 12 12 12 12 13 13 13 13 13 13 13 13 13 13 13 13 13 13 13 13 13 13 13 13 13 13 13 13 13 13 13 13 13 13 13 13 15 15 15 15 
22 22 23 26 28 30 30 24 18 16 16 17 17 16 16 15 15 13 13 13 12 14 14 14 15 15 15 16 17 18 19 21 21 22 23 25 24 24 25 25 28 39 58 80 115 128 51 36 21 15 14 14 12 11 11 11 11 11 11 11 12 12 11 12 17 26 38 50 59 60 54 44 31 19 15 15 14 12 12 11 11 12 13 15 13 13 12 12 12 12 12 12 12 12 13 13 13 13 13 13 13 13 13 13 13 13 13 13 13 13 13 13 13 13 13 13 13 13 13 13 13 13 13 13 13 13 15 15 15 15 
19 19 23 29 30 38 43 45 38 29 24 21 19 17 17 16 15 15 15 13 12 14 14 14 14 15 15 16 17 18 19 19 21 21 23 24 24 24 23 24 24 35 52 71 108 141 75 52 30 14 16 13 11 11 11 11 11 11 12 12 12 12 12 12 22 29 37 50 59 60 56 45 32 21 15 13 12 12 11 11 11 12 13 15 13 13 12 12 12 12 12 12 12 12 13 13 13 13 13 13 13 13 13 13 13 13 13 13 13 13 13 13 13 13 13 13 13 13 13 13 13 13 13 13 13 13 15 15 15 15 
19 19 24 30 32 44 43 51 54 46 33 25 20 18 18 17 16 15 15 13 12 12 14 14 15 15 15 16 17 17 18 19 19 21 21 21 22 23 23 23 23 29 40 59 99 139 104 66 36 17 13 13 12 11 12 12 12 12 13 13 12 12 12 17 26 30 37 51 58 59 57 47 35 22 16 13 12 12 11 11 11 12 13 15 13 13 12 12 12 12 12 12 12 12 13 13 13 13 13 13 13 13 13 13 13 13 13 13 13 13 13 13 13 13 13 13 13 13 13 13 13 13 13 13 13 13 15 15 15 15 
20 22 26 30 33 45 37 43 53 58 52 42 35 26 22 21 18 15 14 12 12 12 12 14 16 16 15 15 16 17 17 18 18 19 18 18 19 22 22 22 23 27 33 46 72 106 131 94 46 26 15 11 11 11 12 12 13 13 13 12 12 12 14 18 27 32 39 51 56 59 60 50 36 23 17 13 13 13 12 11 11 12 13 15 13 13 12 12 12 12 12 12 12 12 13 13 13 13 13 13 13 13 13 13 13 13 13 13 13 13 13 13 13 13 13 13 13 13 13 13 13 13 13 13 13 13 15 15 15 15 
22 22 25 29 28 32 32 35 43 57 65 59 46 39 26 25 22 16 14 14 12 12 12 15 17 16 15 15 16 17 17 17 18 18 18 18 18 21 22 22 23 25 30 36 52 82 133 125 75 40 21 10 11 11 12 12 13 13 13 13 14 14 15 19 30 37 43 52 54 58 59 50 36 23 17 13 12 12 11 11 11 12 13 15 13 13 12 12 12 12 12 12 12 12 13 13 13 13 13 13 13 13 13 13 13 13 13 13 13 13 13 13 13 13 13 13 13 13 13 13 13 13 13 13 13 13 15 15 15 15 
19 22 25 28 22 19 23 20 19 32 50 60 67 59 53 29 22 15 15 14 15 13 15 16 17 16 15 15 15 16 17 17 19 18 17 17 18 19 22 22 22 23 25 30 44 64 117 143 113 53 30 17 15 14 13 13 12 14 14 14 15 15 18 24 36 41 47 57 58 59 58 50 36 23 16 12 12 12 11 12 11 12 13 13 13 13 13 13 13 13 13 13 13 13 13 13 13 13 13 13 13 13 13 13 13 13 13 13 13 13 13 13 13 13 13 13 13 13 13 13 13 13 13 13 13 15 15 15 15 15 
21 23 28 30 22 18 19 18 18 26 38 46 59 61 60 36 24 15 15 16 16 15 15 16 17 17 16 15 15 16 17 17 18 17 18 18 19 21 21 22 22 21 22 26 33 46 95 131 145 97 43 24 19 18 19 18 17 17 17 17 19 19 23 29 40 46 50 58 61 61 58 50 38 24 16 12 12 12 12 12 12 12 13 13 13 13 13 13 13 13 13 13 13 13 13 13 13 13 13 13 13 13 13 13 13 13 13 13 13 13 13 13 13 13 13 13 13 13 13 13 13 13 13 13 13 15 15 15 15 15 
25 30 33 37 28 19 16 13 14 19 28 35 45 51 49 42 30 24 21 19 18 16 14 15 16 16 16 15 15 16 17 17 18 17 19 19 19 19 21 21 22 21 21 23 27 36 70 107 142 129 69 40 29 26 25 24 25 25 24 25 25 28 29 35 45 51 52 59 63 63 59 50 40 28 17 14 12 12 12 14 12 14 13 13 13 13 13 13 13 13 13 13 13 13 13 13 13 13 13 13 13 13 13 13 13 13 13 13 13 13 13 13 13 13 13 13 13 13 13 13 13 13 13 13 13 15 15 15 15 15 
26 32 38 44 35 23 15 13 12 14 21 25 30 38 43 40 33 32 29 25 20 12 15 15 15 15 15 15 14 15 16 17 18 17 18 19 19 19 21 21 21 22 22 24 25 27 49 77 121 148 109 67 39 32 30 31 32 33 32 33 33 35 36 39 48 53 54 58 60 60 60 53 44 32 19 14 12 12 14 14 14 14 15 13 13 13 13 13 13 13 13 13 13 13 13 13 13 13 13 13 13 13 13 13 13 13 13 13 13 13 13 13 13 13 13 13 13 13 13 13 13 13 13 13 13 15 15 15 15 15 
30 37 43 50 40 28 18 15 15 16 12 16 22 30 33 32 33 37 36 32 26 23 19 17 16 15 15 15 16 17 17 17 18 17 18 18 18 19 21 21 19 21 22 22 22 22 36 54 90 137 136 90 49 42 40 42 42 42 42 43 43 43 44 46 52 54 54 57 57 57 58 56 46 32 19 15 14 12 14 14 14 14 15 15 13 13 13 13 13 13 13 13 13 13 13 13 13 13 13 13 13 13 13 13 13 13 13 13 13 13 13 13 13 13 13 13 13 13 13 13 13 13 13 13 13 15 15 15 15 15 
33 40 47 52 42 31 21 17 18 22 21 19 24 29 26 26 32 39 40 40 36 33 22 18 16 15 15 15 16 17 17 17 18 19 19 19 18 19 19 18 18 19 20 20 19 21 31 45 71 108 138 117 74 57 49 49 49 49 49 49 49 50 49 49 53 54 54 54 54 54 57 56 47 31 21 17 14 12 14 14 14 14 15 15 15 15 13 13 13 13 13 13 13 13 13 13 13 13 13 13 13 13 13 13 13 13 13 13 13 13 13 13 13 13 13 13 13 13 13 13 13 13 13 13 13 15 15 15 15 15 
33 44 50 53 40 31 28 26 25 31 34 36 37 38 38 38 42 45 50 52 50 51 20 19 16 15 16 16 16 17 17 17 17 18 18 18 18 18 18 18 18 18 20 20 19 19 30 39 59 89 124 134 97 65 50 50 50 50 50 50 50 50 50 51 53 53 54 54 55 55 54 56 47 33 24 18 14 12 14 14 14 14 13 13 13 15 13 13 13 13 13 13 13 13 13 13 13 13 13 13 13 13 13 13 13 13 13 13 13 13 13 13 13 13 13 13 13 13 13 13 13 13 13 13 13 15 15 15 15 15 
34 48 56 59 45 32 32 31 31 35 41 47 50 51 52 51 50 52 57 60 58 63 20 19 17 15 16 17 17 17 17 18 18 18 18 18 18 18 18 18 17 18 20 20 19 21 27 34 45 74 115 148 121 73 52 52 52 52 52 52 51 51 51 52 53 53 54 54 55 53 54 57 49 35 26 19 14 12 14 14 14 12 13 13 13 13 13 13 13 13 13 13 13 13 13 13 13 13 13 13 13 13 13 13 13 13 13 13 13 13 13 13 13 13 13 13 13 13 13 13 13 13 13 13 13 15 15 15 15 15 
33 51 61 63 58 54 33 36 39 43 46 48 52 57 57 53 51 59 63 63 62 44 34 23 17 17 17 17 17 16 17 17 17 17 17 17 18 19 17 17 18 18 19 19 19 21 26 31 42 67 107 134 122 85 52 52 52 52 52 52 52 52 51 51 52 53 53 54 53 53 55 58 49 36 26 19 16 13 13 15 15 15 13 13 12 12 13 13 13 13 13 13 13 13 13 13 13 13 13 13 13 13 13 13 15 15 13 13 13 13 13 13 13 13 13 13 13 13 13 13 13 13 13 13 13 13 15 15 15 15 
35 58 66 70 66 60 52 54 56 56 57 58 60 67 57 51 49 56 61 65 66 50 44 29 19 19 19 18 17 17 17 18 17 17 17 17 17 17 18 18 18 18 19 19 19 21 26 30 36 57 95 134 141 97 53 53 53 53 53 53 53 53 51 52 52 53 53 53 53 53 55 57 49 37 29 21 15 12 13 15 15 15 13 13 12 12 13 13 13 13 13 13 13 13 13 13 13 13 13 13 13 13 13 13 15 15 13 13 13 13 13 13 13 13 13 13 13 13 13 13 13 13 13 13 13 13 15 15 15 15 
30 52 71 72 66 64 61 61 60 60 60 61 64 68 58 51 49 56 62 64 66 54 51 34 22 23 21 19 18 17 17 18 17 17 17 17 17 17 18 18 18 19 19 19 19 21 24 26 31 52 92 131 145 101 56 56 56 56 56 56 55 54 52 52 52 53 53 53 53 53 55 57 50 38 30 22 15 12 12 14 15 15 15 13 12 12 12 12 12 12 12 12 12 12 12 12 12 12 12 12 12 12 12 12 15 15 14 14 14 14 14 14 15 15 15 15 15 15 13 13 13 13 13 13 13 13 13 13 13 13 
30 57 77 77 68 64 61 60 59 59 59 60 63 66 58 51 46 53 60 58 64 58 57 36 22 26 22 21 19 18 17 17 18 17 16 16 17 17 18 18 18 19 19 19 19 21 23 24 31 50 88 128 143 104 56 56 56 56 56 56 55 54 52 52 52 53 53 53 53 53 55 57 50 38 29 22 15 12 12 14 15 15 15 15 14 12 14 14 14 14 14 14 14 14 14 14 14 14 14 14 14 14 14 14 15 15 14 14 14 14 14 14 15 15 15 15 15 15 15 15 13 13 13 13 13 13 13 13 13 13 
32 61 80 80 70 60 51 52 52 51 51 52 54 57 57 52 49 51 54 55 61 60 59 38 22 25 24 21 19 18 17 17 17 17 17 17 17 17 17 17 18 19 19 19 21 22 23 24 32 47 84 125 144 106 54 54 54 54 54 54 54 53 52 52 52 53 53 53 53 53 55 57 50 38 29 22 15 12 12 14 15 15 15 15 14 12 14 14 14 14 14 14 14 14 14 14 14 14 14 14 14 14 15 15 16 16 16 16 16 16 16 16 16 16 16 16 15 15 15 15 15 15 15 15 15 15 15 13 13 13 
28 53 73 74 64 56 39 40 44 43 42 40 42 46 50 50 45 44 43 52 58 60 61 45 28 25 24 22 19 18 17 18 17 17 17 17 17 17 17 17 18 19 21 21 21 22 23 24 33 46 82 125 145 110 52 52 52 52 52 52 52 52 51 51 52 53 53 53 53 53 55 57 50 39 30 22 15 12 12 15 15 16 15 15 14 12 14 14 14 14 14 14 14 14 14 14 14 14 14 14 14 14 15 15 16 16 16 16 16 16 16 16 16 16 16 16 16 16 15 15 15 15 15 15 15 15 15 13 13 13 
31 53 71 70 54 52 31 31 35 36 38 37 38 42 40 38 35 36 38 44 53 59 63 51 35 29 24 23 21 19 18 18 17 17 17 17 17 17 17 17 18 19 21 22 22 23 24 25 33 46 82 125 148 117 49 47 47 46 46 47 49 49 51 51 52 52 53 53 53 53 55 58 52 40 30 21 15 12 12 15 16 16 16 16 15 14 15 15 15 15 15 15 15 15 15 15 15 15 15 15 15 15 14 15 15 15 16 16 16 16 16 16 16 16 16 16 15 15 15 15 15 15 14 14 14 14 15 15 15 15 
33 53 73 75 56 49 31 29 28 35 43 45 46 44 38 35 31 32 32 38 52 59 64 60 43 33 25 23 22 21 18 18 18 17 17 17 17 18 18 18 18 19 21 22 22 23 24 25 32 45 80 124 152 124 49 44 43 43 43 44 47 50 50 52 52 52 53 53 53 53 57 58 52 43 31 21 16 12 12 15 16 16 16 16 15 15 15 15 15 15 15 15 15 15 15 15 15 15 15 15 15 15 15 15 15 16 17 17 17 17 17 16 16 16 16 16 15 15 15 15 15 15 15 14 14 14 15 15 15 15 
35 53 75 79 63 49 31 29 33 39 46 57 51 50 47 39 31 30 29 35 51 60 65 64 52 37 25 24 22 21 19 18 17 17 17 17 17 17 18 18 18 19 21 22 23 24 25 26 32 44 79 123 155 134 64 42 42 39 38 42 47 50 51 51 52 52 52 53 53 54 54 56 52 43 31 21 16 13 12 15 15 15 14 15 15 15 15 15 16 16 16 16 16 16 15 15 15 15 15 15 15 15 15 15 16 16 16 16 16 16 16 16 16 16 16 16 15 15 14 15 14 14 15 15 14 15 15 15 15 15 
35 51 74 79 61 47 33 31 37 45 53 59 57 57 53 45 35 32 31 38 53 63 65 68 59 40 29 25 23 21 19 18 17 17 17 17 17 17 18 18 18 19 21 22 24 25 25 26 32 43 79 122 155 149 73 44 40 39 37 40 45 49 51 51 51 52 53 53 53 54 54 56 53 43 31 21 16 13 12 15 15 15 14 15 15 15 16 16 16 16 16 16 16 16 15 15 15 15 15 15 15 15 15 15 16 16 17 16 16 16 16 16 17 16 16 16 16 16 16 15 15 15 16 16 16 16 16 16 16 16 
35 51 73 79 60 46 37 33 39 47 57 60 59 60 56 49 39 33 33 42 56 66 67 72 61 45 32 28 24 22 21 19 18 18 17 17 17 18 18 18 18 19 21 22 24 25 25 26 32 40 79 121 153 155 94 58 43 38 37 39 43 46 47 50 51 53 53 53 54 54 56 56 53 44 31 21 16 13 12 15 15 15 14 15 15 15 16 16 16 16 16 16 16 16 15 15 15 15 15 15 15 15 16 16 17 17 18 17 17 18 17 17 17 17 17 17 17 17 16 16 16 16 16 16 16 17 17 17 17 17 
35 52 73 82 61 47 39 36 43 50 59 61 60 61 59 51 42 38 38 44 57 66 66 71 65 49 35 30 25 22 21 21 19 18 17 17 17 17 18 18 18 19 21 22 24 25 26 28 32 39 74 120 153 162 127 71 43 40 37 38 39 39 42 43 45 49 51 53 53 54 54 54 52 44 31 21 16 13 12 15 15 15 14 15 15 16 16 16 17 17 17 17 17 17 17 17 17 17 17 17 17 17 16 17 17 18 18 18 18 18 18 17 17 17 17 17 17 17 17 17 17 17 17 17 17 17 18 18 18 18 
35 50 75 87 66 49 39 36 40 49 59 60 60 64 59 52 43 38 38 45 58 67 63 70 67 51 36 31 26 23 22 21 19 18 18 17 17 18 18 18 18 19 21 21 24 25 27 29 32 38 67 113 155 166 135 82 52 44 38 38 36 34 36 38 40 46 50 51 52 53 53 53 51 43 31 21 16 13 12 15 15 14 14 15 16 17 17 17 18 18 18 18 18 18 17 17 17 17 17 17 17 17 17 17 18 18 18 18 18 18 18 18 18 18 18 18 18 18 18 18 17 17 17 17 18 19 19 19 21 21 
35 50 77 93 71 50 39 36 40 49 59 59 58 60 59 52 43 38 39 45 57 65 60 67 68 54 36 31 28 24 23 22 21 19 18 18 18 19 19 19 19 21 22 22 24 25 27 29 30 36 59 102 150 171 134 84 51 46 40 33 32 32 32 35 37 44 49 49 50 51 52 52 50 40 30 21 16 13 12 15 15 14 14 15 16 17 17 17 18 18 18 18 18 18 17 17 17 17 17 17 17 17 18 18 18 18 18 18 18 18 18 18 18 18 19 19 18 18 18 18 18 18 18 18 18 19 19 19 19 19 
35 50 78 96 79 54 40 36 40 49 59 58 57 59 57 51 42 37 39 44 56 61 57 66 72 59 39 32 29 24 24 23 22 21 19 18 19 19 19 19 21 21 22 23 24 24 26 26 28 33 51 89 143 169 134 84 52 46 42 32 29 29 30 32 36 43 46 47 49 50 51 51 49 39 30 21 16 13 12 15 16 15 14 15 16 17 18 18 19 19 19 19 19 19 19 19 19 19 19 19 19 19 18 18 18 18 18 18 18 18 18 18 18 18 19 19 18 18 18 18 18 18 18 18 18 18 19 19 20 20 
36 50 79 96 86 61 43 36 40 47 57 55 55 55 56 50 42 37 37 44 53 58 54 64 73 65 43 35 29 23 25 24 23 22 21 19 19 19 21 21 22 22 23 24 24 24 26 25 26 32 45 81 134 157 128 85 54 47 43 35 26 26 26 30 33 40 45 47 49 49 50 50 47 39 30 21 16 13 14 15 16 15 15 16 16 17 17 18 19 19 19 19 19 19 19 19 19 19 19 19 18 18 18 18 18 18 18 18 18 18 18 18 18 18 19 19 19 19 18 18 18 18 18 18 18 18 19 19 20 20 
38 58 89 109 84 58 49 38 47 52 54 54 52 52 54 51 42 35 36 42 51 57 51 60 72 70 51 37 30 22 28 26 24 23 21 19 21 21 21 21 22 22 22 23 23 23 25 25 27 32 45 82 136 165 122 85 53 49 45 37 26 24 24 27 31 40 45 47 47 49 49 49 46 38 30 20 14 12 14 14 14 15 15 15 16 17 18 18 19 19 19 19 19 19 19 19 19 19 19 19 19 19 18 18 18 18 19 19 19 19 18 18 18 18 18 18 18 18 18 18 18 18 18 18 18 18 19 19 19 19 
39 59 93 117 94 67 54 44 54 59 55 54 53 51 53 48 38 32 32 38 47 52 47 57 72 78 58 40 32 22 29 26 25 24 21 19 21 21 21 21 22 22 23 23 23 24 25 25 29 31 46 90 131 152 118 85 54 50 46 38 26 22 20 26 33 44 46 46 47 49 49 49 46 38 30 20 14 12 12 14 14 15 15 16 17 18 18 18 19 19 19 19 19 19 19 19 19 19 19 19 19 19 18 18 18 18 19 19 18 18 18 18 18 18 18 18 18 18 18 18 18 18 18 18 18 18 19 19 19 19 
37 60 100 132 111 78 58 50 60 66 60 61 54 50 51 44 37 30 28 33 43 46 45 53 73 80 65 45 36 26 30 29 28 25 22 21 21 21 22 22 22 23 23 23 23 24 24 26 29 31 49 86 123 144 118 86 54 51 50 40 26 21 16 24 35 47 50 47 47 49 49 49 46 38 31 22 14 12 14 14 14 14 16 16 17 17 18 18 19 19 19 19 19 19 20 20 20 20 20 20 20 20 18 18 18 18 19 19 18 18 19 19 19 19 19 19 19 19 19 19 18 18 18 18 18 18 18 18 17 17 
35 58 100 136 124 89 59 50 61 67 65 65 58 52 50 43 34 27 25 30 38 43 45 54 73 88 81 54 30 30 30 29 28 25 22 21 19 21 22 22 22 22 22 22 23 23 24 25 29 36 49 80 118 144 114 80 52 50 47 39 25 18 16 22 35 46 51 50 49 50 50 47 45 38 32 23 15 14 14 14 14 14 15 15 16 17 17 17 19 19 19 19 19 19 20 20 20 20 20 20 19 19 18 17 17 17 18 18 18 18 19 19 19 19 19 19 18 19 19 20 19 19 19 19 19 18 18 18 18 18 
31 51 87 129 132 101 54 45 59 66 67 67 65 57 50 44 36 27 25 30 37 39 51 60 75 103 97 71 43 31 32 29 26 24 22 21 21 22 23 23 24 24 24 24 23 25 24 25 30 40 51 74 114 144 109 75 54 51 47 39 25 20 19 24 33 43 50 52 51 52 52 50 46 39 32 23 15 14 14 14 14 14 15 15 16 17 17 17 19 19 19 19 19 19 20 20 20 20 20 20 20 20 18 18 18 18 18 18 18 18 19 19 19 19 19 19 19 19 20 20 19 19 19 19 19 19 19 19 19 19 
31 44 73 114 125 107 51 43 58 66 67 71 68 61 56 47 39 30 26 31 37 42 53 66 84 117 113 87 56 32 33 30 28 24 21 22 22 23 23 23 24 24 24 24 25 26 26 25 30 46 53 73 110 141 104 74 54 52 45 33 24 22 20 24 33 40 48 52 51 52 52 49 46 39 32 23 15 14 15 14 14 14 15 15 16 18 18 18 20 20 20 20 20 20 22 22 22 22 22 22 20 20 19 18 18 19 19 19 19 19 20 20 20 20 20 20 20 20 20 22 21 21 21 21 21 19 20 20 20 20 
31 37 64 102 120 114 52 46 58 65 70 71 71 64 63 53 45 36 31 36 42 45 57 70 93 119 114 81 50 31 35 31 30 26 23 23 23 23 23 23 23 23 23 23 24 25 25 25 29 45 54 80 116 135 104 72 53 51 43 32 23 21 19 23 32 40 47 52 51 52 51 49 45 38 31 22 15 14 15 15 15 16 16 17 18 19 20 20 22 22 22 22 22 22 24 24 24 24 24 24 22 22 22 22 22 22 21 22 22 22 22 22 22 22 22 22 21 21 22 23 22 22 22 22 21 21 20 22 22 22 
31 35 54 95 120 120 54 49 59 66 71 72 74 66 66 58 48 39 35 39 45 50 56 61 75 104 94 73 46 31 36 31 30 27 25 25 25 24 24 24 23 23 23 23 24 25 24 24 29 39 56 88 121 129 100 63 53 49 39 32 23 19 21 24 31 40 47 52 51 52 51 49 45 38 31 22 15 15 15 15 16 16 17 17 18 19 22 22 23 23 23 23 23 23 23 23 23 23 23 23 22 22 23 22 22 22 22 22 22 22 22 22 22 22 22 22 21 21 22 22 22 22 22 22 21 21 22 22 22 22 
32 35 47 74 87 93 57 52 61 67 71 72 73 66 67 59 50 40 37 42 46 49 52 57 69 88 78 60 45 36 35 30 26 26 26 25 23 23 23 23 24 24 23 23 24 24 24 22 29 38 60 90 124 127 97 75 53 46 39 32 23 21 19 24 31 38 45 50 50 50 50 47 45 36 30 22 14 15 15 15 15 15 17 17 18 19 20 20 22 22 22 22 22 22 23 23 23 23 23 23 21 21 22 22 21 21 21 22 22 22 23 23 23 23 23 23 22 22 21 22 21 21 21 21 21 21 19 21 21 21 
32 35 45 67 82 89 60 56 61 68 68 72 73 65 67 59 50 41 37 42 49 51 45 53 66 85 80 65 49 42 36 29 25 24 25 25 24 24 24 24 24 24 23 23 24 24 24 23 31 39 70 93 116 109 85 59 50 47 42 32 22 21 21 23 30 37 43 47 47 49 49 46 44 35 29 20 14 12 14 14 15 15 16 16 17 18 19 19 20 20 20 20 20 20 22 22 22 22 22 22 21 21 20 20 19 19 21 21 21 21 22 22 22 22 22 22 20 20 21 21 21 21 21 21 21 21 19 21 21 21 
33 36 43 65 79 82 66 58 59 61 66 72 72 65 68 59 50 43 38 43 51 51 43 47 62 80 85 73 57 46 38 31 26 24 23 23 23 24 24 24 25 24 23 24 24 24 24 26 36 45 73 95 107 94 77 50 45 46 43 29 22 21 21 22 29 34 40 45 46 46 46 44 43 33 27 19 12 14 14 14 15 15 15 16 16 17 17 17 18 18 18 18 18 18 19 19 19 19 19 19 20 20 18 18 18 19 19 21 21 21 21 21 21 21 21 21 19 19 19 19 19 19 19 19 19 19 18 19 19 19 
33 36 43 63 74 80 64 53 52 57 64 70 71 65 66 58 50 41 39 44 51 49 42 46 58 73 82 79 60 46 40 35 28 24 24 23 23 24 24 24 25 24 25 24 25 26 28 31 44 52 75 96 99 78 60 49 44 43 38 29 23 19 21 23 29 34 40 45 45 46 45 45 43 33 27 19 12 12 14 14 14 15 15 15 16 17 17 17 18 18 18 18 18 18 18 18 18 18 18 18 19 19 17 17 17 17 18 18 18 18 18 18 18 18 18 18 18 17 18 18 17 17 17 17 17 17 17 18 18 18 
32 35 44 60 66 75 61 46 38 40 52 64 71 65 67 58 48 41 39 45 51 49 46 45 72 104 103 88 68 46 43 37 30 25 24 24 24 24 24 24 26 26 26 26 28 29 31 38 51 66 89 98 89 66 46 45 44 43 38 31 23 21 21 23 29 33 40 45 45 45 45 45 43 33 27 18 11 11 12 12 14 14 15 15 15 16 16 16 16 16 16 16 16 16 16 16 16 16 16 16 16 16 16 16 16 17 17 17 17 17 17 17 17 17 17 17 17 17 17 17 16 16 16 16 16 16 16 17 18 18 
32 35 43 57 63 71 62 39 29 31 44 56 70 63 65 54 47 40 38 44 52 54 56 57 81 122 129 97 74 51 44 39 32 28 26 26 25 24 24 24 26 26 26 26 28 28 33 42 57 86 101 91 73 50 46 43 43 43 39 32 25 23 21 22 27 33 38 43 43 44 44 43 42 35 27 19 11 11 12 12 12 14 14 14 14 15 15 15 15 15 15 15 15 15 15 15 15 15 15 15 15 15 15 15 15 16 16 16 16 16 16 16 16 16 16 16 16 16 16 16 15 15 15 15 15 15 16 16 17 16 
30 32 39 51 61 71 67 40 23 25 38 45 52 58 65 52 46 38 38 43 53 59 63 68 90 123 141 111 74 47 49 40 36 31 30 29 28 26 25 25 26 26 26 26 30 30 37 50 65 94 99 78 54 36 44 42 41 41 39 32 25 22 19 22 26 32 38 43 43 43 43 42 40 35 26 18 12 12 13 12 12 12 12 14 15 15 14 14 14 14 14 14 14 14 15 15 15 15 15 15 15 15 14 15 15 15 15 15 15 15 14 14 14 15 15 15 15 15 15 15 14 14 14 14 14 14 15 15 15 15 
29 31 37 47 61 71 68 40 24 25 33 40 48 54 59 50 44 37 37 42 53 60 67 71 95 130 148 129 87 53 54 43 39 35 32 32 30 29 26 26 27 27 26 28 30 33 40 60 79 100 93 67 44 33 43 42 41 41 38 32 24 22 19 22 26 31 38 43 44 43 43 42 40 36 28 18 14 14 12 13 12 12 12 14 15 15 14 14 14 14 14 14 14 14 14 14 14 14 14 14 14 14 14 14 15 15 15 15 15 14 14 14 14 15 15 15 15 15 14 14 14 12 12 12 14 14 14 14 15 15 
26 29 35 44 62 71 49 24 15 24 29 35 42 49 50 46 38 35 36 40 53 60 59 79 118 169 189 144 88 64 56 43 40 36 35 32 30 28 26 26 26 26 28 28 31 37 44 74 96 102 86 52 31 32 43 42 40 39 38 31 24 22 19 22 29 33 40 44 43 44 43 42 40 36 26 17 15 12 13 13 12 12 13 15 15 15 13 13 13 13 13 15 14 14 14 14 14 14 14 14 14 14 15 15 15 15 15 15 15 15 15 15 15 15 15 16 15 15 15 15 13 13 12 12 12 12 14 14 14 15 
26 28 32 40 61 68 57 39 24 24 28 33 38 45 45 45 36 35 34 39 52 60 64 92 135 182 203 157 95 66 54 43 39 36 33 32 30 28 28 28 28 28 29 31 35 46 51 76 99 96 71 47 33 31 42 40 39 39 37 31 25 23 19 21 29 33 39 44 43 43 42 40 40 36 26 17 15 12 13 13 12 12 13 15 15 15 13 13 13 13 13 13 12 12 14 14 14 14 14 14 14 14 15 15 15 15 15 15 15 15 15 15 15 15 15 15 13 13 13 13 13 12 11 11 11 12 12 12 12 14 
25 26 32 40 61 68 71 59 38 29 28 32 38 45 45 44 36 32 32 36 50 58 65 96 148 188 207 164 103 74 54 44 39 37 35 33 32 30 29 29 29 30 30 35 40 52 64 88 102 89 60 43 32 28 40 39 38 38 36 30 24 22 19 21 28 32 38 43 42 42 42 40 40 36 25 17 16 13 11 12 13 13 13 13 12 12 12 12 12 12 12 12 13 13 13 13 12 12 13 13 12 12 13 13 13 13 12 12 12 12 13 13 12 12 12 12 12 12 12 12 12 12 10 10 11 12 12 12 11 12 
24 26 31 42 62 69 78 66 50 37 28 31 38 45 44 43 36 31 31 35 49 56 65 94 148 187 202 163 106 77 56 46 40 37 36 35 32 30 29 29 29 30 30 35 43 57 82 101 96 74 45 32 28 29 37 37 38 38 36 30 24 22 19 21 26 32 38 43 42 40 40 39 39 36 25 17 16 13 11 12 13 13 13 13 12 12 12 12 12 12 12 12 13 13 13 13 12 12 13 13 12 12 13 13 13 13 12 12 12 12 13 13 12 12 12 12 11 11 12 11 11 11 10 10 11 12 12 12 11 12 
23 25 32 42 75 93 81 61 57 64 58 49 42 44 45 43 36 31 30 33 48 55 53 93 142 171 178 138 96 77 57 49 44 38 37 35 31 29 29 29 29 30 30 37 50 65 90 100 82 57 36 27 25 29 36 37 37 37 36 31 25 23 19 21 26 31 36 42 40 39 39 38 38 36 24 15 13 12 10 11 13 13 13 13 13 12 13 13 12 12 13 12 12 12 12 12 11 11 12 12 11 11 11 11 12 12 12 12 12 12 11 11 11 11 11 11 10 10 10 9 9 9 11 11 10 11 10 10 11 12 
22 24 32 40 74 91 118 99 81 80 74 64 53 44 46 43 36 30 30 32 47 54 71 117 162 164 155 114 82 72 58 51 46 40 37 36 32 30 30 29 29 30 32 39 59 78 95 94 73 50 36 27 28 25 37 37 37 37 35 30 25 23 19 21 26 31 36 39 39 39 38 39 39 36 23 14 13 11 11 11 13 13 12 12 12 12 12 12 12 11 12 12 11 11 11 11 10 10 11 11 10 11 10 10 11 11 11 11 11 11 10 10 10 10 10 10 10 10 9 9 9 9 11 11 10 11 10 10 11 12 
22 24 31 38 70 88 137 144 143 129 100 84 67 57 48 44 38 32 29 31 45 52 106 143 173 156 125 89 66 61 56 51 46 40 38 36 32 30 31 31 30 31 36 43 59 81 92 81 61 51 40 33 27 26 35 35 36 36 36 31 24 22 19 22 26 31 35 39 38 38 37 38 39 34 23 14 11 10 11 12 12 12 11 11 12 12 12 12 13 12 12 12 10 10 10 10 10 10 10 10 11 12 11 11 11 11 10 10 10 10 11 11 10 10 11 11 10 10 9 9 9 9 11 12 11 12 12 12 11 11 
22 24 30 37 66 85 130 155 173 168 141 118 96 80 48 44 39 32 29 31 45 52 123 145 167 141 97 71 54 52 54 52 47 42 39 37 33 30 32 33 31 32 42 46 60 79 88 68 51 47 44 36 24 25 33 33 35 36 34 31 24 22 21 22 26 30 33 38 38 38 37 38 38 33 23 15 11 10 11 12 12 12 11 11 12 12 12 12 13 12 12 12 10 10 10 10 10 10 10 10 11 12 11 11 11 11 10 10 10 10 11 11 10 10 11 12 10 10 10 9 9 9 11 12 12 11 12 12 11 11 
23 25 29 35 47 60 116 172 193 179 157 145 122 109 66 60 52 37 30 24 64 116 189 185 175 137 74 61 54 44 52 52 50 43 39 37 35 35 36 35 31 33 45 81 95 75 69 51 44 38 33 33 38 42 37 36 35 36 34 30 23 21 21 22 24 29 33 39 38 38 37 37 37 32 23 15 10 9 12 13 13 13 11 11 12 11 11 11 13 12 12 12 10 10 10 10 10 10 10 10 11 12 11 11 11 11 10 10 10 10 11 11 11 11 12 12 12 12 11 11 11 11 11 12 11 11 12 12 12 12 
23 25 28 33 50 61 89 132 161 163 157 146 128 118 90 77 60 45 40 43 78 115 146 138 125 100 56 53 52 51 52 52 51 45 39 37 36 37 36 37 33 37 50 81 92 70 58 40 32 29 21 22 29 33 36 35 36 36 36 30 23 22 19 22 23 26 32 37 37 37 36 36 36 31 23 15 10 9 12 12 12 12 11 11 12 11 11 11 12 12 12 11 10 10 10 10 10 10 10 10 11 11 10 11 11 11 10 10 10 10 11 11 10 11 11 12 12 12 11 11 12 12 12 12 12 12 14 14 15 15 
23 24 26 32 52 62 76 102 118 129 130 127 117 112 99 86 70 57 63 67 77 86 97 90 83 71 51 51 52 52 52 52 51 46 40 38 37 37 37 38 37 42 57 84 78 48 44 38 31 26 23 22 22 26 31 33 35 36 36 30 22 22 21 21 23 26 30 36 36 36 35 35 35 31 23 16 9 8 11 11 11 11 11 11 10 10 10 10 10 10 10 10 10 10 10 10 10 10 11 10 9 9 11 11 11 11 11 11 11 11 10 10 9 9 11 11 12 12 11 11 12 12 14 14 15 15 16 16 17 17 
23 24 26 31 48 57 71 93 93 91 103 103 101 98 93 88 84 79 78 75 74 73 74 74 64 57 50 51 52 52 52 51 49 44 40 38 37 37 37 38 39 43 65 78 64 36 32 26 22 21 23 26 31 32 32 33 35 37 34 30 22 21 21 21 23 26 30 36 36 35 35 35 35 31 23 16 9 8 11 11 11 11 11 11 10 10 10 10 10 10 10 9 10 10 10 10 10 10 11 10 9 9 11 12 12 12 12 12 11 11 11 11 10 10 11 11 12 13 11 11 12 14 15 15 16 17 17 18 19 19 
22 24 25 30 40 46 66 82 87 89 90 92 91 91 92 89 87 87 86 80 69 65 57 53 54 52 52 52 54 53 52 50 47 43 40 39 37 36 36 38 43 47 70 71 46 19 22 21 22 22 24 26 30 33 35 33 35 37 36 31 24 22 22 20 22 25 29 34 35 36 35 36 36 31 23 15 10 9 11 11 11 11 11 11 10 10 10 10 10 10 10 10 10 10 11 11 11 11 11 10 10 10 11 11 12 12 11 11 11 11 10 10 10 11 11 11 11 12 12 12 14 15 18 18 17 18 18 18 18 18 
21 22 24 29 34 39 62 76 87 94 94 92 94 94 92 92 92 90 84 72 64 58 51 47 51 52 51 51 51 52 51 49 46 43 40 39 37 36 35 37 44 50 66 59 35 10 18 19 20 22 23 24 26 29 31 32 36 37 36 31 24 22 22 20 22 25 29 34 35 35 36 36 36 31 21 15 11 10 11 12 11 11 11 11 10 10 10 10 10 10 10 9 10 10 10 11 11 11 11 11 11 10 11 12 12 12 12 12 12 12 12 12 12 12 12 14 14 15 16 16 17 17 19 19 18 18 18 18 18 18 
21 22 23 26 32 38 57 74 87 99 96 92 93 91 89 88 85 84 71 63 56 52 50 49 50 51 50 50 49 49 47 46 44 42 39 38 36 36 33 37 45 53 64 54 33 15 18 18 19 19 18 19 19 23 31 36 37 37 35 30 25 22 21 19 21 24 26 31 33 34 37 37 36 31 21 15 11 10 12 12 12 11 11 11 11 11 11 11 11 11 10 10 10 10 10 11 12 12 12 12 13 12 12 12 12 13 14 14 14 14 14 14 15 15 15 15 15 16 17 17 18 18 18 18 18 18 19 19 18 18 
22 23 23 26 32 39 53 72 86 99 97 89 88 85 77 74 71 68 64 58 52 51 49 49 50 50 49 49 47 47 45 44 42 39 40 38 36 36 36 40 50 58 64 53 37 25 21 21 20 20 19 19 21 23 33 37 37 38 36 31 26 23 21 19 21 23 25 30 32 33 36 36 36 31 21 14 11 10 12 12 12 12 12 11 11 11 11 11 11 11 10 11 11 11 11 11 13 12 13 13 15 13 13 13 13 15 14 14 15 15 15 16 16 16 16 17 17 17 18 18 19 19 19 19 19 19 20 20 19 19 
24 23 23 24 30 37 46 67 80 101 101 86 81 73 63 60 54 51 54 51 49 47 47 47 50 50 47 47 47 45 44 42 38 38 38 38 37 37 39 44 54 65 47 33 23 17 22 22 19 17 17 19 22 26 32 37 38 38 36 31 26 22 19 18 19 22 24 28 31 33 33 33 36 30 21 15 14 14 12 12 12 11 10 11 12 12 11 11 11 11 11 11 11 11 11 11 11 11 13 13 13 13 13 13 12 14 15 15 15 16 16 16 17 17 17 17 17 18 18 18 19 19 19 19 19 19 19 19 18 18 
25 24 22 23 29 35 43 58 74 102 102 80 74 65 60 58 53 49 47 47 46 46 46 46 47 47 46 46 46 45 43 39 37 36 37 36 33 33 43 52 65 80 58 36 17 12 21 19 17 16 17 19 24 29 32 36 36 35 33 30 24 21 18 18 19 22 24 28 31 32 33 33 36 30 22 15 14 12 12 11 11 11 10 11 11 11 11 11 11 11 11 11 11 11 10 10 10 10 11 11 12 13 13 15 15 16 17 17 18 19 18 17 18 17 17 17 17 18 18 18 19 19 21 21 19 19 19 19 19 19 
26 25 21 22 28 36 41 53 68 99 105 76 67 59 55 53 45 43 43 43 44 44 44 45 45 44 44 45 44 44 40 36 33 33 35 35 32 32 47 58 81 107 88 53 21 13 19 17 16 16 18 22 26 30 32 32 32 31 29 25 22 19 17 17 18 21 23 26 29 31 33 34 35 30 22 16 14 12 12 11 11 12 11 12 11 11 10 10 11 11 11 11 11 11 10 9 9 9 9 9 12 13 14 15 17 18 19 21 22 22 21 19 19 18 18 18 18 18 18 18 19 19 22 22 21 19 19 19 19 19 
26 25 22 23 28 35 39 44 60 90 112 86 65 51 47 45 39 39 39 38 38 39 39 42 43 42 42 43 42 42 38 36 35 32 33 33 32 32 44 59 89 113 103 72 37 25 23 23 22 18 21 23 26 30 31 30 30 30 28 24 21 17 17 17 18 21 23 26 29 31 33 34 35 30 22 16 14 12 11 11 12 12 13 13 11 10 10 10 11 12 12 12 12 12 11 10 10 10 10 10 12 15 15 16 18 18 19 21 22 22 21 19 19 18 18 18 18 18 18 18 19 19 22 22 22 19 19 19 19 19 
28 25 23 24 30 34 37 44 56 88 121 90 63 43 43 39 37 38 38 38 39 38 38 39 39 40 40 40 40 40 37 36 35 32 33 34 31 32 38 54 93 121 131 104 75 65 47 45 42 33 29 28 29 30 30 29 29 28 25 22 19 17 17 18 19 21 23 26 29 31 33 34 33 29 22 15 12 11 11 11 11 13 12 12 10 10 10 10 11 11 11 11 11 11 11 11 11 10 10 11 12 14 15 17 19 20 21 21 23 23 21 21 21 19 18 18 18 18 18 18 20 20 22 22 20 20 19 19 19 19 
26 26 24 26 30 34 34 43 44 82 110 95 61 42 42 42 38 36 36 37 39 39 37 38 38 37 37 38 38 37 36 35 33 31 33 33 31 32 35 50 87 121 143 123 95 87 84 79 72 64 57 53 46 39 46 40 37 36 30 24 21 18 18 19 21 22 24 26 29 31 32 32 31 26 19 12 11 11 11 11 12 13 12 11 10 10 10 10 12 12 11 12 12 12 12 14 14 12 14 14 15 16 17 18 20 20 21 21 23 23 21 21 21 19 18 18 18 18 18 18 20 20 20 20 20 20 19 19 19 19 
26 26 25 26 30 34 33 39 40 73 97 101 70 38 43 42 38 35 36 37 37 37 35 33 32 32 32 33 35 33 35 32 32 31 31 31 32 33 35 46 71 104 147 137 113 109 111 118 113 101 93 98 84 63 73 61 52 47 39 28 23 19 19 19 19 23 24 28 29 29 30 29 29 24 18 14 12 12 11 12 11 12 12 12 11 11 11 11 11 12 12 14 14 15 15 15 16 15 16 16 17 18 20 20 19 19 20 22 21 22 22 21 22 20 19 18 18 18 18 18 19 19 19 19 20 20 20 19 18 18 
25 26 26 28 31 34 32 38 38 58 87 102 74 33 40 37 35 31 33 33 35 33 33 32 29 30 30 31 31 31 31 30 30 30 30 30 32 33 35 39 57 86 138 139 124 113 113 123 124 117 105 117 114 101 86 84 79 72 63 53 46 33 28 28 28 26 26 28 29 29 29 26 25 22 17 14 14 14 14 14 14 14 12 12 11 11 11 11 11 14 14 15 15 16 16 16 17 17 18 18 19 21 22 22 21 21 20 22 22 23 22 22 22 22 19 19 19 19 19 19 21 21 21 21 22 22 20 20 19 19 
25 26 26 29 31 33 33 36 37 36 42 56 73 87 58 32 23 26 29 29 31 33 33 31 31 30 29 29 28 29 28 28 28 28 28 29 30 31 34 37 37 51 97 104 97 89 110 108 109 117 116 114 114 117 114 111 108 107 100 87 78 68 43 33 29 25 27 27 26 26 28 28 26 23 18 16 15 15 14 14 14 14 15 15 14 14 14 12 12 14 15 15 17 17 17 18 19 19 19 19 21 21 22 22 23 23 22 23 24 25 25 24 24 24 23 23 23 23 21 22 23 22 22 22 22 21 21 21 19 19 
25 26 26 29 31 33 33 35 36 36 40 54 70 84 71 44 31 28 26 25 30 33 33 30 28 25 24 25 25 25 25 26 26 26 28 28 29 30 33 36 33 39 83 100 97 88 97 98 98 101 102 108 109 113 111 111 112 116 114 105 101 90 70 64 58 53 52 47 42 37 30 31 30 26 23 20 18 17 16 17 16 16 16 17 18 18 16 17 17 17 18 18 18 18 17 19 22 23 23 23 23 23 23 24 26 25 24 25 26 27 29 26 27 27 26 25 25 25 23 24 25 25 25 24 23 22 22 22 22 22 
25 26 28 29 31 32 33 33 33 33 37 50 64 82 96 66 44 32 23 21 25 31 32 28 19 18 18 19 21 22 23 25 25 25 26 28 29 29 31 33 32 29 57 75 79 82 85 87 88 92 94 93 94 100 89 87 93 96 96 96 103 99 95 90 88 85 81 75 69 65 60 59 57 54 47 41 32 26 24 22 22 21 20 20 19 21 19 19 21 22 22 22 22 19 18 22 26 26 25 26 25 24 25 25 27 29 25 26 29 30 29 29 28 28 26 25 25 24 25 25 26 28 29 27 25 25 25 25 25 25 
25 26 26 28 29 30 31 31 32 32 36 49 61 81 103 71 46 33 21 18 23 27 33 24 19 18 15 15 16 18 22 24 25 26 28 28 29 29 30 31 31 26 38 57 72 78 81 80 80 81 85 81 81 84 87 87 87 87 88 90 88 86 86 89 93 99 100 96 95 93 93 94 93 88 86 79 65 56 42 37 35 30 25 22 21 22 21 21 23 25 24 25 24 22 22 25 29 29 28 29 28 26 26 26 29 30 29 30 30 31 31 30 30 30 29 28 28 28 26 28 28 28 30 29 28 28 28 26 27 27 
25 26 26 26 28 29 30 30 30 31 30 40 53 68 100 103 65 38 30 24 25 31 31 25 22 17 15 11 12 16 18 22 24 25 26 28 28 28 28 30 32 30 38 52 68 74 76 76 77 77 78 80 81 84 82 84 84 84 85 85 84 84 82 85 88 90 95 96 97 99 101 104 108 108 110 108 101 91 86 79 66 54 44 39 33 30 26 25 26 28 30 29 28 25 25 26 29 29 29 30 28 28 26 28 28 29 30 31 31 32 31 30 30 30 31 29 28 28 28 28 29 29 29 29 28 28 28 28 28 28 
24 25 26 28 28 28 28 28 28 28 26 36 45 61 84 99 78 46 40 39 42 43 36 28 24 19 15 11 14 16 17 21 22 23 24 25 26 28 26 30 33 29 46 59 68 73 75 75 75 75 77 78 80 81 84 84 84 84 85 85 84 82 80 80 83 85 88 89 90 92 94 101 106 110 117 118 121 117 124 121 107 92 81 71 60 52 38 36 33 31 31 30 30 28 28 28 29 29 29 29 26 26 26 26 28 29 30 30 30 31 31 30 30 30 30 29 29 29 28 28 29 29 28 28 26 28 28 28 28 28 
23 24 25 26 26 25 25 25 26 26 24 30 36 50 75 103 97 63 54 50 51 51 31 24 19 16 12 12 15 18 18 19 21 22 23 24 25 25 26 29 35 30 45 61 68 73 73 74 74 75 77 77 78 79 81 81 81 81 82 82 82 82 81 81 82 84 86 87 87 86 86 90 96 103 109 114 119 124 127 131 132 127 124 112 103 92 74 65 55 45 40 36 32 31 29 29 29 28 28 28 26 25 26 26 26 28 28 28 28 29 30 29 28 28 28 28 26 28 29 29 29 29 28 28 26 28 28 28 28 28 
22 23 24 25 26 26 25 25 25 26 24 28 32 42 75 101 108 85 67 61 50 56 30 21 16 14 12 11 12 16 18 19 19 22 22 24 25 25 26 29 35 35 50 62 67 72 73 73 74 74 75 75 78 78 79 79 80 80 80 81 81 82 82 84 85 85 84 86 86 85 81 82 88 91 95 97 104 110 111 115 123 129 139 138 139 129 118 101 83 72 53 46 40 36 32 30 29 29 28 26 25 25 26 26 26 28 28 28 28 28 29 28 26 26 26 26 25 26 29 29 30 29 28 28 28 28 28 28 28 28 
22 23 24 25 26 26 25 25 25 26 25 26 29 28 65 94 110 102 71 61 45 25 23 20 15 12 11 11 11 14 15 17 18 19 22 24 25 26 27 31 37 43 54 64 68 73 72 72 73 73 74 75 77 77 79 79 79 79 79 80 81 82 82 82 82 82 83 85 82 81 81 84 86 87 87 89 93 97 94 97 101 109 116 118 119 112 127 121 113 108 93 78 65 57 44 39 36 31 30 30 26 25 25 25 26 28 28 28 28 28 26 26 26 25 25 25 25 26 26 26 28 28 28 28 28 28 28 28 28 28 
23 23 24 25 26 26 25 25 25 26 25 26 29 28 52 79 102 107 74 59 40 23 20 18 15 12 12 11 10 10 11 14 15 16 18 22 24 25 27 31 38 49 59 65 69 72 72 72 72 73 74 75 77 77 78 78 78 78 78 79 79 80 79 80 80 80 81 81 81 81 81 81 81 82 86 85 83 83 82 85 88 92 97 101 105 105 127 127 125 125 123 111 103 89 72 61 50 45 40 36 31 28 28 26 25 26 26 26 26 26 26 26 26 26 25 25 25 25 26 26 28 28 28 28 28 28 28 28 28 28 
25 24 25 26 26 26 26 26 26 26 26 26 28 28 37 65 95 111 87 59 33 28 22 16 16 13 13 12 11 11 9 11 11 14 16 19 23 24 28 31 42 54 65 68 70 71 71 72 72 72 73 74 75 75 77 77 77 77 75 78 78 78 77 77 77 77 77 78 79 79 80 80 80 80 81 84 84 84 82 84 85 86 88 89 92 94 106 111 118 119 118 118 116 108 99 85 72 64 57 49 42 35 30 28 26 26 26 27 26 26 26 26 26 26 25 25 25 25 25 26 28 28 28 28 28 28 28 28 28 28 
25 25 25 26 28 28 26 26 26 26 26 26 28 28 36 52 80 103 95 53 25 24 21 17 16 13 13 12 11 11 10 9 10 11 14 18 22 24 29 35 46 58 67 72 71 72 71 71 71 72 73 74 74 75 75 77 77 77 77 77 77 77 77 75 75 75 75 77 77 78 78 78 78 78 78 79 81 85 85 86 87 87 88 88 88 87 87 88 95 97 99 101 107 110 111 107 102 90 77 68 59 51 30 26 26 25 25 26 25 26 26 26 26 25 25 25 25 25 25 26 28 28 28 28 28 28 28 28 28 28 
25 25 25 28 29 29 28 28 28 28 28 28 28 28 35 49 73 97 101 76 36 24 25 21 17 15 15 12 11 11 10 10 10 10 13 16 18 19 28 38 52 62 68 72 72 72 70 71 71 72 73 73 74 74 74 74 75 75 75 75 75 75 75 74 74 74 74 75 75 77 77 75 75 77 78 78 79 82 85 86 86 86 86 86 85 85 85 84 84 86 87 88 89 89 90 90 91 90 88 84 77 68 37 32 30 27 26 26 26 27 26 26 26 26 25 25 25 25 25 25 26 26 26 26 26 26 26 26 26 26 
24 24 25 28 29 29 28 28 28 28 28 28 28 29 33 43 61 85 103 88 52 26 31 25 22 17 17 15 11 11 10 10 10 10 13 15 16 19 31 42 55 65 70 72 72 72 70 71 71 72 73 73 74 74 74 74 74 75 75 75 75 75 74 74 74 73 74 75 75 75 75 74 74 75 77 78 79 81 81 82 84 84 82 84 84 85 84 84 84 84 84 85 85 85 86 85 86 86 85 82 81 79 46 42 38 33 32 30 29 29 26 26 26 25 25 25 25 25 25 25 26 26 26 26 26 26 26 26 26 26 
24 24 26 29 29 29 29 29 28 28 28 26 28 29 31 37 49 72 102 100 69 33 33 28 23 19 18 17 14 11 11 10 11 12 11 11 12 17 35 46 58 67 72 73 71 71 70 71 72 73 74 74 73 73 73 73 72 73 73 73 73 73 72 73 73 73 73 74 74 75 74 74 74 75 75 77 78 80 79 79 80 80 81 82 82 82 81 81 84 84 84 84 84 84 82 82 84 84 82 80 78 74 54 49 45 39 37 31 26 28 28 26 26 25 24 24 24 24 24 24 25 25 26 26 26 26 26 26 26 26 
24 24 26 29 29 29 29 29 28 28 28 26 28 29 30 36 43 60 90 101 81 50 32 26 22 18 18 18 16 16 16 14 15 13 14 16 18 25 39 51 64 70 74 74 72 71 71 71 73 73 74 74 73 73 72 72 71 71 72 72 72 72 71 72 72 73 73 73 73 74 73 73 73 74 75 75 75 77 77 77 78 78 80 80 80 80 80 80 81 81 82 81 80 81 81 81 82 82 80 81 79 74 65 61 58 54 48 41 33 28 25 25 24 25 24 24 24 24 24 24 25 25 26 26 26 28 26 26 26 26 
25 25 27 30 30 30 30 30 29 28 26 26 28 28 30 33 39 52 79 93 73 42 31 24 23 19 19 19 19 21 18 17 17 18 17 23 32 51 53 64 67 72 73 73 72 71 72 73 72 73 73 73 73 72 72 71 71 71 72 72 72 72 71 72 72 72 72 73 73 73 72 73 73 73 73 74 74 75 75 75 77 77 78 79 80 81 80 81 79 80 80 80 79 78 78 79 81 82 80 77 75 74 75 73 70 68 64 56 48 39 29 24 24 24 23 24 23 23 24 24 25 25 25 26 26 26 26 26 26 26 
25 25 27 30 30 30 30 30 29 28 26 25 26 26 28 32 38 45 70 82 75 54 39 31 27 25 24 23 22 23 23 24 24 28 28 38 46 73 64 71 71 72 72 72 72 72 73 73 72 73 73 73 72 72 72 71 71 71 72 72 72 72 71 72 72 73 73 73 73 73 72 72 72 73 73 73 73 74 75 75 77 77 78 78 79 79 79 79 78 79 79 79 77 73 74 78 81 82 84 85 84 84 83 83 82 82 80 72 64 57 45 36 29 25 24 24 23 23 23 23 24 24 25 25 25 26 26 26 26 26 
26 26 28 30 31 31 30 30 29 28 26 26 28 26 28 31 36 40 57 73 79 67 51 40 37 34 31 28 26 26 26 26 25 36 44 57 66 82 70 73 75 74 72 72 72 73 74 74 73 73 73 73 72 72 72 71 71 71 72 72 72 73 72 73 73 73 73 73 73 73 72 73 73 73 73 73 73 74 74 75 77 77 77 77 78 78 75 77 77 77 78 77 74 69 68 71 80 81 84 88 88 88 89 93 96 99 100 90 81 71 60 53 45 36 29 26 26 25 23 23 23 23 24 24 25 25 26 26 26 26 
26 26 26 29 31 31 31 31 29 28 28 28 29 29 28 30 33 36 47 64 68 66 61 57 54 51 45 39 37 36 36 38 37 52 63 68 75 76 74 74 74 73 72 72 73 74 74 74 73 73 73 73 73 73 72 72 72 72 72 72 72 73 73 73 73 73 73 73 73 73 73 73 73 73 73 73 73 74 74 75 77 77 77 77 78 78 75 75 75 75 77 77 74 67 64 64 69 72 75 80 85 89 93 101 106 113 117 108 97 89 79 68 60 53 44 35 29 25 23 23 23 23 23 23 24 25 25 25 26 26 
26 26 26 30 31 31 31 31 30 29 28 28 31 31 30 31 31 33 40 53 68 77 74 74 75 71 66 60 57 57 59 67 72 80 81 80 78 78 76 75 73 72 72 73 73 74 75 74 73 73 73 73 73 73 72 72 72 72 72 73 73 74 73 74 74 74 73 73 73 73 73 73 73 73 73 73 73 74 74 75 78 78 78 78 76 76 75 75 75 75 77 77 74 67 63 59 57 61 65 71 73 80 94 106 115 124 127 120 113 106 97 88 79 68 60 47 35 26 25 25 25 25 24 24 24 25 25 25 26 26 
25 25 26 30 31 31 31 31 30 28 28 29 33 33 31 31 31 31 34 41 58 72 73 73 73 73 73 72 72 72 73 74 76 76 75 76 77 75 75 74 73 72 73 74 74 74 75 74 73 73 73 73 73 73 74 74 73 73 73 73 73 74 73 74 74 74 73 73 73 73 74 73 73 73 73 73 73 74 74 75 78 78 78 78 76 76 75 75 77 77 77 77 76 69 65 61 59 59 61 66 68 72 85 100 111 126 128 125 123 118 115 105 95 87 79 64 47 35 28 28 28 26 26 26 26 25 26 26 26 26 
25 26 28 31 32 32 32 31 29 28 29 30 36 36 33 32 30 29 30 35 47 62 72 72 72 73 74 77 79 81 81 79 78 75 74 74 74 74 74 74 73 73 74 74 74 74 74 73 73 73 73 73 73 73 75 75 73 73 73 73 73 74 74 74 74 74 73 73 73 73 72 72 72 72 72 72 72 73 73 74 75 77 78 78 76 76 75 77 78 78 78 78 75 73 72 68 65 64 66 67 70 70 74 87 102 118 130 130 128 125 122 117 111 104 95 79 64 47 32 31 32 32 30 29 28 28 28 26 26 26 
25 26 30 32 33 33 32 31 29 26 26 26 31 31 30 30 29 29 30 32 41 51 71 71 72 73 75 78 79 80 81 78 77 75 74 73 73 73 73 73 72 72 73 73 73 73 73 73 73 73 73 73 73 73 75 75 74 74 74 74 74 74 74 74 74 74 72 72 72 73 72 72 72 72 72 72 72 73 73 75 75 77 79 79 78 78 77 78 78 79 79 79 79 78 75 73 71 70 68 68 70 70 72 79 92 108 122 128 128 125 125 125 124 121 117 101 85 68 33 33 34 33 31 30 30 29 28 28 26 26 
26 28 30 32 35 35 32 30 28 25 22 21 22 23 24 24 26 28 28 30 35 44 63 66 71 73 74 74 73 72 72 73 73 73 72 72 73 73 70 70 70 70 72 72 71 71 72 72 73 74 74 74 73 73 73 73 73 73 73 73 73 74 74 74 73 73 72 71 71 71 70 70 70 70 70 68 70 71 72 73 74 75 75 75 77 77 77 78 79 79 79 79 80 80 79 77 76 74 72 71 71 71 72 75 80 90 104 113 118 123 128 127 129 129 130 117 102 94 78 69 44 33 33 31 30 30 29 28 26 26 
26 28 30 33 36 35 32 30 26 24 19 17 17 18 21 22 25 26 28 29 29 36 56 59 65 67 68 68 67 66 66 66 67 67 68 68 68 68 67 67 67 67 69 69 68 68 69 71 72 74 74 74 73 73 72 73 73 73 73 73 72 72 73 73 72 72 71 68 68 68 66 65 64 64 64 64 64 65 66 67 68 70 71 71 73 74 75 75 78 79 79 80 82 82 84 82 81 80 77 75 73 72 73 75 78 84 95 102 107 113 118 121 120 120 118 113 103 100 91 91 61 39 35 30 30 30 30 29 28 28 
28 29 31 35 35 33 31 29 25 23 19 17 18 19 19 21 24 25 25 25 25 31 52 56 59 63 64 64 63 61 61 61 63 63 64 64 63 63 63 63 63 63 64 64 64 64 64 66 67 66 67 70 71 71 71 72 72 72 72 72 71 71 71 68 69 68 66 64 63 61 61 59 58 58 58 58 58 58 59 60 61 63 65 65 67 72 74 74 77 78 80 81 82 85 85 86 85 84 81 80 77 74 73 74 75 80 87 92 97 102 109 111 110 108 109 107 103 100 99 97 79 51 35 30 30 30 30 29 28 28 
28 30 31 31 30 30 28 26 24 23 23 23 22 22 21 22 23 23 21 21 22 26 49 52 56 59 60 60 59 58 58 58 59 59 60 60 59 59 59 59 59 59 60 60 60 60 60 61 61 63 64 65 66 68 68 70 70 70 68 68 68 66 66 64 62 62 59 57 54 53 53 51 50 49 49 49 49 49 50 51 52 53 54 57 60 65 68 71 74 75 77 79 80 81 84 85 85 85 86 85 82 79 77 77 75 78 82 85 86 88 89 90 93 96 100 101 96 90 78 85 76 54 37 29 29 29 29 28 28 28 
28 29 29 29 28 28 25 25 24 26 28 30 30 29 30 30 31 30 28 23 20 23 47 50 54 57 58 58 57 55 55 55 56 56 57 57 56 56 57 57 57 57 57 57 57 57 57 57 58 58 59 60 61 63 64 65 65 65 65 63 63 60 59 56 53 50 49 45 43 42 42 39 38 37 37 36 36 36 37 38 39 40 42 43 50 56 60 66 70 72 73 75 78 80 81 82 84 85 86 86 84 82 80 78 77 79 79 79 79 80 80 80 84 87 90 88 80 73 63 73 67 50 38 30 29 29 29 28 28 28 
26 28 28 28 26 26 24 23 24 30 36 40 42 40 40 39 39 38 35 28 23 22 45 47 51 54 55 54 53 52 52 52 52 53 53 54 53 53 53 53 53 54 53 54 54 54 54 54 56 56 56 57 58 59 59 59 59 58 58 57 54 52 51 46 43 40 38 35 32 31 30 29 26 25 25 24 24 24 25 26 28 29 30 31 38 45 51 57 61 65 68 72 75 78 79 80 81 82 84 84 82 84 81 80 79 78 78 79 79 78 79 78 77 75 73 70 66 61 58 66 66 57 44 29 30 29 28 28 28 28 
26 28 28 28 26 25 25 23 25 31 40 53 54 56 44 47 51 50 46 38 30 29 42 45 50 52 53 52 52 51 51 51 52 53 53 53 52 52 52 52 52 53 53 53 53 53 53 53 54 54 54 54 54 54 53 53 52 50 51 50 46 43 40 36 32 29 26 23 21 19 19 17 16 15 15 15 15 15 16 18 18 20 19 22 26 33 36 43 49 54 59 65 70 72 74 75 78 79 79 81 82 82 84 82 81 79 78 79 79 79 77 77 73 66 60 59 57 57 57 63 65 58 47 26 30 29 26 28 28 28 
25 28 28 28 28 26 25 24 28 33 44 52 53 54 44 49 54 58 56 47 37 37 43 45 50 52 52 52 51 50 50 50 51 52 52 52 51 51 51 51 51 52 52 52 52 52 52 53 53 53 53 52 52 51 48 47 46 43 41 41 37 33 31 26 24 21 18 15 14 12 12 12 11 11 11 11 12 12 12 13 14 14 14 15 18 22 24 31 37 43 50 57 61 65 67 70 73 75 75 78 80 82 84 84 84 82 81 80 80 79 79 78 74 71 66 60 58 56 56 61 65 58 54 38 30 29 28 26 26 26 
26 28 28 28 28 28 26 25 28 35 45 51 51 50 46 50 52 50 52 50 45 42 43 45 47 49 50 49 49 49 49 49 49 50 50 51 50 50 50 49 49 50 50 51 51 51 51 50 51 51 51 49 49 47 45 45 40 38 33 31 30 28 25 22 19 16 14 12 11 10 9 10 10 10 10 9 10 11 11 10 11 11 11 12 14 15 17 21 25 31 38 45 53 59 64 65 68 71 74 76 78 81 83 83 85 83 85 82 81 82 83 82 80 78 75 67 59 56 56 59 64 59 50 38 31 30 29 29 28 26 
28 29 29 29 29 30 28 26 29 36 45 49 50 50 50 50 52 51 52 50 45 43 43 44 46 47 47 47 47 46 46 47 47 49 49 49 47 47 47 47 47 49 49 49 49 49 49 49 49 49 49 46 45 43 40 40 37 33 30 28 25 23 21 18 16 15 12 12 10 10 10 10 10 10 10 10 11 11 11 11 11 12 12 11 12 12 14 15 17 21 25 33 44 52 58 61 64 67 71 73 74 77 79 80 81 82 82 81 81 81 82 82 81 82 81 73 65 58 57 58 62 60 56 38 30 29 26 26 25 24 
29 30 30 32 32 32 30 29 30 37 45 46 47 49 52 51 53 51 51 49 45 44 43 44 45 45 45 45 45 45 45 46 46 46 47 47 46 46 46 46 46 46 47 47 47 47 47 47 46 46 45 43 40 39 37 36 32 28 24 22 19 17 15 13 12 12 10 10 9 9 9 9 9 10 10 11 11 10 10 10 11 10 10 11 11 10 12 13 16 16 18 25 32 43 51 56 59 63 66 68 71 72 73 73 74 77 77 75 77 77 78 76 78 80 80 77 72 65 58 57 60 61 58 40 30 27 26 24 23 22 
29 31 30 32 35 35 32 29 30 37 44 46 46 47 50 51 53 52 51 50 46 44 43 44 44 44 44 44 44 44 44 45 45 45 46 46 45 45 45 45 45 45 46 46 46 46 46 45 45 44 42 39 37 36 33 31 28 23 19 17 16 14 13 13 11 11 10 10 9 9 10 10 11 11 11 11 11 11 11 11 11 11 11 11 11 11 11 12 13 15 15 19 23 32 42 50 56 59 64 66 67 70 70 70 70 71 71 71 71 70 72 72 72 72 72 72 68 66 65 63 60 59 57 44 34 29 25 24 22 22 
29 31 33 36 37 35 31 28 29 35 43 45 45 46 47 47 50 50 51 48 45 43 42 42 42 42 42 42 42 42 42 43 43 43 44 44 43 43 43 43 43 43 44 44 44 44 44 43 43 42 39 36 33 30 26 24 23 21 18 17 15 12 12 10 10 10 10 10 10 11 11 11 11 11 11 11 11 11 11 11 11 11 11 11 11 11 12 12 12 12 13 15 16 22 31 40 50 54 60 65 65 67 67 66 66 66 66 66 66 66 66 66 65 65 65 65 65 65 65 61 60 59 58 47 37 29 24 23 22 22 
28 30 33 38 38 37 36 37 42 43 44 44 44 45 45 45 46 46 47 46 43 42 42 40 40 40 40 40 40 40 40 42 42 42 42 42 42 42 40 42 42 42 42 42 42 42 42 40 40 40 37 33 30 26 22 20 17 17 15 15 12 11 11 11 11 11 11 11 11 11 11 11 11 11 11 11 11 11 12 12 11 11 11 11 11 11 12 12 12 11 11 11 11 15 22 30 40 47 57 61 61 63 64 63 63 63 63 63 63 61 62 62 61 61 61 61 61 61 61 59 59 58 57 50 43 33 22 23 23 23 
29 27 31 37 39 39 51 59 63 61 49 42 43 43 44 44 44 44 45 45 43 43 41 41 39 39 39 39 39 39 39 40 40 40 40 40 40 40 39 40 40 40 40 40 40 40 40 39 39 38 33 31 28 23 19 18 16 15 14 14 12 11 11 11 11 11 11 11 11 11 11 11 11 12 12 12 12 12 12 12 11 11 12 12 12 11 12 12 12 11 10 10 11 13 15 21 30 37 47 56 58 60 61 60 60 60 60 60 60 59 59 59 59 59 59 59 59 59 60 59 58 59 56 51 46 38 21 24 24 24 
26 18 18 26 31 33 54 67 71 72 50 40 42 42 43 43 43 43 44 44 43 43 41 41 39 39 39 39 39 39 39 40 39 39 39 39 39 39 39 40 40 39 40 40 40 40 40 39 38 36 32 29 25 22 18 17 15 15 14 12 12 11 12 11 12 12 11 12 12 12 11 12 12 12 12 12 12 14 12 14 12 12 12 12 12 11 12 12 12 11 10 10 10 11 12 14 21 29 37 49 56 58 59 59 59 59 59 59 59 58 57 57 58 58 57 57 57 57 58 58 57 58 56 52 49 43 21 25 26 25 
2 1 1 7 24 44 53 51 49 47 46 40 40 40 42 42 42 42 43 43 40 39 39 39 39 39 38 38 39 39 39 39 39 38 39 39 39 39 38 39 39 39 39 39 39 39 39 39 37 35 30 28 24 19 18 17 16 15 12 11 11 11 12 13 12 12 12 12 12 13 13 13 12 14 14 15 15 14 15 13 12 12 12 12 12 11 12 12 12 11 11 10 9 10 12 15 18 29 33 44 52 57 58 58 59 59 59 59 59 58 57 57 56 56 57 57 57 57 57 57 56 54 54 53 51 45 44 37 31 29 
3 4 3 6 24 42 50 48 46 45 44 42 40 40 42 42 42 42 43 43 40 39 39 38 38 38 38 38 38 38 38 39 38 38 38 38 38 38 38 39 39 39 39 39 39 39 39 38 36 32 28 25 22 17 17 16 15 15 12 12 12 11 13 13 12 13 12 12 12 13 13 15 14 15 16 17 17 16 16 15 13 13 12 12 12 12 12 12 12 11 11 11 9 10 12 12 15 19 28 39 49 54 57 57 58 58 58 58 58 57 56 56 56 56 56 56 56 56 55 55 53 53 53 52 50 49 47 44 39 33 
1 1 1 7 23 40 41 41 40 40 40 40 40 40 41 41 41 41 41 41 39 38 38 37 37 38 38 38 38 38 38 38 38 38 37 37 37 38 38 38 38 39 39 39 39 39 39 37 36 31 25 23 18 16 15 15 14 12 13 13 13 13 13 13 12 13 13 12 13 13 15 16 16 16 19 22 22 19 17 17 15 15 13 13 12 12 12 12 11 11 12 11 11 11 11 12 14 16 24 32 40 51 56 56 57 57 58 59 58 56 56 56 55 55 55 55 54 54 53 53 52 51 51 51 50 50 49 47 43 38 
1 1 1 8 21 33 37 38 36 36 37 38 38 39 39 39 39 39 39 39 37 37 36 36 36 37 37 37 37 37 37 37 37 36 37 37 37 38 38 38 38 38 39 39 39 39 39 35 31 26 23 20 16 15 13 13 12 12 12 11 11 12 13 13 13 13 13 13 15 15 16 17 18 21 24 26 26 24 22 18 16 17 15 15 13 13 13 12 11 11 12 12 11 11 11 11 12 15 18 23 31 45 52 53 54 54 55 57 56 53 53 53 53 53 53 53 52 52 51 50 49 49 49 49 49 49 49 47 45 42 
1 1 1 7 19 32 33 34 33 33 36 36 37 38 38 38 38 38 38 38 37 37 35 35 35 36 36 36 36 36 36 36 36 35 36 36 36 37 37 37 38 38 38 39 40 40 39 34 29 23 18 16 14 12 11 11 12 12 10 8 9 11 12 14 13 13 15 13 15 15 16 19 22 24 29 32 31 28 23 18 17 15 16 15 14 14 12 12 12 11 12 12 11 11 10 11 12 12 14 16 25 40 46 49 52 54 54 53 53 53 52 51 51 51 50 50 50 50 49 49 47 47 46 46 46 45 46 46 46 45 
1 1 1 7 19 32 34 33 33 33 35 36 36 37 37 37 37 37 37 37 36 36 33 33 33 35 35 35 35 35 35 35 35 35 35 36 36 37 37 37 37 38 38 38 39 39 38 33 28 19 15 13 12 12 10 11 12 11 11 10 10 12 12 15 15 15 15 15 16 16 18 19 22 26 32 35 35 30 23 19 18 15 17 16 14 14 14 12 11 11 12 12 12 12 10 11 10 10 10 11 18 33 43 45 50 54 54 53 53 53 51 50 51 50 49 49 47 47 47 46 46 44 44 44 43 43 43 44 45 45 
1 1 1 7 19 32 36 34 33 33 33 35 35 35 36 36 35 35 35 35 33 33 32 32 32 33 33 33 33 33 33 33 33 33 33 35 35 35 36 36 36 36 36 36 36 36 36 31 24 17 14 11 11 11 11 11 11 11 10 11 12 12 15 16 16 16 15 15 15 16 16 18 21 28 33 36 35 30 23 19 18 15 17 16 15 15 15 14 12 12 12 12 12 12 10 10 10 11 9 9 12 25 38 43 46 52 52 53 53 51 50 50 50 50 50 49 48 48 48 47 46 45 43 43 42 42 42 42 42 43 
1 1 1 7 19 32 37 36 35 33 33 33 33 33 34 34 33 33 33 33 32 32 32 31 31 32 32 32 32 32 32 32 33 33 33 35 35 36 36 36 37 37 36 33 32 33 34 30 22 15 12 11 11 11 10 11 11 11 11 14 14 16 19 17 18 16 16 16 15 15 15 18 21 28 33 36 32 29 23 19 18 15 16 16 15 16 16 14 12 12 13 12 12 11 11 11 9 9 8 8 9 19 32 39 45 52 53 52 51 51 50 50 50 50 50 49 48 48 48 47 46 45 43 43 42 40 40 40 40 42 
1 1 1 7 19 32 35 35 33 33 33 33 33 33 33 33 33 33 33 33 32 32 31 31 31 31 32 32 32 32 32 32 32 33 33 33 33 35 35 35 35 35 35 33 33 33 32 27 21 14 12 12 11 11 11 11 11 11 12 15 16 17 18 18 17 17 16 16 15 15 16 18 22 27 34 34 33 27 23 18 17 15 14 14 16 18 19 18 15 14 14 12 13 13 12 12 10 10 9 9 8 14 26 35 43 50 53 52 51 50 50 50 51 51 52 51 49 47 47 46 45 44 43 43 40 40 40 40 40 40 
1 1 1 7 19 32 33 32 32 31 31 31 31 31 31 31 31 31 31 31 31 31 30 31 31 31 31 31 32 32 32 32 32 33 33 33 33 35 35 35 35 35 35 33 32 32 30 24 17 14 12 12 11 11 11 10 10 11 12 16 18 21 21 21 22 19 18 17 16 16 16 18 20 27 34 34 31 26 22 18 16 14 14 16 18 22 24 22 18 17 16 15 15 12 12 12 10 10 9 9 9 11 22 30 38 46 52 50 49 47 49 47 50 52 53 53 50 47 46 45 44 42 40 39 39 39 38 38 38 39 
1 1 1 8 21 32 31 31 30 30 30 30 30 30 30 30 30 30 30 30 30 30 30 30 31 31 31 31 32 32 32 32 32 33 33 33 33 35 35 35 35 35 35 35 33 31 26 19 15 12 11 11 11 12 11 11 11 12 14 17 21 25 24 25 25 24 21 17 17 17 16 16 20 27 34 34 31 26 22 17 12 12 15 18 22 24 31 26 24 19 17 16 14 11 11 11 11 11 11 10 9 11 17 25 35 43 47 47 47 46 46 47 49 49 50 50 47 45 44 43 40 38 37 37 37 37 37 37 37 37 
