11 10 15 34 52 65 47 15 5 7 7 7 5 7 8 9 10 10 11 12 12 15 16 16 15 15 15 14 15 15 13 9 4 2 2 1 1 1 1 1 1 2 3 5 10 13 13 14 14 15 15 14 14 14 15 14 15 15 15 14 14 12 11 11 10 10 11 11 12 13 15 15 15 15 15 13 13 12 13 15 15 14 14 12 12 14 14 12 14 14 15 15 15 15 15 15 14 15 14 15 15 15 15 15 15 15 15 16 15 15 15 15 16 17 17 18 19 19 19 19 19 
13 15 16 38 65 83 68 15 7 5 5 5 5 7 8 9 10 10 11 15 15 15 15 16 15 15 15 14 14 14 11 8 4 2 1 1 1 1 1 2 2 3 5 8 10 14 14 14 15 14 14 14 14 14 15 15 15 15 15 15 14 12 12 12 11 11 11 12 13 13 15 15 15 15 13 13 12 11 12 13 13 13 13 12 12 12 12 14 14 14 14 14 14 14 14 14 14 14 12 14 14 14 14 15 15 15 15 16 15 15 15 14 15 16 16 17 18 18 19 19 19 
15 16 17 37 63 74 60 17 8 7 7 7 5 7 8 9 10 10 11 15 15 14 15 14 14 14 14 12 12 10 7 4 2 2 1 1 1 1 2 2 3 5 7 10 12 15 15 15 15 14 15 15 15 15 16 15 15 15 15 14 14 14 14 12 12 11 12 13 13 13 13 15 15 15 15 13 12 12 11 11 12 12 13 12 14 14 12 14 14 14 14 14 14 14 14 14 14 12 14 14 14 14 15 15 15 15 15 15 15 15 15 14 15 15 16 17 18 19 19 21 21 
15 17 18 38 65 66 51 15 10 7 7 7 5 7 8 9 10 10 11 13 15 14 15 14 12 12 12 11 11 10 6 3 2 1 1 1 1 2 3 3 4 7 8 11 14 15 15 15 15 15 15 15 15 15 16 16 15 15 15 15 14 14 14 12 12 11 12 13 13 13 15 15 15 15 15 13 12 12 11 11 12 12 13 12 14 14 12 14 14 14 14 14 14 14 14 14 14 12 14 14 14 14 15 15 15 15 15 15 15 15 15 14 15 15 16 17 18 19 19 21 23 
16 18 20 38 64 56 38 15 11 7 7 7 5 8 8 9 10 10 11 13 15 14 14 14 12 12 11 11 10 9 5 3 2 1 1 1 1 2 4 4 5 8 9 12 15 16 15 15 15 15 15 15 15 15 16 16 16 16 15 15 14 14 14 12 12 12 12 13 15 15 15 15 15 15 15 15 13 13 12 12 12 13 13 14 14 14 14 14 15 15 15 15 15 14 14 14 14 14 14 15 15 15 15 15 14 15 15 15 15 15 15 14 15 15 15 17 18 18 21 21 25 
16 17 19 36 64 65 52 9 12 8 5 7 8 8 8 9 10 10 11 12 12 13 15 14 12 13 12 10 10 9 5 2 2 2 1 1 1 2 3 5 7 9 10 12 15 15 15 15 15 16 16 16 16 16 16 16 16 16 15 15 15 14 14 12 12 12 12 14 14 15 15 15 15 15 15 15 13 12 12 12 12 13 13 12 14 12 12 12 14 15 14 14 14 14 14 12 12 12 12 14 14 14 14 14 14 14 14 14 15 15 15 14 14 14 15 16 18 21 22 22 25 
16 17 22 37 67 75 67 10 14 8 5 8 8 8 8 9 10 10 11 12 12 13 15 14 12 12 11 10 9 8 4 2 2 1 1 1 1 2 4 5 8 10 11 14 15 15 15 15 15 16 16 16 16 16 16 16 15 15 15 15 15 14 14 14 12 12 12 14 14 15 16 15 15 15 15 15 13 13 12 12 12 12 13 14 14 14 14 14 14 14 14 14 14 12 12 14 14 14 14 15 15 14 14 14 14 15 15 14 15 15 15 15 12 14 14 16 18 21 23 22 24 
15 17 22 37 75 86 72 15 12 8 8 9 9 9 9 9 9 10 11 13 13 13 15 14 12 11 10 9 8 5 3 2 2 1 1 1 2 3 5 7 10 11 12 15 15 15 16 16 16 16 16 17 17 16 16 16 16 16 15 15 15 14 14 14 12 14 14 15 14 14 15 16 15 15 15 15 15 13 12 12 12 12 15 15 15 16 15 14 14 14 14 14 12 12 12 14 14 14 15 15 15 14 14 14 14 14 15 14 14 15 16 15 12 14 15 16 18 21 22 24 25 
15 17 23 39 75 88 78 14 10 11 10 11 11 9 9 9 10 10 11 13 13 13 15 12 11 10 10 9 7 4 2 2 1 1 1 1 2 3 5 7 10 12 12 14 15 15 15 15 15 16 16 16 17 16 16 16 16 16 15 15 15 14 14 14 12 14 14 14 15 15 15 16 15 15 15 15 15 13 12 12 12 12 15 16 16 17 16 15 14 14 14 14 12 12 12 14 14 15 15 15 15 14 14 14 14 14 14 14 15 16 16 15 14 14 15 16 17 19 23 25 27 
13 17 22 40 73 90 82 39 18 14 16 14 11 11 11 10 10 11 11 13 13 13 15 12 11 9 9 8 5 3 2 1 1 0 1 1 2 4 7 9 10 12 14 15 15 16 16 15 15 15 16 17 16 16 16 16 16 16 15 15 15 14 14 14 14 14 14 14 15 15 15 15 14 14 14 14 14 12 12 12 11 11 15 16 16 15 14 15 14 14 12 12 12 12 12 12 14 14 15 16 15 15 15 15 14 14 15 14 15 16 16 16 15 15 16 16 17 21 22 26 30 
11 15 22 38 68 93 99 57 27 17 19 17 14 11 10 11 11 12 12 13 13 13 13 12 9 7 7 7 4 2 2 1 1 1 1 1 2 4 8 10 11 14 15 15 15 16 16 15 15 16 16 17 16 16 16 16 16 16 15 15 15 14 14 14 14 14 14 14 14 14 15 15 14 14 14 14 14 14 14 12 11 11 11 12 12 15 14 15 14 14 12 11 12 12 12 14 14 15 15 16 15 15 15 15 15 15 15 15 16 16 16 16 16 16 15 16 17 19 22 31 36 
9 13 20 38 64 86 96 59 31 22 23 17 14 11 11 13 13 13 13 12 12 13 13 11 9 5 5 4 3 2 2 1 1 1 2 2 2 5 9 11 12 15 15 15 16 16 15 16 16 16 16 17 16 16 16 16 16 16 15 15 15 14 14 14 14 14 14 14 14 14 15 15 14 14 14 14 14 14 14 12 11 10 11 12 12 15 14 14 12 12 11 11 11 13 13 16 17 15 16 16 16 15 15 15 15 15 15 15 16 17 17 17 16 16 17 17 18 19 24 37 41 
10 12 20 42 64 71 87 65 46 43 35 15 10 11 11 13 13 13 13 12 12 13 13 11 9 5 4 3 2 2 2 1 1 1 3 3 4 7 10 11 12 14 14 15 15 16 15 15 15 15 16 17 16 16 16 16 15 15 15 15 15 15 15 15 14 14 14 15 15 15 15 15 14 14 14 14 14 14 14 12 11 10 11 12 12 15 15 14 12 12 11 11 11 13 13 15 15 16 16 17 17 16 16 16 16 16 15 15 16 17 18 18 18 18 18 19 19 22 26 43 45 
10 11 17 40 67 87 67 48 43 40 56 43 19 10 12 11 12 14 14 12 12 11 11 10 8 4 2 2 1 1 1 1 1 2 3 4 5 8 10 13 13 15 16 15 15 15 15 15 15 16 17 17 17 17 17 16 16 15 15 15 15 15 15 15 15 15 15 15 15 15 15 15 14 14 14 14 14 12 12 12 10 9 10 11 11 12 14 14 12 12 12 12 12 12 13 15 16 17 17 18 17 17 17 16 16 16 15 15 16 17 18 19 19 19 18 18 21 24 30 48 51 
9 10 13 37 63 75 74 67 73 82 120 96 54 11 12 12 12 14 14 12 12 11 11 9 5 2 2 2 1 1 2 1 1 3 4 5 5 8 11 13 13 15 16 15 15 15 15 15 16 16 17 18 17 17 17 16 16 16 15 15 15 15 16 16 15 15 15 16 16 16 16 15 15 15 15 15 15 14 14 12 11 10 10 11 11 12 14 14 12 12 12 12 12 12 12 15 15 15 16 17 17 17 17 16 16 16 16 15 16 17 18 19 19 19 18 19 22 26 36 51 59 
9 8 10 32 57 75 92 81 94 114 170 142 79 12 12 14 14 15 15 14 11 10 9 7 4 2 2 2 1 1 1 1 1 2 4 6 8 9 11 13 13 14 14 16 16 16 15 16 16 16 16 17 18 17 17 17 16 16 16 16 15 15 16 16 16 16 16 16 16 16 16 16 15 15 15 15 15 14 14 14 12 11 10 10 10 12 14 14 14 12 12 12 12 12 12 13 15 15 15 16 18 16 16 16 16 16 16 15 16 17 18 18 19 19 18 19 24 30 38 57 62 
10 8 9 30 47 80 107 71 100 111 157 137 61 16 15 15 15 15 15 14 11 8 7 4 3 2 1 1 1 1 1 2 2 2 4 6 8 9 10 12 13 14 14 15 16 15 16 16 16 17 17 17 18 18 18 17 17 17 16 15 15 15 16 16 16 17 16 17 17 16 16 16 15 15 15 15 15 15 15 15 14 12 11 11 11 14 14 15 14 12 12 12 12 12 12 13 13 14 15 16 18 17 17 17 17 16 16 16 15 16 17 18 21 21 21 19 22 25 33 54 62 
2 2 6 26 44 59 92 56 97 110 132 108 39 17 15 15 14 15 16 11 10 7 4 3 2 2 2 1 1 1 1 1 2 2 4 6 8 9 11 12 14 15 15 15 15 16 17 16 17 17 18 18 18 18 18 17 17 16 16 15 15 15 16 16 16 17 17 17 17 17 17 16 16 15 15 15 16 16 16 15 15 14 11 11 11 14 15 15 15 12 12 11 12 12 12 12 12 14 16 16 18 19 18 17 17 17 16 16 15 16 17 19 21 21 21 18 18 22 29 43 53 
7 4 4 19 43 46 78 47 80 101 107 72 23 17 15 15 14 15 15 11 9 5 3 2 2 1 2 1 1 1 1 1 2 3 5 8 9 10 11 12 14 15 15 15 15 17 17 16 17 17 17 18 18 17 17 17 17 17 15 15 15 15 15 16 16 17 17 17 16 16 16 16 15 15 15 15 16 16 17 16 16 16 14 12 12 15 16 15 15 12 12 11 12 12 12 12 12 14 16 16 18 19 19 18 18 17 17 16 15 16 17 18 21 21 21 19 19 22 29 31 38 
26 8 3 14 33 42 70 51 74 94 93 67 37 15 12 13 12 11 10 9 7 3 2 2 2 1 2 1 1 1 1 2 2 3 5 8 9 10 12 14 14 15 15 15 16 16 16 17 18 17 17 17 18 17 17 17 17 16 16 15 15 14 15 16 16 16 16 17 17 16 16 16 15 15 15 15 15 16 17 16 16 16 15 12 12 14 15 15 15 14 14 12 12 12 12 12 12 14 16 16 18 19 19 18 18 17 17 16 15 16 17 18 21 22 22 21 21 24 32 25 34 
29 15 11 23 32 39 72 43 72 87 99 73 22 14 11 11 11 10 9 7 4 2 2 2 2 1 2 1 1 1 1 2 2 4 6 9 10 11 12 15 14 15 15 16 17 17 17 18 18 17 17 17 18 18 18 17 17 16 16 15 15 15 15 15 15 16 16 16 16 16 16 16 16 15 15 15 15 16 16 17 16 16 15 14 12 14 15 16 15 14 14 12 14 14 14 12 12 14 16 16 19 20 20 18 18 17 17 16 15 16 17 19 21 22 22 21 22 24 35 29 43 
29 28 28 37 33 33 44 65 91 121 129 102 47 12 10 9 8 8 7 5 3 3 2 1 1 1 2 2 1 2 2 2 3 3 5 8 9 11 14 14 14 14 15 17 17 17 18 16 16 16 16 17 17 17 18 17 17 16 16 15 15 14 14 15 15 16 16 16 16 16 16 16 15 15 15 15 15 15 15 16 16 16 16 14 14 12 14 15 14 15 15 14 14 14 14 14 14 14 16 16 18 18 18 18 17 17 16 16 15 15 17 19 21 21 21 22 22 24 30 39 47 
25 28 32 32 33 37 47 80 109 144 145 116 63 10 5 4 5 5 4 3 2 2 2 1 1 1 2 1 1 2 2 2 4 5 7 8 10 11 12 14 12 14 15 17 17 17 17 16 16 16 16 17 17 17 17 17 17 17 16 15 15 14 14 14 15 16 16 16 16 16 16 16 15 15 15 15 15 15 15 16 15 16 16 15 14 14 14 15 14 15 15 14 14 14 14 12 12 12 15 16 18 18 18 18 17 17 16 16 15 16 17 19 21 21 22 22 22 22 28 42 49 
22 24 28 26 35 41 54 91 111 128 129 99 52 4 1 1 2 3 2 2 2 2 2 1 1 1 1 2 2 2 2 3 4 7 8 9 10 11 12 13 13 15 17 17 17 16 16 16 16 16 16 17 17 17 17 16 16 16 16 15 15 14 14 14 15 15 15 16 15 16 16 15 15 15 15 15 15 15 15 15 15 17 16 16 15 14 14 14 14 15 15 14 14 14 14 12 12 12 15 16 18 18 18 18 17 17 16 16 15 16 17 19 21 21 22 22 22 22 26 44 50 
23 25 29 25 40 62 66 65 61 64 49 29 19 1 1 1 1 1 1 2 2 2 2 1 1 1 1 2 2 2 3 3 5 7 9 9 9 10 12 13 13 15 16 16 16 15 16 15 16 16 16 16 16 16 16 16 16 16 15 15 14 14 14 14 14 14 14 15 15 16 16 16 15 14 14 14 14 15 15 15 16 17 16 16 15 15 14 12 14 14 14 14 14 14 14 12 12 12 15 15 17 17 17 17 17 17 16 16 16 16 17 19 22 22 23 22 22 23 28 47 56 
26 29 39 57 77 84 73 51 44 36 16 4 1 0 0 1 1 2 2 2 2 2 2 1 1 1 1 2 2 2 2 3 7 8 9 10 11 12 12 13 13 15 16 15 15 15 15 15 14 14 15 15 15 15 15 14 15 15 14 14 14 14 14 14 14 14 15 15 15 16 16 16 15 14 14 14 14 14 15 15 16 17 17 17 16 15 14 14 12 14 14 14 12 12 12 12 12 12 15 15 16 16 17 17 17 17 17 16 16 16 18 21 22 23 23 23 23 24 28 50 64 
28 35 63 84 93 92 79 56 40 18 5 0 0 0 1 1 1 2 2 2 2 1 1 1 1 1 2 3 3 4 4 5 8 10 10 11 12 13 15 15 15 15 15 14 15 14 14 14 12 12 14 14 14 14 14 14 14 15 14 12 12 12 14 12 14 14 14 15 15 16 16 15 15 14 14 12 14 14 14 15 16 17 17 16 16 15 14 14 11 11 11 12 11 11 12 11 11 11 14 14 15 16 17 17 17 17 17 16 16 17 17 19 22 23 22 23 23 24 29 45 63 
31 41 66 95 102 103 88 50 30 11 3 1 3 3 2 3 1 1 2 1 1 1 1 1 1 1 2 3 4 5 5 8 9 11 11 13 12 11 12 12 12 14 14 14 15 16 16 15 15 14 14 14 14 14 14 12 14 14 14 12 12 12 12 12 14 14 14 14 15 15 16 15 15 15 15 14 14 14 15 15 15 16 17 17 16 16 14 14 12 12 12 12 11 11 12 11 11 11 12 12 14 15 16 17 17 17 17 16 16 16 17 19 21 21 22 23 23 25 30 38 59 
36 47 68 90 101 96 70 17 2 0 1 1 3 3 2 3 1 2 2 1 1 1 1 1 1 2 5 5 7 8 8 9 10 12 12 13 13 12 12 14 14 14 15 15 15 16 16 16 16 15 14 14 14 14 12 14 14 14 14 14 14 14 12 14 12 12 14 14 15 15 16 16 15 15 15 14 14 14 14 15 16 17 17 17 17 16 15 14 14 12 12 12 14 12 12 11 12 12 12 12 12 14 15 17 17 18 17 17 16 17 17 18 19 21 22 23 24 25 30 30 52 
65 81 96 89 78 51 16 9 3 0 0 1 2 2 2 0 0 0 1 1 1 1 1 2 3 3 7 9 10 10 11 12 13 12 12 12 12 14 14 15 14 14 15 15 16 16 16 15 15 15 15 15 15 14 14 12 12 14 14 14 14 15 14 14 14 14 14 14 14 15 16 17 16 16 15 15 14 15 15 15 17 17 17 17 18 17 16 15 14 12 12 14 14 14 14 12 12 12 11 12 11 12 14 15 17 19 19 18 18 16 16 18 18 19 21 23 24 24 29 25 43 
39 45 54 52 30 16 5 4 3 1 1 0 2 1 1 0 0 1 1 1 2 1 3 3 5 4 7 10 12 12 12 15 15 14 14 15 14 14 15 15 14 14 15 16 16 17 17 16 16 15 15 15 15 14 15 14 14 14 14 14 14 14 15 15 14 14 14 15 15 15 16 17 17 16 16 15 15 15 14 15 16 17 17 18 18 18 16 16 15 14 14 14 14 14 12 12 12 12 11 12 11 12 12 14 15 18 19 18 18 16 17 17 18 19 21 23 23 24 28 21 35 
25 25 26 26 12 8 5 3 3 1 0 0 0 0 0 0 0 0 1 1 2 2 3 4 7 5 8 12 13 14 14 16 16 15 16 15 16 16 16 15 15 15 15 15 17 17 17 17 17 16 16 16 16 15 15 15 12 14 12 14 14 14 14 14 14 14 15 15 15 15 16 17 16 16 16 15 15 15 15 15 16 17 17 18 18 19 18 17 15 14 14 12 14 14 12 14 14 14 11 12 10 11 12 12 14 16 19 17 16 16 16 16 17 18 19 22 23 23 28 19 35 
19 18 18 19 13 8 5 3 3 0 0 0 0 0 0 0 0 0 0 1 1 2 4 4 8 7 9 11 12 14 15 16 17 16 16 16 15 15 16 15 15 15 15 15 17 17 17 17 16 16 16 16 16 16 16 15 14 14 14 14 14 14 14 14 14 14 14 15 15 16 17 16 16 16 15 15 15 14 14 14 15 17 18 18 19 19 18 18 16 15 14 12 14 14 14 12 14 14 12 12 10 11 12 12 14 16 18 18 18 16 16 16 17 19 21 23 24 23 26 21 35 
18 13 11 7 7 4 1 0 0 0 0 0 0 0 0 0 0 0 0 1 1 2 2 3 8 5 8 10 11 12 14 16 17 17 17 17 17 16 16 15 15 15 16 16 16 17 17 17 17 16 16 17 17 16 16 15 14 14 14 14 14 14 12 14 14 14 15 15 15 16 16 17 17 16 16 15 15 14 14 14 15 17 18 19 19 19 18 18 16 15 14 12 14 14 15 14 14 14 12 12 11 12 12 14 14 15 16 18 18 17 16 15 17 19 22 22 23 23 25 23 36 
15 11 10 5 4 2 1 1 0 0 0 0 0 0 0 0 0 0 0 0 0 1 2 3 5 4 8 9 10 11 14 16 17 16 16 17 17 17 17 16 16 16 16 16 17 17 17 17 17 17 17 16 17 16 16 15 15 14 14 14 14 14 14 14 14 15 15 15 16 17 17 17 17 17 16 16 14 14 14 14 15 16 17 19 19 19 19 18 16 15 15 14 14 14 15 14 14 14 12 12 11 12 14 14 14 15 17 18 18 17 17 16 17 19 21 23 23 23 26 28 37 
15 8 7 4 3 1 1 0 0 0 0 0 0 0 0 0 0 0 0 0 1 1 2 3 4 3 7 9 10 11 12 14 15 16 16 16 16 16 17 16 16 16 16 16 17 17 17 17 17 17 17 17 17 16 16 15 15 14 14 14 14 14 14 14 14 15 15 15 16 17 17 17 17 16 16 16 14 14 14 14 15 16 17 19 19 19 19 18 17 16 15 14 14 14 14 14 15 15 14 14 12 12 14 14 15 16 17 18 19 18 18 17 18 19 21 23 23 24 29 29 35 
16 8 8 3 3 1 1 0 0 0 0 0 0 0 0 0 0 0 0 0 1 1 2 3 4 2 4 8 10 11 12 14 15 16 16 16 16 16 17 16 16 16 16 16 16 17 17 17 17 17 17 17 17 16 16 15 15 14 14 14 14 15 14 14 14 15 15 15 17 17 17 17 17 16 16 16 14 14 14 14 14 15 16 18 19 19 21 18 17 16 16 14 15 15 15 14 15 15 15 15 12 14 14 14 15 16 16 17 19 19 19 19 19 21 22 22 23 24 29 30 35 
45 24 8 3 1 1 1 1 0 1 1 1 1 0 0 0 0 0 0 0 1 1 2 2 4 2 4 9 10 11 12 12 14 15 15 16 17 16 16 16 15 15 16 15 16 16 17 17 17 16 16 16 16 15 15 15 14 15 15 15 15 14 14 15 15 15 16 16 17 17 17 17 16 16 16 16 14 14 14 14 14 14 16 18 19 19 19 19 18 17 16 15 15 15 15 15 16 16 15 15 14 14 15 15 15 15 16 17 18 19 19 19 21 21 21 23 23 25 26 28 32 
103 44 9 2 2 1 1 0 0 1 1 1 1 0 0 0 0 0 0 0 1 1 2 3 3 2 5 9 10 12 13 12 14 14 15 16 16 15 16 16 16 16 16 16 17 17 17 17 17 17 17 16 16 16 16 15 15 15 15 15 15 14 15 15 15 16 16 16 17 17 18 17 17 16 16 16 14 14 14 14 14 14 16 16 18 18 19 19 18 17 17 16 16 15 15 15 16 16 15 15 14 14 15 15 15 15 15 16 18 19 19 22 22 23 24 24 24 26 27 25 32 
141 64 10 2 3 1 1 0 0 1 1 1 1 0 0 0 0 0 0 1 1 2 2 3 3 3 7 8 10 12 13 12 12 12 14 14 15 15 15 16 16 17 17 16 17 17 17 17 17 17 17 17 17 16 16 15 15 15 15 15 15 14 14 15 15 16 17 17 18 18 18 17 17 16 16 16 15 15 15 14 14 14 16 17 18 18 19 18 18 18 17 16 16 16 16 16 16 16 16 16 15 15 15 15 15 15 15 16 18 19 19 22 24 24 24 24 24 27 30 25 32 
88 49 9 2 3 1 1 0 0 1 1 1 1 0 0 0 0 0 0 1 1 2 2 3 4 4 5 7 11 12 12 12 12 12 12 14 14 15 15 16 16 17 17 17 17 17 17 17 16 17 17 17 17 16 16 15 15 15 15 15 15 14 15 15 15 17 17 17 18 18 18 17 17 17 16 16 16 15 15 15 15 15 16 17 17 17 18 18 18 18 18 17 16 16 15 16 17 17 16 16 15 15 15 15 15 15 15 17 18 19 19 22 24 24 24 24 25 27 30 29 30 
5 8 4 1 1 1 0 0 0 1 1 0 0 0 0 0 0 1 1 1 1 2 3 3 4 4 5 8 12 12 12 11 11 12 12 12 12 14 15 15 16 17 17 17 17 17 17 17 16 17 17 17 17 16 16 15 15 15 15 15 14 15 15 15 16 16 17 17 18 18 18 17 17 17 17 17 16 16 16 15 15 15 16 16 17 17 18 18 18 19 19 18 17 16 16 17 17 17 16 16 15 15 15 15 15 15 15 17 18 18 19 22 24 25 25 24 24 26 30 30 31 
0 0 1 0 0 0 0 0 0 1 1 0 0 0 0 0 0 1 1 1 1 2 2 4 4 5 4 6 11 11 11 10 10 12 12 12 12 14 15 15 16 17 17 16 17 17 17 16 16 17 17 16 16 16 16 15 15 15 15 14 14 14 14 15 16 16 17 17 18 18 18 17 17 17 17 17 16 16 16 15 15 15 16 16 16 17 18 18 19 21 21 18 17 17 16 16 17 17 17 16 16 15 15 14 14 14 16 16 18 18 18 21 23 25 25 25 24 26 28 30 31 
1 0 1 0 0 1 1 0 0 0 0 0 0 0 0 0 0 1 1 1 1 2 3 3 5 5 7 7 10 11 11 10 10 11 12 12 12 14 15 15 15 16 16 17 17 16 16 16 16 16 16 16 16 16 16 15 15 15 15 15 14 14 14 15 15 16 17 17 18 18 18 17 17 17 17 17 17 17 17 16 16 16 16 16 17 18 18 19 21 22 22 19 17 16 16 16 17 17 17 17 16 15 15 15 14 14 15 15 17 17 18 21 23 25 25 25 25 26 29 30 30 
3 1 1 0 0 1 1 1 0 0 0 0 0 0 0 0 0 1 1 1 1 2 3 3 5 7 8 8 11 12 12 10 10 12 12 12 12 12 14 14 14 15 16 16 15 16 16 15 15 15 16 16 16 16 16 15 16 16 15 15 15 15 15 15 15 15 16 17 18 18 18 17 17 17 17 17 17 17 17 16 16 16 16 16 17 18 18 19 21 23 23 21 17 16 15 16 17 17 17 17 16 16 16 16 15 15 14 15 17 17 18 21 23 25 25 25 25 26 29 28 30 
1 0 0 0 0 0 1 0 0 0 0 0 0 0 0 0 0 1 1 1 1 2 2 3 5 7 8 9 10 10 10 11 10 11 12 11 12 12 14 14 14 15 15 15 15 15 15 15 15 15 15 15 15 15 15 16 16 16 16 15 15 16 15 15 15 15 16 17 17 17 18 17 17 17 17 17 17 17 17 16 16 16 16 16 17 18 19 21 22 23 23 21 18 16 15 16 17 17 17 17 17 16 16 16 15 15 14 15 16 17 18 19 23 25 25 25 24 24 25 27 29 
0 0 0 0 0 0 1 0 0 0 0 0 0 0 0 0 0 1 1 2 2 2 2 3 5 7 8 9 10 10 11 11 10 11 12 11 11 11 12 12 12 12 15 15 14 15 15 14 14 14 14 15 15 15 15 15 16 17 16 16 16 16 16 15 15 16 16 17 17 17 18 17 17 17 17 17 17 17 17 16 16 16 16 16 16 18 19 21 23 24 23 22 19 17 16 16 16 17 17 17 17 16 16 16 15 15 15 15 16 17 18 19 23 25 25 25 24 24 25 26 27 
1 1 1 1 1 1 1 0 0 0 0 0 0 0 0 0 0 0 0 1 1 2 2 3 5 8 8 9 9 10 11 10 11 11 14 12 11 11 12 12 12 12 14 14 14 15 15 14 14 14 14 15 15 15 15 16 16 16 16 16 16 16 15 15 15 16 16 16 17 17 17 17 17 17 17 17 17 17 17 16 16 16 16 16 16 17 19 22 22 24 24 22 19 18 17 16 16 16 17 17 17 16 16 16 16 16 16 16 16 17 18 19 23 25 25 25 24 24 25 24 25 
1 1 1 1 1 1 1 0 0 0 0 0 0 0 0 0 0 0 0 1 1 2 2 3 5 7 9 8 8 9 11 11 11 11 12 11 11 11 12 12 12 12 14 14 15 15 15 14 14 14 14 14 14 14 15 15 15 16 16 16 16 15 15 15 15 15 15 16 17 17 17 17 17 17 17 17 17 17 17 16 16 16 16 16 15 16 18 21 22 24 24 23 21 18 17 17 15 16 16 17 17 16 16 16 16 17 17 17 17 17 18 19 23 25 25 25 25 25 25 25 25 
1 1 1 1 1 1 1 0 0 0 0 0 0 0 0 0 0 0 0 1 1 2 2 3 5 7 7 8 8 9 11 12 12 11 12 11 11 11 11 12 12 12 14 14 15 15 15 14 14 14 14 14 14 14 15 15 15 16 16 16 15 15 15 15 15 15 15 16 16 16 17 17 17 17 17 17 17 17 17 15 15 15 15 15 15 16 17 18 22 24 24 23 21 18 18 17 15 16 16 17 17 16 16 16 16 17 17 17 17 17 18 19 23 25 25 25 25 25 25 25 25 
1 1 1 1 1 1 1 0 0 0 0 0 0 0 0 0 0 0 1 1 1 2 2 3 6 9 9 8 8 9 11 13 13 12 12 11 11 11 11 11 12 14 14 14 15 15 15 14 14 14 14 14 14 14 15 15 15 15 15 15 15 15 14 15 15 15 15 15 16 16 17 17 17 17 17 17 17 16 16 16 15 15 15 15 14 15 16 18 19 23 23 23 22 19 18 17 16 16 16 17 17 17 17 16 17 17 17 17 17 17 18 18 22 24 25 25 26 26 26 25 26 
1 1 1 1 1 1 1 0 0 0 0 0 0 0 0 0 0 1 1 1 1 2 2 3 5 9 10 9 9 9 11 11 12 12 12 11 11 11 11 12 12 14 14 14 15 15 15 14 14 14 14 14 14 14 15 15 15 15 15 15 15 15 14 15 15 15 15 15 16 16 17 16 16 16 16 17 17 16 15 15 14 14 14 14 13 14 15 17 18 22 23 23 22 19 18 17 16 15 15 16 17 17 17 16 17 17 17 16 16 16 17 17 21 23 24 25 26 26 26 26 28 
1 1 1 1 1 1 1 0 0 0 0 0 0 0 0 0 0 0 1 0 1 2 2 3 5 9 10 9 9 10 11 11 12 12 12 11 11 11 11 12 12 12 14 14 15 15 15 14 15 14 14 14 14 14 15 15 15 15 15 15 15 15 15 14 15 15 15 15 16 16 17 16 16 16 16 17 17 16 15 14 13 13 13 13 12 12 14 17 18 21 23 23 22 21 19 17 16 15 15 16 16 16 17 17 17 17 17 16 16 16 17 17 19 22 23 26 26 26 28 28 28 
1 1 1 1 1 1 1 0 0 0 0 0 0 0 0 0 0 0 0 0 0 2 2 3 4 5 8 10 10 10 11 11 11 12 13 12 12 12 14 14 14 14 14 15 15 15 15 14 15 15 14 14 14 14 14 15 15 15 15 15 15 15 15 15 15 16 16 16 16 16 16 16 16 16 16 16 16 16 14 15 12 12 12 12 11 13 16 16 18 21 23 22 21 19 18 17 15 14 14 16 17 17 17 17 17 17 16 16 16 16 16 16 17 19 22 24 25 26 29 28 29 
1 1 1 1 1 1 1 0 0 0 0 0 0 0 0 0 0 0 0 0 0 2 2 2 3 4 7 9 10 10 11 11 12 13 13 12 12 12 14 14 14 14 14 15 15 15 15 14 15 15 14 14 14 14 14 15 15 15 15 15 15 15 15 15 15 16 16 16 16 16 17 16 16 16 16 16 16 16 15 15 14 14 14 13 13 14 15 16 19 21 23 23 22 21 18 16 15 14 14 16 17 17 17 17 17 17 16 15 15 15 15 16 17 18 21 23 25 26 29 29 29 
1 1 1 1 1 1 1 0 0 0 0 0 0 0 0 0 0 0 0 1 1 1 2 2 2 3 4 8 9 10 12 13 13 13 13 12 14 14 14 14 14 14 14 15 15 15 15 15 15 15 15 14 14 14 14 15 15 15 15 15 15 15 16 16 15 16 17 16 16 16 17 17 17 17 17 17 16 16 16 16 15 15 15 14 14 15 15 16 21 22 23 23 22 21 18 16 14 12 14 16 17 17 17 17 17 17 16 15 15 15 14 15 16 17 18 22 25 26 28 30 30 
1 1 1 1 1 1 1 0 0 0 0 0 0 0 0 0 0 0 0 1 1 2 2 2 3 3 4 7 8 10 11 13 13 13 13 14 14 14 15 14 14 15 15 15 15 15 15 15 15 15 15 14 14 14 14 15 15 15 15 15 15 15 16 15 15 16 16 17 16 17 17 17 17 17 17 17 16 17 17 16 16 16 16 15 14 15 15 17 19 22 23 23 22 21 19 16 14 12 14 15 16 16 16 16 16 16 15 14 14 14 14 14 15 16 16 22 24 26 28 29 30 
1 1 1 1 1 0 0 0 0 0 0 0 0 0 0 0 0 0 0 1 1 2 2 2 3 4 4 4 4 8 10 11 12 12 14 14 14 14 15 14 15 15 15 15 15 17 16 15 16 16 16 15 15 15 15 14 15 15 15 15 15 15 16 15 15 15 16 16 17 17 17 17 17 17 17 17 17 17 17 16 16 16 16 16 15 15 15 16 19 22 24 23 22 22 21 17 15 14 14 16 17 16 16 16 16 16 15 14 14 14 13 14 15 16 16 21 22 24 26 29 30 
1 1 1 1 1 0 0 0 0 0 0 0 0 0 0 0 0 0 0 1 1 2 3 2 3 4 4 4 4 5 8 9 11 12 12 14 14 14 15 15 15 16 16 16 16 16 17 16 16 16 16 16 16 16 16 15 15 15 15 15 15 15 16 15 16 16 16 17 17 17 17 17 17 17 17 17 17 18 18 17 17 17 17 16 15 15 15 16 19 22 24 24 23 22 21 17 15 14 15 16 17 16 16 16 16 16 15 15 15 14 14 14 15 16 16 18 22 23 26 29 29 
1 1 1 1 1 0 0 0 0 0 0 0 0 0 0 0 0 0 1 1 1 2 2 3 3 5 5 5 5 6 7 8 10 10 11 12 14 14 15 15 15 16 16 15 16 16 16 16 16 16 17 17 16 16 16 15 15 15 15 15 15 15 16 16 16 16 16 16 16 16 17 17 17 17 17 17 17 18 18 17 17 17 17 17 15 15 15 16 18 22 24 24 23 23 22 19 16 15 15 16 16 16 16 16 16 16 16 16 16 15 15 15 16 17 17 19 22 23 26 26 28 
1 1 1 1 1 0 0 0 0 0 0 0 0 0 0 0 0 0 1 1 1 2 2 3 4 7 7 8 7 7 7 8 9 9 11 12 14 14 15 15 15 16 17 16 15 16 17 17 17 16 16 16 16 15 15 14 15 15 15 15 15 15 16 16 16 16 16 16 17 17 17 17 17 17 17 17 17 18 17 17 17 17 17 16 15 15 15 15 16 21 22 24 24 24 24 22 18 16 15 16 16 16 17 16 17 17 17 17 17 17 17 17 17 18 18 21 22 24 25 25 26 
1 1 1 1 1 0 0 0 0 0 0 0 0 0 0 0 0 1 1 2 2 2 2 3 4 7 8 9 9 7 7 8 8 9 11 11 14 14 14 15 15 16 17 17 16 16 17 17 17 16 15 15 14 14 15 14 15 15 15 15 15 15 16 16 16 16 16 16 17 17 17 17 17 17 17 17 18 18 18 17 17 17 17 17 15 15 15 15 16 18 22 23 24 25 24 22 18 17 16 16 16 16 17 17 17 17 17 17 17 17 17 17 18 19 19 21 21 21 22 23 24 
1 1 1 1 1 0 0 0 0 0 0 0 0 0 0 0 0 0 1 2 2 2 3 3 4 7 8 9 10 8 8 9 9 9 9 9 10 11 12 14 15 16 16 16 16 18 18 18 17 16 15 14 14 14 14 15 15 15 15 15 15 15 16 16 16 16 16 16 17 17 17 17 17 17 17 17 18 18 17 17 16 16 16 16 16 15 15 15 15 16 21 23 25 25 24 23 21 17 16 17 17 17 18 17 17 17 17 18 18 18 18 18 18 19 19 21 22 22 22 23 23 
0 1 1 1 1 0 0 0 0 0 0 0 0 0 0 0 0 0 1 2 2 2 4 4 5 8 9 10 11 11 11 9 9 9 8 8 9 10 11 12 14 16 16 16 16 17 18 18 17 15 15 14 14 14 14 15 15 15 15 15 14 14 15 15 15 15 15 16 16 17 17 16 17 17 17 17 17 17 17 17 16 16 16 16 16 15 15 14 15 15 19 23 25 26 25 23 22 18 17 17 17 17 18 17 18 18 18 19 19 19 19 19 19 21 21 22 22 22 22 22 22 
0 1 1 1 1 0 0 0 0 0 0 0 0 0 0 0 0 0 1 2 2 2 3 4 4 7 9 11 12 11 10 8 8 8 8 8 8 9 10 11 12 14 15 15 16 17 17 16 16 14 12 14 14 14 14 15 15 15 14 14 14 14 14 15 15 15 15 16 16 16 16 17 17 17 17 17 17 17 17 17 16 16 16 16 16 15 15 14 15 15 17 22 24 26 25 23 23 21 19 18 17 17 17 16 16 16 17 17 18 18 19 19 19 19 19 21 21 21 21 21 21 
0 0 0 0 0 0 0 0 0 0 0 0 0 0 0 0 0 0 1 1 2 2 3 4 5 8 9 11 11 9 9 9 8 9 9 8 8 9 9 9 10 11 12 12 15 16 17 15 15 15 14 14 14 14 14 16 16 15 14 14 14 15 15 14 15 15 15 15 16 16 16 17 17 17 17 17 17 17 17 17 17 17 17 17 17 16 15 14 15 15 17 19 24 26 25 23 23 22 21 18 17 17 17 16 16 15 17 17 18 18 18 18 18 19 19 21 21 21 22 21 22 
0 0 0 0 0 0 0 0 0 0 0 0 0 0 0 0 0 0 1 2 2 2 4 4 5 8 9 11 11 10 10 10 9 10 10 9 9 9 9 9 10 11 11 12 15 16 16 16 16 16 16 16 14 14 14 15 15 14 14 14 14 15 13 14 14 15 15 16 16 16 16 16 16 16 17 17 17 17 17 17 17 17 17 17 16 15 15 15 15 15 17 19 24 26 25 24 23 22 21 18 17 17 17 16 16 15 17 17 18 18 19 19 19 19 19 21 21 21 22 22 22 
0 0 0 0 0 0 0 0 0 0 0 0 0 0 0 0 0 0 1 2 2 2 3 4 5 8 9 10 10 11 11 11 10 10 10 9 10 9 10 10 10 11 11 11 14 15 16 18 17 17 17 17 18 16 15 16 16 14 14 14 14 14 14 16 16 15 15 16 16 17 17 16 16 16 17 17 17 17 17 17 17 17 17 17 16 16 15 15 15 15 17 19 23 25 25 24 24 23 22 19 18 17 17 17 17 16 17 17 19 19 20 20 20 20 20 22 22 22 23 21 21 
0 0 0 0 0 0 0 0 0 0 0 0 0 0 0 0 0 0 1 2 3 3 4 4 5 9 9 10 10 12 12 12 11 11 11 10 11 10 10 9 10 10 11 10 11 14 16 19 19 18 18 18 18 17 16 17 16 15 15 15 15 14 14 16 16 15 15 16 16 17 17 16 16 16 17 17 18 18 17 17 17 17 17 17 17 16 16 15 15 15 17 19 22 25 25 25 24 23 22 21 19 18 17 17 16 16 16 17 19 20 22 22 22 22 22 22 22 22 23 19 21 
0 0 0 0 0 0 0 0 0 0 0 0 0 0 0 0 0 0 1 2 3 3 5 5 7 8 9 11 12 11 12 10 10 9 9 9 9 9 10 9 9 9 10 10 10 12 15 17 18 18 17 18 18 18 16 16 16 17 16 16 16 15 15 15 15 15 15 16 16 17 17 17 17 17 17 17 18 18 18 17 17 17 17 17 17 17 16 16 16 15 16 18 21 23 24 25 25 24 23 21 19 18 17 17 17 16 17 17 18 19 20 22 20 20 20 20 20 20 20 20 20 
0 0 0 0 0 0 0 0 0 0 0 0 0 1 1 1 0 1 1 2 3 3 5 5 7 8 9 11 12 11 11 10 9 9 9 9 9 9 9 9 9 9 10 10 10 11 11 15 16 17 17 17 17 17 16 16 16 17 16 16 16 15 15 16 16 16 16 16 17 18 18 16 16 17 17 17 18 18 18 17 17 17 17 17 17 17 16 16 16 15 16 17 19 22 24 25 25 25 24 22 21 19 18 18 18 17 17 17 18 20 22 22 22 22 22 22 22 20 20 20 20 
0 0 0 0 0 0 0 0 0 0 0 0 0 0 1 1 0 1 1 2 4 4 5 7 7 8 10 12 12 11 11 10 9 9 9 9 9 9 10 10 10 10 10 10 9 9 10 11 14 14 16 16 17 17 17 17 16 16 16 15 15 16 16 17 17 16 16 17 18 18 18 16 16 17 18 18 18 18 19 18 18 18 18 18 18 17 17 17 16 16 16 17 19 21 23 25 26 26 25 24 22 19 18 19 19 18 17 17 17 19 22 23 23 23 23 23 23 22 20 19 18 
0 0 0 0 0 0 0 0 0 0 0 0 0 0 1 1 1 1 1 2 4 4 5 7 8 9 10 11 11 11 12 11 10 10 10 10 10 10 11 11 11 12 12 11 10 10 10 10 11 11 12 14 15 16 17 17 16 16 16 15 15 16 16 17 17 16 16 17 18 18 18 16 16 16 17 17 18 18 18 17 18 18 18 17 17 17 17 16 16 16 16 17 19 21 23 23 24 26 26 25 23 22 21 20 20 18 18 18 18 19 21 23 23 23 23 23 24 23 22 19 18 
0 0 0 0 0 0 0 0 0 0 0 0 0 0 1 1 1 1 2 2 4 5 5 8 9 9 10 11 11 12 13 11 11 10 11 11 11 11 12 11 12 12 12 14 14 11 11 10 10 10 10 11 11 14 15 15 16 16 16 15 15 15 15 14 14 15 15 16 17 17 17 16 16 16 16 17 17 17 17 16 17 17 17 17 17 16 16 16 16 16 17 17 18 21 23 23 25 26 26 25 24 23 23 22 20 20 20 20 19 20 24 21 21 21 21 21 22 22 22 19 18 
0 0 0 0 0 0 0 0 0 0 0 0 0 0 1 1 1 2 2 2 4 5 7 8 9 9 10 11 11 12 13 11 11 11 12 12 12 12 14 12 12 12 14 14 14 14 11 10 10 10 10 10 10 12 14 14 15 15 15 15 15 15 14 14 14 15 15 15 15 16 16 15 16 15 16 16 16 17 17 16 17 17 16 16 16 16 16 15 15 16 16 16 17 19 22 22 23 26 26 25 24 23 23 23 23 22 20 20 19 22 23 22 22 22 22 22 23 23 23 19 18 
0 0 0 0 0 0 0 0 0 0 0 0 0 0 1 1 1 2 2 2 4 5 7 8 9 10 10 11 12 12 13 11 11 11 12 12 12 12 14 14 14 14 14 15 15 14 12 11 11 11 10 10 10 11 14 14 14 15 15 15 15 15 14 14 14 15 14 15 15 15 15 15 15 15 15 16 16 16 16 15 16 16 16 15 15 15 15 15 15 16 16 16 16 18 18 18 21 24 25 24 24 24 24 22 21 20 20 19 19 20 22 21 21 21 21 21 22 22 22 19 18 
0 0 0 0 0 0 0 0 0 0 0 0 0 0 1 1 1 2 3 2 4 7 8 9 9 10 10 11 12 12 13 11 12 12 14 12 12 14 14 15 15 15 15 15 15 14 15 12 12 11 11 10 11 12 12 12 14 14 15 15 15 15 14 14 14 15 15 15 15 15 15 15 15 14 14 15 15 16 16 15 16 16 16 15 15 15 15 15 15 15 16 17 16 17 17 18 21 24 24 24 24 23 22 22 21 20 20 19 19 20 20 19 21 21 21 21 22 22 22 18 18 
0 0 0 0 0 0 0 0 0 0 0 0 0 1 1 1 1 3 3 2 4 7 8 9 9 11 11 11 12 12 12 12 11 11 12 14 14 15 15 15 15 15 15 15 15 15 15 14 14 12 12 11 12 14 12 12 12 14 14 15 15 16 15 15 15 15 14 14 14 14 14 14 14 14 14 15 15 16 16 15 16 16 16 15 15 15 15 14 14 14 14 16 16 16 16 17 19 23 24 22 21 19 19 20 19 20 18 19 17 18 19 19 19 19 21 21 22 22 22 18 18 
0 0 0 0 0 0 0 0 0 0 0 0 0 1 1 1 1 3 3 2 5 7 8 9 9 11 12 12 12 11 12 12 12 11 12 12 14 14 15 15 15 15 15 15 15 15 15 14 14 14 12 12 12 14 14 12 12 14 14 14 15 16 16 16 15 15 15 15 15 15 15 14 14 14 14 15 15 16 16 15 16 16 16 15 15 15 15 15 14 14 15 15 15 15 15 16 18 22 23 22 19 18 18 19 19 19 18 18 17 18 19 18 19 19 19 19 21 20 20 19 18 
0 0 0 0 0 0 0 0 0 0 0 1 1 0 1 1 1 3 3 3 5 8 10 10 10 11 13 12 11 12 14 12 12 11 11 12 14 14 14 15 15 15 15 15 15 14 15 15 14 14 12 14 12 14 14 14 14 14 14 14 15 16 17 17 16 16 15 15 15 15 15 14 14 14 14 14 15 16 16 15 16 16 16 15 15 15 15 15 15 14 15 15 15 15 15 15 17 19 22 21 19 19 19 17 17 18 17 17 16 17 18 18 18 19 19 19 21 20 20 19 19 
0 0 0 0 0 0 0 0 0 0 0 1 1 1 1 1 2 3 3 3 5 8 9 10 10 11 12 12 12 12 14 12 12 12 11 12 12 12 14 14 14 15 15 15 15 15 14 14 14 14 12 14 14 14 14 14 14 14 14 15 15 15 17 17 16 16 16 16 16 16 15 14 12 12 12 12 14 15 15 15 16 16 16 16 16 16 17 16 15 15 15 15 14 14 14 15 16 18 21 19 19 19 19 17 17 17 17 17 17 17 18 17 18 18 19 19 19 20 20 20 19 
0 0 0 1 1 0 0 0 0 0 0 1 1 1 1 1 3 3 4 4 7 8 10 10 10 11 12 10 11 12 14 12 12 12 11 11 12 12 12 14 14 15 15 15 15 15 14 14 14 14 14 14 14 14 14 14 14 14 14 14 14 14 16 17 17 17 17 17 17 17 16 15 14 12 12 12 12 14 15 15 15 16 16 16 16 16 17 16 15 15 14 15 15 15 14 17 17 19 20 19 19 18 18 17 17 16 16 16 16 16 17 17 18 18 19 19 19 20 20 19 19 
0 0 0 1 1 0 0 0 0 0 0 1 1 1 1 1 3 3 4 5 7 8 10 10 10 12 12 12 12 12 14 14 12 12 14 11 11 14 14 12 14 15 15 15 15 14 14 14 12 12 12 14 14 14 15 14 14 14 14 14 14 14 15 16 17 18 17 17 18 18 16 16 15 14 12 12 12 14 14 14 15 15 15 16 16 16 17 17 16 16 16 16 15 15 14 17 17 19 19 18 18 18 18 18 17 17 17 17 17 17 17 18 18 18 19 19 19 20 20 18 18 
1 1 1 0 0 0 0 0 0 0 0 1 1 1 1 1 1 2 3 5 7 8 10 10 10 12 12 12 12 12 14 14 14 14 15 12 12 14 14 12 12 14 15 15 15 14 14 14 14 12 12 14 14 15 15 14 14 14 14 14 14 14 15 15 16 17 17 17 18 18 17 16 16 15 14 14 14 14 14 14 15 15 15 16 16 17 18 17 16 16 16 16 16 16 15 17 17 19 19 19 20 19 19 19 19 19 19 19 19 19 19 19 19 19 19 21 19 19 21 20 19 
1 1 1 0 0 0 0 0 0 0 0 1 1 1 1 1 1 2 4 5 7 9 10 11 11 12 13 12 12 14 14 15 15 15 15 15 15 14 14 12 12 14 15 15 15 15 14 14 14 14 14 12 14 14 14 15 14 14 15 14 15 14 14 14 16 17 17 18 18 17 18 16 17 16 15 15 14 12 14 14 15 15 15 16 16 17 18 17 17 17 17 17 16 16 16 17 18 19 19 20 22 19 19 19 19 19 19 19 19 19 19 21 21 21 21 21 21 21 21 22 20 
1 1 1 0 0 0 0 0 0 0 0 1 1 1 2 1 1 2 4 7 7 9 10 11 11 11 12 14 14 14 15 15 16 16 16 15 15 14 14 14 14 14 15 16 15 15 15 15 15 14 14 14 14 14 14 14 14 14 15 14 14 15 15 15 16 17 17 18 17 18 18 17 17 16 16 15 15 14 13 14 14 15 15 16 16 17 18 18 17 17 17 17 17 17 17 18 17 18 19 19 20 20 22 20 20 20 20 20 20 21 21 21 21 21 21 22 21 21 22 22 19 
1 1 1 0 0 0 0 0 0 0 0 1 1 1 2 1 1 2 4 7 7 9 10 11 11 11 12 12 14 14 15 15 15 16 16 15 15 15 15 14 15 15 15 16 16 15 15 15 15 15 14 15 15 14 14 14 14 14 14 14 14 14 15 15 15 16 16 17 17 18 17 17 17 16 16 16 15 14 14 14 14 15 15 16 16 17 18 18 17 17 17 17 17 17 17 18 18 19 19 19 20 20 22 20 20 20 20 20 20 21 21 21 21 21 21 22 21 22 22 22 21 
1 1 1 0 0 0 0 0 0 0 0 0 0 1 1 1 1 3 4 7 8 9 10 11 11 11 12 13 15 14 15 15 15 16 16 16 16 16 16 15 16 16 16 17 16 16 16 16 16 16 16 16 16 15 14 14 14 14 14 14 14 15 15 15 16 16 16 17 17 17 17 17 17 17 17 17 16 15 15 15 15 15 15 16 16 17 18 18 18 18 17 17 17 17 17 18 19 19 19 19 20 20 22 20 20 20 20 20 20 22 22 22 22 22 22 22 22 22 23 22 22 
1 1 1 0 0 0 0 0 0 0 0 0 0 1 1 1 2 3 4 7 8 8 8 9 9 10 11 13 13 12 12 15 15 15 15 15 15 15 16 16 16 17 17 18 17 17 17 17 17 17 17 17 17 16 15 15 14 14 15 15 14 14 15 15 16 16 16 16 16 17 17 17 17 17 18 17 17 16 15 15 14 14 15 15 16 16 17 17 17 18 18 18 18 17 17 18 19 19 19 19 20 20 20 20 20 20 20 20 20 22 22 22 22 23 22 23 23 22 22 22 21 
0 0 0 0 0 0 0 0 0 0 0 0 1 1 1 2 3 4 5 8 9 9 10 9 10 11 12 11 12 12 12 14 14 14 15 15 15 15 15 16 17 18 17 18 17 17 17 17 17 17 17 17 17 17 15 14 14 14 14 14 14 14 15 15 15 16 16 17 17 17 17 17 17 18 18 17 17 16 16 15 15 15 15 15 16 16 17 17 17 18 18 18 18 18 18 18 19 19 19 19 19 19 20 20 20 20 20 20 20 22 22 22 22 23 22 23 23 22 22 23 22 
0 0 0 0 0 0 0 0 0 0 0 0 1 1 1 2 2 4 5 8 9 9 9 10 10 11 11 11 12 12 12 12 12 12 14 14 14 15 15 16 16 17 16 17 17 17 17 17 16 16 16 16 16 16 15 14 15 15 14 14 15 14 15 16 15 16 16 17 17 17 17 17 17 18 18 17 17 17 17 16 16 15 15 15 16 16 16 17 17 18 18 18 18 18 18 19 19 19 19 19 19 19 20 20 20 20 20 20 22 23 23 23 23 23 23 24 23 23 23 24 23 
0 0 0 0 0 0 0 0 0 0 0 0 1 1 1 2 2 5 5 8 9 8 9 9 9 11 11 11 11 12 11 12 12 12 12 14 12 14 15 15 15 16 16 16 17 17 16 16 15 15 16 16 16 17 17 16 16 15 15 15 15 15 15 16 16 17 16 17 17 17 17 17 17 17 17 17 17 17 17 16 16 15 15 15 16 16 16 17 17 18 18 18 18 17 17 19 19 19 19 19 20 20 20 20 20 20 20 20 22 23 23 22 23 23 23 24 23 24 24 24 23 
0 0 0 0 0 0 0 0 0 0 0 0 1 1 1 2 4 5 7 9 10 10 11 11 10 11 11 11 11 11 12 11 11 12 14 14 14 14 14 15 15 15 15 15 15 16 16 15 15 15 15 15 15 16 16 16 16 15 15 15 15 15 16 16 15 17 16 17 18 18 17 17 17 17 18 17 18 17 17 17 16 16 16 16 16 16 16 17 17 18 18 17 17 16 16 18 19 19 19 19 20 20 20 20 20 20 20 22 22 23 23 22 23 24 24 24 23 24 24 24 23 
0 0 0 0 0 0 0 0 0 0 0 0 1 1 1 4 5 7 7 10 11 11 12 12 12 11 11 11 11 12 12 12 12 12 14 14 14 14 14 15 14 14 14 15 14 14 15 15 15 15 15 15 15 15 15 15 15 14 14 14 15 15 15 15 15 16 16 17 18 18 17 18 18 17 18 18 18 18 17 17 16 16 16 16 16 16 17 17 17 18 18 18 18 17 17 18 18 18 18 18 18 18 18 20 20 20 22 22 22 22 23 22 22 23 23 23 23 23 23 24 23 
0 0 0 0 0 0 0 0 0 0 0 0 1 1 1 3 7 8 8 9 11 11 11 12 12 12 11 12 12 12 12 12 12 14 14 14 14 14 14 15 15 15 14 14 14 14 14 14 14 14 14 14 14 14 15 14 14 14 14 14 14 14 14 15 15 15 16 17 18 17 17 17 17 18 18 18 18 18 17 17 16 17 17 17 17 17 17 18 18 19 21 19 19 19 21 21 19 18 17 18 18 18 19 20 20 22 22 22 23 23 24 22 23 23 23 23 23 23 23 24 23 
0 0 0 0 0 0 0 0 0 0 0 0 0 1 1 1 1 2 4 7 9 11 13 13 13 13 13 14 14 14 14 12 14 14 14 14 14 14 14 14 14 15 14 14 14 12 14 14 14 14 14 14 14 14 15 14 14 14 14 12 12 12 14 12 14 14 16 16 16 16 17 17 17 18 18 18 18 18 18 17 17 18 18 18 18 18 18 18 19 21 21 22 22 21 22 22 21 19 18 18 18 19 19 21 21 21 21 22 22 23 24 22 23 23 23 23 23 23 23 24 23 
0 0 0 0 0 0 0 0 0 0 0 0 0 0 1 1 0 1 2 5 9 11 12 12 12 13 15 14 14 12 12 12 12 14 12 14 14 14 15 15 15 15 14 15 14 14 14 14 12 12 14 14 14 14 14 12 12 12 14 12 12 12 12 12 12 14 15 16 16 16 16 16 16 16 17 17 17 18 17 17 17 17 18 17 17 17 18 18 19 21 21 22 22 22 22 22 21 21 21 21 19 19 19 21 21 22 22 22 23 24 24 24 24 24 24 24 24 24 24 25 24 
0 0 0 0 0 0 0 0 0 0 0 0 0 0 0 0 0 1 2 4 8 9 10 11 11 12 14 15 15 12 12 14 14 14 14 14 14 14 15 15 15 15 15 15 14 14 14 14 12 12 12 12 12 12 14 14 14 14 14 14 12 12 12 12 12 12 14 14 14 15 15 15 15 15 16 16 16 17 17 17 17 17 18 17 17 17 17 18 18 18 19 21 22 22 22 21 22 22 22 21 21 21 21 21 21 22 22 22 23 24 25 24 25 24 24 24 24 24 24 24 23 
0 0 0 0 0 0 0 0 0 0 0 0 0 0 0 0 0 1 2 4 5 5 7 8 9 11 12 13 15 14 14 15 15 15 15 15 15 15 15 15 15 16 16 15 15 15 15 14 14 12 12 12 12 12 12 12 12 12 12 12 12 12 12 12 12 12 14 14 14 14 14 14 14 14 15 15 15 16 16 17 16 16 16 16 16 16 17 16 17 17 18 18 18 19 19 19 21 22 22 22 21 21 21 21 21 22 22 22 23 24 25 25 25 24 24 24 24 24 24 23 23 
0 0 0 0 0 0 0 0 0 0 0 0 0 0 0 0 0 1 1 1 2 2 1 3 3 5 7 8 10 12 12 13 15 15 15 16 16 15 15 14 15 16 16 15 15 15 14 14 14 12 12 12 12 12 12 12 12 12 12 12 12 14 14 14 12 12 12 14 12 12 11 12 12 11 12 12 12 14 14 15 15 15 15 15 15 15 16 15 15 16 16 16 17 17 17 18 19 19 19 19 19 19 18 19 19 21 22 22 22 22 23 23 23 23 23 23 23 23 24 23 23 
0 0 0 0 0 0 0 0 0 0 0 0 0 0 0 0 0 1 1 1 1 1 1 2 2 1 2 3 4 6 8 9 10 10 10 11 12 12 15 15 16 17 17 16 15 15 14 14 14 14 14 14 14 14 14 14 14 14 14 14 14 14 15 14 14 14 12 14 12 11 10 11 11 10 10 11 11 12 12 12 14 14 14 15 14 15 15 14 14 15 15 15 16 16 16 17 18 18 17 18 18 17 17 18 19 21 22 22 22 22 23 23 23 23 23 23 23 23 24 23 23 
0 0 0 0 0 0 0 0 0 0 0 0 0 0 0 0 0 1 1 1 1 1 1 1 1 1 1 1 2 2 3 4 4 7 7 7 8 10 12 12 14 16 16 14 15 14 14 14 14 14 14 14 14 14 12 14 14 14 14 14 14 15 15 15 14 14 12 14 12 11 11 10 10 10 10 10 10 11 12 12 12 14 12 14 14 14 14 14 12 14 15 15 16 16 16 16 17 17 17 16 16 17 17 18 19 19 22 22 21 22 22 22 23 23 23 23 22 22 22 23 22 
0 0 0 0 0 0 0 0 0 0 0 0 0 0 0 0 0 1 1 1 1 1 1 1 1 1 1 1 1 2 2 2 2 3 3 4 4 6 7 8 10 12 12 11 11 11 11 11 12 12 12 12 12 12 12 12 12 14 14 14 14 15 15 15 15 14 14 15 14 12 11 12 12 11 12 11 12 12 12 12 12 12 12 14 12 14 14 14 12 15 15 14 15 16 16 16 16 17 16 16 16 17 17 17 18 18 19 21 21 21 21 22 22 22 22 22 22 21 21 22 22 
0 0 0 0 1 0 0 0 0 0 0 0 0 0 0 0 0 1 0 1 0 0 1 1 1 1 1 1 1 1 1 1 1 1 1 1 2 3 3 4 4 5 7 8 8 10 10 11 13 12 12 12 12 12 12 12 12 14 14 16 16 16 17 16 16 15 15 16 15 14 14 14 14 14 15 14 14 14 12 12 12 12 12 13 13 12 12 14 15 15 15 14 14 16 16 15 15 16 16 16 16 17 17 17 17 17 18 19 19 19 19 21 21 21 22 22 22 21 21 19 19 
0 0 0 0 1 0 0 0 0 0 0 0 0 0 0 0 0 0 0 1 0 1 1 1 1 1 1 1 1 1 1 1 1 1 1 1 1 2 2 2 2 2 3 3 3 4 6 5 5 7 8 9 9 11 12 12 12 12 14 15 15 16 16 15 15 15 15 15 15 15 15 15 15 15 15 15 14 14 14 14 14 14 14 13 13 14 15 15 15 15 15 15 14 15 16 16 15 16 16 16 16 16 16 17 17 17 17 18 18 18 21 21 19 21 21 22 21 21 21 19 19 
0 0 0 0 1 0 0 0 0 0 0 0 0 0 0 0 0 0 0 1 1 1 1 1 1 1 0 0 0 0 0 0 0 0 1 1 1 1 1 1 1 1 1 1 1 1 2 2 1 2 4 4 5 9 9 9 9 11 12 12 14 15 15 14 14 15 15 15 15 15 15 16 15 15 16 16 15 16 16 16 16 16 16 15 15 16 16 15 15 16 16 16 16 16 17 16 16 17 17 16 16 15 17 17 17 16 17 17 18 18 19 20 20 21 21 19 21 20 20 19 18 
0 0 0 0 1 0 0 0 0 0 0 0 0 0 0 0 0 0 0 1 1 1 1 1 1 1 0 0 0 1 1 0 0 0 0 0 0 0 0 0 0 0 0 1 1 1 1 1 1 1 2 2 2 4 5 5 8 9 9 9 11 11 12 12 12 15 15 15 15 15 15 16 15 15 16 16 16 17 17 16 16 15 15 15 15 15 16 15 16 16 16 17 17 17 17 17 16 17 17 17 16 16 17 17 17 17 17 17 18 19 19 20 20 19 19 21 21 22 22 19 19 
0 0 0 0 1 0 0 0 0 0 0 0 0 0 0 0 0 0 0 1 1 1 1 1 1 0 0 0 0 0 0 0 0 0 1 1 1 1 1 0 0 0 0 0 0 0 0 0 0 0 0 1 2 2 2 2 2 3 4 5 5 7 8 10 14 14 14 14 15 14 14 14 14 14 15 15 15 16 16 15 15 15 15 15 15 16 16 15 16 17 18 18 17 17 17 17 17 17 17 17 17 18 18 17 18 18 18 19 19 19 19 22 22 22 22 22 22 22 22 21 19 
1 1 1 1 1 1 1 0 0 0 0 0 0 0 0 0 0 0 1 1 1 1 1 1 1 0 0 0 0 0 0 0 1 1 1 1 1 1 1 0 1 1 0 0 0 0 0 0 0 0 1 1 1 1 1 2 2 2 2 3 3 3 5 5 5 7 7 7 7 8 8 9 10 11 12 12 12 14 14 14 14 15 15 15 15 16 16 15 15 17 18 17 17 17 18 17 17 18 18 17 17 18 18 18 18 19 19 19 19 21 21 22 22 23 24 24 24 23 23 21 21 
1 1 1 1 1 1 1 0 0 1 1 1 1 0 0 0 0 0 1 1 1 1 1 1 1 0 0 0 0 0 0 0 1 1 1 1 1 1 1 0 0 0 0 0 0 0 0 1 1 1 1 1 1 1 1 0 0 1 1 1 2 2 3 2 2 2 2 2 2 3 3 4 5 7 8 8 8 10 10 10 11 11 11 11 11 14 14 15 15 15 15 16 17 18 18 17 18 18 18 17 17 18 18 18 18 19 19 21 21 21 21 21 21 22 23 23 23 22 22 22 21 
1 1 1 1 1 1 1 0 0 1 1 1 1 0 0 0 0 0 1 1 1 1 1 1 1 0 0 0 0 0 0 0 1 1 1 1 1 1 1 0 0 0 0 0 0 0 1 1 1 1 1 1 1 1 1 0 0 1 1 2 2 1 1 1 1 1 1 1 1 2 3 2 2 3 3 3 3 5 7 5 7 8 8 9 10 12 14 12 12 15 16 16 16 18 18 18 18 18 18 17 17 17 18 19 19 19 19 21 21 21 21 22 23 23 23 23 23 23 23 22 22 
1 1 2 1 1 1 1 0 0 1 1 1 1 0 0 0 0 0 1 1 1 1 1 1 1 0 0 0 0 0 0 0 1 1 1 1 1 1 1 0 0 0 0 0 0 0 1 1 1 1 1 1 1 1 1 0 0 1 1 1 1 1 1 1 0 0 0 0 0 1 1 1 1 2 2 2 2 2 3 3 4 4 4 5 8 9 9 10 11 11 12 15 12 12 15 18 18 18 18 17 17 16 18 18 19 19 19 21 21 22 22 23 23 23 23 24 24 23 23 23 22 
0 1 3 3 0 0 1 1 0 1 1 1 1 0 0 0 0 1 1 1 1 1 1 1 1 0 0 0 0 0 0 0 1 1 1 1 1 1 1 0 0 0 0 0 0 0 0 1 1 1 0 0 0 0 0 0 0 0 0 1 1 1 1 0 0 0 0 0 0 1 1 1 1 1 1 1 1 1 1 2 2 2 2 2 2 3 3 9 10 10 9 10 11 11 12 15 13 15 15 15 16 16 16 16 16 17 17 18 18 18 19 19 21 21 21 21 21 21 22 22 22 
1 2 2 3 0 1 1 1 0 1 1 1 1 0 0 0 0 1 1 1 1 1 1 1 1 0 0 0 0 0 0 0 1 1 1 1 1 1 1 0 0 0 0 0 0 0 0 0 0 1 0 0 0 0 0 0 0 0 0 1 1 0 0 0 0 0 0 0 0 0 0 0 0 0 0 0 0 1 1 1 1 1 1 1 1 1 2 5 5 4 4 4 4 6 7 8 9 9 9 12 13 13 13 13 13 14 14 14 15 16 16 16 17 17 17 18 17 17 16 17 18 
9 10 11 10 5 2 1 1 0 1 1 1 1 0 0 0 0 1 1 1 1 1 1 1 1 0 0 0 0 0 0 0 1 1 1 1 1 1 1 0 0 0 0 0 0 0 0 0 0 0 0 0 0 0 0 0 0 0 0 0 0 0 0 0 0 0 0 0 0 0 0 0 0 0 0 0 0 1 1 1 1 1 1 1 1 2 2 3 3 2 2 2 2 3 4 4 3 3 3 5 6 6 8 8 9 9 10 10 10 10 10 10 10 11 12 12 11 11 11 9 16 
22 23 23 18 11 1 0 1 0 1 1 1 1 1 1 0 0 1 1 1 1 1 1 1 1 0 0 0 0 0 0 0 1 1 1 1 1 1 1 0 0 0 0 0 0 0 0 0 0 0 0 0 0 0 0 0 0 0 0 0 0 0 0 0 0 0 0 0 0 0 0 0 0 0 0 0 0 0 0 0 0 0 0 0 0 0 0 1 1 1 1 1 1 1 1 1 1 1 1 2 2 2 1 2 2 3 4 4 4 5 5 5 5 5 5 7 8 7 5 4 11 
37 38 36 25 16 3 1 0 1 1 1 1 1 1 1 0 0 1 1 1 1 1 1 1 1 0 0 0 0 0 0 0 1 1 1 1 1 1 1 0 0 0 0 0 0 0 0 0 0 0 0 0 0 0 0 0 0 0 0 0 0 0 0 0 0 0 0 0 0 0 0 0 0 0 0 0 0 0 0 0 0 0 0 0 0 0 0 1 1 1 1 1 1 1 1 1 1 1 1 2 2 1 1 1 1 1 2 2 2 2 2 2 2 2 2 2 2 2 2 3 7 
44 45 44 33 19 4 2 1 1 0 0 1 1 0 0 0 0 0 0 0 0 0 0 1 0 0 0 0 0 0 0 0 1 1 1 1 1 1 1 0 0 0 0 0 0 0 0 0 0 0 0 0 0 0 0 0 0 0 0 0 0 0 0 0 0 0 0 0 0 0 0 0 0 0 0 0 0 0 0 0 0 0 0 0 0 0 0 0 0 1 1 1 1 1 1 0 0 0 0 1 1 0 0 1 1 1 1 1 1 1 1 1 1 1 1 1 1 1 1 1 5 
53 52 50 37 21 7 2 1 0 0 0 1 1 0 0 0 0 0 0 0 0 0 0 1 0 0 0 0 0 0 0 0 1 1 1 1 1 1 1 0 0 0 0 0 0 0 0 0 0 0 0 0 0 0 0 0 0 0 0 0 0 0 0 0 0 0 0 0 0 0 0 0 0 0 0 0 0 0 0 0 0 0 0 0 0 0 0 0 0 1 1 1 1 1 1 0 0 0 0 1 1 1 1 1 1 1 1 1 1 1 1 1 1 1 1 1 1 1 1 2 7 
53 51 46 38 25 10 3 1 0 0 0 1 1 0 0 0 0 0 0 0 0 0 0 1 1 1 1 1 1 1 1 1 1 1 1 1 1 1 1 0 0 0 0 0 0 0 0 0 0 0 0 0 0 0 0 0 0 0 0 0 0 0 0 0 0 0 0 0 0 0 0 0 0 0 0 0 0 0 0 0 0 0 0 0 0 0 0 0 0 0 0 0 0 0 0 0 0 0 0 0 0 1 1 1 1 1 1 1 1 1 1 1 1 1 1 1 1 1 1 1 7 
64 60 49 38 24 7 2 1 0 0 1 1 1 0 0 0 0 0 0 0 0 0 0 0 0 0 0 0 0 0 0 0 0 0 0 0 0 0 0 0 0 0 0 0 0 0 0 0 0 0 0 0 0 0 0 0 0 0 0 0 0 0 0 0 0 0 0 0 0 0 0 0 0 0 0 0 0 0 0 0 0 0 0 0 0 0 0 0 0 0 0 0 0 0 0 0 0 0 0 0 0 0 0 1 1 1 1 1 1 1 1 0 0 1 1 1 1 1 1 1 4 
65 56 45 35 21 7 1 1 1 1 1 1 1 1 1 1 1 0 0 0 0 0 0 0 0 0 0 0 0 0 0 0 0 0 0 0 0 0 0 0 0 0 0 0 0 0 0 0 0 0 0 0 0 0 0 0 0 0 0 0 0 0 0 0 0 0 0 0 0 0 0 0 0 0 0 0 0 0 0 0 0 0 0 0 0 0 0 0 0 0 0 0 0 0 0 0 0 0 0 0 0 0 0 1 1 1 1 1 1 1 1 1 1 1 1 1 1 1 1 1 2 
54 49 42 33 22 9 2 1 0 1 1 1 1 1 1 1 1 0 0 0 0 0 0 0 0 0 0 0 0 0 0 0 0 0 0 0 0 0 0 0 0 0 0 0 0 0 0 0 0 0 0 0 0 0 0 0 0 0 0 0 0 0 0 0 0 0 0 0 0 0 0 0 0 0 0 0 0 0 0 0 0 0 0 0 0 0 0 0 0 0 0 0 0 0 0 0 0 0 0 0 0 0 0 1 1 1 1 1 1 1 1 1 1 1 1 1 1 1 1 1 3 
47 46 42 35 23 9 2 1 0 1 1 1 1 1 1 1 1 0 0 0 0 0 0 0 0 0 0 0 0 0 0 0 0 0 0 0 0 0 0 0 0 0 0 0 0 0 0 0 0 0 0 0 0 0 0 0 0 0 0 0 0 0 0 0 0 0 0 0 0 0 0 0 0 0 0 0 0 0 0 0 0 0 0 0 0 0 0 0 0 0 0 0 0 0 0 0 0 0 0 0 0 0 0 1 1 1 1 1 1 1 1 1 1 1 1 1 1 1 1 1 4 
45 45 42 36 24 9 2 1 1 1 1 1 1 1 1 1 1 0 0 0 0 0 0 0 0 0 0 0 0 0 0 0 0 0 0 0 0 0 0 0 0 0 0 0 0 0 0 0 0 0 0 0 0 0 0 0 0 0 0 0 0 0 0 0 0 0 0 0 0 0 0 0 0 0 0 0 0 0 0 0 0 0 0 0 0 0 0 0 0 0 0 0 0 0 0 0 0 0 0 0 0 0 0 1 1 1 1 1 1 1 1 1 1 1 1 1 1 1 1 1 4 
43 45 43 36 25 10 3 1 1 1 1 1 1 1 1 1 1 0 0 0 0 0 0 0 0 0 0 0 0 0 0 0 0 0 0 0 0 0 0 0 0 0 0 0 0 0 0 0 0 0 0 0 0 0 0 0 0 0 0 0 0 0 0 0 0 0 0 0 0 0 0 0 0 0 0 0 0 0 0 0 0 0 0 0 0 0 0 0 0 0 0 0 0 0 0 0 0 0 0 0 0 0 0 1 1 1 1 1 1 1 1 1 1 1 1 1 1 1 0 2 5 
44 45 44 37 26 10 3 2 1 1 1 1 1 1 1 1 1 0 0 0 0 0 0 0 0 0 0 0 0 0 0 0 0 0 0 0 0 0 0 0 0 0 0 0 0 0 0 0 0 0 0 0 0 0 0 0 0 0 0 0 0 0 0 0 0 0 0 0 0 0 0 0 0 0 0 0 0 0 0 0 0 0 0 0 0 0 0 0 0 0 0 0 0 0 0 0 0 0 0 0 0 0 0 1 1 1 1 1 1 1 1 1 1 1 1 1 1 1 0 2 5 
44 44 44 39 29 10 4 3 2 1 1 1 1 1 1 0 0 0 0 0 0 0 0 0 0 0 0 0 0 0 0 0 0 0 0 0 0 0 0 0 0 0 0 0 0 0 0 0 0 0 0 0 0 0 0 0 0 0 0 0 0 0 0 0 0 0 0 0 0 0 0 0 0 0 0 0 0 0 0 0 0 0 0 0 0 0 0 0 0 0 0 0 0 0 0 0 0 0 0 0 0 0 0 1 1 1 1 1 1 1 1 1 1 1 1 1 1 1 1 1 5 
45 45 44 42 31 15 4 3 2 1 1 1 1 1 1 0 0 1 1 1 1 1 1 0 0 0 0 0 0 0 0 0 0 0 0 0 0 0 0 0 0 0 0 0 0 0 0 0 0 0 0 0 0 0 0 0 0 0 0 0 0 0 0 0 0 0 0 0 0 0 0 0 0 0 0 0 0 0 0 0 0 0 0 0 0 0 0 0 0 0 0 0 0 0 0 0 0 0 0 0 0 0 0 1 1 1 1 1 1 1 1 1 1 1 1 1 1 1 1 1 7 
